date;hour;LC;LAI;SAI;T2;RH;VPD;PS;ZEN;RAIN;dsnow;PARdbh;PARdif;PARsun;PARshade;Hd;LE;UREF;USTmod;UST;LAIsunfrac;Fphen;Flight;Fsun;Ftemp;Fvpd;FSW;Fenv;gsto;gsun;FstO3;Ra;Rb;Gns;Gsto;Rsur;Vg3NH3;NH3_ppb
01/01/2019,00:00,9,2.006,2.506,4.729,.944,.048, 9.839E+02, 1.411E+02, 0.000E+00, 3.586E-02, 0.000E+00, 0.000E+00, 0.000E+00, 0.000E+00,-8.460E+01,-1.166E+01, 6.350E+00, 8.746E-01, 3.655E-01,-9.990E+02, 1.000E+00,-9.990E+02, 0.000E+00, 0.000E+00, 0.000E+00, 1.000E+00, 0.000E+00, 0.000E+00, 0.000E+00, 0.000E+00, 4.753E+01, 1.870E+01, 1.429E-02, 0.000E+00, 7.000E+01, 8.396E-03, 9.637E-02
01/01/2019,01:00,9,2.006,2.506,4.729,.944,.048, 9.839E+02, 1.368E+02, 0.000E+00, 3.586E-02, 0.000E+00, 0.000E+00, 0.000E+00, 0.000E+00,-8.460E+01,-1.166E+01, 6.350E+00, 8.746E-01, 3.655E-01,-9.990E+02, 1.000E+00,-9.990E+02, 0.000E+00, 0.000E+00, 0.000E+00, 1.000E+00, 0.000E+00, 0.000E+00, 0.000E+00, 0.000E+00, 4.753E+01, 1.870E+01, 1.429E-02, 0.000E+00, 7.000E+01, 8.396E-03, 7.965E-02
01/01/2019,02:00,9,2.006,2.506,4.729,.944,.048, 9.839E+02, 1.308E+02, 0.000E+00, 3.586E-02, 0.000E+00, 0.000E+00, 0.000E+00, 0.000E+00,-8.460E+01,-1.166E+01, 6.350E+00, 8.746E-01, 3.655E-01,-9.990E+02, 1.000E+00,-9.990E+02, 0.000E+00, 0.000E+00, 0.000E+00, 1.000E+00, 0.000E+00, 0.000E+00, 0.000E+00, 0.000E+00, 4.753E+01, 1.870E+01, 1.429E-02, 0.000E+00, 7.000E+01, 8.396E-03, 7.685E-02
01/01/2019,03:00,9,2.006,2.506,4.729,.944,.048, 9.839E+02, 1.238E+02, 7.905E-02, 3.586E-02, 0.000E+00, 0.000E+00, 0.000E+00, 0.000E+00,-1.109E+02,-5.011E+00, 6.350E+00, 7.483E-01, 3.536E-01,-9.990E+02, 1.000E+00,-9.990E+02, 0.000E+00, 0.000E+00, 0.000E+00, 1.000E+00, 0.000E+00, 0.000E+00, 0.000E+00, 0.000E+00, 5.079E+01, 1.933E+01, 1.429E-02, 0.000E+00, 7.000E+01, 8.270E-03, 7.209E-02
01/01/2019,04:00,9,2.006,2.506,3.854,.939,.050, 9.832E+02, 1.164E+02, 7.905E-02, 3.459E-02, 0.000E+00, 0.000E+00, 0.000E+00, 0.000E+00,-1.109E+02,-5.011E+00, 5.777E+00, 7.474E-01, 3.216E-01,-9.990E+02, 1.000E+00,-9.990E+02, 0.000E+00, 0.000E+00, 0.000E+00, 1.000E+00, 0.000E+00, 0.000E+00, 0.000E+00, 0.000E+00, 5.586E+01, 2.125E+01, 1.429E-02, 0.000E+00, 7.000E+01, 7.938E-03, 7.141E-02
01/01/2019,05:00,9,2.006,2.506,2.979,.933,.051, 9.824E+02, 1.090E+02, 7.905E-02, 3.332E-02, 0.000E+00, 0.000E+00, 0.000E+00, 0.000E+00,-1.109E+02,-5.011E+00, 5.408E+00, 7.465E-01, 3.009E-01,-9.990E+02, 1.000E+00,-9.990E+02, 0.000E+00, 0.000E+00, 0.000E+00, 1.000E+00, 0.000E+00, 0.000E+00, 0.000E+00, 0.000E+00, 5.971E+01, 2.271E+01, 1.429E-02, 0.000E+00, 7.000E+01, 7.703E-03, 8.536E-02
01/01/2019,06:00,9,2.006,2.506,2.104,.927,.052, 9.817E+02, 1.019E+02, 6.923E-02, 3.205E-02, 0.000E+00, 0.000E+00, 0.000E+00, 0.000E+00,-7.940E+01, 1.863E+01, 5.283E+00, 6.453E-01, 2.920E-01,-9.990E+02, 1.000E+00,-9.990E+02, 0.000E+00, 0.000E+00, 0.000E+00, 1.000E+00, 0.000E+00, 0.000E+00, 0.000E+00, 0.000E+00, 6.196E+01, 2.341E+01, 1.429E-02, 0.000E+00, 7.000E+01, 7.594E-03, 1.127E-01
01/01/2019,07:00,9,2.006,2.506,1.690,.930,.048, 9.818E+02, 9.555E+01, 6.923E-02, 3.154E-02, 0.000E+00, 0.000E+00, 0.000E+00, 0.000E+00,-7.940E+01, 1.863E+01, 4.708E+00, 6.448E-01, 2.602E-01,-9.990E+02, 1.000E+00,-9.990E+02, 0.000E+00, 0.000E+00, 0.000E+00, 1.000E+00, 0.000E+00, 0.000E+00, 0.000E+00, 0.000E+00, 6.956E+01, 2.627E+01, 1.429E-02, 0.000E+00, 7.000E+01, 7.182E-03, 1.360E-01
01/01/2019,08:00,9,2.006,2.506,1.276,.933,.045, 9.819E+02, 9.021E+01, 6.923E-02, 3.103E-02, 0.000E+00, 0.000E+00, 0.000E+00, 0.000E+00,-7.940E+01, 1.863E+01, 4.166E+00, 6.443E-01, 2.302E-01,-9.990E+02, 1.000E+00,-9.990E+02, 0.000E+00, 0.000E+00, 0.000E+00, 1.000E+00, 0.000E+00, 0.000E+00, 0.000E+00, 0.000E+00, 7.863E+01, 2.970E+01, 1.429E-02, 0.000E+00, 7.000E+01, 6.745E-03, 1.501E-01
01/01/2019,09:00,9,2.006,2.506,.862,.936,.042, 9.820E+02, 8.617E+01, 1.719E-03, 3.052E-02, 2.689E+00, 1.566E+01, 2.722E+01, 7.099E+00,-4.341E+01, 1.127E+01, 3.673E+00, 4.624E-01, 1.964E-01, 6.665E-02, 1.000E+00, 2.812E-01, 6.735E-01, 1.000E-02, 1.000E+00, 1.000E+00, 2.812E-03, 1.730E-05, 4.143E-05, 0.000E+00, 9.524E+01, 3.481E+01, 1.255E-02, 4.758E-05, 7.939E+01, 5.834E-03, 1.563E-01
01/01/2019,10:00,9,2.006,2.506,.970,.925,.049, 9.824E+02, 8.370E+01, 1.719E-03, 3.052E-02, 1.259E+01, 2.528E+01, 6.928E+01, 1.191E+01,-4.341E+01, 1.127E+01, 3.684E+00, 4.624E-01, 1.970E-01, 1.094E-01, 1.000E+00, 4.481E-01, 9.421E-01, 1.000E-02, 1.000E+00, 1.000E+00, 4.481E-03, 2.757E-05, 5.798E-05, 0.000E+00, 9.495E+01, 3.470E+01, 1.387E-02, 7.584E-05, 7.168E+01, 6.119E-03, 1.702E-01
01/01/2019,11:00,9,2.006,2.506,1.079,.915,.056, 9.829E+02, 8.298E+01, 1.719E-03, 3.052E-02, 1.655E+01, 2.795E+01, 8.102E+01, 1.331E+01,-4.341E+01, 1.127E+01, 3.713E+00, 4.624E-01, 1.985E-01, 1.218E-01, 1.000E+00, 4.877E-01, 9.643E-01, 1.000E-02, 1.000E+00, 1.000E+00, 4.877E-03, 3.002E-05, 5.936E-05, 0.000E+00, 9.420E+01, 3.443E+01, 1.429E-02, 8.257E-05, 6.960E+01, 6.226E-03, 1.863E-01
01/01/2019,12:00,9,2.006,2.506,1.188,.905,.063, 9.834E+02, 8.407E+01, 0.000E+00, 3.052E-02, 1.086E+01, 2.426E+01, 6.392E+01, 1.137E+01,-7.341E+01, 2.516E+01, 3.759E+00, 5.655E-01, 2.025E-01, 1.030E-01, 1.000E+00, 4.305E-01, 9.279E-01, 1.000E-02, 1.000E+00, 1.000E+00, 4.305E-03, 2.651E-05, 5.714E-05, 0.000E+00, 9.163E+01, 3.375E+01, 1.429E-02, 7.293E-05, 6.964E+01, 6.297E-03, 2.095E-01
01/01/2019,13:00,9,2.006,2.506,1.026,.894,.070, 9.844E+02, 8.688E+01, 0.000E+00, 2.823E-02, 1.197E+00, 1.299E+01, 1.683E+01, 5.828E+00,-7.341E+01, 2.516E+01, 4.140E+00, 5.650E-01, 2.231E-01, 5.428E-02, 1.000E+00, 2.287E-01, 4.994E-01, 1.000E-02, 1.000E+00, 1.000E+00, 2.287E-03, 1.408E-05, 3.074E-05, 0.000E+00, 8.321E+01, 3.064E+01, 1.429E-02, 3.871E-05, 6.981E+01, 6.633E-03, 2.209E-01
01/01/2019,14:00,9,2.006,2.506,.864,.883,.076, 9.854E+02, 9.121E+01, 0.000E+00, 2.594E-02, 0.000E+00, 0.000E+00, 0.000E+00, 0.000E+00,-7.341E+01, 2.516E+01, 4.602E+00, 5.646E-01, 2.479E-01,-9.990E+02, 1.000E+00,-9.990E+02, 0.000E+00, 0.000E+00, 0.000E+00, 1.000E+00, 0.000E+00, 0.000E+00, 0.000E+00, 0.000E+00, 7.488E+01, 2.757E+01, 1.257E-02, 0.000E+00, 7.954E+01, 6.563E-03, 2.216E-01
01/01/2019,15:00,9,2.006,2.506,.702,.872,.082, 9.865E+02, 9.679E+01, 0.000E+00, 2.365E-02, 0.000E+00, 0.000E+00, 0.000E+00, 0.000E+00,-9.903E+01, 3.079E+01, 5.123E+00, 8.275E-01, 2.915E-01,-9.990E+02, 1.000E+00,-9.990E+02, 0.000E+00, 0.000E+00, 0.000E+00, 1.000E+00, 0.000E+00, 0.000E+00, 0.000E+00, 0.000E+00, 6.031E+01, 2.345E+01, 1.100E-02, 0.000E+00, 9.088E+01, 6.556E-03, 2.064E-01
01/01/2019,16:00,9,2.006,2.506,1.096,.857,.095, 9.879E+02, 1.033E+02, 0.000E+00, 2.365E-02, 0.000E+00, 0.000E+00, 0.000E+00, 0.000E+00,-9.903E+01, 3.079E+01, 5.525E+00, 8.275E-01, 3.144E-01,-9.990E+02, 1.000E+00,-9.990E+02, 0.000E+00, 0.000E+00, 0.000E+00, 1.000E+00, 0.000E+00, 0.000E+00, 0.000E+00, 0.000E+00, 5.591E+01, 2.174E+01, 1.429E-02, 0.000E+00, 7.000E+01, 7.865E-03, 1.724E-01
01/01/2019,17:00,9,2.006,2.506,1.491,.842,.108, 9.894E+02, 1.105E+02, 0.000E+00, 2.365E-02, 0.000E+00, 0.000E+00, 0.000E+00, 0.000E+00,-9.903E+01, 3.079E+01, 6.006E+00, 8.274E-01, 3.417E-01,-9.990E+02, 1.000E+00,-9.990E+02, 0.000E+00, 0.000E+00, 0.000E+00, 1.000E+00, 0.000E+00, 0.000E+00, 0.000E+00, 0.000E+00, 5.142E+01, 2.000E+01, 1.429E-02, 0.000E+00, 7.000E+01, 8.159E-03, 2.023E-01
01/01/2019,18:00,9,2.006,2.506,1.886,.827,.121, 9.908E+02, 1.179E+02, 6.597E-02, 2.365E-02, 0.000E+00, 0.000E+00, 0.000E+00, 0.000E+00,-5.506E+01, 2.923E+01, 6.548E+00, 1.220E+00, 3.860E-01,-9.990E+02, 1.000E+00,-9.990E+02, 0.000E+00, 0.000E+00, 0.000E+00, 1.000E+00, 0.000E+00, 0.000E+00, 0.000E+00, 0.000E+00, 4.395E+01, 1.771E+01, 1.429E-02, 0.000E+00, 7.000E+01, 8.591E-03, 2.150E-01
01/01/2019,19:00,9,2.006,2.506,1.245,.775,.150, 9.930E+02, 1.253E+02, 6.597E-02, 2.365E-02, 0.000E+00, 0.000E+00, 0.000E+00, 0.000E+00,-5.506E+01, 2.923E+01, 7.377E+00, 1.217E+00, 4.348E-01,-9.990E+02, 1.000E+00,-9.990E+02, 0.000E+00, 0.000E+00, 0.000E+00, 1.000E+00, 0.000E+00, 0.000E+00, 0.000E+00, 0.000E+00, 3.902E+01, 1.572E+01, 1.429E-02, 0.000E+00, 7.000E+01, 8.994E-03, 1.310E-01
01/01/2019,20:00,9,2.006,2.506,.604,.724,.176, 9.953E+02, 1.321E+02, 6.597E-02, 2.365E-02, 0.000E+00, 0.000E+00, 0.000E+00, 0.000E+00,-5.506E+01, 2.923E+01, 8.231E+00, 1.214E+00, 4.852E-01,-9.990E+02, 1.000E+00,-9.990E+02, 0.000E+00, 0.000E+00, 0.000E+00, 1.000E+00, 0.000E+00, 0.000E+00, 0.000E+00, 0.000E+00, 3.497E+01, 1.409E+01, 1.023E-02, 0.000E+00, 9.774E+01, 7.427E-03, 9.851E-02
01/01/2019,21:00,9,2.006,2.506,-.037,.673,.199, 9.975E+02, 1.378E+02, 1.219E-01, 2.365E-02, 0.000E+00, 0.000E+00, 0.000E+00, 0.000E+00,-4.345E+01, 2.356E+01, 9.105E+00, 1.456E+00, 5.389E-01,-9.990E+02, 1.000E+00,-9.990E+02, 0.000E+00, 0.000E+00, 0.000E+00, 1.000E+00, 0.000E+00, 0.000E+00, 0.000E+00, 0.000E+00, 3.135E+01, 1.268E+01, 7.012E-03, 0.000E+00, 1.426E+02, 5.687E-03, 8.100E-02
01/01/2019,22:00,9,2.006,2.506,-.217,.670,.198, 9.991E+02, 1.416E+02, 1.219E-01, 2.416E-02, 0.000E+00, 0.000E+00, 0.000E+00, 0.000E+00,-4.345E+01, 2.356E+01, 9.301E+00, 1.455E+00, 5.505E-01,-9.990E+02, 1.000E+00,-9.990E+02, 0.000E+00, 0.000E+00, 0.000E+00, 1.000E+00, 0.000E+00, 0.000E+00, 0.000E+00, 0.000E+00, 3.069E+01, 1.242E+01, 6.445E-03, 0.000E+00, 1.552E+02, 5.328E-03, 6.825E-02
01/01/2019,23:00,9,2.006,2.506,-.396,.668,.197, 1.001E+03, 1.428E+02, 1.219E-01, 2.467E-02, 0.000E+00, 0.000E+00, 0.000E+00, 0.000E+00,-4.345E+01, 2.356E+01, 9.503E+00, 1.453E+00, 5.624E-01,-9.990E+02, 1.000E+00,-9.990E+02, 0.000E+00, 0.000E+00, 0.000E+00, 1.000E+00, 0.000E+00, 0.000E+00, 0.000E+00, 0.000E+00, 3.004E+01, 1.215E+01, 5.963E-03, 0.000E+00, 1.677E+02, 5.011E-03, 6.273E-02
02/01/2019,00:00,9,2.016,2.516,-.575,.666,.196, 1.002E+03, 1.411E+02, 1.732E-02, 2.518E-02, 0.000E+00, 0.000E+00, 0.000E+00, 0.000E+00,-9.560E+01, 4.705E+01, 9.708E+00, 1.615E+00, 5.734E-01,-9.990E+02, 1.000E+00,-9.990E+02, 0.000E+00, 0.000E+00, 0.000E+00, 1.000E+00, 0.000E+00, 0.000E+00, 0.000E+00, 0.000E+00, 2.953E+01, 1.192E+01, 5.547E-03, 0.000E+00, 1.803E+02, 4.728E-03, 5.685E-02
02/01/2019,01:00,9,2.016,2.516,-.857,.625,.216, 1.004E+03, 1.368E+02, 1.732E-02, 2.950E-02, 0.000E+00, 0.000E+00, 0.000E+00, 0.000E+00,-9.560E+01, 4.705E+01, 9.800E+00, 1.613E+00, 5.788E-01,-9.990E+02, 1.000E+00,-9.990E+02, 0.000E+00, 0.000E+00, 0.000E+00, 1.000E+00, 0.000E+00, 0.000E+00, 0.000E+00, 0.000E+00, 2.925E+01, 1.181E+01, 5.000E-03, 0.000E+00, 2.000E+02, 4.330E-03, 6.157E-02
02/01/2019,02:00,9,2.016,2.516,-1.140,.583,.234, 1.006E+03, 1.308E+02, 1.732E-02, 3.383E-02, 0.000E+00, 0.000E+00, 0.000E+00, 0.000E+00,-9.560E+01, 4.705E+01, 9.896E+00, 1.611E+00, 5.845E-01,-9.990E+02, 1.000E+00,-9.990E+02, 0.000E+00, 0.000E+00, 0.000E+00, 1.000E+00, 0.000E+00, 0.000E+00, 0.000E+00, 0.000E+00, 2.897E+01, 1.170E+01, 1.429E-03, 0.000E+00, 7.000E+02, 1.369E-03, 7.057E-02
02/01/2019,03:00,9,2.016,2.516,-1.422,.542,.252, 1.007E+03, 1.238E+02, 1.531E-03, 3.815E-02, 0.000E+00, 0.000E+00, 0.000E+00, 0.000E+00,-1.061E+02, 3.514E+01, 9.996E+00, 1.444E+00, 5.886E-01,-9.990E+02, 1.000E+00,-9.990E+02, 0.000E+00, 0.000E+00, 0.000E+00, 1.000E+00, 0.000E+00, 0.000E+00, 0.000E+00, 0.000E+00, 2.885E+01, 1.161E+01, 1.429E-03, 0.000E+00, 7.000E+02, 1.369E-03, 6.525E-02
02/01/2019,04:00,9,2.016,2.516,-1.655,.539,.250, 1.009E+03, 1.164E+02, 1.531E-03, 3.789E-02, 0.000E+00, 0.000E+00, 0.000E+00, 0.000E+00,-1.061E+02, 3.514E+01, 9.669E+00, 1.442E+00, 5.693E-01,-9.990E+02, 1.000E+00,-9.990E+02, 0.000E+00, 0.000E+00, 0.000E+00, 1.000E+00, 0.000E+00, 0.000E+00, 0.000E+00, 0.000E+00, 2.983E+01, 1.201E+01, 1.429E-03, 0.000E+00, 7.000E+02, 1.367E-03, 7.292E-02
02/01/2019,05:00,9,2.016,2.516,-1.889,.536,.247, 1.010E+03, 1.089E+02, 1.531E-03, 3.764E-02, 0.000E+00, 0.000E+00, 0.000E+00, 0.000E+00,-1.061E+02, 3.514E+01, 9.342E+00, 1.441E+00, 5.501E-01,-9.990E+02, 1.000E+00,-9.990E+02, 0.000E+00, 0.000E+00, 0.000E+00, 1.000E+00, 0.000E+00, 0.000E+00, 0.000E+00, 0.000E+00, 3.088E+01, 1.243E+01, 1.429E-03, 0.000E+00, 7.000E+02, 1.365E-03, 8.477E-02
02/01/2019,06:00,9,2.016,2.516,-2.122,.532,.245, 1.012E+03, 1.019E+02, 3.859E-03, 3.739E-02, 0.000E+00, 0.000E+00, 0.000E+00, 0.000E+00,-6.830E+01, 3.574E+01, 9.016E+00, 1.291E+00, 5.314E-01,-9.990E+02, 1.000E+00,-9.990E+02, 0.000E+00, 0.000E+00, 0.000E+00, 1.000E+00, 0.000E+00, 0.000E+00, 0.000E+00, 0.000E+00, 3.193E+01, 1.286E+01, 1.429E-03, 0.000E+00, 7.000E+02, 1.363E-03, 1.114E-01
02/01/2019,07:00,9,2.016,2.516,-2.087,.531,.246, 1.013E+03, 9.552E+01, 3.859E-03, 3.713E-02, 0.000E+00, 0.000E+00, 0.000E+00, 0.000E+00,-6.830E+01, 3.574E+01, 8.580E+00, 1.290E+00, 5.056E-01,-9.990E+02, 1.000E+00,-9.990E+02, 0.000E+00, 0.000E+00, 0.000E+00, 1.000E+00, 0.000E+00, 0.000E+00, 0.000E+00, 0.000E+00, 3.356E+01, 1.352E+01, 1.429E-03, 0.000E+00, 7.000E+02, 1.360E-03, 1.356E-01
02/01/2019,08:00,9,2.016,2.516,-2.051,.529,.248, 1.014E+03, 9.016E+01, 3.859E-03, 3.688E-02, 0.000E+00, 0.000E+00, 0.000E+00, 0.000E+00,-6.830E+01, 3.574E+01, 8.144E+00, 1.289E+00, 4.799E-01,-9.990E+02, 1.000E+00,-9.990E+02, 0.000E+00, 0.000E+00, 0.000E+00, 1.000E+00, 0.000E+00, 0.000E+00, 0.000E+00, 0.000E+00, 3.536E+01, 1.424E+01, 1.429E-03, 0.000E+00, 7.000E+02, 1.356E-03, 1.452E-01
02/01/2019,09:00,9,2.016,2.516,-2.016,.527,.249, 1.016E+03, 8.610E+01, 9.603E-04, 3.662E-02, 2.663E+00, 1.624E+01, 2.692E+01, 7.331E+00,-4.467E+01, 3.076E+01, 7.708E+00, 1.107E+00, 4.542E-01, 6.742E-02, 1.000E+00, 2.879E-01, 6.696E-01, 1.000E-02, 1.000E+00, 1.000E+00, 2.879E-03, 1.752E-05, 4.076E-05, 0.000E+00, 3.737E+01, 1.505E+01, 1.429E-03, 4.846E-05, 6.770E+02, 1.396E-03, 1.519E-01
02/01/2019,10:00,9,2.016,2.516,-2.060,.534,.245, 1.016E+03, 8.362E+01, 9.603E-04, 3.662E-02, 1.256E+01, 2.611E+01, 6.873E+01, 1.224E+01,-4.467E+01, 3.076E+01, 7.339E+00, 1.107E+00, 4.324E-01, 1.102E-01, 1.000E+00, 4.557E-01, 9.408E-01, 1.000E-02, 1.000E+00, 1.000E+00, 4.557E-03, 2.773E-05, 5.725E-05, 0.000E+00, 3.925E+01, 1.581E+01, 1.429E-03, 7.669E-05, 6.643E+02, 1.417E-03, 1.706E-01
02/01/2019,11:00,9,2.016,2.516,-2.104,.540,.241, 1.017E+03, 8.289E+01, 9.603E-04, 3.662E-02, 1.659E+01, 2.890E+01, 8.068E+01, 1.369E+01,-4.467E+01, 3.076E+01, 6.975E+00, 1.106E+00, 4.109E-01, 1.228E-01, 1.000E+00, 4.960E-01, 9.638E-01, 1.000E-02, 1.000E+00, 1.000E+00, 4.960E-03, 3.018E-05, 5.864E-05, 0.000E+00, 4.130E+01, 1.663E+01, 1.429E-03, 8.345E-05, 6.614E+02, 1.419E-03, 1.837E-01
02/01/2019,12:00,9,2.016,2.516,-2.148,.547,.237, 1.017E+03, 8.396E+01, 0.000E+00, 3.662E-02, 1.080E+01, 2.479E+01, 6.289E+01, 1.156E+01,-6.962E+01, 1.588E+01, 6.615E+00, 7.866E-01, 3.796E-01, 1.043E-01, 1.000E+00, 4.355E-01, 9.247E-01, 1.000E-02, 1.000E+00, 1.000E+00, 4.355E-03, 2.649E-05, 5.626E-05, 0.000E+00, 4.590E+01, 1.801E+01, 1.429E-03, 7.326E-05, 6.659E+02, 1.402E-03, 1.977E-01
02/01/2019,13:00,9,2.016,2.516,-2.739,.590,.205, 1.018E+03, 8.676E+01, 0.000E+00, 3.383E-02, 1.264E+00, 1.353E+01, 1.723E+01, 6.054E+00,-6.962E+01, 1.588E+01, 5.842E+00, 7.854E-01, 3.353E-01, 5.605E-02, 1.000E+00, 2.365E-01, 5.078E-01, 1.000E-02, 1.000E+00, 1.000E+00, 2.365E-03, 1.436E-05, 3.083E-05, 0.000E+00, 5.198E+01, 2.039E+01, 1.429E-03, 3.970E-05, 6.811E+02, 1.361E-03, 2.183E-01
02/01/2019,14:00,9,2.016,2.516,-3.331,.634,.175, 1.019E+03, 9.108E+01, 0.000E+00, 3.103E-02, 0.000E+00, 0.000E+00, 0.000E+00, 0.000E+00,-6.962E+01, 1.588E+01, 5.151E+00, 7.843E-01, 2.956E-01,-9.990E+02, 1.000E+00,-9.990E+02, 0.000E+00, 0.000E+00, 0.000E+00, 1.000E+00, 0.000E+00, 0.000E+00, 0.000E+00, 0.000E+00, 5.897E+01, 2.313E+01, 1.429E-03, 0.000E+00, 7.000E+02, 1.315E-03, 2.457E-01
02/01/2019,15:00,9,2.016,2.516,-3.922,.677,.148, 1.019E+03, 9.666E+01, 1.280E-03, 2.823E-02, 0.000E+00, 0.000E+00, 0.000E+00, 0.000E+00,-4.790E+01, 5.356E+00, 4.578E+00, 5.689E-01, 2.557E-01,-9.990E+02, 1.000E+00,-9.990E+02, 0.000E+00, 0.000E+00, 0.000E+00, 1.000E+00, 0.000E+00, 0.000E+00, 0.000E+00, 0.000E+00, 7.000E+01, 2.673E+01, 1.429E-03, 0.000E+00, 7.000E+02, 1.298E-03, 2.189E-01
02/01/2019,16:00,9,2.016,2.516,-3.863,.709,.134, 1.020E+03, 1.032E+02, 1.280E-03, 2.823E-02, 0.000E+00, 0.000E+00, 0.000E+00, 0.000E+00,-4.790E+01, 5.356E+00, 4.328E+00, 5.689E-01, 2.418E-01,-9.990E+02, 1.000E+00,-9.990E+02, 0.000E+00, 0.000E+00, 0.000E+00, 1.000E+00, 0.000E+00, 0.000E+00, 0.000E+00, 0.000E+00, 7.404E+01, 2.827E+01, 1.429E-03, 0.000E+00, 7.000E+02, 1.291E-03, 1.839E-01
02/01/2019,17:00,9,2.016,2.516,-3.804,.740,.120, 1.020E+03, 1.103E+02, 1.280E-03, 2.823E-02, 0.000E+00, 0.000E+00, 0.000E+00, 0.000E+00,-4.790E+01, 5.356E+00, 4.079E+00, 5.689E-01, 2.279E-01,-9.990E+02, 1.000E+00,-9.990E+02, 0.000E+00, 0.000E+00, 0.000E+00, 1.000E+00, 0.000E+00, 0.000E+00, 0.000E+00, 0.000E+00, 7.855E+01, 2.999E+01, 1.429E-03, 0.000E+00, 7.000E+02, 1.284E-03, 1.592E-01
02/01/2019,18:00,9,2.016,2.516,-3.745,.772,.106, 1.020E+03, 1.178E+02, 1.854E-03, 2.823E-02, 0.000E+00, 0.000E+00, 0.000E+00, 0.000E+00,-4.099E+01, 3.494E+00, 3.832E+00, 5.141E-01, 2.121E-01,-9.990E+02, 1.000E+00,-9.990E+02, 0.000E+00, 0.000E+00, 0.000E+00, 1.000E+00, 0.000E+00, 0.000E+00, 0.000E+00, 0.000E+00, 8.522E+01, 3.223E+01, 1.429E-03, 0.000E+00, 7.000E+02, 1.274E-03, 1.375E-01
02/01/2019,19:00,9,2.016,2.516,-3.688,.798,.094, 1.021E+03, 1.251E+02, 1.854E-03, 2.823E-02, 0.000E+00, 0.000E+00, 0.000E+00, 0.000E+00,-4.099E+01, 3.494E+00, 3.902E+00, 5.141E-01, 2.159E-01,-9.990E+02, 1.000E+00,-9.990E+02, 0.000E+00, 0.000E+00, 0.000E+00, 1.000E+00, 0.000E+00, 0.000E+00, 0.000E+00, 0.000E+00, 8.370E+01, 3.166E+01, 1.429E-03, 0.000E+00, 7.000E+02, 1.276E-03, 1.228E-01
02/01/2019,20:00,9,2.016,2.516,-3.632,.825,.082, 1.021E+03, 1.320E+02, 1.854E-03, 2.823E-02, 0.000E+00, 0.000E+00, 0.000E+00, 0.000E+00,-4.099E+01, 3.494E+00, 3.977E+00, 5.141E-01, 2.201E-01,-9.990E+02, 1.000E+00,-9.990E+02, 0.000E+00, 0.000E+00, 0.000E+00, 1.000E+00, 0.000E+00, 0.000E+00, 0.000E+00, 0.000E+00, 8.211E+01, 3.106E+01, 1.429E-03, 0.000E+00, 7.000E+02, 1.279E-03, 1.153E-01
02/01/2019,21:00,9,2.016,2.516,-3.576,.851,.070, 1.021E+03, 1.377E+02, 3.015E-03, 2.823E-02, 0.000E+00, 0.000E+00, 0.000E+00, 0.000E+00,-4.625E+01, 1.254E+00, 4.058E+00, 5.206E-01, 2.233E-01,-9.990E+02, 1.000E+00,-9.990E+02, 0.000E+00, 0.000E+00, 0.000E+00, 1.000E+00, 0.000E+00, 0.000E+00, 0.000E+00, 0.000E+00, 8.141E+01, 3.062E+01, 1.429E-03, 0.000E+00, 7.000E+02, 1.281E-03, 1.328E-01
02/01/2019,22:00,9,2.016,2.516,-3.758,.864,.063, 1.022E+03, 1.415E+02, 3.015E-03, 2.823E-02, 0.000E+00, 0.000E+00, 0.000E+00, 0.000E+00,-4.625E+01, 1.254E+00, 3.984E+00, 5.203E-01, 2.191E-01,-9.990E+02, 1.000E+00,-9.990E+02, 0.000E+00, 0.000E+00, 0.000E+00, 1.000E+00, 0.000E+00, 0.000E+00, 0.000E+00, 0.000E+00, 8.295E+01, 3.119E+01, 1.429E-03, 0.000E+00, 7.000E+02, 1.278E-03, 1.748E-01
02/01/2019,23:00,9,2.016,2.516,-3.939,.876,.057, 1.022E+03, 1.427E+02, 3.015E-03, 2.823E-02, 0.000E+00, 0.000E+00, 0.000E+00, 0.000E+00,-4.625E+01, 1.254E+00, 3.912E+00, 5.200E-01, 2.152E-01,-9.990E+02, 1.000E+00,-9.990E+02, 0.000E+00, 0.000E+00, 0.000E+00, 1.000E+00, 0.000E+00, 0.000E+00, 0.000E+00, 0.000E+00, 8.449E+01, 3.177E+01, 1.429E-03, 0.000E+00, 7.000E+02, 1.276E-03, 1.975E-01
03/01/2019,00:00,9,2.027,2.527,-4.121,.889,.050, 1.023E+03, 1.410E+02, 1.072E-04, 2.823E-02, 0.000E+00, 0.000E+00, 0.000E+00, 0.000E+00,-3.816E+01, 8.315E-01, 3.843E+00, 4.994E-01, 2.125E-01,-9.990E+02, 1.000E+00,-9.990E+02, 0.000E+00, 0.000E+00, 0.000E+00, 1.000E+00, 0.000E+00, 0.000E+00, 0.000E+00, 0.000E+00, 8.513E+01, 3.217E+01, 1.429E-03, 0.000E+00, 7.000E+02, 1.274E-03, 2.090E-01
03/01/2019,01:00,9,2.027,2.527,-4.229,.888,.050, 1.023E+03, 1.367E+02, 1.072E-04, 2.696E-02, 0.000E+00, 0.000E+00, 0.000E+00, 0.000E+00,-3.816E+01, 8.315E-01, 3.738E+00, 4.992E-01, 2.067E-01,-9.990E+02, 1.000E+00,-9.990E+02, 0.000E+00, 0.000E+00, 0.000E+00, 1.000E+00, 0.000E+00, 0.000E+00, 0.000E+00, 0.000E+00, 8.752E+01, 3.308E+01, 1.429E-03, 0.000E+00, 7.000E+02, 1.270E-03, 1.969E-01
03/01/2019,02:00,9,2.027,2.527,-4.337,.887,.050, 1.024E+03, 1.308E+02, 1.072E-04, 2.569E-02, 0.000E+00, 0.000E+00, 0.000E+00, 0.000E+00,-3.816E+01, 8.315E-01, 3.636E+00, 4.990E-01, 2.010E-01,-9.990E+02, 1.000E+00,-9.990E+02, 0.000E+00, 0.000E+00, 0.000E+00, 1.000E+00, 0.000E+00, 0.000E+00, 0.000E+00, 0.000E+00, 9.000E+01, 3.401E+01, 1.429E-03, 0.000E+00, 7.000E+02, 1.266E-03, 1.845E-01
03/01/2019,03:00,9,2.027,2.527,-4.444,.887,.050, 1.025E+03, 1.238E+02, 1.474E-03, 2.442E-02, 0.000E+00, 0.000E+00, 0.000E+00, 0.000E+00,-2.619E+01, 9.929E-01, 3.536E+00, 4.403E-01, 1.955E-01,-9.990E+02, 1.000E+00,-9.990E+02, 0.000E+00, 0.000E+00, 0.000E+00, 1.000E+00, 0.000E+00, 0.000E+00, 0.000E+00, 0.000E+00, 9.251E+01, 3.496E+01, 1.429E-03, 0.000E+00, 7.000E+02, 1.262E-03, 1.816E-01
03/01/2019,04:00,9,2.027,2.527,-4.597,.888,.049, 1.025E+03, 1.163E+02, 1.474E-03, 2.442E-02, 0.000E+00, 0.000E+00, 0.000E+00, 0.000E+00,-2.619E+01, 9.929E-01, 3.453E+00, 4.401E-01, 1.909E-01,-9.990E+02, 1.000E+00,-9.990E+02, 0.000E+00, 0.000E+00, 0.000E+00, 1.000E+00, 0.000E+00, 0.000E+00, 0.000E+00, 0.000E+00, 9.475E+01, 3.581E+01, 1.429E-03, 0.000E+00, 7.000E+02, 1.259E-03, 1.881E-01
03/01/2019,05:00,9,2.027,2.527,-4.749,.890,.047, 1.026E+03, 1.089E+02, 1.474E-03, 2.442E-02, 0.000E+00, 0.000E+00, 0.000E+00, 0.000E+00,-2.619E+01, 9.929E-01, 3.370E+00, 4.398E-01, 1.863E-01,-9.990E+02, 1.000E+00,-9.990E+02, 0.000E+00, 0.000E+00, 0.000E+00, 1.000E+00, 0.000E+00, 0.000E+00, 0.000E+00, 0.000E+00, 9.711E+01, 3.669E+01, 1.429E-03, 0.000E+00, 7.000E+02, 1.255E-03, 2.030E-01
03/01/2019,06:00,9,2.027,2.527,-4.902,.891,.046, 1.026E+03, 1.018E+02, 1.072E-04, 2.442E-02, 0.000E+00, 0.000E+00, 0.000E+00, 0.000E+00,-2.757E+01,-2.003E+00, 3.287E+00, 3.853E-01, 1.748E-01,-9.990E+02, 1.000E+00,-9.990E+02, 0.000E+00, 0.000E+00, 0.000E+00, 1.000E+00, 0.000E+00, 0.000E+00, 0.000E+00, 0.000E+00, 1.075E+02, 3.909E+01, 1.429E-03, 0.000E+00, 7.000E+02, 1.245E-03, 2.479E-01
03/01/2019,07:00,9,2.027,2.527,-5.240,.885,.047, 1.027E+03, 9.547E+01, 1.072E-04, 2.442E-02, 0.000E+00, 0.000E+00, 0.000E+00, 0.000E+00,-2.757E+01,-2.003E+00, 3.157E+00, 3.849E-01, 1.679E-01,-9.990E+02, 1.000E+00,-9.990E+02, 0.000E+00, 0.000E+00, 0.000E+00, 1.000E+00, 0.000E+00, 0.000E+00, 0.000E+00, 0.000E+00, 1.120E+02, 4.071E+01, 1.429E-03, 0.000E+00, 7.000E+02, 1.238E-03, 2.820E-01
03/01/2019,08:00,9,2.027,2.527,-5.578,.880,.049, 1.027E+03, 9.010E+01, 1.072E-04, 2.442E-02, 0.000E+00, 0.000E+00, 0.000E+00, 0.000E+00,-2.757E+01,-2.003E+00, 3.047E+00, 3.846E-01, 1.620E-01,-9.990E+02, 1.000E+00,-9.990E+02, 0.000E+00, 0.000E+00, 0.000E+00, 1.000E+00, 0.000E+00, 0.000E+00, 0.000E+00, 0.000E+00, 1.161E+02, 4.219E+01, 1.429E-03, 0.000E+00, 7.000E+02, 1.232E-03, 2.695E-01
03/01/2019,09:00,9,2.027,2.527,-5.916,.874,.050, 1.028E+03, 8.603E+01, 1.072E-04, 2.442E-02, 7.209E-01, 1.090E+01, 1.005E+01, 4.841E+00, 5.943E+00, 1.534E+00, 2.959E+00, 3.267E-01, 1.805E-01, 6.830E-02, 1.000E+00, 1.913E-01, 3.385E-01, 1.000E-02, 1.000E+00, 1.000E+00, 1.913E-03, 1.148E-05, 2.031E-05, 0.000E+00, 8.858E+01, 3.787E+01, 1.429E-03, 3.191E-05, 6.847E+02, 1.277E-03, 2.422E-01
03/01/2019,10:00,9,2.027,2.527,-5.392,.831,.069, 1.028E+03, 8.353E+01, 1.072E-04, 2.442E-02, 3.338E+00, 2.028E+01, 2.394E+01, 9.120E+00, 5.943E+00, 1.534E+00, 2.517E+00, 3.271E-01, 1.535E-01, 1.111E-01, 1.000E+00, 3.476E-01, 6.264E-01, 1.000E-02, 1.000E+00, 1.000E+00, 3.476E-03, 2.090E-05, 3.765E-05, 0.000E+00, 1.041E+02, 4.452E+01, 1.429E-03, 5.808E-05, 6.727E+02, 1.268E-03, 2.732E-01
03/01/2019,11:00,9,2.027,2.527,-4.868,.788,.090, 1.027E+03, 8.278E+01, 1.072E-04, 2.442E-02, 4.421E+00, 2.340E+01, 2.815E+01, 1.055E+01, 5.943E+00, 1.534E+00, 2.105E+00, 3.274E-01, 1.284E-01, 1.239E-01, 1.000E+00, 3.934E-01, 6.858E-01, 1.000E-02, 1.000E+00, 1.000E+00, 3.934E-03, 2.369E-05, 4.130E-05, 0.000E+00, 1.246E+02, 5.325E+01, 1.429E-03, 6.586E-05, 6.692E+02, 1.238E-03, 3.206E-01
03/01/2019,12:00,9,2.027,2.527,-4.344,.745,.113, 1.027E+03, 8.385E+01, 1.702E-03, 2.442E-02, 8.453E-01, 1.344E+01, 9.912E+00, 5.969E+00,-5.946E+00, 6.817E-01, 1.743E+00, 2.054E-01, 1.000E-01, 1.058E-01, 1.000E+00, 2.301E-01, 3.348E-01, 1.000E-02, 1.000E+00, 1.000E+00, 2.301E-03, 1.388E-05, 2.020E-05, 0.000E+00, 1.963E+02, 6.835E+01, 1.429E-03, 3.860E-05, 6.816E+02, 1.159E-03, 3.587E-01
03/01/2019,13:00,9,2.027,2.527,-3.966,.730,.123, 1.027E+03, 8.664E+01, 1.702E-03, 2.238E-02, 1.091E-01, 5.970E+00, 3.566E+00, 2.636E+00,-5.946E+00, 6.817E-01, 1.548E+00, 2.056E-01, 1.000E-01, 5.791E-02, 1.000E+00, 1.047E-01, 1.364E-01, 1.000E-02, 1.000E+00, 1.000E+00, 1.047E-03, 6.326E-06, 8.243E-06, 0.000E+00, 1.962E+02, 6.835E+01, 1.429E-03, 1.759E-05, 6.915E+02, 1.145E-03, 3.980E-01
03/01/2019,14:00,9,2.027,2.527,-3.588,.716,.133, 1.026E+03, 9.095E+01, 1.702E-03, 2.035E-02, 0.000E+00, 0.000E+00, 0.000E+00, 0.000E+00,-5.946E+00, 6.817E-01, 1.794E+00, 2.057E-01, 1.000E-01,-9.990E+02, 1.000E+00,-9.990E+02, 0.000E+00, 0.000E+00, 0.000E+00, 1.000E+00, 0.000E+00, 0.000E+00, 0.000E+00, 0.000E+00, 1.961E+02, 6.835E+01, 1.429E-03, 0.000E+00, 7.000E+02, 1.134E-03, 4.133E-01
03/01/2019,15:00,9,2.027,2.527,-3.210,.701,.144, 1.026E+03, 9.652E+01, 1.895E-01, 1.831E-02, 0.000E+00, 0.000E+00, 0.000E+00, 0.000E+00,-2.974E+00, 4.277E+00, 2.345E+00, 4.538E-01, 1.382E-01,-9.990E+02, 1.000E+00,-9.990E+02, 0.000E+00, 0.000E+00, 0.000E+00, 1.000E+00, 0.000E+00, 0.000E+00, 0.000E+00, 0.000E+00, 1.228E+02, 4.946E+01, 1.429E-03, 0.000E+00, 7.000E+02, 1.205E-03, 4.908E-01
03/01/2019,16:00,9,2.027,2.527,-2.838,.730,.134, 1.025E+03, 1.030E+02, 1.895E-01, 1.933E-02, 0.000E+00, 0.000E+00, 0.000E+00, 0.000E+00,-2.974E+00, 4.277E+00, 2.782E+00, 4.544E-01, 1.640E-01,-9.990E+02, 1.000E+00,-9.990E+02, 0.000E+00, 0.000E+00, 0.000E+00, 1.000E+00, 0.000E+00, 0.000E+00, 0.000E+00, 0.000E+00, 1.035E+02, 4.168E+01, 1.429E-03, 0.000E+00, 7.000E+02, 1.236E-03, 4.813E-01
03/01/2019,17:00,9,2.027,2.527,-2.467,.759,.123, 1.024E+03, 1.102E+02, 1.895E-01, 2.035E-02, 0.000E+00, 0.000E+00, 0.000E+00, 0.000E+00,-2.974E+00, 4.277E+00, 3.225E+00, 4.549E-01, 1.901E-01,-9.990E+02, 1.000E+00,-9.990E+02, 0.000E+00, 0.000E+00, 0.000E+00, 1.000E+00, 0.000E+00, 0.000E+00, 0.000E+00, 0.000E+00, 8.925E+01, 3.596E+01, 1.429E-03, 0.000E+00, 7.000E+02, 1.259E-03, 4.345E-01
03/01/2019,18:00,9,2.027,2.527,-2.095,.788,.111, 1.023E+03, 1.176E+02, 4.003E-02, 2.136E-02, 0.000E+00, 0.000E+00, 0.000E+00, 0.000E+00,-1.774E+01, 2.779E+00, 3.671E+00, 4.735E-01, 2.095E-01,-9.990E+02, 1.000E+00,-9.990E+02, 0.000E+00, 0.000E+00, 0.000E+00, 1.000E+00, 0.000E+00, 0.000E+00, 0.000E+00, 0.000E+00, 8.361E+01, 3.262E+01, 1.429E-03, 0.000E+00, 7.000E+02, 1.273E-03, 4.360E-01
03/01/2019,19:00,9,2.027,2.527,-1.613,.812,.102, 1.022E+03, 1.250E+02, 4.003E-02, 2.136E-02, 0.000E+00, 0.000E+00, 0.000E+00, 0.000E+00,-1.774E+01, 2.779E+00, 3.460E+00, 4.742E-01, 1.975E-01,-9.990E+02, 1.000E+00,-9.990E+02, 0.000E+00, 0.000E+00, 0.000E+00, 1.000E+00, 0.000E+00, 0.000E+00, 0.000E+00, 0.000E+00, 8.867E+01, 3.460E+01, 1.429E-03, 0.000E+00, 7.000E+02, 1.264E-03, 3.750E-01
03/01/2019,20:00,9,2.027,2.527,-1.132,.835,.093, 1.021E+03, 1.319E+02, 4.003E-02, 2.136E-02, 0.000E+00, 0.000E+00, 0.000E+00, 0.000E+00,-1.774E+01, 2.779E+00, 3.386E+00, 4.749E-01, 1.933E-01,-9.990E+02, 1.000E+00,-9.990E+02, 0.000E+00, 0.000E+00, 0.000E+00, 1.000E+00, 0.000E+00, 0.000E+00, 0.000E+00, 0.000E+00, 9.059E+01, 3.536E+01, 1.429E-03, 0.000E+00, 7.000E+02, 1.261E-03, 2.996E-01
03/01/2019,21:00,9,2.027,2.527,-.650,.859,.082, 1.020E+03, 1.376E+02, 2.012E-02, 2.136E-02, 0.000E+00, 0.000E+00, 0.000E+00, 0.000E+00,-4.475E+01, 7.688E+00, 3.457E+00, 5.269E-01, 1.911E-01,-9.990E+02, 1.000E+00,-9.990E+02, 0.000E+00, 0.000E+00, 0.000E+00, 1.000E+00, 0.000E+00, 0.000E+00, 0.000E+00, 0.000E+00, 9.466E+01, 3.577E+01, 5.391E-03, 0.000E+00, 1.855E+02, 3.575E-03, 1.825E-01
03/01/2019,22:00,9,2.027,2.527,.309,.825,.110, 1.018E+03, 1.414E+02, 2.012E-02, 2.136E-02, 0.000E+00, 0.000E+00, 0.000E+00, 0.000E+00,-4.475E+01, 7.688E+00, 3.612E+00, 5.281E-01, 1.997E-01,-9.990E+02, 1.000E+00,-9.990E+02, 0.000E+00, 0.000E+00, 0.000E+00, 1.000E+00, 0.000E+00, 0.000E+00, 0.000E+00, 0.000E+00, 9.053E+01, 3.422E+01, 8.446E-03, 0.000E+00, 1.184E+02, 4.794E-03, 1.475E-01
03/01/2019,23:00,9,2.027,2.527,1.267,.790,.140, 1.017E+03, 1.426E+02, 2.012E-02, 2.136E-02, 0.000E+00, 0.000E+00, 0.000E+00, 0.000E+00,-4.475E+01, 7.688E+00, 3.940E+00, 5.293E-01, 2.180E-01,-9.990E+02, 1.000E+00,-9.990E+02, 0.000E+00, 0.000E+00, 0.000E+00, 1.000E+00, 0.000E+00, 0.000E+00, 0.000E+00, 0.000E+00, 8.292E+01, 3.136E+01, 1.429E-02, 0.000E+00, 7.000E+01, 6.552E-03, 1.622E-01
04/01/2019,00:00,9,2.038,2.538,2.225,.756,.175, 1.016E+03, 1.409E+02, 3.971E-02, 2.136E-02, 0.000E+00, 0.000E+00, 0.000E+00, 0.000E+00,-5.054E+01, 1.001E+01, 4.402E+00, 5.797E-01, 2.459E-01,-9.990E+02, 1.000E+00,-9.990E+02, 0.000E+00, 0.000E+00, 0.000E+00, 1.000E+00, 0.000E+00, 0.000E+00, 0.000E+00, 0.000E+00, 7.280E+01, 2.780E+01, 1.429E-02, 0.000E+00, 7.000E+01, 6.984E-03, 1.923E-01
04/01/2019,01:00,9,2.038,2.538,2.291,.765,.169, 1.016E+03, 1.367E+02, 3.971E-02, 2.289E-02, 0.000E+00, 0.000E+00, 0.000E+00, 0.000E+00,-5.054E+01, 1.001E+01, 4.364E+00, 5.800E-01, 2.438E-01,-9.990E+02, 1.000E+00,-9.990E+02, 0.000E+00, 0.000E+00, 0.000E+00, 1.000E+00, 0.000E+00, 0.000E+00, 0.000E+00, 0.000E+00, 7.343E+01, 2.804E+01, 1.429E-02, 0.000E+00, 7.000E+01, 6.953E-03, 2.074E-01
04/01/2019,02:00,9,2.038,2.538,2.356,.774,.164, 1.015E+03, 1.307E+02, 3.971E-02, 2.442E-02, 0.000E+00, 0.000E+00, 0.000E+00, 0.000E+00,-5.054E+01, 1.001E+01, 4.333E+00, 5.802E-01, 2.420E-01,-9.990E+02, 1.000E+00,-9.990E+02, 0.000E+00, 0.000E+00, 0.000E+00, 1.000E+00, 0.000E+00, 0.000E+00, 0.000E+00, 0.000E+00, 7.396E+01, 2.824E+01, 1.429E-02, 0.000E+00, 7.000E+01, 6.928E-03, 1.997E-01
04/01/2019,03:00,9,2.038,2.538,2.422,.783,.158, 1.014E+03, 1.237E+02, 1.126E-01, 2.594E-02, 0.000E+00, 0.000E+00, 0.000E+00, 0.000E+00,-6.333E+01, 1.299E+01, 4.308E+00, 5.750E-01, 2.366E-01,-9.990E+02, 1.000E+00,-9.990E+02, 0.000E+00, 0.000E+00, 0.000E+00, 1.000E+00, 0.000E+00, 0.000E+00, 0.000E+00, 0.000E+00, 7.695E+01, 2.889E+01, 1.429E-02, 0.000E+00, 7.000E+01, 6.841E-03, 1.790E-01
04/01/2019,04:00,9,2.038,2.538,2.636,.798,.149, 1.013E+03, 1.163E+02, 1.126E-01, 2.543E-02, 0.000E+00, 0.000E+00, 0.000E+00, 0.000E+00,-6.333E+01, 1.299E+01, 4.325E+00, 5.755E-01, 2.376E-01,-9.990E+02, 1.000E+00,-9.990E+02, 0.000E+00, 0.000E+00, 0.000E+00, 1.000E+00, 0.000E+00, 0.000E+00, 0.000E+00, 0.000E+00, 7.662E+01, 2.877E+01, 1.429E-02, 0.000E+00, 7.000E+01, 6.856E-03, 1.518E-01
04/01/2019,05:00,9,2.038,2.538,2.850,.814,.140, 1.012E+03, 1.089E+02, 1.126E-01, 2.492E-02, 0.000E+00, 0.000E+00, 0.000E+00, 0.000E+00,-6.333E+01, 1.299E+01, 4.357E+00, 5.760E-01, 2.394E-01,-9.990E+02, 1.000E+00,-9.990E+02, 0.000E+00, 0.000E+00, 0.000E+00, 1.000E+00, 0.000E+00, 0.000E+00, 0.000E+00, 0.000E+00, 7.605E+01, 2.856E+01, 1.429E-02, 0.000E+00, 7.000E+01, 6.882E-03, 1.328E-01
04/01/2019,06:00,9,2.038,2.538,3.064,.829,.130, 1.011E+03, 1.018E+02, 4.231E-01, 2.442E-02, 0.000E+00, 0.000E+00, 0.000E+00, 0.000E+00,-6.959E+01, 1.673E+01, 4.403E+00, 5.199E-01, 2.332E-01,-9.990E+02, 1.000E+00,-9.990E+02, 0.000E+00, 0.000E+00, 0.000E+00, 1.000E+00, 0.000E+00, 0.000E+00, 0.000E+00, 0.000E+00, 8.096E+01, 2.931E+01, 1.429E-02, 0.000E+00, 7.000E+01, 6.777E-03, 1.385E-01
04/01/2019,07:00,9,2.038,2.538,2.640,.883,.086, 1.011E+03, 9.542E+01, 4.231E-01, 2.391E-02, 0.000E+00, 0.000E+00, 0.000E+00, 0.000E+00,-6.959E+01, 1.673E+01, 4.311E+00, 5.196E-01, 2.283E-01,-9.990E+02, 1.000E+00,-9.990E+02, 0.000E+00, 0.000E+00, 0.000E+00, 1.000E+00, 0.000E+00, 0.000E+00, 0.000E+00, 0.000E+00, 8.272E+01, 2.994E+01, 1.429E-02, 0.000E+00, 7.000E+01, 6.701E-03, 1.459E-01
04/01/2019,08:00,9,2.038,2.538,2.216,.937,.045, 1.011E+03, 9.003E+01, 4.231E-01, 2.340E-02, 0.000E+00, 0.000E+00, 0.000E+00, 0.000E+00,-6.959E+01, 1.673E+01, 4.228E+00, 5.193E-01, 2.239E-01,-9.990E+02, 1.000E+00,-9.990E+02, 0.000E+00, 0.000E+00, 0.000E+00, 1.000E+00, 0.000E+00, 0.000E+00, 0.000E+00, 0.000E+00, 8.438E+01, 3.053E+01, 1.429E-02, 0.000E+00, 7.000E+01, 6.631E-03, 1.495E-01
04/01/2019,09:00,9,2.038,2.538,1.793,.991,.006, 1.010E+03, 8.595E+01, 3.436E-01, 2.289E-02, 1.224E-01, 6.343E+00, 3.659E+00, 2.792E+00,-6.463E+01, 2.094E+01, 4.155E+00, 5.240E-01, 2.223E-01, 6.931E-02, 1.000E+00, 1.107E-01, 1.397E-01, 1.000E-02, 1.000E+00, 1.000E+00, 1.107E-03, 6.830E-06, 8.624E-06, 0.000E+00, 8.410E+01, 3.075E+01, 1.429E-02, 1.909E-05, 6.991E+01, 6.614E-03, 1.466E-01
04/01/2019,10:00,9,2.038,2.538,1.846,.991,.006, 1.010E+03, 8.344E+01, 3.436E-01, 2.238E-02, 5.382E-01, 1.256E+01, 7.902E+00, 5.548E+00,-6.463E+01, 2.094E+01, 4.038E+00, 5.242E-01, 2.160E-01, 1.122E-01, 1.000E+00, 2.123E-01, 2.775E-01, 1.000E-02, 1.000E+00, 1.000E+00, 2.123E-03, 1.310E-05, 1.713E-05, 0.000E+00, 8.652E+01, 3.164E+01, 1.429E-02, 3.662E-05, 6.982E+01, 6.516E-03, 1.493E-01
04/01/2019,11:00,9,2.038,2.538,1.899,.991,.006, 1.009E+03, 8.268E+01, 3.436E-01, 2.187E-02, 7.100E-01, 1.474E+01, 9.294E+00, 6.510E+00,-6.463E+01, 2.094E+01, 3.935E+00, 5.243E-01, 2.106E-01, 1.251E-01, 1.000E+00, 2.453E-01, 3.177E-01, 1.000E-02, 1.000E+00, 1.000E+00, 2.453E-03, 1.514E-05, 1.962E-05, 0.000E+00, 8.876E+01, 3.246E+01, 1.429E-02, 4.232E-05, 6.979E+01, 6.426E-03, 1.545E-01
04/01/2019,12:00,9,2.038,2.538,1.953,.991,.006, 1.009E+03, 8.372E+01, 7.478E-02, 2.136E-02, 6.148E-01, 1.253E+01, 8.350E+00, 5.538E+00,-6.828E+01, 2.033E+01, 3.848E+00, 4.684E-01, 1.965E-01, 1.073E-01, 1.000E+00, 2.130E-01, 2.907E-01, 1.000E-02, 1.000E+00, 1.000E+00, 2.130E-03, 1.316E-05, 1.795E-05, 0.000E+00, 9.969E+01, 3.479E+01, 1.429E-02, 3.676E-05, 6.982E+01, 6.165E-03, 1.662E-01
04/01/2019,13:00,9,2.038,2.538,2.181,.969,.022, 1.008E+03, 8.650E+01, 7.478E-02, 1.958E-02, 9.040E-02, 5.598E+00, 3.205E+00, 2.464E+00,-6.828E+01, 2.033E+01, 3.862E+00, 4.686E-01, 1.972E-01, 5.987E-02, 1.000E+00, 9.799E-02, 1.235E-01, 1.000E-02, 1.000E+00, 1.000E+00, 9.799E-04, 6.056E-06, 7.633E-06, 0.000E+00, 9.930E+01, 3.466E+01, 1.429E-02, 1.692E-05, 6.992E+01, 6.174E-03, 1.882E-01
04/01/2019,14:00,9,2.038,2.538,2.410,.946,.039, 1.008E+03, 9.081E+01, 7.478E-02, 1.780E-02, 0.000E+00, 0.000E+00, 0.000E+00, 0.000E+00,-6.828E+01, 2.033E+01, 3.926E+00, 4.689E-01, 2.005E-01,-9.990E+02, 1.000E+00,-9.990E+02, 0.000E+00, 0.000E+00, 0.000E+00, 1.000E+00, 0.000E+00, 0.000E+00, 0.000E+00, 0.000E+00, 9.763E+01, 3.409E+01, 1.429E-02, 0.000E+00, 7.000E+01, 6.230E-03, 2.058E-01
04/01/2019,15:00,9,2.038,2.538,2.639,.924,.056, 1.008E+03, 9.638E+01, 9.220E-03, 1.602E-02, 0.000E+00, 0.000E+00, 0.000E+00, 0.000E+00,-5.389E+01, 6.167E+00, 4.039E+00, 4.175E-01, 2.029E-01,-9.990E+02, 1.000E+00,-9.990E+02, 0.000E+00, 0.000E+00, 0.000E+00, 1.000E+00, 0.000E+00, 0.000E+00, 0.000E+00, 0.000E+00, 9.809E+01, 3.369E+01, 1.429E-02, 0.000E+00, 7.000E+01, 6.266E-03, 2.142E-01
04/01/2019,16:00,9,2.038,2.538,2.605,.933,.049, 1.008E+03, 1.029E+02, 9.220E-03, 1.551E-02, 0.000E+00, 0.000E+00, 0.000E+00, 0.000E+00,-5.389E+01, 6.167E+00, 3.790E+00, 4.174E-01, 1.904E-01,-9.990E+02, 1.000E+00,-9.990E+02, 0.000E+00, 0.000E+00, 0.000E+00, 1.000E+00, 0.000E+00, 0.000E+00, 0.000E+00, 0.000E+00, 1.045E+02, 3.590E+01, 1.429E-02, 0.000E+00, 7.000E+01, 6.042E-03, 1.953E-01
04/01/2019,17:00,9,2.038,2.538,2.571,.943,.042, 1.008E+03, 1.100E+02, 9.220E-03, 1.501E-02, 0.000E+00, 0.000E+00, 0.000E+00, 0.000E+00,-5.389E+01, 6.167E+00, 3.552E+00, 4.173E-01, 1.785E-01,-9.990E+02, 1.000E+00,-9.990E+02, 0.000E+00, 0.000E+00, 0.000E+00, 1.000E+00, 0.000E+00, 0.000E+00, 0.000E+00, 0.000E+00, 1.115E+02, 3.830E+01, 1.429E-02, 0.000E+00, 7.000E+01, 5.818E-03, 1.603E-01
04/01/2019,18:00,9,2.038,2.538,2.537,.952,.035, 1.009E+03, 1.175E+02, 1.094E-01, 1.450E-02, 0.000E+00, 0.000E+00, 0.000E+00, 0.000E+00,-3.913E+01,-5.698E+00, 3.329E+00, 3.531E-01, 1.623E-01,-9.990E+02, 1.000E+00,-9.990E+02, 0.000E+00, 0.000E+00, 0.000E+00, 1.000E+00, 0.000E+00, 0.000E+00, 0.000E+00, 0.000E+00, 1.264E+02, 4.212E+01, 1.554E-02, 0.000E+00, 6.434E+01, 5.658E-03, 1.537E-01
04/01/2019,19:00,9,2.038,2.538,2.318,.967,.024, 1.009E+03, 1.249E+02, 1.094E-01, 1.424E-02, 0.000E+00, 0.000E+00, 0.000E+00, 0.000E+00,-3.913E+01,-5.698E+00, 3.248E+00, 3.529E-01, 1.583E-01,-9.990E+02, 1.000E+00,-9.990E+02, 0.000E+00, 0.000E+00, 0.000E+00, 1.000E+00, 0.000E+00, 0.000E+00, 0.000E+00, 0.000E+00, 1.296E+02, 4.317E+01, 1.841E-02, 0.000E+00, 5.432E+01, 5.899E-03, 1.852E-01
04/01/2019,20:00,9,2.038,2.538,2.098,.982,.013, 1.009E+03, 1.317E+02, 1.094E-01, 1.399E-02, 0.000E+00, 0.000E+00, 0.000E+00, 0.000E+00,-3.913E+01,-5.698E+00, 3.225E+00, 3.527E-01, 1.571E-01,-9.990E+02, 1.000E+00,-9.990E+02, 0.000E+00, 0.000E+00, 0.000E+00, 1.000E+00, 0.000E+00, 0.000E+00, 0.000E+00, 0.000E+00, 1.306E+02, 4.350E+01, 1.987E-02, 0.000E+00, 5.033E+01, 6.009E-03, 2.022E-01
04/01/2019,21:00,9,2.038,2.538,1.878,.996,.003, 1.009E+03, 1.374E+02, 9.515E-02, 1.373E-02, 0.000E+00, 0.000E+00, 0.000E+00, 0.000E+00,-3.617E+01,-5.778E+00, 3.258E+00, 4.191E-01, 1.727E-01,-9.990E+02, 1.000E+00,-9.990E+02, 0.000E+00, 0.000E+00, 0.000E+00, 1.000E+00, 0.000E+00, 0.000E+00, 0.000E+00, 0.000E+00, 1.093E+02, 3.958E+01, 2.132E-02, 0.000E+00, 4.689E+01, 6.595E-03, 1.665E-01
04/01/2019,22:00,9,2.038,2.538,1.729,.992,.006, 1.010E+03, 1.413E+02, 9.515E-02, 1.348E-02, 0.000E+00, 0.000E+00, 0.000E+00, 0.000E+00,-3.617E+01,-5.778E+00, 3.326E+00, 4.188E-01, 1.762E-01,-9.990E+02, 1.000E+00,-9.990E+02, 0.000E+00, 0.000E+00, 0.000E+00, 1.000E+00, 0.000E+00, 0.000E+00, 0.000E+00, 0.000E+00, 1.071E+02, 3.878E+01, 2.233E-02, 0.000E+00, 4.479E+01, 6.784E-03, 1.024E-01
04/01/2019,23:00,9,2.038,2.538,1.580,.987,.009, 1.011E+03, 1.425E+02, 9.515E-02, 1.323E-02, 0.000E+00, 0.000E+00, 0.000E+00, 0.000E+00,-3.617E+01,-5.778E+00, 3.429E+00, 4.185E-01, 1.817E-01,-9.990E+02, 1.000E+00,-9.990E+02, 0.000E+00, 0.000E+00, 0.000E+00, 1.000E+00, 0.000E+00, 0.000E+00, 0.000E+00, 0.000E+00, 1.039E+02, 3.762E+01, 2.181E-02, 0.000E+00, 4.586E+01, 6.877E-03, 9.488E-02
05/01/2019,00:00,9,2.048,2.548,1.431,.982,.012, 1.012E+03, 1.408E+02, 3.729E-03, 1.297E-02, 0.000E+00, 0.000E+00, 0.000E+00, 0.000E+00,-3.029E+01, 5.750E+00, 3.564E+00, 5.302E-01, 2.016E-01,-9.990E+02, 1.000E+00,-9.990E+02, 0.000E+00, 0.000E+00, 0.000E+00, 1.000E+00, 0.000E+00, 0.000E+00, 0.000E+00, 0.000E+00, 8.765E+01, 3.390E+01, 2.327E-02, 0.000E+00, 4.297E+01, 7.569E-03, 8.839E-02
05/01/2019,01:00,9,2.048,2.548,1.318,.981,.013, 1.012E+03, 1.366E+02, 3.729E-03, 1.323E-02, 0.000E+00, 0.000E+00, 0.000E+00, 0.000E+00,-3.029E+01, 5.750E+00, 3.689E+00, 5.300E-01, 2.087E-01,-9.990E+02, 1.000E+00,-9.990E+02, 0.000E+00, 0.000E+00, 0.000E+00, 1.000E+00, 0.000E+00, 0.000E+00, 0.000E+00, 0.000E+00, 8.470E+01, 3.275E+01, 2.424E-02, 0.000E+00, 4.126E+01, 7.850E-03, 5.339E-02
05/01/2019,02:00,9,2.048,2.548,1.206,.980,.013, 1.013E+03, 1.307E+02, 3.729E-03, 1.348E-02, 0.000E+00, 0.000E+00, 0.000E+00, 0.000E+00,-3.029E+01, 5.750E+00, 3.814E+00, 5.297E-01, 2.158E-01,-9.990E+02, 1.000E+00,-9.990E+02, 0.000E+00, 0.000E+00, 0.000E+00, 1.000E+00, 0.000E+00, 0.000E+00, 0.000E+00, 0.000E+00, 8.192E+01, 3.168E+01, 2.278E-02, 0.000E+00, 4.389E+01, 7.862E-03, 8.890E-03
05/01/2019,03:00,9,2.048,2.548,1.093,.979,.014, 1.013E+03, 1.237E+02, 0.000E+00, 1.373E-02, 0.000E+00, 0.000E+00, 0.000E+00, 0.000E+00,-2.363E+01, 1.190E+01, 3.940E+00, 5.309E-01, 2.253E-01,-9.990E+02, 1.000E+00,-9.990E+02, 0.000E+00, 0.000E+00, 0.000E+00, 1.000E+00, 0.000E+00, 0.000E+00, 0.000E+00, 0.000E+00, 7.762E+01, 3.034E+01, 2.132E-02, 0.000E+00, 4.689E+01, 7.899E-03, 6.117E-03
05/01/2019,04:00,9,2.048,2.548,.794,.976,.016, 1.014E+03, 1.163E+02, 0.000E+00, 1.373E-02, 0.000E+00, 0.000E+00, 0.000E+00, 0.000E+00,-2.363E+01, 1.190E+01, 3.828E+00, 5.304E-01, 2.189E-01,-9.990E+02, 1.000E+00,-9.990E+02, 0.000E+00, 0.000E+00, 0.000E+00, 1.000E+00, 0.000E+00, 0.000E+00, 0.000E+00, 0.000E+00, 7.991E+01, 3.123E+01, 1.908E-02, 0.000E+00, 5.240E+01, 7.438E-03, 7.969E-03
05/01/2019,05:00,9,2.048,2.548,.494,.972,.018, 1.015E+03, 1.088E+02, 0.000E+00, 1.373E-02, 0.000E+00, 0.000E+00, 0.000E+00, 0.000E+00,-2.363E+01, 1.190E+01, 3.717E+00, 5.299E-01, 2.125E-01,-9.990E+02, 1.000E+00,-9.990E+02, 0.000E+00, 0.000E+00, 0.000E+00, 1.000E+00, 0.000E+00, 0.000E+00, 0.000E+00, 0.000E+00, 8.231E+01, 3.217E+01, 1.692E-02, 0.000E+00, 5.910E+01, 6.964E-03, 2.372E-02
05/01/2019,06:00,9,2.048,2.548,.195,.969,.019, 1.015E+03, 1.018E+02, 2.431E-03, 1.373E-02, 0.000E+00, 0.000E+00, 0.000E+00, 0.000E+00,-2.021E+01, 1.661E+01, 3.606E+00, 4.879E-01, 2.055E-01,-9.990E+02, 1.000E+00,-9.990E+02, 0.000E+00, 0.000E+00, 0.000E+00, 1.000E+00, 0.000E+00, 0.000E+00, 0.000E+00, 0.000E+00, 8.542E+01, 3.327E+01, 1.548E-02, 0.000E+00, 6.461E+01, 6.577E-03, 1.286E-02
05/01/2019,07:00,9,2.048,2.548,.085,.962,.023, 1.016E+03, 9.536E+01, 2.431E-03, 1.373E-02, 0.000E+00, 0.000E+00, 0.000E+00, 0.000E+00,-2.021E+01, 1.661E+01, 3.484E+00, 4.877E-01, 1.985E-01,-9.990E+02, 1.000E+00,-9.990E+02, 0.000E+00, 0.000E+00, 0.000E+00, 1.000E+00, 0.000E+00, 0.000E+00, 0.000E+00, 0.000E+00, 8.843E+01, 3.444E+01, 1.506E-02, 0.000E+00, 6.640E+01, 6.373E-03, 3.125E-02
05/01/2019,08:00,9,2.048,2.548,-.025,.955,.027, 1.017E+03, 8.996E+01, 2.431E-03, 1.373E-02, 1.019-118, 1.022E-01, 0.000E+00, 0.000E+00,-2.021E+01, 1.661E+01, 3.363E+00, 4.874E-01, 1.916E-01,-9.990E+02, 1.000E+00,-9.990E+02, 0.000E+00, 0.000E+00, 0.000E+00, 1.000E+00, 0.000E+00, 0.000E+00, 0.000E+00, 0.000E+00, 9.163E+01, 3.568E+01, 7.297E-03, 0.000E+00, 1.371E+02, 4.332E-03, 7.045E-02
05/01/2019,09:00,9,2.048,2.548,-.135,.948,.031, 1.017E+03, 8.586E+01, 3.243E-03, 1.373E-02, 1.900E+00, 1.447E+01, 1.961E+01, 6.444E+00,-8.728E+00, 2.220E+01, 3.242E+00, 4.415E-01, 1.879E-01, 7.043E-02, 1.000E+00, 2.554E-01, 5.537E-01, 1.000E-02, 1.000E+00, 1.000E+00, 2.554E-03, 1.565E-05, 3.393E-05, 0.000E+00, 9.181E+01, 3.637E+01, 6.963E-03, 4.397E-05, 1.427E+02, 4.199E-03, 9.962E-02
05/01/2019,10:00,9,2.048,2.548,-.023,.937,.038, 1.018E+03, 8.333E+01, 3.243E-03, 1.373E-02, 8.102E+00, 2.481E+01, 4.621E+01, 1.132E+01,-8.728E+00, 2.220E+01, 3.065E+00, 4.415E-01, 1.776E-01, 1.133E-01, 1.000E+00, 4.263E-01, 8.505E-01, 1.000E-02, 1.000E+00, 1.000E+00, 4.263E-03, 2.614E-05, 5.215E-05, 0.000E+00, 9.712E+01, 3.848E+01, 7.303E-03, 7.343E-05, 1.356E+02, 4.228E-03, 1.190E-01
05/01/2019,11:00,9,2.048,2.548,.089,.926,.046, 1.018E+03, 8.256E+01, 3.243E-03, 1.373E-02, 1.067E+01, 2.813E+01, 5.409E+01, 1.290E+01,-8.728E+00, 2.220E+01, 2.899E+00, 4.416E-01, 1.680E-01, 1.264E-01, 1.000E+00, 4.725E-01, 8.919E-01, 1.000E-02, 1.000E+00, 1.000E+00, 4.725E-03, 2.898E-05, 5.471E-05, 0.000E+00, 1.027E+02, 4.069E+01, 1.201E-02, 8.141E-05, 8.270E+01, 5.278E-03, 1.240E-01
05/01/2019,12:00,9,2.048,2.548,.201,.914,.053, 1.018E+03, 8.359E+01, 0.000E+00, 1.373E-02, 8.407E+00, 2.405E+01, 4.868E+01, 1.100E+01,-1.490E+01, 2.978E+00, 2.745E+00, 2.391E-01, 1.289E-01, 1.089E-01, 1.000E+00, 4.185E-01, 8.650E-01, 1.000E-02, 1.000E+00, 1.000E+00, 4.185E-03, 2.568E-05, 5.308E-05, 0.000E+00, 1.653E+02, 5.303E+01, 1.086E-02, 7.215E-05, 9.144E+01, 4.283E-03, 1.545E-01
05/01/2019,13:00,9,2.048,2.548,-.122,.931,.042, 1.019E+03, 8.636E+01, 0.000E+00, 1.628E-02, 1.348E+00, 1.302E+01, 1.640E+01, 5.779E+00,-1.490E+01, 2.978E+00, 2.461E+00, 2.390E-01, 1.155E-01, 6.192E-02, 1.000E+00, 2.288E-01, 4.907E-01, 1.000E-02, 1.000E+00, 1.000E+00, 2.288E-03, 1.403E-05, 3.007E-05, 0.000E+00, 1.845E+02, 5.919E+01, 6.731E-03, 3.940E-05, 1.477E+02, 3.265E-03, 1.878E-01
05/01/2019,14:00,9,2.048,2.548,-.445,.948,.031, 1.019E+03, 9.067E+01, 0.000E+00, 1.882E-02, 0.000E+00, 0.000E+00, 0.000E+00, 0.000E+00,-1.490E+01, 2.978E+00, 2.219E+00, 2.388E-01, 1.041E-01,-9.990E+02, 1.000E+00,-9.990E+02, 0.000E+00, 0.000E+00, 0.000E+00, 1.000E+00, 0.000E+00, 0.000E+00, 0.000E+00, 0.000E+00, 2.048E+02, 6.566E+01, 5.842E-03, 0.000E+00, 1.712E+02, 2.881E-03, 2.049E-01
05/01/2019,15:00,9,2.048,2.548,-.768,.965,.020, 1.019E+03, 9.623E+01, 2.160E-03, 2.136E-02, 0.000E+00, 0.000E+00, 0.000E+00, 0.000E+00,-5.360E+00, 1.258E+00, 2.036E+00, 1.668E-01, 1.000E-01,-9.990E+02, 1.000E+00,-9.990E+02, 0.000E+00, 0.000E+00, 0.000E+00, 1.000E+00, 0.000E+00, 0.000E+00, 0.000E+00, 0.000E+00, 2.156E+02, 6.835E+01, 5.161E-03, 0.000E+00, 1.938E+02, 2.652E-03, 1.775E-01
05/01/2019,16:00,9,2.048,2.548,-.680,.970,.017, 1.019E+03, 1.027E+02, 2.160E-03, 2.136E-02, 0.000E+00, 0.000E+00, 0.000E+00, 0.000E+00,-5.360E+00, 1.258E+00, 1.695E+00, 1.668E-01, 1.000E-01,-9.990E+02, 1.000E+00,-9.990E+02, 0.000E+00, 0.000E+00, 0.000E+00, 1.000E+00, 0.000E+00, 0.000E+00, 0.000E+00, 0.000E+00, 2.156E+02, 6.835E+01, 5.330E-03, 0.000E+00, 1.876E+02, 2.696E-03, 1.235E-01
05/01/2019,17:00,9,2.048,2.548,-.593,.975,.015, 1.019E+03, 1.099E+02, 2.160E-03, 2.136E-02, 0.000E+00, 0.000E+00, 0.000E+00, 0.000E+00,-5.360E+00, 1.258E+00, 1.430E+00, 1.668E-01, 1.000E-01,-9.990E+02, 1.000E+00,-9.990E+02, 0.000E+00, 0.000E+00, 0.000E+00, 1.000E+00, 0.000E+00, 0.000E+00, 0.000E+00, 0.000E+00, 2.156E+02, 6.835E+01, 5.510E-03, 0.000E+00, 1.815E+02, 2.741E-03, 1.273E-01
05/01/2019,18:00,9,2.048,2.548,-.505,.980,.012, 1.020E+03, 1.173E+02, 5.860E-03, 2.136E-02, 0.000E+00, 0.000E+00, 0.000E+00, 0.000E+00,-4.891E+00, 6.559E-01, 1.286E+00, 1.475E-01, 1.000E-01,-9.990E+02, 1.000E+00,-9.990E+02, 0.000E+00, 0.000E+00, 0.000E+00, 1.000E+00, 0.000E+00, 0.000E+00, 0.000E+00, 0.000E+00, 2.307E+02, 6.835E+01, 5.703E-03, 0.000E+00, 1.753E+02, 2.777E-03, 1.803E-01
05/01/2019,19:00,9,2.048,2.548,-.533,.975,.015, 1.020E+03, 1.247E+02, 5.860E-03, 2.136E-02, 0.000E+00, 0.000E+00, 0.000E+00, 0.000E+00,-4.891E+00, 6.559E-01, 1.147E+00, 1.475E-01, 1.000E-01,-9.990E+02, 1.000E+00,-9.990E+02, 0.000E+00, 0.000E+00, 0.000E+00, 1.000E+00, 0.000E+00, 0.000E+00, 0.000E+00, 0.000E+00, 2.307E+02, 6.835E+01, 5.639E-03, 0.000E+00, 1.773E+02, 2.762E-03, 2.421E-01
05/01/2019,20:00,9,2.048,2.548,-.562,.970,.018, 1.019E+03, 1.316E+02, 5.860E-03, 2.136E-02, 0.000E+00, 0.000E+00, 0.000E+00, 0.000E+00,-4.891E+00, 6.559E-01, 1.304E+00, 1.475E-01, 1.000E-01,-9.990E+02, 1.000E+00,-9.990E+02, 0.000E+00, 0.000E+00, 0.000E+00, 1.000E+00, 0.000E+00, 0.000E+00, 0.000E+00, 0.000E+00, 2.307E+02, 6.835E+01, 5.576E-03, 0.000E+00, 1.793E+02, 2.747E-03, 2.355E-01
05/01/2019,21:00,9,2.048,2.548,-.590,.964,.021, 1.019E+03, 1.373E+02, 3.104E-02, 2.136E-02, 0.000E+00, 0.000E+00, 0.000E+00, 0.000E+00,-6.142E+00, 3.303E+00, 1.675E+00, 2.459E-01, 1.000E-01,-9.990E+02, 1.000E+00,-9.990E+02, 0.000E+00, 0.000E+00, 0.000E+00, 1.000E+00, 0.000E+00, 0.000E+00, 0.000E+00, 0.000E+00, 1.853E+02, 6.835E+01, 5.515E-03, 0.000E+00, 1.813E+02, 2.763E-03, 2.240E-01
05/01/2019,22:00,9,2.048,2.548,-.499,.964,.021, 1.019E+03, 1.411E+02, 3.104E-02, 2.162E-02, 0.000E+00, 0.000E+00, 0.000E+00, 0.000E+00,-6.142E+00, 3.303E+00, 1.755E+00, 2.460E-01, 1.000E-01,-9.990E+02, 1.000E+00,-9.990E+02, 0.000E+00, 0.000E+00, 0.000E+00, 1.000E+00, 0.000E+00, 0.000E+00, 0.000E+00, 0.000E+00, 1.853E+02, 6.835E+01, 5.716E-03, 0.000E+00, 1.749E+02, 2.813E-03, 2.544E-01
05/01/2019,23:00,9,2.048,2.548,-.408,.963,.022, 1.019E+03, 1.424E+02, 3.104E-02, 2.187E-02, 0.000E+00, 0.000E+00, 0.000E+00, 0.000E+00,-6.142E+00, 3.303E+00, 1.838E+00, 2.460E-01, 1.000E-01,-9.990E+02, 1.000E+00,-9.990E+02, 0.000E+00, 0.000E+00, 0.000E+00, 1.000E+00, 0.000E+00, 0.000E+00, 0.000E+00, 0.000E+00, 1.853E+02, 6.835E+01, 5.933E-03, 0.000E+00, 1.686E+02, 2.865E-03, 2.861E-01
06/01/2019,00:00,9,2.059,2.559,-.317,.962,.023, 1.019E+03, 1.407E+02, 2.092E-02, 2.213E-02, 0.000E+00, 0.000E+00, 0.000E+00, 0.000E+00,-9.194E+00, 4.503E+00, 1.923E+00, 2.660E-01, 1.021E-01,-9.990E+02, 1.000E+00,-9.990E+02, 0.000E+00, 0.000E+00, 0.000E+00, 1.000E+00, 0.000E+00, 0.000E+00, 0.000E+00, 0.000E+00, 1.845E+02, 6.696E+01, 6.167E-03, 0.000E+00, 1.622E+02, 2.947E-03, 3.301E-01
06/01/2019,01:00,9,2.059,2.559,-.141,.967,.020, 1.019E+03, 1.365E+02, 2.092E-02, 2.238E-02, 0.000E+00, 0.000E+00, 0.000E+00, 0.000E+00,-9.194E+00, 4.503E+00, 1.835E+00, 2.661E-01, 1.000E-01,-9.990E+02, 1.000E+00,-9.990E+02, 0.000E+00, 0.000E+00, 0.000E+00, 1.000E+00, 0.000E+00, 0.000E+00, 0.000E+00, 0.000E+00, 1.884E+02, 6.835E+01, 6.673E-03, 0.000E+00, 1.499E+02, 3.024E-03, 3.248E-01
06/01/2019,02:00,9,2.059,2.559,.035,.972,.017, 1.019E+03, 1.306E+02, 2.092E-02, 2.264E-02, 0.000E+00, 0.000E+00, 0.000E+00, 0.000E+00,-9.194E+00, 4.503E+00, 1.852E+00, 2.662E-01, 1.000E-01,-9.990E+02, 1.000E+00,-9.990E+02, 0.000E+00, 0.000E+00, 0.000E+00, 1.000E+00, 0.000E+00, 0.000E+00, 0.000E+00, 0.000E+00, 1.883E+02, 6.835E+01, 7.269E-03, 0.000E+00, 1.376E+02, 3.141E-03, 2.506E-01
06/01/2019,03:00,9,2.059,2.559,.211,.977,.015, 1.019E+03, 1.236E+02, 2.430E-03, 2.289E-02, 0.000E+00, 0.000E+00, 0.000E+00, 0.000E+00,-1.350E+01,-4.339E+00, 1.971E+00, 1.975E-01, 1.000E-01,-9.990E+02, 1.000E+00,-9.990E+02, 0.000E+00, 0.000E+00, 0.000E+00, 1.000E+00, 0.000E+00, 0.000E+00, 0.000E+00, 0.000E+00, 2.401E+02, 6.835E+01, 7.983E-03, 0.000E+00, 1.253E+02, 3.217E-03, 1.680E-01
06/01/2019,04:00,9,2.059,2.559,-.014,.977,.014, 1.019E+03, 1.162E+02, 2.430E-03, 2.289E-02, 0.000E+00, 0.000E+00, 0.000E+00, 0.000E+00,-1.350E+01,-4.339E+00, 2.037E+00, 1.975E-01, 1.000E-01,-9.990E+02, 1.000E+00,-9.990E+02, 0.000E+00, 0.000E+00, 0.000E+00, 1.000E+00, 0.000E+00, 0.000E+00, 0.000E+00, 0.000E+00, 2.402E+02, 6.835E+01, 7.093E-03, 0.000E+00, 1.410E+02, 3.062E-03, 1.552E-01
06/01/2019,05:00,9,2.059,2.559,-.239,.977,.014, 1.019E+03, 1.088E+02, 2.430E-03, 2.289E-02, 0.000E+00, 0.000E+00, 0.000E+00, 0.000E+00,-1.350E+01,-4.339E+00, 2.111E+00, 1.974E-01, 1.000E-01,-9.990E+02, 1.000E+00,-9.990E+02, 0.000E+00, 0.000E+00, 0.000E+00, 1.000E+00, 0.000E+00, 0.000E+00, 0.000E+00, 0.000E+00, 2.402E+02, 6.835E+01, 6.381E-03, 0.000E+00, 1.567E+02, 2.921E-03, 1.521E-01
06/01/2019,06:00,9,2.059,2.559,-.463,.977,.014, 1.018E+03, 1.017E+02, 0.000E+00, 2.289E-02, 0.000E+00, 0.000E+00, 0.000E+00, 0.000E+00,-1.574E+01,-3.119E+00, 2.190E+00, 2.211E-01, 1.000E-01,-9.990E+02, 1.000E+00,-9.990E+02, 0.000E+00, 0.000E+00, 0.000E+00, 1.000E+00, 0.000E+00, 0.000E+00, 0.000E+00, 0.000E+00, 2.281E+02, 6.835E+01, 5.799E-03, 0.000E+00, 1.724E+02, 2.802E-03, 1.660E-01
06/01/2019,07:00,9,2.059,2.559,-.184,.976,.014, 1.018E+03, 9.529E+01, 0.000E+00, 2.289E-02, 0.000E+00, 0.000E+00, 0.000E+00, 0.000E+00,-1.574E+01,-3.119E+00, 2.209E+00, 2.212E-01, 1.000E-01,-9.990E+02, 1.000E+00,-9.990E+02, 0.000E+00, 0.000E+00, 0.000E+00, 1.000E+00, 0.000E+00, 0.000E+00, 0.000E+00, 0.000E+00, 2.280E+02, 6.835E+01, 6.541E-03, 0.000E+00, 1.529E+02, 2.964E-03, 1.932E-01
06/01/2019,08:00,9,2.059,2.559,.095,.976,.015, 1.018E+03, 8.988E+01, 0.000E+00, 2.289E-02, 2.042E-40, 2.071E-01, 0.000E+00, 0.000E+00,-1.574E+01,-3.119E+00, 2.229E+00, 2.213E-01, 1.000E-01,-9.990E+02, 1.000E+00,-9.990E+02, 0.000E+00, 0.000E+00, 0.000E+00, 1.000E+00, 0.000E+00, 0.000E+00, 0.000E+00, 0.000E+00, 2.279E+02, 6.835E+01, 7.500E-03, 0.000E+00, 1.333E+02, 3.146E-03, 2.089E-01
06/01/2019,09:00,9,2.059,2.559,.374,.975,.016, 1.018E+03, 8.577E+01, 2.537E-03, 2.289E-02, 9.309E-01, 1.181E+01, 1.152E+01, 5.209E+00,-1.020E+01, 3.784E+00, 2.249E+00, 2.542E-01, 1.160E-01, 7.166E-02, 1.000E+00, 2.061E-01, 3.773E-01, 1.000E-02, 1.000E+00, 1.000E+00, 2.061E-03, 1.265E-05, 2.317E-05, 0.000E+00, 1.671E+02, 5.891E+01, 8.788E-03, 3.573E-05, 1.133E+02, 3.709E-03, 2.424E-01
06/01/2019,10:00,9,2.059,2.559,.831,.961,.025, 1.018E+03, 8.322E+01, 2.537E-03, 2.264E-02, 3.828E+00, 2.162E+01, 2.587E+01, 9.649E+00,-1.020E+01, 3.784E+00, 2.266E+00, 2.545E-01, 1.170E-01, 1.146E-01, 1.000E+00, 3.651E-01, 6.549E-01, 1.000E-02, 1.000E+00, 1.000E+00, 3.651E-03, 2.246E-05, 4.028E-05, 0.000E+00, 1.657E+02, 5.844E+01, 1.222E-02, 6.341E-05, 8.140E+01, 4.230E-03, 2.416E-01
06/01/2019,11:00,9,2.059,2.559,1.288,.947,.035, 1.017E+03, 8.243E+01, 2.537E-03, 2.238E-02, 5.034E+00, 2.498E+01, 3.029E+01, 1.118E+01,-1.020E+01, 3.784E+00, 2.290E+00, 2.547E-01, 1.182E-01, 1.278E-01, 1.000E+00, 4.125E-01, 7.123E-01, 1.000E-02, 1.000E+00, 1.000E+00, 4.125E-03, 2.541E-05, 4.389E-05, 0.000E+00, 1.638E+02, 5.781E+01, 1.429E-02, 7.176E-05, 6.965E+01, 4.484E-03, 2.556E-01
06/01/2019,12:00,9,2.059,2.559,1.745,.933,.046, 1.017E+03, 8.346E+01, 1.855E-02, 2.213E-02, 2.688E-01, 1.077E+01, 5.897E+00, 4.717E+00,-1.482E+01, 2.014E-01, 2.320E+00, 2.488E-01, 1.116E-01, 1.106E-01, 1.000E+00, 1.807E-01, 2.154E-01, 1.000E-02, 1.000E+00, 1.000E+00, 1.807E-03, 1.115E-05, 1.329E-05, 0.000E+00, 1.862E+02, 6.123E+01, 1.429E-02, 3.148E-05, 6.985E+01, 4.284E-03, 3.045E-01
06/01/2019,13:00,9,2.059,2.559,1.635,.938,.042, 1.017E+03, 8.622E+01, 1.855E-02, 2.213E-02, 4.753E-02, 4.943E+00, 2.521E+00, 2.160E+00,-1.482E+01, 2.014E-01, 2.317E+00, 2.488E-01, 1.115E-01, 6.406E-02, 1.000E+00, 8.589E-02, 9.848E-02, 1.000E-02, 1.000E+00, 1.000E+00, 8.589E-04, 5.298E-06, 6.075E-06, 0.000E+00, 1.865E+02, 6.133E+01, 1.429E-02, 1.496E-05, 6.993E+01, 4.277E-03, 3.115E-01
06/01/2019,14:00,9,2.059,2.559,1.525,.944,.038, 1.017E+03, 9.051E+01, 1.855E-02, 2.213E-02, 0.000E+00, 0.000E+00, 0.000E+00, 0.000E+00,-1.482E+01, 2.014E-01, 2.346E+00, 2.487E-01, 1.128E-01,-9.990E+02, 1.000E+00,-9.990E+02, 0.000E+00, 0.000E+00, 0.000E+00, 1.000E+00, 0.000E+00, 0.000E+00, 0.000E+00, 0.000E+00, 1.842E+02, 6.058E+01, 1.429E-02, 0.000E+00, 7.000E+01, 4.313E-03, 2.886E-01
06/01/2019,15:00,9,2.059,2.559,1.415,.949,.035, 1.017E+03, 9.607E+01, 0.000E+00, 2.213E-02, 0.000E+00, 0.000E+00, 0.000E+00, 0.000E+00,-2.385E+01,-2.001E+00, 2.405E+00, 2.553E-01, 1.059E-01,-9.990E+02, 1.000E+00,-9.990E+02, 0.000E+00, 0.000E+00, 0.000E+00, 1.000E+00, 0.000E+00, 0.000E+00, 0.000E+00, 0.000E+00, 2.145E+02, 6.455E+01, 1.429E-02, 0.000E+00, 7.000E+01, 4.096E-03, 2.659E-01
06/01/2019,16:00,9,2.059,2.559,1.411,.948,.035, 1.017E+03, 1.026E+02, 0.000E+00, 2.187E-02, 0.000E+00, 0.000E+00, 0.000E+00, 0.000E+00,-2.385E+01,-2.001E+00, 2.458E+00, 2.553E-01, 1.082E-01,-9.990E+02, 1.000E+00,-9.990E+02, 0.000E+00, 0.000E+00, 0.000E+00, 1.000E+00, 0.000E+00, 0.000E+00, 0.000E+00, 0.000E+00, 2.099E+02, 6.316E+01, 1.429E-02, 0.000E+00, 7.000E+01, 4.159E-03, 2.661E-01
06/01/2019,17:00,9,2.059,2.559,1.407,.946,.036, 1.017E+03, 1.097E+02, 0.000E+00, 2.162E-02, 0.000E+00, 0.000E+00, 0.000E+00, 0.000E+00,-2.385E+01,-2.001E+00, 2.590E+00, 2.553E-01, 1.140E-01,-9.990E+02, 1.000E+00,-9.990E+02, 0.000E+00, 0.000E+00, 0.000E+00, 1.000E+00, 0.000E+00, 0.000E+00, 0.000E+00, 0.000E+00, 1.992E+02, 5.995E+01, 1.429E-02, 0.000E+00, 7.000E+01, 4.315E-03, 2.637E-01
06/01/2019,18:00,9,2.059,2.559,1.403,.945,.037, 1.017E+03, 1.172E+02, 3.876E-04, 2.136E-02, 0.000E+00, 0.000E+00, 0.000E+00, 0.000E+00,-3.454E+01,-5.229E+00, 2.790E+00, 2.700E-01, 1.161E-01,-9.990E+02, 1.000E+00,-9.990E+02, 0.000E+00, 0.000E+00, 0.000E+00, 1.000E+00, 0.000E+00, 0.000E+00, 0.000E+00, 0.000E+00, 2.071E+02, 5.890E+01, 1.429E-02, 0.000E+00, 7.000E+01, 4.348E-03, 2.349E-01
06/01/2019,19:00,9,2.059,2.559,1.138,.953,.031, 1.017E+03, 1.245E+02, 3.876E-04, 2.111E-02, 0.000E+00, 0.000E+00, 0.000E+00, 0.000E+00,-3.454E+01,-5.229E+00, 2.902E+00, 2.698E-01, 1.207E-01,-9.990E+02, 1.000E+00,-9.990E+02, 0.000E+00, 0.000E+00, 0.000E+00, 1.000E+00, 0.000E+00, 0.000E+00, 0.000E+00, 0.000E+00, 1.993E+02, 5.665E+01, 1.429E-02, 0.000E+00, 7.000E+01, 4.467E-03, 1.892E-01
06/01/2019,20:00,9,2.059,2.559,.872,.962,.025, 1.017E+03, 1.314E+02, 3.876E-04, 2.085E-02, 0.000E+00, 0.000E+00, 0.000E+00, 0.000E+00,-3.454E+01,-5.229E+00, 3.016E+00, 2.697E-01, 1.254E-01,-9.990E+02, 1.000E+00,-9.990E+02, 0.000E+00, 0.000E+00, 0.000E+00, 1.000E+00, 0.000E+00, 0.000E+00, 0.000E+00, 0.000E+00, 1.919E+02, 5.452E+01, 1.267E-02, 0.000E+00, 7.894E+01, 4.405E-03, 1.471E-01
06/01/2019,21:00,9,2.059,2.559,.607,.970,.019, 1.017E+03, 1.371E+02, 0.000E+00, 2.060E-02, 0.000E+00, 0.000E+00, 0.000E+00, 0.000E+00,-4.124E+01,-2.023E+00, 3.134E+00, 3.378E-01, 1.477E-01,-9.990E+02, 1.000E+00,-9.990E+02, 0.000E+00, 0.000E+00, 0.000E+00, 1.000E+00, 0.000E+00, 0.000E+00, 0.000E+00, 0.000E+00, 1.437E+02, 4.629E+01, 1.025E-02, 0.000E+00, 9.752E+01, 4.515E-03, 9.363E-02
06/01/2019,22:00,9,2.059,2.559,.882,.963,.024, 1.017E+03, 1.410E+02, 0.000E+00, 2.035E-02, 0.000E+00, 0.000E+00, 0.000E+00, 0.000E+00,-4.124E+01,-2.023E+00, 3.162E+00, 3.380E-01, 1.490E-01,-9.990E+02, 1.000E+00,-9.990E+02, 0.000E+00, 0.000E+00, 0.000E+00, 1.000E+00, 0.000E+00, 0.000E+00, 0.000E+00, 0.000E+00, 1.424E+02, 4.587E+01, 1.278E-02, 0.000E+00, 7.823E+01, 4.974E-03, 1.110E-01
06/01/2019,23:00,9,2.059,2.559,1.158,.956,.029, 1.017E+03, 1.423E+02, 0.000E+00, 2.009E-02, 0.000E+00, 0.000E+00, 0.000E+00, 0.000E+00,-4.124E+01,-2.023E+00, 3.209E+00, 3.382E-01, 1.513E-01,-9.990E+02, 1.000E+00,-9.990E+02, 0.000E+00, 0.000E+00, 0.000E+00, 1.000E+00, 0.000E+00, 0.000E+00, 0.000E+00, 0.000E+00, 1.402E+02, 4.518E+01, 1.429E-02, 0.000E+00, 7.000E+01, 5.236E-03, 1.024E-01
07/01/2019,00:00,9,2.070,2.570,1.434,.949,.034, 1.016E+03, 1.406E+02, 2.477E-05, 1.984E-02, 0.000E+00, 0.000E+00, 0.000E+00, 0.000E+00,-4.630E+01, 2.651E+00, 3.275E+00, 3.443E-01, 1.524E-01,-9.990E+02, 1.000E+00,-9.990E+02, 0.000E+00, 0.000E+00, 0.000E+00, 1.000E+00, 0.000E+00, 0.000E+00, 0.000E+00, 0.000E+00, 1.411E+02, 4.486E+01, 1.429E-02, 0.000E+00, 7.000E+01, 5.255E-03, 9.918E-02
07/01/2019,01:00,9,2.070,2.570,1.238,.947,.035, 1.017E+03, 1.365E+02, 2.477E-05, 1.984E-02, 0.000E+00, 0.000E+00, 0.000E+00, 0.000E+00,-4.630E+01, 2.651E+00, 3.307E+00, 3.441E-01, 1.538E-01,-9.990E+02, 1.000E+00,-9.990E+02, 0.000E+00, 0.000E+00, 0.000E+00, 1.000E+00, 0.000E+00, 0.000E+00, 0.000E+00, 0.000E+00, 1.398E+02, 4.444E+01, 1.429E-02, 0.000E+00, 7.000E+01, 5.286E-03, 9.664E-02
07/01/2019,02:00,9,2.070,2.570,1.043,.945,.036, 1.017E+03, 1.305E+02, 2.477E-05, 1.984E-02, 0.000E+00, 0.000E+00, 0.000E+00, 0.000E+00,-4.630E+01, 2.651E+00, 3.365E+00, 3.440E-01, 1.565E-01,-9.990E+02, 1.000E+00,-9.990E+02, 0.000E+00, 0.000E+00, 0.000E+00, 1.000E+00, 0.000E+00, 0.000E+00, 0.000E+00, 0.000E+00, 1.374E+02, 4.369E+01, 1.429E-02, 0.000E+00, 7.000E+01, 5.343E-03, 8.919E-02
07/01/2019,03:00,9,2.070,2.570,.848,.943,.037, 1.017E+03, 1.236E+02, 2.477E-05, 1.984E-02, 0.000E+00, 0.000E+00, 0.000E+00, 0.000E+00,-4.866E+01,-7.048E+00, 3.448E+00, 2.988E-01, 1.418E-01,-9.990E+02, 1.000E+00,-9.990E+02, 0.000E+00, 0.000E+00, 0.000E+00, 1.000E+00, 0.000E+00, 0.000E+00, 0.000E+00, 0.000E+00, 1.715E+02, 4.821E+01, 1.240E-02, 0.000E+00, 8.066E+01, 4.722E-03, 8.334E-02
07/01/2019,04:00,9,2.070,2.570,.124,.941,.036, 1.017E+03, 1.162E+02, 2.477E-05, 1.984E-02, 0.000E+00, 0.000E+00, 0.000E+00, 0.000E+00,-4.866E+01,-7.048E+00, 3.271E+00, 2.985E-01, 1.344E-01,-9.990E+02, 1.000E+00,-9.990E+02, 0.000E+00, 0.000E+00, 0.000E+00, 1.000E+00, 0.000E+00, 0.000E+00, 0.000E+00, 0.000E+00, 1.812E+02, 5.088E+01, 7.614E-03, 0.000E+00, 1.313E+02, 3.707E-03, 8.251E-02
07/01/2019,05:00,9,2.070,2.570,-.600,.940,.035, 1.016E+03, 1.087E+02, 2.477E-05, 1.984E-02, 0.000E+00, 0.000E+00, 0.000E+00, 0.000E+00,-4.866E+01,-7.048E+00, 3.102E+00, 2.981E-01, 1.272E-01,-9.990E+02, 1.000E+00,-9.990E+02, 0.000E+00, 0.000E+00, 0.000E+00, 1.000E+00, 0.000E+00, 0.000E+00, 0.000E+00, 0.000E+00, 1.916E+02, 5.372E+01, 5.494E-03, 0.000E+00, 1.820E+02, 3.047E-03, 1.017E-01
07/01/2019,06:00,9,2.070,2.570,-1.324,.939,.034, 1.016E+03, 1.016E+02, 2.477E-05, 1.984E-02, 0.000E+00, 0.000E+00, 0.000E+00, 0.000E+00,-2.378E+01,-1.047E+00, 2.941E+00, 2.117E-01, 1.084E-01,-9.990E+02, 1.000E+00,-9.990E+02, 0.000E+00, 0.000E+00, 0.000E+00, 1.000E+00, 0.000E+00, 0.000E+00, 0.000E+00, 0.000E+00, 2.504E+02, 6.307E+01, 1.429E-03, 0.000E+00, 7.000E+02, 1.144E-03, 1.504E-01
07/01/2019,07:00,9,2.070,2.570,-1.321,.940,.033, 1.016E+03, 9.522E+01, 2.477E-05, 1.984E-02, 0.000E+00, 0.000E+00, 0.000E+00, 0.000E+00,-2.378E+01,-1.047E+00, 2.466E+00, 2.117E-01, 1.000E-01,-9.990E+02, 1.000E+00,-9.990E+02, 0.000E+00, 0.000E+00, 0.000E+00, 1.000E+00, 0.000E+00, 0.000E+00, 0.000E+00, 0.000E+00, 2.713E+02, 6.835E+01, 1.429E-03, 0.000E+00, 7.000E+02, 1.125E-03, 2.074E-01
07/01/2019,08:00,9,2.070,2.570,-1.319,.942,.032, 1.015E+03, 8.979E+01, 2.477E-05, 1.984E-02, 4.165E-24, 2.805E-01, 0.000E+00, 0.000E+00,-2.378E+01,-1.047E+00, 2.078E+00, 2.117E-01, 1.000E-01,-9.990E+02, 1.000E+00,-9.990E+02, 0.000E+00, 0.000E+00, 0.000E+00, 1.000E+00, 0.000E+00, 0.000E+00, 0.000E+00, 0.000E+00, 2.713E+02, 6.835E+01, 1.429E-03, 0.000E+00, 7.000E+02, 1.125E-03, 2.422E-01
07/01/2019,09:00,9,2.070,2.570,-1.316,.943,.032, 1.015E+03, 8.567E+01, 2.477E-05, 1.984E-02, 7.831E-02, 5.953E+00, 3.113E+00, 2.595E+00,-5.416E+00, 3.964E+00, 1.833E+00, 1.551E-01, 1.000E-01, 7.301E-02, 1.000E+00, 1.026E-01, 1.202E-01, 1.000E-02, 1.000E+00, 1.000E+00, 1.026E-03, 6.262E-06, 7.335E-06, 0.000E+00, 2.280E+02, 6.835E+01, 1.429E-03, 1.778E-05, 6.914E+02, 1.142E-03, 3.101E-01
07/01/2019,10:00,9,2.070,2.570,-1.067,.950,.028, 1.014E+03, 8.311E+01, 2.477E-05, 1.984E-02, 3.091E-01, 1.165E+01, 6.375E+00, 5.087E+00,-5.416E+00, 3.964E+00, 1.535E+00, 1.553E-01, 1.000E-01, 1.159E-01, 1.000E+00, 1.936E-01, 2.306E-01, 1.000E-02, 1.000E+00, 1.000E+00, 1.936E-03, 1.183E-05, 1.409E-05, 0.000E+00, 2.279E+02, 6.835E+01, 1.429E-03, 3.357E-05, 6.839E+02, 1.152E-03, 3.973E-01
07/01/2019,11:00,9,2.070,2.570,-.818,.958,.024, 1.013E+03, 8.230E+01, 2.477E-05, 1.984E-02, 4.056E-01, 1.370E+01, 7.499E+00, 5.985E+00,-5.416E+00, 3.964E+00, 1.562E+00, 1.554E-01, 1.000E-01, 1.294E-01, 1.000E+00, 2.243E-01, 2.654E-01, 1.000E-02, 1.000E+00, 1.000E+00, 2.243E-03, 1.371E-05, 1.623E-05, 0.000E+00, 2.278E+02, 6.835E+01, 5.070E-03, 3.892E-05, 1.957E+02, 2.630E-03, 5.047E-01
07/01/2019,12:00,9,2.070,2.570,-.569,.965,.021, 1.012E+03, 8.331E+01, 2.477E-05, 1.984E-02, 1.702E+00, 1.724E+01, 1.491E+01, 7.596E+00,-8.050E+00, 1.266E+00, 1.901E+00, 2.068E-01, 1.000E-01, 1.125E-01, 1.000E+00, 2.897E-01, 4.583E-01, 1.000E-02, 1.000E+00, 1.000E+00, 2.897E-03, 1.773E-05, 2.805E-05, 0.000E+00, 2.059E+02, 6.835E+01, 5.562E-03, 5.032E-05, 1.782E+02, 2.773E-03, 6.694E-01
07/01/2019,13:00,9,2.070,2.570,-.714,.967,.019, 1.011E+03, 8.607E+01, 2.477E-05, 2.009E-02, 3.328E-01, 8.410E+00, 6.104E+00, 3.679E+00,-8.050E+00, 1.266E+00, 1.982E+00, 2.068E-01, 1.000E-01, 6.630E-02, 1.000E+00, 1.458E-01, 2.220E-01, 1.000E-02, 1.000E+00, 1.000E+00, 1.458E-03, 8.919E-06, 1.358E-05, 0.000E+00, 2.059E+02, 6.835E+01, 5.264E-03, 2.532E-05, 1.891E+02, 2.692E-03, 8.222E-01
07/01/2019,14:00,9,2.070,2.570,-.859,.970,.017, 1.010E+03, 9.036E+01, 2.477E-05, 2.035E-02, 0.000E+00, 0.000E+00, 0.000E+00, 0.000E+00,-8.050E+00, 1.266E+00, 2.097E+00, 2.068E-01, 1.018E-01,-9.990E+02, 1.000E+00,-9.990E+02, 0.000E+00, 0.000E+00, 0.000E+00, 1.000E+00, 0.000E+00, 0.000E+00, 0.000E+00, 0.000E+00, 2.022E+02, 6.712E+01, 4.997E-03, 0.000E+00, 2.001E+02, 2.637E-03, 9.602E-01
07/01/2019,15:00,9,2.070,2.570,-1.004,.972,.016, 1.009E+03, 9.591E+01, 1.381E-01, 2.060E-02, 0.000E+00, 0.000E+00, 0.000E+00, 0.000E+00,-1.258E+01, 3.753E+00, 2.242E+00, 2.858E-01, 1.176E-01,-9.990E+02, 1.000E+00,-9.990E+02, 0.000E+00, 0.000E+00, 0.000E+00, 1.000E+00, 0.000E+00, 0.000E+00, 0.000E+00, 0.000E+00, 1.621E+02, 5.812E+01, 1.429E-03, 0.000E+00, 7.000E+02, 1.171E-03, 1.049E+00
07/01/2019,16:00,9,2.070,2.570,-.726,.974,.015, 1.007E+03, 1.024E+02, 1.381E-01, 2.136E-02, 0.000E+00, 0.000E+00, 0.000E+00, 0.000E+00,-1.258E+01, 3.753E+00, 2.326E+00, 2.861E-01, 1.220E-01,-9.990E+02, 1.000E+00,-9.990E+02, 0.000E+00, 0.000E+00, 0.000E+00, 1.000E+00, 0.000E+00, 0.000E+00, 0.000E+00, 0.000E+00, 1.562E+02, 5.602E+01, 5.241E-03, 0.000E+00, 1.908E+02, 2.949E-03, 1.016E+00
07/01/2019,17:00,9,2.070,2.570,-.447,.975,.015, 1.006E+03, 1.096E+02, 1.381E-01, 2.213E-02, 0.000E+00, 0.000E+00, 0.000E+00, 0.000E+00,-1.258E+01, 3.753E+00, 2.498E+00, 2.865E-01, 1.311E-01,-9.990E+02, 1.000E+00,-9.990E+02, 0.000E+00, 0.000E+00, 0.000E+00, 1.000E+00, 0.000E+00, 0.000E+00, 0.000E+00, 0.000E+00, 1.453E+02, 5.213E+01, 5.838E-03, 0.000E+00, 1.713E+02, 3.233E-03, 9.314E-01
07/01/2019,18:00,9,2.070,2.570,-.168,.977,.014, 1.005E+03, 1.170E+02, 3.619E-01, 2.289E-02, 0.000E+00, 0.000E+00, 0.000E+00, 0.000E+00,-9.665E+00, 2.835E+00, 2.743E+00, 3.893E-01, 1.566E-01,-9.990E+02, 1.000E+00,-9.990E+02, 0.000E+00, 0.000E+00, 0.000E+00, 1.000E+00, 0.000E+00, 0.000E+00, 0.000E+00, 0.000E+00, 1.119E+02, 4.365E+01, 6.589E-03, 0.000E+00, 1.518E+02, 3.753E-03, 7.627E-01
07/01/2019,19:00,9,2.070,2.570,-.088,.980,.012, 1.003E+03, 1.244E+02, 3.619E-01, 2.467E-02, 0.000E+00, 0.000E+00, 0.000E+00, 0.000E+00,-9.665E+00, 2.835E+00, 2.708E+00, 3.897E-01, 1.546E-01,-9.990E+02, 1.000E+00,-9.990E+02, 0.000E+00, 0.000E+00, 0.000E+00, 1.000E+00, 0.000E+00, 0.000E+00, 0.000E+00, 0.000E+00, 1.133E+02, 4.421E+01, 6.843E-03, 0.000E+00, 1.461E+02, 3.812E-03, 4.847E-01
07/01/2019,20:00,9,2.070,2.570,-.007,.983,.010, 1.001E+03, 1.312E+02, 3.619E-01, 2.645E-02, 0.000E+00, 0.000E+00, 0.000E+00, 0.000E+00,-9.665E+00, 2.835E+00, 2.679E+00, 3.900E-01, 1.529E-01,-9.990E+02, 1.000E+00,-9.990E+02, 0.000E+00, 0.000E+00, 0.000E+00, 1.000E+00, 0.000E+00, 0.000E+00, 0.000E+00, 0.000E+00, 1.145E+02, 4.469E+01, 7.117E-03, 0.000E+00, 1.405E+02, 3.877E-03, 1.851E-01
07/01/2019,21:00,9,2.070,2.570,.073,.987,.008, 9.998E+02, 1.370E+02, 9.183E-02, 2.823E-02, 0.000E+00, 0.000E+00, 0.000E+00, 0.000E+00,-6.921E+00, 3.847E-01, 2.655E+00, 3.670E-01, 1.524E-01,-9.990E+02, 1.000E+00,-9.990E+02, 0.000E+00, 0.000E+00, 0.000E+00, 1.000E+00, 0.000E+00, 0.000E+00, 0.000E+00, 0.000E+00, 1.143E+02, 4.485E+01, 7.414E-03, 0.000E+00, 1.349E+02, 3.958E-03, 2.149E-02
07/01/2019,22:00,9,2.070,2.570,.123,.989,.007, 9.984E+02, 1.408E+02, 9.183E-02, 2.874E-02, 0.000E+00, 0.000E+00, 0.000E+00, 0.000E+00,-6.921E+00, 3.847E-01, 2.642E+00, 3.673E-01, 1.517E-01,-9.990E+02, 1.000E+00,-9.990E+02, 0.000E+00, 0.000E+00, 0.000E+00, 1.000E+00, 0.000E+00, 0.000E+00, 0.000E+00, 0.000E+00, 1.148E+02, 4.506E+01, 7.611E-03, 0.000E+00, 1.314E+02, 4.004E-03, 8.602E-03
07/01/2019,23:00,9,2.070,2.570,.173,.992,.005, 9.969E+02, 1.421E+02, 9.183E-02, 2.925E-02, 0.000E+00, 0.000E+00, 0.000E+00, 0.000E+00,-6.921E+00, 3.847E-01, 2.633E+00, 3.676E-01, 1.512E-01,-9.990E+02, 1.000E+00,-9.990E+02, 0.000E+00, 0.000E+00, 0.000E+00, 1.000E+00, 0.000E+00, 0.000E+00, 0.000E+00, 0.000E+00, 1.152E+02, 4.522E+01, 7.819E-03, 0.000E+00, 1.279E+02, 4.054E-03, 6.803E-03
08/01/2019,00:00,9,2.081,2.581,.223,.995,.003, 9.955E+02, 1.405E+02, 3.480E-01, 2.976E-02, 0.000E+00, 0.000E+00, 0.000E+00, 0.000E+00,-7.905E+00, 1.955E+00, 2.627E+00, 3.177E-01, 1.470E-01,-9.990E+02, 1.000E+00,-9.990E+02, 0.000E+00, 0.000E+00, 0.000E+00, 1.000E+00, 0.000E+00, 0.000E+00, 0.000E+00, 0.000E+00, 1.216E+02, 4.650E+01, 8.038E-03, 0.000E+00, 1.244E+02, 4.052E-03, 6.657E-03
08/01/2019,01:00,9,2.081,2.581,.227,.992,.005, 9.944E+02, 1.364E+02, 3.480E-01, 3.179E-02, 0.000E+00, 0.000E+00, 0.000E+00, 0.000E+00,-7.905E+00, 1.955E+00, 2.398E+00, 3.179E-01, 1.342E-01,-9.990E+02, 1.000E+00,-9.990E+02, 0.000E+00, 0.000E+00, 0.000E+00, 1.000E+00, 0.000E+00, 0.000E+00, 0.000E+00, 0.000E+00, 1.332E+02, 5.094E+01, 8.057E-03, 0.000E+00, 1.241E+02, 3.873E-03, 9.510E-03
08/01/2019,02:00,9,2.081,2.581,.231,.989,.007, 9.934E+02, 1.305E+02, 3.480E-01, 3.383E-02, 0.000E+00, 0.000E+00, 0.000E+00, 0.000E+00,-7.905E+00, 1.955E+00, 2.363E+00, 3.181E-01, 1.322E-01,-9.990E+02, 1.000E+00,-9.990E+02, 0.000E+00, 0.000E+00, 0.000E+00, 1.000E+00, 0.000E+00, 0.000E+00, 0.000E+00, 0.000E+00, 1.351E+02, 5.169E+01, 8.075E-03, 0.000E+00, 1.238E+02, 3.848E-03, 1.469E-02
08/01/2019,03:00,9,2.081,2.581,.235,.986,.009, 9.924E+02, 1.235E+02, 1.051E+00, 3.586E-02, 0.000E+00, 0.000E+00, 0.000E+00, 0.000E+00,-7.815E+00, 1.856E+00, 2.531E+00, 3.674E-01, 1.446E-01,-9.990E+02, 1.000E+00,-9.990E+02, 0.000E+00, 0.000E+00, 0.000E+00, 1.000E+00, 0.000E+00, 0.000E+00, 0.000E+00, 0.000E+00, 1.210E+02, 4.727E+01, 8.094E-03, 0.000E+00, 1.235E+02, 4.037E-03, 1.820E-02
08/01/2019,04:00,9,2.081,2.581,.241,.984,.010, 9.919E+02, 1.161E+02, 1.051E+00, 4.095E-02, 0.000E+00, 0.000E+00, 0.000E+00, 0.000E+00,-7.815E+00, 1.856E+00, 2.417E+00, 3.675E-01, 1.381E-01,-9.990E+02, 1.000E+00,-9.990E+02, 0.000E+00, 0.000E+00, 0.000E+00, 1.000E+00, 0.000E+00, 0.000E+00, 0.000E+00, 0.000E+00, 1.267E+02, 4.949E+01, 8.122E-03, 0.000E+00, 1.231E+02, 3.950E-03, 3.986E-02
08/01/2019,05:00,9,2.081,2.581,.247,.982,.011, 9.914E+02, 1.087E+02, 1.051E+00, 4.603E-02, 0.000E+00, 0.000E+00, 0.000E+00, 0.000E+00,-7.815E+00, 1.856E+00, 2.617E+00, 3.676E-01, 1.495E-01,-9.990E+02, 1.000E+00,-9.990E+02, 0.000E+00, 0.000E+00, 0.000E+00, 1.000E+00, 0.000E+00, 0.000E+00, 0.000E+00, 0.000E+00, 1.170E+02, 4.571E+01, 8.151E-03, 0.000E+00, 1.227E+02, 4.119E-03, 3.333E-02
08/01/2019,06:00,9,2.081,2.581,.254,.979,.013, 9.909E+02, 1.016E+02, 6.508E-01, 5.112E-02, 0.000E+00, 0.000E+00, 0.000E+00, 0.000E+00,-9.706E+00, 3.014E+00, 3.070E+00, 4.762E-01, 1.783E-01,-9.990E+02, 1.000E+00,-9.990E+02, 0.000E+00, 0.000E+00, 0.000E+00, 1.000E+00, 0.000E+00, 0.000E+00, 0.000E+00, 0.000E+00, 9.655E+01, 3.834E+01, 8.180E-03, 0.000E+00, 1.223E+02, 4.488E-03, 6.116E-02
08/01/2019,07:00,9,2.081,2.581,.350,.975,.015, 9.911E+02, 9.514E+01, 6.508E-01, 5.417E-02, 0.000E+00, 0.000E+00, 0.000E+00, 0.000E+00,-9.706E+00, 3.014E+00, 3.213E+00, 4.763E-01, 1.866E-01,-9.990E+02, 1.000E+00,-9.990E+02, 0.000E+00, 0.000E+00, 0.000E+00, 1.000E+00, 0.000E+00, 0.000E+00, 0.000E+00, 0.000E+00, 9.225E+01, 3.663E+01, 8.660E-03, 0.000E+00, 1.155E+02, 4.727E-03, 7.124E-02
08/01/2019,08:00,9,2.081,2.581,.447,.971,.018, 9.913E+02, 8.970E+01, 6.508E-01, 5.722E-02, 1.063E-16, 3.787E-01, 0.000E+00, 0.000E+00,-9.706E+00, 3.014E+00, 3.420E+00, 4.763E-01, 1.986E-01,-9.990E+02, 1.000E+00,-9.990E+02, 0.000E+00, 0.000E+00, 0.000E+00, 1.000E+00, 0.000E+00, 0.000E+00, 0.000E+00, 0.000E+00, 8.667E+01, 3.441E+01, 9.201E-03, 0.000E+00, 1.087E+02, 5.026E-03, 6.796E-02
08/01/2019,09:00,9,2.081,2.581,.544,.967,.021, 9.914E+02, 8.556E+01, 6.774E-01, 6.028E-02, 5.411E-02, 5.682E+00, 2.817E+00, 2.468E+00,-1.099E+01, 4.472E+00, 3.679E+00, 6.191E-01, 2.160E-01, 7.447E-02, 1.000E+00, 9.749E-02, 1.094E-01, 1.000E-02, 1.000E+00, 1.000E+00, 9.749E-04, 5.990E-06, 6.723E-06, 0.000E+00, 7.885E+01, 3.164E+01, 9.813E-03, 1.709E-05, 1.017E+02, 5.415E-03, 1.251E-01
08/01/2019,10:00,9,2.081,2.581,.658,.962,.025, 9.916E+02, 8.298E+01, 6.774E-01, 6.307E-02, 2.007E-01, 1.109E+01, 5.644E+00, 4.822E+00,-1.099E+01, 4.472E+00, 4.121E+00, 6.192E-01, 2.420E-01, 1.174E-01, 1.000E+00, 1.831E-01, 2.072E-01, 1.000E-02, 1.000E+00, 1.000E+00, 1.831E-03, 1.126E-05, 1.273E-05, 0.000E+00, 7.039E+01, 2.825E+01, 1.065E-02, 3.211E-05, 9.364E+01, 5.964E-03, 1.714E-01
08/01/2019,11:00,9,2.081,2.581,.772,.956,.028, 9.917E+02, 8.216E+01, 6.774E-01, 6.587E-02, 2.612E-01, 1.304E+01, 6.631E+00, 5.673E+00,-1.099E+01, 4.472E+00, 4.576E+00, 6.192E-01, 2.687E-01, 1.310E-01, 1.000E+00, 2.121E-01, 2.387E-01, 1.000E-02, 1.000E+00, 1.000E+00, 2.121E-03, 1.304E-05, 1.468E-05, 0.000E+00, 6.339E+01, 2.544E+01, 1.164E-02, 3.721E-05, 8.567E+01, 6.564E-03, 1.521E-01
08/01/2019,12:00,9,2.081,2.581,.886,.950,.032, 9.918E+02, 8.316E+01, 1.179E+00, 6.867E-02, 1.879E-01, 1.067E+01, 5.427E+00, 4.638E+00,-2.748E+01, 1.409E+01, 5.041E+00, 8.610E-01, 2.962E-01, 1.144E-01, 1.000E+00, 1.767E-01, 2.001E-01, 1.000E-02, 1.000E+00, 1.000E+00, 1.767E-03, 1.087E-05, 1.231E-05, 0.000E+00, 5.746E+01, 2.308E+01, 1.283E-02, 3.101E-05, 7.777E+01, 7.233E-03, 1.270E-01
08/01/2019,13:00,9,2.081,2.581,.873,.944,.036, 9.924E+02, 8.591E+01, 1.179E+00, 6.892E-02, 4.074E-02, 5.063E+00, 2.484E+00, 2.199E+00,-2.748E+01, 1.409E+01, 5.607E+00, 8.608E-01, 3.295E-01, 6.862E-02, 1.000E+00, 8.721E-02, 9.714E-02, 1.000E-02, 1.000E+00, 1.000E+00, 8.721E-04, 5.365E-06, 5.975E-06, 0.000E+00, 5.166E+01, 2.075E+01, 1.267E-02, 1.531E-05, 7.881E+01, 7.508E-03, 1.409E-01
08/01/2019,14:00,9,2.081,2.581,.859,.938,.040, 9.930E+02, 9.019E+01, 1.179E+00, 6.918E-02, 0.000E+00, 0.000E+00, 0.000E+00, 0.000E+00,-2.748E+01, 1.409E+01, 6.174E+00, 8.605E-01, 3.628E-01,-9.990E+02, 1.000E+00,-9.990E+02, 0.000E+00, 0.000E+00, 0.000E+00, 1.000E+00, 0.000E+00, 0.000E+00, 0.000E+00, 0.000E+00, 4.691E+01, 1.884E+01, 1.252E-02, 0.000E+00, 7.986E+01, 7.738E-03, 1.378E-01
08/01/2019,15:00,9,2.081,2.581,.846,.932,.044, 9.935E+02, 9.574E+01, 1.379E+00, 6.943E-02, 0.000E+00, 0.000E+00, 0.000E+00, 0.000E+00,-3.259E+01, 1.870E+01, 6.742E+00, 1.068E+00, 3.978E-01,-9.990E+02, 1.000E+00,-9.990E+02, 0.000E+00, 0.000E+00, 0.000E+00, 1.000E+00, 0.000E+00, 0.000E+00, 0.000E+00, 0.000E+00, 4.261E+01, 1.718E+01, 1.237E-02, 0.000E+00, 8.081E+01, 7.947E-03, 1.232E-01
08/01/2019,16:00,9,2.081,2.581,.844,.927,.048, 9.945E+02, 1.022E+02, 1.379E+00, 7.579E-02, 0.000E+00, 0.000E+00, 0.000E+00, 0.000E+00,-3.259E+01, 1.870E+01, 6.743E+00, 1.067E+00, 3.978E-01,-9.990E+02, 1.000E+00,-9.990E+02, 0.000E+00, 0.000E+00, 0.000E+00, 1.000E+00, 0.000E+00, 0.000E+00, 0.000E+00, 0.000E+00, 4.260E+01, 1.718E+01, 1.236E-02, 0.000E+00, 8.090E+01, 7.942E-03, 9.766E-02
08/01/2019,17:00,9,2.081,2.581,.843,.922,.051, 9.954E+02, 1.094E+02, 1.379E+00, 8.215E-02, 0.000E+00, 0.000E+00, 0.000E+00, 0.000E+00,-3.259E+01, 1.870E+01, 6.745E+00, 1.067E+00, 3.979E-01,-9.990E+02, 1.000E+00,-9.990E+02, 0.000E+00, 0.000E+00, 0.000E+00, 1.000E+00, 0.000E+00, 0.000E+00, 0.000E+00, 0.000E+00, 4.260E+01, 1.718E+01, 1.235E-02, 0.000E+00, 8.099E+01, 7.937E-03, 7.372E-02
08/01/2019,18:00,9,2.081,2.581,.842,.917,.054, 9.964E+02, 1.168E+02, 8.008E-01, 8.851E-02, 0.000E+00, 0.000E+00, 0.000E+00, 0.000E+00,-2.424E+01, 1.538E+01, 6.746E+00, 1.028E+00, 3.984E-01,-9.990E+02, 1.000E+00,-9.990E+02, 0.000E+00, 0.000E+00, 0.000E+00, 1.000E+00, 0.000E+00, 0.000E+00, 0.000E+00, 0.000E+00, 4.249E+01, 1.716E+01, 1.233E-02, 0.000E+00, 8.109E+01, 7.935E-03, 5.681E-02
08/01/2019,19:00,9,2.081,2.581,.735,.899,.065, 9.971E+02, 1.242E+02, 8.008E-01, 9.232E-02, 0.000E+00, 0.000E+00, 0.000E+00, 0.000E+00,-2.424E+01, 1.538E+01, 6.802E+00, 1.027E+00, 4.017E-01,-9.990E+02, 1.000E+00,-9.990E+02, 0.000E+00, 0.000E+00, 0.000E+00, 1.000E+00, 0.000E+00, 0.000E+00, 0.000E+00, 0.000E+00, 4.214E+01, 1.701E+01, 1.129E-02, 0.000E+00, 8.857E+01, 7.511E-03, 4.954E-02
08/01/2019,20:00,9,2.081,2.581,.628,.881,.076, 9.979E+02, 1.311E+02, 8.008E-01, 9.614E-02, 0.000E+00, 0.000E+00, 0.000E+00, 0.000E+00,-2.424E+01, 1.538E+01, 6.867E+00, 1.027E+00, 4.056E-01,-9.990E+02, 1.000E+00,-9.990E+02, 0.000E+00, 0.000E+00, 0.000E+00, 1.000E+00, 0.000E+00, 0.000E+00, 0.000E+00, 0.000E+00, 4.174E+01, 1.685E+01, 1.041E-02, 0.000E+00, 9.606E+01, 7.133E-03, 5.307E-02
08/01/2019,21:00,9,2.081,2.581,.521,.863,.087, 9.987E+02, 1.368E+02, 1.140E-01, 9.995E-02, 0.000E+00, 0.000E+00, 0.000E+00, 0.000E+00,-3.771E+01, 2.642E+01, 6.941E+00, 1.015E+00, 4.086E-01,-9.990E+02, 1.000E+00,-9.990E+02, 0.000E+00, 0.000E+00, 0.000E+00, 1.000E+00, 0.000E+00, 0.000E+00, 0.000E+00, 0.000E+00, 4.157E+01, 1.673E+01, 9.658E-03, 0.000E+00, 1.035E+02, 6.785E-03, 5.909E-02
08/01/2019,22:00,9,2.081,2.581,.486,.848,.096, 9.995E+02, 1.407E+02, 1.140E-01, 1.002E-01, 0.000E+00, 0.000E+00, 0.000E+00, 0.000E+00,-3.771E+01, 2.642E+01, 6.747E+00, 1.014E+00, 3.972E-01,-9.990E+02, 1.000E+00,-9.990E+02, 0.000E+00, 0.000E+00, 0.000E+00, 1.000E+00, 0.000E+00, 0.000E+00, 0.000E+00, 0.000E+00, 4.277E+01, 1.721E+01, 9.433E-03, 0.000E+00, 1.060E+02, 6.618E-03, 6.299E-02
08/01/2019,23:00,9,2.081,2.581,.450,.833,.106, 1.000E+03, 1.420E+02, 1.140E-01, 1.005E-01, 0.000E+00, 0.000E+00, 0.000E+00, 0.000E+00,-3.771E+01, 2.642E+01, 6.553E+00, 1.014E+00, 3.858E-01,-9.990E+02, 1.000E+00,-9.990E+02, 0.000E+00, 0.000E+00, 0.000E+00, 1.000E+00, 0.000E+00, 0.000E+00, 0.000E+00, 0.000E+00, 4.404E+01, 1.772E+01, 9.218E-03, 0.000E+00, 1.085E+02, 6.455E-03, 6.377E-02
09/01/2019,00:00,9,2.091,2.591,.415,.817,.115, 1.001E+03, 1.404E+02, 1.130E-02, 1.007E-01, 0.000E+00, 0.000E+00, 0.000E+00, 0.000E+00,-5.281E+01, 2.895E+01, 6.361E+00, 8.910E-01, 3.709E-01,-9.990E+02, 1.000E+00,-9.990E+02, 0.000E+00, 0.000E+00, 0.000E+00, 1.000E+00, 0.000E+00, 0.000E+00, 0.000E+00, 0.000E+00, 4.623E+01, 1.843E+01, 9.012E-03, 0.000E+00, 1.110E+02, 6.278E-03, 6.354E-02
09/01/2019,01:00,9,2.091,2.591,.294,.820,.112, 1.002E+03, 1.363E+02, 1.130E-02, 9.334E-02, 0.000E+00, 0.000E+00, 0.000E+00, 0.000E+00,-5.281E+01, 2.895E+01, 6.175E+00, 8.904E-01, 3.601E-01,-9.990E+02, 1.000E+00,-9.990E+02, 0.000E+00, 0.000E+00, 0.000E+00, 1.000E+00, 0.000E+00, 0.000E+00, 0.000E+00, 0.000E+00, 4.762E+01, 1.898E+01, 8.375E-03, 0.000E+00, 1.194E+02, 5.911E-03, 6.262E-02
09/01/2019,02:00,9,2.091,2.591,.174,.823,.110, 1.003E+03, 1.304E+02, 1.130E-02, 8.596E-02, 0.000E+00, 0.000E+00, 0.000E+00, 0.000E+00,-5.281E+01, 2.895E+01, 5.991E+00, 8.897E-01, 3.493E-01,-9.990E+02, 1.000E+00,-9.990E+02, 0.000E+00, 0.000E+00, 0.000E+00, 1.000E+00, 0.000E+00, 0.000E+00, 0.000E+00, 0.000E+00, 4.909E+01, 1.957E+01, 7.822E-03, 0.000E+00, 1.279E+02, 5.582E-03, 5.895E-02
09/01/2019,03:00,9,2.091,2.591,.053,.825,.107, 1.004E+03, 1.234E+02, 0.000E+00, 7.859E-02, 0.000E+00, 0.000E+00, 0.000E+00, 0.000E+00,-6.032E+01, 2.266E+01, 5.808E+00, 7.981E-01, 3.352E-01,-9.990E+02, 1.000E+00,-9.990E+02, 0.000E+00, 0.000E+00, 0.000E+00, 1.000E+00, 0.000E+00, 0.000E+00, 0.000E+00, 0.000E+00, 5.171E+01, 2.039E+01, 7.337E-03, 0.000E+00, 1.363E+02, 5.268E-03, 5.938E-02
09/01/2019,04:00,9,2.091,2.591,-.387,.835,.098, 1.005E+03, 1.160E+02, 0.000E+00, 7.859E-02, 0.000E+00, 0.000E+00, 0.000E+00, 0.000E+00,-6.032E+01, 2.266E+01, 5.563E+00, 7.971E-01, 3.210E-01,-9.990E+02, 1.000E+00,-9.990E+02, 0.000E+00, 0.000E+00, 0.000E+00, 1.000E+00, 0.000E+00, 0.000E+00, 0.000E+00, 0.000E+00, 5.400E+01, 2.130E+01, 5.984E-03, 0.000E+00, 1.671E+02, 4.484E-03, 6.664E-02
09/01/2019,05:00,9,2.091,2.591,-.827,.844,.090, 1.006E+03, 1.086E+02, 0.000E+00, 7.859E-02, 0.000E+00, 0.000E+00, 0.000E+00, 0.000E+00,-6.032E+01, 2.266E+01, 5.326E+00, 7.962E-01, 3.073E-01,-9.990E+02, 1.000E+00,-9.990E+02, 0.000E+00, 0.000E+00, 0.000E+00, 1.000E+00, 0.000E+00, 0.000E+00, 0.000E+00, 0.000E+00, 5.641E+01, 2.224E+01, 5.053E-03, 0.000E+00, 1.979E+02, 3.902E-03, 8.042E-02
09/01/2019,06:00,9,2.091,2.591,-1.267,.853,.082, 1.007E+03, 1.015E+02, 0.000E+00, 7.859E-02, 0.000E+00, 0.000E+00, 0.000E+00, 0.000E+00,-5.653E+01, 1.647E+01, 5.099E+00, 7.515E-01, 2.932E-01,-9.990E+02, 1.000E+00,-9.990E+02, 0.000E+00, 0.000E+00, 0.000E+00, 1.000E+00, 0.000E+00, 0.000E+00, 0.000E+00, 0.000E+00, 5.930E+01, 2.331E+01, 1.429E-03, 0.000E+00, 7.000E+02, 1.314E-03, 1.098E-01
09/01/2019,07:00,9,2.091,2.591,-1.007,.838,.092, 1.008E+03, 9.505E+01, 0.000E+00, 7.859E-02, 0.000E+00, 0.000E+00, 0.000E+00, 0.000E+00,-5.653E+01, 1.647E+01, 5.173E+00, 7.515E-01, 2.975E-01,-9.990E+02, 1.000E+00,-9.990E+02, 0.000E+00, 0.000E+00, 0.000E+00, 1.000E+00, 0.000E+00, 0.000E+00, 0.000E+00, 0.000E+00, 5.844E+01, 2.297E+01, 1.429E-03, 0.000E+00, 7.000E+02, 1.315E-03, 1.462E-01
09/01/2019,08:00,9,2.091,2.591,-.746,.822,.103, 1.009E+03, 8.960E+01, 0.000E+00, 7.859E-02, 7.093E-12, 1.169E+00, 0.000E+00, 0.000E+00,-5.653E+01, 1.647E+01, 5.248E+00, 7.515E-01, 3.018E-01,-9.990E+02, 1.000E+00,-9.990E+02, 0.000E+00, 0.000E+00, 0.000E+00, 1.000E+00, 0.000E+00, 0.000E+00, 0.000E+00, 0.000E+00, 5.761E+01, 2.265E+01, 5.202E-03, 0.000E+00, 1.922E+02, 3.973E-03, 1.627E-01
09/01/2019,09:00,9,2.091,2.591,-.485,.807,.114, 1.010E+03, 8.544E+01, 5.526E-04, 7.859E-02, 1.896E+00, 1.476E+01, 1.841E+01, 6.492E+00,-2.991E+01, 2.572E+01, 5.323E+00, 7.859E-01, 3.114E-01, 7.604E-02, 1.000E+00, 2.569E-01, 5.311E-01, 1.000E-02, 1.000E+00, 1.000E+00, 2.569E-03, 1.573E-05, 3.251E-05, 0.000E+00, 5.488E+01, 2.195E+01, 5.748E-03, 4.510E-05, 1.726E+02, 4.345E-03, 1.631E-01
09/01/2019,10:00,9,2.091,2.591,-.138,.798,.122, 1.011E+03, 8.285E+01, 5.526E-04, 7.833E-02, 6.854E+00, 2.556E+01, 3.897E+01, 1.143E+01,-2.991E+01, 2.572E+01, 5.266E+00, 7.861E-01, 3.081E-01, 1.190E-01, 1.000E+00, 4.256E-01, 7.987E-01, 1.000E-02, 1.000E+00, 1.000E+00, 4.256E-03, 2.608E-05, 4.895E-05, 0.000E+00, 5.547E+01, 2.219E+01, 6.682E-03, 7.480E-05, 1.480E+02, 4.851E-03, 1.738E-01
09/01/2019,11:00,9,2.091,2.591,.209,.790,.130, 1.011E+03, 8.202E+01, 5.526E-04, 7.808E-02, 8.911E+00, 2.926E+01, 4.523E+01, 1.314E+01,-2.991E+01, 2.572E+01, 5.221E+00, 7.864E-01, 3.055E-01, 1.327E-01, 1.000E+00, 4.742E-01, 8.443E-01, 1.000E-02, 1.000E+00, 1.000E+00, 4.742E-03, 2.910E-05, 5.181E-05, 0.000E+00, 5.594E+01, 2.237E+01, 7.978E-03, 8.345E-05, 1.240E+02, 5.473E-03, 1.831E-01
09/01/2019,12:00,9,2.091,2.591,.557,.782,.139, 1.012E+03, 8.301E+01, 1.689E-03, 7.782E-02, 1.552E+01, 2.757E+01, 7.653E+01, 1.278E+01,-3.877E+01, 1.181E+01, 5.190E+00, 6.265E-01, 2.968E-01, 1.164E-01, 1.000E+00, 4.727E-01, 9.570E-01, 1.000E-02, 1.000E+00, 1.000E+00, 4.727E-03, 2.905E-05, 5.880E-05, 0.000E+00, 5.892E+01, 2.303E+01, 9.898E-03, 8.329E-05, 1.002E+02, 6.223E-03, 1.884E-01
09/01/2019,13:00,9,2.091,2.591,.044,.808,.118, 1.013E+03, 8.574E+01, 1.689E-03, 6.613E-02, 3.579E+00, 1.717E+01, 3.173E+01, 7.635E+00,-3.877E+01, 1.181E+01, 4.745E+00, 6.257E-01, 2.713E-01, 7.102E-02, 1.000E+00, 3.021E-01, 7.289E-01, 1.000E-02, 1.000E+00, 1.000E+00, 3.021E-03, 1.853E-05, 4.470E-05, 0.000E+00, 6.446E+01, 2.519E+01, 7.305E-03, 5.313E-05, 1.359E+02, 4.948E-03, 1.904E-01
09/01/2019,14:00,9,2.091,2.591,-.468,.833,.098, 1.014E+03, 9.002E+01, 1.689E-03, 5.443E-02, 0.000E+00, 0.000E+00, 0.000E+00, 0.000E+00,-3.877E+01, 1.181E+01, 4.342E+00, 6.248E-01, 2.483E-01,-9.990E+02, 1.000E+00,-9.990E+02, 0.000E+00, 0.000E+00, 0.000E+00, 1.000E+00, 0.000E+00, 0.000E+00, 0.000E+00, 0.000E+00, 7.046E+01, 2.753E+01, 5.789E-03, 0.000E+00, 1.728E+02, 4.080E-03, 1.970E-01
09/01/2019,15:00,9,2.091,2.591,-.980,.859,.080, 1.014E+03, 9.557E+01, 7.142E-04, 4.273E-02, 0.000E+00, 0.000E+00, 0.000E+00, 0.000E+00,-3.767E+01, 5.159E+00, 3.994E+00, 5.193E-01, 2.226E-01,-9.990E+02, 1.000E+00,-9.990E+02, 0.000E+00, 0.000E+00, 0.000E+00, 1.000E+00, 0.000E+00, 0.000E+00, 0.000E+00, 0.000E+00, 8.061E+01, 3.071E+01, 4.794E-03, 0.000E+00, 2.086E+02, 3.455E-03, 2.014E-01
09/01/2019,16:00,9,2.091,2.591,-1.428,.867,.073, 1.015E+03, 1.021E+02, 7.142E-04, 4.273E-02, 0.000E+00, 0.000E+00, 0.000E+00, 0.000E+00,-3.767E+01, 5.159E+00, 3.865E+00, 5.188E-01, 2.154E-01,-9.990E+02, 1.000E+00,-9.990E+02, 0.000E+00, 0.000E+00, 0.000E+00, 1.000E+00, 0.000E+00, 0.000E+00, 0.000E+00, 0.000E+00, 8.333E+01, 3.174E+01, 1.429E-03, 0.000E+00, 7.000E+02, 1.276E-03, 2.275E-01
09/01/2019,17:00,9,2.091,2.591,-1.877,.875,.066, 1.015E+03, 1.092E+02, 7.142E-04, 4.273E-02, 0.000E+00, 0.000E+00, 0.000E+00, 0.000E+00,-3.767E+01, 5.159E+00, 3.739E+00, 5.182E-01, 2.083E-01,-9.990E+02, 1.000E+00,-9.990E+02, 0.000E+00, 0.000E+00, 0.000E+00, 1.000E+00, 0.000E+00, 0.000E+00, 0.000E+00, 0.000E+00, 8.617E+01, 3.282E+01, 1.429E-03, 0.000E+00, 7.000E+02, 1.272E-03, 2.286E-01
09/01/2019,18:00,9,2.091,2.591,-2.325,.883,.060, 1.016E+03, 1.167E+02, 1.284E-03, 4.273E-02, 0.000E+00, 0.000E+00, 0.000E+00, 0.000E+00,-2.704E+01, 2.364E+00, 3.616E+00, 4.555E-01, 2.007E-01,-9.990E+02, 1.000E+00,-9.990E+02, 0.000E+00, 0.000E+00, 0.000E+00, 1.000E+00, 0.000E+00, 0.000E+00, 0.000E+00, 0.000E+00, 8.973E+01, 3.405E+01, 1.429E-03, 0.000E+00, 7.000E+02, 1.266E-03, 2.273E-01
09/01/2019,19:00,9,2.091,2.591,-2.723,.896,.052, 1.016E+03, 1.240E+02, 1.284E-03, 4.273E-02, 0.000E+00, 0.000E+00, 0.000E+00, 0.000E+00,-2.704E+01, 2.364E+00, 3.514E+00, 4.551E-01, 1.951E-01,-9.990E+02, 1.000E+00,-9.990E+02, 0.000E+00, 0.000E+00, 0.000E+00, 1.000E+00, 0.000E+00, 0.000E+00, 0.000E+00, 0.000E+00, 9.234E+01, 3.504E+01, 1.429E-03, 0.000E+00, 7.000E+02, 1.262E-03, 2.094E-01
09/01/2019,20:00,9,2.091,2.591,-3.121,.908,.045, 1.017E+03, 1.309E+02, 1.284E-03, 4.273E-02, 0.000E+00, 0.000E+00, 0.000E+00, 0.000E+00,-2.704E+01, 2.364E+00, 3.450E+00, 4.547E-01, 1.915E-01,-9.990E+02, 1.000E+00,-9.990E+02, 0.000E+00, 0.000E+00, 0.000E+00, 1.000E+00, 0.000E+00, 0.000E+00, 0.000E+00, 0.000E+00, 9.410E+01, 3.570E+01, 1.429E-03, 0.000E+00, 7.000E+02, 1.259E-03, 2.166E-01
09/01/2019,21:00,9,2.091,2.591,-3.519,.920,.038, 1.017E+03, 1.366E+02, 0.000E+00, 4.273E-02, 0.000E+00, 0.000E+00, 0.000E+00, 0.000E+00,-2.128E+01,-1.875E-01, 3.424E+00, 4.155E-01, 1.896E-01,-9.990E+02, 1.000E+00,-9.990E+02, 0.000E+00, 0.000E+00, 0.000E+00, 1.000E+00, 0.000E+00, 0.000E+00, 0.000E+00, 0.000E+00, 9.521E+01, 3.605E+01, 1.429E-03, 0.000E+00, 7.000E+02, 1.258E-03, 2.149E-01
09/01/2019,22:00,9,2.091,2.591,-4.116,.918,.037, 1.017E+03, 1.405E+02, 0.000E+00, 4.273E-02, 0.000E+00, 0.000E+00, 0.000E+00, 0.000E+00,-2.128E+01,-1.875E-01, 3.219E+00, 4.150E-01, 1.783E-01,-9.990E+02, 1.000E+00,-9.990E+02, 0.000E+00, 0.000E+00, 0.000E+00, 1.000E+00, 0.000E+00, 0.000E+00, 0.000E+00, 0.000E+00, 1.013E+02, 3.834E+01, 1.429E-03, 0.000E+00, 7.000E+02, 1.248E-03, 1.937E-01
09/01/2019,23:00,9,2.091,2.591,-4.712,.916,.036, 1.017E+03, 1.418E+02, 0.000E+00, 4.273E-02, 0.000E+00, 0.000E+00, 0.000E+00, 0.000E+00,-2.128E+01,-1.875E-01, 3.015E+00, 4.146E-01, 1.669E-01,-9.990E+02, 1.000E+00,-9.990E+02, 0.000E+00, 0.000E+00, 0.000E+00, 1.000E+00, 0.000E+00, 0.000E+00, 0.000E+00, 0.000E+00, 1.082E+02, 4.095E+01, 1.429E-03, 0.000E+00, 7.000E+02, 1.238E-03, 1.824E-01
10/01/2019,00:00,9,2.102,2.602,-5.308,.914,.035, 1.017E+03, 1.403E+02, 3.433E-05, 4.273E-02, 0.000E+00, 0.000E+00, 0.000E+00, 0.000E+00,-1.532E+01, 6.205E-01, 2.811E+00, 3.247E-01, 1.505E-01,-9.990E+02, 1.000E+00,-9.990E+02, 0.000E+00, 0.000E+00, 0.000E+00, 1.000E+00, 0.000E+00, 0.000E+00, 0.000E+00, 0.000E+00, 1.240E+02, 4.540E+01, 1.429E-03, 0.000E+00, 7.000E+02, 1.219E-03, 1.781E-01
10/01/2019,01:00,9,2.102,2.602,-5.448,.915,.035, 1.017E+03, 1.362E+02, 3.433E-05, 4.985E-02, 0.000E+00, 0.000E+00, 0.000E+00, 0.000E+00,-1.532E+01, 6.205E-01, 2.674E+00, 3.246E-01, 1.432E-01,-9.990E+02, 1.000E+00,-9.990E+02, 0.000E+00, 0.000E+00, 0.000E+00, 1.000E+00, 0.000E+00, 0.000E+00, 0.000E+00, 0.000E+00, 1.304E+02, 4.773E+01, 1.429E-03, 0.000E+00, 7.000E+02, 1.210E-03, 1.493E-01
10/01/2019,02:00,9,2.102,2.602,-5.589,.915,.034, 1.017E+03, 1.303E+02, 3.433E-05, 5.697E-02, 0.000E+00, 0.000E+00, 0.000E+00, 0.000E+00,-1.532E+01, 6.205E-01, 2.562E+00, 3.245E-01, 1.372E-01,-9.990E+02, 1.000E+00,-9.990E+02, 0.000E+00, 0.000E+00, 0.000E+00, 1.000E+00, 0.000E+00, 0.000E+00, 0.000E+00, 0.000E+00, 1.361E+02, 4.982E+01, 1.429E-03, 0.000E+00, 7.000E+02, 1.202E-03, 1.283E-01
10/01/2019,03:00,9,2.102,2.602,-5.729,.916,.034, 1.017E+03, 1.234E+02, 3.433E-05, 6.409E-02, 0.000E+00, 0.000E+00, 0.000E+00, 0.000E+00,-1.944E+01,-4.214E+00, 2.479E+00, 2.704E-01, 1.187E-01,-9.990E+02, 1.000E+00,-9.990E+02, 0.000E+00, 0.000E+00, 0.000E+00, 1.000E+00, 0.000E+00, 0.000E+00, 0.000E+00, 0.000E+00, 1.758E+02, 5.756E+01, 1.429E-03, 0.000E+00, 7.000E+02, 1.171E-03, 1.568E-01
10/01/2019,04:00,9,2.102,2.602,-6.605,.910,.034, 1.017E+03, 1.160E+02, 3.433E-05, 6.409E-02, 0.000E+00, 0.000E+00, 0.000E+00, 0.000E+00,-1.944E+01,-4.214E+00, 2.430E+00, 2.699E-01, 1.163E-01,-9.990E+02, 1.000E+00,-9.990E+02, 0.000E+00, 0.000E+00, 0.000E+00, 1.000E+00, 0.000E+00, 0.000E+00, 0.000E+00, 0.000E+00, 1.797E+02, 5.878E+01, 1.429E-03, 0.000E+00, 7.000E+02, 1.167E-03, 2.267E-01
10/01/2019,05:00,9,2.102,2.602,-7.481,.904,.034, 1.017E+03, 1.085E+02, 3.433E-05, 6.409E-02, 0.000E+00, 0.000E+00, 0.000E+00, 0.000E+00,-1.944E+01,-4.214E+00, 2.465E+00, 2.695E-01, 1.179E-01,-9.990E+02, 1.000E+00,-9.990E+02, 0.000E+00, 0.000E+00, 0.000E+00, 1.000E+00, 0.000E+00, 0.000E+00, 0.000E+00, 0.000E+00, 1.774E+02, 5.799E+01, 1.429E-03, 0.000E+00, 7.000E+02, 1.170E-03, 2.443E-01
10/01/2019,06:00,9,2.102,2.602,-8.357,.898,.033, 1.017E+03, 1.014E+02, 3.433E-05, 6.409E-02, 0.000E+00, 0.000E+00, 0.000E+00, 0.000E+00,-1.017E+01,-2.205E+00, 2.581E+00, 2.067E-01, 1.197E-01,-9.990E+02, 1.000E+00,-9.990E+02, 0.000E+00, 0.000E+00, 0.000E+00, 1.000E+00, 0.000E+00, 0.000E+00, 0.000E+00, 0.000E+00, 1.801E+02, 5.710E+01, 1.429E-03, 0.000E+00, 7.000E+02, 1.172E-03, 2.447E-01
10/01/2019,07:00,9,2.102,2.602,-8.407,.895,.034, 1.016E+03, 9.495E+01, 3.433E-05, 6.409E-02, 0.000E+00, 0.000E+00, 0.000E+00, 0.000E+00,-1.017E+01,-2.205E+00, 2.448E+00, 2.067E-01, 1.135E-01,-9.990E+02, 1.000E+00,-9.990E+02, 0.000E+00, 0.000E+00, 0.000E+00, 1.000E+00, 0.000E+00, 0.000E+00, 0.000E+00, 0.000E+00, 1.900E+02, 6.022E+01, 1.429E-03, 0.000E+00, 7.000E+02, 1.161E-03, 3.085E-01
10/01/2019,08:00,9,2.102,2.602,-8.457,.892,.035, 1.016E+03, 8.949E+01, 3.433E-05, 6.409E-02, 2.052E-09, 1.486E+00, 0.000E+00, 0.000E+00,-1.017E+01,-2.205E+00, 2.469E+00, 2.067E-01, 1.145E-01,-9.990E+02, 1.000E+00,-9.990E+02, 0.000E+00, 0.000E+00, 0.000E+00, 1.000E+00, 0.000E+00, 0.000E+00, 0.000E+00, 0.000E+00, 1.883E+02, 5.969E+01, 1.429E-03, 0.000E+00, 7.000E+02, 1.163E-03, 4.086E-01
10/01/2019,09:00,9,2.102,2.602,-8.507,.889,.036, 1.016E+03, 8.532E+01, 3.433E-05, 6.409E-02, 1.126E+00, 1.279E+01, 1.248E+01, 5.581E+00,-4.719E+00, 2.344E+00, 2.642E+00, 3.519E-01, 1.529E-01, 7.771E-02, 1.000E+00, 2.204E-01, 4.014E-01, 1.000E-02, 1.000E+00, 1.000E+00, 2.204E-03, 1.309E-05, 2.385E-05, 0.000E+00, 1.130E+02, 4.471E+01, 1.429E-03, 3.774E-05, 6.820E+02, 1.251E-03, 5.264E-01
10/01/2019,10:00,9,2.102,2.602,-7.005,.860,.051, 1.015E+03, 8.271E+01, 3.433E-05, 6.409E-02, 3.937E+00, 2.290E+01, 2.561E+01, 1.009E+01,-4.719E+00, 2.344E+00, 2.769E+00, 3.530E-01, 1.603E-01, 1.207E-01, 1.000E+00, 3.773E-01, 6.512E-01, 1.000E-02, 1.000E+00, 1.000E+00, 3.773E-03, 2.254E-05, 3.890E-05, 0.000E+00, 1.078E+02, 4.264E+01, 1.429E-03, 6.497E-05, 6.695E+02, 1.280E-03, 5.316E-01
10/01/2019,11:00,9,2.102,2.602,-5.502,.831,.069, 1.014E+03, 8.186E+01, 3.433E-05, 6.409E-02, 5.113E+00, 2.649E+01, 2.976E+01, 1.170E+01,-4.719E+00, 2.344E+00, 2.936E+00, 3.541E-01, 1.700E-01, 1.346E-01, 1.000E+00, 4.256E-01, 7.060E-01, 1.000E-02, 1.000E+00, 1.000E+00, 4.256E-03, 2.557E-05, 4.242E-05, 0.000E+00, 1.016E+02, 4.021E+01, 1.429E-03, 7.370E-05, 6.657E+02, 1.297E-03, 4.998E-01
10/01/2019,12:00,9,2.102,2.602,-4.000,.801,.090, 1.014E+03, 8.284E+01, 0.000E+00, 6.409E-02, 3.458E+00, 2.187E+01, 2.350E+01, 9.621E+00,-2.002E+01, 8.770E+00, 3.137E+00, 5.151E-01, 1.799E-01, 1.185E-01, 1.000E+00, 3.615E-01, 6.196E-01, 1.000E-02, 1.000E+00, 1.000E+00, 3.615E-03, 2.184E-05, 3.744E-05, 0.000E+00, 9.697E+01, 3.801E+01, 1.429E-03, 6.296E-05, 6.705E+02, 1.298E-03, 5.221E-01
10/01/2019,13:00,9,2.102,2.602,-3.679,.791,.097, 1.013E+03, 8.557E+01, 0.000E+00, 5.621E-02, 8.644E-01, 1.161E+01, 1.065E+01, 5.055E+00,-2.002E+01, 8.770E+00, 3.454E+00, 5.157E-01, 1.980E-01, 7.350E-02, 1.000E+00, 2.000E-01, 3.547E-01, 1.000E-02, 1.000E+00, 1.000E+00, 2.000E-03, 1.210E-05, 2.146E-05, 0.000E+00, 8.805E+01, 3.451E+01, 1.429E-03, 3.487E-05, 6.833E+02, 1.292E-03, 5.599E-01
10/01/2019,14:00,9,2.102,2.602,-3.358,.781,.104, 1.012E+03, 8.984E+01, 0.000E+00, 4.832E-02, 9.497E-31, 3.591E-01, 0.000E+00, 0.000E+00,-2.002E+01, 8.770E+00, 3.771E+00, 5.162E-01, 2.163E-01,-9.990E+02, 1.000E+00,-9.990E+02, 0.000E+00, 0.000E+00, 0.000E+00, 1.000E+00, 0.000E+00, 0.000E+00, 0.000E+00, 0.000E+00, 8.063E+01, 3.161E+01, 1.429E-03, 0.000E+00, 7.000E+02, 1.277E-03, 6.435E-01
10/01/2019,15:00,9,2.102,2.602,-3.038,.771,.112, 1.011E+03, 9.539E+01, 2.176E-02, 4.044E-02, 0.000E+00, 0.000E+00, 0.000E+00, 0.000E+00,-1.715E+01, 1.146E+01, 4.088E+00, 6.773E-01, 2.396E-01,-9.990E+02, 1.000E+00,-9.990E+02, 0.000E+00, 0.000E+00, 0.000E+00, 1.000E+00, 0.000E+00, 0.000E+00, 0.000E+00, 0.000E+00, 7.123E+01, 2.853E+01, 1.429E-03, 0.000E+00, 7.000E+02, 1.291E-03, 7.615E-01
10/01/2019,16:00,9,2.102,2.602,-2.438,.773,.116, 1.010E+03, 1.019E+02, 2.176E-02, 4.044E-02, 0.000E+00, 0.000E+00, 0.000E+00, 0.000E+00,-1.715E+01, 1.146E+01, 4.404E+00, 6.784E-01, 2.581E-01,-9.990E+02, 1.000E+00,-9.990E+02, 0.000E+00, 0.000E+00, 0.000E+00, 1.000E+00, 0.000E+00, 0.000E+00, 0.000E+00, 0.000E+00, 6.612E+01, 2.648E+01, 1.429E-03, 0.000E+00, 7.000E+02, 1.300E-03, 6.911E-01
10/01/2019,17:00,9,2.102,2.602,-1.837,.774,.120, 1.009E+03, 1.090E+02, 2.176E-02, 4.044E-02, 0.000E+00, 0.000E+00, 0.000E+00, 0.000E+00,-1.715E+01, 1.146E+01, 4.722E+00, 6.795E-01, 2.767E-01,-9.990E+02, 1.000E+00,-9.990E+02, 0.000E+00, 0.000E+00, 0.000E+00, 1.000E+00, 0.000E+00, 0.000E+00, 0.000E+00, 0.000E+00, 6.166E+01, 2.470E+01, 1.429E-03, 0.000E+00, 7.000E+02, 1.308E-03, 5.327E-01
10/01/2019,18:00,9,2.102,2.602,-1.237,.776,.125, 1.008E+03, 1.165E+02, 5.986E-02, 4.044E-02, 0.000E+00, 0.000E+00, 0.000E+00, 0.000E+00,-2.703E+01, 1.233E+01, 5.041E+00, 7.678E-01, 2.951E-01,-9.990E+02, 1.000E+00,-9.990E+02, 0.000E+00, 0.000E+00, 0.000E+00, 1.000E+00, 0.000E+00, 0.000E+00, 0.000E+00, 0.000E+00, 5.790E+01, 2.316E+01, 1.429E-03, 0.000E+00, 7.000E+02, 1.315E-03, 4.434E-01
10/01/2019,19:00,9,2.102,2.602,-.990,.792,.118, 1.007E+03, 1.239E+02, 5.986E-02, 4.044E-02, 0.000E+00, 0.000E+00, 0.000E+00, 0.000E+00,-2.703E+01, 1.233E+01, 5.076E+00, 7.686E-01, 2.971E-01,-9.990E+02, 1.000E+00,-9.990E+02, 0.000E+00, 0.000E+00, 0.000E+00, 1.000E+00, 0.000E+00, 0.000E+00, 0.000E+00, 0.000E+00, 5.750E+01, 2.301E+01, 4.778E-03, 0.000E+00, 2.093E+02, 3.709E-03, 3.331E-01
10/01/2019,20:00,9,2.102,2.602,-.742,.808,.111, 1.006E+03, 1.307E+02, 5.986E-02, 4.044E-02, 0.000E+00, 0.000E+00, 0.000E+00, 0.000E+00,-2.703E+01, 1.233E+01, 5.114E+00, 7.693E-01, 2.994E-01,-9.990E+02, 1.000E+00,-9.990E+02, 0.000E+00, 0.000E+00, 0.000E+00, 1.000E+00, 0.000E+00, 0.000E+00, 0.000E+00, 0.000E+00, 5.706E+01, 2.283E+01, 5.209E-03, 0.000E+00, 1.920E+02, 3.971E-03, 1.923E-01
10/01/2019,21:00,9,2.102,2.602,-.495,.824,.104, 1.005E+03, 1.365E+02, 5.850E-02, 4.044E-02, 0.000E+00, 0.000E+00, 0.000E+00, 0.000E+00,-2.953E+01, 1.447E+01, 5.158E+00, 7.512E-01, 3.012E-01,-9.990E+02, 1.000E+00,-9.990E+02, 0.000E+00, 0.000E+00, 0.000E+00, 1.000E+00, 0.000E+00, 0.000E+00, 0.000E+00, 0.000E+00, 5.687E+01, 2.270E+01, 5.726E-03, 0.000E+00, 1.746E+02, 4.271E-03, 1.363E-01
10/01/2019,22:00,9,2.102,2.602,-.250,.857,.086, 1.003E+03, 1.404E+02, 5.850E-02, 4.069E-02, 0.000E+00, 0.000E+00, 0.000E+00, 0.000E+00,-2.953E+01, 1.447E+01, 5.103E+00, 7.521E-01, 2.980E-01,-9.990E+02, 1.000E+00,-9.990E+02, 0.000E+00, 0.000E+00, 0.000E+00, 1.000E+00, 0.000E+00, 0.000E+00, 0.000E+00, 0.000E+00, 5.747E+01, 2.294E+01, 6.350E-03, 0.000E+00, 1.575E+02, 4.595E-03, 9.802E-02
10/01/2019,23:00,9,2.102,2.602,-.005,.889,.068, 1.002E+03, 1.417E+02, 5.850E-02, 4.095E-02, 0.000E+00, 0.000E+00, 0.000E+00, 0.000E+00,-2.953E+01, 1.447E+01, 5.051E+00, 7.529E-01, 2.949E-01,-9.990E+02, 1.000E+00,-9.990E+02, 0.000E+00, 0.000E+00, 0.000E+00, 1.000E+00, 0.000E+00, 0.000E+00, 0.000E+00, 0.000E+00, 5.806E+01, 2.317E+01, 7.126E-03, 0.000E+00, 1.403E+02, 4.973E-03, 6.214E-02
11/01/2019,00:00,9,2.113,2.613,.240,.922,.048, 1.000E+03, 1.401E+02, 2.890E-05, 4.120E-02, 0.000E+00, 0.000E+00, 0.000E+00, 0.000E+00,-3.975E+01,-3.079E-01, 5.002E+00, 6.717E-01, 2.877E-01,-9.990E+02, 1.000E+00,-9.990E+02, 0.000E+00, 0.000E+00, 0.000E+00, 1.000E+00, 0.000E+00, 0.000E+00, 0.000E+00, 0.000E+00, 6.042E+01, 2.376E+01, 8.118E-03, 0.000E+00, 1.232E+02, 5.389E-03, 2.702E-02
11/01/2019,01:00,9,2.113,2.613,.357,.931,.043, 9.995E+02, 1.361E+02, 2.890E-05, 4.527E-02, 0.000E+00, 0.000E+00, 0.000E+00, 0.000E+00,-3.975E+01,-3.079E-01, 4.616E+00, 6.721E-01, 2.655E-01,-9.990E+02, 1.000E+00,-9.990E+02, 0.000E+00, 0.000E+00, 0.000E+00, 1.000E+00, 0.000E+00, 0.000E+00, 0.000E+00, 0.000E+00, 6.547E+01, 2.574E+01, 8.697E-03, 0.000E+00, 1.150E+02, 5.477E-03, 5.903E-02
11/01/2019,02:00,9,2.113,2.613,.474,.941,.038, 9.986E+02, 1.302E+02, 2.890E-05, 4.934E-02, 0.000E+00, 0.000E+00, 0.000E+00, 0.000E+00,-3.975E+01,-3.079E-01, 4.261E+00, 6.725E-01, 2.451E-01,-9.990E+02, 1.000E+00,-9.990E+02, 0.000E+00, 0.000E+00, 0.000E+00, 1.000E+00, 0.000E+00, 0.000E+00, 0.000E+00, 0.000E+00, 7.091E+01, 2.788E+01, 9.364E-03, 0.000E+00, 1.068E+02, 5.555E-03, 5.443E-02
11/01/2019,03:00,9,2.113,2.613,.591,.950,.032, 9.977E+02, 1.233E+02, 2.890E-05, 5.341E-02, 0.000E+00, 0.000E+00, 0.000E+00, 0.000E+00,-4.352E+01, 1.007E+00, 3.946E+00, 4.560E-01, 2.104E-01,-9.990E+02, 1.000E+00,-9.990E+02, 0.000E+00, 0.000E+00, 0.000E+00, 1.000E+00, 0.000E+00, 0.000E+00, 0.000E+00, 0.000E+00, 8.916E+01, 3.249E+01, 1.014E-02, 0.000E+00, 9.860E+01, 5.419E-03, 5.142E-02
11/01/2019,04:00,9,2.113,2.613,.213,.948,.032, 9.975E+02, 1.159E+02, 2.890E-05, 5.341E-02, 0.000E+00, 0.000E+00, 0.000E+00, 0.000E+00,-4.352E+01, 1.007E+00, 3.614E+00, 4.557E-01, 1.926E-01,-9.990E+02, 1.000E+00,-9.990E+02, 0.000E+00, 0.000E+00, 0.000E+00, 1.000E+00, 0.000E+00, 0.000E+00, 0.000E+00, 0.000E+00, 9.739E+01, 3.548E+01, 7.993E-03, 0.000E+00, 1.251E+02, 4.567E-03, 7.065E-02
11/01/2019,05:00,9,2.113,2.613,-.166,.945,.033, 9.973E+02, 1.084E+02, 2.890E-05, 5.341E-02, 0.000E+00, 0.000E+00, 0.000E+00, 0.000E+00,-4.352E+01, 1.007E+00, 3.401E+00, 4.555E-01, 1.812E-01,-9.990E+02, 1.000E+00,-9.990E+02, 0.000E+00, 0.000E+00, 0.000E+00, 1.000E+00, 0.000E+00, 0.000E+00, 0.000E+00, 0.000E+00, 1.035E+02, 3.772E+01, 6.596E-03, 0.000E+00, 1.516E+02, 3.978E-03, 4.293E-02
11/01/2019,06:00,9,2.113,2.613,-.545,.943,.033, 9.971E+02, 1.013E+02, 2.890E-05, 5.341E-02, 0.000E+00, 0.000E+00, 0.000E+00, 0.000E+00,-7.587E+01, 5.431E+00, 3.329E+00, 5.435E-01, 1.769E-01,-9.990E+02, 1.000E+00,-9.990E+02, 0.000E+00, 0.000E+00, 0.000E+00, 1.000E+00, 0.000E+00, 0.000E+00, 0.000E+00, 0.000E+00, 1.063E+02, 3.863E+01, 5.614E-03, 0.000E+00, 1.781E+02, 3.567E-03, 9.148E-02
11/01/2019,07:00,9,2.113,2.613,-.040,.883,.071, 9.974E+02, 9.485E+01, 2.890E-05, 5.341E-02, 0.000E+00, 0.000E+00, 0.000E+00, 0.000E+00,-7.587E+01, 5.431E+00, 3.604E+00, 5.439E-01, 1.916E-01,-9.990E+02, 1.000E+00,-9.990E+02, 0.000E+00, 0.000E+00, 0.000E+00, 1.000E+00, 0.000E+00, 0.000E+00, 0.000E+00, 0.000E+00, 9.817E+01, 3.567E+01, 7.004E-03, 0.000E+00, 1.428E+02, 4.217E-03, 1.878E-01
11/01/2019,08:00,9,2.113,2.613,.465,.824,.111, 9.977E+02, 8.937E+01, 2.890E-05, 5.341E-02, 4.168E-07, 2.638E+00, 0.000E+00, 0.000E+00,-7.587E+01, 5.431E+00, 3.979E+00, 5.443E-01, 2.116E-01,-9.990E+02, 1.000E+00,-9.990E+02, 0.000E+00, 0.000E+00, 0.000E+00, 1.000E+00, 0.000E+00, 0.000E+00, 0.000E+00, 0.000E+00, 8.886E+01, 3.230E+01, 9.308E-03, 0.000E+00, 1.074E+02, 5.185E-03, 2.221E-01
11/01/2019,09:00,9,2.113,2.613,.970,.764,.155, 9.980E+02, 8.518E+01, 3.224E-04, 5.341E-02, 5.745E+00, 1.996E+01, 4.313E+01, 8.909E+00,-6.167E+01, 2.373E+01, 4.430E+00, 6.625E-01, 2.499E-01, 7.948E-02, 1.000E+00, 3.484E-01, 8.303E-01, 1.000E-02, 1.000E+00, 1.000E+00, 3.484E-03, 2.144E-05, 5.109E-05, 0.000E+00, 7.092E+01, 2.735E+01, 1.387E-02, 6.211E-05, 7.177E+01, 6.959E-03, 2.535E-01
11/01/2019,10:00,9,2.113,2.613,1.263,.713,.192, 9.977E+02, 8.256E+01, 3.224E-04, 5.315E-02, 1.899E+01, 3.008E+01, 8.736E+01, 1.397E+01,-6.167E+01, 2.373E+01, 4.694E+00, 6.630E-01, 2.649E-01, 1.225E-01, 1.000E+00, 5.026E-01, 9.725E-01, 1.000E-02, 1.000E+00, 1.000E+00, 5.026E-03, 3.096E-05, 5.991E-05, 0.000E+00, 6.691E+01, 2.581E+01, 1.429E-02, 8.971E-05, 6.956E+01, 7.276E-03, 2.484E-01
11/01/2019,11:00,9,2.113,2.613,1.557,.661,.231, 9.974E+02, 8.170E+01, 3.224E-04, 5.290E-02, 2.449E+01, 3.321E+01, 1.005E+02, 1.560E+01,-6.167E+01, 2.373E+01, 5.020E+00, 6.634E-01, 2.833E-01, 1.365E-01, 1.000E+00, 5.432E-01, 9.840E-01, 1.000E-02, 1.000E+00, 1.000E+00, 5.432E-03, 3.350E-05, 6.068E-05, 0.000E+00, 6.255E+01, 2.413E+01, 1.429E-02, 9.705E-05, 6.953E+01, 7.519E-03, 2.669E-01
11/01/2019,12:00,9,2.113,2.613,1.850,.610,.272, 9.971E+02, 8.267E+01, 2.890E-05, 5.265E-02, 1.835E+01, 2.967E+01, 8.571E+01, 1.376E+01,-9.943E+01, 2.820E+01, 5.397E+00, 7.937E-01, 3.054E-01, 1.207E-01, 1.000E+00, 4.972E-01, 9.706E-01, 1.000E-02, 1.000E+00, 1.000E+00, 4.972E-03, 3.070E-05, 5.992E-05, 0.000E+00, 5.785E+01, 2.238E+01, 1.429E-02, 8.893E-05, 6.957E+01, 7.787E-03, 2.859E-01
11/01/2019,13:00,9,2.113,2.613,1.443,.611,.264, 9.970E+02, 8.539E+01, 2.890E-05, 5.087E-02, 4.998E+00, 1.912E+01, 3.961E+01, 8.508E+00,-9.943E+01, 2.820E+01, 5.339E+00, 7.932E-01, 3.021E-01, 7.605E-02, 1.000E+00, 3.340E-01, 8.039E-01, 1.000E-02, 1.000E+00, 1.000E+00, 3.340E-03, 2.059E-05, 4.956E-05, 0.000E+00, 5.849E+01, 2.262E+01, 1.429E-02, 5.964E-05, 6.971E+01, 7.740E-03, 2.534E-01
11/01/2019,14:00,9,2.113,2.613,1.035,.612,.255, 9.968E+02, 8.966E+01, 2.890E-05, 4.909E-02, 1.367E-13, 1.415E+00, 0.000E+00, 0.000E+00,-9.943E+01, 2.820E+01, 5.281E+00, 7.926E-01, 2.988E-01,-9.990E+02, 1.000E+00,-9.990E+02, 0.000E+00, 0.000E+00, 0.000E+00, 1.000E+00, 0.000E+00, 0.000E+00, 0.000E+00, 0.000E+00, 5.914E+01, 2.287E+01, 1.429E-02, 0.000E+00, 7.000E+01, 7.683E-03, 2.284E-01
11/01/2019,15:00,9,2.113,2.613,.628,.613,.247, 9.966E+02, 9.520E+01, 2.890E-05, 4.731E-02, 0.000E+00, 0.000E+00, 0.000E+00, 0.000E+00,-1.058E+02, 1.972E+01, 5.223E+00, 7.427E-01, 2.915E-01,-9.990E+02, 1.000E+00,-9.990E+02, 0.000E+00, 0.000E+00, 0.000E+00, 1.000E+00, 0.000E+00, 0.000E+00, 0.000E+00, 0.000E+00, 6.147E+01, 2.345E+01, 1.041E-02, 0.000E+00, 9.604E+01, 6.338E-03, 2.112E-01
11/01/2019,16:00,9,2.113,2.613,.307,.628,.232, 9.968E+02, 1.017E+02, 2.890E-05, 4.705E-02, 0.000E+00, 0.000E+00, 0.000E+00, 0.000E+00,-1.058E+02, 1.972E+01, 5.296E+00, 7.422E-01, 2.955E-01,-9.990E+02, 1.000E+00,-9.990E+02, 0.000E+00, 0.000E+00, 0.000E+00, 1.000E+00, 0.000E+00, 0.000E+00, 0.000E+00, 0.000E+00, 6.064E+01, 2.313E+01, 8.436E-03, 0.000E+00, 1.185E+02, 5.573E-03, 1.852E-01
11/01/2019,17:00,9,2.113,2.613,-.015,.643,.218, 9.969E+02, 1.088E+02, 2.890E-05, 4.680E-02, 0.000E+00, 0.000E+00, 0.000E+00, 0.000E+00,-1.058E+02, 1.972E+01, 5.368E+00, 7.417E-01, 2.995E-01,-9.990E+02, 1.000E+00,-9.990E+02, 0.000E+00, 0.000E+00, 0.000E+00, 1.000E+00, 0.000E+00, 0.000E+00, 0.000E+00, 0.000E+00, 5.983E+01, 2.282E+01, 7.090E-03, 0.000E+00, 1.410E+02, 4.972E-03, 1.585E-01
11/01/2019,18:00,9,2.113,2.613,-.336,.657,.204, 9.971E+02, 1.163E+02, 2.890E-05, 4.654E-02, 0.000E+00, 0.000E+00, 0.000E+00, 0.000E+00,-9.357E+01, 1.490E+01, 5.441E+00, 7.496E-01, 3.063E-01,-9.990E+02, 1.000E+00,-9.990E+02, 0.000E+00, 0.000E+00, 0.000E+00, 1.000E+00, 0.000E+00, 0.000E+00, 0.000E+00, 0.000E+00, 5.801E+01, 2.232E+01, 6.114E-03, 0.000E+00, 1.636E+02, 4.499E-03, 1.367E-01
11/01/2019,19:00,9,2.113,2.613,-.672,.668,.193, 9.973E+02, 1.237E+02, 2.890E-05, 4.654E-02, 0.000E+00, 0.000E+00, 0.000E+00, 0.000E+00,-9.357E+01, 1.490E+01, 5.440E+00, 7.491E-01, 3.061E-01,-9.990E+02, 1.000E+00,-9.990E+02, 0.000E+00, 0.000E+00, 0.000E+00, 1.000E+00, 0.000E+00, 0.000E+00, 0.000E+00, 0.000E+00, 5.804E+01, 2.233E+01, 5.346E-03, 0.000E+00, 1.871E+02, 4.068E-03, 1.181E-01
11/01/2019,20:00,9,2.113,2.613,-1.008,.679,.182, 9.975E+02, 1.305E+02, 2.890E-05, 4.654E-02, 0.000E+00, 0.000E+00, 0.000E+00, 0.000E+00,-9.357E+01, 1.490E+01, 5.439E+00, 7.485E-01, 3.061E-01,-9.990E+02, 1.000E+00,-9.990E+02, 0.000E+00, 0.000E+00, 0.000E+00, 1.000E+00, 0.000E+00, 0.000E+00, 0.000E+00, 0.000E+00, 5.806E+01, 2.233E+01, 1.429E-03, 0.000E+00, 7.000E+02, 1.318E-03, 1.055E-01
11/01/2019,21:00,9,2.113,2.613,-1.344,.690,.172, 9.977E+02, 1.363E+02, 2.890E-05, 4.654E-02, 0.000E+00, 0.000E+00, 0.000E+00, 0.000E+00,-9.710E+01, 1.539E+01, 5.439E+00, 8.508E-01, 3.109E-01,-9.990E+02, 1.000E+00,-9.990E+02, 0.000E+00, 0.000E+00, 0.000E+00, 1.000E+00, 0.000E+00, 0.000E+00, 0.000E+00, 0.000E+00, 5.628E+01, 2.199E+01, 1.429E-03, 0.000E+00, 7.000E+02, 1.320E-03, 9.947E-02
11/01/2019,22:00,9,2.113,2.613,-1.225,.688,.174, 9.979E+02, 1.402E+02, 2.890E-05, 4.654E-02, 0.000E+00, 0.000E+00, 0.000E+00, 0.000E+00,-9.710E+01, 1.539E+01, 5.679E+00, 8.509E-01, 3.246E-01,-9.990E+02, 1.000E+00,-9.990E+02, 0.000E+00, 0.000E+00, 0.000E+00, 1.000E+00, 0.000E+00, 0.000E+00, 0.000E+00, 0.000E+00, 5.391E+01, 2.106E+01, 1.429E-03, 0.000E+00, 7.000E+02, 1.324E-03, 9.485E-02
11/01/2019,23:00,9,2.113,2.613,-1.105,.687,.177, 9.981E+02, 1.415E+02, 2.890E-05, 4.654E-02, 0.000E+00, 0.000E+00, 0.000E+00, 0.000E+00,-9.710E+01, 1.539E+01, 5.941E+00, 8.510E-01, 3.396E-01,-9.990E+02, 1.000E+00,-9.990E+02, 0.000E+00, 0.000E+00, 0.000E+00, 1.000E+00, 0.000E+00, 0.000E+00, 0.000E+00, 0.000E+00, 5.153E+01, 2.013E+01, 1.429E-03, 0.000E+00, 7.000E+02, 1.328E-03, 9.554E-02
12/01/2019,00:00,9,2.123,2.623,-.986,.685,.179, 9.983E+02, 1.400E+02, 0.000E+00, 4.654E-02, 0.000E+00, 0.000E+00, 0.000E+00, 0.000E+00,-9.170E+01, 1.846E+01, 6.222E+00, 8.151E-01, 3.547E-01,-9.990E+02, 1.000E+00,-9.990E+02, 0.000E+00, 0.000E+00, 0.000E+00, 1.000E+00, 0.000E+00, 0.000E+00, 0.000E+00, 0.000E+00, 4.947E+01, 1.927E+01, 4.784E-03, 0.000E+00, 2.090E+02, 3.851E-03, 8.991E-02
12/01/2019,01:00,9,2.123,2.623,-1.054,.698,.171, 9.980E+02, 1.359E+02, 0.000E+00, 5.188E-02, 0.000E+00, 0.000E+00, 0.000E+00, 0.000E+00,-9.170E+01, 1.846E+01, 5.913E+00, 8.151E-01, 3.370E-01,-9.990E+02, 1.000E+00,-9.990E+02, 0.000E+00, 0.000E+00, 0.000E+00, 1.000E+00, 0.000E+00, 0.000E+00, 0.000E+00, 0.000E+00, 5.206E+01, 2.028E+01, 1.429E-03, 0.000E+00, 7.000E+02, 1.327E-03, 8.541E-02
12/01/2019,02:00,9,2.123,2.623,-1.122,.711,.163, 9.978E+02, 1.301E+02, 0.000E+00, 5.722E-02, 0.000E+00, 0.000E+00, 0.000E+00, 0.000E+00,-9.170E+01, 1.846E+01, 5.609E+00, 8.151E-01, 3.197E-01,-9.990E+02, 1.000E+00,-9.990E+02, 0.000E+00, 0.000E+00, 0.000E+00, 1.000E+00, 0.000E+00, 0.000E+00, 0.000E+00, 0.000E+00, 5.488E+01, 2.138E+01, 1.429E-03, 0.000E+00, 7.000E+02, 1.322E-03, 7.932E-02
12/01/2019,03:00,9,2.123,2.623,-1.190,.724,.155, 9.975E+02, 1.232E+02, 0.000E+00, 6.256E-02, 0.000E+00, 0.000E+00, 0.000E+00, 0.000E+00,-7.542E+01, 1.608E+01, 5.313E+00, 6.468E-01, 2.951E-01,-9.990E+02, 1.000E+00,-9.990E+02, 0.000E+00, 0.000E+00, 0.000E+00, 1.000E+00, 0.000E+00, 0.000E+00, 0.000E+00, 0.000E+00, 6.100E+01, 2.316E+01, 1.429E-03, 0.000E+00, 7.000E+02, 1.314E-03, 7.518E-02
12/01/2019,04:00,9,2.123,2.623,-1.133,.732,.150, 9.971E+02, 1.158E+02, 0.000E+00, 6.256E-02, 0.000E+00, 0.000E+00, 0.000E+00, 0.000E+00,-7.542E+01, 1.608E+01, 4.879E+00, 6.471E-01, 2.710E-01,-9.990E+02, 1.000E+00,-9.990E+02, 0.000E+00, 0.000E+00, 0.000E+00, 1.000E+00, 0.000E+00, 0.000E+00, 0.000E+00, 0.000E+00, 6.642E+01, 2.522E+01, 1.429E-03, 0.000E+00, 7.000E+02, 1.305E-03, 7.741E-02
12/01/2019,05:00,9,2.123,2.623,-1.077,.741,.146, 9.966E+02, 1.083E+02, 0.000E+00, 6.256E-02, 0.000E+00, 0.000E+00, 0.000E+00, 0.000E+00,-7.542E+01, 1.608E+01, 4.445E+00, 6.473E-01, 2.469E-01,-9.990E+02, 1.000E+00,-9.990E+02, 0.000E+00, 0.000E+00, 0.000E+00, 1.000E+00, 0.000E+00, 0.000E+00, 0.000E+00, 0.000E+00, 7.290E+01, 2.768E+01, 1.429E-03, 0.000E+00, 7.000E+02, 1.294E-03, 8.675E-02
12/01/2019,06:00,9,2.123,2.623,-1.021,.750,.142, 9.961E+02, 1.012E+02, 9.535E-03, 6.256E-02, 0.000E+00, 0.000E+00, 0.000E+00, 0.000E+00,-6.286E+01, 6.197E+00, 4.012E+00, 4.309E-01, 1.994E-01,-9.990E+02, 1.000E+00,-9.990E+02, 0.000E+00, 0.000E+00, 0.000E+00, 1.000E+00, 0.000E+00, 0.000E+00, 0.000E+00, 0.000E+00, 1.010E+02, 3.429E+01, 1.429E-03, 0.000E+00, 7.000E+02, 1.264E-03, 1.031E-01
12/01/2019,07:00,9,2.123,2.623,-1.599,.779,.120, 9.959E+02, 9.474E+01, 9.535E-03, 6.256E-02, 0.000E+00, 0.000E+00, 0.000E+00, 0.000E+00,-6.286E+01, 6.197E+00, 3.777E+00, 4.305E-01, 1.875E-01,-9.990E+02, 1.000E+00,-9.990E+02, 0.000E+00, 0.000E+00, 0.000E+00, 1.000E+00, 0.000E+00, 0.000E+00, 0.000E+00, 0.000E+00, 1.074E+02, 3.645E+01, 1.429E-03, 0.000E+00, 7.000E+02, 1.255E-03, 1.249E-01
12/01/2019,08:00,9,2.123,2.623,-2.178,.809,.100, 9.956E+02, 8.925E+01, 9.535E-03, 6.256E-02, 7.846E-06, 3.157E+00, 0.000E+00, 0.000E+00,-6.286E+01, 6.197E+00, 3.563E+00, 4.301E-01, 1.768E-01,-9.990E+02, 1.000E+00,-9.990E+02, 0.000E+00, 0.000E+00, 0.000E+00, 1.000E+00, 0.000E+00, 0.000E+00, 0.000E+00, 0.000E+00, 1.139E+02, 3.865E+01, 1.429E-03, 0.000E+00, 7.000E+02, 1.245E-03, 1.533E-01
12/01/2019,09:00,9,2.123,2.623,-2.757,.838,.081, 9.954E+02, 8.505E+01, 9.319E-04, 6.256E-02, 6.315E+00, 2.051E+01, 4.571E+01, 9.151E+00,-1.692E+01, 6.897E+00, 3.376E+00, 3.775E-01, 1.859E-01, 8.135E-02, 1.000E+00, 3.571E-01, 8.474E-01, 1.000E-02, 1.000E+00, 1.000E+00, 3.571E-03, 2.168E-05, 5.144E-05, 0.000E+00, 9.765E+01, 3.676E+01, 1.429E-03, 6.311E-05, 6.704E+02, 1.303E-03, 1.876E-01
12/01/2019,10:00,9,2.123,2.623,-2.526,.831,.086, 9.948E+02, 8.241E+01, 9.319E-04, 6.256E-02, 2.002E+01, 3.063E+01, 9.002E+01, 1.422E+01,-1.692E+01, 6.897E+00, 3.042E+00, 3.777E-01, 1.675E-01, 1.244E-01, 1.000E+00, 5.091E-01, 9.753E-01, 1.000E-02, 1.000E+00, 1.000E+00, 5.091E-03, 3.093E-05, 5.925E-05, 0.000E+00, 1.083E+02, 4.080E+01, 1.429E-03, 9.006E-05, 6.585E+02, 1.305E-03, 2.260E-01
12/01/2019,11:00,9,2.123,2.623,-2.296,.823,.092, 9.942E+02, 8.154E+01, 9.319E-04, 6.256E-02, 2.570E+01, 3.380E+01, 1.032E+02, 1.587E+01,-1.692E+01, 6.897E+00, 2.708E+00, 3.780E-01, 1.492E-01, 1.385E-01, 1.000E+00, 5.495E-01, 9.857E-01, 1.000E-02, 1.000E+00, 1.000E+00, 5.495E-03, 3.341E-05, 5.993E-05, 0.000E+00, 1.217E+02, 4.582E+01, 1.429E-03, 9.728E-05, 6.554E+02, 1.288E-03, 2.687E-01
12/01/2019,12:00,9,2.123,2.623,-2.065,.815,.097, 9.936E+02, 8.250E+01, 0.000E+00, 6.256E-02, 5.102E+00, 2.491E+01, 3.049E+01, 1.096E+01,-2.479E+01, 1.147E+00, 2.375E+00, 2.382E-01, 1.000E-01, 1.230E-01, 1.000E+00, 4.060E-01, 7.147E-01, 1.000E-02, 1.000E+00, 1.000E+00, 4.060E-03, 2.471E-05, 4.349E-05, 0.000E+00, 2.454E+02, 6.835E+01, 1.429E-03, 7.195E-05, 6.664E+02, 1.173E-03, 3.088E-01
12/01/2019,13:00,9,2.123,2.623,-3.109,.833,.081, 9.934E+02, 8.521E+01, 0.000E+00, 6.180E-02, 1.493E+00, 1.390E+01, 1.498E+01, 6.044E+00,-2.479E+01, 1.147E+00, 2.507E+00, 2.378E-01, 1.020E-01, 7.869E-02, 1.000E+00, 2.390E-01, 4.599E-01, 1.000E-02, 1.000E+00, 1.000E+00, 2.390E-03, 1.449E-05, 2.788E-05, 0.000E+00, 2.410E+02, 6.701E+01, 1.429E-03, 4.218E-05, 6.799E+02, 1.160E-03, 3.472E-01
12/01/2019,14:00,9,2.123,2.623,-4.153,.852,.067, 9.932E+02, 8.947E+01, 0.000E+00, 6.104E-02, 3.716E-09, 1.325E+00, 0.000E+00, 0.000E+00,-2.479E+01, 1.147E+00, 2.640E+00, 2.374E-01, 1.072E-01,-9.990E+02, 1.000E+00,-9.990E+02, 0.000E+00, 0.000E+00, 0.000E+00, 1.000E+00, 0.000E+00, 0.000E+00, 0.000E+00, 0.000E+00, 2.297E+02, 6.376E+01, 1.429E-03, 0.000E+00, 7.000E+02, 1.145E-03, 3.901E-01
12/01/2019,15:00,9,2.123,2.623,-5.197,.870,.054, 9.929E+02, 9.502E+01, 0.000E+00, 6.028E-02, 0.000E+00, 0.000E+00, 0.000E+00, 0.000E+00,-1.516E+01,-2.211E+00, 2.773E+00, 1.908E-01, 1.066E-01,-9.990E+02, 1.000E+00,-9.990E+02, 0.000E+00, 0.000E+00, 0.000E+00, 1.000E+00, 0.000E+00, 0.000E+00, 0.000E+00, 0.000E+00, 2.439E+02, 6.411E+01, 1.429E-03, 0.000E+00, 7.000E+02, 1.142E-03, 4.278E-01
12/01/2019,16:00,9,2.123,2.623,-5.629,.872,.051, 9.928E+02, 1.015E+02, 0.000E+00, 6.028E-02, 0.000E+00, 0.000E+00, 0.000E+00, 0.000E+00,-1.516E+01,-2.211E+00, 2.567E+00, 1.906E-01, 1.000E-01,-9.990E+02, 1.000E+00,-9.990E+02, 0.000E+00, 0.000E+00, 0.000E+00, 1.000E+00, 0.000E+00, 0.000E+00, 0.000E+00, 0.000E+00, 2.603E+02, 6.835E+01, 1.429E-03, 0.000E+00, 7.000E+02, 1.127E-03, 4.850E-01
12/01/2019,17:00,9,2.123,2.623,-6.061,.875,.049, 9.926E+02, 1.087E+02, 0.000E+00, 6.028E-02, 0.000E+00, 0.000E+00, 0.000E+00, 0.000E+00,-1.516E+01,-2.211E+00, 2.374E+00, 1.905E-01, 1.000E-01,-9.990E+02, 1.000E+00,-9.990E+02, 0.000E+00, 0.000E+00, 0.000E+00, 1.000E+00, 0.000E+00, 0.000E+00, 0.000E+00, 0.000E+00, 2.605E+02, 6.835E+01, 1.429E-03, 0.000E+00, 7.000E+02, 1.127E-03, 5.076E-01
12/01/2019,18:00,9,2.123,2.623,-6.494,.877,.046, 9.924E+02, 1.161E+02, 0.000E+00, 6.028E-02, 0.000E+00, 0.000E+00, 0.000E+00, 0.000E+00,-8.601E+00,-1.347E+00, 2.197E+00, 1.686E-01, 1.000E-01,-9.990E+02, 1.000E+00,-9.990E+02, 0.000E+00, 0.000E+00, 0.000E+00, 1.000E+00, 0.000E+00, 0.000E+00, 0.000E+00, 0.000E+00, 2.438E+02, 6.835E+01, 1.429E-03, 0.000E+00, 7.000E+02, 1.129E-03, 5.549E-01
12/01/2019,19:00,9,2.123,2.623,-6.445,.879,.046, 9.921E+02, 1.235E+02, 0.000E+00, 6.028E-02, 0.000E+00, 0.000E+00, 0.000E+00, 0.000E+00,-8.601E+00,-1.347E+00, 2.220E+00, 1.686E-01, 1.000E-01,-9.990E+02, 1.000E+00,-9.990E+02, 0.000E+00, 0.000E+00, 0.000E+00, 1.000E+00, 0.000E+00, 0.000E+00, 0.000E+00, 0.000E+00, 2.438E+02, 6.835E+01, 1.429E-03, 0.000E+00, 7.000E+02, 1.129E-03, 6.035E-01
12/01/2019,20:00,9,2.123,2.623,-6.395,.881,.045, 9.917E+02, 1.303E+02, 0.000E+00, 6.028E-02, 0.000E+00, 0.000E+00, 0.000E+00, 0.000E+00,-8.601E+00,-1.347E+00, 2.268E+00, 1.687E-01, 1.000E-01,-9.990E+02, 1.000E+00,-9.990E+02, 0.000E+00, 0.000E+00, 0.000E+00, 1.000E+00, 0.000E+00, 0.000E+00, 0.000E+00, 0.000E+00, 2.438E+02, 6.835E+01, 1.429E-03, 0.000E+00, 7.000E+02, 1.129E-03, 6.230E-01
12/01/2019,21:00,9,2.123,2.623,-6.346,.883,.045, 9.913E+02, 1.361E+02, 0.000E+00, 6.028E-02, 0.000E+00, 0.000E+00, 0.000E+00, 0.000E+00,-9.787E+00,-1.822E+00, 2.339E+00, 1.832E-01, 1.000E-01,-9.990E+02, 1.000E+00,-9.990E+02, 0.000E+00, 0.000E+00, 0.000E+00, 1.000E+00, 0.000E+00, 0.000E+00, 0.000E+00, 0.000E+00, 2.353E+02, 6.835E+01, 1.429E-03, 0.000E+00, 7.000E+02, 1.130E-03, 6.321E-01
12/01/2019,22:00,9,2.123,2.623,-7.209,.889,.040, 9.908E+02, 1.400E+02, 0.000E+00, 6.028E-02, 0.000E+00, 0.000E+00, 0.000E+00, 0.000E+00,-9.787E+00,-1.822E+00, 2.251E+00, 1.830E-01, 1.000E-01,-9.990E+02, 1.000E+00,-9.990E+02, 0.000E+00, 0.000E+00, 0.000E+00, 1.000E+00, 0.000E+00, 0.000E+00, 0.000E+00, 0.000E+00, 2.356E+02, 6.835E+01, 1.429E-03, 0.000E+00, 7.000E+02, 1.130E-03, 6.456E-01
12/01/2019,23:00,9,2.123,2.623,-8.073,.896,.035, 9.903E+02, 1.414E+02, 0.000E+00, 6.028E-02, 0.000E+00, 0.000E+00, 0.000E+00, 0.000E+00,-9.787E+00,-1.822E+00, 2.166E+00, 1.827E-01, 1.000E-01,-9.990E+02, 1.000E+00,-9.990E+02, 0.000E+00, 0.000E+00, 0.000E+00, 1.000E+00, 0.000E+00, 0.000E+00, 0.000E+00, 0.000E+00, 2.360E+02, 6.835E+01, 1.429E-03, 0.000E+00, 7.000E+02, 1.130E-03, 6.588E-01
13/01/2019,00:00,9,2.134,2.634,-8.936,.903,.030, 9.898E+02, 1.398E+02, 0.000E+00, 6.028E-02, 0.000E+00, 0.000E+00, 0.000E+00, 0.000E+00,-1.089E+01,-1.281E+00, 2.084E+00, 1.997E-01, 1.000E-01,-9.990E+02, 1.000E+00,-9.990E+02, 0.000E+00, 0.000E+00, 0.000E+00, 1.000E+00, 0.000E+00, 0.000E+00, 0.000E+00, 0.000E+00, 2.260E+02, 6.835E+01, 1.429E-03, 0.000E+00, 7.000E+02, 1.131E-03, 6.699E-01
13/01/2019,01:00,9,2.134,2.634,-8.609,.893,.034, 9.889E+02, 1.358E+02, 0.000E+00, 6.333E-02, 0.000E+00, 0.000E+00, 0.000E+00, 0.000E+00,-1.089E+01,-1.281E+00, 2.108E+00, 1.999E-01, 1.000E-01,-9.990E+02, 1.000E+00,-9.990E+02, 0.000E+00, 0.000E+00, 0.000E+00, 1.000E+00, 0.000E+00, 0.000E+00, 0.000E+00, 0.000E+00, 2.259E+02, 6.835E+01, 1.429E-03, 0.000E+00, 7.000E+02, 1.131E-03, 6.577E-01
13/01/2019,02:00,9,2.134,2.634,-8.283,.884,.038, 9.879E+02, 1.300E+02, 0.000E+00, 6.638E-02, 0.000E+00, 0.000E+00, 0.000E+00, 0.000E+00,-1.089E+01,-1.281E+00, 2.291E+00, 2.001E-01, 1.015E-01,-9.990E+02, 1.000E+00,-9.990E+02, 0.000E+00, 0.000E+00, 0.000E+00, 1.000E+00, 0.000E+00, 0.000E+00, 0.000E+00, 0.000E+00, 2.224E+02, 6.734E+01, 1.429E-03, 0.000E+00, 7.000E+02, 1.134E-03, 6.322E-01
13/01/2019,03:00,9,2.134,2.634,-7.956,.874,.042, 9.870E+02, 1.231E+02, 0.000E+00, 6.943E-02, 0.000E+00, 0.000E+00, 0.000E+00, 0.000E+00,-1.600E+01,-2.705E+00, 2.600E+00, 2.173E-01, 1.110E-01,-9.990E+02, 1.000E+00,-9.990E+02, 0.000E+00, 0.000E+00, 0.000E+00, 1.000E+00, 0.000E+00, 0.000E+00, 0.000E+00, 0.000E+00, 2.112E+02, 6.160E+01, 1.429E-03, 0.000E+00, 7.000E+02, 1.154E-03, 6.064E-01
13/01/2019,04:00,9,2.134,2.634,-7.934,.870,.044, 9.862E+02, 1.157E+02, 0.000E+00, 6.943E-02, 0.000E+00, 0.000E+00, 0.000E+00, 0.000E+00,-1.600E+01,-2.705E+00, 2.627E+00, 2.174E-01, 1.122E-01,-9.990E+02, 1.000E+00,-9.990E+02, 0.000E+00, 0.000E+00, 0.000E+00, 1.000E+00, 0.000E+00, 0.000E+00, 0.000E+00, 0.000E+00, 2.089E+02, 6.095E+01, 1.429E-03, 0.000E+00, 7.000E+02, 1.156E-03, 5.602E-01
13/01/2019,05:00,9,2.134,2.634,-7.912,.867,.045, 9.853E+02, 1.082E+02, 0.000E+00, 6.943E-02, 0.000E+00, 0.000E+00, 0.000E+00, 0.000E+00,-1.600E+01,-2.705E+00, 2.656E+00, 2.175E-01, 1.134E-01,-9.990E+02, 1.000E+00,-9.990E+02, 0.000E+00, 0.000E+00, 0.000E+00, 1.000E+00, 0.000E+00, 0.000E+00, 0.000E+00, 0.000E+00, 2.065E+02, 6.027E+01, 1.429E-03, 0.000E+00, 7.000E+02, 1.158E-03, 5.265E-01
13/01/2019,06:00,9,2.134,2.634,-7.890,.863,.046, 9.845E+02, 1.011E+02, 0.000E+00, 6.943E-02, 0.000E+00, 0.000E+00, 0.000E+00, 0.000E+00,-1.739E+01,-8.979E-01, 2.687E+00, 2.596E-01, 1.276E-01,-9.990E+02, 1.000E+00,-9.990E+02, 0.000E+00, 0.000E+00, 0.000E+00, 1.000E+00, 0.000E+00, 0.000E+00, 0.000E+00, 0.000E+00, 1.649E+02, 5.355E+01, 1.429E-03, 0.000E+00, 7.000E+02, 1.186E-03, 5.661E-01
13/01/2019,07:00,9,2.134,2.634,-6.836,.856,.053, 9.831E+02, 9.462E+01, 0.000E+00, 6.943E-02, 0.000E+00, 0.000E+00, 0.000E+00, 0.000E+00,-1.739E+01,-8.979E-01, 2.586E+00, 2.603E-01, 1.230E-01,-9.990E+02, 1.000E+00,-9.990E+02, 0.000E+00, 0.000E+00, 0.000E+00, 1.000E+00, 0.000E+00, 0.000E+00, 0.000E+00, 0.000E+00, 1.709E+02, 5.557E+01, 1.429E-03, 0.000E+00, 7.000E+02, 1.178E-03, 6.633E-01
13/01/2019,08:00,9,2.134,2.634,-5.781,.849,.060, 9.818E+02, 8.912E+01, 0.000E+00, 6.943E-02, 2.874E-05, 2.459E+00, 0.000E+00, 0.000E+00,-1.739E+01,-8.979E-01, 2.684E+00, 2.610E-01, 1.278E-01,-9.990E+02, 1.000E+00,-9.990E+02, 0.000E+00, 0.000E+00, 0.000E+00, 1.000E+00, 0.000E+00, 0.000E+00, 0.000E+00, 0.000E+00, 1.642E+02, 5.347E+01, 1.429E-03, 0.000E+00, 7.000E+02, 1.186E-03, 8.283E-01
13/01/2019,09:00,9,2.134,2.634,-4.726,.842,.068, 9.804E+02, 8.490E+01, 1.157E-03, 6.943E-02, 3.950E+00, 1.826E+01, 3.025E+01, 8.030E+00,-3.611E+00, 7.289E+00, 2.961E+00, 3.948E-01, 1.733E-01, 8.332E-02, 1.000E+00, 3.171E-01, 7.118E-01, 1.000E-02, 1.000E+00, 1.000E+00, 3.171E-03, 1.911E-05, 4.289E-05, 0.000E+00, 9.859E+01, 3.944E+01, 1.429E-03, 5.592E-05, 6.736E+02, 1.287E-03, 1.032E+00
13/01/2019,10:00,9,2.134,2.634,-4.011,.828,.078, 9.789E+02, 8.225E+01, 1.157E-03, 6.943E-02, 1.193E+01, 2.958E+01, 5.751E+01, 1.329E+01,-3.611E+00, 7.289E+00, 2.884E+00, 3.957E-01, 1.688E-01, 1.263E-01, 1.000E+00, 4.823E-01, 9.061E-01, 1.000E-02, 1.000E+00, 1.000E+00, 4.823E-03, 2.914E-05, 5.474E-05, 0.000E+00, 1.012E+02, 4.050E+01, 1.429E-03, 8.528E-05, 6.606E+02, 1.304E-03, 9.829E-01
13/01/2019,11:00,9,2.134,2.634,-3.295,.813,.090, 9.774E+02, 8.136E+01, 1.157E-03, 6.943E-02, 1.523E+01, 3.347E+01, 6.583E+01, 1.512E+01,-3.611E+00, 7.289E+00, 2.807E+00, 3.965E-01, 1.643E-01, 1.406E-01, 1.000E+00, 5.292E-01, 9.333E-01, 1.000E-02, 1.000E+00, 1.000E+00, 5.292E-03, 3.206E-05, 5.654E-05, 0.000E+00, 1.040E+02, 4.160E+01, 1.429E-03, 9.381E-05, 6.569E+02, 1.306E-03, 8.622E-01
13/01/2019,12:00,9,2.134,2.634,-2.580,.799,.102, 9.758E+02, 8.231E+01, 1.100E-01, 6.943E-02, 2.201E+00, 2.049E+01, 1.711E+01, 8.879E+00,-7.379E+00, 6.491E+00, 2.731E+00, 3.659E-01, 1.562E-01, 1.253E-01, 1.000E+00, 3.309E-01, 5.052E-01, 1.000E-02, 1.000E+00, 1.000E+00, 3.309E-03, 2.010E-05, 3.069E-05, 0.000E+00, 1.119E+02, 4.376E+01, 1.429E-03, 5.882E-05, 6.723E+02, 1.270E-03, 7.814E-01
13/01/2019,13:00,9,2.134,2.634,-2.700,.832,.084, 9.749E+02, 8.502E+01, 1.100E-01, 6.918E-02, 6.970E-01, 1.119E+01, 8.835E+00, 4.822E+00,-7.379E+00, 6.491E+00, 2.588E+00, 3.660E-01, 1.480E-01, 8.139E-02, 1.000E+00, 1.901E-01, 3.047E-01, 1.000E-02, 1.000E+00, 1.000E+00, 1.901E-03, 1.154E-05, 1.850E-05, 0.000E+00, 1.181E+02, 4.617E+01, 1.429E-03, 3.377E-05, 6.838E+02, 1.242E-03, 6.490E-01
13/01/2019,14:00,9,2.134,2.634,-2.821,.865,.067, 9.740E+02, 8.928E+01, 1.100E-01, 6.892E-02, 5.464E-07, 1.311E+00, 0.000E+00, 0.000E+00,-7.379E+00, 6.491E+00, 2.448E+00, 3.661E-01, 1.400E-01,-9.990E+02, 1.000E+00,-9.990E+02, 0.000E+00, 0.000E+00, 0.000E+00, 1.000E+00, 0.000E+00, 0.000E+00, 0.000E+00, 0.000E+00, 1.248E+02, 4.881E+01, 1.429E-03, 0.000E+00, 7.000E+02, 1.207E-03, 4.756E-01
13/01/2019,15:00,9,2.134,2.634,-2.941,.898,.050, 9.731E+02, 9.482E+01, 3.151E-01, 6.867E-02, 0.000E+00, 0.000E+00, 0.000E+00, 0.000E+00,-4.559E+00, 3.153E+00, 2.312E+00, 2.420E-01, 1.269E-01,-9.990E+02, 1.000E+00,-9.990E+02, 0.000E+00, 0.000E+00, 0.000E+00, 1.000E+00, 0.000E+00, 0.000E+00, 0.000E+00, 0.000E+00, 1.435E+02, 5.386E+01, 1.429E-03, 0.000E+00, 7.000E+02, 1.188E-03, 3.942E-01
13/01/2019,16:00,9,2.134,2.634,-2.964,.909,.045, 9.726E+02, 1.013E+02, 3.151E-01, 7.019E-02, 0.000E+00, 0.000E+00, 0.000E+00, 0.000E+00,-4.559E+00, 3.153E+00, 1.876E+00, 2.421E-01, 1.030E-01,-9.990E+02, 1.000E+00,-9.990E+02, 0.000E+00, 0.000E+00, 0.000E+00, 1.000E+00, 0.000E+00, 0.000E+00, 0.000E+00, 0.000E+00, 1.768E+02, 6.635E+01, 1.429E-03, 0.000E+00, 7.000E+02, 1.143E-03, 3.261E-01
13/01/2019,17:00,9,2.134,2.634,-2.987,.920,.039, 9.722E+02, 1.085E+02, 3.151E-01, 7.172E-02, 0.000E+00, 0.000E+00, 0.000E+00, 0.000E+00,-4.559E+00, 3.153E+00, 1.723E+00, 2.421E-01, 1.000E-01,-9.990E+02, 1.000E+00,-9.990E+02, 0.000E+00, 0.000E+00, 0.000E+00, 1.000E+00, 0.000E+00, 0.000E+00, 0.000E+00, 0.000E+00, 1.822E+02, 6.835E+01, 1.429E-03, 0.000E+00, 7.000E+02, 1.136E-03, 2.562E-01
13/01/2019,18:00,9,2.134,2.634,-3.009,.931,.034, 9.718E+02, 1.159E+02, 1.226E-01, 7.325E-02, 0.000E+00, 0.000E+00, 0.000E+00, 0.000E+00,-2.046E+01, 8.883E+00, 1.921E+00, 5.415E-01, 1.105E-01,-9.990E+02, 1.000E+00,-9.990E+02, 0.000E+00, 0.000E+00, 0.000E+00, 1.000E+00, 0.000E+00, 0.000E+00, 0.000E+00, 0.000E+00, 1.574E+02, 6.187E+01, 1.429E-03, 0.000E+00, 7.000E+02, 1.159E-03, 1.773E-01
13/01/2019,19:00,9,2.134,2.634,-2.319,.860,.072, 9.719E+02, 1.233E+02, 1.226E-01, 7.401E-02, 0.000E+00, 0.000E+00, 0.000E+00, 0.000E+00,-2.046E+01, 8.883E+00, 2.563E+00, 5.421E-01, 1.474E-01,-9.990E+02, 1.000E+00,-9.990E+02, 0.000E+00, 0.000E+00, 0.000E+00, 1.000E+00, 0.000E+00, 0.000E+00, 0.000E+00, 0.000E+00, 1.180E+02, 4.637E+01, 1.429E-03, 0.000E+00, 7.000E+02, 1.217E-03, 2.233E-01
13/01/2019,20:00,9,2.134,2.634,-1.629,.788,.115, 9.721E+02, 1.301E+02, 1.226E-01, 7.477E-02, 0.000E+00, 0.000E+00, 0.000E+00, 0.000E+00,-2.046E+01, 8.883E+00, 3.966E+00, 5.428E-01, 2.281E-01,-9.990E+02, 1.000E+00,-9.990E+02, 0.000E+00, 0.000E+00, 0.000E+00, 1.000E+00, 0.000E+00, 0.000E+00, 0.000E+00, 0.000E+00, 7.622E+01, 2.996E+01, 1.429E-03, 0.000E+00, 7.000E+02, 1.284E-03, 2.296E-01
13/01/2019,21:00,9,2.134,2.634,-.939,.717,.162, 9.723E+02, 1.359E+02, 1.554E-02, 7.554E-02, 0.000E+00, 0.000E+00, 0.000E+00, 0.000E+00,-7.317E+01, 3.377E+01, 5.583E+00, 8.410E-01, 3.215E-01,-9.990E+02, 1.000E+00,-9.990E+02, 0.000E+00, 0.000E+00, 0.000E+00, 1.000E+00, 0.000E+00, 0.000E+00, 0.000E+00, 0.000E+00, 5.401E+01, 2.126E+01, 4.860E-03, 0.000E+00, 2.058E+02, 3.823E-03, 1.557E-01
13/01/2019,22:00,9,2.134,2.634,-1.822,.700,.160, 9.727E+02, 1.398E+02, 1.554E-02, 7.528E-02, 0.000E+00, 0.000E+00, 0.000E+00, 0.000E+00,-7.317E+01, 3.377E+01, 5.502E+00, 8.395E-01, 3.168E-01,-9.990E+02, 1.000E+00,-9.990E+02, 0.000E+00, 0.000E+00, 0.000E+00, 1.000E+00, 0.000E+00, 0.000E+00, 0.000E+00, 0.000E+00, 5.482E+01, 2.158E+01, 1.429E-03, 0.000E+00, 7.000E+02, 1.322E-03, 8.662E-02
13/01/2019,23:00,9,2.134,2.634,-2.704,.683,.159, 9.731E+02, 1.412E+02, 1.554E-02, 7.503E-02, 0.000E+00, 0.000E+00, 0.000E+00, 0.000E+00,-7.317E+01, 3.377E+01, 5.450E+00, 8.379E-01, 3.137E-01,-9.990E+02, 1.000E+00,-9.990E+02, 0.000E+00, 0.000E+00, 0.000E+00, 1.000E+00, 0.000E+00, 0.000E+00, 0.000E+00, 0.000E+00, 5.537E+01, 2.179E+01, 1.429E-03, 0.000E+00, 7.000E+02, 1.321E-03, 6.057E-02
14/01/2019,00:00,9,2.145,2.645,-3.587,.666,.157, 9.735E+02, 1.397E+02, 0.000E+00, 7.477E-02, 0.000E+00, 0.000E+00, 0.000E+00, 0.000E+00,-8.583E+01, 1.337E+01, 5.426E+00, 6.539E-01, 2.989E-01,-9.990E+02, 1.000E+00,-9.990E+02, 0.000E+00, 0.000E+00, 0.000E+00, 1.000E+00, 0.000E+00, 0.000E+00, 0.000E+00, 0.000E+00, 6.074E+01, 2.287E+01, 1.429E-03, 0.000E+00, 7.000E+02, 1.315E-03, 5.627E-02
14/01/2019,01:00,9,2.145,2.645,-4.257,.699,.134, 9.741E+02, 1.357E+02, 0.000E+00, 7.426E-02, 0.000E+00, 0.000E+00, 0.000E+00, 0.000E+00,-8.583E+01, 1.337E+01, 5.138E+00, 6.528E-01, 2.830E-01,-9.990E+02, 1.000E+00,-9.990E+02, 0.000E+00, 0.000E+00, 0.000E+00, 1.000E+00, 0.000E+00, 0.000E+00, 0.000E+00, 0.000E+00, 6.417E+01, 2.416E+01, 1.429E-03, 0.000E+00, 7.000E+02, 1.309E-03, 5.731E-02
14/01/2019,02:00,9,2.145,2.645,-4.928,.732,.114, 9.748E+02, 1.299E+02, 0.000E+00, 7.376E-02, 0.000E+00, 0.000E+00, 0.000E+00, 0.000E+00,-8.583E+01, 1.337E+01, 4.887E+00, 6.518E-01, 2.690E-01,-9.990E+02, 1.000E+00,-9.990E+02, 0.000E+00, 0.000E+00, 0.000E+00, 1.000E+00, 0.000E+00, 0.000E+00, 0.000E+00, 0.000E+00, 6.751E+01, 2.541E+01, 1.429E-03, 0.000E+00, 7.000E+02, 1.304E-03, 5.818E-02
14/01/2019,03:00,9,2.145,2.645,-5.599,.765,.095, 9.754E+02, 1.230E+02, 0.000E+00, 7.325E-02, 0.000E+00, 0.000E+00, 0.000E+00, 0.000E+00,-7.868E+01, 9.462E+00, 4.677E+00, 6.220E-01, 2.565E-01,-9.990E+02, 1.000E+00,-9.990E+02, 0.000E+00, 0.000E+00, 0.000E+00, 1.000E+00, 0.000E+00, 0.000E+00, 0.000E+00, 0.000E+00, 7.110E+01, 2.665E+01, 1.429E-03, 0.000E+00, 7.000E+02, 1.298E-03, 6.193E-02
14/01/2019,04:00,9,2.145,2.645,-5.949,.764,.093, 9.756E+02, 1.156E+02, 0.000E+00, 7.325E-02, 0.000E+00, 0.000E+00, 0.000E+00, 0.000E+00,-7.868E+01, 9.462E+00, 4.610E+00, 6.216E-01, 2.528E-01,-9.990E+02, 1.000E+00,-9.990E+02, 0.000E+00, 0.000E+00, 0.000E+00, 1.000E+00, 0.000E+00, 0.000E+00, 0.000E+00, 0.000E+00, 7.215E+01, 2.704E+01, 1.429E-03, 0.000E+00, 7.000E+02, 1.296E-03, 6.938E-02
14/01/2019,05:00,9,2.145,2.645,-6.299,.763,.091, 9.759E+02, 1.081E+02, 0.000E+00, 7.325E-02, 0.000E+00, 0.000E+00, 0.000E+00, 0.000E+00,-7.868E+01, 9.462E+00, 4.568E+00, 6.211E-01, 2.504E-01,-9.990E+02, 1.000E+00,-9.990E+02, 0.000E+00, 0.000E+00, 0.000E+00, 1.000E+00, 0.000E+00, 0.000E+00, 0.000E+00, 0.000E+00, 7.285E+01, 2.730E+01, 1.429E-03, 0.000E+00, 7.000E+02, 1.295E-03, 8.209E-02
14/01/2019,06:00,9,2.145,2.645,-6.649,.762,.089, 9.761E+02, 1.010E+02, 0.000E+00, 7.325E-02, 0.000E+00, 0.000E+00, 0.000E+00, 0.000E+00,-6.800E+01, 8.065E+00, 4.549E+00, 5.188E-01, 2.405E-01,-9.990E+02, 1.000E+00,-9.990E+02, 0.000E+00, 0.000E+00, 0.000E+00, 1.000E+00, 0.000E+00, 0.000E+00, 0.000E+00, 0.000E+00, 7.867E+01, 2.843E+01, 1.429E-03, 0.000E+00, 7.000E+02, 1.290E-03, 1.068E-01
14/01/2019,07:00,9,2.145,2.645,-6.704,.752,.092, 9.762E+02, 9.449E+01, 0.000E+00, 7.299E-02, 0.000E+00, 0.000E+00, 0.000E+00, 0.000E+00,-6.800E+01, 8.065E+00, 4.445E+00, 5.187E-01, 2.350E-01,-9.990E+02, 1.000E+00,-9.990E+02, 0.000E+00, 0.000E+00, 0.000E+00, 1.000E+00, 0.000E+00, 0.000E+00, 0.000E+00, 0.000E+00, 8.052E+01, 2.909E+01, 1.429E-03, 0.000E+00, 7.000E+02, 1.287E-03, 1.342E-01
14/01/2019,08:00,9,2.145,2.645,-6.758,.742,.095, 9.763E+02, 8.898E+01, 0.000E+00, 7.274E-02, 4.943E-04, 4.286E+00, 1.840E+00, 1.827E+00,-6.800E+01, 8.065E+00, 4.390E+00, 5.187E-01, 2.320E-01, 1.665E-02, 1.000E+00, 7.238E-02, 7.290E-02, 1.000E-02, 1.000E+00, 1.000E+00, 7.238E-04, 4.329E-06, 4.360E-06, 0.000E+00, 8.154E+01, 2.946E+01, 1.429E-03, 1.273E-05, 6.938E+02, 1.296E-03, 1.650E-01
14/01/2019,09:00,9,2.145,2.645,-6.812,.732,.099, 9.764E+02, 8.475E+01, 1.501E-02, 7.248E-02, 5.926E-01, 1.099E+01, 7.953E+00, 4.717E+00,-2.880E+01, 1.921E+01, 4.385E+00, 6.341E-01, 2.532E-01, 8.539E-02, 1.000E+00, 1.851E-01, 2.790E-01, 1.000E-02, 1.000E+00, 1.000E+00, 1.851E-03, 1.107E-05, 1.668E-05, 0.000E+00, 6.841E+01, 2.700E+01, 1.429E-03, 3.255E-05, 6.844E+02, 1.324E-03, 2.119E-01
14/01/2019,10:00,9,2.145,2.645,-6.145,.703,.115, 9.767E+02, 8.208E+01, 1.501E-02, 7.248E-02, 1.712E+00, 1.965E+01, 1.468E+01, 8.466E+00,-2.880E+01, 1.921E+01, 4.272E+00, 6.348E-01, 2.467E-01, 1.284E-01, 1.000E+00, 3.145E-01, 4.533E-01, 1.000E-02, 1.000E+00, 1.000E+00, 3.145E-03, 1.885E-05, 2.717E-05, 0.000E+00, 7.021E+01, 2.771E+01, 1.429E-03, 5.544E-05, 6.738E+02, 1.339E-03, 2.467E-01
14/01/2019,11:00,9,2.145,2.645,-5.477,.674,.133, 9.770E+02, 8.118E+01, 1.501E-02, 7.248E-02, 2.171E+00, 2.283E+01, 1.693E+01, 9.845E+00,-2.880E+01, 1.921E+01, 4.254E+00, 6.355E-01, 2.457E-01, 1.428E-01, 1.000E+00, 3.570E-01, 5.015E-01, 1.000E-02, 1.000E+00, 1.000E+00, 3.570E-03, 2.145E-05, 3.014E-05, 0.000E+00, 7.048E+01, 2.782E+01, 1.429E-03, 6.310E-05, 6.704E+02, 1.345E-03, 2.545E-01
14/01/2019,12:00,9,2.145,2.645,-4.810,.645,.152, 9.773E+02, 8.212E+01, 2.021E-03, 7.248E-02, 2.236E+01, 3.167E+01, 9.628E+01, 1.470E+01,-6.940E+01, 1.968E+01, 4.333E+00, 7.229E-01, 2.459E-01, 1.278E-01, 1.000E+00, 5.212E-01, 9.809E-01, 1.000E-02, 1.000E+00, 1.000E+00, 5.212E-03, 3.140E-05, 5.909E-05, 0.000E+00, 7.166E+01, 2.780E+01, 1.429E-03, 9.233E-05, 6.575E+02, 1.369E-03, 2.387E-01
14/01/2019,13:00,9,2.145,2.645,-4.584,.654,.151, 9.781E+02, 8.482E+01, 2.021E-03, 6.918E-02, 7.482E+00, 2.139E+01, 5.099E+01, 9.539E+00,-6.940E+01, 1.968E+01, 4.666E+00, 7.229E-01, 2.648E-01, 8.416E-02, 1.000E+00, 3.711E-01, 8.772E-01, 1.000E-02, 1.000E+00, 1.000E+00, 3.711E-03, 2.237E-05, 5.289E-05, 0.000E+00, 6.654E+01, 2.581E+01, 1.429E-03, 6.579E-05, 6.692E+02, 1.357E-03, 2.078E-01
14/01/2019,14:00,9,2.145,2.645,-4.358,.663,.149, 9.789E+02, 8.908E+01, 2.021E-03, 6.587E-02, 1.370E-04, 3.845E+00, 0.000E+00, 0.000E+00,-6.940E+01, 1.968E+01, 5.001E+00, 7.229E-01, 2.838E-01,-9.990E+02, 1.000E+00,-9.990E+02, 0.000E+00, 0.000E+00, 0.000E+00, 1.000E+00, 0.000E+00, 0.000E+00, 0.000E+00, 0.000E+00, 6.208E+01, 2.408E+01, 1.429E-03, 0.000E+00, 7.000E+02, 1.310E-03, 1.954E-01
14/01/2019,15:00,9,2.145,2.645,-4.132,.672,.148, 9.797E+02, 9.462E+01, 0.000E+00, 6.256E-02, 0.000E+00, 0.000E+00, 0.000E+00, 0.000E+00,-1.070E+02, 2.295E+01, 5.337E+00, 8.553E-01, 3.038E-01,-9.990E+02, 1.000E+00,-9.990E+02, 0.000E+00, 0.000E+00, 0.000E+00, 1.000E+00, 0.000E+00, 0.000E+00, 0.000E+00, 0.000E+00, 5.781E+01, 2.250E+01, 1.429E-03, 0.000E+00, 7.000E+02, 1.317E-03, 1.872E-01
14/01/2019,16:00,9,2.145,2.645,-4.065,.650,.159, 9.804E+02, 1.011E+02, 0.000E+00, 6.231E-02, 0.000E+00, 0.000E+00, 0.000E+00, 0.000E+00,-1.070E+02, 2.295E+01, 5.671E+00, 8.551E-01, 3.228E-01,-9.990E+02, 1.000E+00,-9.990E+02, 0.000E+00, 0.000E+00, 0.000E+00, 1.000E+00, 0.000E+00, 0.000E+00, 0.000E+00, 0.000E+00, 5.441E+01, 2.117E+01, 1.429E-03, 0.000E+00, 7.000E+02, 1.323E-03, 1.573E-01
14/01/2019,17:00,9,2.145,2.645,-3.997,.627,.170, 9.810E+02, 1.083E+02, 0.000E+00, 6.206E-02, 0.000E+00, 0.000E+00, 0.000E+00, 0.000E+00,-1.070E+02, 2.295E+01, 6.004E+00, 8.549E-01, 3.418E-01,-9.990E+02, 1.000E+00,-9.990E+02, 0.000E+00, 0.000E+00, 0.000E+00, 1.000E+00, 0.000E+00, 0.000E+00, 0.000E+00, 0.000E+00, 5.139E+01, 2.000E+01, 1.429E-03, 0.000E+00, 7.000E+02, 1.329E-03, 1.231E-01
14/01/2019,18:00,9,2.145,2.645,-3.930,.605,.180, 9.816E+02, 1.157E+02, 2.021E-03, 6.180E-02, 0.000E+00, 0.000E+00, 0.000E+00, 0.000E+00,-1.005E+02, 2.711E+01, 6.338E+00, 9.404E-01, 3.653E-01,-9.990E+02, 1.000E+00,-9.990E+02, 0.000E+00, 0.000E+00, 0.000E+00, 1.000E+00, 0.000E+00, 0.000E+00, 0.000E+00, 0.000E+00, 4.750E+01, 1.871E+01, 1.429E-03, 0.000E+00, 7.000E+02, 1.335E-03, 9.875E-02
14/01/2019,19:00,9,2.145,2.645,-3.711,.592,.189, 9.822E+02, 1.231E+02, 2.021E-03, 6.180E-02, 0.000E+00, 0.000E+00, 0.000E+00, 0.000E+00,-1.005E+02, 2.711E+01, 6.461E+00, 9.405E-01, 3.724E-01,-9.990E+02, 1.000E+00,-9.990E+02, 0.000E+00, 0.000E+00, 0.000E+00, 1.000E+00, 0.000E+00, 0.000E+00, 0.000E+00, 0.000E+00, 4.659E+01, 1.836E+01, 1.429E-03, 0.000E+00, 7.000E+02, 1.337E-03, 8.226E-02
14/01/2019,20:00,9,2.145,2.645,-3.493,.579,.199, 9.828E+02, 1.299E+02, 2.021E-03, 6.180E-02, 0.000E+00, 0.000E+00, 0.000E+00, 0.000E+00,-1.005E+02, 2.711E+01, 6.591E+00, 9.406E-01, 3.799E-01,-9.990E+02, 1.000E+00,-9.990E+02, 0.000E+00, 0.000E+00, 0.000E+00, 1.000E+00, 0.000E+00, 0.000E+00, 0.000E+00, 0.000E+00, 4.567E+01, 1.799E+01, 1.429E-03, 0.000E+00, 7.000E+02, 1.338E-03, 7.354E-02
14/01/2019,21:00,9,2.145,2.645,-3.274,.566,.208, 9.834E+02, 1.357E+02, 5.227E-02, 6.180E-02, 0.000E+00, 0.000E+00, 0.000E+00, 0.000E+00,-6.592E+01, 3.276E+01, 6.728E+00, 1.054E+00, 3.940E-01,-9.990E+02, 1.000E+00,-9.990E+02, 0.000E+00, 0.000E+00, 0.000E+00, 1.000E+00, 0.000E+00, 0.000E+00, 0.000E+00, 0.000E+00, 4.334E+01, 1.735E+01, 1.429E-03, 0.000E+00, 7.000E+02, 1.341E-03, 6.963E-02
14/01/2019,22:00,9,2.145,2.645,-3.098,.582,.203, 9.840E+02, 1.396E+02, 5.227E-02, 6.180E-02, 0.000E+00, 0.000E+00, 0.000E+00, 0.000E+00,-6.592E+01, 3.276E+01, 6.888E+00, 1.054E+00, 4.034E-01,-9.990E+02, 1.000E+00,-9.990E+02, 0.000E+00, 0.000E+00, 0.000E+00, 1.000E+00, 0.000E+00, 0.000E+00, 0.000E+00, 0.000E+00, 4.233E+01, 1.695E+01, 1.429E-03, 0.000E+00, 7.000E+02, 1.343E-03, 6.282E-02
14/01/2019,23:00,9,2.145,2.645,-2.922,.597,.199, 9.847E+02, 1.410E+02, 5.227E-02, 6.180E-02, 0.000E+00, 0.000E+00, 0.000E+00, 0.000E+00,-6.592E+01, 3.276E+01, 7.064E+00, 1.054E+00, 4.137E-01,-9.990E+02, 1.000E+00,-9.990E+02, 0.000E+00, 0.000E+00, 0.000E+00, 1.000E+00, 0.000E+00, 0.000E+00, 0.000E+00, 0.000E+00, 4.128E+01, 1.652E+01, 1.429E-03, 0.000E+00, 7.000E+02, 1.345E-03, 5.676E-02
15/01/2019,00:00,9,2.155,2.655,-2.746,.613,.193, 9.853E+02, 1.395E+02, 3.615E-02, 6.180E-02, 0.000E+00, 0.000E+00, 0.000E+00, 0.000E+00,-7.597E+01, 3.988E+01, 7.255E+00, 1.089E+00, 4.246E-01,-9.990E+02, 1.000E+00,-9.990E+02, 0.000E+00, 0.000E+00, 0.000E+00, 1.000E+00, 0.000E+00, 0.000E+00, 0.000E+00, 0.000E+00, 4.024E+01, 1.610E+01, 1.429E-03, 0.000E+00, 7.000E+02, 1.347E-03, 5.354E-02
15/01/2019,01:00,9,2.155,2.655,-2.591,.614,.195, 9.860E+02, 1.355E+02, 3.615E-02, 6.689E-02, 0.000E+00, 0.000E+00, 0.000E+00, 0.000E+00,-7.597E+01, 3.988E+01, 7.192E+00, 1.089E+00, 4.209E-01,-9.990E+02, 1.000E+00,-9.990E+02, 0.000E+00, 0.000E+00, 0.000E+00, 1.000E+00, 0.000E+00, 0.000E+00, 0.000E+00, 0.000E+00, 4.059E+01, 1.624E+01, 1.429E-03, 0.000E+00, 7.000E+02, 1.347E-03, 5.432E-02
15/01/2019,02:00,9,2.155,2.655,-2.437,.616,.196, 9.867E+02, 1.297E+02, 3.615E-02, 7.198E-02, 0.000E+00, 0.000E+00, 0.000E+00, 0.000E+00,-7.597E+01, 3.988E+01, 7.135E+00, 1.088E+00, 4.176E-01,-9.990E+02, 1.000E+00,-9.990E+02, 0.000E+00, 0.000E+00, 0.000E+00, 1.000E+00, 0.000E+00, 0.000E+00, 0.000E+00, 0.000E+00, 4.092E+01, 1.637E+01, 1.429E-03, 0.000E+00, 7.000E+02, 1.346E-03, 5.626E-02
15/01/2019,03:00,9,2.155,2.655,-2.283,.617,.198, 9.874E+02, 1.229E+02, 6.743E-05, 7.706E-02, 0.000E+00, 0.000E+00, 0.000E+00, 0.000E+00,-1.008E+02, 2.674E+01, 7.084E+00, 9.121E-01, 4.071E-01,-9.990E+02, 1.000E+00,-9.990E+02, 0.000E+00, 0.000E+00, 0.000E+00, 1.000E+00, 0.000E+00, 0.000E+00, 0.000E+00, 0.000E+00, 4.273E+01, 1.679E+01, 1.429E-03, 0.000E+00, 7.000E+02, 1.344E-03, 5.778E-02
15/01/2019,04:00,9,2.155,2.655,-2.892,.646,.175, 9.880E+02, 1.155E+02, 6.743E-05, 7.681E-02, 0.000E+00, 0.000E+00, 0.000E+00, 0.000E+00,-1.008E+02, 2.674E+01, 6.470E+00, 9.108E-01, 3.718E-01,-9.990E+02, 1.000E+00,-9.990E+02, 0.000E+00, 0.000E+00, 0.000E+00, 1.000E+00, 0.000E+00, 0.000E+00, 0.000E+00, 0.000E+00, 4.680E+01, 1.838E+01, 1.429E-03, 0.000E+00, 7.000E+02, 1.336E-03, 6.170E-02
15/01/2019,05:00,9,2.155,2.655,-3.500,.674,.154, 9.887E+02, 1.080E+02, 6.743E-05, 7.655E-02, 0.000E+00, 0.000E+00, 0.000E+00, 0.000E+00,-1.008E+02, 2.674E+01, 5.860E+00, 9.094E-01, 3.367E-01,-9.990E+02, 1.000E+00,-9.990E+02, 0.000E+00, 0.000E+00, 0.000E+00, 1.000E+00, 0.000E+00, 0.000E+00, 0.000E+00, 0.000E+00, 5.168E+01, 2.030E+01, 1.429E-03, 0.000E+00, 7.000E+02, 1.327E-03, 7.775E-02
15/01/2019,06:00,9,2.155,2.655,-4.108,.703,.134, 9.893E+02, 1.009E+02, 0.000E+00, 7.630E-02, 0.000E+00, 0.000E+00, 0.000E+00, 0.000E+00,-7.705E+01, 1.149E+01, 5.253E+00, 6.135E-01, 2.879E-01,-9.990E+02, 1.000E+00,-9.990E+02, 0.000E+00, 0.000E+00, 0.000E+00, 1.000E+00, 0.000E+00, 0.000E+00, 0.000E+00, 0.000E+00, 6.336E+01, 2.374E+01, 1.429E-03, 0.000E+00, 7.000E+02, 1.311E-03, 9.983E-02
15/01/2019,07:00,9,2.155,2.655,-4.672,.728,.117, 9.899E+02, 9.436E+01, 0.000E+00, 7.630E-02, 0.000E+00, 0.000E+00, 0.000E+00, 0.000E+00,-7.705E+01, 1.149E+01, 4.744E+00, 6.127E-01, 2.599E-01,-9.990E+02, 1.000E+00,-9.990E+02, 0.000E+00, 0.000E+00, 0.000E+00, 1.000E+00, 0.000E+00, 0.000E+00, 0.000E+00, 0.000E+00, 7.020E+01, 2.630E+01, 1.429E-03, 0.000E+00, 7.000E+02, 1.300E-03, 1.226E-01
15/01/2019,08:00,9,2.155,2.655,-5.235,.754,.102, 9.905E+02, 8.883E+01, 0.000E+00, 7.630E-02, 1.686E-03, 4.792E+00, 2.077E+00, 2.036E+00,-7.705E+01, 1.149E+01, 4.277E+00, 6.118E-01, 2.343E-01, 1.893E-02, 1.000E+00, 8.036E-02, 8.190E-02, 1.000E-02, 1.000E+00, 1.000E+00, 8.036E-04, 4.833E-06, 4.926E-06, 0.000E+00, 7.791E+01, 2.917E+01, 1.429E-03, 1.429E-05, 6.931E+02, 1.299E-03, 1.370E-01
15/01/2019,09:00,9,2.155,2.655,-5.798,.780,.088, 9.911E+02, 8.459E+01, 6.743E-05, 7.630E-02, 8.311E+00, 2.233E+01, 5.400E+01, 9.954E+00,-1.817E+01, 9.580E+00, 3.868E+00, 4.900E-01, 2.212E-01, 8.755E-02, 1.000E+00, 3.846E-01, 8.915E-01, 1.000E-02, 1.000E+00, 1.000E+00, 3.846E-03, 2.308E-05, 5.351E-05, 0.000E+00, 7.905E+01, 3.090E+01, 1.429E-03, 6.822E-05, 6.681E+02, 1.335E-03, 1.618E-01
15/01/2019,10:00,9,2.155,2.655,-5.600,.775,.091, 9.910E+02, 8.191E+01, 6.743E-05, 7.630E-02, 2.335E+01, 3.246E+01, 9.797E+01, 1.505E+01,-1.817E+01, 9.580E+00, 3.671E+00, 4.902E-01, 2.099E-01, 1.306E-01, 1.000E+00, 5.295E-01, 9.822E-01, 1.000E-02, 1.000E+00, 1.000E+00, 5.295E-03, 3.180E-05, 5.899E-05, 0.000E+00, 8.329E+01, 3.256E+01, 1.429E-03, 9.399E-05, 6.568E+02, 1.347E-03, 1.909E-01
15/01/2019,11:00,9,2.155,2.655,-5.402,.771,.094, 9.909E+02, 8.100E+01, 6.743E-05, 7.630E-02, 2.954E+01, 3.570E+01, 1.111E+02, 1.673E+01,-1.817E+01, 9.580E+00, 3.475E+00, 4.904E-01, 1.987E-01, 1.451E-01, 1.000E+00, 5.689E-01, 9.896E-01, 1.000E-02, 1.000E+00, 1.000E+00, 5.689E-03, 3.420E-05, 5.948E-05, 0.000E+00, 8.798E+01, 3.439E+01, 1.429E-03, 1.011E-04, 6.537E+02, 1.344E-03, 2.158E-01
15/01/2019,12:00,9,2.155,2.655,-5.204,.766,.097, 9.908E+02, 8.193E+01, 1.074E-03, 7.630E-02, 2.770E+00, 2.259E+01, 1.961E+01, 9.747E+00,-2.405E+01, 4.503E+00, 3.281E+00, 3.195E-01, 1.645E-01, 1.303E-01, 1.000E+00, 3.594E-01, 5.535E-01, 1.000E-02, 1.000E+00, 1.000E+00, 3.594E-03, 2.162E-05, 3.330E-05, 0.000E+00, 1.212E+02, 4.155E+01, 1.429E-03, 6.389E-05, 6.700E+02, 1.281E-03, 2.378E-01
15/01/2019,13:00,9,2.155,2.655,-5.724,.795,.082, 9.906E+02, 8.462E+01, 1.074E-03, 7.477E-02, 9.738E-01, 1.287E+01, 1.071E+01, 5.522E+00,-2.405E+01, 4.503E+00, 2.963E+00, 3.192E-01, 1.485E-01, 8.700E-02, 1.000E+00, 2.165E-01, 3.564E-01, 1.000E-02, 1.000E+00, 1.000E+00, 2.165E-03, 1.300E-05, 2.140E-05, 0.000E+00, 1.343E+02, 4.602E+01, 1.429E-03, 3.841E-05, 6.817E+02, 1.244E-03, 2.678E-01
15/01/2019,14:00,9,2.155,2.655,-6.244,.823,.068, 9.903E+02, 8.888E+01, 1.074E-03, 7.325E-02, 1.370E-04, 2.143E+00, 9.140E-01, 9.106E-01,-2.405E+01, 4.503E+00, 2.657E+00, 3.189E-01, 1.331E-01, 1.818E-02, 1.000E+00, 3.676E-02, 3.690E-02, 1.000E-02, 1.000E+00, 1.000E+00, 3.676E-04, 2.203E-06, 2.211E-06, 0.000E+00, 1.499E+02, 5.135E+01, 1.429E-03, 6.510E-06, 6.968E+02, 1.200E-03, 3.049E-01
15/01/2019,15:00,9,2.155,2.655,-6.764,.851,.055, 9.901E+02, 9.442E+01, 5.869E-04, 7.172E-02, 0.000E+00, 0.000E+00, 0.000E+00, 0.000E+00,-1.187E+01,-1.556E+00, 2.366E+00, 1.919E-01, 1.000E-01,-9.990E+02, 1.000E+00,-9.990E+02, 0.000E+00, 0.000E+00, 0.000E+00, 1.000E+00, 0.000E+00, 0.000E+00, 0.000E+00, 0.000E+00, 2.391E+02, 6.835E+01, 1.429E-03, 0.000E+00, 7.000E+02, 1.129E-03, 3.591E-01
15/01/2019,16:00,9,2.155,2.655,-7.087,.853,.053, 9.900E+02, 1.009E+02, 5.869E-04, 7.172E-02, 0.000E+00, 0.000E+00, 0.000E+00, 0.000E+00,-1.187E+01,-1.556E+00, 2.416E+00, 1.918E-01, 1.010E-01,-9.990E+02, 1.000E+00,-9.990E+02, 0.000E+00, 0.000E+00, 0.000E+00, 1.000E+00, 0.000E+00, 0.000E+00, 0.000E+00, 0.000E+00, 2.369E+02, 6.768E+01, 1.429E-03, 0.000E+00, 7.000E+02, 1.132E-03, 3.898E-01
15/01/2019,17:00,9,2.155,2.655,-7.409,.854,.051, 9.900E+02, 1.081E+02, 5.869E-04, 7.172E-02, 0.000E+00, 0.000E+00, 0.000E+00, 0.000E+00,-1.187E+01,-1.556E+00, 2.468E+00, 1.917E-01, 1.031E-01,-9.990E+02, 1.000E+00,-9.990E+02, 0.000E+00, 0.000E+00, 0.000E+00, 1.000E+00, 0.000E+00, 0.000E+00, 0.000E+00, 0.000E+00, 2.322E+02, 6.631E+01, 1.429E-03, 0.000E+00, 7.000E+02, 1.136E-03, 3.939E-01
15/01/2019,18:00,9,2.155,2.655,-7.732,.855,.050, 9.900E+02, 1.155E+02, 6.743E-05, 7.172E-02, 0.000E+00, 0.000E+00, 0.000E+00, 0.000E+00,-1.881E+01,-4.160E+00, 2.520E+00, 2.136E-01, 1.009E-01,-9.990E+02, 1.000E+00,-9.990E+02, 0.000E+00, 0.000E+00, 0.000E+00, 1.000E+00, 0.000E+00, 0.000E+00, 0.000E+00, 0.000E+00, 2.474E+02, 6.773E+01, 1.429E-03, 0.000E+00, 7.000E+02, 1.130E-03, 4.190E-01
15/01/2019,19:00,9,2.155,2.655,-8.808,.862,.044, 9.905E+02, 1.229E+02, 6.743E-05, 7.198E-02, 0.000E+00, 0.000E+00, 0.000E+00, 0.000E+00,-1.881E+01,-4.160E+00, 2.527E+00, 2.131E-01, 1.010E-01,-9.990E+02, 1.000E+00,-9.990E+02, 0.000E+00, 0.000E+00, 0.000E+00, 1.000E+00, 0.000E+00, 0.000E+00, 0.000E+00, 0.000E+00, 2.477E+02, 6.767E+01, 1.429E-03, 0.000E+00, 7.000E+02, 1.130E-03, 4.478E-01
15/01/2019,20:00,9,2.155,2.655,-9.885,.868,.038, 9.911E+02, 1.297E+02, 6.743E-05, 7.223E-02, 0.000E+00, 0.000E+00, 0.000E+00, 0.000E+00,-1.881E+01,-4.160E+00, 2.571E+00, 2.126E-01, 1.025E-01,-9.990E+02, 1.000E+00,-9.990E+02, 0.000E+00, 0.000E+00, 0.000E+00, 1.000E+00, 0.000E+00, 0.000E+00, 0.000E+00, 0.000E+00, 2.445E+02, 6.667E+01, 1.429E-03, 0.000E+00, 7.000E+02, 1.134E-03, 4.689E-01
15/01/2019,21:00,9,2.155,2.655,-10.961,.875,.033, 9.917E+02, 1.355E+02, 6.743E-05, 7.248E-02, 0.000E+00, 0.000E+00, 0.000E+00, 0.000E+00,-1.925E+01,-4.039E+00, 2.648E+00, 2.133E-01, 1.052E-01,-9.990E+02, 1.000E+00,-9.990E+02, 0.000E+00, 0.000E+00, 0.000E+00, 1.000E+00, 0.000E+00, 0.000E+00, 0.000E+00, 0.000E+00, 2.394E+02, 6.499E+01, 1.429E-03, 0.000E+00, 7.000E+02, 1.140E-03, 4.634E-01
15/01/2019,22:00,9,2.155,2.655,-11.349,.870,.034, 9.921E+02, 1.394E+02, 6.743E-05, 7.248E-02, 0.000E+00, 0.000E+00, 0.000E+00, 0.000E+00,-1.925E+01,-4.039E+00, 2.739E+00, 2.131E-01, 1.087E-01,-9.990E+02, 1.000E+00,-9.990E+02, 0.000E+00, 0.000E+00, 0.000E+00, 1.000E+00, 0.000E+00, 0.000E+00, 0.000E+00, 0.000E+00, 2.319E+02, 6.289E+01, 1.429E-03, 0.000E+00, 7.000E+02, 1.147E-03, 4.494E-01
15/01/2019,23:00,9,2.155,2.655,-11.736,.866,.034, 9.925E+02, 1.408E+02, 6.743E-05, 7.248E-02, 0.000E+00, 0.000E+00, 0.000E+00, 0.000E+00,-1.925E+01,-4.039E+00, 2.839E+00, 2.129E-01, 1.126E-01,-9.990E+02, 1.000E+00,-9.990E+02, 0.000E+00, 0.000E+00, 0.000E+00, 1.000E+00, 0.000E+00, 0.000E+00, 0.000E+00, 0.000E+00, 2.241E+02, 6.072E+01, 1.429E-03, 0.000E+00, 7.000E+02, 1.155E-03, 4.398E-01
16/01/2019,00:00,9,2.166,2.666,-12.124,.862,.034, 9.929E+02, 1.394E+02, 0.000E+00, 7.248E-02, 0.000E+00, 0.000E+00, 0.000E+00, 0.000E+00,-2.018E+01,-4.013E+00, 2.947E+00, 1.965E-01, 1.052E-01,-9.990E+02, 1.000E+00,-9.990E+02, 0.000E+00, 0.000E+00, 0.000E+00, 1.000E+00, 0.000E+00, 0.000E+00, 0.000E+00, 0.000E+00, 2.663E+02, 6.497E+01, 1.429E-03, 0.000E+00, 7.000E+02, 1.136E-03, 4.524E-01
16/01/2019,01:00,9,2.166,2.666,-12.748,.865,.031, 9.933E+02, 1.354E+02, 0.000E+00, 7.604E-02, 0.000E+00, 0.000E+00, 0.000E+00, 0.000E+00,-2.018E+01,-4.013E+00, 2.829E+00, 1.962E-01, 1.008E-01,-9.990E+02, 1.000E+00,-9.990E+02, 0.000E+00, 0.000E+00, 0.000E+00, 1.000E+00, 0.000E+00, 0.000E+00, 0.000E+00, 0.000E+00, 2.782E+02, 6.778E+01, 1.429E-03, 0.000E+00, 7.000E+02, 1.126E-03, 4.769E-01
16/01/2019,02:00,9,2.166,2.666,-13.371,.869,.029, 9.938E+02, 1.296E+02, 0.000E+00, 7.960E-02, 0.000E+00, 0.000E+00, 0.000E+00, 0.000E+00,-2.018E+01,-4.013E+00, 2.730E+00, 1.959E-01, 1.000E-01,-9.990E+02, 1.000E+00,-9.990E+02, 0.000E+00, 0.000E+00, 0.000E+00, 1.000E+00, 0.000E+00, 0.000E+00, 0.000E+00, 0.000E+00, 2.810E+02, 6.835E+01, 1.429E-03, 0.000E+00, 7.000E+02, 1.124E-03, 4.899E-01
16/01/2019,03:00,9,2.166,2.666,-13.995,.872,.027, 9.942E+02, 1.227E+02, 0.000E+00, 8.317E-02, 0.000E+00, 0.000E+00, 0.000E+00, 0.000E+00,-1.241E+01,-2.257E+00, 2.651E+00, 1.373E-01, 1.000E-01,-9.990E+02, 1.000E+00,-9.990E+02, 0.000E+00, 0.000E+00, 0.000E+00, 1.000E+00, 0.000E+00, 0.000E+00, 0.000E+00, 0.000E+00, 3.695E+02, 6.835E+01, 1.429E-03, 0.000E+00, 7.000E+02, 1.114E-03, 4.862E-01
16/01/2019,04:00,9,2.166,2.666,-14.183,.872,.026, 9.941E+02, 1.153E+02, 0.000E+00, 8.317E-02, 0.000E+00, 0.000E+00, 0.000E+00, 0.000E+00,-1.241E+01,-2.257E+00, 2.335E+00, 1.373E-01, 1.000E-01,-9.990E+02, 1.000E+00,-9.990E+02, 0.000E+00, 0.000E+00, 0.000E+00, 1.000E+00, 0.000E+00, 0.000E+00, 0.000E+00, 0.000E+00, 3.697E+02, 6.835E+01, 1.429E-03, 0.000E+00, 7.000E+02, 1.114E-03, 4.806E-01
16/01/2019,05:00,9,2.166,2.666,-14.370,.872,.026, 9.941E+02, 1.079E+02, 0.000E+00, 8.317E-02, 0.000E+00, 0.000E+00, 0.000E+00, 0.000E+00,-1.241E+01,-2.257E+00, 2.041E+00, 1.372E-01, 1.000E-01,-9.990E+02, 1.000E+00,-9.990E+02, 0.000E+00, 0.000E+00, 0.000E+00, 1.000E+00, 0.000E+00, 0.000E+00, 0.000E+00, 0.000E+00, 3.699E+02, 6.835E+01, 1.429E-03, 0.000E+00, 7.000E+02, 1.114E-03, 4.842E-01
16/01/2019,06:00,9,2.166,2.666,-14.557,.872,.026, 9.941E+02, 1.007E+02, 0.000E+00, 8.317E-02, 0.000E+00, 0.000E+00, 0.000E+00, 0.000E+00,-5.404E+00,-1.203E+00, 1.781E+00, 1.238E-01, 1.000E-01,-9.990E+02, 1.000E+00,-9.990E+02, 0.000E+00, 0.000E+00, 0.000E+00, 1.000E+00, 0.000E+00, 0.000E+00, 0.000E+00, 0.000E+00, 2.879E+02, 6.835E+01, 1.429E-03, 0.000E+00, 7.000E+02, 1.124E-03, 5.226E-01
16/01/2019,07:00,9,2.166,2.666,-13.973,.863,.029, 9.940E+02, 9.422E+01, 0.000E+00, 8.317E-02, 0.000E+00, 0.000E+00, 0.000E+00, 0.000E+00,-5.404E+00,-1.203E+00, 1.517E+00, 1.239E-01, 1.000E-01,-9.990E+02, 1.000E+00,-9.990E+02, 0.000E+00, 0.000E+00, 0.000E+00, 1.000E+00, 0.000E+00, 0.000E+00, 0.000E+00, 0.000E+00, 2.875E+02, 6.835E+01, 1.429E-03, 0.000E+00, 7.000E+02, 1.124E-03, 5.934E-01
16/01/2019,08:00,9,2.166,2.666,-13.389,.854,.032, 9.938E+02, 8.868E+01, 0.000E+00, 8.317E-02, 1.060E-04, 1.524E+00, 6.480E-01, 6.457E-01,-5.404E+00,-1.203E+00, 1.562E+00, 1.241E-01, 1.000E-01, 2.129E-02, 1.000E+00, 2.621E-02, 2.630E-02, 1.000E-02, 1.000E+00, 1.000E+00, 2.621E-04, 1.528E-06, 1.534E-06, 0.000E+00, 2.871E+02, 6.835E+01, 1.429E-03, 4.540E-06, 6.978E+02, 1.126E-03, 6.910E-01
16/01/2019,09:00,9,2.166,2.666,-12.806,.845,.036, 9.937E+02, 8.442E+01, 8.922E-03, 8.317E-02, 1.088E-01, 7.896E+00, 3.911E+00, 3.351E+00,-5.213E-01, 2.425E+00, 1.894E+00, 2.388E-01, 1.114E-01, 8.980E-02, 1.000E+00, 1.305E-01, 1.486E-01, 1.000E-02, 1.000E+00, 1.000E+00, 1.305E-03, 7.629E-06, 8.683E-06, 0.000E+00, 1.525E+02, 6.134E+01, 1.429E-03, 2.266E-05, 6.891E+02, 1.177E-03, 8.707E-01
16/01/2019,10:00,9,2.166,2.666,-10.624,.817,.050, 9.929E+02, 8.173E+01, 8.922E-03, 8.317E-02, 2.951E-01, 1.411E+01, 7.018E+00, 5.993E+00,-5.213E-01, 2.425E+00, 1.965E+00, 2.399E-01, 1.156E-01, 1.328E-01, 1.000E+00, 2.227E-01, 2.507E-01, 1.000E-02, 1.000E+00, 1.000E+00, 2.227E-03, 1.313E-05, 1.478E-05, 0.000E+00, 1.470E+02, 5.913E+01, 1.429E-03, 3.899E-05, 6.814E+02, 1.196E-03, 1.102E+00
16/01/2019,11:00,9,2.166,2.666,-8.441,.789,.068, 9.922E+02, 8.080E+01, 8.922E-03, 8.317E-02, 3.720E-01, 1.644E+01, 8.148E+00, 6.985E+00,-5.213E-01, 2.425E+00, 2.128E+00, 2.410E-01, 1.252E-01, 1.474E-01, 1.000E+00, 2.549E-01, 2.848E-01, 1.000E-02, 1.000E+00, 1.000E+00, 2.549E-03, 1.515E-05, 1.692E-05, 0.000E+00, 1.357E+02, 5.458E+01, 1.429E-03, 4.499E-05, 6.786E+02, 1.217E-03, 1.216E+00
16/01/2019,12:00,9,2.166,2.666,-6.259,.762,.091, 9.914E+02, 8.172E+01, 4.469E-01, 8.317E-02, 9.675E-01, 1.771E+01, 1.092E+01, 7.556E+00,-1.513E+01, 5.922E+00, 2.366E+00, 4.348E-01, 1.343E-01, 1.329E-01, 1.000E+00, 2.797E-01, 3.617E-01, 1.000E-02, 1.000E+00, 1.000E+00, 2.797E-03, 1.676E-05, 2.167E-05, 0.000E+00, 1.311E+02, 5.089E+01, 1.429E-03, 4.977E-05, 6.764E+02, 1.234E-03, 1.192E+00
16/01/2019,13:00,9,2.166,2.666,-5.804,.797,.080, 9.897E+02, 8.441E+01, 4.469E-01, 8.495E-02, 3.596E-01, 1.005E+01, 6.123E+00, 4.277E+00,-1.513E+01, 5.922E+00, 2.746E+00, 4.356E-01, 1.560E-01, 8.991E-02, 1.000E+00, 1.668E-01, 2.226E-01, 1.000E-02, 1.000E+00, 1.000E+00, 1.668E-03, 1.001E-05, 1.336E-05, 0.000E+00, 1.129E+02, 4.382E+01, 1.429E-03, 2.974E-05, 6.857E+02, 1.249E-03, 8.863E-01
16/01/2019,14:00,9,2.166,2.666,-5.348,.833,.069, 9.881E+02, 8.867E+01, 4.469E-01, 8.673E-02, 2.340E-04, 1.808E+00, 7.711E-01, 7.661E-01,-1.513E+01, 5.922E+00, 3.328E+00, 4.363E-01, 1.890E-01, 2.147E-02, 1.000E+00, 3.102E-02, 3.122E-02, 1.000E-02, 1.000E+00, 1.000E+00, 3.102E-04, 1.865E-06, 1.877E-06, 0.000E+00, 9.315E+01, 3.616E+01, 1.429E-03, 5.540E-06, 6.973E+02, 1.262E-03, 8.454E-01
16/01/2019,15:00,9,2.166,2.666,-4.893,.869,.056, 9.864E+02, 9.421E+01, 1.708E+00, 8.851E-02, 0.000E+00, 0.000E+00, 0.000E+00, 0.000E+00,-2.125E+01, 1.108E+00, 4.024E+00, 7.107E-01, 2.355E-01,-9.990E+02, 1.000E+00,-9.990E+02, 0.000E+00, 0.000E+00, 0.000E+00, 1.000E+00, 0.000E+00, 0.000E+00, 0.000E+00, 0.000E+00, 7.256E+01, 2.903E+01, 1.429E-03, 0.000E+00, 7.000E+02, 1.288E-03, 6.617E-01
16/01/2019,16:00,9,2.166,2.666,-3.684,.886,.053, 9.842E+02, 1.007E+02, 1.708E+00, 9.715E-02, 0.000E+00, 0.000E+00, 0.000E+00, 0.000E+00,-2.125E+01, 1.108E+00, 4.294E+00, 7.131E-01, 2.513E-01,-9.990E+02, 1.000E+00,-9.990E+02, 0.000E+00, 0.000E+00, 0.000E+00, 1.000E+00, 0.000E+00, 0.000E+00, 0.000E+00, 0.000E+00, 6.799E+01, 2.720E+01, 1.429E-03, 0.000E+00, 7.000E+02, 1.296E-03, 2.623E-01
16/01/2019,17:00,9,2.166,2.666,-2.476,.903,.049, 9.819E+02, 1.079E+02, 1.708E+00, 1.058E-01, 0.000E+00, 0.000E+00, 0.000E+00, 0.000E+00,-2.125E+01, 1.108E+00, 4.568E+00, 7.155E-01, 2.674E-01,-9.990E+02, 1.000E+00,-9.990E+02, 0.000E+00, 0.000E+00, 0.000E+00, 1.000E+00, 0.000E+00, 0.000E+00, 0.000E+00, 0.000E+00, 6.388E+01, 2.556E+01, 1.429E-03, 0.000E+00, 7.000E+02, 1.304E-03, 1.986E-01
16/01/2019,18:00,9,2.166,2.666,-1.267,.920,.045, 9.797E+02, 1.153E+02, 1.055E+00, 1.144E-01, 0.000E+00, 0.000E+00, 0.000E+00, 0.000E+00,-1.083E+01,-8.669E-01, 4.847E+00, 4.002E-01, 2.761E-01,-9.990E+02, 1.000E+00,-9.990E+02, 0.000E+00, 0.000E+00, 0.000E+00, 1.000E+00, 0.000E+00, 0.000E+00, 0.000E+00, 0.000E+00, 6.359E+01, 2.476E+01, 1.429E-03, 0.000E+00, 7.000E+02, 1.307E-03, 1.547E-01
16/01/2019,19:00,9,2.166,2.666,-1.107,.939,.035, 9.785E+02, 1.227E+02, 1.055E+00, 1.195E-01, 0.000E+00, 0.000E+00, 0.000E+00, 0.000E+00,-1.083E+01,-8.669E-01, 3.309E+00, 4.005E-01, 1.885E-01,-9.990E+02, 1.000E+00,-9.990E+02, 0.000E+00, 0.000E+00, 0.000E+00, 1.000E+00, 0.000E+00, 0.000E+00, 0.000E+00, 0.000E+00, 9.315E+01, 3.627E+01, 1.429E-03, 0.000E+00, 7.000E+02, 1.257E-03, 1.434E-01
16/01/2019,20:00,9,2.166,2.666,-.946,.957,.024, 9.774E+02, 1.295E+02, 1.055E+00, 1.246E-01, 0.000E+00, 0.000E+00, 0.000E+00, 0.000E+00,-1.083E+01,-8.669E-01, 1.784E+00, 4.009E-01, 1.016E-01,-9.990E+02, 1.000E+00,-9.990E+02, 0.000E+00, 0.000E+00, 0.000E+00, 1.000E+00, 0.000E+00, 0.000E+00, 0.000E+00, 0.000E+00, 1.728E+02, 6.727E+01, 4.849E-03, 0.000E+00, 2.062E+02, 2.611E-03, 1.030E-01
16/01/2019,21:00,9,2.166,2.666,-.785,.976,.014, 9.762E+02, 1.353E+02, 7.232E-01, 1.297E-01, 0.000E+00, 0.000E+00, 0.000E+00, 0.000E+00,-4.763E+00,-1.247E+00, 4.501E-01, 1.580E-01, 1.000E-01,-9.990E+02, 1.000E+00,-9.990E+02, 0.000E+00, 0.000E+00, 0.000E+00, 1.000E+00, 0.000E+00, 0.000E+00, 0.000E+00, 0.000E+00, 2.200E+02, 6.835E+01, 5.129E-03, 0.000E+00, 1.950E+02, 2.640E-03, 9.906E-02
16/01/2019,22:00,9,2.166,2.666,-.827,.976,.014, 9.755E+02, 1.392E+02, 7.232E-01, 1.335E-01, 0.000E+00, 0.000E+00, 0.000E+00, 0.000E+00,-4.763E+00,-1.247E+00, 6.332E-01, 1.580E-01, 1.000E-01,-9.990E+02, 1.000E+00,-9.990E+02, 0.000E+00, 0.000E+00, 0.000E+00, 1.000E+00, 0.000E+00, 0.000E+00, 0.000E+00, 0.000E+00, 2.200E+02, 6.835E+01, 5.053E-03, 0.000E+00, 1.979E+02, 2.620E-03, 6.137E-02
16/01/2019,23:00,9,2.166,2.666,-.869,.977,.013, 9.748E+02, 1.406E+02, 7.232E-01, 1.373E-01, 0.000E+00, 0.000E+00, 0.000E+00, 0.000E+00,-4.763E+00,-1.247E+00, 1.203E+00, 1.581E-01, 1.000E-01,-9.990E+02, 1.000E+00,-9.990E+02, 0.000E+00, 0.000E+00, 0.000E+00, 1.000E+00, 0.000E+00, 0.000E+00, 0.000E+00, 0.000E+00, 2.200E+02, 6.835E+01, 4.979E-03, 0.000E+00, 2.008E+02, 2.600E-03, 4.729E-02
17/01/2019,00:00,9,2.177,2.677,-.911,.977,.013, 9.741E+02, 1.392E+02, 7.579E-03, 1.412E-01, 0.000E+00, 0.000E+00, 0.000E+00, 0.000E+00,-1.720E+01, 1.156E+01, 1.828E+00, 6.203E-01, 1.066E-01,-9.990E+02, 1.000E+00,-9.990E+02, 0.000E+00, 0.000E+00, 0.000E+00, 1.000E+00, 0.000E+00, 0.000E+00, 0.000E+00, 0.000E+00, 1.608E+02, 6.412E+01, 4.907E-03, 0.000E+00, 2.038E+02, 2.689E-03, 5.934E-02
17/01/2019,01:00,9,2.177,2.677,-2.030,.957,.023, 9.746E+02, 1.352E+02, 7.579E-03, 1.429E-01, 0.000E+00, 0.000E+00, 0.000E+00, 0.000E+00,-1.720E+01, 1.156E+01, 2.680E+00, 6.189E-01, 1.563E-01,-9.990E+02, 1.000E+00,-9.990E+02, 0.000E+00, 0.000E+00, 0.000E+00, 1.000E+00, 0.000E+00, 0.000E+00, 0.000E+00, 0.000E+00, 1.097E+02, 4.374E+01, 1.429E-03, 0.000E+00, 7.000E+02, 1.227E-03, 6.499E-02
17/01/2019,02:00,9,2.177,2.677,-3.149,.937,.031, 9.751E+02, 1.295E+02, 7.579E-03, 1.447E-01, 0.000E+00, 0.000E+00, 0.000E+00, 0.000E+00,-1.720E+01, 1.156E+01, 3.534E+00, 6.175E-01, 2.060E-01,-9.990E+02, 1.000E+00,-9.990E+02, 0.000E+00, 0.000E+00, 0.000E+00, 1.000E+00, 0.000E+00, 0.000E+00, 0.000E+00, 0.000E+00, 8.323E+01, 3.317E+01, 1.429E-03, 0.000E+00, 7.000E+02, 1.271E-03, 7.564E-02
17/01/2019,03:00,9,2.177,2.677,-4.268,.917,.037, 9.756E+02, 1.226E+02, 8.757E-03, 1.465E-01, 0.000E+00, 0.000E+00, 0.000E+00, 0.000E+00,-2.929E+01, 2.684E+00, 4.388E+00, 5.802E-01, 2.511E-01,-9.990E+02, 1.000E+00,-9.990E+02, 0.000E+00, 0.000E+00, 0.000E+00, 1.000E+00, 0.000E+00, 0.000E+00, 0.000E+00, 0.000E+00, 6.961E+01, 2.722E+01, 1.429E-03, 0.000E+00, 7.000E+02, 1.296E-03, 5.561E-02
17/01/2019,04:00,9,2.177,2.677,-3.534,.903,.046, 9.766E+02, 1.152E+02, 8.757E-03, 1.465E-01, 0.000E+00, 0.000E+00, 0.000E+00, 0.000E+00,-2.929E+01, 2.684E+00, 3.587E+00, 5.807E-01, 2.052E-01,-9.990E+02, 1.000E+00,-9.990E+02, 0.000E+00, 0.000E+00, 0.000E+00, 1.000E+00, 0.000E+00, 0.000E+00, 0.000E+00, 0.000E+00, 8.515E+01, 3.330E+01, 1.429E-03, 0.000E+00, 7.000E+02, 1.270E-03, 6.573E-02
17/01/2019,05:00,9,2.177,2.677,-2.799,.888,.056, 9.776E+02, 1.078E+02, 8.757E-03, 1.465E-01, 0.000E+00, 0.000E+00, 0.000E+00, 0.000E+00,-2.929E+01, 2.684E+00, 3.523E+00, 5.812E-01, 2.016E-01,-9.990E+02, 1.000E+00,-9.990E+02, 0.000E+00, 0.000E+00, 0.000E+00, 1.000E+00, 0.000E+00, 0.000E+00, 0.000E+00, 0.000E+00, 8.667E+01, 3.390E+01, 1.429E-03, 0.000E+00, 7.000E+02, 1.267E-03, 8.556E-02
17/01/2019,06:00,9,2.177,2.677,-2.065,.874,.066, 9.785E+02, 1.006E+02, 2.076E-02, 1.465E-01, 0.000E+00, 0.000E+00, 0.000E+00, 0.000E+00,-3.031E+01, 1.016E+01, 4.231E+00, 6.182E-01, 2.434E-01,-9.990E+02, 1.000E+00,-9.990E+02, 0.000E+00, 0.000E+00, 0.000E+00, 1.000E+00, 0.000E+00, 0.000E+00, 0.000E+00, 0.000E+00, 7.143E+01, 2.809E+01, 1.429E-03, 0.000E+00, 7.000E+02, 1.292E-03, 1.252E-01
17/01/2019,07:00,9,2.177,2.677,-2.096,.857,.075, 9.797E+02, 9.408E+01, 2.076E-02, 1.465E-01, 0.000E+00, 0.000E+00, 0.000E+00, 0.000E+00,-3.031E+01, 1.016E+01, 4.319E+00, 6.178E-01, 2.484E-01,-9.990E+02, 1.000E+00,-9.990E+02, 0.000E+00, 0.000E+00, 0.000E+00, 1.000E+00, 0.000E+00, 0.000E+00, 0.000E+00, 0.000E+00, 6.998E+01, 2.751E+01, 1.429E-03, 0.000E+00, 7.000E+02, 1.295E-03, 1.543E-01
17/01/2019,08:00,9,2.177,2.677,-2.126,.839,.084, 9.809E+02, 8.852E+01, 2.076E-02, 1.465E-01, 4.552E-03, 3.935E+00, 1.750E+00, 1.662E+00,-3.031E+01, 1.016E+01, 4.410E+00, 6.173E-01, 2.536E-01, 2.374E-02, 1.000E+00, 6.616E-02, 6.946E-02, 1.000E-02, 1.000E+00, 1.000E+00, 6.616E-04, 4.025E-06, 4.226E-06, 0.000E+00, 6.854E+01, 2.695E+01, 1.429E-03, 1.202E-05, 6.942E+02, 1.307E-03, 1.685E-01
17/01/2019,09:00,9,2.177,2.677,-2.157,.822,.093, 9.821E+02, 8.424E+01, 8.561E-02, 1.465E-01, 9.777E+00, 2.300E+01, 5.901E+01, 1.026E+01,-9.198E+00, 1.623E+01, 4.503E+00, 6.651E-01, 2.653E-01, 9.214E-02, 1.000E+00, 3.966E-01, 9.117E-01, 1.000E-02, 1.000E+00, 1.000E+00, 3.966E-03, 2.413E-05, 5.546E-05, 0.000E+00, 6.396E+01, 2.576E+01, 1.429E-03, 7.202E-05, 6.664E+02, 1.363E-03, 1.529E-01
17/01/2019,10:00,9,2.177,2.677,-2.311,.804,.101, 9.833E+02, 8.154E+01, 8.561E-02, 1.467E-01, 2.533E+01, 3.284E+01, 1.013E+02, 1.522E+01,-9.198E+00, 1.623E+01, 4.549E+00, 6.645E-01, 2.681E-01, 1.351E-01, 1.000E+00, 5.354E-01, 9.845E-01, 1.000E-02, 1.000E+00, 1.000E+00, 5.354E-03, 3.256E-05, 5.986E-05, 0.000E+00, 6.330E+01, 2.550E+01, 1.429E-03, 9.718E-05, 6.554E+02, 1.385E-03, 1.724E-01
17/01/2019,11:00,9,2.177,2.677,-2.465,.787,.109, 9.845E+02, 8.060E+01, 8.561E-02, 1.470E-01, 3.166E+01, 3.602E+01, 1.138E+02, 1.688E+01,-9.198E+00, 1.623E+01, 4.597E+00, 6.639E-01, 2.709E-01, 1.498E-01, 1.000E+00, 5.740E-01, 9.907E-01, 1.000E-02, 1.000E+00, 1.000E+00, 5.740E-03, 3.488E-05, 6.020E-05, 0.000E+00, 6.265E+01, 2.523E+01, 1.429E-03, 1.041E-04, 6.525E+02, 1.392E-03, 1.922E-01
17/01/2019,12:00,9,2.177,2.677,-2.619,.769,.116, 9.857E+02, 8.151E+01, 2.387E-02, 1.473E-01, 2.388E+01, 3.094E+01, 9.525E+01, 1.434E+01,-3.306E+01, 1.655E+01, 4.646E+00, 7.033E-01, 2.695E-01, 1.355E-01, 1.000E+00, 5.180E-01, 9.801E-01, 1.000E-02, 1.000E+00, 1.000E+00, 5.180E-03, 3.146E-05, 5.952E-05, 0.000E+00, 6.396E+01, 2.536E+01, 1.429E-03, 9.390E-05, 6.568E+02, 1.382E-03, 1.912E-01
17/01/2019,13:00,9,2.177,2.677,-3.334,.800,.095, 9.868E+02, 8.420E+01, 2.387E-02, 1.516E-01, 9.315E+00, 2.178E+01, 5.580E+01, 9.720E+00,-3.306E+01, 1.655E+01, 4.472E+00, 7.020E-01, 2.594E-01, 9.287E-02, 1.000E+00, 3.824E-01, 8.992E-01, 1.000E-02, 1.000E+00, 1.000E+00, 3.824E-03, 2.316E-05, 5.447E-05, 0.000E+00, 6.648E+01, 2.635E+01, 1.429E-03, 6.915E-05, 6.677E+02, 1.357E-03, 1.892E-01
17/01/2019,14:00,9,2.177,2.677,-4.050,.831,.076, 9.879E+02, 8.845E+01, 2.387E-02, 1.559E-01, 1.854E-02, 5.918E+00, 2.844E+00, 2.501E+00,-3.306E+01, 1.655E+01, 4.363E+00, 7.006E-01, 2.530E-01, 2.481E-02, 1.000E+00, 9.806E-02, 1.104E-01, 1.000E-02, 1.000E+00, 1.000E+00, 9.806E-04, 5.924E-06, 6.669E-06, 0.000E+00, 6.815E+01, 2.701E+01, 1.429E-03, 1.768E-05, 6.914E+02, 1.312E-03, 2.111E-01
17/01/2019,15:00,9,2.177,2.677,-4.765,.863,.059, 9.890E+02, 9.399E+01, 1.116E-03, 1.602E-01, 0.000E+00, 0.000E+00, 0.000E+00, 0.000E+00,-4.795E+01, 2.389E+00, 4.326E+00, 4.684E-01, 2.300E-01,-9.990E+02, 1.000E+00,-9.990E+02, 0.000E+00, 0.000E+00, 0.000E+00, 1.000E+00, 0.000E+00, 0.000E+00, 0.000E+00, 0.000E+00, 8.176E+01, 2.972E+01, 1.429E-03, 0.000E+00, 7.000E+02, 1.284E-03, 1.736E-01
17/01/2019,16:00,9,2.177,2.677,-6.014,.871,.050, 9.897E+02, 1.005E+02, 1.116E-03, 1.602E-01, 0.000E+00, 0.000E+00, 0.000E+00, 0.000E+00,-4.795E+01, 2.389E+00, 3.861E+00, 4.671E-01, 2.052E-01,-9.990E+02, 1.000E+00,-9.990E+02, 0.000E+00, 0.000E+00, 0.000E+00, 1.000E+00, 0.000E+00, 0.000E+00, 0.000E+00, 0.000E+00, 9.174E+01, 3.332E+01, 1.429E-03, 0.000E+00, 7.000E+02, 1.269E-03, 1.362E-01
17/01/2019,17:00,9,2.177,2.677,-7.262,.880,.043, 9.904E+02, 1.076E+02, 1.116E-03, 1.602E-01, 0.000E+00, 0.000E+00, 0.000E+00, 0.000E+00,-4.795E+01, 2.389E+00, 3.503E+00, 4.659E-01, 1.860E-01,-9.990E+02, 1.000E+00,-9.990E+02, 0.000E+00, 0.000E+00, 0.000E+00, 1.000E+00, 0.000E+00, 0.000E+00, 0.000E+00, 0.000E+00, 1.013E+02, 3.676E+01, 1.429E-03, 0.000E+00, 7.000E+02, 1.254E-03, 1.023E-01
17/01/2019,18:00,9,2.177,2.677,-8.511,.888,.036, 9.911E+02, 1.151E+02, 3.511E-04, 1.602E-01, 0.000E+00, 0.000E+00, 0.000E+00, 0.000E+00,-5.203E+01,-5.387E+00, 3.285E+00, 3.870E-01, 1.594E-01,-9.990E+02, 1.000E+00,-9.990E+02, 0.000E+00, 0.000E+00, 0.000E+00, 1.000E+00, 0.000E+00, 0.000E+00, 0.000E+00, 0.000E+00, 1.294E+02, 4.289E+01, 1.429E-03, 0.000E+00, 7.000E+02, 1.228E-03, 1.120E-01
17/01/2019,19:00,9,2.177,2.677,-8.982,.882,.037, 9.917E+02, 1.225E+02, 3.511E-04, 1.602E-01, 0.000E+00, 0.000E+00, 0.000E+00, 0.000E+00,-5.203E+01,-5.387E+00, 3.315E+00, 3.865E-01, 1.607E-01,-9.990E+02, 1.000E+00,-9.990E+02, 0.000E+00, 0.000E+00, 0.000E+00, 1.000E+00, 0.000E+00, 0.000E+00, 0.000E+00, 0.000E+00, 1.283E+02, 4.253E+01, 1.429E-03, 0.000E+00, 7.000E+02, 1.229E-03, 1.245E-01
17/01/2019,20:00,9,2.177,2.677,-9.454,.877,.037, 9.924E+02, 1.293E+02, 3.511E-04, 1.602E-01, 0.000E+00, 0.000E+00, 0.000E+00, 0.000E+00,-5.203E+01,-5.387E+00, 3.375E+00, 3.860E-01, 1.635E-01,-9.990E+02, 1.000E+00,-9.990E+02, 0.000E+00, 0.000E+00, 0.000E+00, 1.000E+00, 0.000E+00, 0.000E+00, 0.000E+00, 0.000E+00, 1.262E+02, 4.180E+01, 1.429E-03, 0.000E+00, 7.000E+02, 1.232E-03, 1.241E-01
17/01/2019,21:00,9,2.177,2.677,-9.926,.871,.037, 9.930E+02, 1.351E+02, 0.000E+00, 1.602E-01, 0.000E+00, 0.000E+00, 0.000E+00, 0.000E+00,-5.587E+01,-3.271E+00, 3.462E+00, 4.033E-01, 1.696E-01,-9.990E+02, 1.000E+00,-9.990E+02, 0.000E+00, 0.000E+00, 0.000E+00, 1.000E+00, 0.000E+00, 0.000E+00, 0.000E+00, 0.000E+00, 1.204E+02, 4.031E+01, 1.429E-03, 0.000E+00, 7.000E+02, 1.238E-03, 1.477E-01
17/01/2019,22:00,9,2.177,2.677,-10.110,.868,.037, 9.933E+02, 1.390E+02, 0.000E+00, 1.602E-01, 0.000E+00, 0.000E+00, 0.000E+00, 0.000E+00,-5.587E+01,-3.271E+00, 3.504E+00, 4.030E-01, 1.716E-01,-9.990E+02, 1.000E+00,-9.990E+02, 0.000E+00, 0.000E+00, 0.000E+00, 1.000E+00, 0.000E+00, 0.000E+00, 0.000E+00, 0.000E+00, 1.190E+02, 3.983E+01, 1.429E-03, 0.000E+00, 7.000E+02, 1.240E-03, 1.713E-01
17/01/2019,23:00,9,2.177,2.677,-10.295,.866,.038, 9.937E+02, 1.404E+02, 0.000E+00, 1.602E-01, 0.000E+00, 0.000E+00, 0.000E+00, 0.000E+00,-5.587E+01,-3.271E+00, 3.547E+00, 4.028E-01, 1.736E-01,-9.990E+02, 1.000E+00,-9.990E+02, 0.000E+00, 0.000E+00, 0.000E+00, 1.000E+00, 0.000E+00, 0.000E+00, 0.000E+00, 0.000E+00, 1.176E+02, 3.936E+01, 1.429E-03, 0.000E+00, 7.000E+02, 1.242E-03, 1.952E-01
18/01/2019,00:00,9,2.187,2.687,-10.479,.864,.038, 9.940E+02, 1.390E+02, 4.033E-06, 1.602E-01, 0.000E+00, 0.000E+00, 0.000E+00, 0.000E+00,-6.472E+01,-3.878E+00, 3.589E+00, 4.029E-01, 1.710E-01,-9.990E+02, 1.000E+00,-9.990E+02, 0.000E+00, 0.000E+00, 0.000E+00, 1.000E+00, 0.000E+00, 0.000E+00, 0.000E+00, 0.000E+00, 1.228E+02, 3.998E+01, 1.429E-03, 0.000E+00, 7.000E+02, 1.239E-03, 2.025E-01
18/01/2019,01:00,9,2.187,2.687,-10.004,.859,.040, 9.944E+02, 1.351E+02, 4.033E-06, 1.635E-01, 0.000E+00, 0.000E+00, 0.000E+00, 0.000E+00,-6.472E+01,-3.878E+00, 3.681E+00, 4.031E-01, 1.754E-01,-9.990E+02, 1.000E+00,-9.990E+02, 0.000E+00, 0.000E+00, 0.000E+00, 1.000E+00, 0.000E+00, 0.000E+00, 0.000E+00, 0.000E+00, 1.196E+02, 3.896E+01, 1.429E-03, 0.000E+00, 7.000E+02, 1.243E-03, 1.966E-01
18/01/2019,02:00,9,2.187,2.687,-9.529,.854,.043, 9.947E+02, 1.293E+02, 4.033E-06, 1.668E-01, 0.000E+00, 0.000E+00, 0.000E+00, 0.000E+00,-6.472E+01,-3.878E+00, 3.775E+00, 4.034E-01, 1.800E-01,-9.990E+02, 1.000E+00,-9.990E+02, 0.000E+00, 0.000E+00, 0.000E+00, 1.000E+00, 0.000E+00, 0.000E+00, 0.000E+00, 0.000E+00, 1.165E+02, 3.797E+01, 1.429E-03, 0.000E+00, 7.000E+02, 1.248E-03, 1.802E-01
18/01/2019,03:00,9,2.187,2.687,-9.054,.850,.047, 9.951E+02, 1.225E+02, 4.033E-06, 1.701E-01, 0.000E+00, 0.000E+00, 0.000E+00, 0.000E+00,-7.318E+01,-1.089E+00, 3.872E+00, 4.616E-01, 1.940E-01,-9.990E+02, 1.000E+00,-9.990E+02, 0.000E+00, 0.000E+00, 0.000E+00, 1.000E+00, 0.000E+00, 0.000E+00, 0.000E+00, 0.000E+00, 1.029E+02, 3.523E+01, 1.429E-03, 0.000E+00, 7.000E+02, 1.260E-03, 1.749E-01
18/01/2019,04:00,9,2.187,2.687,-8.910,.845,.048, 9.954E+02, 1.151E+02, 4.033E-06, 1.701E-01, 0.000E+00, 0.000E+00, 0.000E+00, 0.000E+00,-7.318E+01,-1.089E+00, 3.910E+00, 4.617E-01, 1.959E-01,-9.990E+02, 1.000E+00,-9.990E+02, 0.000E+00, 0.000E+00, 0.000E+00, 1.000E+00, 0.000E+00, 0.000E+00, 0.000E+00, 0.000E+00, 1.018E+02, 3.489E+01, 1.429E-03, 0.000E+00, 7.000E+02, 1.261E-03, 1.697E-01
18/01/2019,05:00,9,2.187,2.687,-8.767,.841,.050, 9.957E+02, 1.076E+02, 4.033E-06, 1.701E-01, 0.000E+00, 0.000E+00, 0.000E+00, 0.000E+00,-7.318E+01,-1.089E+00, 3.949E+00, 4.617E-01, 1.979E-01,-9.990E+02, 1.000E+00,-9.990E+02, 0.000E+00, 0.000E+00, 0.000E+00, 1.000E+00, 0.000E+00, 0.000E+00, 0.000E+00, 0.000E+00, 1.008E+02, 3.453E+01, 1.429E-03, 0.000E+00, 7.000E+02, 1.263E-03, 1.793E-01
18/01/2019,06:00,9,2.187,2.687,-8.623,.836,.052, 9.961E+02, 1.005E+02, 0.000E+00, 1.701E-01, 0.000E+00, 0.000E+00, 0.000E+00, 0.000E+00,-6.997E+01, 5.812E-01, 3.990E+00, 4.817E-01, 2.051E-01,-9.990E+02, 1.000E+00,-9.990E+02, 0.000E+00, 0.000E+00, 0.000E+00, 1.000E+00, 0.000E+00, 0.000E+00, 0.000E+00, 0.000E+00, 9.489E+01, 3.333E+01, 1.429E-03, 0.000E+00, 7.000E+02, 1.268E-03, 1.996E-01
18/01/2019,07:00,9,2.187,2.687,-8.105,.816,.061, 9.966E+02, 9.392E+01, 0.000E+00, 1.701E-01, 0.000E+00, 0.000E+00, 0.000E+00, 0.000E+00,-6.997E+01, 5.812E-01, 4.028E+00, 4.821E-01, 2.071E-01,-9.990E+02, 1.000E+00,-9.990E+02, 0.000E+00, 0.000E+00, 0.000E+00, 1.000E+00, 0.000E+00, 0.000E+00, 0.000E+00, 0.000E+00, 9.392E+01, 3.301E+01, 1.429E-03, 0.000E+00, 7.000E+02, 1.270E-03, 2.202E-01
18/01/2019,08:00,9,2.187,2.687,-7.587,.795,.071, 9.971E+02, 8.835E+01, 0.000E+00, 1.701E-01, 3.059E-02, 6.899E+00, 3.439E+00, 2.907E+00,-6.997E+01, 5.812E-01, 4.067E+00, 4.824E-01, 2.092E-01, 2.628E-02, 1.000E+00, 1.132E-01, 1.319E-01, 1.000E-02, 1.000E+00, 1.000E+00, 1.132E-03, 6.749E-06, 7.864E-06, 0.000E+00, 9.296E+01, 3.268E+01, 1.429E-03, 2.024E-05, 6.902E+02, 1.287E-03, 2.281E-01
18/01/2019,09:00,9,2.187,2.687,-7.069,.775,.081, 9.976E+02, 8.406E+01, 4.033E-06, 1.701E-01, 1.066E+01, 2.438E+01, 6.239E+01, 1.086E+01,-3.391E+01, 1.082E+01, 4.106E+00, 5.835E-01, 2.340E-01, 9.456E-02, 1.000E+00, 4.135E-01, 9.232E-01, 1.000E-02, 1.000E+00, 1.000E+00, 4.135E-03, 2.470E-05, 5.514E-05, 0.000E+00, 7.502E+01, 2.922E+01, 1.429E-03, 7.409E-05, 6.655E+02, 1.347E-03, 2.381E-01
18/01/2019,10:00,9,2.187,2.687,-6.240,.741,.100, 9.978E+02, 8.134E+01, 4.033E-06, 1.699E-01, 2.691E+01, 3.450E+01, 1.054E+02, 1.596E+01,-3.391E+01, 1.082E+01, 4.100E+00, 5.844E-01, 2.336E-01, 1.375E-01, 1.000E+00, 5.508E-01, 9.869E-01, 1.000E-02, 1.000E+00, 1.000E+00, 5.508E-03, 3.300E-05, 5.913E-05, 0.000E+00, 7.511E+01, 2.926E+01, 1.429E-03, 9.900E-05, 6.546E+02, 1.367E-03, 2.572E-01
18/01/2019,11:00,9,2.187,2.687,-5.410,.707,.120, 9.980E+02, 8.040E+01, 4.033E-06, 1.696E-01, 3.357E+01, 3.780E+01, 1.183E+02, 1.767E+01,-3.391E+01, 1.082E+01, 4.094E+00, 5.852E-01, 2.334E-01, 1.523E-01, 1.000E+00, 5.890E-01, 9.923E-01, 1.000E-02, 1.000E+00, 1.000E+00, 5.890E-03, 3.540E-05, 5.964E-05, 0.000E+00, 7.518E+01, 2.929E+01, 1.429E-03, 1.062E-04, 6.516E+02, 1.373E-03, 2.740E-01
18/01/2019,12:00,9,2.187,2.687,-4.580,.673,.143, 9.983E+02, 8.130E+01, 4.033E-06, 1.694E-01, 2.720E+01, 3.466E+01, 1.059E+02, 1.604E+01,-6.120E+01, 1.447E+01, 4.090E+00, 4.903E-01, 2.152E-01, 1.382E-01, 1.000E+00, 5.527E-01, 9.872E-01, 1.000E-02, 1.000E+00, 1.000E+00, 5.527E-03, 3.332E-05, 5.952E-05, 0.000E+00, 8.832E+01, 3.176E+01, 1.429E-03, 9.995E-05, 6.542E+02, 1.354E-03, 2.811E-01
18/01/2019,13:00,9,2.187,2.687,-5.327,.709,.120, 9.990E+02, 8.398E+01, 4.033E-06, 1.676E-01, 1.105E+01, 2.471E+01, 6.370E+01, 1.102E+01,-6.120E+01, 1.447E+01, 4.019E+00, 4.895E-01, 2.113E-01, 9.590E-02, 1.000E+00, 4.184E-01, 9.272E-01, 1.000E-02, 1.000E+00, 1.000E+00, 4.184E-03, 2.516E-05, 5.575E-05, 0.000E+00, 8.998E+01, 3.234E+01, 1.429E-03, 7.546E-05, 6.649E+02, 1.332E-03, 2.800E-01
18/01/2019,14:00,9,2.187,2.687,-6.074,.746,.099, 9.996E+02, 8.823E+01, 4.033E-06, 1.658E-01, 4.969E-02, 7.401E+00, 3.925E+00, 3.120E+00,-6.120E+01, 1.447E+01, 3.948E+00, 4.886E-01, 2.075E-01, 2.820E-02, 1.000E+00, 1.212E-01, 1.491E-01, 1.000E-02, 1.000E+00, 1.000E+00, 1.212E-03, 7.268E-06, 8.939E-06, 0.000E+00, 9.169E+01, 3.294E+01, 1.429E-03, 2.180E-05, 6.895E+02, 1.287E-03, 2.863E-01
18/01/2019,15:00,9,2.187,2.687,-6.821,.782,.080, 1.000E+03, 9.377E+01, 4.033E-06, 1.640E-01, 0.000E+00, 0.000E+00, 0.000E+00, 0.000E+00,-7.137E+01, 5.162E+00, 3.877E+00, 4.388E-01, 1.904E-01,-9.990E+02, 1.000E+00,-9.990E+02, 0.000E+00, 0.000E+00, 0.000E+00, 1.000E+00, 0.000E+00, 0.000E+00, 0.000E+00, 0.000E+00, 1.069E+02, 3.589E+01, 1.429E-03, 0.000E+00, 7.000E+02, 1.257E-03, 2.901E-01
18/01/2019,16:00,9,2.187,2.687,-7.194,.800,.071, 1.001E+03, 1.003E+02, 4.033E-06, 1.638E-01, 0.000E+00, 0.000E+00, 0.000E+00, 0.000E+00,-7.137E+01, 5.162E+00, 3.837E+00, 4.384E-01, 1.884E-01,-9.990E+02, 1.000E+00,-9.990E+02, 0.000E+00, 0.000E+00, 0.000E+00, 1.000E+00, 0.000E+00, 0.000E+00, 0.000E+00, 0.000E+00, 1.081E+02, 3.628E+01, 1.429E-03, 0.000E+00, 7.000E+02, 1.255E-03, 2.793E-01
18/01/2019,17:00,9,2.187,2.687,-7.566,.818,.063, 1.001E+03, 1.074E+02, 4.033E-06, 1.635E-01, 0.000E+00, 0.000E+00, 0.000E+00, 0.000E+00,-7.137E+01, 5.162E+00, 3.799E+00, 4.380E-01, 1.864E-01,-9.990E+02, 1.000E+00,-9.990E+02, 0.000E+00, 0.000E+00, 0.000E+00, 1.000E+00, 0.000E+00, 0.000E+00, 0.000E+00, 0.000E+00, 1.093E+02, 3.666E+01, 1.429E-03, 0.000E+00, 7.000E+02, 1.254E-03, 2.619E-01
18/01/2019,18:00,9,2.187,2.687,-7.939,.836,.055, 1.001E+03, 1.149E+02, 4.033E-06, 1.633E-01, 0.000E+00, 0.000E+00, 0.000E+00, 0.000E+00,-6.789E+01, 2.794E-01, 3.762E+00, 4.201E-01, 1.822E-01,-9.990E+02, 1.000E+00,-9.990E+02, 0.000E+00, 0.000E+00, 0.000E+00, 1.000E+00, 0.000E+00, 0.000E+00, 0.000E+00, 0.000E+00, 1.134E+02, 3.752E+01, 1.429E-03, 0.000E+00, 7.000E+02, 1.250E-03, 2.570E-01
18/01/2019,19:00,9,2.187,2.687,-8.141,.844,.052, 1.002E+03, 1.222E+02, 4.033E-06, 1.633E-01, 0.000E+00, 0.000E+00, 0.000E+00, 0.000E+00,-6.789E+01, 2.794E-01, 3.700E+00, 4.198E-01, 1.791E-01,-9.990E+02, 1.000E+00,-9.990E+02, 0.000E+00, 0.000E+00, 0.000E+00, 1.000E+00, 0.000E+00, 0.000E+00, 0.000E+00, 0.000E+00, 1.153E+02, 3.816E+01, 1.429E-03, 0.000E+00, 7.000E+02, 1.247E-03, 2.558E-01
18/01/2019,20:00,9,2.187,2.687,-8.342,.852,.048, 1.003E+03, 1.291E+02, 4.033E-06, 1.633E-01, 0.000E+00, 0.000E+00, 0.000E+00, 0.000E+00,-6.789E+01, 2.794E-01, 3.639E+00, 4.195E-01, 1.761E-01,-9.990E+02, 1.000E+00,-9.990E+02, 0.000E+00, 0.000E+00, 0.000E+00, 1.000E+00, 0.000E+00, 0.000E+00, 0.000E+00, 0.000E+00, 1.173E+02, 3.882E+01, 1.429E-03, 0.000E+00, 7.000E+02, 1.244E-03, 2.470E-01
18/01/2019,21:00,9,2.187,2.687,-8.543,.859,.045, 1.003E+03, 1.348E+02, 4.033E-06, 1.633E-01, 0.000E+00, 0.000E+00, 0.000E+00, 0.000E+00,-6.358E+01,-3.101E+00, 3.578E+00, 3.899E-01, 1.680E-01,-9.990E+02, 1.000E+00,-9.990E+02, 0.000E+00, 0.000E+00, 0.000E+00, 1.000E+00, 0.000E+00, 0.000E+00, 0.000E+00, 0.000E+00, 1.268E+02, 4.068E+01, 1.429E-03, 0.000E+00, 7.000E+02, 1.236E-03, 2.386E-01
18/01/2019,22:00,9,2.187,2.687,-8.763,.861,.044, 1.004E+03, 1.388E+02, 4.033E-06, 1.635E-01, 0.000E+00, 0.000E+00, 0.000E+00, 0.000E+00,-6.358E+01,-3.101E+00, 3.545E+00, 3.897E-01, 1.664E-01,-9.990E+02, 1.000E+00,-9.990E+02, 0.000E+00, 0.000E+00, 0.000E+00, 1.000E+00, 0.000E+00, 0.000E+00, 0.000E+00, 0.000E+00, 1.280E+02, 4.108E+01, 1.429E-03, 0.000E+00, 7.000E+02, 1.234E-03, 2.263E-01
18/01/2019,23:00,9,2.187,2.687,-8.982,.863,.043, 1.004E+03, 1.402E+02, 4.033E-06, 1.638E-01, 0.000E+00, 0.000E+00, 0.000E+00, 0.000E+00,-6.358E+01,-3.101E+00, 3.521E+00, 3.894E-01, 1.652E-01,-9.990E+02, 1.000E+00,-9.990E+02, 0.000E+00, 0.000E+00, 0.000E+00, 1.000E+00, 0.000E+00, 0.000E+00, 0.000E+00, 0.000E+00, 1.290E+02, 4.137E+01, 1.429E-03, 0.000E+00, 7.000E+02, 1.233E-03, 2.189E-01
19/01/2019,00:00,9,2.198,2.698,-9.201,.864,.042, 1.004E+03, 1.388E+02, 0.000E+00, 1.640E-01, 0.000E+00, 0.000E+00, 0.000E+00, 0.000E+00,-5.577E+01,-5.470E+00, 3.507E+00, 3.360E-01, 1.529E-01,-9.990E+02, 1.000E+00,-9.990E+02, 0.000E+00, 0.000E+00, 0.000E+00, 1.000E+00, 0.000E+00, 0.000E+00, 0.000E+00, 0.000E+00, 1.501E+02, 4.471E+01, 1.429E-03, 0.000E+00, 7.000E+02, 1.218E-03, 2.093E-01
19/01/2019,01:00,9,2.198,2.698,-9.437,.862,.041, 1.005E+03, 1.349E+02, 0.000E+00, 1.651E-01, 0.000E+00, 0.000E+00, 0.000E+00, 0.000E+00,-5.577E+01,-5.470E+00, 3.369E+00, 3.359E-01, 1.468E-01,-9.990E+02, 1.000E+00,-9.990E+02, 0.000E+00, 0.000E+00, 0.000E+00, 1.000E+00, 0.000E+00, 0.000E+00, 0.000E+00, 0.000E+00, 1.563E+02, 4.656E+01, 1.429E-03, 0.000E+00, 7.000E+02, 1.211E-03, 2.005E-01
19/01/2019,02:00,9,2.198,2.698,-9.673,.860,.041, 1.005E+03, 1.292E+02, 0.000E+00, 1.661E-01, 0.000E+00, 0.000E+00, 0.000E+00, 0.000E+00,-5.577E+01,-5.470E+00, 3.266E+00, 3.357E-01, 1.422E-01,-9.990E+02, 1.000E+00,-9.990E+02, 0.000E+00, 0.000E+00, 0.000E+00, 1.000E+00, 0.000E+00, 0.000E+00, 0.000E+00, 0.000E+00, 1.614E+02, 4.805E+01, 1.429E-03, 0.000E+00, 7.000E+02, 1.205E-03, 2.026E-01
19/01/2019,03:00,9,2.198,2.698,-9.909,.858,.041, 1.005E+03, 1.223E+02, 0.000E+00, 1.671E-01, 0.000E+00, 0.000E+00, 0.000E+00, 0.000E+00,-4.887E+01,-4.063E+00, 3.201E+00, 3.308E-01, 1.426E-01,-9.990E+02, 1.000E+00,-9.990E+02, 0.000E+00, 0.000E+00, 0.000E+00, 1.000E+00, 0.000E+00, 0.000E+00, 0.000E+00, 0.000E+00, 1.574E+02, 4.793E+01, 1.429E-03, 0.000E+00, 7.000E+02, 1.206E-03, 2.031E-01
19/01/2019,04:00,9,2.198,2.698,-10.223,.857,.040, 1.005E+03, 1.149E+02, 0.000E+00, 1.671E-01, 0.000E+00, 0.000E+00, 0.000E+00, 0.000E+00,-4.887E+01,-4.063E+00, 3.127E+00, 3.306E-01, 1.393E-01,-9.990E+02, 1.000E+00,-9.990E+02, 0.000E+00, 0.000E+00, 0.000E+00, 1.000E+00, 0.000E+00, 0.000E+00, 0.000E+00, 0.000E+00, 1.612E+02, 4.908E+01, 1.429E-03, 0.000E+00, 7.000E+02, 1.202E-03, 1.952E-01
19/01/2019,05:00,9,2.198,2.698,-10.537,.856,.040, 1.005E+03, 1.075E+02, 0.000E+00, 1.671E-01, 0.000E+00, 0.000E+00, 0.000E+00, 0.000E+00,-4.887E+01,-4.063E+00, 3.129E+00, 3.304E-01, 1.393E-01,-9.990E+02, 1.000E+00,-9.990E+02, 0.000E+00, 0.000E+00, 0.000E+00, 1.000E+00, 0.000E+00, 0.000E+00, 0.000E+00, 0.000E+00, 1.613E+02, 4.907E+01, 1.429E-03, 0.000E+00, 7.000E+02, 1.202E-03, 2.063E-01
19/01/2019,06:00,9,2.198,2.698,-10.851,.854,.039, 1.005E+03, 1.003E+02, 0.000E+00, 1.671E-01, 0.000E+00, 0.000E+00, 0.000E+00, 0.000E+00,-4.207E+01,-4.157E-02, 3.207E+00, 3.763E-01, 1.594E-01,-9.990E+02, 1.000E+00,-9.990E+02, 0.000E+00, 0.000E+00, 0.000E+00, 1.000E+00, 0.000E+00, 0.000E+00, 0.000E+00, 0.000E+00, 1.262E+02, 4.288E+01, 1.429E-03, 0.000E+00, 7.000E+02, 1.228E-03, 2.639E-01
19/01/2019,07:00,9,2.198,2.698,-10.521,.832,.046, 1.004E+03, 9.376E+01, 0.000E+00, 1.671E-01, 0.000E+00, 0.000E+00, 0.000E+00, 0.000E+00,-4.207E+01,-4.157E-02, 3.212E+00, 3.766E-01, 1.597E-01,-9.990E+02, 1.000E+00,-9.990E+02, 0.000E+00, 0.000E+00, 0.000E+00, 1.000E+00, 0.000E+00, 0.000E+00, 0.000E+00, 0.000E+00, 1.259E+02, 4.279E+01, 1.429E-03, 0.000E+00, 7.000E+02, 1.229E-03, 3.487E-01
19/01/2019,08:00,9,2.198,2.698,-10.191,.810,.054, 1.004E+03, 8.818E+01, 0.000E+00, 1.671E-01, 3.686E-02, 6.244E+00, 3.204E+00, 2.624E+00,-4.207E+01,-4.157E-02, 3.230E+00, 3.769E-01, 1.607E-01, 2.891E-02, 1.000E+00, 1.029E-01, 1.235E-01, 1.000E-02, 1.000E+00, 1.000E+00, 1.029E-03, 6.075E-06, 7.288E-06, 0.000E+00, 1.251E+02, 4.255E+01, 1.429E-03, 1.831E-05, 6.911E+02, 1.243E-03, 5.182E-01
19/01/2019,09:00,9,2.198,2.698,-9.862,.788,.062, 1.004E+03, 8.388E+01, 2.310E-02, 1.671E-01, 2.778E+00, 1.865E+01, 2.100E+01, 7.983E+00,-1.422E+01, 9.980E-01, 3.259E+00, 5.066E-01, 1.885E-01, 9.706E-02, 1.000E+00, 3.089E-01, 5.785E-01, 1.000E-02, 1.000E+00, 1.000E+00, 3.089E-03, 1.826E-05, 3.419E-05, 0.000E+00, 9.174E+01, 3.627E+01, 1.429E-03, 5.503E-05, 6.740E+02, 1.300E-03, 7.019E-01
19/01/2019,10:00,9,2.198,2.698,-8.266,.790,.069, 1.003E+03, 8.114E+01, 2.310E-02, 1.671E-01, 6.804E+00, 3.028E+01, 3.517E+01, 1.307E+01,-1.422E+01, 9.980E-01, 3.425E+00, 5.083E-01, 1.981E-01, 1.400E-01, 1.000E+00, 4.647E-01, 7.646E-01, 1.000E-02, 1.000E+00, 1.000E+00, 4.647E-03, 2.764E-05, 4.546E-05, 0.000E+00, 8.726E+01, 3.450E+01, 1.429E-03, 8.330E-05, 6.614E+02, 1.330E-03, 6.019E-01
19/01/2019,11:00,9,2.198,2.698,-6.670,.792,.077, 1.003E+03, 8.018E+01, 2.310E-02, 1.671E-01, 8.458E+00, 3.457E+01, 3.976E+01, 1.495E+01,-1.422E+01, 9.980E-01, 3.687E+00, 5.100E-01, 2.133E-01, 1.549E-01, 1.000E+00, 5.129E-01, 8.051E-01, 1.000E-02, 1.000E+00, 1.000E+00, 5.129E-03, 3.068E-05, 4.816E-05, 0.000E+00, 8.102E+01, 3.204E+01, 1.429E-03, 9.249E-05, 6.574E+02, 1.349E-03, 3.641E-01
19/01/2019,12:00,9,2.198,2.698,-5.074,.794,.087, 1.002E+03, 8.108E+01, 0.000E+00, 1.671E-01, 2.858E+01, 3.543E+01, 1.085E+02, 1.639E+01,-5.002E+01, 1.279E+01, 4.026E+00, 6.103E-01, 2.268E-01, 1.410E-01, 1.000E+00, 5.605E-01, 9.885E-01, 1.000E-02, 1.000E+00, 1.000E+00, 5.605E-03, 3.373E-05, 5.949E-05, 0.000E+00, 7.828E+01, 3.014E+01, 1.429E-03, 1.017E-04, 6.535E+02, 1.365E-03, 1.715E-01
19/01/2019,13:00,9,2.198,2.698,-4.785,.783,.093, 1.002E+03, 8.376E+01, 0.000E+00, 1.658E-01, 1.213E+01, 2.557E+01, 6.716E+01, 1.141E+01,-5.002E+01, 1.279E+01, 4.042E+00, 6.106E-01, 2.277E-01, 9.897E-02, 1.000E+00, 4.301E-01, 9.369E-01, 1.000E-02, 1.000E+00, 1.000E+00, 4.301E-03, 2.591E-05, 5.644E-05, 0.000E+00, 7.797E+01, 3.002E+01, 1.429E-03, 7.811E-05, 6.637E+02, 1.346E-03, 1.560E-01
19/01/2019,14:00,9,2.198,2.698,-4.495,.772,.100, 1.002E+03, 8.801E+01, 0.000E+00, 1.646E-01, 1.078E-01, 8.339E+00, 5.058E+00, 3.508E+00,-5.002E+01, 1.279E+01, 4.114E+00, 6.108E-01, 2.317E-01, 3.163E-02, 1.000E+00, 1.360E-01, 1.878E-01, 1.000E-02, 1.000E+00, 1.000E+00, 1.360E-03, 8.205E-06, 1.133E-05, 0.000E+00, 7.660E+01, 2.950E+01, 1.429E-03, 2.473E-05, 6.881E+02, 1.306E-03, 1.881E-01
19/01/2019,15:00,9,2.198,2.698,-4.206,.761,.107, 1.002E+03, 9.355E+01, 0.000E+00, 1.633E-01, 0.000E+00, 0.000E+00, 0.000E+00, 0.000E+00,-8.408E+01, 9.146E+00, 4.238E+00, 5.517E-01, 2.240E-01,-9.990E+02, 1.000E+00,-9.990E+02, 0.000E+00, 0.000E+00, 0.000E+00, 1.000E+00, 0.000E+00, 0.000E+00, 0.000E+00, 0.000E+00, 8.447E+01, 3.052E+01, 1.429E-03, 0.000E+00, 7.000E+02, 1.281E-03, 2.252E-01
19/01/2019,16:00,9,2.198,2.698,-4.507,.755,.107, 1.003E+03, 1.001E+02, 0.000E+00, 1.633E-01, 0.000E+00, 0.000E+00, 0.000E+00, 0.000E+00,-8.408E+01, 9.146E+00, 4.291E+00, 5.513E-01, 2.268E-01,-9.990E+02, 1.000E+00,-9.990E+02, 0.000E+00, 0.000E+00, 0.000E+00, 1.000E+00, 0.000E+00, 0.000E+00, 0.000E+00, 0.000E+00, 8.346E+01, 3.014E+01, 1.429E-03, 0.000E+00, 7.000E+02, 1.282E-03, 3.122E-01
19/01/2019,17:00,9,2.198,2.698,-4.807,.750,.107, 1.003E+03, 1.072E+02, 0.000E+00, 1.633E-01, 0.000E+00, 0.000E+00, 0.000E+00, 0.000E+00,-8.408E+01, 9.146E+00, 4.444E+00, 5.509E-01, 2.348E-01,-9.990E+02, 1.000E+00,-9.990E+02, 0.000E+00, 0.000E+00, 0.000E+00, 1.000E+00, 0.000E+00, 0.000E+00, 0.000E+00, 0.000E+00, 8.062E+01, 2.911E+01, 1.429E-03, 0.000E+00, 7.000E+02, 1.287E-03, 3.521E-01
19/01/2019,18:00,9,2.198,2.698,-5.107,.744,.107, 1.003E+03, 1.147E+02, 0.000E+00, 1.633E-01, 0.000E+00, 0.000E+00, 0.000E+00, 0.000E+00,-1.053E+02, 1.584E+01, 4.687E+00, 6.740E-01, 2.566E-01,-9.990E+02, 1.000E+00,-9.990E+02, 0.000E+00, 0.000E+00, 0.000E+00, 1.000E+00, 0.000E+00, 0.000E+00, 0.000E+00, 0.000E+00, 7.119E+01, 2.664E+01, 1.429E-03, 0.000E+00, 7.000E+02, 1.298E-03, 2.785E-01
19/01/2019,19:00,9,2.198,2.698,-5.133,.738,.110, 1.004E+03, 1.220E+02, 0.000E+00, 1.633E-01, 0.000E+00, 0.000E+00, 0.000E+00, 0.000E+00,-1.053E+02, 1.584E+01, 4.683E+00, 6.738E-01, 2.564E-01,-9.990E+02, 1.000E+00,-9.990E+02, 0.000E+00, 0.000E+00, 0.000E+00, 1.000E+00, 0.000E+00, 0.000E+00, 0.000E+00, 0.000E+00, 7.126E+01, 2.666E+01, 1.429E-03, 0.000E+00, 7.000E+02, 1.298E-03, 1.966E-01
19/01/2019,20:00,9,2.198,2.698,-5.159,.731,.112, 1.004E+03, 1.289E+02, 0.000E+00, 1.633E-01, 0.000E+00, 0.000E+00, 0.000E+00, 0.000E+00,-1.053E+02, 1.584E+01, 4.688E+00, 6.736E-01, 2.566E-01,-9.990E+02, 1.000E+00,-9.990E+02, 0.000E+00, 0.000E+00, 0.000E+00, 1.000E+00, 0.000E+00, 0.000E+00, 0.000E+00, 0.000E+00, 7.118E+01, 2.663E+01, 1.429E-03, 0.000E+00, 7.000E+02, 1.298E-03, 1.502E-01
19/01/2019,21:00,9,2.198,2.698,-5.185,.725,.115, 1.005E+03, 1.346E+02, 0.000E+00, 1.633E-01, 0.000E+00, 0.000E+00, 0.000E+00, 0.000E+00,-8.771E+01, 1.001E+01, 4.703E+00, 5.685E-01, 2.499E-01,-9.990E+02, 1.000E+00,-9.990E+02, 0.000E+00, 0.000E+00, 0.000E+00, 1.000E+00, 0.000E+00, 0.000E+00, 0.000E+00, 0.000E+00, 7.530E+01, 2.735E+01, 1.429E-03, 0.000E+00, 7.000E+02, 1.295E-03, 1.245E-01
19/01/2019,22:00,9,2.198,2.698,-5.724,.750,.100, 1.005E+03, 1.385E+02, 0.000E+00, 1.633E-01, 0.000E+00, 0.000E+00, 0.000E+00, 0.000E+00,-8.771E+01, 1.001E+01, 4.565E+00, 5.678E-01, 2.425E-01,-9.990E+02, 1.000E+00,-9.990E+02, 0.000E+00, 0.000E+00, 0.000E+00, 1.000E+00, 0.000E+00, 0.000E+00, 0.000E+00, 0.000E+00, 7.763E+01, 2.819E+01, 1.429E-03, 0.000E+00, 7.000E+02, 1.291E-03, 1.074E-01
19/01/2019,23:00,9,2.198,2.698,-6.262,.776,.086, 1.006E+03, 1.400E+02, 0.000E+00, 1.633E-01, 0.000E+00, 0.000E+00, 0.000E+00, 0.000E+00,-8.771E+01, 1.001E+01, 4.427E+00, 5.671E-01, 2.351E-01,-9.990E+02, 1.000E+00,-9.990E+02, 0.000E+00, 0.000E+00, 0.000E+00, 1.000E+00, 0.000E+00, 0.000E+00, 0.000E+00, 0.000E+00, 8.010E+01, 2.907E+01, 1.429E-03, 0.000E+00, 7.000E+02, 1.287E-03, 9.262E-02
20/01/2019,00:00,9,2.209,2.709,-6.801,.802,.073, 1.006E+03, 1.386E+02, 4.493E-05, 1.633E-01, 0.000E+00, 0.000E+00, 0.000E+00, 0.000E+00,-7.340E+01, 5.425E+00, 4.290E+00, 5.170E-01, 2.253E-01,-9.990E+02, 1.000E+00,-9.990E+02, 0.000E+00, 0.000E+00, 0.000E+00, 1.000E+00, 0.000E+00, 0.000E+00, 0.000E+00, 0.000E+00, 8.449E+01, 3.033E+01, 1.429E-03, 0.000E+00, 7.000E+02, 1.282E-03, 8.486E-02
20/01/2019,01:00,9,2.209,2.709,-7.307,.815,.066, 1.007E+03, 1.347E+02, 4.493E-05, 1.646E-01, 0.000E+00, 0.000E+00, 0.000E+00, 0.000E+00,-7.340E+01, 5.425E+00, 4.188E+00, 5.164E-01, 2.199E-01,-9.990E+02, 1.000E+00,-9.990E+02, 0.000E+00, 0.000E+00, 0.000E+00, 1.000E+00, 0.000E+00, 0.000E+00, 0.000E+00, 0.000E+00, 8.662E+01, 3.109E+01, 1.429E-03, 0.000E+00, 7.000E+02, 1.278E-03, 7.628E-02
20/01/2019,02:00,9,2.209,2.709,-7.814,.828,.059, 1.007E+03, 1.290E+02, 4.493E-05, 1.658E-01, 0.000E+00, 0.000E+00, 0.000E+00, 0.000E+00,-7.340E+01, 5.425E+00, 4.086E+00, 5.159E-01, 2.145E-01,-9.990E+02, 1.000E+00,-9.990E+02, 0.000E+00, 0.000E+00, 0.000E+00, 1.000E+00, 0.000E+00, 0.000E+00, 0.000E+00, 0.000E+00, 8.884E+01, 3.187E+01, 1.429E-03, 0.000E+00, 7.000E+02, 1.275E-03, 7.430E-02
20/01/2019,03:00,9,2.209,2.709,-8.321,.841,.052, 1.007E+03, 1.222E+02, 4.493E-05, 1.671E-01, 0.000E+00, 0.000E+00, 0.000E+00, 0.000E+00,-6.876E+01, 1.306E+00, 3.985E+00, 4.571E-01, 2.011E-01,-9.990E+02, 1.000E+00,-9.990E+02, 0.000E+00, 0.000E+00, 0.000E+00, 1.000E+00, 0.000E+00, 0.000E+00, 0.000E+00, 0.000E+00, 9.857E+01, 3.400E+01, 1.429E-03, 0.000E+00, 7.000E+02, 1.265E-03, 6.667E-02
20/01/2019,04:00,9,2.209,2.709,-8.612,.845,.050, 1.007E+03, 1.148E+02, 4.493E-05, 1.671E-01, 0.000E+00, 0.000E+00, 0.000E+00, 0.000E+00,-6.876E+01, 1.306E+00, 3.891E+00, 4.568E-01, 1.963E-01,-9.990E+02, 1.000E+00,-9.990E+02, 0.000E+00, 0.000E+00, 0.000E+00, 1.000E+00, 0.000E+00, 0.000E+00, 0.000E+00, 0.000E+00, 1.010E+02, 3.482E+01, 1.429E-03, 0.000E+00, 7.000E+02, 1.262E-03, 7.367E-02
20/01/2019,05:00,9,2.209,2.709,-8.904,.850,.047, 1.007E+03, 1.073E+02, 4.493E-05, 1.671E-01, 0.000E+00, 0.000E+00, 0.000E+00, 0.000E+00,-6.876E+01, 1.306E+00, 3.799E+00, 4.565E-01, 1.916E-01,-9.990E+02, 1.000E+00,-9.990E+02, 0.000E+00, 0.000E+00, 0.000E+00, 1.000E+00, 0.000E+00, 0.000E+00, 0.000E+00, 0.000E+00, 1.035E+02, 3.568E+01, 1.429E-03, 0.000E+00, 7.000E+02, 1.258E-03, 8.474E-02
20/01/2019,06:00,9,2.209,2.709,-9.195,.855,.045, 1.008E+03, 1.001E+02, 4.493E-05, 1.671E-01, 0.000E+00, 0.000E+00, 0.000E+00, 0.000E+00,-5.783E+01,-9.379E-01, 3.708E+00, 4.116E-01, 1.829E-01,-9.990E+02, 1.000E+00,-9.990E+02, 0.000E+00, 0.000E+00, 0.000E+00, 1.000E+00, 0.000E+00, 0.000E+00, 0.000E+00, 0.000E+00, 1.108E+02, 3.737E+01, 1.429E-03, 0.000E+00, 7.000E+02, 1.251E-03, 9.287E-02
20/01/2019,07:00,9,2.209,2.709,-9.161,.846,.047, 1.008E+03, 9.360E+01, 4.493E-05, 1.671E-01, 0.000E+00, 0.000E+00, 0.000E+00, 0.000E+00,-5.783E+01,-9.379E-01, 3.573E+00, 4.115E-01, 1.762E-01,-9.990E+02, 1.000E+00,-9.990E+02, 0.000E+00, 0.000E+00, 0.000E+00, 1.000E+00, 0.000E+00, 0.000E+00, 0.000E+00, 0.000E+00, 1.150E+02, 3.878E+01, 1.429E-03, 0.000E+00, 7.000E+02, 1.245E-03, 1.193E-01
20/01/2019,08:00,9,2.209,2.709,-9.126,.838,.050, 1.009E+03, 8.800E+01, 4.493E-05, 1.671E-01, 1.070E-01, 8.378E+00, 5.046E+00, 3.514E+00,-5.783E+01,-9.379E-01, 3.438E+00, 4.114E-01, 1.696E-01, 3.161E-02, 1.000E+00, 1.362E-01, 1.874E-01, 1.000E-02, 1.000E+00, 1.000E+00, 1.362E-03, 8.075E-06, 1.111E-05, 0.000E+00, 1.195E+02, 4.030E+01, 1.429E-03, 2.446E-05, 6.882E+02, 1.257E-03, 1.583E-01
20/01/2019,09:00,9,2.209,2.709,-9.092,.830,.052, 1.009E+03, 8.368E+01, 4.493E-05, 1.671E-01, 1.237E+01, 2.587E+01, 6.771E+01, 1.151E+01,-1.589E+01, 4.206E+00, 3.304E+00, 4.045E-01, 1.853E-01, 9.965E-02, 1.000E+00, 4.331E-01, 9.383E-01, 1.000E-02, 1.000E+00, 1.000E+00, 4.331E-03, 2.567E-05, 5.562E-05, 0.000E+00, 9.622E+01, 3.689E+01, 1.429E-03, 7.776E-05, 6.639E+02, 1.314E-03, 1.985E-01
20/01/2019,10:00,9,2.209,2.709,-8.332,.800,.065, 1.010E+03, 8.093E+01, 4.493E-05, 1.671E-01, 2.935E+01, 3.597E+01, 1.097E+02, 1.660E+01,-1.589E+01, 4.206E+00, 3.147E+00, 4.050E-01, 1.765E-01, 1.426E-01, 1.000E+00, 5.653E-01, 9.890E-01, 1.000E-02, 1.000E+00, 1.000E+00, 5.653E-03, 3.360E-05, 5.880E-05, 0.000E+00, 1.010E+02, 3.872E+01, 1.429E-03, 1.018E-04, 6.534E+02, 1.324E-03, 2.368E-01
20/01/2019,11:00,9,2.209,2.709,-7.572,.771,.079, 1.010E+03, 7.996E+01, 4.493E-05, 1.671E-01, 3.629E+01, 3.930E+01, 1.224E+02, 1.833E+01,-1.589E+01, 4.206E+00, 2.991E+00, 4.056E-01, 1.678E-01, 1.575E-01, 1.000E+00, 6.025E-01, 9.935E-01, 1.000E-02, 1.000E+00, 1.000E+00, 6.025E-03, 3.592E-05, 5.923E-05, 0.000E+00, 1.062E+02, 4.072E+01, 1.429E-03, 1.088E-04, 6.505E+02, 1.320E-03, 2.632E-01
20/01/2019,12:00,9,2.209,2.709,-6.812,.741,.095, 1.010E+03, 8.085E+01, 4.493E-05, 1.671E-01, 2.990E+01, 3.626E+01, 1.108E+02, 1.675E+01,-4.036E+01, 2.861E+00, 2.838E+00, 3.178E-01, 1.288E-01, 1.438E-01, 1.000E+00, 5.685E-01, 9.895E-01, 1.000E-02, 1.000E+00, 1.000E+00, 5.685E-03, 3.399E-05, 5.916E-05, 0.000E+00, 1.710E+02, 5.306E+01, 1.429E-03, 1.030E-04, 6.529E+02, 1.257E-03, 2.843E-01
20/01/2019,13:00,9,2.209,2.709,-7.490,.781,.077, 1.010E+03, 8.353E+01, 4.493E-05, 1.643E-01, 1.318E+01, 2.647E+01, 7.022E+01, 1.181E+01,-4.036E+01, 2.861E+00, 2.952E+00, 3.174E-01, 1.339E-01, 1.021E-01, 1.000E+00, 4.418E-01, 9.443E-01, 1.000E-02, 1.000E+00, 1.000E+00, 4.418E-03, 2.635E-05, 5.632E-05, 0.000E+00, 1.647E+02, 5.106E+01, 1.429E-03, 7.981E-05, 6.630E+02, 1.250E-03, 2.935E-01
20/01/2019,14:00,9,2.209,2.709,-8.167,.820,.060, 1.011E+03, 8.778E+01, 4.493E-05, 1.615E-01, 1.994E-01, 9.303E+00, 6.478E+00, 3.907E+00,-4.036E+01, 2.861E+00, 3.114E+00, 3.169E-01, 1.411E-01, 3.511E-02, 1.000E+00, 1.514E-01, 2.339E-01, 1.000E-02, 1.000E+00, 1.000E+00, 1.514E-03, 9.008E-06, 1.391E-05, 0.000E+00, 1.564E+02, 4.845E+01, 1.429E-03, 2.729E-05, 6.869E+02, 1.224E-03, 3.070E-01
20/01/2019,15:00,9,2.209,2.709,-8.845,.860,.044, 1.011E+03, 9.332E+01, 4.493E-05, 1.587E-01, 0.000E+00, 0.000E+00, 0.000E+00, 0.000E+00,-5.178E+01,-5.964E+00, 3.317E+00, 3.132E-01, 1.394E-01,-9.990E+02, 1.000E+00,-9.990E+02, 0.000E+00, 0.000E+00, 0.000E+00, 1.000E+00, 0.000E+00, 0.000E+00, 0.000E+00, 0.000E+00, 1.706E+02, 4.903E+01, 1.429E-03, 0.000E+00, 7.000E+02, 1.200E-03, 3.093E-01
20/01/2019,16:00,9,2.209,2.709,-9.333,.860,.043, 1.011E+03, 9.983E+01, 4.493E-05, 1.587E-01, 0.000E+00, 0.000E+00, 0.000E+00, 0.000E+00,-5.178E+01,-5.964E+00, 3.257E+00, 3.129E-01, 1.368E-01,-9.990E+02, 1.000E+00,-9.990E+02, 0.000E+00, 0.000E+00, 0.000E+00, 1.000E+00, 0.000E+00, 0.000E+00, 0.000E+00, 0.000E+00, 1.741E+02, 4.997E+01, 1.429E-03, 0.000E+00, 7.000E+02, 1.197E-03, 3.086E-01
20/01/2019,17:00,9,2.209,2.709,-9.822,.860,.041, 1.011E+03, 1.070E+02, 4.493E-05, 1.587E-01, 0.000E+00, 0.000E+00, 0.000E+00, 0.000E+00,-5.178E+01,-5.964E+00, 3.199E+00, 3.126E-01, 1.343E-01,-9.990E+02, 1.000E+00,-9.990E+02, 0.000E+00, 0.000E+00, 0.000E+00, 1.000E+00, 0.000E+00, 0.000E+00, 0.000E+00, 0.000E+00, 1.775E+02, 5.091E+01, 1.429E-03, 0.000E+00, 7.000E+02, 1.193E-03, 3.187E-01
20/01/2019,18:00,9,2.209,2.709,-10.311,.860,.039, 1.011E+03, 1.144E+02, 4.493E-05, 1.587E-01, 0.000E+00, 0.000E+00, 0.000E+00, 0.000E+00,-4.020E+01,-6.939E+00, 3.145E+00, 2.543E-01, 1.168E-01,-9.990E+02, 1.000E+00,-9.990E+02, 0.000E+00, 0.000E+00, 0.000E+00, 1.000E+00, 0.000E+00, 0.000E+00, 0.000E+00, 0.000E+00, 2.306E+02, 5.853E+01, 1.429E-03, 0.000E+00, 7.000E+02, 1.161E-03, 3.403E-01
20/01/2019,19:00,9,2.209,2.709,-10.688,.856,.039, 1.011E+03, 1.218E+02, 4.493E-05, 1.587E-01, 0.000E+00, 0.000E+00, 0.000E+00, 0.000E+00,-4.020E+01,-6.939E+00, 3.066E+00, 2.541E-01, 1.138E-01,-9.990E+02, 1.000E+00,-9.990E+02, 0.000E+00, 0.000E+00, 0.000E+00, 1.000E+00, 0.000E+00, 0.000E+00, 0.000E+00, 0.000E+00, 2.368E+02, 6.008E+01, 1.429E-03, 0.000E+00, 7.000E+02, 1.155E-03, 3.589E-01
20/01/2019,20:00,9,2.209,2.709,-11.066,.852,.039, 1.011E+03, 1.286E+02, 4.493E-05, 1.587E-01, 0.000E+00, 0.000E+00, 0.000E+00, 0.000E+00,-4.020E+01,-6.939E+00, 2.990E+00, 2.539E-01, 1.108E-01,-9.990E+02, 1.000E+00,-9.990E+02, 0.000E+00, 0.000E+00, 0.000E+00, 1.000E+00, 0.000E+00, 0.000E+00, 0.000E+00, 0.000E+00, 2.433E+02, 6.166E+01, 1.429E-03, 0.000E+00, 7.000E+02, 1.150E-03, 3.699E-01
20/01/2019,21:00,9,2.209,2.709,-11.444,.848,.039, 1.012E+03, 1.344E+02, 4.493E-05, 1.587E-01, 0.000E+00, 0.000E+00, 0.000E+00, 0.000E+00,-2.745E+01,-5.435E+00, 2.915E+00, 1.871E-01, 1.000E-01,-9.990E+02, 1.000E+00,-9.990E+02, 0.000E+00, 0.000E+00, 0.000E+00, 1.000E+00, 0.000E+00, 0.000E+00, 0.000E+00, 0.000E+00, 3.413E+02, 6.835E+01, 1.429E-03, 0.000E+00, 7.000E+02, 1.117E-03, 3.646E-01
20/01/2019,22:00,9,2.209,2.709,-12.100,.848,.037, 1.012E+03, 1.383E+02, 4.493E-05, 1.587E-01, 0.000E+00, 0.000E+00, 0.000E+00, 0.000E+00,-2.745E+01,-5.435E+00, 2.812E+00, 1.868E-01, 1.000E-01,-9.990E+02, 1.000E+00,-9.990E+02, 0.000E+00, 0.000E+00, 0.000E+00, 1.000E+00, 0.000E+00, 0.000E+00, 0.000E+00, 0.000E+00, 3.419E+02, 6.835E+01, 1.429E-03, 0.000E+00, 7.000E+02, 1.117E-03, 3.671E-01
20/01/2019,23:00,9,2.209,2.709,-12.757,.848,.035, 1.012E+03, 1.398E+02, 4.493E-05, 1.587E-01, 0.000E+00, 0.000E+00, 0.000E+00, 0.000E+00,-2.745E+01,-5.435E+00, 2.757E+00, 1.866E-01, 1.000E-01,-9.990E+02, 1.000E+00,-9.990E+02, 0.000E+00, 0.000E+00, 0.000E+00, 1.000E+00, 0.000E+00, 0.000E+00, 0.000E+00, 0.000E+00, 3.426E+02, 6.835E+01, 1.429E-03, 0.000E+00, 7.000E+02, 1.117E-03, 3.813E-01
21/01/2019,00:00,9,2.219,2.719,-13.414,.848,.033, 1.011E+03, 1.384E+02, 0.000E+00, 1.587E-01, 0.000E+00, 0.000E+00, 0.000E+00, 0.000E+00,-1.990E+01,-4.076E+00, 2.751E+00, 1.519E-01, 1.000E-01,-9.990E+02, 1.000E+00,-9.990E+02, 0.000E+00, 0.000E+00, 0.000E+00, 1.000E+00, 0.000E+00, 0.000E+00, 0.000E+00, 0.000E+00, 4.024E+02, 6.835E+01, 1.429E-03, 0.000E+00, 7.000E+02, 1.110E-03, 4.117E-01
21/01/2019,01:00,9,2.219,2.719,-14.355,.857,.029, 1.012E+03, 1.345E+02, 0.000E+00, 1.615E-01, 0.000E+00, 0.000E+00, 0.000E+00, 0.000E+00,-1.990E+01,-4.076E+00, 2.534E+00, 1.516E-01, 1.000E-01,-9.990E+02, 1.000E+00,-9.990E+02, 0.000E+00, 0.000E+00, 0.000E+00, 1.000E+00, 0.000E+00, 0.000E+00, 0.000E+00, 0.000E+00, 4.037E+02, 6.835E+01, 1.429E-03, 0.000E+00, 7.000E+02, 1.110E-03, 4.361E-01
21/01/2019,02:00,9,2.219,2.719,-15.296,.865,.025, 1.012E+03, 1.288E+02, 0.000E+00, 1.643E-01, 0.000E+00, 0.000E+00, 0.000E+00, 0.000E+00,-1.990E+01,-4.076E+00, 2.327E+00, 1.514E-01, 1.000E-01,-9.990E+02, 1.000E+00,-9.990E+02, 0.000E+00, 0.000E+00, 0.000E+00, 1.000E+00, 0.000E+00, 0.000E+00, 0.000E+00, 0.000E+00, 4.050E+02, 6.835E+01, 1.429E-03, 0.000E+00, 7.000E+02, 1.110E-03, 4.589E-01
21/01/2019,03:00,9,2.219,2.719,-16.237,.874,.022, 1.012E+03, 1.220E+02, 0.000E+00, 1.671E-01, 0.000E+00, 0.000E+00, 0.000E+00, 0.000E+00,-8.981E+00,-1.665E+00, 2.133E+00, 1.000E-01, 1.000E-01,-9.990E+02, 1.000E+00,-9.990E+02, 0.000E+00, 0.000E+00, 0.000E+00, 1.000E+00, 0.000E+00, 0.000E+00, 0.000E+00, 0.000E+00, 5.387E+02, 6.835E+01, 1.429E-03, 0.000E+00, 7.000E+02, 1.095E-03, 4.865E-01
21/01/2019,04:00,9,2.219,2.719,-16.942,.875,.021, 1.012E+03, 1.146E+02, 0.000E+00, 1.671E-01, 0.000E+00, 0.000E+00, 0.000E+00, 0.000E+00,-8.981E+00,-1.665E+00, 1.940E+00, 1.000E-01, 1.000E-01,-9.990E+02, 1.000E+00,-9.990E+02, 0.000E+00, 0.000E+00, 0.000E+00, 1.000E+00, 0.000E+00, 0.000E+00, 0.000E+00, 0.000E+00, 5.387E+02, 6.835E+01, 1.429E-03, 0.000E+00, 7.000E+02, 1.095E-03, 5.221E-01
21/01/2019,05:00,9,2.219,2.719,-17.647,.877,.019, 1.011E+03, 1.072E+02, 0.000E+00, 1.671E-01, 0.000E+00, 0.000E+00, 0.000E+00, 0.000E+00,-8.981E+00,-1.665E+00, 1.753E+00, 1.000E-01, 1.000E-01,-9.990E+02, 1.000E+00,-9.990E+02, 0.000E+00, 0.000E+00, 0.000E+00, 1.000E+00, 0.000E+00, 0.000E+00, 0.000E+00, 0.000E+00, 5.388E+02, 6.835E+01, 1.429E-03, 0.000E+00, 7.000E+02, 1.095E-03, 5.633E-01
21/01/2019,06:00,9,2.219,2.719,-18.352,.878,.018, 1.011E+03, 9.999E+01, 0.000E+00, 1.671E-01, 0.000E+00, 0.000E+00, 0.000E+00, 0.000E+00,-6.290E+00,-1.071E+00, 1.577E+00, 1.000E-01, 1.000E-01,-9.990E+02, 1.000E+00,-9.990E+02, 0.000E+00, 0.000E+00, 0.000E+00, 1.000E+00, 0.000E+00, 0.000E+00, 0.000E+00, 0.000E+00, 4.278E+02, 6.835E+01, 1.429E-03, 0.000E+00, 7.000E+02, 1.107E-03, 6.149E-01
21/01/2019,07:00,9,2.219,2.719,-17.840,.862,.021, 1.012E+03, 9.342E+01, 0.000E+00, 1.671E-01, 0.000E+00, 0.000E+00, 0.000E+00, 0.000E+00,-6.290E+00,-1.071E+00, 1.090E+00, 1.000E-01, 1.000E-01,-9.990E+02, 1.000E+00,-9.990E+02, 0.000E+00, 0.000E+00, 0.000E+00, 1.000E+00, 0.000E+00, 0.000E+00, 0.000E+00, 0.000E+00, 4.277E+02, 6.835E+01, 1.429E-03, 0.000E+00, 7.000E+02, 1.107E-03, 6.730E-01
21/01/2019,08:00,9,2.219,2.719,-17.328,.847,.024, 1.012E+03, 8.781E+01, 0.000E+00, 1.671E-01, 1.809E-01, 9.159E+00, 6.203E+00, 3.834E+00,-6.290E+00,-1.071E+00, 6.491E-01, 1.000E-01, 1.000E-01, 3.440E-02, 1.000E+00, 1.486E-01, 2.252E-01, 1.000E-02, 1.000E+00, 1.000E+00, 1.486E-03, 8.534E-06, 1.293E-05, 0.000E+00, 4.277E+02, 6.835E+01, 1.429E-03, 2.598E-05, 6.875E+02, 1.123E-03, 7.329E-01
21/01/2019,09:00,9,2.219,2.719,-16.816,.831,.028, 1.012E+03, 8.348E+01, 0.000E+00, 1.671E-01, 1.337E+01, 2.664E+01, 7.074E+01, 1.186E+01, 4.146E+00,-7.888E-01, 4.325E-01, 1.000E-01, 1.000E-01, 1.023E-01, 1.000E+00, 4.432E-01, 9.455E-01, 1.000E-02, 1.000E+00, 1.000E+00, 4.432E-03, 2.550E-05, 5.441E-05, 0.000E+00, 1.164E+02, 6.835E+01, 1.429E-03, 7.762E-05, 6.639E+02, 1.209E-03, 7.751E-01
21/01/2019,10:00,9,2.219,2.719,-15.319,.791,.039, 1.012E+03, 8.072E+01, 0.000E+00, 1.671E-01, 3.076E+01, 3.672E+01, 1.123E+02, 1.694E+01, 4.146E+00,-7.888E-01, 4.531E-01, 1.000E-01, 1.000E-01, 1.452E-01, 1.000E+00, 5.727E-01, 9.901E-01, 1.000E-02, 1.000E+00, 1.000E+00, 5.727E-03, 3.315E-05, 5.731E-05, 0.000E+00, 1.164E+02, 6.835E+01, 1.429E-03, 1.009E-04, 6.538E+02, 1.223E-03, 8.245E-01
21/01/2019,11:00,9,2.219,2.719,-13.821,.752,.053, 1.012E+03, 7.974E+01, 0.000E+00, 1.671E-01, 3.787E+01, 4.006E+01, 1.250E+02, 1.867E+01, 4.146E+00,-7.888E-01, 6.132E-01, 1.000E-01, 1.000E-01, 1.602E-01, 1.000E+00, 6.094E-01, 9.941E-01, 1.000E-02, 1.000E+00, 1.000E+00, 6.094E-03, 3.548E-05, 5.788E-05, 0.000E+00, 1.164E+02, 6.835E+01, 1.429E-03, 1.080E-04, 6.508E+02, 1.228E-03, 9.522E-01
21/01/2019,12:00,9,2.219,2.719,-12.324,.712,.069, 1.012E+03, 8.062E+01, 0.000E+00, 1.671E-01, 3.270E+00, 2.655E+01, 2.128E+01, 1.125E+01,-9.680E-01,-2.614E-01, 8.362E-01, 1.000E-01, 1.000E-01, 1.467E-01, 1.000E+00, 4.017E-01, 5.833E-01, 1.000E-02, 1.000E+00, 1.000E+00, 4.017E-03, 2.352E-05, 3.415E-05, 0.000E+00, 2.083E+02, 6.835E+01, 1.429E-03, 7.159E-05, 6.666E+02, 1.177E-03, 1.197E+00
21/01/2019,13:00,9,2.219,2.719,-12.999,.758,.055, 1.012E+03, 8.329E+01, 0.000E+00, 1.643E-01, 1.497E+00, 1.668E+01, 1.345E+01, 7.045E+00,-9.680E-01,-2.614E-01, 1.037E+00, 1.000E-01, 1.000E-01, 1.053E-01, 1.000E+00, 2.698E-01, 4.249E-01, 1.000E-02, 1.000E+00, 1.000E+00, 2.698E-03, 1.576E-05, 2.482E-05, 0.000E+00, 2.083E+02, 6.835E+01, 1.429E-03, 4.796E-05, 6.773E+02, 1.163E-03, 1.284E+00
21/01/2019,14:00,9,2.219,2.719,-13.674,.803,.042, 1.013E+03, 8.754E+01, 0.000E+00, 1.615E-01, 3.578E-02, 4.589E+00, 2.335E+00, 1.917E+00,-9.680E-01,-2.614E-01, 1.316E+00, 1.000E-01, 1.000E-01, 3.863E-02, 1.000E+00, 7.644E-02, 9.156E-02, 1.000E-02, 1.000E+00, 1.000E+00, 7.644E-04, 4.453E-06, 5.333E-06, 0.000E+00, 2.083E+02, 6.835E+01, 1.429E-03, 1.355E-05, 6.934E+02, 1.141E-03, 1.418E+00
21/01/2019,15:00,9,2.219,2.719,-14.350,.848,.031, 1.013E+03, 9.309E+01, 0.000E+00, 1.587E-01, 0.000E+00, 0.000E+00, 0.000E+00, 0.000E+00,-2.676E+00,-9.018E-01, 1.633E+00, 1.000E-01, 1.000E-01,-9.990E+02, 1.000E+00,-9.990E+02, 0.000E+00, 0.000E+00, 0.000E+00, 1.000E+00, 0.000E+00, 0.000E+00, 0.000E+00, 0.000E+00, 2.786E+02, 6.835E+01, 1.429E-03, 0.000E+00, 7.000E+02, 1.125E-03, 1.389E+00
21/01/2019,16:00,9,2.219,2.719,-14.211,.866,.028, 1.013E+03, 9.960E+01, 0.000E+00, 1.587E-01, 0.000E+00, 0.000E+00, 0.000E+00, 0.000E+00,-2.676E+00,-9.018E-01, 1.287E+00, 1.000E-01, 1.000E-01,-9.990E+02, 1.000E+00,-9.990E+02, 0.000E+00, 0.000E+00, 0.000E+00, 1.000E+00, 0.000E+00, 0.000E+00, 0.000E+00, 0.000E+00, 2.786E+02, 6.835E+01, 1.429E-03, 0.000E+00, 7.000E+02, 1.125E-03, 1.291E+00
21/01/2019,17:00,9,2.219,2.719,-14.073,.884,.024, 1.013E+03, 1.068E+02, 0.000E+00, 1.587E-01, 0.000E+00, 0.000E+00, 0.000E+00, 0.000E+00,-2.676E+00,-9.018E-01, 1.190E+00, 1.000E-01, 1.000E-01,-9.990E+02, 1.000E+00,-9.990E+02, 0.000E+00, 0.000E+00, 0.000E+00, 1.000E+00, 0.000E+00, 0.000E+00, 0.000E+00, 0.000E+00, 2.786E+02, 6.835E+01, 1.429E-03, 0.000E+00, 7.000E+02, 1.125E-03, 1.075E+00
21/01/2019,18:00,9,2.219,2.719,-13.934,.902,.021, 1.013E+03, 1.142E+02, 1.271E-03, 1.587E-01, 0.000E+00, 0.000E+00, 0.000E+00, 0.000E+00,-1.296E+00,-1.731E+00, 1.393E+00, 1.000E-01, 1.000E-01,-9.990E+02, 1.000E+00,-9.990E+02, 0.000E+00, 0.000E+00, 0.000E+00, 1.000E+00, 0.000E+00, 0.000E+00, 0.000E+00, 0.000E+00, 2.217E+02, 6.835E+01, 1.429E-03, 0.000E+00, 7.000E+02, 1.131E-03, 7.555E-01
21/01/2019,19:00,9,2.219,2.719,-14.158,.894,.022, 1.013E+03, 1.216E+02, 1.271E-03, 1.587E-01, 0.000E+00, 0.000E+00, 0.000E+00, 0.000E+00,-1.296E+00,-1.731E+00, 1.386E+00, 1.000E-01, 1.000E-01,-9.990E+02, 1.000E+00,-9.990E+02, 0.000E+00, 0.000E+00, 0.000E+00, 1.000E+00, 0.000E+00, 0.000E+00, 0.000E+00, 0.000E+00, 2.217E+02, 6.835E+01, 1.429E-03, 0.000E+00, 7.000E+02, 1.131E-03, 5.936E-01
21/01/2019,20:00,9,2.219,2.719,-14.382,.887,.023, 1.013E+03, 1.284E+02, 1.271E-03, 1.587E-01, 0.000E+00, 0.000E+00, 0.000E+00, 0.000E+00,-1.296E+00,-1.731E+00, 1.390E+00, 1.000E-01, 1.000E-01,-9.990E+02, 1.000E+00,-9.990E+02, 0.000E+00, 0.000E+00, 0.000E+00, 1.000E+00, 0.000E+00, 0.000E+00, 0.000E+00, 0.000E+00, 2.217E+02, 6.835E+01, 1.429E-03, 0.000E+00, 7.000E+02, 1.131E-03, 7.240E-01
21/01/2019,21:00,9,2.219,2.719,-14.606,.880,.024, 1.013E+03, 1.341E+02, 5.176E-03, 1.587E-01, 0.000E+00, 0.000E+00, 0.000E+00, 0.000E+00, 3.033E+00,-8.691E+00, 1.406E+00, 1.312E-01, 1.000E-01,-9.990E+02, 1.000E+00,-9.990E+02, 0.000E+00, 0.000E+00, 0.000E+00, 1.000E+00, 0.000E+00, 0.000E+00, 0.000E+00, 0.000E+00, 1.362E+02, 6.835E+01, 1.429E-03, 0.000E+00, 7.000E+02, 1.146E-03, 9.856E-01
21/01/2019,22:00,9,2.219,2.719,-15.365,.883,.022, 1.013E+03, 1.381E+02, 5.176E-03, 1.590E-01, 0.000E+00, 0.000E+00, 0.000E+00, 0.000E+00, 3.033E+00,-8.691E+00, 1.497E+00, 1.310E-01, 1.000E-01,-9.990E+02, 1.000E+00,-9.990E+02, 0.000E+00, 0.000E+00, 0.000E+00, 1.000E+00, 0.000E+00, 0.000E+00, 0.000E+00, 0.000E+00, 1.361E+02, 6.835E+01, 1.429E-03, 0.000E+00, 7.000E+02, 1.146E-03, 1.200E+00
21/01/2019,23:00,9,2.219,2.719,-16.124,.885,.020, 1.012E+03, 1.395E+02, 5.176E-03, 1.592E-01, 0.000E+00, 0.000E+00, 0.000E+00, 0.000E+00, 3.033E+00,-8.691E+00, 1.592E+00, 1.308E-01, 1.062E-01,-9.990E+02, 1.000E+00,-9.990E+02, 0.000E+00, 0.000E+00, 0.000E+00, 1.000E+00, 0.000E+00, 0.000E+00, 0.000E+00, 0.000E+00, 1.282E+02, 6.439E+01, 1.429E-03, 0.000E+00, 7.000E+02, 1.160E-03, 1.330E+00
22/01/2019,00:00,9,2.230,2.730,-16.883,.887,.019, 1.012E+03, 1.382E+02, 2.539E-02, 1.595E-01, 0.000E+00, 0.000E+00, 0.000E+00, 0.000E+00,-9.881E+00,-4.267E-01, 1.689E+00, 2.234E-01, 1.000E-01,-9.990E+02, 1.000E+00,-9.990E+02, 0.000E+00, 0.000E+00, 0.000E+00, 1.000E+00, 0.000E+00, 0.000E+00, 0.000E+00, 0.000E+00, 2.049E+02, 6.835E+01, 1.429E-03, 0.000E+00, 7.000E+02, 1.133E-03, 1.255E+00
22/01/2019,01:00,9,2.230,2.730,-13.295,.876,.027, 1.011E+03, 1.343E+02, 2.539E-02, 1.612E-01, 0.000E+00, 0.000E+00, 0.000E+00, 0.000E+00,-9.881E+00,-4.267E-01, 1.873E+00, 2.250E-01, 1.000E-01,-9.990E+02, 1.000E+00,-9.990E+02, 0.000E+00, 0.000E+00, 0.000E+00, 1.000E+00, 0.000E+00, 0.000E+00, 0.000E+00, 0.000E+00, 2.041E+02, 6.835E+01, 1.429E-03, 0.000E+00, 7.000E+02, 1.133E-03, 9.443E-01
22/01/2019,02:00,9,2.230,2.730,-9.708,.865,.040, 1.011E+03, 1.287E+02, 2.539E-02, 1.630E-01, 0.000E+00, 0.000E+00, 0.000E+00, 0.000E+00,-9.881E+00,-4.267E-01, 2.058E+00, 2.267E-01, 1.012E-01,-9.990E+02, 1.000E+00,-9.990E+02, 0.000E+00, 0.000E+00, 0.000E+00, 1.000E+00, 0.000E+00, 0.000E+00, 0.000E+00, 0.000E+00, 2.010E+02, 6.754E+01, 1.429E-03, 0.000E+00, 7.000E+02, 1.136E-03, 6.236E-01
22/01/2019,03:00,9,2.230,2.730,-6.120,.854,.056, 1.010E+03, 1.218E+02, 8.959E-03, 1.648E-01, 0.000E+00, 0.000E+00, 0.000E+00, 0.000E+00,-1.429E+01, 1.575E+00, 2.245E+00, 1.942E-01, 1.000E-01,-9.990E+02, 1.000E+00,-9.990E+02, 0.000E+00, 0.000E+00, 0.000E+00, 1.000E+00, 0.000E+00, 0.000E+00, 0.000E+00, 0.000E+00, 2.490E+02, 6.835E+01, 1.429E-03, 0.000E+00, 7.000E+02, 1.128E-03, 5.341E-01
22/01/2019,04:00,9,2.230,2.730,-6.079,.859,.055, 1.010E+03, 1.145E+02, 8.959E-03, 1.651E-01, 0.000E+00, 0.000E+00, 0.000E+00, 0.000E+00,-1.429E+01, 1.575E+00, 2.274E+00, 1.943E-01, 1.000E-01,-9.990E+02, 1.000E+00,-9.990E+02, 0.000E+00, 0.000E+00, 0.000E+00, 1.000E+00, 0.000E+00, 0.000E+00, 0.000E+00, 0.000E+00, 2.489E+02, 6.835E+01, 1.429E-03, 0.000E+00, 7.000E+02, 1.128E-03, 6.046E-01
22/01/2019,05:00,9,2.230,2.730,-6.038,.864,.053, 1.009E+03, 1.070E+02, 8.959E-03, 1.653E-01, 0.000E+00, 0.000E+00, 0.000E+00, 0.000E+00,-1.429E+01, 1.575E+00, 2.313E+00, 1.943E-01, 1.000E-01,-9.990E+02, 1.000E+00,-9.990E+02, 0.000E+00, 0.000E+00, 0.000E+00, 1.000E+00, 0.000E+00, 0.000E+00, 0.000E+00, 0.000E+00, 2.489E+02, 6.835E+01, 1.429E-03, 0.000E+00, 7.000E+02, 1.128E-03, 6.743E-01
22/01/2019,06:00,9,2.230,2.730,-5.997,.869,.051, 1.009E+03, 9.982E+01, 1.457E-01, 1.656E-01, 0.000E+00, 0.000E+00, 0.000E+00, 0.000E+00,-1.492E+01,-2.586E-01, 2.363E+00, 2.549E-01, 1.149E-01,-9.990E+02, 1.000E+00,-9.990E+02, 0.000E+00, 0.000E+00, 0.000E+00, 1.000E+00, 0.000E+00, 0.000E+00, 0.000E+00, 0.000E+00, 1.789E+02, 5.947E+01, 1.429E-03, 0.000E+00, 7.000E+02, 1.165E-03, 6.871E-01
22/01/2019,07:00,9,2.230,2.730,-5.032,.873,.054, 1.009E+03, 9.324E+01, 1.457E-01, 1.661E-01, 0.000E+00, 0.000E+00, 0.000E+00, 0.000E+00,-1.492E+01,-2.586E-01, 2.341E+00, 2.554E-01, 1.140E-01,-9.990E+02, 1.000E+00,-9.990E+02, 0.000E+00, 0.000E+00, 0.000E+00, 1.000E+00, 0.000E+00, 0.000E+00, 0.000E+00, 0.000E+00, 1.803E+02, 5.998E+01, 1.429E-03, 0.000E+00, 7.000E+02, 1.163E-03, 6.087E-01
22/01/2019,08:00,9,2.230,2.730,-4.066,.877,.056, 1.008E+03, 8.762E+01, 1.457E-01, 1.666E-01, 1.856E-02, 3.779E+00, 1.797E+00, 1.574E+00,-1.492E+01,-2.586E-01, 2.365E+00, 2.559E-01, 1.153E-01, 3.726E-02, 1.000E+00, 6.301E-02, 7.126E-02, 1.000E-02, 1.000E+00, 1.000E+00, 6.301E-04, 3.806E-06, 4.304E-06, 0.000E+00, 1.780E+02, 5.930E+01, 1.429E-03, 1.164E-05, 6.943E+02, 1.173E-03, 5.397E-01
22/01/2019,09:00,9,2.230,2.730,-3.100,.881,.058, 1.008E+03, 8.327E+01, 1.963E-01, 1.671E-01, 7.782E+00, 2.487E+01, 4.399E+01, 1.078E+01,-1.041E+00,-7.247E-01, 2.436E+00, 2.623E-01, 1.427E-01, 1.051E-01, 1.000E+00, 4.083E-01, 8.362E-01, 1.000E-02, 1.000E+00, 1.000E+00, 4.083E-03, 2.475E-05, 5.069E-05, 0.000E+00, 1.197E+02, 4.791E+01, 1.429E-03, 7.569E-05, 6.648E+02, 1.265E-03, 4.981E-01
22/01/2019,10:00,9,2.230,2.730,-2.627,.890,.055, 1.008E+03, 8.050E+01, 1.963E-01, 1.681E-01, 1.732E+01, 3.704E+01, 6.878E+01, 1.632E+01,-1.041E+00,-7.247E-01, 2.090E+00, 2.626E-01, 1.224E-01, 1.479E-01, 1.000E+00, 5.557E-01, 9.409E-01, 1.000E-02, 1.000E+00, 1.000E+00, 5.557E-03, 3.375E-05, 5.714E-05, 0.000E+00, 1.395E+02, 5.585E+01, 1.429E-03, 1.032E-04, 6.528E+02, 1.251E-03, 3.800E-01
22/01/2019,11:00,9,2.230,2.730,-2.155,.900,.052, 1.007E+03, 7.951E+01, 1.963E-01, 1.691E-01, 2.122E+01, 4.141E+01, 7.658E+01, 1.832E+01,-1.041E+00,-7.247E-01, 1.756E+00, 2.629E-01, 1.028E-01, 1.630E-01, 1.000E+00, 5.990E-01, 9.571E-01, 1.000E-02, 1.000E+00, 1.000E+00, 5.990E-03, 3.644E-05, 5.823E-05, 0.000E+00, 1.661E+02, 6.648E+01, 1.429E-03, 1.114E-04, 6.493E+02, 1.214E-03, 2.712E-01
22/01/2019,12:00,9,2.230,2.730,-1.682,.909,.049, 1.007E+03, 8.038E+01, 8.791E-02, 1.701E-01, 1.562E+01, 3.729E+01, 6.308E+01, 1.633E+01,-8.452E+00, 1.957E+00, 1.442E+00, 2.456E-01, 1.000E-01, 1.497E-01, 1.000E+00, 5.544E-01, 9.253E-01, 1.000E-02, 1.000E+00, 1.000E+00, 5.544E-03, 3.379E-05, 5.639E-05, 0.000E+00, 1.920E+02, 6.835E+01, 1.429E-03, 1.033E-04, 6.528E+02, 1.199E-03, 2.535E-01
22/01/2019,13:00,9,2.230,2.730,-1.557,.919,.044, 1.006E+03, 8.305E+01, 8.791E-02, 1.689E-01, 7.448E+00, 2.536E+01, 4.173E+01, 1.096E+01,-8.452E+00, 1.957E+00, 1.687E+00, 2.457E-01, 1.000E-01, 1.085E-01, 1.000E+00, 4.126E-01, 8.203E-01, 1.000E-02, 1.000E+00, 1.000E+00, 4.126E-03, 2.515E-05, 5.001E-05, 0.000E+00, 1.920E+02, 6.835E+01, 1.429E-03, 7.693E-05, 6.642E+02, 1.183E-03, 2.785E-01
22/01/2019,14:00,9,2.230,2.730,-1.432,.929,.039, 1.006E+03, 8.730E+01, 8.791E-02, 1.676E-01, 2.665E-01, 8.534E+00, 6.400E+00, 3.568E+00,-8.452E+00, 1.957E+00, 1.931E+00, 2.458E-01, 1.006E-01, 4.219E-02, 1.000E+00, 1.405E-01, 2.314E-01, 1.000E-02, 1.000E+00, 1.000E+00, 1.405E-03, 8.569E-06, 1.412E-05, 0.000E+00, 1.908E+02, 6.795E+01, 1.429E-03, 2.621E-05, 6.874E+02, 1.153E-03, 3.139E-01
22/01/2019,15:00,9,2.230,2.730,-1.306,.939,.034, 1.005E+03, 9.285E+01, 1.740E-02, 1.663E-01, 0.000E+00, 0.000E+00, 0.000E+00, 0.000E+00,-1.288E+01,-2.856E+00, 2.176E+00, 1.862E-01, 1.000E-01,-9.990E+02, 1.000E+00,-9.990E+02, 0.000E+00, 0.000E+00, 0.000E+00, 1.000E+00, 0.000E+00, 0.000E+00, 0.000E+00, 0.000E+00, 2.512E+02, 6.835E+01, 1.429E-03, 0.000E+00, 7.000E+02, 1.128E-03, 2.751E-01
22/01/2019,16:00,9,2.230,2.730,-1.808,.943,.031, 1.005E+03, 9.937E+01, 1.740E-02, 1.663E-01, 0.000E+00, 0.000E+00, 0.000E+00, 0.000E+00,-1.288E+01,-2.856E+00, 2.106E+00, 1.860E-01, 1.000E-01,-9.990E+02, 1.000E+00,-9.990E+02, 0.000E+00, 0.000E+00, 0.000E+00, 1.000E+00, 0.000E+00, 0.000E+00, 0.000E+00, 0.000E+00, 2.514E+02, 6.835E+01, 1.429E-03, 0.000E+00, 7.000E+02, 1.128E-03, 1.323E-01
22/01/2019,17:00,9,2.230,2.730,-2.309,.947,.028, 1.005E+03, 1.065E+02, 1.740E-02, 1.663E-01, 0.000E+00, 0.000E+00, 0.000E+00, 0.000E+00,-1.288E+01,-2.856E+00, 2.080E+00, 1.859E-01, 1.000E-01,-9.990E+02, 1.000E+00,-9.990E+02, 0.000E+00, 0.000E+00, 0.000E+00, 1.000E+00, 0.000E+00, 0.000E+00, 0.000E+00, 0.000E+00, 2.516E+02, 6.835E+01, 1.429E-03, 0.000E+00, 7.000E+02, 1.128E-03, 1.053E-02
22/01/2019,18:00,9,2.230,2.730,-2.810,.950,.025, 1.005E+03, 1.140E+02, 1.190E-02, 1.663E-01, 0.000E+00, 0.000E+00, 0.000E+00, 0.000E+00,-7.608E+00,-3.766E+00, 2.099E+00, 1.126E-01, 1.000E-01,-9.990E+02, 1.000E+00,-9.990E+02, 0.000E+00, 0.000E+00, 0.000E+00, 1.000E+00, 0.000E+00, 0.000E+00, 0.000E+00, 0.000E+00, 3.894E+02, 6.835E+01, 1.429E-03, 0.000E+00, 7.000E+02, 1.112E-03, 1.053E-02
22/01/2019,19:00,9,2.230,2.730,-3.113,.951,.024, 1.005E+03, 1.213E+02, 1.190E-02, 1.666E-01, 0.000E+00, 0.000E+00, 0.000E+00, 0.000E+00,-7.608E+00,-3.766E+00, 1.954E+00, 1.126E-01, 1.000E-01,-9.990E+02, 1.000E+00,-9.990E+02, 0.000E+00, 0.000E+00, 0.000E+00, 1.000E+00, 0.000E+00, 0.000E+00, 0.000E+00, 0.000E+00, 3.897E+02, 6.835E+01, 1.429E-03, 0.000E+00, 7.000E+02, 1.112E-03, 1.058E-02
22/01/2019,20:00,9,2.230,2.730,-3.416,.952,.023, 1.004E+03, 1.282E+02, 1.190E-02, 1.668E-01, 0.000E+00, 0.000E+00, 0.000E+00, 0.000E+00,-7.608E+00,-3.766E+00, 1.846E+00, 1.125E-01, 1.000E-01,-9.990E+02, 1.000E+00,-9.990E+02, 0.000E+00, 0.000E+00, 0.000E+00, 1.000E+00, 0.000E+00, 0.000E+00, 0.000E+00, 0.000E+00, 3.901E+02, 6.835E+01, 1.429E-03, 0.000E+00, 7.000E+02, 1.112E-03, 2.951E-03
22/01/2019,21:00,9,2.230,2.730,-3.719,.952,.022, 1.004E+03, 1.339E+02, 1.383E-02, 1.671E-01, 0.000E+00, 0.000E+00, 0.000E+00, 0.000E+00,-3.654E+00,-1.878E+00, 1.782E+00, 1.000E-01, 1.000E-01,-9.990E+02, 1.000E+00,-9.990E+02, 0.000E+00, 0.000E+00, 0.000E+00, 1.000E+00, 0.000E+00, 0.000E+00, 0.000E+00, 0.000E+00, 3.202E+02, 6.835E+01, 1.429E-03, 0.000E+00, 7.000E+02, 1.120E-03, 6.162E-03
22/01/2019,22:00,9,2.230,2.730,-3.805,.956,.020, 1.004E+03, 1.378E+02, 1.383E-02, 1.671E-01, 0.000E+00, 0.000E+00, 0.000E+00, 0.000E+00,-3.654E+00,-1.878E+00, 1.487E+00, 1.000E-01, 1.000E-01,-9.990E+02, 1.000E+00,-9.990E+02, 0.000E+00, 0.000E+00, 0.000E+00, 1.000E+00, 0.000E+00, 0.000E+00, 0.000E+00, 0.000E+00, 3.202E+02, 6.835E+01, 1.429E-03, 0.000E+00, 7.000E+02, 1.120E-03, 7.641E-02
22/01/2019,23:00,9,2.230,2.730,-3.890,.960,.018, 1.004E+03, 1.393E+02, 1.383E-02, 1.671E-01, 0.000E+00, 0.000E+00, 0.000E+00, 0.000E+00,-3.654E+00,-1.878E+00, 1.274E+00, 1.000E-01, 1.000E-01,-9.990E+02, 1.000E+00,-9.990E+02, 0.000E+00, 0.000E+00, 0.000E+00, 1.000E+00, 0.000E+00, 0.000E+00, 0.000E+00, 0.000E+00, 3.202E+02, 6.835E+01, 1.429E-03, 0.000E+00, 7.000E+02, 1.120E-03, 1.544E-01
23/01/2019,00:00,9,2.241,2.741,-3.976,.964,.016, 1.004E+03, 1.380E+02, 1.398E-02, 1.671E-01, 0.000E+00, 0.000E+00, 0.000E+00, 0.000E+00, 1.462E+00,-7.229E+00, 1.187E+00, 1.649E-01, 1.000E-01,-9.990E+02, 1.000E+00,-9.990E+02, 0.000E+00, 0.000E+00, 0.000E+00, 1.000E+00, 0.000E+00, 0.000E+00, 0.000E+00, 0.000E+00, 1.544E+02, 6.835E+01, 1.429E-03, 0.000E+00, 7.000E+02, 1.140E-03, 1.348E-01
23/01/2019,01:00,9,2.241,2.741,-4.406,.965,.015, 1.004E+03, 1.341E+02, 1.398E-02, 1.681E-01, 0.000E+00, 0.000E+00, 0.000E+00, 0.000E+00, 1.462E+00,-7.229E+00, 1.240E+00, 1.648E-01, 1.000E-01,-9.990E+02, 1.000E+00,-9.990E+02, 0.000E+00, 0.000E+00, 0.000E+00, 1.000E+00, 0.000E+00, 0.000E+00, 0.000E+00, 0.000E+00, 1.543E+02, 6.835E+01, 1.429E-03, 0.000E+00, 7.000E+02, 1.140E-03, 7.068E-02
23/01/2019,02:00,9,2.241,2.741,-4.837,.966,.015, 1.003E+03, 1.285E+02, 1.398E-02, 1.691E-01, 0.000E+00, 0.000E+00, 0.000E+00, 0.000E+00, 1.462E+00,-7.229E+00, 1.360E+00, 1.646E-01, 1.000E-01,-9.990E+02, 1.000E+00,-9.990E+02, 0.000E+00, 0.000E+00, 0.000E+00, 1.000E+00, 0.000E+00, 0.000E+00, 0.000E+00, 0.000E+00, 1.543E+02, 6.835E+01, 1.429E-03, 0.000E+00, 7.000E+02, 1.140E-03, 7.616E-02
23/01/2019,03:00,9,2.241,2.741,-5.267,.967,.014, 1.003E+03, 1.217E+02, 1.366E-02, 1.701E-01, 0.000E+00, 0.000E+00, 0.000E+00, 0.000E+00,-2.432E+00,-3.004E+00, 1.531E+00, 1.462E-01, 1.000E-01,-9.990E+02, 1.000E+00,-9.990E+02, 0.000E+00, 0.000E+00, 0.000E+00, 1.000E+00, 0.000E+00, 0.000E+00, 0.000E+00, 0.000E+00, 2.007E+02, 6.835E+01, 1.429E-03, 0.000E+00, 7.000E+02, 1.134E-03, 8.128E-02
23/01/2019,04:00,9,2.241,2.741,-5.040,.962,.016, 1.003E+03, 1.143E+02, 1.366E-02, 1.701E-01, 0.000E+00, 0.000E+00, 0.000E+00, 0.000E+00,-2.432E+00,-3.004E+00, 1.498E+00, 1.462E-01, 1.000E-01,-9.990E+02, 1.000E+00,-9.990E+02, 0.000E+00, 0.000E+00, 0.000E+00, 1.000E+00, 0.000E+00, 0.000E+00, 0.000E+00, 0.000E+00, 2.007E+02, 6.835E+01, 1.429E-03, 0.000E+00, 7.000E+02, 1.134E-03, 5.681E-02
23/01/2019,05:00,9,2.241,2.741,-4.813,.956,.019, 1.004E+03, 1.068E+02, 1.366E-02, 1.701E-01, 0.000E+00, 0.000E+00, 0.000E+00, 0.000E+00,-2.432E+00,-3.004E+00, 1.494E+00, 1.463E-01, 1.000E-01,-9.990E+02, 1.000E+00,-9.990E+02, 0.000E+00, 0.000E+00, 0.000E+00, 1.000E+00, 0.000E+00, 0.000E+00, 0.000E+00, 0.000E+00, 2.007E+02, 6.835E+01, 1.429E-03, 0.000E+00, 7.000E+02, 1.134E-03, 2.207E-02
23/01/2019,06:00,9,2.241,2.741,-4.585,.951,.021, 1.004E+03, 9.964E+01, 7.611E-03, 1.701E-01, 0.000E+00, 0.000E+00, 0.000E+00, 0.000E+00,-3.336E+00,-1.318E+00, 1.520E+00, 1.623E-01, 1.000E-01,-9.990E+02, 1.000E+00,-9.990E+02, 0.000E+00, 0.000E+00, 0.000E+00, 1.000E+00, 0.000E+00, 0.000E+00, 0.000E+00, 0.000E+00, 2.008E+02, 6.835E+01, 1.429E-03, 0.000E+00, 7.000E+02, 1.134E-03, 2.181E-02
23/01/2019,07:00,9,2.241,2.741,-4.423,.944,.025, 1.004E+03, 9.305E+01, 7.611E-03, 1.704E-01, 0.000E+00, 0.000E+00, 0.000E+00, 0.000E+00,-3.336E+00,-1.318E+00, 1.493E+00, 1.623E-01, 1.000E-01,-9.990E+02, 1.000E+00,-9.990E+02, 0.000E+00, 0.000E+00, 0.000E+00, 1.000E+00, 0.000E+00, 0.000E+00, 0.000E+00, 0.000E+00, 2.008E+02, 6.835E+01, 1.429E-03, 0.000E+00, 7.000E+02, 1.134E-03, 9.048E-02
23/01/2019,08:00,9,2.241,2.741,-4.261,.936,.028, 1.004E+03, 8.742E+01, 7.611E-03, 1.707E-01, 7.772E-02, 5.715E+00, 3.239E+00, 2.376E+00,-3.336E+00,-1.318E+00, 1.476E+00, 1.623E-01, 1.000E-01, 4.020E-02, 1.000E+00, 9.438E-02, 1.247E-01, 1.000E-02, 1.000E+00, 1.000E+00, 9.438E-04, 5.697E-06, 7.529E-06, 0.000E+00, 2.008E+02, 6.835E+01, 1.429E-03, 1.751E-05, 6.915E+02, 1.145E-03, 1.329E-01
23/01/2019,09:00,9,2.241,2.741,-4.099,.929,.032, 1.005E+03, 8.306E+01, 1.845E-03, 1.709E-01, 1.915E-01, 1.084E+01, 5.302E+00, 4.509E+00, 1.863E+01, 2.480E+00, 1.468E+00, 3.557E-01, 1.000E-01, 1.079E-01, 1.000E+00, 1.722E-01, 1.959E-01, 1.000E-02, 1.000E+00, 1.000E+00, 1.722E-03, 1.040E-05, 1.183E-05, 0.000E+00, 1.519E+02, 6.835E+01, 1.429E-03, 3.195E-05, 6.847E+02, 1.161E-03, 1.889E-01
23/01/2019,10:00,9,2.241,2.741,-3.705,.916,.039, 1.005E+03, 8.027E+01, 1.845E-03, 1.709E-01, 4.127E-01, 1.771E+01, 8.591E+00, 7.370E+00, 1.863E+01, 2.480E+00, 1.715E+00, 3.560E-01, 1.075E-01, 1.506E-01, 1.000E+00, 2.670E-01, 2.977E-01, 1.000E-02, 1.000E+00, 1.000E+00, 2.670E-03, 1.615E-05, 1.801E-05, 0.000E+00, 1.413E+02, 6.357E+01, 1.429E-03, 4.962E-05, 6.765E+02, 1.189E-03, 6.131E-02
23/01/2019,11:00,9,2.241,2.741,-3.310,.903,.047, 1.005E+03, 7.927E+01, 1.845E-03, 1.709E-01, 5.025E-01, 2.032E+01, 9.806E+00, 8.457E+00, 1.863E+01, 2.480E+00, 1.976E+00, 3.562E-01, 1.238E-01, 1.658E-01, 1.000E+00, 3.001E-01, 3.319E-01, 1.000E-02, 1.000E+00, 1.000E+00, 3.001E-03, 1.818E-05, 2.011E-05, 0.000E+00, 1.227E+02, 5.520E+01, 1.429E-03, 5.586E-05, 6.737E+02, 1.225E-03, 5.927E-02
23/01/2019,12:00,9,2.241,2.741,-2.915,.889,.055, 1.005E+03, 8.014E+01, 2.261E-03, 1.709E-01, 1.877E+01, 3.865E+01, 7.179E+01, 1.701E+01,-1.062E+00, 2.501E+00, 2.245E+00, 2.597E-01, 1.314E-01, 1.526E-01, 1.000E+00, 5.710E-01, 9.478E-01, 1.000E-02, 1.000E+00, 1.000E+00, 5.710E-03, 3.464E-05, 5.750E-05, 0.000E+00, 1.301E+02, 5.203E+01, 1.429E-03, 1.064E-04, 6.515E+02, 1.269E-03, 8.806E-02
23/01/2019,13:00,9,2.241,2.741,-3.151,.908,.045, 1.005E+03, 8.280E+01, 2.261E-03, 1.701E-01, 9.256E+00, 2.691E+01, 4.861E+01, 1.167E+01,-1.062E+00, 2.501E+00, 2.139E+00, 2.596E-01, 1.252E-01, 1.118E-01, 1.000E+00, 4.352E-01, 8.646E-01, 1.000E-02, 1.000E+00, 1.000E+00, 4.352E-03, 2.638E-05, 5.240E-05, 0.000E+00, 1.365E+02, 5.461E+01, 1.429E-03, 8.106E-05, 6.624E+02, 1.241E-03, 9.053E-02
23/01/2019,14:00,9,2.241,2.741,-3.386,.926,.035, 1.005E+03, 8.706E+01, 2.261E-03, 1.694E-01, 4.578E-01, 9.761E+00, 8.539E+00, 4.077E+00,-1.062E+00, 2.501E+00, 2.041E+00, 2.594E-01, 1.195E-01, 4.579E-02, 1.000E+00, 1.609E-01, 2.962E-01, 1.000E-02, 1.000E+00, 1.000E+00, 1.609E-03, 9.743E-06, 1.794E-05, 0.000E+00, 1.431E+02, 5.722E+01, 1.429E-03, 2.994E-05, 6.856E+02, 1.197E-03, 4.816E-02
23/01/2019,15:00,9,2.241,2.741,-3.621,.944,.026, 1.006E+03, 9.261E+01, 3.859E-04, 1.686E-01, 0.000E+00, 0.000E+00, 0.000E+00, 0.000E+00,-1.032E+01,-2.649E+00, 1.954E+00, 2.154E-01, 1.000E-01,-9.990E+02, 1.000E+00,-9.990E+02, 0.000E+00, 0.000E+00, 0.000E+00, 1.000E+00, 0.000E+00, 0.000E+00, 0.000E+00, 0.000E+00, 2.112E+02, 6.835E+01, 1.429E-03, 0.000E+00, 7.000E+02, 1.133E-03, 3.519E-02
23/01/2019,16:00,9,2.241,2.741,-3.911,.947,.024, 1.006E+03, 9.913E+01, 3.859E-04, 1.686E-01, 0.000E+00, 0.000E+00, 0.000E+00, 0.000E+00,-1.032E+01,-2.649E+00, 1.949E+00, 2.152E-01, 1.000E-01,-9.990E+02, 1.000E+00,-9.990E+02, 0.000E+00, 0.000E+00, 0.000E+00, 1.000E+00, 0.000E+00, 0.000E+00, 0.000E+00, 0.000E+00, 2.113E+02, 6.835E+01, 1.429E-03, 0.000E+00, 7.000E+02, 1.133E-03, 7.224E-03
23/01/2019,17:00,9,2.241,2.741,-4.200,.950,.022, 1.006E+03, 1.063E+02, 3.859E-04, 1.686E-01, 0.000E+00, 0.000E+00, 0.000E+00, 0.000E+00,-1.032E+01,-2.649E+00, 1.954E+00, 2.151E-01, 1.000E-01,-9.990E+02, 1.000E+00,-9.990E+02, 0.000E+00, 0.000E+00, 0.000E+00, 1.000E+00, 0.000E+00, 0.000E+00, 0.000E+00, 0.000E+00, 2.113E+02, 6.835E+01, 1.429E-03, 0.000E+00, 7.000E+02, 1.133E-03, 1.191E-02
23/01/2019,18:00,9,2.241,2.741,-4.490,.953,.021, 1.007E+03, 1.137E+02, 2.679E-03, 1.686E-01, 0.000E+00, 0.000E+00, 0.000E+00, 0.000E+00,-4.087E+00,-1.206E+00, 1.967E+00, 2.458E-01, 1.094E-01,-9.990E+02, 1.000E+00,-9.990E+02, 0.000E+00, 0.000E+00, 0.000E+00, 1.000E+00, 0.000E+00, 0.000E+00, 0.000E+00, 0.000E+00, 1.643E+02, 6.246E+01, 1.429E-03, 0.000E+00, 7.000E+02, 1.157E-03, 1.982E-02
23/01/2019,19:00,9,2.241,2.741,-4.699,.951,.021, 1.007E+03, 1.211E+02, 2.679E-03, 1.689E-01, 0.000E+00, 0.000E+00, 0.000E+00, 0.000E+00,-4.087E+00,-1.206E+00, 1.788E+00, 2.457E-01, 1.000E-01,-9.990E+02, 1.000E+00,-9.990E+02, 0.000E+00, 0.000E+00, 0.000E+00, 1.000E+00, 0.000E+00, 0.000E+00, 0.000E+00, 0.000E+00, 1.798E+02, 6.835E+01, 1.429E-03, 0.000E+00, 7.000E+02, 1.136E-03, 2.783E-03
23/01/2019,20:00,9,2.241,2.741,-4.908,.950,.021, 1.008E+03, 1.279E+02, 2.679E-03, 1.691E-01, 0.000E+00, 0.000E+00, 0.000E+00, 0.000E+00,-4.087E+00,-1.206E+00, 1.620E+00, 2.455E-01, 1.000E-01,-9.990E+02, 1.000E+00,-9.990E+02, 0.000E+00, 0.000E+00, 0.000E+00, 1.000E+00, 0.000E+00, 0.000E+00, 0.000E+00, 0.000E+00, 1.798E+02, 6.835E+01, 1.429E-03, 0.000E+00, 7.000E+02, 1.136E-03, 2.722E-03
23/01/2019,21:00,9,2.241,2.741,-5.118,.948,.022, 1.008E+03, 1.337E+02, 3.622E-03, 1.694E-01, 0.000E+00, 0.000E+00, 0.000E+00, 0.000E+00,-2.503E+00,-7.290E-01, 1.468E+00, 1.262E-01, 1.000E-01,-9.990E+02, 1.000E+00,-9.990E+02, 0.000E+00, 0.000E+00, 0.000E+00, 1.000E+00, 0.000E+00, 0.000E+00, 0.000E+00, 0.000E+00, 2.199E+02, 6.835E+01, 1.429E-03, 0.000E+00, 7.000E+02, 1.132E-03, 3.379E-03
23/01/2019,22:00,9,2.241,2.741,-4.999,.948,.022, 1.008E+03, 1.376E+02, 3.622E-03, 1.694E-01, 0.000E+00, 0.000E+00, 0.000E+00, 0.000E+00,-2.503E+00,-7.290E-01, 1.407E+00, 1.262E-01, 1.000E-01,-9.990E+02, 1.000E+00,-9.990E+02, 0.000E+00, 0.000E+00, 0.000E+00, 1.000E+00, 0.000E+00, 0.000E+00, 0.000E+00, 0.000E+00, 2.199E+02, 6.835E+01, 1.429E-03, 0.000E+00, 7.000E+02, 1.132E-03, 2.434E-03
23/01/2019,23:00,9,2.241,2.741,-4.880,.948,.022, 1.009E+03, 1.390E+02, 3.622E-03, 1.694E-01, 0.000E+00, 0.000E+00, 0.000E+00, 0.000E+00,-2.503E+00,-7.290E-01, 1.421E+00, 1.262E-01, 1.000E-01,-9.990E+02, 1.000E+00,-9.990E+02, 0.000E+00, 0.000E+00, 0.000E+00, 1.000E+00, 0.000E+00, 0.000E+00, 0.000E+00, 0.000E+00, 2.199E+02, 6.835E+01, 1.429E-03, 0.000E+00, 7.000E+02, 1.132E-03, 2.906E-03
24/01/2019,00:00,9,2.252,2.752,-4.762,.948,.022, 1.009E+03, 1.377E+02, 4.124E-03, 1.694E-01, 0.000E+00, 0.000E+00, 0.000E+00, 0.000E+00,-4.083E+00,-1.127E+00, 1.508E+00, 1.370E-01, 1.000E-01,-9.990E+02, 1.000E+00,-9.990E+02, 0.000E+00, 0.000E+00, 0.000E+00, 1.000E+00, 0.000E+00, 0.000E+00, 0.000E+00, 0.000E+00, 2.340E+02, 6.835E+01, 1.429E-03, 0.000E+00, 7.000E+02, 1.130E-03, 2.983E-03
24/01/2019,01:00,9,2.252,2.752,-4.635,.951,.021, 1.009E+03, 1.339E+02, 4.124E-03, 1.737E-01, 0.000E+00, 0.000E+00, 0.000E+00, 0.000E+00,-4.083E+00,-1.127E+00, 1.520E+00, 1.371E-01, 1.000E-01,-9.990E+02, 1.000E+00,-9.990E+02, 0.000E+00, 0.000E+00, 0.000E+00, 1.000E+00, 0.000E+00, 0.000E+00, 0.000E+00, 0.000E+00, 2.339E+02, 6.835E+01, 1.429E-03, 0.000E+00, 7.000E+02, 1.130E-03, 6.238E-03
24/01/2019,02:00,9,2.252,2.752,-4.508,.953,.021, 1.010E+03, 1.283E+02, 4.124E-03, 1.780E-01, 0.000E+00, 0.000E+00, 0.000E+00, 0.000E+00,-4.083E+00,-1.127E+00, 1.538E+00, 1.371E-01, 1.000E-01,-9.990E+02, 1.000E+00,-9.990E+02, 0.000E+00, 0.000E+00, 0.000E+00, 1.000E+00, 0.000E+00, 0.000E+00, 0.000E+00, 0.000E+00, 2.339E+02, 6.835E+01, 1.429E-03, 0.000E+00, 7.000E+02, 1.130E-03, 4.589E-02
24/01/2019,03:00,9,2.252,2.752,-4.381,.955,.020, 1.010E+03, 1.215E+02, 4.399E-03, 1.824E-01, 0.000E+00, 0.000E+00, 0.000E+00, 0.000E+00,-6.697E+00,-2.431E+00, 1.560E+00, 1.325E-01, 1.000E-01,-9.990E+02, 1.000E+00,-9.990E+02, 0.000E+00, 0.000E+00, 0.000E+00, 1.000E+00, 0.000E+00, 0.000E+00, 0.000E+00, 0.000E+00, 2.873E+02, 6.835E+01, 1.429E-03, 0.000E+00, 7.000E+02, 1.124E-03, 6.913E-02
24/01/2019,04:00,9,2.252,2.752,-4.485,.946,.024, 1.010E+03, 1.141E+02, 4.399E-03, 1.824E-01, 0.000E+00, 0.000E+00, 0.000E+00, 0.000E+00,-6.697E+00,-2.431E+00, 1.595E+00, 1.325E-01, 1.000E-01,-9.990E+02, 1.000E+00,-9.990E+02, 0.000E+00, 0.000E+00, 0.000E+00, 1.000E+00, 0.000E+00, 0.000E+00, 0.000E+00, 0.000E+00, 2.874E+02, 6.835E+01, 1.429E-03, 0.000E+00, 7.000E+02, 1.124E-03, 7.684E-02
24/01/2019,05:00,9,2.252,2.752,-4.589,.937,.028, 1.011E+03, 1.067E+02, 4.399E-03, 1.824E-01, 0.000E+00, 0.000E+00, 0.000E+00, 0.000E+00,-6.697E+00,-2.431E+00, 1.636E+00, 1.324E-01, 1.000E-01,-9.990E+02, 1.000E+00,-9.990E+02, 0.000E+00, 0.000E+00, 0.000E+00, 1.000E+00, 0.000E+00, 0.000E+00, 0.000E+00, 0.000E+00, 2.875E+02, 6.835E+01, 1.429E-03, 0.000E+00, 7.000E+02, 1.124E-03, 8.967E-02
24/01/2019,06:00,9,2.252,2.752,-4.693,.928,.031, 1.011E+03, 9.946E+01, 9.465E-04, 1.824E-01, 0.000E+00, 0.000E+00, 0.000E+00, 0.000E+00,-8.225E+00,-2.825E+00, 1.684E+00, 1.991E-01, 1.000E-01,-9.990E+02, 1.000E+00,-9.990E+02, 0.000E+00, 0.000E+00, 0.000E+00, 1.000E+00, 0.000E+00, 0.000E+00, 0.000E+00, 0.000E+00, 2.114E+02, 6.835E+01, 1.429E-03, 0.000E+00, 7.000E+02, 1.133E-03, 1.690E-01
24/01/2019,07:00,9,2.252,2.752,-5.018,.930,.029, 1.011E+03, 9.286E+01, 9.465E-04, 1.824E-01, 0.000E+00, 0.000E+00, 0.000E+00, 0.000E+00,-8.225E+00,-2.825E+00, 1.724E+00, 1.990E-01, 1.000E-01,-9.990E+02, 1.000E+00,-9.990E+02, 0.000E+00, 0.000E+00, 0.000E+00, 1.000E+00, 0.000E+00, 0.000E+00, 0.000E+00, 0.000E+00, 2.114E+02, 6.835E+01, 1.429E-03, 0.000E+00, 7.000E+02, 1.133E-03, 3.091E-01
24/01/2019,08:00,9,2.252,2.752,-5.343,.933,.028, 1.012E+03, 8.721E+01, 9.465E-04, 1.824E-01, 9.922E-02, 6.002E+00, 3.509E+00, 2.489E+00,-8.225E+00,-2.825E+00, 1.766E+00, 1.988E-01, 1.000E-01, 4.321E-02, 1.000E+00, 9.891E-02, 1.344E-01, 1.000E-02, 1.000E+00, 1.000E+00, 9.891E-04, 5.947E-06, 8.079E-06, 0.000E+00, 2.115E+02, 6.835E+01, 1.429E-03, 1.836E-05, 6.911E+02, 1.144E-03, 4.991E-01
24/01/2019,09:00,9,2.252,2.752,-5.667,.935,.026, 1.012E+03, 8.284E+01, 1.221E-03, 1.824E-01, 2.025E+00, 1.897E+01, 1.608E+01, 7.958E+00, 1.738E+01, 2.167E+00, 1.811E+00, 3.234E-01, 1.145E-01, 1.107E-01, 1.000E+00, 3.018E-01, 4.838E-01, 1.000E-02, 1.000E+00, 1.000E+00, 3.018E-03, 1.812E-05, 2.905E-05, 0.000E+00, 1.306E+02, 5.967E+01, 1.429E-03, 5.596E-05, 6.736E+02, 1.209E-03, 5.758E-01
24/01/2019,10:00,9,2.252,2.752,-5.755,.931,.028, 1.012E+03, 8.004E+01, 1.221E-03, 1.824E-01, 4.250E+00, 2.980E+01, 2.483E+01, 1.255E+01, 1.738E+01, 2.167E+00, 1.888E+00, 3.234E-01, 1.194E-01, 1.535E-01, 1.000E+00, 4.395E-01, 6.399E-01, 1.000E-02, 1.000E+00, 1.000E+00, 4.395E-03, 2.638E-05, 3.841E-05, 0.000E+00, 1.252E+02, 5.725E+01, 1.429E-03, 8.146E-05, 6.622E+02, 1.235E-03, 1.931E-02
24/01/2019,11:00,9,2.252,2.752,-5.842,.927,.029, 1.013E+03, 7.903E+01, 1.221E-03, 1.824E-01, 5.153E+00, 3.388E+01, 2.781E+01, 1.428E+01, 1.738E+01, 2.167E+00, 1.972E+00, 3.233E-01, 1.247E-01, 1.686E-01, 1.000E+00, 4.842E-01, 6.814E-01, 1.000E-02, 1.000E+00, 1.000E+00, 4.842E-03, 2.905E-05, 4.089E-05, 0.000E+00, 1.199E+02, 5.482E+01, 1.429E-03, 8.970E-05, 6.586E+02, 1.250E-03, 5.763E-03
24/01/2019,12:00,9,2.252,2.752,-5.929,.922,.031, 1.013E+03, 7.989E+01, 0.000E+00, 1.824E-01, 2.301E+00, 2.593E+01, 1.740E+01, 1.085E+01,-1.120E+01,-2.587E+00, 2.062E+00, 1.985E-01, 1.000E-01, 1.557E-01, 1.000E+00, 3.834E-01, 5.111E-01, 1.000E-02, 1.000E+00, 1.000E+00, 3.834E-03, 2.300E-05, 3.066E-05, 0.000E+00, 2.274E+02, 6.835E+01, 1.429E-03, 7.102E-05, 6.669E+02, 1.175E-03, 6.191E-03
24/01/2019,13:00,9,2.252,2.752,-6.562,.919,.030, 1.013E+03, 8.255E+01, 0.000E+00, 1.793E-01, 1.169E+00, 1.688E+01, 1.156E+01, 7.049E+00,-1.120E+01,-2.587E+00, 2.134E+00, 1.982E-01, 1.000E-01, 1.151E-01, 1.000E+00, 2.663E-01, 3.783E-01, 1.000E-02, 1.000E+00, 1.000E+00, 2.663E-03, 1.593E-05, 2.264E-05, 0.000E+00, 2.276E+02, 6.835E+01, 1.429E-03, 4.920E-05, 6.767E+02, 1.161E-03, 1.055E-02
24/01/2019,14:00,9,2.252,2.752,-7.196,.916,.030, 1.013E+03, 8.681E+01, 0.000E+00, 1.762E-01, 7.508E-02, 5.299E+00, 2.872E+00, 2.197E+00,-1.120E+01,-2.587E+00, 2.206E+00, 1.979E-01, 1.000E-01, 4.942E-02, 1.000E+00, 8.763E-02, 1.114E-01, 1.000E-02, 1.000E+00, 1.000E+00, 8.763E-04, 5.232E-06, 6.651E-06, 0.000E+00, 2.278E+02, 6.835E+01, 1.429E-03, 1.615E-05, 6.922E+02, 1.141E-03, 6.888E-03
24/01/2019,15:00,9,2.252,2.752,-7.829,.913,.030, 1.014E+03, 9.237E+01, 0.000E+00, 1.732E-01, 0.000E+00, 0.000E+00, 0.000E+00, 0.000E+00,-2.059E+01,-7.682E+00, 2.279E+00, 1.850E-01, 1.000E-01,-9.990E+02, 1.000E+00,-9.990E+02, 0.000E+00, 0.000E+00, 0.000E+00, 1.000E+00, 0.000E+00, 0.000E+00, 0.000E+00, 0.000E+00, 3.022E+02, 6.835E+01, 1.429E-03, 0.000E+00, 7.000E+02, 1.122E-03, 4.024E-02
24/01/2019,16:00,9,2.252,2.752,-8.032,.915,.029, 1.014E+03, 9.889E+01, 0.000E+00, 1.732E-01, 0.000E+00, 0.000E+00, 0.000E+00, 0.000E+00,-2.059E+01,-7.682E+00, 2.484E+00, 1.849E-01, 1.000E-01,-9.990E+02, 1.000E+00,-9.990E+02, 0.000E+00, 0.000E+00, 0.000E+00, 1.000E+00, 0.000E+00, 0.000E+00, 0.000E+00, 0.000E+00, 3.023E+02, 6.835E+01, 1.429E-03, 0.000E+00, 7.000E+02, 1.122E-03, 1.311E-01
24/01/2019,17:00,9,2.252,2.752,-8.234,.916,.028, 1.014E+03, 1.061E+02, 0.000E+00, 1.732E-01, 0.000E+00, 0.000E+00, 0.000E+00, 0.000E+00,-2.059E+01,-7.682E+00, 2.690E+00, 1.848E-01, 1.000E-01,-9.990E+02, 1.000E+00,-9.990E+02, 0.000E+00, 0.000E+00, 0.000E+00, 1.000E+00, 0.000E+00, 0.000E+00, 0.000E+00, 0.000E+00, 3.025E+02, 6.835E+01, 1.429E-03, 0.000E+00, 7.000E+02, 1.122E-03, 1.932E-01
24/01/2019,18:00,9,2.252,2.752,-8.436,.918,.027, 1.014E+03, 1.135E+02, 0.000E+00, 1.732E-01, 0.000E+00, 0.000E+00, 0.000E+00, 0.000E+00,-3.035E+01,-9.660E+00, 2.895E+00, 2.319E-01, 1.078E-01,-9.990E+02, 1.000E+00,-9.990E+02, 0.000E+00, 0.000E+00, 0.000E+00, 1.000E+00, 0.000E+00, 0.000E+00, 0.000E+00, 0.000E+00, 2.490E+02, 6.339E+01, 1.429E-03, 0.000E+00, 7.000E+02, 1.143E-03, 2.941E-01
24/01/2019,19:00,9,2.252,2.752,-8.043,.911,.030, 1.014E+03, 1.209E+02, 0.000E+00, 1.732E-01, 0.000E+00, 0.000E+00, 0.000E+00, 0.000E+00,-3.035E+01,-9.660E+00, 2.915E+00, 2.320E-01, 1.086E-01,-9.990E+02, 1.000E+00,-9.990E+02, 0.000E+00, 0.000E+00, 0.000E+00, 1.000E+00, 0.000E+00, 0.000E+00, 0.000E+00, 0.000E+00, 2.469E+02, 6.291E+01, 1.429E-03, 0.000E+00, 7.000E+02, 1.145E-03, 3.650E-01
24/01/2019,20:00,9,2.252,2.752,-7.649,.904,.033, 1.015E+03, 1.277E+02, 0.000E+00, 1.732E-01, 0.000E+00, 0.000E+00, 0.000E+00, 0.000E+00,-3.035E+01,-9.660E+00, 2.951E+00, 2.322E-01, 1.101E-01,-9.990E+02, 1.000E+00,-9.990E+02, 0.000E+00, 0.000E+00, 0.000E+00, 1.000E+00, 0.000E+00, 0.000E+00, 0.000E+00, 0.000E+00, 2.435E+02, 6.210E+01, 1.429E-03, 0.000E+00, 7.000E+02, 1.148E-03, 3.052E-01
24/01/2019,21:00,9,2.252,2.752,-7.256,.897,.037, 1.015E+03, 1.334E+02, 0.000E+00, 1.732E-01, 0.000E+00, 0.000E+00, 0.000E+00, 0.000E+00,-3.506E+01,-6.066E+00, 3.002E+00, 2.743E-01, 1.260E-01,-9.990E+02, 1.000E+00,-9.990E+02, 0.000E+00, 0.000E+00, 0.000E+00, 1.000E+00, 0.000E+00, 0.000E+00, 0.000E+00, 0.000E+00, 1.891E+02, 5.425E+01, 1.429E-03, 0.000E+00, 7.000E+02, 1.180E-03, 1.858E-01
24/01/2019,22:00,9,2.252,2.752,-6.816,.897,.038, 1.015E+03, 1.373E+02, 0.000E+00, 1.732E-01, 0.000E+00, 0.000E+00, 0.000E+00, 0.000E+00,-3.506E+01,-6.066E+00, 2.918E+00, 2.745E-01, 1.226E-01,-9.990E+02, 1.000E+00,-9.990E+02, 0.000E+00, 0.000E+00, 0.000E+00, 1.000E+00, 0.000E+00, 0.000E+00, 0.000E+00, 0.000E+00, 1.943E+02, 5.577E+01, 1.429E-03, 0.000E+00, 7.000E+02, 1.175E-03, 1.955E-01
24/01/2019,23:00,9,2.252,2.752,-6.376,.897,.039, 1.015E+03, 1.388E+02, 0.000E+00, 1.732E-01, 0.000E+00, 0.000E+00, 0.000E+00, 0.000E+00,-3.506E+01,-6.066E+00, 2.836E+00, 2.747E-01, 1.192E-01,-9.990E+02, 1.000E+00,-9.990E+02, 0.000E+00, 0.000E+00, 0.000E+00, 1.000E+00, 0.000E+00, 0.000E+00, 0.000E+00, 0.000E+00, 1.995E+02, 5.733E+01, 1.429E-03, 0.000E+00, 7.000E+02, 1.169E-03, 3.337E-01
25/01/2019,00:00,9,2.262,2.762,-5.937,.897,.040, 1.015E+03, 1.375E+02, 7.051E-03, 1.732E-01, 0.000E+00, 0.000E+00, 0.000E+00, 0.000E+00,-2.239E+01,-1.215E+00, 2.758E+00, 2.521E-01, 1.221E-01,-9.990E+02, 1.000E+00,-9.990E+02, 0.000E+00, 0.000E+00, 0.000E+00, 1.000E+00, 0.000E+00, 0.000E+00, 0.000E+00, 0.000E+00, 1.849E+02, 5.597E+01, 1.429E-03, 0.000E+00, 7.000E+02, 1.175E-03, 4.103E-01
25/01/2019,01:00,9,2.262,2.762,-5.758,.900,.040, 1.014E+03, 1.337E+02, 7.051E-03, 1.757E-01, 0.000E+00, 0.000E+00, 0.000E+00, 0.000E+00,-2.239E+01,-1.215E+00, 2.522E+00, 2.522E-01, 1.117E-01,-9.990E+02, 1.000E+00,-9.990E+02, 0.000E+00, 0.000E+00, 0.000E+00, 1.000E+00, 0.000E+00, 0.000E+00, 0.000E+00, 0.000E+00, 2.021E+02, 6.118E+01, 1.429E-03, 0.000E+00, 7.000E+02, 1.156E-03, 3.548E-01
25/01/2019,02:00,9,2.262,2.762,-5.580,.904,.039, 1.014E+03, 1.281E+02, 7.051E-03, 1.783E-01, 0.000E+00, 0.000E+00, 0.000E+00, 0.000E+00,-2.239E+01,-1.215E+00, 2.359E+00, 2.523E-01, 1.045E-01,-9.990E+02, 1.000E+00,-9.990E+02, 0.000E+00, 0.000E+00, 0.000E+00, 1.000E+00, 0.000E+00, 0.000E+00, 0.000E+00, 0.000E+00, 2.160E+02, 6.540E+01, 1.429E-03, 0.000E+00, 7.000E+02, 1.141E-03, 3.192E-01
25/01/2019,03:00,9,2.262,2.762,-5.402,.907,.038, 1.014E+03, 1.213E+02, 4.149E-02, 1.808E-01, 0.000E+00, 0.000E+00, 0.000E+00, 0.000E+00,-1.475E+01,-1.006E+00, 2.283E+00, 2.331E-01, 1.056E-01,-9.990E+02, 1.000E+00,-9.990E+02, 0.000E+00, 0.000E+00, 0.000E+00, 1.000E+00, 0.000E+00, 0.000E+00, 0.000E+00, 0.000E+00, 2.049E+02, 6.474E+01, 1.429E-03, 0.000E+00, 7.000E+02, 1.145E-03, 3.340E-01
25/01/2019,04:00,9,2.262,2.762,-5.290,.915,.035, 1.014E+03, 1.139E+02, 4.149E-02, 1.811E-01, 0.000E+00, 0.000E+00, 0.000E+00, 0.000E+00,-1.475E+01,-1.006E+00, 2.236E+00, 2.332E-01, 1.034E-01,-9.990E+02, 1.000E+00,-9.990E+02, 0.000E+00, 0.000E+00, 0.000E+00, 1.000E+00, 0.000E+00, 0.000E+00, 0.000E+00, 0.000E+00, 2.091E+02, 6.611E+01, 1.429E-03, 0.000E+00, 7.000E+02, 1.140E-03, 3.749E-01
25/01/2019,05:00,9,2.262,2.762,-5.178,.924,.032, 1.014E+03, 1.065E+02, 4.149E-02, 1.813E-01, 0.000E+00, 0.000E+00, 0.000E+00, 0.000E+00,-1.475E+01,-1.006E+00, 2.237E+00, 2.332E-01, 1.034E-01,-9.990E+02, 1.000E+00,-9.990E+02, 0.000E+00, 0.000E+00, 0.000E+00, 1.000E+00, 0.000E+00, 0.000E+00, 0.000E+00, 0.000E+00, 2.090E+02, 6.608E+01, 1.429E-03, 0.000E+00, 7.000E+02, 1.140E-03, 3.841E-01
25/01/2019,06:00,9,2.262,2.762,-5.066,.932,.029, 1.013E+03, 9.927E+01, 2.298E-01, 1.816E-01, 0.000E+00, 0.000E+00, 0.000E+00, 0.000E+00,-1.187E+01,-1.809E+00, 2.285E+00, 2.492E-01, 1.143E-01,-9.990E+02, 1.000E+00,-9.990E+02, 0.000E+00, 0.000E+00, 0.000E+00, 1.000E+00, 0.000E+00, 0.000E+00, 0.000E+00, 0.000E+00, 1.750E+02, 5.981E+01, 1.429E-03, 0.000E+00, 7.000E+02, 1.164E-03, 3.417E-01
25/01/2019,07:00,9,2.262,2.762,-4.798,.933,.029, 1.013E+03, 9.266E+01, 2.298E-01, 1.829E-01, 0.000E+00, 0.000E+00, 0.000E+00, 0.000E+00,-1.187E+01,-1.809E+00, 2.102E+00, 2.493E-01, 1.051E-01,-9.990E+02, 1.000E+00,-9.990E+02, 0.000E+00, 0.000E+00, 0.000E+00, 1.000E+00, 0.000E+00, 0.000E+00, 0.000E+00, 0.000E+00, 1.901E+02, 6.502E+01, 1.429E-03, 0.000E+00, 7.000E+02, 1.145E-03, 3.272E-01
25/01/2019,08:00,9,2.262,2.762,-4.529,.933,.029, 1.013E+03, 8.700E+01, 2.298E-01, 1.841E-01, 1.843E-02, 3.687E+00, 1.698E+00, 1.522E+00,-1.187E+01,-1.809E+00, 1.977E+00, 2.494E-01, 1.000E-01, 4.629E-02, 1.000E+00, 6.100E-02, 6.746E-02, 1.000E-02, 1.000E+00, 1.000E+00, 6.100E-04, 3.679E-06, 4.068E-06, 0.000E+00, 1.999E+02, 6.835E+01, 1.429E-03, 1.141E-05, 6.945E+02, 1.141E-03, 3.533E-01
25/01/2019,09:00,9,2.262,2.762,-4.260,.934,.029, 1.013E+03, 8.261E+01, 1.877E-01, 1.854E-01, 3.412E+00, 2.229E+01, 2.265E+01, 9.380E+00, 2.070E+00, 4.449E-01, 1.922E+00, 2.285E-01, 1.173E-01, 1.137E-01, 1.000E+00, 3.526E-01, 6.060E-01, 1.000E-02, 1.000E+00, 1.000E+00, 3.526E-03, 2.128E-05, 3.658E-05, 0.000E+00, 1.361E+02, 5.826E+01, 1.429E-03, 6.603E-05, 6.691E+02, 1.218E-03, 3.250E-01
25/01/2019,10:00,9,2.262,2.762,-4.035,.929,.032, 1.012E+03, 7.980E+01, 1.877E-01, 1.862E-01, 6.974E+00, 3.421E+01, 3.415E+01, 1.447E+01, 2.070E+00, 4.449E-01, 1.674E+00, 2.287E-01, 1.022E-01, 1.563E-01, 1.000E+00, 4.964E-01, 7.546E-01, 1.000E-02, 1.000E+00, 1.000E+00, 4.964E-03, 2.999E-05, 4.559E-05, 0.000E+00, 1.563E+02, 6.691E+01, 1.429E-03, 9.303E-05, 6.572E+02, 1.203E-03, 2.416E-01
25/01/2019,11:00,9,2.262,2.762,-3.810,.925,.035, 1.012E+03, 7.878E+01, 1.877E-01, 1.869E-01, 8.421E+00, 3.868E+01, 3.801E+01, 1.638E+01, 2.070E+00, 4.449E-01, 1.431E+00, 2.289E-01, 1.000E-01, 1.716E-01, 1.000E+00, 5.417E-01, 7.906E-01, 1.000E-02, 1.000E+00, 1.000E+00, 5.417E-03, 3.276E-05, 4.780E-05, 0.000E+00, 1.597E+02, 6.835E+01, 1.429E-03, 1.016E-04, 6.535E+02, 1.203E-03, 1.956E-01
25/01/2019,12:00,9,2.262,2.762,-3.585,.920,.037, 1.011E+03, 7.963E+01, 1.266E-01, 1.877E-01, 3.224E+01, 3.806E+01, 1.069E+02, 1.735E+01,-1.950E-01, 3.899E-01, 1.196E+00, 1.577E-01, 1.000E-01, 1.588E-01, 1.000E+00, 5.860E-01, 9.877E-01, 1.000E-02, 1.000E+00, 1.000E+00, 5.860E-03, 3.546E-05, 5.977E-05, 0.000E+00, 1.704E+02, 6.835E+01, 1.429E-03, 1.100E-04, 6.500E+02, 1.206E-03, 2.129E-01
25/01/2019,13:00,9,2.262,2.762,-3.693,.919,.038, 1.011E+03, 8.230E+01, 1.266E-01, 1.892E-01, 1.691E+01, 2.876E+01, 7.586E+01, 1.277E+01,-1.950E-01, 3.899E-01, 1.058E+00, 1.577E-01, 1.000E-01, 1.185E-01, 1.000E+00, 4.734E-01, 9.559E-01, 1.000E-02, 1.000E+00, 1.000E+00, 4.734E-03, 2.863E-05, 5.782E-05, 0.000E+00, 1.704E+02, 6.835E+01, 1.429E-03, 8.883E-05, 6.590E+02, 1.193E-03, 3.401E-01
25/01/2019,14:00,9,2.262,2.762,-3.801,.918,.038, 1.010E+03, 8.656E+01, 1.266E-01, 1.907E-01, 1.391E+00, 1.287E+01, 1.698E+01, 5.389E+00,-1.950E-01, 3.899E-01, 9.243E-01, 1.577E-01, 1.000E-01, 5.308E-02, 1.000E+00, 2.149E-01, 5.026E-01, 1.000E-02, 1.000E+00, 1.000E+00, 2.149E-03, 1.299E-05, 3.039E-05, 0.000E+00, 1.704E+02, 6.835E+01, 1.429E-03, 4.031E-05, 6.808E+02, 1.163E-03, 4.615E-01
25/01/2019,15:00,9,2.262,2.762,-3.909,.917,.038, 1.009E+03, 9.212E+01, 9.573E-02, 1.923E-01, 0.000E+00, 0.000E+00, 0.000E+00, 0.000E+00,-6.482E+00,-2.864E+00, 7.976E-01, 1.000E-01, 1.000E-01,-9.990E+02, 1.000E+00,-9.990E+02, 0.000E+00, 0.000E+00, 0.000E+00, 1.000E+00, 0.000E+00, 0.000E+00, 0.000E+00, 0.000E+00, 4.364E+02, 6.835E+01, 1.429E-03, 0.000E+00, 7.000E+02, 1.106E-03, 5.544E-01
25/01/2019,16:00,9,2.262,2.762,-4.543,.925,.033, 1.009E+03, 9.865E+01, 9.573E-02, 1.928E-01, 0.000E+00, 0.000E+00, 0.000E+00, 0.000E+00,-6.482E+00,-2.864E+00, 1.275E+00, 1.000E-01, 1.000E-01,-9.990E+02, 1.000E+00,-9.990E+02, 0.000E+00, 0.000E+00, 0.000E+00, 1.000E+00, 0.000E+00, 0.000E+00, 0.000E+00, 0.000E+00, 4.365E+02, 6.835E+01, 1.429E-03, 0.000E+00, 7.000E+02, 1.106E-03, 4.762E-01
25/01/2019,17:00,9,2.262,2.762,-5.176,.933,.028, 1.008E+03, 1.058E+02, 9.573E-02, 1.933E-01, 0.000E+00, 0.000E+00, 0.000E+00, 0.000E+00,-6.482E+00,-2.864E+00, 1.779E+00, 1.000E-01, 1.000E-01,-9.990E+02, 1.000E+00,-9.990E+02, 0.000E+00, 0.000E+00, 0.000E+00, 1.000E+00, 0.000E+00, 0.000E+00, 0.000E+00, 0.000E+00, 4.366E+02, 6.835E+01, 1.429E-03, 0.000E+00, 7.000E+02, 1.106E-03, 2.503E-01
25/01/2019,18:00,9,2.262,2.762,-5.809,.941,.023, 1.008E+03, 1.133E+02, 4.625E-03, 1.938E-01, 0.000E+00, 0.000E+00, 0.000E+00, 0.000E+00,-1.378E+01,-5.777E+00, 2.291E+00, 1.547E-01, 1.000E-01,-9.990E+02, 1.000E+00,-9.990E+02, 0.000E+00, 0.000E+00, 0.000E+00, 1.000E+00, 0.000E+00, 0.000E+00, 0.000E+00, 0.000E+00, 3.224E+02, 6.835E+01, 1.429E-03, 0.000E+00, 7.000E+02, 1.119E-03, 2.056E-02
25/01/2019,19:00,9,2.262,2.762,-6.226,.931,.027, 1.007E+03, 1.206E+02, 4.625E-03, 1.938E-01, 0.000E+00, 0.000E+00, 0.000E+00, 0.000E+00,-1.378E+01,-5.777E+00, 2.324E+00, 1.546E-01, 1.000E-01,-9.990E+02, 1.000E+00,-9.990E+02, 0.000E+00, 0.000E+00, 0.000E+00, 1.000E+00, 0.000E+00, 0.000E+00, 0.000E+00, 0.000E+00, 3.227E+02, 6.835E+01, 1.429E-03, 0.000E+00, 7.000E+02, 1.119E-03, 5.951E-02
25/01/2019,20:00,9,2.262,2.762,-6.643,.921,.030, 1.007E+03, 1.274E+02, 4.625E-03, 1.938E-01, 0.000E+00, 0.000E+00, 0.000E+00, 0.000E+00,-1.378E+01,-5.777E+00, 2.372E+00, 1.546E-01, 1.000E-01,-9.990E+02, 1.000E+00,-9.990E+02, 0.000E+00, 0.000E+00, 0.000E+00, 1.000E+00, 0.000E+00, 0.000E+00, 0.000E+00, 0.000E+00, 3.230E+02, 6.835E+01, 1.429E-03, 0.000E+00, 7.000E+02, 1.119E-03, 1.099E-01
25/01/2019,21:00,9,2.262,2.762,-7.060,.910,.032, 1.006E+03, 1.331E+02, 4.408E-03, 1.938E-01, 0.000E+00, 0.000E+00, 0.000E+00, 0.000E+00,-1.392E+01,-5.062E+00, 2.434E+00, 1.223E-01, 1.000E-01,-9.990E+02, 1.000E+00,-9.990E+02, 0.000E+00, 0.000E+00, 0.000E+00, 1.000E+00, 0.000E+00, 0.000E+00, 0.000E+00, 0.000E+00, 4.838E+02, 6.835E+01, 1.429E-03, 0.000E+00, 7.000E+02, 1.101E-03, 1.874E-01
25/01/2019,22:00,9,2.262,2.762,-7.471,.915,.030, 1.006E+03, 1.371E+02, 4.408E-03, 1.941E-01, 0.000E+00, 0.000E+00, 0.000E+00, 0.000E+00,-1.392E+01,-5.062E+00, 2.397E+00, 1.222E-01, 1.000E-01,-9.990E+02, 1.000E+00,-9.990E+02, 0.000E+00, 0.000E+00, 0.000E+00, 1.000E+00, 0.000E+00, 0.000E+00, 0.000E+00, 0.000E+00, 4.845E+02, 6.835E+01, 1.429E-03, 0.000E+00, 7.000E+02, 1.101E-03, 2.163E-01
25/01/2019,23:00,9,2.262,2.762,-7.882,.920,.027, 1.005E+03, 1.385E+02, 4.408E-03, 1.943E-01, 0.000E+00, 0.000E+00, 0.000E+00, 0.000E+00,-1.392E+01,-5.062E+00, 2.408E+00, 1.222E-01, 1.000E-01,-9.990E+02, 1.000E+00,-9.990E+02, 0.000E+00, 0.000E+00, 0.000E+00, 1.000E+00, 0.000E+00, 0.000E+00, 0.000E+00, 0.000E+00, 4.851E+02, 6.835E+01, 1.429E-03, 0.000E+00, 7.000E+02, 1.101E-03, 2.056E-01
26/01/2019,00:00,9,2.273,2.773,-8.293,.925,.025, 1.004E+03, 1.373E+02, 1.388E-02, 1.946E-01, 0.000E+00, 0.000E+00, 0.000E+00, 0.000E+00,-7.476E+00,-9.106E+00, 2.467E+00, 2.438E-01, 1.300E-01,-9.990E+02, 1.000E+00,-9.990E+02, 0.000E+00, 0.000E+00, 0.000E+00, 1.000E+00, 0.000E+00, 0.000E+00, 0.000E+00, 0.000E+00, 1.460E+02, 5.258E+01, 1.429E-03, 0.000E+00, 7.000E+02, 1.192E-03, 3.238E-01
26/01/2019,01:00,9,2.273,2.773,-7.971,.932,.023, 1.004E+03, 1.335E+02, 1.388E-02, 2.004E-01, 0.000E+00, 0.000E+00, 0.000E+00, 0.000E+00,-7.476E+00,-9.106E+00, 1.859E+00, 2.440E-01, 1.000E-01,-9.990E+02, 1.000E+00,-9.990E+02, 0.000E+00, 0.000E+00, 0.000E+00, 1.000E+00, 0.000E+00, 0.000E+00, 0.000E+00, 0.000E+00, 1.898E+02, 6.835E+01, 1.429E-03, 0.000E+00, 7.000E+02, 1.135E-03, 2.510E-01
26/01/2019,02:00,9,2.273,2.773,-7.649,.940,.021, 1.004E+03, 1.279E+02, 1.388E-02, 2.063E-01, 0.000E+00, 0.000E+00, 0.000E+00, 0.000E+00,-7.476E+00,-9.106E+00, 1.750E+00, 2.442E-01, 1.000E-01,-9.990E+02, 1.000E+00,-9.990E+02, 0.000E+00, 0.000E+00, 0.000E+00, 1.000E+00, 0.000E+00, 0.000E+00, 0.000E+00, 0.000E+00, 1.897E+02, 6.835E+01, 1.429E-03, 0.000E+00, 7.000E+02, 1.135E-03, 2.714E-01
26/01/2019,03:00,9,2.273,2.773,-7.328,.948,.018, 1.003E+03, 1.211E+02, 8.478E-03, 2.121E-01, 0.000E+00, 0.000E+00, 0.000E+00, 0.000E+00,-5.168E+00,-6.564E+00, 2.218E+00, 2.421E-01, 1.208E-01,-9.990E+02, 1.000E+00,-9.990E+02, 0.000E+00, 0.000E+00, 0.000E+00, 1.000E+00, 0.000E+00, 0.000E+00, 0.000E+00, 0.000E+00, 1.519E+02, 5.657E+01, 1.429E-03, 0.000E+00, 7.000E+02, 1.177E-03, 1.996E-01
26/01/2019,04:00,9,2.273,2.773,-7.264,.946,.019, 1.003E+03, 1.138E+02, 8.478E-03, 2.124E-01, 0.000E+00, 0.000E+00, 0.000E+00, 0.000E+00,-5.168E+00,-6.564E+00, 2.158E+00, 2.422E-01, 1.176E-01,-9.990E+02, 1.000E+00,-9.990E+02, 0.000E+00, 0.000E+00, 0.000E+00, 1.000E+00, 0.000E+00, 0.000E+00, 0.000E+00, 0.000E+00, 1.561E+02, 5.813E+01, 1.429E-03, 0.000E+00, 7.000E+02, 1.172E-03, 1.010E-02
26/01/2019,05:00,9,2.273,2.773,-7.201,.945,.020, 1.002E+03, 1.063E+02, 8.478E-03, 2.126E-01, 0.000E+00, 0.000E+00, 0.000E+00, 0.000E+00,-5.168E+00,-6.564E+00, 2.101E+00, 2.423E-01, 1.145E-01,-9.990E+02, 1.000E+00,-9.990E+02, 0.000E+00, 0.000E+00, 0.000E+00, 1.000E+00, 0.000E+00, 0.000E+00, 0.000E+00, 0.000E+00, 1.603E+02, 5.971E+01, 1.429E-03, 0.000E+00, 7.000E+02, 1.166E-03, 3.429E-03
26/01/2019,06:00,9,2.273,2.773,-7.138,.943,.020, 1.002E+03, 9.907E+01, 7.748E-03, 2.129E-01, 0.000E+00, 0.000E+00, 0.000E+00, 0.000E+00,-7.109E+00,-3.933E+00, 2.046E+00, 2.251E-01, 1.053E-01,-9.990E+02, 1.000E+00,-9.990E+02, 0.000E+00, 0.000E+00, 0.000E+00, 1.000E+00, 0.000E+00, 0.000E+00, 0.000E+00, 0.000E+00, 1.846E+02, 6.493E+01, 1.429E-03, 0.000E+00, 7.000E+02, 1.146E-03, 3.262E-03
26/01/2019,07:00,9,2.273,2.773,-6.696,.933,.025, 1.002E+03, 9.245E+01, 7.748E-03, 2.129E-01, 0.000E+00, 0.000E+00, 0.000E+00, 0.000E+00,-7.109E+00,-3.933E+00, 1.987E+00, 2.253E-01, 1.023E-01,-9.990E+02, 1.000E+00,-9.990E+02, 0.000E+00, 0.000E+00, 0.000E+00, 1.000E+00, 0.000E+00, 0.000E+00, 0.000E+00, 0.000E+00, 1.899E+02, 6.683E+01, 1.429E-03, 0.000E+00, 7.000E+02, 1.140E-03, 8.223E-03
26/01/2019,08:00,9,2.273,2.773,-6.253,.923,.030, 1.002E+03, 8.678E+01, 7.748E-03, 2.129E-01, 1.015E+00, 1.190E+01, 1.399E+01, 4.954E+00,-7.109E+00,-3.933E+00, 1.931E+00, 2.255E-01, 1.000E-01, 4.944E-02, 1.000E+00, 1.968E-01, 4.375E-01, 1.000E-02, 1.000E+00, 1.000E+00, 1.968E-03, 1.179E-05, 2.621E-05, 0.000E+00, 1.942E+02, 6.835E+01, 1.429E-03, 3.676E-05, 6.824E+02, 1.158E-03, 1.205E-02
26/01/2019,09:00,9,2.273,2.773,-5.811,.912,.035, 1.001E+03, 8.238E+01, 3.952E-03, 2.129E-01, 1.962E+01, 3.012E+01, 8.741E+01, 1.344E+01, 1.028E+01, 7.066E-01, 1.880E+00, 2.637E-01, 1.194E-01, 1.167E-01, 1.000E+00, 4.886E-01, 9.725E-01, 1.000E-02, 1.000E+00, 1.000E+00, 4.886E-03, 2.932E-05, 5.837E-05, 0.000E+00, 1.242E+02, 5.724E+01, 1.429E-03, 9.140E-05, 6.579E+02, 1.242E-03, 2.330E-02
26/01/2019,10:00,9,2.273,2.773,-5.263,.891,.045, 1.001E+03, 7.955E+01, 3.952E-03, 2.129E-01, 3.886E+01, 3.979E+01, 1.255E+02, 1.835E+01, 1.028E+01, 7.066E-01, 1.744E+00, 2.640E-01, 1.107E-01, 1.593E-01, 1.000E+00, 6.038E-01, 9.943E-01, 1.000E-02, 1.000E+00, 1.000E+00, 6.038E-03, 3.631E-05, 5.979E-05, 0.000E+00, 1.340E+02, 6.172E+01, 1.429E-03, 1.132E-04, 6.486E+02, 1.239E-03, 8.129E-02
26/01/2019,11:00,9,2.273,2.773,-4.714,.870,.056, 1.001E+03, 7.852E+01, 3.952E-03, 2.129E-01, 4.664E+01, 4.304E+01, 1.372E+02, 2.004E+01, 1.028E+01, 7.066E-01, 1.609E+00, 2.643E-01, 1.022E-01, 1.745E-01, 1.000E+00, 6.373E-01, 9.965E-01, 1.000E-02, 1.000E+00, 1.000E+00, 6.373E-03, 3.841E-05, 6.005E-05, 0.000E+00, 1.453E+02, 6.690E+01, 1.429E-03, 1.197E-04, 6.459E+02, 1.223E-03, 1.160E-01
26/01/2019,12:00,9,2.273,2.773,-4.165,.849,.068, 1.001E+03, 7.937E+01, 1.803E-02, 2.129E-01, 8.394E+00, 3.693E+01, 3.838E+01, 1.562E+01,-1.003E+01,-3.109E-02, 1.476E+00, 2.633E-01, 1.000E-01, 1.619E-01, 1.000E+00, 5.257E-01, 7.937E-01, 1.000E-02, 1.000E+00, 1.000E+00, 5.257E-03, 3.175E-05, 4.793E-05, 0.000E+00, 1.913E+02, 6.835E+01, 1.429E-03, 9.895E-05, 6.547E+02, 1.197E-03, 1.581E-01
26/01/2019,13:00,9,2.273,2.773,-4.525,.876,.054, 1.001E+03, 8.204E+01, 1.803E-02, 2.106E-01, 4.542E+00, 2.533E+01, 2.706E+01, 1.066E+01,-1.003E+01,-3.109E-02, 1.702E+00, 2.631E-01, 1.000E-01, 1.218E-01, 1.000E+00, 3.935E-01, 6.714E-01, 1.000E-02, 1.000E+00, 1.000E+00, 3.935E-03, 2.373E-05, 4.049E-05, 0.000E+00, 1.913E+02, 6.835E+01, 1.429E-03, 7.397E-05, 6.655E+02, 1.181E-03, 1.729E-01
26/01/2019,14:00,9,2.273,2.773,-4.884,.903,.041, 1.001E+03, 8.630E+01, 1.803E-02, 2.083E-01, 4.659E-01, 9.287E+00, 7.457E+00, 3.847E+00,-1.003E+01,-3.109E-02, 1.936E+00, 2.629E-01, 1.011E-01, 5.677E-02, 1.000E+00, 1.530E-01, 2.641E-01, 1.000E-02, 1.000E+00, 1.000E+00, 1.530E-03, 9.215E-06, 1.591E-05, 0.000E+00, 1.892E+02, 6.758E+01, 1.429E-03, 2.872E-05, 6.862E+02, 1.156E-03, 1.711E-01
26/01/2019,15:00,9,2.273,2.773,-5.244,.930,.029, 1.000E+03, 9.187E+01, 1.735E-02, 2.060E-01, 0.000E+00, 0.000E+00, 0.000E+00, 0.000E+00,-1.166E+01,-2.493E+00, 2.174E+00, 1.802E-01, 1.000E-01,-9.990E+02, 1.000E+00,-9.990E+02, 0.000E+00, 0.000E+00, 0.000E+00, 1.000E+00, 0.000E+00, 0.000E+00, 0.000E+00, 0.000E+00, 2.515E+02, 6.835E+01, 1.429E-03, 0.000E+00, 7.000E+02, 1.128E-03, 8.100E-02
26/01/2019,16:00,9,2.273,2.773,-5.396,.931,.028, 1.001E+03, 9.840E+01, 1.735E-02, 2.060E-01, 0.000E+00, 0.000E+00, 0.000E+00, 0.000E+00,-1.166E+01,-2.493E+00, 1.782E+00, 1.801E-01, 1.000E-01,-9.990E+02, 1.000E+00,-9.990E+02, 0.000E+00, 0.000E+00, 0.000E+00, 1.000E+00, 0.000E+00, 0.000E+00, 0.000E+00, 0.000E+00, 2.516E+02, 6.835E+01, 1.429E-03, 0.000E+00, 7.000E+02, 1.128E-03, 8.307E-02
26/01/2019,17:00,9,2.273,2.773,-5.547,.932,.028, 1.001E+03, 1.056E+02, 1.735E-02, 2.060E-01, 0.000E+00, 0.000E+00, 0.000E+00, 0.000E+00,-1.166E+01,-2.493E+00, 1.773E+00, 1.800E-01, 1.000E-01,-9.990E+02, 1.000E+00,-9.990E+02, 0.000E+00, 0.000E+00, 0.000E+00, 1.000E+00, 0.000E+00, 0.000E+00, 0.000E+00, 0.000E+00, 2.516E+02, 6.835E+01, 1.429E-03, 0.000E+00, 7.000E+02, 1.128E-03, 2.219E-01
26/01/2019,18:00,9,2.273,2.773,-5.699,.932,.027, 1.001E+03, 1.130E+02, 1.438E-02, 2.060E-01, 0.000E+00, 0.000E+00, 0.000E+00, 0.000E+00,-1.551E+01,-2.466E+00, 2.152E+00, 2.372E-01, 1.000E-01,-9.990E+02, 1.000E+00,-9.990E+02, 0.000E+00, 0.000E+00, 0.000E+00, 1.000E+00, 0.000E+00, 0.000E+00, 0.000E+00, 0.000E+00, 2.168E+02, 6.835E+01, 1.429E-03, 0.000E+00, 7.000E+02, 1.132E-03, 3.270E-01
26/01/2019,19:00,9,2.273,2.773,-6.137,.926,.028, 1.001E+03, 1.204E+02, 1.438E-02, 2.060E-01, 0.000E+00, 0.000E+00, 0.000E+00, 0.000E+00,-1.551E+01,-2.466E+00, 2.197E+00, 2.370E-01, 1.013E-01,-9.990E+02, 1.000E+00,-9.990E+02, 0.000E+00, 0.000E+00, 0.000E+00, 1.000E+00, 0.000E+00, 0.000E+00, 0.000E+00, 0.000E+00, 2.142E+02, 6.748E+01, 1.429E-03, 0.000E+00, 7.000E+02, 1.135E-03, 1.304E-01
26/01/2019,20:00,9,2.273,2.773,-6.574,.920,.030, 1.001E+03, 1.272E+02, 1.438E-02, 2.060E-01, 0.000E+00, 0.000E+00, 0.000E+00, 0.000E+00,-1.551E+01,-2.466E+00, 2.247E+00, 2.368E-01, 1.035E-01,-9.990E+02, 1.000E+00,-9.990E+02, 0.000E+00, 0.000E+00, 0.000E+00, 1.000E+00, 0.000E+00, 0.000E+00, 0.000E+00, 0.000E+00, 2.097E+02, 6.603E+01, 1.429E-03, 0.000E+00, 7.000E+02, 1.140E-03, 6.373E-02
26/01/2019,21:00,9,2.273,2.773,-7.012,.914,.031, 1.001E+03, 1.329E+02, 1.762E-03, 2.060E-01, 0.000E+00, 0.000E+00, 0.000E+00, 0.000E+00,-1.260E+01,-4.208E+00, 2.300E+00, 1.264E-01, 1.000E-01,-9.990E+02, 1.000E+00,-9.990E+02, 0.000E+00, 0.000E+00, 0.000E+00, 1.000E+00, 0.000E+00, 0.000E+00, 0.000E+00, 0.000E+00, 4.285E+02, 6.835E+01, 1.429E-03, 0.000E+00, 7.000E+02, 1.107E-03, 6.530E-02
26/01/2019,22:00,9,2.273,2.773,-8.144,.912,.029, 1.001E+03, 1.368E+02, 1.762E-03, 2.060E-01, 0.000E+00, 0.000E+00, 0.000E+00, 0.000E+00,-1.260E+01,-4.208E+00, 2.012E+00, 1.261E-01, 1.000E-01,-9.990E+02, 1.000E+00,-9.990E+02, 0.000E+00, 0.000E+00, 0.000E+00, 1.000E+00, 0.000E+00, 0.000E+00, 0.000E+00, 0.000E+00, 4.302E+02, 6.835E+01, 1.429E-03, 0.000E+00, 7.000E+02, 1.107E-03, 4.277E-02
26/01/2019,23:00,9,2.273,2.773,-9.275,.909,.028, 1.001E+03, 1.383E+02, 1.762E-03, 2.060E-01, 0.000E+00, 0.000E+00, 0.000E+00, 0.000E+00,-1.260E+01,-4.208E+00, 1.791E+00, 1.259E-01, 1.000E-01,-9.990E+02, 1.000E+00,-9.990E+02, 0.000E+00, 0.000E+00, 0.000E+00, 1.000E+00, 0.000E+00, 0.000E+00, 0.000E+00, 0.000E+00, 4.318E+02, 6.835E+01, 1.429E-03, 0.000E+00, 7.000E+02, 1.107E-03, 8.203E-02
27/01/2019,00:00,9,2.284,2.784,-10.407,.906,.026, 1.001E+03, 1.370E+02, 1.009E-02, 2.060E-01, 0.000E+00, 0.000E+00, 0.000E+00, 0.000E+00,-1.166E+01,-2.564E+00, 1.661E+00, 1.119E-01, 1.000E-01,-9.990E+02, 1.000E+00,-9.990E+02, 0.000E+00, 0.000E+00, 0.000E+00, 1.000E+00, 0.000E+00, 0.000E+00, 0.000E+00, 0.000E+00, 5.155E+02, 6.835E+01, 1.429E-03, 0.000E+00, 7.000E+02, 1.097E-03, 1.651E-01
27/01/2019,01:00,9,2.284,2.784,-10.347,.892,.030, 1.001E+03, 1.333E+02, 1.009E-02, 2.068E-01, 0.000E+00, 0.000E+00, 0.000E+00, 0.000E+00,-1.166E+01,-2.564E+00, 1.907E+00, 1.119E-01, 1.000E-01,-9.990E+02, 1.000E+00,-9.990E+02, 0.000E+00, 0.000E+00, 0.000E+00, 1.000E+00, 0.000E+00, 0.000E+00, 0.000E+00, 0.000E+00, 5.154E+02, 6.835E+01, 1.429E-03, 0.000E+00, 7.000E+02, 1.098E-03, 2.840E-01
27/01/2019,02:00,9,2.284,2.784,-10.287,.877,.035, 1.000E+03, 1.277E+02, 1.009E-02, 2.075E-01, 0.000E+00, 0.000E+00, 0.000E+00, 0.000E+00,-1.166E+01,-2.564E+00, 2.245E+00, 1.119E-01, 1.000E-01,-9.990E+02, 1.000E+00,-9.990E+02, 0.000E+00, 0.000E+00, 0.000E+00, 1.000E+00, 0.000E+00, 0.000E+00, 0.000E+00, 0.000E+00, 5.152E+02, 6.835E+01, 1.429E-03, 0.000E+00, 7.000E+02, 1.098E-03, 3.877E-01
27/01/2019,03:00,9,2.284,2.784,-10.228,.862,.039, 1.000E+03, 1.209E+02, 7.198E-03, 2.083E-01, 0.000E+00, 0.000E+00, 0.000E+00, 0.000E+00,-2.647E+01,-4.702E+00, 2.639E+00, 2.113E-01, 1.000E-01,-9.990E+02, 1.000E+00,-9.990E+02, 0.000E+00, 0.000E+00, 0.000E+00, 1.000E+00, 0.000E+00, 0.000E+00, 0.000E+00, 0.000E+00, 2.853E+02, 6.835E+01, 1.429E-03, 0.000E+00, 7.000E+02, 1.124E-03, 4.736E-01
27/01/2019,04:00,9,2.284,2.784,-10.122,.859,.040, 1.000E+03, 1.136E+02, 7.198E-03, 2.083E-01, 0.000E+00, 0.000E+00, 0.000E+00, 0.000E+00,-2.647E+01,-4.702E+00, 2.782E+00, 2.114E-01, 1.000E-01,-9.990E+02, 1.000E+00,-9.990E+02, 0.000E+00, 0.000E+00, 0.000E+00, 1.000E+00, 0.000E+00, 0.000E+00, 0.000E+00, 0.000E+00, 2.852E+02, 6.835E+01, 1.429E-03, 0.000E+00, 7.000E+02, 1.124E-03, 5.004E-01
27/01/2019,05:00,9,2.284,2.784,-10.015,.855,.042, 9.998E+02, 1.061E+02, 7.198E-03, 2.083E-01, 0.000E+00, 0.000E+00, 0.000E+00, 0.000E+00,-2.647E+01,-4.702E+00, 2.957E+00, 2.115E-01, 1.037E-01,-9.990E+02, 1.000E+00,-9.990E+02, 0.000E+00, 0.000E+00, 0.000E+00, 1.000E+00, 0.000E+00, 0.000E+00, 0.000E+00, 0.000E+00, 2.749E+02, 6.590E+01, 1.429E-03, 0.000E+00, 7.000E+02, 1.133E-03, 4.590E-01
27/01/2019,06:00,9,2.284,2.784,-9.909,.851,.043, 9.996E+02, 9.887E+01, 6.997E-04, 2.083E-01, 0.000E+00, 0.000E+00, 0.000E+00, 0.000E+00,-4.787E+01,-4.385E+00, 3.160E+00, 3.482E-01, 1.465E-01,-9.990E+02, 1.000E+00,-9.990E+02, 0.000E+00, 0.000E+00, 0.000E+00, 1.000E+00, 0.000E+00, 0.000E+00, 0.000E+00, 0.000E+00, 1.472E+02, 4.665E+01, 1.429E-03, 0.000E+00, 7.000E+02, 1.212E-03, 3.574E-01
27/01/2019,07:00,9,2.284,2.784,-9.629,.842,.047, 9.996E+02, 9.224E+01, 6.997E-04, 2.083E-01, 0.000E+00, 0.000E+00, 0.000E+00, 0.000E+00,-4.787E+01,-4.385E+00, 3.221E+00, 3.484E-01, 1.494E-01,-9.990E+02, 1.000E+00,-9.990E+02, 0.000E+00, 0.000E+00, 0.000E+00, 1.000E+00, 0.000E+00, 0.000E+00, 0.000E+00, 0.000E+00, 1.443E+02, 4.575E+01, 1.429E-03, 0.000E+00, 7.000E+02, 1.215E-03, 6.930E-02
27/01/2019,08:00,9,2.284,2.784,-9.349,.833,.051, 9.996E+02, 8.655E+01, 6.997E-04, 2.083E-01, 3.478E-02, 4.401E+00, 2.096E+00, 1.807E+00,-4.787E+01,-4.385E+00, 3.292E+00, 3.486E-01, 1.528E-01, 5.266E-02, 1.000E+00, 7.221E-02, 8.261E-02, 1.000E-02, 1.000E+00, 1.000E+00, 7.221E-04, 4.276E-06, 4.892E-06, 0.000E+00, 1.411E+02, 4.475E+01, 1.429E-03, 1.339E-05, 6.935E+02, 1.229E-03, 1.686E-02
27/01/2019,09:00,9,2.284,2.784,-9.069,.824,.055, 9.996E+02, 8.214E+01, 2.144E-03, 2.083E-01, 6.313E-01, 1.533E+01, 8.630E+00, 6.322E+00,-3.059E+00, 4.226E+00, 3.374E+00, 5.473E-01, 1.994E-01, 1.198E-01, 1.000E+00, 2.373E-01, 2.988E-01, 1.000E-02, 1.000E+00, 1.000E+00, 2.373E-03, 1.407E-05, 1.771E-05, 0.000E+00, 8.481E+01, 3.427E+01, 1.429E-03, 4.406E-05, 6.791E+02, 1.301E-03, 1.176E-02
27/01/2019,10:00,9,2.284,2.784,-8.044,.792,.070, 9.993E+02, 7.930E+01, 2.144E-03, 2.083E-01, 1.218E+00, 2.371E+01, 1.307E+01, 9.786E+00,-3.059E+00, 4.226E+00, 3.654E+00, 5.485E-01, 2.160E-01, 1.623E-01, 1.000E+00, 3.451E-01, 4.157E-01, 1.000E-02, 1.000E+00, 1.000E+00, 3.451E-03, 2.054E-05, 2.474E-05, 0.000E+00, 7.829E+01, 3.164E+01, 1.429E-03, 6.431E-05, 6.698E+02, 1.329E-03, 7.943E-03
27/01/2019,11:00,9,2.284,2.784,-7.018,.760,.087, 9.989E+02, 7.826E+01, 2.144E-03, 2.083E-01, 1.455E+00, 2.690E+01, 1.468E+01, 1.110E+01,-3.059E+00, 4.226E+00, 3.938E+00, 5.496E-01, 2.329E-01, 1.775E-01, 1.000E+00, 3.820E-01, 4.532E-01, 1.000E-02, 1.000E+00, 1.000E+00, 3.820E-03, 2.282E-05, 2.708E-05, 0.000E+00, 7.264E+01, 2.935E+01, 1.429E-03, 7.147E-05, 6.666E+02, 1.345E-03, 1.029E-02
27/01/2019,12:00,9,2.284,2.784,-5.993,.728,.106, 9.986E+02, 7.911E+01, 1.240E-02, 2.083E-01, 3.859E+00, 3.143E+01, 2.330E+01, 1.309E+01,-1.967E+01, 9.587E+00, 4.226E+00, 5.370E-01, 2.433E-01, 1.651E-01, 1.000E+00, 4.493E-01, 6.165E-01, 1.000E-02, 1.000E+00, 1.000E+00, 4.493E-03, 2.695E-05, 3.697E-05, 0.000E+00, 7.138E+01, 2.809E+01, 1.429E-03, 8.438E-05, 6.610E+02, 1.361E-03, 2.531E-02
27/01/2019,13:00,9,2.284,2.784,-6.181,.757,.094, 9.982E+02, 8.177E+01, 1.240E-02, 2.052E-01, 2.147E+00, 2.144E+01, 1.641E+01, 8.908E+00,-1.967E+01, 9.587E+00, 4.055E+00, 5.369E-01, 2.335E-01, 1.253E-01, 1.000E+00, 3.298E-01, 4.908E-01, 1.000E-02, 1.000E+00, 1.000E+00, 3.298E-03, 1.977E-05, 2.941E-05, 0.000E+00, 7.439E+01, 2.928E+01, 1.429E-03, 6.190E-05, 6.709E+02, 1.337E-03, 2.072E-02
27/01/2019,14:00,9,2.284,2.784,-6.370,.785,.082, 9.977E+02, 8.604E+01, 1.240E-02, 2.022E-01, 2.648E-01, 7.790E+00, 5.127E+00, 3.210E+00,-1.967E+01, 9.587E+00, 3.899E+00, 5.369E-01, 2.245E-01, 6.049E-02, 1.000E+00, 1.277E-01, 1.901E-01, 1.000E-02, 1.000E+00, 1.000E+00, 1.277E-03, 7.648E-06, 1.139E-05, 0.000E+00, 7.737E+01, 3.045E+01, 1.429E-03, 2.395E-05, 6.885E+02, 1.301E-03, 2.268E-02
27/01/2019,15:00,9,2.284,2.784,-6.558,.814,.070, 9.973E+02, 9.161E+01, 2.063E-02, 1.991E-01, 0.000E+00, 0.000E+00, 0.000E+00, 0.000E+00,-2.393E+01, 5.688E+00, 3.759E+00, 5.485E-01, 2.155E-01,-9.990E+02, 1.000E+00,-9.990E+02, 0.000E+00, 0.000E+00, 0.000E+00, 1.000E+00, 0.000E+00, 0.000E+00, 0.000E+00, 0.000E+00, 8.095E+01, 3.172E+01, 1.429E-03, 0.000E+00, 7.000E+02, 1.277E-03, 2.040E-02
27/01/2019,16:00,9,2.284,2.784,-6.491,.833,.063, 9.970E+02, 9.815E+01, 2.063E-02, 1.991E-01, 0.000E+00, 0.000E+00, 0.000E+00, 0.000E+00,-2.393E+01, 5.688E+00, 3.850E+00, 5.487E-01, 2.207E-01,-9.990E+02, 1.000E+00,-9.990E+02, 0.000E+00, 0.000E+00, 0.000E+00, 1.000E+00, 0.000E+00, 0.000E+00, 0.000E+00, 0.000E+00, 7.903E+01, 3.097E+01, 1.429E-03, 0.000E+00, 7.000E+02, 1.280E-03, 1.895E-02
27/01/2019,17:00,9,2.284,2.784,-6.424,.852,.056, 9.967E+02, 1.053E+02, 2.063E-02, 1.991E-01, 0.000E+00, 0.000E+00, 0.000E+00, 0.000E+00,-2.393E+01, 5.688E+00, 3.942E+00, 5.488E-01, 2.260E-01,-9.990E+02, 1.000E+00,-9.990E+02, 0.000E+00, 0.000E+00, 0.000E+00, 1.000E+00, 0.000E+00, 0.000E+00, 0.000E+00, 0.000E+00, 7.719E+01, 3.025E+01, 1.429E-03, 0.000E+00, 7.000E+02, 1.283E-03, 1.516E-02
27/01/2019,18:00,9,2.284,2.784,-6.357,.871,.049, 9.964E+02, 1.128E+02, 3.695E-02, 1.991E-01, 0.000E+00, 0.000E+00, 0.000E+00, 0.000E+00,-1.612E+01, 2.644E+00, 4.034E+00, 5.665E-01, 2.344E-01,-9.990E+02, 1.000E+00,-9.990E+02, 0.000E+00, 0.000E+00, 0.000E+00, 1.000E+00, 0.000E+00, 0.000E+00, 0.000E+00, 0.000E+00, 7.340E+01, 2.916E+01, 1.429E-03, 0.000E+00, 7.000E+02, 1.288E-03, 9.396E-03
27/01/2019,19:00,9,2.284,2.784,-5.918,.876,.049, 9.962E+02, 1.201E+02, 3.695E-02, 1.994E-01, 0.000E+00, 0.000E+00, 0.000E+00, 0.000E+00,-1.612E+01, 2.644E+00, 3.912E+00, 5.670E-01, 2.274E-01,-9.990E+02, 1.000E+00,-9.990E+02, 0.000E+00, 0.000E+00, 0.000E+00, 1.000E+00, 0.000E+00, 0.000E+00, 0.000E+00, 0.000E+00, 7.569E+01, 3.006E+01, 1.429E-03, 0.000E+00, 7.000E+02, 1.284E-03, 6.002E-03
27/01/2019,20:00,9,2.284,2.784,-5.478,.882,.048, 9.960E+02, 1.269E+02, 3.695E-02, 1.996E-01, 0.000E+00, 0.000E+00, 0.000E+00, 0.000E+00,-1.612E+01, 2.644E+00, 3.790E+00, 5.676E-01, 2.203E-01,-9.990E+02, 1.000E+00,-9.990E+02, 0.000E+00, 0.000E+00, 0.000E+00, 1.000E+00, 0.000E+00, 0.000E+00, 0.000E+00, 0.000E+00, 7.811E+01, 3.103E+01, 1.429E-03, 0.000E+00, 7.000E+02, 1.280E-03, 9.833E-03
27/01/2019,21:00,9,2.284,2.784,-5.038,.888,.047, 9.959E+02, 1.326E+02, 1.100E-01, 1.999E-01, 0.000E+00, 0.000E+00, 0.000E+00, 0.000E+00,-3.177E+01, 5.927E+00, 3.668E+00, 5.762E-01, 2.092E-01,-9.990E+02, 1.000E+00,-9.990E+02, 0.000E+00, 0.000E+00, 0.000E+00, 1.000E+00, 0.000E+00, 0.000E+00, 0.000E+00, 0.000E+00, 8.380E+01, 3.267E+01, 1.429E-03, 0.000E+00, 7.000E+02, 1.273E-03, 1.090E-02
27/01/2019,22:00,9,2.284,2.784,-4.341,.866,.059, 9.954E+02, 1.365E+02, 1.100E-01, 2.004E-01, 0.000E+00, 0.000E+00, 0.000E+00, 0.000E+00,-3.177E+01, 5.927E+00, 3.906E+00, 5.771E-01, 2.228E-01,-9.990E+02, 1.000E+00,-9.990E+02, 0.000E+00, 0.000E+00, 0.000E+00, 1.000E+00, 0.000E+00, 0.000E+00, 0.000E+00, 0.000E+00, 7.867E+01, 3.067E+01, 1.429E-03, 0.000E+00, 7.000E+02, 1.281E-03, 2.442E-02
27/01/2019,23:00,9,2.284,2.784,-3.644,.845,.073, 9.949E+02, 1.380E+02, 1.100E-01, 2.009E-01, 0.000E+00, 0.000E+00, 0.000E+00, 0.000E+00,-3.177E+01, 5.927E+00, 4.258E+00, 5.780E-01, 2.429E-01,-9.990E+02, 1.000E+00,-9.990E+02, 0.000E+00, 0.000E+00, 0.000E+00, 1.000E+00, 0.000E+00, 0.000E+00, 0.000E+00, 0.000E+00, 7.215E+01, 2.814E+01, 1.429E-03, 0.000E+00, 7.000E+02, 1.292E-03, 3.294E-02
28/01/2019,00:00,9,2.294,2.794,-2.948,.823,.087, 9.944E+02, 1.368E+02, 3.148E-01, 2.014E-01, 0.000E+00, 0.000E+00, 0.000E+00, 0.000E+00,-2.638E+01, 7.380E+00, 4.698E+00, 6.659E-01, 2.730E-01,-9.990E+02, 1.000E+00,-9.990E+02, 0.000E+00, 0.000E+00, 0.000E+00, 1.000E+00, 0.000E+00, 0.000E+00, 0.000E+00, 0.000E+00, 6.306E+01, 2.504E+01, 1.429E-03, 0.000E+00, 7.000E+02, 1.306E-03, 3.501E-02
28/01/2019,01:00,9,2.294,2.794,-2.852,.836,.081, 9.939E+02, 1.330E+02, 3.148E-01, 2.098E-01, 0.000E+00, 0.000E+00, 0.000E+00, 0.000E+00,-2.638E+01, 7.380E+00, 4.658E+00, 6.662E-01, 2.706E-01,-9.990E+02, 1.000E+00,-9.990E+02, 0.000E+00, 0.000E+00, 0.000E+00, 1.000E+00, 0.000E+00, 0.000E+00, 0.000E+00, 0.000E+00, 6.360E+01, 2.526E+01, 1.429E-03, 0.000E+00, 7.000E+02, 1.305E-03, 3.507E-02
28/01/2019,02:00,9,2.294,2.794,-2.755,.850,.075, 9.934E+02, 1.275E+02, 3.148E-01, 2.182E-01, 0.000E+00, 0.000E+00, 0.000E+00, 0.000E+00,-2.638E+01, 7.380E+00, 4.617E+00, 6.665E-01, 2.683E-01,-9.990E+02, 1.000E+00,-9.990E+02, 0.000E+00, 0.000E+00, 0.000E+00, 1.000E+00, 0.000E+00, 0.000E+00, 0.000E+00, 0.000E+00, 6.416E+01, 2.548E+01, 1.429E-03, 0.000E+00, 7.000E+02, 1.304E-03, 4.928E-02
28/01/2019,03:00,9,2.294,2.794,-2.659,.863,.069, 9.929E+02, 1.207E+02, 4.409E-01, 2.266E-01, 0.000E+00, 0.000E+00, 0.000E+00, 0.000E+00,-2.065E+01, 8.406E+00, 4.577E+00, 6.842E-01, 2.675E-01,-9.990E+02, 1.000E+00,-9.990E+02, 0.000E+00, 0.000E+00, 0.000E+00, 1.000E+00, 0.000E+00, 0.000E+00, 0.000E+00, 0.000E+00, 6.395E+01, 2.555E+01, 1.429E-03, 0.000E+00, 7.000E+02, 1.304E-03, 6.428E-02
28/01/2019,04:00,9,2.294,2.794,-2.673,.865,.068, 9.924E+02, 1.134E+02, 4.409E-01, 2.289E-01, 0.000E+00, 0.000E+00, 0.000E+00, 0.000E+00,-2.065E+01, 8.406E+00, 4.565E+00, 6.843E-01, 2.668E-01,-9.990E+02, 1.000E+00,-9.990E+02, 0.000E+00, 0.000E+00, 0.000E+00, 1.000E+00, 0.000E+00, 0.000E+00, 0.000E+00, 0.000E+00, 6.412E+01, 2.562E+01, 1.429E-03, 0.000E+00, 7.000E+02, 1.303E-03, 7.003E-02
28/01/2019,05:00,9,2.294,2.794,-2.687,.867,.067, 9.919E+02, 1.059E+02, 4.409E-01, 2.312E-01, 0.000E+00, 0.000E+00, 0.000E+00, 0.000E+00,-2.065E+01, 8.406E+00, 4.552E+00, 6.845E-01, 2.661E-01,-9.990E+02, 1.000E+00,-9.990E+02, 0.000E+00, 0.000E+00, 0.000E+00, 1.000E+00, 0.000E+00, 0.000E+00, 0.000E+00, 0.000E+00, 6.429E+01, 2.569E+01, 1.429E-03, 0.000E+00, 7.000E+02, 1.303E-03, 8.136E-02
28/01/2019,06:00,9,2.294,2.794,-2.700,.869,.066, 9.914E+02, 9.866E+01, 2.632E-01, 2.335E-01, 0.000E+00, 0.000E+00, 0.000E+00, 0.000E+00,-1.494E+01, 9.336E+00, 4.540E+00, 6.329E-01, 2.657E-01,-9.990E+02, 1.000E+00,-9.990E+02, 0.000E+00, 0.000E+00, 0.000E+00, 1.000E+00, 0.000E+00, 0.000E+00, 0.000E+00, 0.000E+00, 6.429E+01, 2.572E+01, 1.429E-03, 0.000E+00, 7.000E+02, 1.303E-03, 1.009E-01
28/01/2019,07:00,9,2.294,2.794,-2.605,.862,.069, 9.913E+02, 9.202E+01, 2.632E-01, 2.347E-01, 0.000E+00, 0.000E+00, 0.000E+00, 0.000E+00,-1.494E+01, 9.336E+00, 4.284E+00, 6.330E-01, 2.507E-01,-9.990E+02, 1.000E+00,-9.990E+02, 0.000E+00, 0.000E+00, 0.000E+00, 1.000E+00, 0.000E+00, 0.000E+00, 0.000E+00, 0.000E+00, 6.814E+01, 2.726E+01, 1.429E-03, 0.000E+00, 7.000E+02, 1.296E-03, 1.256E-01
28/01/2019,08:00,9,2.294,2.794,-2.510,.856,.073, 9.911E+02, 8.632E+01, 2.632E-01, 2.360E-01, 1.436E-01, 6.381E+00, 3.737E+00, 2.618E+00,-1.494E+01, 9.336E+00, 4.028E+00, 6.332E-01, 2.358E-01, 5.594E-02, 1.000E+00, 1.043E-01, 1.425E-01, 1.000E-02, 1.000E+00, 1.000E+00, 1.043E-03, 6.339E-06, 8.656E-06, 0.000E+00, 7.246E+01, 2.899E+01, 1.429E-03, 1.994E-05, 6.904E+02, 1.305E-03, 1.467E-01
28/01/2019,09:00,9,2.294,2.794,-2.414,.849,.077, 9.910E+02, 8.189E+01, 6.267E-02, 2.373E-01, 2.826E-01, 1.371E+01, 6.624E+00, 5.622E+00, 2.796E+00, 1.101E+01, 3.774E+00, 5.525E-01, 2.249E-01, 1.229E-01, 1.000E+00, 2.104E-01, 2.385E-01, 1.000E-02, 1.000E+00, 1.000E+00, 2.104E-03, 1.279E-05, 1.449E-05, 0.000E+00, 7.440E+01, 3.040E+01, 1.429E-03, 4.023E-05, 6.808E+02, 1.315E-03, 1.577E-01
28/01/2019,10:00,9,2.294,2.794,-2.096,.848,.080, 9.905E+02, 7.904E+01, 6.267E-02, 2.375E-01, 5.307E-01, 2.105E+01, 1.003E+01, 8.633E+00, 2.796E+00, 1.101E+01, 3.888E+00, 5.529E-01, 2.317E-01, 1.653E-01, 1.000E+00, 3.054E-01, 3.380E-01, 1.000E-02, 1.000E+00, 1.000E+00, 3.054E-03, 1.858E-05, 2.057E-05, 0.000E+00, 7.221E+01, 2.951E+01, 1.429E-03, 5.846E-05, 6.725E+02, 1.334E-03, 1.731E-01
28/01/2019,11:00,9,2.294,2.794,-1.777,.847,.082, 9.901E+02, 7.800E+01, 6.267E-02, 2.378E-01, 6.305E-01, 2.384E+01, 1.130E+01, 9.781E+00, 2.796E+00, 1.101E+01, 4.028E+00, 5.533E-01, 2.400E-01, 1.806E-01, 1.000E+00, 3.385E-01, 3.716E-01, 1.000E-02, 1.000E+00, 1.000E+00, 3.385E-03, 2.062E-05, 2.264E-05, 0.000E+00, 6.970E+01, 2.848E+01, 1.429E-03, 6.488E-05, 6.696E+02, 1.344E-03, 1.797E-01
28/01/2019,12:00,9,2.294,2.794,-1.459,.846,.084, 9.897E+02, 7.884E+01, 9.664E-02, 2.381E-01, 4.744E+00, 3.379E+01, 2.631E+01, 1.406E+01,-7.737E+00, 5.585E+00, 4.192E+00, 3.413E-01, 2.374E-01, 1.683E-01, 1.000E+00, 4.765E-01, 6.612E-01, 1.000E-02, 1.000E+00, 1.000E+00, 4.765E-03, 2.906E-05, 4.032E-05, 0.000E+00, 7.438E+01, 2.879E+01, 1.429E-03, 9.143E-05, 6.579E+02, 1.363E-03, 2.023E-01
28/01/2019,13:00,9,2.294,2.794,-1.688,.869,.071, 9.894E+02, 8.150E+01, 9.664E-02, 2.312E-01, 2.711E+00, 2.340E+01, 1.889E+01, 9.711E+00,-7.737E+00, 5.585E+00, 3.457E+00, 3.412E-01, 1.957E-01, 1.287E-01, 1.000E+00, 3.564E-01, 5.401E-01, 1.000E-02, 1.000E+00, 1.000E+00, 3.564E-03, 2.172E-05, 3.292E-05, 0.000E+00, 9.021E+01, 3.492E+01, 1.429E-03, 6.834E-05, 6.680E+02, 1.316E-03, 1.998E-01
28/01/2019,14:00,9,2.294,2.794,-1.918,.893,.057, 9.891E+02, 8.577E+01, 9.664E-02, 2.243E-01, 3.958E-01, 8.907E+00, 6.351E+00, 3.665E+00,-7.737E+00, 5.585E+00, 2.879E+00, 3.411E-01, 1.630E-01, 6.423E-02, 1.000E+00, 1.457E-01, 2.299E-01, 1.000E-02, 1.000E+00, 1.000E+00, 1.457E-03, 8.872E-06, 1.400E-05, 0.000E+00, 1.083E+02, 4.193E+01, 1.429E-03, 2.791E-05, 6.866E+02, 1.255E-03, 2.240E-01
28/01/2019,15:00,9,2.294,2.794,-2.147,.916,.044, 9.888E+02, 9.135E+01, 2.446E-01, 2.175E-01, 0.000E+00, 0.000E+00, 0.000E+00, 0.000E+00,-1.236E+01, 1.975E+00, 2.567E+00, 3.763E-01, 1.441E-01,-9.990E+02, 1.000E+00,-9.990E+02, 0.000E+00, 0.000E+00, 0.000E+00, 1.000E+00, 0.000E+00, 0.000E+00, 0.000E+00, 0.000E+00, 1.237E+02, 4.744E+01, 1.429E-03, 0.000E+00, 7.000E+02, 1.212E-03, 2.570E-01
28/01/2019,16:00,9,2.294,2.794,-2.006,.923,.040, 9.885E+02, 9.789E+01, 2.446E-01, 2.185E-01, 0.000E+00, 0.000E+00, 0.000E+00, 0.000E+00,-1.236E+01, 1.975E+00, 2.663E+00, 3.764E-01, 1.495E-01,-9.990E+02, 1.000E+00,-9.990E+02, 0.000E+00, 0.000E+00, 0.000E+00, 1.000E+00, 0.000E+00, 0.000E+00, 0.000E+00, 0.000E+00, 1.192E+02, 4.572E+01, 1.429E-03, 0.000E+00, 7.000E+02, 1.219E-03, 2.310E-01
28/01/2019,17:00,9,2.294,2.794,-1.865,.931,.037, 9.882E+02, 1.051E+02, 2.446E-01, 2.195E-01, 0.000E+00, 0.000E+00, 0.000E+00, 0.000E+00,-1.236E+01, 1.975E+00, 2.807E+00, 3.766E-01, 1.576E-01,-9.990E+02, 1.000E+00,-9.990E+02, 0.000E+00, 0.000E+00, 0.000E+00, 1.000E+00, 0.000E+00, 0.000E+00, 0.000E+00, 0.000E+00, 1.131E+02, 4.338E+01, 1.429E-03, 0.000E+00, 7.000E+02, 1.228E-03, 1.593E-01
28/01/2019,18:00,9,2.294,2.794,-1.724,.939,.033, 9.879E+02, 1.125E+02, 1.774E-01, 2.205E-01, 0.000E+00, 0.000E+00, 0.000E+00, 0.000E+00,-9.618E+00,-1.809E-01, 2.992E+00, 3.151E-01, 1.650E-01,-9.990E+02, 1.000E+00,-9.990E+02, 0.000E+00, 0.000E+00, 0.000E+00, 1.000E+00, 0.000E+00, 0.000E+00, 0.000E+00, 0.000E+00, 1.099E+02, 4.144E+01, 1.429E-03, 0.000E+00, 7.000E+02, 1.236E-03, 1.030E-01
28/01/2019,19:00,9,2.294,2.794,-1.546,.944,.030, 9.875E+02, 1.199E+02, 1.774E-01, 2.215E-01, 0.000E+00, 0.000E+00, 0.000E+00, 0.000E+00,-9.618E+00,-1.809E-01, 2.539E+00, 3.153E-01, 1.400E-01,-9.990E+02, 1.000E+00,-9.990E+02, 0.000E+00, 0.000E+00, 0.000E+00, 1.000E+00, 0.000E+00, 0.000E+00, 0.000E+00, 0.000E+00, 1.295E+02, 4.881E+01, 1.429E-03, 0.000E+00, 7.000E+02, 1.207E-03, 1.123E-01
28/01/2019,20:00,9,2.294,2.794,-1.367,.950,.028, 9.872E+02, 1.267E+02, 1.774E-01, 2.225E-01, 0.000E+00, 0.000E+00, 0.000E+00, 0.000E+00,-9.618E+00,-1.809E-01, 2.096E+00, 3.154E-01, 1.156E-01,-9.990E+02, 1.000E+00,-9.990E+02, 0.000E+00, 0.000E+00, 0.000E+00, 1.000E+00, 0.000E+00, 0.000E+00, 0.000E+00, 0.000E+00, 1.569E+02, 5.913E+01, 1.429E-03, 0.000E+00, 7.000E+02, 1.168E-03, 1.096E-01
28/01/2019,21:00,9,2.294,2.794,-1.189,.956,.025, 9.869E+02, 1.324E+02, 1.992E-01, 2.236E-01, 0.000E+00, 0.000E+00, 0.000E+00, 0.000E+00,-3.019E+00,-4.849E-01, 1.669E+00, 1.165E-01, 1.000E-01,-9.990E+02, 1.000E+00,-9.990E+02, 0.000E+00, 0.000E+00, 0.000E+00, 1.000E+00, 0.000E+00, 0.000E+00, 0.000E+00, 0.000E+00, 2.490E+02, 6.835E+01, 1.429E-03, 0.000E+00, 7.000E+02, 1.128E-03, 1.054E-01
28/01/2019,22:00,9,2.294,2.794,-1.217,.963,.021, 9.868E+02, 1.363E+02, 1.992E-01, 2.246E-01, 0.000E+00, 0.000E+00, 0.000E+00, 0.000E+00,-3.019E+00,-4.849E-01, 1.242E+00, 1.165E-01, 1.000E-01,-9.990E+02, 1.000E+00,-9.990E+02, 0.000E+00, 0.000E+00, 0.000E+00, 1.000E+00, 0.000E+00, 0.000E+00, 0.000E+00, 0.000E+00, 2.490E+02, 6.835E+01, 1.429E-03, 0.000E+00, 7.000E+02, 1.128E-03, 1.070E-01
28/01/2019,23:00,9,2.294,2.794,-1.246,.970,.017, 9.867E+02, 1.378E+02, 1.992E-01, 2.256E-01, 0.000E+00, 0.000E+00, 0.000E+00, 0.000E+00,-3.019E+00,-4.849E-01, 8.164E-01, 1.165E-01, 1.000E-01,-9.990E+02, 1.000E+00,-9.990E+02, 0.000E+00, 0.000E+00, 0.000E+00, 1.000E+00, 0.000E+00, 0.000E+00, 0.000E+00, 0.000E+00, 2.490E+02, 6.835E+01, 1.429E-03, 0.000E+00, 7.000E+02, 1.128E-03, 1.182E-01
29/01/2019,00:00,9,2.305,2.805,-1.274,.978,.012, 9.866E+02, 1.365E+02, 3.166E-01, 2.266E-01, 0.000E+00, 0.000E+00, 0.000E+00, 0.000E+00,-1.342E+00,-7.937E-02, 3.956E-01, 1.785E-01, 1.000E-01,-9.990E+02, 1.000E+00,-9.990E+02, 0.000E+00, 0.000E+00, 0.000E+00, 1.000E+00, 0.000E+00, 0.000E+00, 0.000E+00, 0.000E+00, 1.784E+02, 6.835E+01, 1.429E-03, 0.000E+00, 7.000E+02, 1.136E-03, 1.595E-01
29/01/2019,01:00,9,2.305,2.805,-1.434,.977,.013, 9.868E+02, 1.328E+02, 3.166E-01, 2.304E-01, 0.000E+00, 0.000E+00, 0.000E+00, 0.000E+00,-1.342E+00,-7.937E-02, 6.380E-01, 1.784E-01, 1.000E-01,-9.990E+02, 1.000E+00,-9.990E+02, 0.000E+00, 0.000E+00, 0.000E+00, 1.000E+00, 0.000E+00, 0.000E+00, 0.000E+00, 0.000E+00, 1.784E+02, 6.835E+01, 1.429E-03, 0.000E+00, 7.000E+02, 1.136E-03, 2.029E-01
29/01/2019,02:00,9,2.305,2.805,-1.594,.976,.013, 9.869E+02, 1.272E+02, 3.166E-01, 2.342E-01, 0.000E+00, 0.000E+00, 0.000E+00, 0.000E+00,-1.342E+00,-7.937E-02, 9.408E-01, 1.783E-01, 1.000E-01,-9.990E+02, 1.000E+00,-9.990E+02, 0.000E+00, 0.000E+00, 0.000E+00, 1.000E+00, 0.000E+00, 0.000E+00, 0.000E+00, 0.000E+00, 1.784E+02, 6.835E+01, 1.429E-03, 0.000E+00, 7.000E+02, 1.136E-03, 2.133E-01
29/01/2019,03:00,9,2.305,2.805,-1.754,.975,.013, 9.870E+02, 1.205E+02, 3.026E-01, 2.381E-01, 0.000E+00, 0.000E+00, 0.000E+00, 0.000E+00,-3.780E+00,-6.213E-01, 1.261E+00, 1.786E-01, 1.000E-01,-9.990E+02, 1.000E+00,-9.990E+02, 0.000E+00, 0.000E+00, 0.000E+00, 1.000E+00, 0.000E+00, 0.000E+00, 0.000E+00, 0.000E+00, 1.964E+02, 6.835E+01, 1.429E-03, 0.000E+00, 7.000E+02, 1.134E-03, 1.710E-01
29/01/2019,04:00,9,2.305,2.805,-1.641,.974,.014, 9.873E+02, 1.132E+02, 3.026E-01, 2.396E-01, 0.000E+00, 0.000E+00, 0.000E+00, 0.000E+00,-3.780E+00,-6.213E-01, 1.569E+00, 1.786E-01, 1.000E-01,-9.990E+02, 1.000E+00,-9.990E+02, 0.000E+00, 0.000E+00, 0.000E+00, 1.000E+00, 0.000E+00, 0.000E+00, 0.000E+00, 0.000E+00, 1.964E+02, 6.835E+01, 1.429E-03, 0.000E+00, 7.000E+02, 1.134E-03, 1.436E-01
29/01/2019,05:00,9,2.305,2.805,-1.529,.973,.015, 9.876E+02, 1.057E+02, 3.026E-01, 2.411E-01, 0.000E+00, 0.000E+00, 0.000E+00, 0.000E+00,-3.780E+00,-6.213E-01, 1.879E+00, 1.787E-01, 1.000E-01,-9.990E+02, 1.000E+00,-9.990E+02, 0.000E+00, 0.000E+00, 0.000E+00, 1.000E+00, 0.000E+00, 0.000E+00, 0.000E+00, 0.000E+00, 1.964E+02, 6.835E+01, 1.429E-03, 0.000E+00, 7.000E+02, 1.134E-03, 1.433E-01
29/01/2019,06:00,9,2.305,2.805,-1.417,.971,.016, 9.880E+02, 9.844E+01, 4.453E-01, 2.426E-01, 0.000E+00, 0.000E+00, 0.000E+00, 0.000E+00,-2.933E+00, 4.160E+00, 2.190E+00, 3.605E-01, 1.281E-01,-9.990E+02, 1.000E+00,-9.990E+02, 0.000E+00, 0.000E+00, 0.000E+00, 1.000E+00, 0.000E+00, 0.000E+00, 0.000E+00, 0.000E+00, 1.335E+02, 5.337E+01, 1.429E-03, 0.000E+00, 7.000E+02, 1.191E-03, 1.960E-01
29/01/2019,07:00,9,2.305,2.805,-1.587,.956,.024, 9.886E+02, 9.180E+01, 4.453E-01, 2.449E-01, 0.000E+00, 0.000E+00, 0.000E+00, 0.000E+00,-2.933E+00, 4.160E+00, 2.290E+00, 3.603E-01, 1.339E-01,-9.990E+02, 1.000E+00,-9.990E+02, 0.000E+00, 0.000E+00, 0.000E+00, 1.000E+00, 0.000E+00, 0.000E+00, 0.000E+00, 0.000E+00, 1.277E+02, 5.104E+01, 1.429E-03, 0.000E+00, 7.000E+02, 1.199E-03, 1.971E-01
29/01/2019,08:00,9,2.305,2.805,-1.757,.941,.031, 9.891E+02, 8.608E+01, 4.453E-01, 2.472E-01, 3.027E-01, 8.064E+00, 5.521E+00, 3.305E+00,-2.933E+00, 4.160E+00, 2.391E+00, 3.600E-01, 1.398E-01, 5.927E-02, 1.000E+00, 1.316E-01, 2.031E-01, 1.000E-02, 1.000E+00, 1.000E+00, 1.316E-03, 8.019E-06, 1.238E-05, 0.000E+00, 1.223E+02, 4.890E+01, 1.429E-03, 2.535E-05, 6.878E+02, 1.225E-03, 1.890E-01
29/01/2019,09:00,9,2.305,2.805,-1.927,.927,.039, 9.897E+02, 8.164E+01, 2.811E-01, 2.495E-01, 7.349E-01, 1.683E+01, 9.428E+00, 6.900E+00, 6.286E+00, 7.898E+00, 2.492E+00, 4.894E-01, 1.495E-01, 1.261E-01, 1.000E+00, 2.565E-01, 3.214E-01, 1.000E-02, 1.000E+00, 1.000E+00, 2.565E-03, 1.561E-05, 1.957E-05, 0.000E+00, 1.105E+02, 4.573E+01, 1.429E-03, 4.936E-05, 6.766E+02, 1.256E-03, 2.009E-01
29/01/2019,10:00,9,2.305,2.805,-1.657,.908,.050, 9.901E+02, 7.878E+01, 2.811E-01, 2.508E-01, 1.347E+00, 2.540E+01, 1.388E+01, 1.042E+01, 6.286E+00, 7.898E+00, 2.943E+00, 4.896E-01, 1.765E-01, 1.684E-01, 1.000E+00, 3.632E-01, 4.351E-01, 1.000E-02, 1.000E+00, 1.000E+00, 3.632E-03, 2.214E-05, 2.652E-05, 0.000E+00, 9.354E+01, 3.872E+01, 1.429E-03, 6.997E-05, 6.673E+02, 1.301E-03, 2.516E-01
29/01/2019,11:00,9,2.305,2.805,-1.386,.890,.061, 9.906E+02, 7.772E+01, 2.811E-01, 2.520E-01, 1.592E+00, 2.865E+01, 1.550E+01, 1.176E+01, 6.286E+00, 7.898E+00, 3.432E+00, 4.897E-01, 2.059E-01, 1.837E-01, 1.000E+00, 3.997E-01, 4.715E-01, 1.000E-02, 1.000E+00, 1.000E+00, 3.997E-03, 2.438E-05, 2.876E-05, 0.000E+00, 8.021E+01, 3.320E+01, 1.429E-03, 7.707E-05, 6.642E+02, 1.332E-03, 2.897E-01
29/01/2019,12:00,9,2.305,2.805,-1.116,.872,.072, 9.910E+02, 7.857E+01, 2.957E-01, 2.533E-01, 1.881E+00, 2.776E+01, 1.616E+01, 1.141E+01,-6.590E+00, 7.412E+00, 3.945E+00, 4.799E-01, 2.309E-01, 1.715E-01, 1.000E+00, 3.936E-01, 4.855E-01, 1.000E-02, 1.000E+00, 1.000E+00, 3.936E-03, 2.404E-05, 2.965E-05, 0.000E+00, 7.402E+01, 2.961E+01, 1.429E-03, 7.598E-05, 6.647E+02, 1.347E-03, 2.195E-01
29/01/2019,13:00,9,2.305,2.805,-1.375,.878,.067, 9.915E+02, 8.123E+01, 2.957E-01, 2.462E-01, 1.099E+00, 1.923E+01, 1.150E+01, 7.898E+00,-6.590E+00, 7.412E+00, 3.845E+00, 4.796E-01, 2.250E-01, 1.322E-01, 1.000E+00, 2.905E-01, 3.769E-01, 1.000E-02, 1.000E+00, 1.000E+00, 2.905E-03, 1.772E-05, 2.299E-05, 0.000E+00, 7.595E+01, 3.038E+01, 1.429E-03, 5.602E-05, 6.736E+02, 1.328E-03, 1.997E-01
29/01/2019,14:00,9,2.305,2.805,-1.633,.884,.063, 9.921E+02, 8.551E+01, 2.957E-01, 2.391E-01, 1.835E-01, 7.367E+00, 4.185E+00, 3.014E+00,-6.590E+00, 7.412E+00, 3.746E+00, 4.792E-01, 2.192E-01, 6.800E-02, 1.000E+00, 1.194E-01, 1.581E-01, 1.000E-02, 1.000E+00, 1.000E+00, 1.194E-03, 7.279E-06, 9.639E-06, 0.000E+00, 7.797E+01, 3.119E+01, 1.429E-03, 2.301E-05, 6.889E+02, 1.298E-03, 1.707E-01
29/01/2019,15:00,9,2.305,2.805,-1.892,.890,.059, 9.926E+02, 9.109E+01, 1.582E-01, 2.319E-01, 0.000E+00, 0.000E+00, 0.000E+00, 0.000E+00,-1.478E+01, 1.148E+01, 3.648E+00, 5.627E-01, 2.123E-01,-9.990E+02, 1.000E+00,-9.990E+02, 0.000E+00, 0.000E+00, 0.000E+00, 1.000E+00, 0.000E+00, 0.000E+00, 0.000E+00, 0.000E+00, 8.097E+01, 3.220E+01, 1.429E-03, 0.000E+00, 7.000E+02, 1.275E-03, 1.313E-01
29/01/2019,16:00,9,2.305,2.805,-2.327,.887,.058, 9.930E+02, 9.764E+01, 1.582E-01, 2.327E-01, 0.000E+00, 0.000E+00, 0.000E+00, 0.000E+00,-1.478E+01, 1.148E+01, 3.677E+00, 5.621E-01, 2.140E-01,-9.990E+02, 1.000E+00,-9.990E+02, 0.000E+00, 0.000E+00, 0.000E+00, 1.000E+00, 0.000E+00, 0.000E+00, 0.000E+00, 0.000E+00, 8.032E+01, 3.195E+01, 1.429E-03, 0.000E+00, 7.000E+02, 1.276E-03, 8.350E-02
29/01/2019,17:00,9,2.305,2.805,-2.762,.884,.058, 9.933E+02, 1.048E+02, 1.582E-01, 2.335E-01, 0.000E+00, 0.000E+00, 0.000E+00, 0.000E+00,-1.478E+01, 1.148E+01, 3.707E+00, 5.616E-01, 2.157E-01,-9.990E+02, 1.000E+00,-9.990E+02, 0.000E+00, 0.000E+00, 0.000E+00, 1.000E+00, 0.000E+00, 0.000E+00, 0.000E+00, 0.000E+00, 7.969E+01, 3.169E+01, 1.429E-03, 0.000E+00, 7.000E+02, 1.277E-03, 3.190E-02
29/01/2019,18:00,9,2.305,2.805,-3.196,.881,.057, 9.937E+02, 1.123E+02, 1.160E-02, 2.342E-01, 0.000E+00, 0.000E+00, 0.000E+00, 0.000E+00,-1.305E+01, 1.180E+01, 3.737E+00, 5.140E-01, 2.167E-01,-9.990E+02, 1.000E+00,-9.990E+02, 0.000E+00, 0.000E+00, 0.000E+00, 1.000E+00, 0.000E+00, 0.000E+00, 0.000E+00, 0.000E+00, 7.954E+01, 3.154E+01, 1.429E-03, 0.000E+00, 7.000E+02, 1.278E-03, 2.633E-02
29/01/2019,19:00,9,2.305,2.805,-3.545,.880,.057, 9.941E+02, 1.196E+02, 1.160E-02, 2.342E-01, 0.000E+00, 0.000E+00, 0.000E+00, 0.000E+00,-1.305E+01, 1.180E+01, 3.525E+00, 5.136E-01, 2.045E-01,-9.990E+02, 1.000E+00,-9.990E+02, 0.000E+00, 0.000E+00, 0.000E+00, 1.000E+00, 0.000E+00, 0.000E+00, 0.000E+00, 0.000E+00, 8.432E+01, 3.343E+01, 1.429E-03, 0.000E+00, 7.000E+02, 1.269E-03, 2.219E-02
29/01/2019,20:00,9,2.305,2.805,-3.894,.878,.056, 9.945E+02, 1.264E+02, 1.160E-02, 2.342E-01, 0.000E+00, 0.000E+00, 0.000E+00, 0.000E+00,-1.305E+01, 1.180E+01, 3.328E+00, 5.132E-01, 1.930E-01,-9.990E+02, 1.000E+00,-9.990E+02, 0.000E+00, 0.000E+00, 0.000E+00, 1.000E+00, 0.000E+00, 0.000E+00, 0.000E+00, 0.000E+00, 8.933E+01, 3.541E+01, 1.429E-03, 0.000E+00, 7.000E+02, 1.261E-03, 1.576E-02
29/01/2019,21:00,9,2.305,2.805,-4.243,.876,.055, 9.949E+02, 1.321E+02, 1.095E-02, 2.342E-01, 0.000E+00, 0.000E+00, 0.000E+00, 0.000E+00,-1.151E+01, 8.026E+00, 3.147E+00, 4.480E-01, 1.811E-01,-9.990E+02, 1.000E+00,-9.990E+02, 0.000E+00, 0.000E+00, 0.000E+00, 1.000E+00, 0.000E+00, 0.000E+00, 0.000E+00, 0.000E+00, 9.592E+01, 3.774E+01, 1.429E-03, 0.000E+00, 7.000E+02, 1.251E-03, 2.011E-02
29/01/2019,22:00,9,2.305,2.805,-4.684,.883,.051, 9.953E+02, 1.360E+02, 1.095E-02, 2.340E-01, 0.000E+00, 0.000E+00, 0.000E+00, 0.000E+00,-1.151E+01, 8.026E+00, 3.122E+00, 4.475E-01, 1.797E-01,-9.990E+02, 1.000E+00,-9.990E+02, 0.000E+00, 0.000E+00, 0.000E+00, 1.000E+00, 0.000E+00, 0.000E+00, 0.000E+00, 0.000E+00, 9.670E+01, 3.804E+01, 1.429E-03, 0.000E+00, 7.000E+02, 1.250E-03, 1.583E-02
29/01/2019,23:00,9,2.305,2.805,-5.124,.890,.046, 9.957E+02, 1.375E+02, 1.095E-02, 2.337E-01, 0.000E+00, 0.000E+00, 0.000E+00, 0.000E+00,-1.151E+01, 8.026E+00, 3.153E+00, 4.471E-01, 1.814E-01,-9.990E+02, 1.000E+00,-9.990E+02, 0.000E+00, 0.000E+00, 0.000E+00, 1.000E+00, 0.000E+00, 0.000E+00, 0.000E+00, 0.000E+00, 9.577E+01, 3.767E+01, 1.429E-03, 0.000E+00, 7.000E+02, 1.252E-03, 2.072E-02
30/01/2019,00:00,9,2.316,2.816,-5.564,.896,.042, 9.961E+02, 1.363E+02, 5.706E-03, 2.335E-01, 0.000E+00, 0.000E+00, 0.000E+00, 0.000E+00,-3.077E+00, 8.385E+00, 3.238E+00, 4.776E-01, 1.909E-01,-9.990E+02, 1.000E+00,-9.990E+02, 0.000E+00, 0.000E+00, 0.000E+00, 1.000E+00, 0.000E+00, 0.000E+00, 0.000E+00, 0.000E+00, 8.880E+01, 3.580E+01, 1.429E-03, 0.000E+00, 7.000E+02, 1.260E-03, 1.175E-02
30/01/2019,01:00,9,2.316,2.816,-6.242,.890,.042, 9.966E+02, 1.326E+02, 5.706E-03, 2.309E-01, 0.000E+00, 0.000E+00, 0.000E+00, 0.000E+00,-3.077E+00, 8.385E+00, 3.052E+00, 4.769E-01, 1.800E-01,-9.990E+02, 1.000E+00,-9.990E+02, 0.000E+00, 0.000E+00, 0.000E+00, 1.000E+00, 0.000E+00, 0.000E+00, 0.000E+00, 0.000E+00, 9.421E+01, 3.798E+01, 1.429E-03, 0.000E+00, 7.000E+02, 1.251E-03, 1.458E-02
30/01/2019,02:00,9,2.316,2.816,-6.921,.883,.043, 9.971E+02, 1.270E+02, 5.706E-03, 2.284E-01, 0.000E+00, 0.000E+00, 0.000E+00, 0.000E+00,-3.077E+00, 8.385E+00, 2.868E+00, 4.762E-01, 1.691E-01,-9.990E+02, 1.000E+00,-9.990E+02, 0.000E+00, 0.000E+00, 0.000E+00, 1.000E+00, 0.000E+00, 0.000E+00, 0.000E+00, 0.000E+00, 1.003E+02, 4.042E+01, 1.429E-03, 0.000E+00, 7.000E+02, 1.241E-03, 1.051E-02
30/01/2019,03:00,9,2.316,2.816,-7.600,.876,.043, 9.977E+02, 1.203E+02, 2.984E-03, 2.258E-01, 0.000E+00, 0.000E+00, 0.000E+00, 0.000E+00,-1.179E+01, 5.543E+00, 2.685E+00, 3.713E-01, 1.509E-01,-9.990E+02, 1.000E+00,-9.990E+02, 0.000E+00, 0.000E+00, 0.000E+00, 1.000E+00, 0.000E+00, 0.000E+00, 0.000E+00, 0.000E+00, 1.180E+02, 4.531E+01, 1.429E-03, 0.000E+00, 7.000E+02, 1.221E-03, 8.156E-03
30/01/2019,04:00,9,2.316,2.816,-8.129,.876,.041, 9.979E+02, 1.129E+02, 2.984E-03, 2.258E-01, 0.000E+00, 0.000E+00, 0.000E+00, 0.000E+00,-1.179E+01, 5.543E+00, 2.659E+00, 3.709E-01, 1.494E-01,-9.990E+02, 1.000E+00,-9.990E+02, 0.000E+00, 0.000E+00, 0.000E+00, 1.000E+00, 0.000E+00, 0.000E+00, 0.000E+00, 0.000E+00, 1.192E+02, 4.576E+01, 1.429E-03, 0.000E+00, 7.000E+02, 1.219E-03, 1.054E-02
30/01/2019,05:00,9,2.316,2.816,-8.659,.876,.040, 9.981E+02, 1.055E+02, 2.984E-03, 2.258E-01, 0.000E+00, 0.000E+00, 0.000E+00, 0.000E+00,-1.179E+01, 5.543E+00, 2.639E+00, 3.705E-01, 1.482E-01,-9.990E+02, 1.000E+00,-9.990E+02, 0.000E+00, 0.000E+00, 0.000E+00, 1.000E+00, 0.000E+00, 0.000E+00, 0.000E+00, 0.000E+00, 1.201E+02, 4.612E+01, 1.429E-03, 0.000E+00, 7.000E+02, 1.218E-03, 6.007E-03
30/01/2019,06:00,9,2.316,2.816,-9.189,.876,.038, 9.983E+02, 9.822E+01, 1.113E-02, 2.258E-01, 0.000E+00, 0.000E+00, 0.000E+00, 0.000E+00, 1.632E+00, 5.281E+00, 2.625E+00, 4.093E-01, 1.566E-01,-9.990E+02, 1.000E+00,-9.990E+02, 0.000E+00, 0.000E+00, 0.000E+00, 1.000E+00, 0.000E+00, 0.000E+00, 0.000E+00, 0.000E+00, 1.065E+02, 4.364E+01, 1.429E-03, 0.000E+00, 7.000E+02, 1.228E-03, 1.215E-02
30/01/2019,07:00,9,2.316,2.816,-8.764,.860,.044, 9.989E+02, 9.156E+01, 1.113E-02, 2.258E-01, 0.000E+00, 0.000E+00, 0.000E+00, 0.000E+00, 1.632E+00, 5.281E+00, 2.733E+00, 4.095E-01, 1.631E-01,-9.990E+02, 1.000E+00,-9.990E+02, 0.000E+00, 0.000E+00, 0.000E+00, 1.000E+00, 0.000E+00, 0.000E+00, 0.000E+00, 0.000E+00, 1.023E+02, 4.192E+01, 1.429E-03, 0.000E+00, 7.000E+02, 1.235E-03, 1.503E-02
30/01/2019,08:00,9,2.316,2.816,-8.340,.845,.051, 9.995E+02, 8.584E+01, 1.113E-02, 2.258E-01, 4.193E-01, 9.074E+00, 6.603E+00, 3.713E+00, 1.632E+00, 5.281E+00, 2.856E+00, 4.097E-01, 1.704E-01, 6.267E-02, 1.000E+00, 1.477E-01, 2.378E-01, 1.000E-02, 1.000E+00, 1.000E+00, 1.477E-03, 8.778E-06, 1.414E-05, 0.000E+00, 9.792E+01, 4.011E+01, 1.429E-03, 2.787E-05, 6.866E+02, 1.263E-03, 2.855E-02
30/01/2019,09:00,9,2.316,2.816,-7.915,.830,.058, 1.000E+03, 8.138E+01, 1.694E-02, 2.258E-01, 2.374E+00, 2.285E+01, 1.734E+01, 9.413E+00, 1.290E+01, 5.786E+00, 2.992E+00, 4.497E-01, 1.819E-01, 1.293E-01, 1.000E+00, 3.454E-01, 5.099E-01, 1.000E-02, 1.000E+00, 1.000E+00, 3.454E-03, 2.057E-05, 3.036E-05, 0.000E+00, 8.843E+01, 3.758E+01, 1.429E-03, 6.531E-05, 6.694E+02, 1.303E-03, 5.037E-02
30/01/2019,10:00,9,2.316,2.816,-7.331,.824,.062, 1.000E+03, 7.851E+01, 1.694E-02, 2.258E-01, 4.269E+00, 3.372E+01, 2.464E+01, 1.392E+01, 1.290E+01, 5.786E+00, 2.954E+00, 4.501E-01, 1.796E-01, 1.715E-01, 1.000E+00, 4.704E-01, 6.370E-01, 1.000E-02, 1.000E+00, 1.000E+00, 4.704E-03, 2.807E-05, 3.801E-05, 0.000E+00, 8.959E+01, 3.806E+01, 1.429E-03, 8.914E-05, 6.589E+02, 1.319E-03, 6.609E-02
30/01/2019,11:00,9,2.316,2.816,-6.747,.817,.067, 1.001E+03, 7.745E+01, 1.694E-02, 2.258E-01, 5.027E+00, 3.782E+01, 2.719E+01, 1.562E+01, 1.290E+01, 5.786E+00, 2.929E+00, 4.505E-01, 1.781E-01, 1.868E-01, 1.000E+00, 5.113E-01, 6.732E-01, 1.000E-02, 1.000E+00, 1.000E+00, 5.113E-03, 3.058E-05, 4.026E-05, 0.000E+00, 9.035E+01, 3.838E+01, 1.429E-03, 9.710E-05, 6.555E+02, 1.324E-03, 5.188E-02
30/01/2019,12:00,9,2.316,2.816,-6.163,.811,.073, 1.001E+03, 7.829E+01, 1.299E-02, 2.258E-01, 1.897E+01, 4.618E+01, 6.643E+01, 1.972E+01,-8.870E-01, 5.110E+00, 2.918E+00, 4.061E-01, 1.728E-01, 1.748E-01, 1.000E+00, 6.219E-01, 9.349E-01, 1.000E-02, 1.000E+00, 1.000E+00, 6.219E-03, 3.727E-05, 5.604E-05, 0.000E+00, 9.777E+01, 3.956E+01, 1.429E-03, 1.184E-04, 6.464E+02, 1.333E-03, 5.769E-02
30/01/2019,13:00,9,2.316,2.816,-6.104,.838,.063, 1.002E+03, 8.095E+01, 1.299E-02, 2.309E-01, 1.130E+01, 3.391E+01, 5.029E+01, 1.437E+01,-8.870E-01, 5.110E+00, 2.753E+00, 4.060E-01, 1.629E-01, 1.357E-01, 1.000E+00, 5.043E-01, 8.736E-01, 1.000E-02, 1.000E+00, 1.000E+00, 5.043E-03, 3.023E-05, 5.237E-05, 0.000E+00, 1.037E+02, 4.195E+01, 1.429E-03, 9.600E-05, 6.559E+02, 1.306E-03, 7.286E-02
30/01/2019,14:00,9,2.316,2.816,-6.045,.865,.053, 1.002E+03, 8.523E+01, 1.299E-02, 2.360E-01, 2.113E+00, 1.537E+01, 1.908E+01, 6.367E+00,-8.870E-01, 5.110E+00, 2.668E+00, 4.060E-01, 1.579E-01, 7.178E-02, 1.000E+00, 2.529E-01, 5.437E-01, 1.000E-02, 1.000E+00, 1.000E+00, 2.529E-03, 1.516E-05, 3.260E-05, 0.000E+00, 1.070E+02, 4.328E+01, 1.429E-03, 4.815E-05, 6.772E+02, 1.265E-03, 1.618E-01
30/01/2019,15:00,9,2.316,2.816,-5.985,.892,.042, 1.003E+03, 9.082E+01, 1.054E-02, 2.411E-01, 0.000E+00, 0.000E+00, 0.000E+00, 0.000E+00,-2.160E+01,-3.217E+00, 2.671E+00, 2.952E-01, 1.314E-01,-9.990E+02, 1.000E+00,-9.990E+02, 0.000E+00, 0.000E+00, 0.000E+00, 1.000E+00, 0.000E+00, 0.000E+00, 0.000E+00, 0.000E+00, 1.547E+02, 5.202E+01, 1.429E-03, 0.000E+00, 7.000E+02, 1.192E-03, 2.516E-01
30/01/2019,16:00,9,2.316,2.816,-6.164,.903,.037, 1.003E+03, 9.738E+01, 1.054E-02, 2.414E-01, 0.000E+00, 0.000E+00, 0.000E+00, 0.000E+00,-2.160E+01,-3.217E+00, 2.587E+00, 2.951E-01, 1.272E-01,-9.990E+02, 1.000E+00,-9.990E+02, 0.000E+00, 0.000E+00, 0.000E+00, 1.000E+00, 0.000E+00, 0.000E+00, 0.000E+00, 0.000E+00, 1.598E+02, 5.372E+01, 1.429E-03, 0.000E+00, 7.000E+02, 1.186E-03, 2.031E-01
30/01/2019,17:00,9,2.316,2.816,-6.342,.914,.033, 1.003E+03, 1.046E+02, 1.054E-02, 2.416E-01, 0.000E+00, 0.000E+00, 0.000E+00, 0.000E+00,-2.160E+01,-3.217E+00, 2.505E+00, 2.949E-01, 1.231E-01,-9.990E+02, 1.000E+00,-9.990E+02, 0.000E+00, 0.000E+00, 0.000E+00, 1.000E+00, 0.000E+00, 0.000E+00, 0.000E+00, 0.000E+00, 1.651E+02, 5.550E+01, 1.429E-03, 0.000E+00, 7.000E+02, 1.179E-03, 1.387E-01
30/01/2019,18:00,9,2.316,2.816,-6.520,.925,.028, 1.004E+03, 1.120E+02, 1.164E-02, 2.419E-01, 0.000E+00, 0.000E+00, 0.000E+00, 0.000E+00,-1.605E+01,-1.719E+00, 2.423E+00, 2.740E-01, 1.207E-01,-9.990E+02, 1.000E+00,-9.990E+02, 0.000E+00, 0.000E+00, 0.000E+00, 1.000E+00, 0.000E+00, 0.000E+00, 0.000E+00, 0.000E+00, 1.664E+02, 5.665E+01, 1.429E-03, 0.000E+00, 7.000E+02, 1.175E-03, 1.082E-01
30/01/2019,19:00,9,2.316,2.816,-6.385,.923,.029, 1.004E+03, 1.193E+02, 1.164E-02, 2.419E-01, 0.000E+00, 0.000E+00, 0.000E+00, 0.000E+00,-1.605E+01,-1.719E+00, 2.399E+00, 2.740E-01, 1.195E-01,-9.990E+02, 1.000E+00,-9.990E+02, 0.000E+00, 0.000E+00, 0.000E+00, 1.000E+00, 0.000E+00, 0.000E+00, 0.000E+00, 0.000E+00, 1.680E+02, 5.720E+01, 1.429E-03, 0.000E+00, 7.000E+02, 1.173E-03, 8.649E-02
30/01/2019,20:00,9,2.316,2.816,-6.250,.922,.030, 1.005E+03, 1.261E+02, 1.164E-02, 2.419E-01, 0.000E+00, 0.000E+00, 0.000E+00, 0.000E+00,-1.605E+01,-1.719E+00, 2.393E+00, 2.740E-01, 1.192E-01,-9.990E+02, 1.000E+00,-9.990E+02, 0.000E+00, 0.000E+00, 0.000E+00, 1.000E+00, 0.000E+00, 0.000E+00, 0.000E+00, 0.000E+00, 1.684E+02, 5.735E+01, 1.429E-03, 0.000E+00, 7.000E+02, 1.173E-03, 6.464E-02
30/01/2019,21:00,9,2.316,2.816,-6.115,.920,.031, 1.005E+03, 1.318E+02, 1.003E-02, 2.419E-01, 0.000E+00, 0.000E+00, 0.000E+00, 0.000E+00,-1.741E+01,-2.513E+00, 2.403E+00, 2.474E-01, 1.112E-01,-9.990E+02, 1.000E+00,-9.990E+02, 0.000E+00, 0.000E+00, 0.000E+00, 1.000E+00, 0.000E+00, 0.000E+00, 0.000E+00, 0.000E+00, 1.943E+02, 6.145E+01, 1.429E-03, 0.000E+00, 7.000E+02, 1.156E-03, 4.744E-02
30/01/2019,22:00,9,2.316,2.816,-5.967,.918,.032, 1.005E+03, 1.357E+02, 1.003E-02, 2.419E-01, 0.000E+00, 0.000E+00, 0.000E+00, 0.000E+00,-1.741E+01,-2.513E+00, 2.361E+00, 2.475E-01, 1.093E-01,-9.990E+02, 1.000E+00,-9.990E+02, 0.000E+00, 0.000E+00, 0.000E+00, 1.000E+00, 0.000E+00, 0.000E+00, 0.000E+00, 0.000E+00, 1.977E+02, 6.255E+01, 1.429E-03, 0.000E+00, 7.000E+02, 1.152E-03, 3.387E-02
30/01/2019,23:00,9,2.316,2.816,-5.819,.917,.033, 1.005E+03, 1.372E+02, 1.003E-02, 2.419E-01, 0.000E+00, 0.000E+00, 0.000E+00, 0.000E+00,-1.741E+01,-2.513E+00, 2.325E+00, 2.475E-01, 1.076E-01,-9.990E+02, 1.000E+00,-9.990E+02, 0.000E+00, 0.000E+00, 0.000E+00, 1.000E+00, 0.000E+00, 0.000E+00, 0.000E+00, 0.000E+00, 2.007E+02, 6.350E+01, 1.429E-03, 0.000E+00, 7.000E+02, 1.149E-03, 3.042E-02
31/01/2019,00:00,9,2.326,2.826,-5.672,.915,.034, 1.006E+03, 1.360E+02, 1.129E-03, 2.419E-01, 0.000E+00, 0.000E+00, 0.000E+00, 0.000E+00,-1.337E+01,-4.422E+00, 2.297E+00, 1.422E-01, 1.000E-01,-9.990E+02, 1.000E+00,-9.990E+02, 0.000E+00, 0.000E+00, 0.000E+00, 1.000E+00, 0.000E+00, 0.000E+00, 0.000E+00, 0.000E+00, 3.612E+02, 6.835E+01, 1.429E-03, 0.000E+00, 7.000E+02, 1.115E-03, 5.634E-02
31/01/2019,01:00,9,2.326,2.826,-6.722,.912,.033, 1.006E+03, 1.323E+02, 1.129E-03, 2.414E-01, 0.000E+00, 0.000E+00, 0.000E+00, 0.000E+00,-1.337E+01,-4.422E+00, 2.353E+00, 1.419E-01, 1.000E-01,-9.990E+02, 1.000E+00,-9.990E+02, 0.000E+00, 0.000E+00, 0.000E+00, 1.000E+00, 0.000E+00, 0.000E+00, 0.000E+00, 0.000E+00, 3.623E+02, 6.835E+01, 1.429E-03, 0.000E+00, 7.000E+02, 1.115E-03, 5.618E-02
31/01/2019,02:00,9,2.326,2.826,-7.771,.909,.031, 1.006E+03, 1.268E+02, 1.129E-03, 2.408E-01, 0.000E+00, 0.000E+00, 0.000E+00, 0.000E+00,-1.337E+01,-4.422E+00, 2.409E+00, 1.416E-01, 1.000E-01,-9.990E+02, 1.000E+00,-9.990E+02, 0.000E+00, 0.000E+00, 0.000E+00, 1.000E+00, 0.000E+00, 0.000E+00, 0.000E+00, 0.000E+00, 3.635E+02, 6.835E+01, 1.429E-03, 0.000E+00, 7.000E+02, 1.115E-03, 6.436E-02
31/01/2019,03:00,9,2.326,2.826,-8.821,.906,.030, 1.006E+03, 1.200E+02, 6.347E-03, 2.403E-01, 0.000E+00, 0.000E+00, 0.000E+00, 0.000E+00,-1.848E+01,-5.623E+00, 2.467E+00, 1.925E-01, 1.000E-01,-9.990E+02, 1.000E+00,-9.990E+02, 0.000E+00, 0.000E+00, 0.000E+00, 1.000E+00, 0.000E+00, 0.000E+00, 0.000E+00, 0.000E+00, 2.758E+02, 6.835E+01, 1.429E-03, 0.000E+00, 7.000E+02, 1.125E-03, 8.634E-02
31/01/2019,04:00,9,2.326,2.826,-8.645,.903,.031, 1.007E+03, 1.127E+02, 6.347E-03, 2.406E-01, 0.000E+00, 0.000E+00, 0.000E+00, 0.000E+00,-1.848E+01,-5.623E+00, 2.476E+00, 1.926E-01, 1.000E-01,-9.990E+02, 1.000E+00,-9.990E+02, 0.000E+00, 0.000E+00, 0.000E+00, 1.000E+00, 0.000E+00, 0.000E+00, 0.000E+00, 0.000E+00, 2.757E+02, 6.835E+01, 1.429E-03, 0.000E+00, 7.000E+02, 1.125E-03, 1.328E-01
31/01/2019,05:00,9,2.326,2.826,-8.469,.899,.033, 1.007E+03, 1.052E+02, 6.347E-03, 2.408E-01, 0.000E+00, 0.000E+00, 0.000E+00, 0.000E+00,-1.848E+01,-5.623E+00, 2.495E+00, 1.926E-01, 1.000E-01,-9.990E+02, 1.000E+00,-9.990E+02, 0.000E+00, 0.000E+00, 0.000E+00, 1.000E+00, 0.000E+00, 0.000E+00, 0.000E+00, 0.000E+00, 2.756E+02, 6.835E+01, 1.429E-03, 0.000E+00, 7.000E+02, 1.125E-03, 2.055E-01
31/01/2019,06:00,9,2.326,2.826,-8.293,.896,.034, 1.007E+03, 9.799E+01, 1.444E-02, 2.411E-01, 0.000E+00, 0.000E+00, 0.000E+00, 0.000E+00,-1.507E+01,-4.285E+00, 2.525E+00, 2.381E-01, 1.176E-01,-9.990E+02, 1.000E+00,-9.990E+02, 0.000E+00, 0.000E+00, 0.000E+00, 1.000E+00, 0.000E+00, 0.000E+00, 0.000E+00, 0.000E+00, 1.825E+02, 5.811E+01, 1.429E-03, 0.000E+00, 7.000E+02, 1.169E-03, 3.503E-01
31/01/2019,07:00,9,2.326,2.826,-7.403,.888,.039, 1.007E+03, 9.133E+01, 1.444E-02, 2.411E-01, 0.000E+00, 0.000E+00, 0.000E+00, 0.000E+00,-1.507E+01,-4.285E+00, 2.290E+00, 2.384E-01, 1.068E-01,-9.990E+02, 1.000E+00,-9.990E+02, 0.000E+00, 0.000E+00, 0.000E+00, 1.000E+00, 0.000E+00, 0.000E+00, 0.000E+00, 0.000E+00, 2.008E+02, 6.400E+01, 1.429E-03, 0.000E+00, 7.000E+02, 1.147E-03, 5.424E-01
31/01/2019,08:00,9,2.326,2.826,-6.513,.880,.045, 1.007E+03, 8.559E+01, 1.444E-02, 2.411E-01, 1.186E+00, 1.275E+01, 1.295E+01, 5.236E+00,-1.507E+01,-4.285E+00, 2.222E+00, 2.388E-01, 1.037E-01, 6.612E-02, 1.000E+00, 2.082E-01, 4.128E-01, 1.000E-02, 1.000E+00, 1.000E+00, 2.082E-03, 1.246E-05, 2.471E-05, 0.000E+00, 2.065E+02, 6.590E+01, 1.429E-03, 3.976E-05, 6.810E+02, 1.166E-03, 6.631E-01
31/01/2019,09:00,9,2.326,2.826,-5.624,.872,.052, 1.008E+03, 8.112E+01, 1.763E-02, 2.411E-01, 6.269E+00, 2.978E+01, 3.271E+01, 1.240E+01,-1.999E+00,-2.715E+00, 2.335E+00, 3.165E-01, 1.365E-01, 1.326E-01, 1.000E+00, 4.446E-01, 7.395E-01, 1.000E-02, 1.000E+00, 1.000E+00, 4.446E-03, 2.670E-05, 4.441E-05, 0.000E+00, 1.252E+02, 5.006E+01, 1.429E-03, 8.517E-05, 6.606E+02, 1.263E-03, 7.132E-01
31/01/2019,10:00,9,2.326,2.826,-4.783,.865,.058, 1.008E+03, 7.824E+01, 1.763E-02, 2.411E-01, 1.106E+01, 4.264E+01, 4.496E+01, 1.784E+01,-1.999E+00,-2.715E+00, 2.362E+00, 3.170E-01, 1.381E-01, 1.747E-01, 1.000E+00, 5.762E-01, 8.427E-01, 1.000E-02, 1.000E+00, 1.000E+00, 5.762E-03, 3.471E-05, 5.077E-05, 0.000E+00, 1.238E+02, 4.948E+01, 1.429E-03, 1.107E-04, 6.496E+02, 1.283E-03, 3.246E-01
31/01/2019,11:00,9,2.326,2.826,-3.942,.858,.065, 1.008E+03, 7.717E+01, 1.763E-02, 2.411E-01, 1.298E+01, 4.746E+01, 4.909E+01, 1.987E+01,-1.999E+00,-2.715E+00, 2.434E+00, 3.174E-01, 1.424E-01, 1.900E-01, 1.000E+00, 6.171E-01, 8.672E-01, 1.000E-02, 1.000E+00, 1.000E+00, 6.171E-03, 3.729E-05, 5.241E-05, 0.000E+00, 1.201E+02, 4.801E+01, 1.429E-03, 1.190E-04, 6.462E+02, 1.295E-03, 1.461E-01
31/01/2019,12:00,9,2.326,2.826,-3.102,.852,.072, 1.008E+03, 7.800E+01, 1.572E-02, 2.411E-01, 3.308E+01, 4.716E+01, 1.003E+02, 2.075E+01,-7.822E+00, 5.116E+00, 2.547E+00, 3.391E-01, 1.442E-01, 1.781E-01, 1.000E+00, 6.470E-01, 9.839E-01, 1.000E-02, 1.000E+00, 1.000E+00, 6.470E-03, 3.922E-05, 5.964E-05, 0.000E+00, 1.226E+02, 4.742E+01, 1.429E-03, 1.251E-04, 6.436E+02, 1.302E-03, 1.323E-01
31/01/2019,13:00,9,2.326,2.826,-3.078,.864,.066, 1.008E+03, 8.067E+01, 1.572E-02, 2.396E-01, 2.008E+01, 3.622E+01, 7.766E+01, 1.572E+01,-7.822E+00, 5.116E+00, 2.491E+00, 3.391E-01, 1.410E-01, 1.393E-01, 1.000E+00, 5.434E-01, 9.590E-01, 1.000E-02, 1.000E+00, 1.000E+00, 5.434E-03, 3.295E-05, 5.814E-05, 0.000E+00, 1.253E+02, 4.849E+01, 1.429E-03, 1.051E-04, 6.520E+02, 1.283E-03, 1.256E-01
31/01/2019,14:00,9,2.326,2.826,-3.055,.876,.061, 1.008E+03, 8.496E+01, 1.572E-02, 2.381E-01, 4.175E+00, 1.845E+01, 3.145E+01, 7.711E+00,-7.822E+00, 5.116E+00, 2.445E+00, 3.390E-01, 1.384E-01, 7.559E-02, 1.000E+00, 3.061E-01, 7.258E-01, 1.000E-02, 1.000E+00, 1.000E+00, 3.061E-03, 1.856E-05, 4.400E-05, 0.000E+00, 1.277E+02, 4.939E+01, 1.429E-03, 5.921E-05, 6.721E+02, 1.247E-03, 1.006E-01
31/01/2019,15:00,9,2.326,2.826,-3.031,.887,.055, 1.009E+03, 9.055E+01, 3.364E-03, 2.365E-01, 0.000E+00, 0.000E+00, 0.000E+00, 0.000E+00,-2.498E+01,-3.281E+00, 2.411E+00, 2.922E-01, 1.149E-01,-9.990E+02, 1.000E+00,-9.990E+02, 0.000E+00, 0.000E+00, 0.000E+00, 1.000E+00, 0.000E+00, 0.000E+00, 0.000E+00, 0.000E+00, 1.825E+02, 5.948E+01, 1.429E-03, 0.000E+00, 7.000E+02, 1.164E-03, 7.811E-02
31/01/2019,16:00,9,2.326,2.826,-3.482,.904,.045, 1.009E+03, 9.711E+01, 3.364E-03, 2.365E-01, 0.000E+00, 0.000E+00, 0.000E+00, 0.000E+00,-2.498E+01,-3.281E+00, 2.559E+00, 2.920E-01, 1.219E-01,-9.990E+02, 1.000E+00,-9.990E+02, 0.000E+00, 0.000E+00, 0.000E+00, 1.000E+00, 0.000E+00, 0.000E+00, 0.000E+00, 0.000E+00, 1.721E+02, 5.606E+01, 1.429E-03, 0.000E+00, 7.000E+02, 1.177E-03, 6.277E-02
31/01/2019,17:00,9,2.326,2.826,-3.933,.920,.036, 1.009E+03, 1.043E+02, 3.364E-03, 2.365E-01, 0.000E+00, 0.000E+00, 0.000E+00, 0.000E+00,-2.498E+01,-3.281E+00, 2.721E+00, 2.917E-01, 1.296E-01,-9.990E+02, 1.000E+00,-9.990E+02, 0.000E+00, 0.000E+00, 0.000E+00, 1.000E+00, 0.000E+00, 0.000E+00, 0.000E+00, 0.000E+00, 1.620E+02, 5.274E+01, 1.429E-03, 0.000E+00, 7.000E+02, 1.189E-03, 2.209E-02
31/01/2019,18:00,9,2.326,2.826,-4.384,.937,.028, 1.009E+03, 1.117E+02, 2.275E-02, 2.365E-01, 0.000E+00, 0.000E+00, 0.000E+00, 0.000E+00,-1.905E+01, 1.951E+00, 2.896E+00, 3.613E-01, 1.565E-01,-9.990E+02, 1.000E+00,-9.990E+02, 0.000E+00, 0.000E+00, 0.000E+00, 1.000E+00, 0.000E+00, 0.000E+00, 0.000E+00, 0.000E+00, 1.183E+02, 4.368E+01, 1.429E-03, 0.000E+00, 7.000E+02, 1.226E-03, 1.745E-02
31/01/2019,19:00,9,2.326,2.826,-3.792,.920,.037, 1.009E+03, 1.191E+02, 2.275E-02, 2.365E-01, 0.000E+00, 0.000E+00, 0.000E+00, 0.000E+00,-1.905E+01, 1.951E+00, 2.831E+00, 3.617E-01, 1.530E-01,-9.990E+02, 1.000E+00,-9.990E+02, 0.000E+00, 0.000E+00, 0.000E+00, 1.000E+00, 0.000E+00, 0.000E+00, 0.000E+00, 0.000E+00, 1.209E+02, 4.467E+01, 1.429E-03, 0.000E+00, 7.000E+02, 1.223E-03, 4.528E-02
31/01/2019,20:00,9,2.326,2.826,-3.200,.902,.047, 1.009E+03, 1.259E+02, 2.275E-02, 2.365E-01, 0.000E+00, 0.000E+00, 0.000E+00, 0.000E+00,-1.905E+01, 1.951E+00, 2.779E+00, 3.621E-01, 1.503E-01,-9.990E+02, 1.000E+00,-9.990E+02, 0.000E+00, 0.000E+00, 0.000E+00, 1.000E+00, 0.000E+00, 0.000E+00, 0.000E+00, 0.000E+00, 1.231E+02, 4.549E+01, 1.429E-03, 0.000E+00, 7.000E+02, 1.219E-03, 5.363E-02
31/01/2019,21:00,9,2.326,2.826,-2.607,.885,.058, 1.009E+03, 1.315E+02, 5.496E-03, 2.365E-01, 0.000E+00, 0.000E+00, 0.000E+00, 0.000E+00,-2.611E+01, 5.959E-01, 2.741E+00, 3.085E-01, 1.336E-01,-9.990E+02, 1.000E+00,-9.990E+02, 0.000E+00, 0.000E+00, 0.000E+00, 1.000E+00, 0.000E+00, 0.000E+00, 0.000E+00, 0.000E+00, 1.535E+02, 5.115E+01, 1.429E-03, 0.000E+00, 7.000E+02, 1.195E-03, 8.716E-02
31/01/2019,22:00,9,2.326,2.826,-2.691,.884,.058, 1.009E+03, 1.354E+02, 5.496E-03, 2.365E-01, 0.000E+00, 0.000E+00, 0.000E+00, 0.000E+00,-2.611E+01, 5.959E-01, 2.819E+00, 3.084E-01, 1.374E-01,-9.990E+02, 1.000E+00,-9.990E+02, 0.000E+00, 0.000E+00, 0.000E+00, 1.000E+00, 0.000E+00, 0.000E+00, 0.000E+00, 0.000E+00, 1.493E+02, 4.975E+01, 1.429E-03, 0.000E+00, 7.000E+02, 1.201E-03, 1.022E-01
31/01/2019,23:00,9,2.326,2.826,-2.776,.883,.059, 1.009E+03, 1.369E+02, 5.496E-03, 2.365E-01, 0.000E+00, 0.000E+00, 0.000E+00, 0.000E+00,-2.611E+01, 5.959E-01, 2.939E+00, 3.083E-01, 1.433E-01,-9.990E+02, 1.000E+00,-9.990E+02, 0.000E+00, 0.000E+00, 0.000E+00, 1.000E+00, 0.000E+00, 0.000E+00, 0.000E+00, 0.000E+00, 1.432E+02, 4.772E+01, 1.429E-03, 0.000E+00, 7.000E+02, 1.209E-03, 9.457E-02
01/02/2019,00:00,9,2.337,2.837,-2.860,.882,.059, 1.009E+03, 1.357E+02, 1.588E-03, 2.365E-01, 0.000E+00, 0.000E+00, 0.000E+00, 0.000E+00,-3.479E+01, 3.607E+00, 3.097E+00, 3.481E-01, 1.530E-01,-9.990E+02, 1.000E+00,-9.990E+02, 0.000E+00, 0.000E+00, 0.000E+00, 1.000E+00, 0.000E+00, 0.000E+00, 0.000E+00, 0.000E+00, 1.323E+02, 4.468E+01, 1.429E-03, 0.000E+00, 7.000E+02, 1.221E-03, 8.078E-02
01/02/2019,01:00,9,2.337,2.837,-3.058,.881,.058, 1.009E+03, 1.320E+02, 1.588E-03, 2.360E-01, 0.000E+00, 0.000E+00, 0.000E+00, 0.000E+00,-3.479E+01, 3.607E+00, 2.945E+00, 3.480E-01, 1.454E-01,-9.990E+02, 1.000E+00,-9.990E+02, 0.000E+00, 0.000E+00, 0.000E+00, 1.000E+00, 0.000E+00, 0.000E+00, 0.000E+00, 0.000E+00, 1.392E+02, 4.699E+01, 1.429E-03, 0.000E+00, 7.000E+02, 1.212E-03, 4.764E-02
01/02/2019,02:00,9,2.337,2.837,-3.256,.880,.058, 1.009E+03, 1.265E+02, 1.588E-03, 2.355E-01, 0.000E+00, 0.000E+00, 0.000E+00, 0.000E+00,-3.479E+01, 3.607E+00, 2.886E+00, 3.478E-01, 1.425E-01,-9.990E+02, 1.000E+00,-9.990E+02, 0.000E+00, 0.000E+00, 0.000E+00, 1.000E+00, 0.000E+00, 0.000E+00, 0.000E+00, 0.000E+00, 1.421E+02, 4.797E+01, 1.429E-03, 0.000E+00, 7.000E+02, 1.208E-03, 5.556E-02
01/02/2019,03:00,9,2.337,2.837,-3.454,.879,.057, 1.009E+03, 1.198E+02, 2.866E-03, 2.350E-01, 0.000E+00, 0.000E+00, 0.000E+00, 0.000E+00,-2.812E+01, 4.641E+00, 2.925E+00, 3.597E-01, 1.513E-01,-9.990E+02, 1.000E+00,-9.990E+02, 0.000E+00, 0.000E+00, 0.000E+00, 1.000E+00, 0.000E+00, 0.000E+00, 0.000E+00, 0.000E+00, 1.278E+02, 4.518E+01, 1.429E-03, 0.000E+00, 7.000E+02, 1.220E-03, 5.950E-02
01/02/2019,04:00,9,2.337,2.837,-3.138,.860,.068, 1.009E+03, 1.125E+02, 2.866E-03, 2.350E-01, 0.000E+00, 0.000E+00, 0.000E+00, 0.000E+00,-2.812E+01, 4.641E+00, 3.122E+00, 3.600E-01, 1.615E-01,-9.990E+02, 1.000E+00,-9.990E+02, 0.000E+00, 0.000E+00, 0.000E+00, 1.000E+00, 0.000E+00, 0.000E+00, 0.000E+00, 0.000E+00, 1.197E+02, 4.232E+01, 1.429E-03, 0.000E+00, 7.000E+02, 1.231E-03, 6.040E-02
01/02/2019,05:00,9,2.337,2.837,-2.821,.840,.079, 1.009E+03, 1.050E+02, 2.866E-03, 2.350E-01, 0.000E+00, 0.000E+00, 0.000E+00, 0.000E+00,-2.812E+01, 4.641E+00, 3.320E+00, 3.602E-01, 1.718E-01,-9.990E+02, 1.000E+00,-9.990E+02, 0.000E+00, 0.000E+00, 0.000E+00, 1.000E+00, 0.000E+00, 0.000E+00, 0.000E+00, 0.000E+00, 1.125E+02, 3.978E+01, 1.429E-03, 0.000E+00, 7.000E+02, 1.241E-03, 8.621E-02
01/02/2019,06:00,9,2.337,2.837,-2.505,.821,.091, 1.009E+03, 9.776E+01, 4.143E-03, 2.350E-01, 0.000E+00, 0.000E+00, 0.000E+00, 0.000E+00,-3.223E+01, 5.565E+00, 3.519E+00, 5.532E-01, 1.997E-01,-9.990E+02, 1.000E+00,-9.990E+02, 0.000E+00, 0.000E+00, 0.000E+00, 1.000E+00, 0.000E+00, 0.000E+00, 0.000E+00, 0.000E+00, 8.826E+01, 3.423E+01, 1.429E-03, 0.000E+00, 7.000E+02, 1.266E-03, 1.181E-01
01/02/2019,07:00,9,2.337,2.837,-2.215,.827,.090, 1.009E+03, 9.108E+01, 4.143E-03, 2.350E-01, 0.000E+00, 0.000E+00, 0.000E+00, 0.000E+00,-3.223E+01, 5.565E+00, 3.775E+00, 5.535E-01, 2.142E-01,-9.990E+02, 1.000E+00,-9.990E+02, 0.000E+00, 0.000E+00, 0.000E+00, 1.000E+00, 0.000E+00, 0.000E+00, 0.000E+00, 0.000E+00, 8.228E+01, 3.191E+01, 1.429E-03, 0.000E+00, 7.000E+02, 1.276E-03, 4.110E-02
01/02/2019,08:00,9,2.337,2.837,-1.925,.834,.088, 1.009E+03, 8.533E+01, 4.143E-03, 2.350E-01, 8.557E-01, 1.171E+01, 1.004E+01, 4.782E+00,-3.223E+01, 5.565E+00, 4.031E+00, 5.538E-01, 2.288E-01, 6.963E-02, 1.000E+00, 1.897E-01, 3.383E-01, 1.000E-02, 1.000E+00, 1.000E+00, 1.897E-03, 1.155E-05, 2.060E-05, 0.000E+00, 7.703E+01, 2.988E+01, 1.429E-03, 3.701E-05, 6.823E+02, 1.314E-03, 1.929E-02
01/02/2019,09:00,9,2.337,2.837,-1.635,.840,.087, 1.009E+03, 8.085E+01, 2.635E-02, 2.350E-01, 6.011E-01, 1.761E+01, 9.041E+00, 7.150E+00, 2.805E-02, 1.636E+01, 4.289E+00, 7.467E-01, 2.547E-01, 1.360E-01, 1.000E+00, 2.624E-01, 3.105E-01, 1.000E-02, 1.000E+00, 1.000E+00, 2.624E-03, 1.599E-05, 1.893E-05, 0.000E+00, 6.609E+01, 2.683E+01, 1.429E-03, 5.125E-05, 6.758E+02, 1.340E-03, 1.307E-02
01/02/2019,10:00,9,2.337,2.837,-1.730,.841,.086, 1.009E+03, 7.796E+01, 2.635E-02, 2.350E-01, 1.040E+00, 2.580E+01, 1.297E+01, 1.048E+01, 2.805E-02, 1.636E+01, 4.531E+00, 7.466E-01, 2.691E-01, 1.779E-01, 1.000E+00, 3.614E-01, 4.135E-01, 1.000E-02, 1.000E+00, 1.000E+00, 3.614E-03, 2.202E-05, 2.519E-05, 0.000E+00, 6.256E+01, 2.540E+01, 1.429E-03, 7.058E-05, 6.670E+02, 1.363E-03, 1.059E-02
01/02/2019,11:00,9,2.337,2.837,-1.824,.842,.085, 1.008E+03, 7.688E+01, 2.635E-02, 2.350E-01, 1.215E+00, 2.892E+01, 1.442E+01, 1.175E+01, 2.805E-02, 1.636E+01, 4.779E+00, 7.466E-01, 2.838E-01, 1.931E-01, 1.000E+00, 3.956E-01, 4.475E-01, 1.000E-02, 1.000E+00, 1.000E+00, 3.956E-03, 2.410E-05, 2.726E-05, 0.000E+00, 5.932E+01, 2.408E+01, 1.429E-03, 7.723E-05, 6.641E+02, 1.375E-03, 8.957E-03
01/02/2019,12:00,9,2.337,2.837,-1.919,.842,.084, 1.008E+03, 7.771E+01, 6.109E-01, 2.350E-01, 1.570E+00, 2.848E+01, 1.528E+01, 1.159E+01,-5.104E+00, 1.317E+01, 5.030E+00, 7.802E-01, 2.980E-01, 1.814E-01, 1.000E+00, 3.950E-01, 4.666E-01, 1.000E-02, 1.000E+00, 1.000E+00, 3.950E-03, 2.405E-05, 2.841E-05, 0.000E+00, 5.665E+01, 2.294E+01, 1.429E-03, 7.709E-05, 6.642E+02, 1.381E-03, 6.461E-03
01/02/2019,13:00,9,2.337,2.837,-2.239,.857,.074, 1.008E+03, 8.039E+01, 6.109E-01, 2.370E-01, 9.730E-01, 2.036E+01, 1.119E+01, 8.280E+00,-5.104E+00, 1.317E+01, 5.013E+00, 7.799E-01, 2.970E-01, 1.428E-01, 1.000E+00, 3.001E-01, 3.689E-01, 1.000E-02, 1.000E+00, 1.000E+00, 3.001E-03, 1.825E-05, 2.244E-05, 0.000E+00, 5.685E+01, 2.302E+01, 1.429E-03, 5.849E-05, 6.725E+02, 1.365E-03, 1.393E-02
01/02/2019,14:00,9,2.337,2.837,-2.558,.871,.065, 1.007E+03, 8.468E+01, 6.109E-01, 2.391E-01, 2.242E-01, 8.667E+00, 4.724E+00, 3.516E+00,-5.104E+00, 1.317E+01, 5.008E+00, 7.797E-01, 2.967E-01, 7.941E-02, 1.000E+00, 1.380E-01, 1.766E-01, 1.000E-02, 1.000E+00, 1.000E+00, 1.380E-03, 8.381E-06, 1.073E-05, 0.000E+00, 5.691E+01, 2.304E+01, 1.429E-03, 2.686E-05, 6.871E+02, 1.338E-03, 3.673E-02
01/02/2019,15:00,9,2.337,2.837,-2.878,.885,.057, 1.006E+03, 9.028E+01, 6.569E-01, 2.411E-01, 0.000E+00, 0.000E+00, 0.000E+00, 0.000E+00,-1.330E+01, 8.872E+00, 5.015E+00, 7.349E-01, 2.954E-01,-9.990E+02, 1.000E+00,-9.990E+02, 0.000E+00, 0.000E+00, 0.000E+00, 1.000E+00, 0.000E+00, 0.000E+00, 0.000E+00, 0.000E+00, 5.746E+01, 2.314E+01, 1.429E-03, 0.000E+00, 7.000E+02, 1.315E-03, 3.895E-02
01/02/2019,16:00,9,2.337,2.837,-2.809,.890,.055, 1.006E+03, 9.684E+01, 6.569E-01, 2.444E-01, 0.000E+00, 0.000E+00, 0.000E+00, 0.000E+00,-1.330E+01, 8.872E+00, 4.832E+00, 7.351E-01, 2.846E-01,-9.990E+02, 1.000E+00,-9.990E+02, 0.000E+00, 0.000E+00, 0.000E+00, 1.000E+00, 0.000E+00, 0.000E+00, 0.000E+00, 0.000E+00, 5.964E+01, 2.402E+01, 1.429E-03, 0.000E+00, 7.000E+02, 1.311E-03, 1.900E-02
01/02/2019,17:00,9,2.337,2.837,-2.740,.894,.053, 1.006E+03, 1.040E+02, 6.569E-01, 2.477E-01, 0.000E+00, 0.000E+00, 0.000E+00, 0.000E+00,-1.330E+01, 8.872E+00, 4.649E+00, 7.354E-01, 2.739E-01,-9.990E+02, 1.000E+00,-9.990E+02, 0.000E+00, 0.000E+00, 0.000E+00, 1.000E+00, 0.000E+00, 0.000E+00, 0.000E+00, 0.000E+00, 6.199E+01, 2.496E+01, 1.429E-03, 0.000E+00, 7.000E+02, 1.307E-03, 1.123E-02
01/02/2019,18:00,9,2.337,2.837,-2.671,.899,.051, 1.005E+03, 1.115E+02, 8.529E-01, 2.510E-01, 0.000E+00, 0.000E+00, 0.000E+00, 0.000E+00,-1.405E+01, 1.613E+00, 4.467E+00, 5.489E-01, 2.599E-01,-9.990E+02, 1.000E+00,-9.990E+02, 0.000E+00, 0.000E+00, 0.000E+00, 1.000E+00, 0.000E+00, 0.000E+00, 0.000E+00, 0.000E+00, 6.615E+01, 2.630E+01, 1.429E-03, 0.000E+00, 7.000E+02, 1.300E-03, 1.540E-02
01/02/2019,19:00,9,2.337,2.837,-2.277,.912,.045, 1.005E+03, 1.188E+02, 8.529E-01, 2.553E-01, 0.000E+00, 0.000E+00, 0.000E+00, 0.000E+00,-1.405E+01, 1.613E+00, 4.060E+00, 5.494E-01, 2.362E-01,-9.990E+02, 1.000E+00,-9.990E+02, 0.000E+00, 0.000E+00, 0.000E+00, 1.000E+00, 0.000E+00, 0.000E+00, 0.000E+00, 0.000E+00, 7.277E+01, 2.894E+01, 1.429E-03, 0.000E+00, 7.000E+02, 1.289E-03, 3.189E-02
01/02/2019,20:00,9,2.337,2.837,-1.882,.926,.040, 1.005E+03, 1.256E+02, 8.529E-01, 2.597E-01, 0.000E+00, 0.000E+00, 0.000E+00, 0.000E+00,-1.405E+01, 1.613E+00, 3.655E+00, 5.498E-01, 2.127E-01,-9.990E+02, 1.000E+00,-9.990E+02, 0.000E+00, 0.000E+00, 0.000E+00, 1.000E+00, 0.000E+00, 0.000E+00, 0.000E+00, 0.000E+00, 8.083E+01, 3.214E+01, 1.429E-03, 0.000E+00, 7.000E+02, 1.275E-03, 2.582E-02
01/02/2019,21:00,9,2.337,2.837,-1.488,.939,.033, 1.005E+03, 1.313E+02, 4.503E-01, 2.640E-01, 0.000E+00, 0.000E+00, 0.000E+00, 0.000E+00,-1.640E+01,-2.185E+00, 3.252E+00, 4.433E-01, 1.846E-01,-9.990E+02, 1.000E+00,-9.990E+02, 0.000E+00, 0.000E+00, 0.000E+00, 1.000E+00, 0.000E+00, 0.000E+00, 0.000E+00, 0.000E+00, 9.546E+01, 3.703E+01, 1.429E-03, 0.000E+00, 7.000E+02, 1.254E-03, 4.536E-02
01/02/2019,22:00,9,2.337,2.837,-1.117,.939,.034, 1.005E+03, 1.351E+02, 4.503E-01, 2.660E-01, 0.000E+00, 0.000E+00, 0.000E+00, 0.000E+00,-1.640E+01,-2.185E+00, 3.183E+00, 4.436E-01, 1.807E-01,-9.990E+02, 1.000E+00,-9.990E+02, 0.000E+00, 0.000E+00, 0.000E+00, 1.000E+00, 0.000E+00, 0.000E+00, 0.000E+00, 0.000E+00, 9.751E+01, 3.783E+01, 1.429E-03, 0.000E+00, 7.000E+02, 1.251E-03, 4.273E-02
01/02/2019,23:00,9,2.337,2.837,-.747,.940,.035, 1.004E+03, 1.366E+02, 4.503E-01, 2.681E-01, 0.000E+00, 0.000E+00, 0.000E+00, 0.000E+00,-1.640E+01,-2.185E+00, 3.160E+00, 4.439E-01, 1.794E-01,-9.990E+02, 1.000E+00,-9.990E+02, 0.000E+00, 0.000E+00, 0.000E+00, 1.000E+00, 0.000E+00, 0.000E+00, 0.000E+00, 0.000E+00, 9.820E+01, 3.811E+01, 5.201E-03, 0.000E+00, 1.923E+02, 3.419E-03, 2.650E-02
02/02/2019,00:00,9,2.348,2.848,-.376,.940,.036, 1.004E+03, 1.354E+02, 1.887E-01, 2.701E-01, 0.000E+00, 0.000E+00, 0.000E+00, 0.000E+00,-1.735E+01,-1.560E+00, 3.184E+00, 4.655E-01, 1.814E-01,-9.990E+02, 1.000E+00,-9.990E+02, 0.000E+00, 0.000E+00, 0.000E+00, 1.000E+00, 0.000E+00, 0.000E+00, 0.000E+00, 0.000E+00, 9.677E+01, 3.768E+01, 6.012E-03, 0.000E+00, 1.663E+02, 3.768E-03, 7.233E-02
02/02/2019,01:00,9,2.348,2.848,-.240,.942,.035, 1.004E+03, 1.318E+02, 1.887E-01, 2.719E-01, 0.000E+00, 0.000E+00, 0.000E+00, 0.000E+00,-1.735E+01,-1.560E+00, 3.126E+00, 4.656E-01, 1.781E-01,-9.990E+02, 1.000E+00,-9.990E+02, 0.000E+00, 0.000E+00, 0.000E+00, 1.000E+00, 0.000E+00, 0.000E+00, 0.000E+00, 0.000E+00, 9.854E+01, 3.837E+01, 6.377E-03, 0.000E+00, 1.568E+02, 3.881E-03, 7.050E-02
02/02/2019,02:00,9,2.348,2.848,-.104,.945,.034, 1.004E+03, 1.263E+02, 1.887E-01, 2.737E-01, 0.000E+00, 0.000E+00, 0.000E+00, 0.000E+00,-1.735E+01,-1.560E+00, 3.075E+00, 4.657E-01, 1.752E-01,-9.990E+02, 1.000E+00,-9.990E+02, 0.000E+00, 0.000E+00, 0.000E+00, 1.000E+00, 0.000E+00, 0.000E+00, 0.000E+00, 0.000E+00, 1.002E+02, 3.901E+01, 6.790E-03, 0.000E+00, 1.473E+02, 4.003E-03, 6.492E-02
02/02/2019,03:00,9,2.348,2.848,.032,.947,.032, 1.004E+03, 1.196E+02, 9.791E-02, 2.754E-01, 0.000E+00, 0.000E+00, 0.000E+00, 0.000E+00,-1.337E+01,-3.600E+00, 3.030E+00, 3.540E-01, 1.675E-01,-9.990E+02, 1.000E+00,-9.990E+02, 0.000E+00, 0.000E+00, 0.000E+00, 1.000E+00, 0.000E+00, 0.000E+00, 0.000E+00, 0.000E+00, 1.080E+02, 4.080E+01, 7.260E-03, 0.000E+00, 1.377E+02, 4.077E-03, 5.016E-02
02/02/2019,04:00,9,2.348,2.848,.056,.954,.028, 1.004E+03, 1.123E+02, 9.791E-02, 2.759E-01, 0.000E+00, 0.000E+00, 0.000E+00, 0.000E+00,-1.337E+01,-3.600E+00, 2.799E+00, 3.540E-01, 1.547E-01,-9.990E+02, 1.000E+00,-9.990E+02, 0.000E+00, 0.000E+00, 0.000E+00, 1.000E+00, 0.000E+00, 0.000E+00, 0.000E+00, 0.000E+00, 1.169E+02, 4.418E+01, 7.349E-03, 0.000E+00, 1.361E+02, 3.960E-03, 3.472E-02
02/02/2019,05:00,9,2.348,2.848,.080,.962,.024, 1.004E+03, 1.048E+02, 9.791E-02, 2.765E-01, 0.000E+00, 0.000E+00, 0.000E+00, 0.000E+00,-1.337E+01,-3.600E+00, 2.571E+00, 3.540E-01, 1.421E-01,-9.990E+02, 1.000E+00,-9.990E+02, 0.000E+00, 0.000E+00, 0.000E+00, 1.000E+00, 0.000E+00, 0.000E+00, 0.000E+00, 0.000E+00, 1.273E+02, 4.809E+01, 7.439E-03, 0.000E+00, 1.344E+02, 3.829E-03, 2.027E-02
02/02/2019,06:00,9,2.348,2.848,.103,.969,.019, 1.004E+03, 9.752E+01, 6.788E-02, 2.770E-01, 0.000E+00, 0.000E+00, 0.000E+00, 0.000E+00,-9.351E+00,-3.866E+00, 2.347E+00, 3.162E-01, 1.299E-01,-9.990E+02, 1.000E+00,-9.990E+02, 0.000E+00, 0.000E+00, 0.000E+00, 1.000E+00, 0.000E+00, 0.000E+00, 0.000E+00, 0.000E+00, 1.391E+02, 5.261E+01, 7.532E-03, 0.000E+00, 1.328E+02, 3.685E-03, 2.158E-02
02/02/2019,07:00,9,2.348,2.848,.226,.965,.022, 1.005E+03, 9.083E+01, 6.788E-02, 2.775E-01, 0.000E+00, 0.000E+00, 0.000E+00, 0.000E+00,-9.351E+00,-3.866E+00, 2.446E+00, 3.162E-01, 1.354E-01,-9.990E+02, 1.000E+00,-9.990E+02, 0.000E+00, 0.000E+00, 0.000E+00, 1.000E+00, 0.000E+00, 0.000E+00, 0.000E+00, 0.000E+00, 1.334E+02, 5.048E+01, 8.055E-03, 0.000E+00, 1.241E+02, 3.888E-03, 2.683E-02
02/02/2019,08:00,9,2.348,2.848,.350,.960,.025, 1.005E+03, 8.507E+01, 6.788E-02, 2.780E-01, 1.591E+00, 1.436E+01, 1.514E+01, 5.876E+00,-9.351E+00,-3.866E+00, 2.552E+00, 3.162E-01, 1.413E-01, 7.319E-02, 1.000E+00, 2.329E-01, 4.634E-01, 1.000E-02, 1.000E+00, 1.000E+00, 2.329E-03, 1.430E-05, 2.845E-05, 0.000E+00, 1.279E+02, 4.838E+01, 8.656E-03, 4.604E-05, 1.149E+02, 4.125E-03, 3.662E-02
02/02/2019,09:00,9,2.348,2.848,.473,.956,.028, 1.005E+03, 8.058E+01, 1.917E-02, 2.785E-01, 1.706E+01, 3.670E+01, 6.778E+01, 1.567E+01,-3.309E+00,-1.414E+00, 2.665E+00, 4.083E-01, 1.564E-01, 1.393E-01, 1.000E+00, 5.396E-01, 9.384E-01, 1.000E-02, 1.000E+00, 1.000E+00, 5.396E-03, 3.315E-05, 5.764E-05, 0.000E+00, 1.090E+02, 4.371E+01, 9.353E-03, 1.067E-04, 1.057E+02, 4.540E-03, 1.089E-01
02/02/2019,10:00,9,2.348,2.848,.696,.935,.041, 1.005E+03, 7.767E+01, 1.917E-02, 2.785E-01, 2.891E+01, 4.943E+01, 8.903E+01, 2.134E+01,-3.309E+00,-1.414E+00, 2.651E+00, 4.084E-01, 1.556E-01, 1.811E-01, 1.000E+00, 6.549E-01, 9.743E-01, 1.000E-02, 1.000E+00, 1.000E+00, 6.549E-03, 4.026E-05, 5.990E-05, 0.000E+00, 1.095E+02, 4.393E+01, 1.096E-02, 1.296E-04, 9.021E+01, 4.869E-03, 1.112E-01
02/02/2019,11:00,9,2.348,2.848,.919,.915,.055, 1.005E+03, 7.659E+01, 1.917E-02, 2.785E-01, 3.363E+01, 5.408E+01, 9.590E+01, 2.341E+01,-3.309E+00,-1.414E+00, 2.665E+00, 4.086E-01, 1.564E-01, 1.964E-01, 1.000E+00, 6.894E-01, 9.806E-01, 1.000E-02, 1.000E+00, 1.000E+00, 6.894E-03, 4.242E-05, 6.033E-05, 0.000E+00, 1.089E+02, 4.370E+01, 1.322E-02, 1.366E-04, 7.488E+01, 5.279E-03, 1.077E-01
02/02/2019,12:00,9,2.348,2.848,1.143,.895,.070, 1.005E+03, 7.742E+01, 1.527E-02, 2.785E-01, 3.525E+00, 3.482E+01, 2.230E+01, 1.421E+01,-1.063E+01, 7.707E+00, 2.707E+00, 4.874E-01, 1.572E-01, 1.847E-01, 1.000E+00, 4.717E-01, 6.003E-01, 1.000E-02, 1.000E+00, 1.000E+00, 4.717E-03, 2.904E-05, 3.697E-05, 0.000E+00, 1.095E+02, 4.348E+01, 1.429E-02, 9.350E-05, 6.954E+01, 5.446E-03, 1.160E-01
02/02/2019,13:00,9,2.348,2.848,.927,.899,.066, 1.005E+03, 8.010E+01, 1.527E-02, 2.729E-01, 2.224E+00, 2.528E+01, 1.677E+01, 1.030E+01,-1.063E+01, 7.707E+00, 2.958E+00, 4.872E-01, 1.718E-01, 1.464E-01, 1.000E+00, 3.678E-01, 4.983E-01, 1.000E-02, 1.000E+00, 1.000E+00, 3.678E-03, 2.263E-05, 3.066E-05, 0.000E+00, 1.002E+02, 3.978E+01, 1.331E-02, 7.286E-05, 7.473E+01, 5.583E-03, 1.153E-01
02/02/2019,14:00,9,2.348,2.848,.711,.904,.062, 1.005E+03, 8.439E+01, 1.527E-02, 2.673E-01, 5.613E-01, 1.130E+01, 7.458E+00, 4.586E+00,-1.063E+01, 7.707E+00, 3.211E+00, 4.870E-01, 1.865E-01, 8.325E-02, 1.000E+00, 1.796E-01, 2.642E-01, 1.000E-02, 1.000E+00, 1.000E+00, 1.796E-03, 1.104E-05, 1.624E-05, 0.000E+00, 9.233E+01, 3.665E+01, 1.108E-02, 3.555E-05, 8.996E+01, 5.373E-03, 8.801E-02
02/02/2019,15:00,9,2.348,2.848,.495,.908,.058, 1.005E+03, 9.000E+01, 9.624E-02, 2.617E-01, 0.000E+00, 0.000E+00, 0.000E+00, 0.000E+00,-9.023E+00, 6.381E+00, 3.465E+00, 5.470E-01, 2.031E-01,-9.990E+02, 1.000E+00,-9.990E+02, 0.000E+00, 0.000E+00, 0.000E+00, 1.000E+00, 0.000E+00, 0.000E+00, 0.000E+00, 0.000E+00, 8.404E+01, 3.366E+01, 9.491E-03, 0.000E+00, 1.054E+02, 5.165E-03, 5.650E-02
02/02/2019,16:00,9,2.348,2.848,.167,.920,.049, 1.005E+03, 9.658E+01, 9.624E-02, 2.620E-01, 0.000E+00, 0.000E+00, 0.000E+00, 0.000E+00,-9.023E+00, 6.381E+00, 3.676E+00, 5.467E-01, 2.154E-01,-9.990E+02, 1.000E+00,-9.990E+02, 0.000E+00, 0.000E+00, 0.000E+00, 1.000E+00, 0.000E+00, 0.000E+00, 0.000E+00, 0.000E+00, 7.924E+01, 3.174E+01, 7.794E-03, 0.000E+00, 1.283E+02, 4.728E-03, 2.812E-02
02/02/2019,17:00,9,2.348,2.848,-.161,.932,.041, 1.005E+03, 1.038E+02, 9.624E-02, 2.622E-01, 0.000E+00, 0.000E+00, 0.000E+00, 0.000E+00,-9.023E+00, 6.381E+00, 3.939E+00, 5.464E-01, 2.308E-01,-9.990E+02, 1.000E+00,-9.990E+02, 0.000E+00, 0.000E+00, 0.000E+00, 1.000E+00, 0.000E+00, 0.000E+00, 0.000E+00, 0.000E+00, 7.395E+01, 2.962E+01, 6.612E-03, 0.000E+00, 1.512E+02, 4.369E-03, 2.390E-02
02/02/2019,18:00,9,2.348,2.848,-.488,.944,.033, 1.005E+03, 1.112E+02, 2.486E-01, 2.625E-01, 0.000E+00, 0.000E+00, 0.000E+00, 0.000E+00,-5.433E+00, 1.343E+01, 4.245E+00, 6.695E-01, 2.510E-01,-9.990E+02, 1.000E+00,-9.990E+02, 0.000E+00, 0.000E+00, 0.000E+00, 1.000E+00, 0.000E+00, 0.000E+00, 0.000E+00, 0.000E+00, 6.738E+01, 2.723E+01, 5.741E-03, 0.000E+00, 1.742E+02, 4.073E-03, 1.624E-02
02/02/2019,19:00,9,2.348,2.848,-.589,.938,.036, 1.005E+03, 1.186E+02, 2.486E-01, 2.637E-01, 0.000E+00, 0.000E+00, 0.000E+00, 0.000E+00,-5.433E+00, 1.343E+01, 4.347E+00, 6.695E-01, 2.570E-01,-9.990E+02, 1.000E+00,-9.990E+02, 0.000E+00, 0.000E+00, 0.000E+00, 1.000E+00, 0.000E+00, 0.000E+00, 0.000E+00, 0.000E+00, 6.580E+01, 2.660E+01, 5.519E-03, 0.000E+00, 1.812E+02, 3.986E-03, 4.424E-03
02/02/2019,20:00,9,2.348,2.848,-.689,.932,.039, 1.004E+03, 1.253E+02, 2.486E-01, 2.650E-01, 0.000E+00, 0.000E+00, 0.000E+00, 0.000E+00,-5.433E+00, 1.343E+01, 4.455E+00, 6.694E-01, 2.634E-01,-9.990E+02, 1.000E+00,-9.990E+02, 0.000E+00, 0.000E+00, 0.000E+00, 1.000E+00, 0.000E+00, 0.000E+00, 0.000E+00, 0.000E+00, 6.420E+01, 2.595E+01, 5.313E-03, 0.000E+00, 1.882E+02, 3.904E-03, 7.849E-03
02/02/2019,21:00,9,2.348,2.848,-.789,.926,.042, 1.004E+03, 1.310E+02, 5.667E-01, 2.663E-01, 0.000E+00, 0.000E+00, 0.000E+00, 0.000E+00,-7.468E+00, 1.523E+01, 4.570E+00, 7.401E-01, 2.702E-01,-9.990E+02, 1.000E+00,-9.990E+02, 0.000E+00, 0.000E+00, 0.000E+00, 1.000E+00, 0.000E+00, 0.000E+00, 0.000E+00, 0.000E+00, 6.259E+01, 2.530E+01, 5.122E-03, 0.000E+00, 1.952E+02, 3.824E-03, 9.392E-03
02/02/2019,22:00,9,2.348,2.848,-.888,.923,.044, 1.003E+03, 1.348E+02, 5.667E-01, 2.688E-01, 0.000E+00, 0.000E+00, 0.000E+00, 0.000E+00,-7.468E+00, 1.523E+01, 4.754E+00, 7.402E-01, 2.811E-01,-9.990E+02, 1.000E+00,-9.990E+02, 0.000E+00, 0.000E+00, 0.000E+00, 1.000E+00, 0.000E+00, 0.000E+00, 0.000E+00, 0.000E+00, 6.017E+01, 2.432E+01, 4.947E-03, 0.000E+00, 2.021E+02, 3.762E-03, 1.074E-02
02/02/2019,23:00,9,2.348,2.848,-.986,.920,.046, 1.003E+03, 1.363E+02, 5.667E-01, 2.714E-01, 0.000E+00, 0.000E+00, 0.000E+00, 0.000E+00,-7.468E+00, 1.523E+01, 4.941E+00, 7.403E-01, 2.921E-01,-9.990E+02, 1.000E+00,-9.990E+02, 0.000E+00, 0.000E+00, 0.000E+00, 1.000E+00, 0.000E+00, 0.000E+00, 0.000E+00, 0.000E+00, 5.790E+01, 2.340E+01, 4.784E-03, 0.000E+00, 2.090E+02, 3.699E-03, 1.248E-02
03/02/2019,00:00,9,2.358,2.858,-1.085,.917,.047, 1.002E+03, 1.351E+02, 7.591E-01, 2.739E-01, 0.000E+00, 0.000E+00, 0.000E+00, 0.000E+00,-9.225E+00, 1.344E+01, 5.129E+00, 7.378E-01, 3.029E-01,-9.990E+02, 1.000E+00,-9.990E+02, 0.000E+00, 0.000E+00, 0.000E+00, 1.000E+00, 0.000E+00, 0.000E+00, 0.000E+00, 0.000E+00, 5.590E+01, 2.256E+01, 1.429E-03, 0.000E+00, 7.000E+02, 1.317E-03, 1.119E-02
03/02/2019,01:00,9,2.358,2.858,-1.279,.915,.047, 1.002E+03, 1.315E+02, 7.591E-01, 2.864E-01, 0.000E+00, 0.000E+00, 0.000E+00, 0.000E+00,-9.225E+00, 1.344E+01, 5.133E+00, 7.378E-01, 3.031E-01,-9.990E+02, 1.000E+00,-9.990E+02, 0.000E+00, 0.000E+00, 0.000E+00, 1.000E+00, 0.000E+00, 0.000E+00, 0.000E+00, 0.000E+00, 5.586E+01, 2.255E+01, 1.429E-03, 0.000E+00, 7.000E+02, 1.317E-03, 1.193E-02
03/02/2019,02:00,9,2.358,2.858,-1.474,.913,.048, 1.001E+03, 1.260E+02, 7.591E-01, 2.988E-01, 0.000E+00, 0.000E+00, 0.000E+00, 0.000E+00,-9.225E+00, 1.344E+01, 5.151E+00, 7.377E-01, 3.042E-01,-9.990E+02, 1.000E+00,-9.990E+02, 0.000E+00, 0.000E+00, 0.000E+00, 1.000E+00, 0.000E+00, 0.000E+00, 0.000E+00, 0.000E+00, 5.566E+01, 2.247E+01, 1.429E-03, 0.000E+00, 7.000E+02, 1.318E-03, 1.373E-02
03/02/2019,03:00,9,2.358,2.858,-1.668,.911,.048, 1.001E+03, 1.193E+02, 1.369E+00, 3.113E-01, 0.000E+00, 0.000E+00, 0.000E+00, 0.000E+00,-9.152E+00, 1.320E+01, 5.183E+00, 7.786E-01, 3.064E-01,-9.990E+02, 1.000E+00,-9.990E+02, 0.000E+00, 0.000E+00, 0.000E+00, 1.000E+00, 0.000E+00, 0.000E+00, 0.000E+00, 0.000E+00, 5.522E+01, 2.231E+01, 1.429E-03, 0.000E+00, 7.000E+02, 1.318E-03, 6.832E-03
03/02/2019,04:00,9,2.358,2.858,-1.822,.910,.048, 1.000E+03, 1.120E+02, 1.369E+00, 3.182E-01, 0.000E+00, 0.000E+00, 0.000E+00, 0.000E+00,-9.152E+00, 1.320E+01, 5.164E+00, 7.786E-01, 3.053E-01,-9.990E+02, 1.000E+00,-9.990E+02, 0.000E+00, 0.000E+00, 0.000E+00, 1.000E+00, 0.000E+00, 0.000E+00, 0.000E+00, 0.000E+00, 5.542E+01, 2.239E+01, 1.429E-03, 0.000E+00, 7.000E+02, 1.318E-03, 8.302E-03
03/02/2019,05:00,9,2.358,2.858,-1.976,.909,.048, 9.998E+02, 1.045E+02, 1.369E+00, 3.250E-01, 0.000E+00, 0.000E+00, 0.000E+00, 0.000E+00,-9.152E+00, 1.320E+01, 5.168E+00, 7.786E-01, 3.054E-01,-9.990E+02, 1.000E+00,-9.990E+02, 0.000E+00, 0.000E+00, 0.000E+00, 1.000E+00, 0.000E+00, 0.000E+00, 0.000E+00, 0.000E+00, 5.539E+01, 2.238E+01, 1.429E-03, 0.000E+00, 7.000E+02, 1.318E-03, 1.007E-02
03/02/2019,06:00,9,2.358,2.858,-2.131,.908,.048, 9.993E+02, 9.727E+01, 5.959E-01, 3.319E-01, 0.000E+00, 0.000E+00, 0.000E+00, 0.000E+00,-1.017E+01, 1.042E+01, 5.193E+00, 7.464E-01, 3.066E-01,-9.990E+02, 1.000E+00,-9.990E+02, 0.000E+00, 0.000E+00, 0.000E+00, 1.000E+00, 0.000E+00, 0.000E+00, 0.000E+00, 0.000E+00, 5.525E+01, 2.230E+01, 1.429E-03, 0.000E+00, 7.000E+02, 1.319E-03, 1.299E-02
03/02/2019,07:00,9,2.358,2.858,-2.227,.900,.052, 9.995E+02, 9.058E+01, 5.959E-01, 3.347E-01, 0.000E+00, 0.000E+00, 0.000E+00, 0.000E+00,-1.017E+01, 1.042E+01, 5.037E+00, 7.462E-01, 2.974E-01,-9.990E+02, 1.000E+00,-9.990E+02, 0.000E+00, 0.000E+00, 0.000E+00, 1.000E+00, 0.000E+00, 0.000E+00, 0.000E+00, 0.000E+00, 5.697E+01, 2.299E+01, 1.429E-03, 0.000E+00, 7.000E+02, 1.315E-03, 2.028E-02
03/02/2019,08:00,9,2.358,2.858,-2.323,.893,.055, 9.997E+02, 8.480E+01, 5.959E-01, 3.375E-01, 6.469E-01, 1.124E+01, 8.124E+00, 4.552E+00,-1.017E+01, 1.042E+01, 4.986E+00, 7.460E-01, 2.944E-01, 7.680E-02, 1.000E+00, 1.794E-01, 2.840E-01, 1.000E-02, 1.000E+00, 1.000E+00, 1.794E-03, 1.091E-05, 1.727E-05, 0.000E+00, 5.755E+01, 2.322E+01, 1.429E-03, 3.528E-05, 6.831E+02, 1.344E-03, 3.081E-02
03/02/2019,09:00,9,2.358,2.858,-2.419,.886,.059, 9.999E+02, 8.030E+01, 3.952E-01, 3.403E-01, 3.555E+00, 2.792E+01, 2.195E+01, 1.140E+01, 9.109E+00, 1.306E+01, 5.045E+00, 7.688E-01, 3.008E-01, 1.428E-01, 1.000E+00, 4.059E-01, 5.946E-01, 1.000E-02, 1.000E+00, 1.000E+00, 4.059E-03, 2.467E-05, 3.614E-05, 0.000E+00, 5.555E+01, 2.273E+01, 1.429E-03, 7.977E-05, 6.630E+02, 1.384E-03, 6.045E-02
03/02/2019,10:00,9,2.358,2.858,-2.466,.866,.068, 1.000E+03, 7.738E+01, 3.952E-01, 3.423E-01, 5.902E+00, 3.946E+01, 2.965E+01, 1.615E+01, 9.109E+00, 1.306E+01, 5.227E+00, 7.685E-01, 3.116E-01, 1.844E-01, 1.000E+00, 5.257E-01, 7.047E-01, 1.000E-02, 1.000E+00, 1.000E+00, 5.257E-03, 3.195E-05, 4.282E-05, 0.000E+00, 5.361E+01, 2.193E+01, 1.429E-03, 1.033E-04, 6.528E+02, 1.408E-03, 8.315E-02
03/02/2019,11:00,9,2.358,2.858,-2.514,.846,.078, 1.001E+03, 7.629E+01, 3.952E-01, 3.444E-01, 6.832E+00, 4.381E+01, 3.235E+01, 1.793E+01, 9.109E+00, 1.306E+01, 5.481E+00, 7.682E-01, 3.268E-01, 1.996E-01, 1.000E+00, 5.644E-01, 7.357E-01, 1.000E-02, 1.000E+00, 1.000E+00, 5.644E-03, 3.429E-05, 4.469E-05, 0.000E+00, 5.113E+01, 2.092E+01, 1.429E-03, 1.109E-04, 6.496E+02, 1.420E-03, 9.885E-02
03/02/2019,12:00,9,2.358,2.858,-2.561,.826,.088, 1.002E+03, 7.712E+01, 7.589E-02, 3.464E-01, 5.884E+01, 4.824E+01, 1.542E+02, 2.224E+01, 1.863E+01, 2.789E+01, 5.796E+00, 8.547E-01, 3.462E-01, 1.880E-01, 1.000E+00, 6.743E-01, 9.982E-01, 1.000E-02, 1.000E+00, 1.000E+00, 6.743E-03, 4.096E-05, 6.064E-05, 0.000E+00, 4.809E+01, 1.974E+01, 1.429E-03, 1.325E-04, 6.406E+02, 1.445E-03, 1.288E-01
03/02/2019,13:00,9,2.358,2.858,-3.758,.817,.085, 1.003E+03, 7.980E+01, 7.589E-02, 3.365E-01, 3.776E+01, 3.982E+01, 1.246E+02, 1.792E+01, 1.863E+01, 2.789E+01, 5.620E+00, 8.524E-01, 3.357E-01, 1.500E-01, 1.000E+00, 5.923E-01, 9.940E-01, 1.000E-02, 1.000E+00, 1.000E+00, 5.923E-03, 3.582E-05, 6.012E-05, 0.000E+00, 4.960E+01, 2.036E+01, 1.429E-03, 1.158E-04, 6.475E+02, 1.427E-03, 1.145E-01
03/02/2019,14:00,9,2.358,2.858,-4.956,.807,.082, 1.004E+03, 8.411E+01, 7.589E-02, 3.266E-01, 1.034E+01, 2.422E+01, 6.064E+01, 1.030E+01, 1.863E+01, 2.789E+01, 5.463E+00, 8.500E-01, 3.263E-01, 8.710E-02, 1.000E+00, 3.951E-01, 9.174E-01, 1.000E-02, 1.000E+00, 1.000E+00, 3.951E-03, 2.379E-05, 5.523E-05, 0.000E+00, 5.102E+01, 2.095E+01, 1.429E-03, 7.694E-05, 6.642E+02, 1.391E-03, 1.102E-01
03/02/2019,15:00,9,2.358,2.858,-6.154,.797,.078, 1.005E+03, 8.972E+01, 3.104E-06, 3.166E-01, 1.177E-16, 1.167E+00, 0.000E+00, 0.000E+00,-4.411E+01, 1.464E+01, 5.326E+00, 6.244E-01, 3.028E-01,-9.990E+02, 1.000E+00,-9.990E+02, 0.000E+00, 0.000E+00, 0.000E+00, 1.000E+00, 0.000E+00, 0.000E+00, 0.000E+00, 0.000E+00, 5.809E+01, 2.257E+01, 1.429E-03, 0.000E+00, 7.000E+02, 1.317E-03, 1.086E-01
03/02/2019,16:00,9,2.358,2.858,-7.130,.810,.068, 1.006E+03, 9.630E+01, 3.104E-06, 3.166E-01, 0.000E+00, 0.000E+00, 0.000E+00, 0.000E+00,-4.411E+01, 1.464E+01, 4.824E+00, 6.229E-01, 2.742E-01,-9.990E+02, 1.000E+00,-9.990E+02, 0.000E+00, 0.000E+00, 0.000E+00, 1.000E+00, 0.000E+00, 0.000E+00, 0.000E+00, 0.000E+00, 6.417E+01, 2.493E+01, 1.429E-03, 0.000E+00, 7.000E+02, 1.306E-03, 1.041E-01
03/02/2019,17:00,9,2.358,2.858,-8.105,.822,.059, 1.007E+03, 1.035E+02, 3.104E-06, 3.166E-01, 0.000E+00, 0.000E+00, 0.000E+00, 0.000E+00,-4.411E+01, 1.464E+01, 4.328E+00, 6.214E-01, 2.459E-01,-9.990E+02, 1.000E+00,-9.990E+02, 0.000E+00, 0.000E+00, 0.000E+00, 1.000E+00, 0.000E+00, 0.000E+00, 0.000E+00, 0.000E+00, 7.156E+01, 2.780E+01, 1.429E-03, 0.000E+00, 7.000E+02, 1.294E-03, 9.662E-02
03/02/2019,18:00,9,2.358,2.858,-9.081,.834,.051, 1.009E+03, 1.110E+02, 2.644E-03, 3.166E-01, 0.000E+00, 0.000E+00, 0.000E+00, 0.000E+00,-3.712E+01, 6.566E+00, 3.841E+00, 4.466E-01, 2.069E-01,-9.990E+02, 1.000E+00,-9.990E+02, 0.000E+00, 0.000E+00, 0.000E+00, 1.000E+00, 0.000E+00, 0.000E+00, 0.000E+00, 0.000E+00, 8.970E+01, 3.303E+01, 1.429E-03, 0.000E+00, 7.000E+02, 1.270E-03, 9.008E-02
03/02/2019,19:00,9,2.358,2.858,-9.897,.844,.045, 1.009E+03, 1.183E+02, 2.644E-03, 3.166E-01, 0.000E+00, 0.000E+00, 0.000E+00, 0.000E+00,-3.712E+01, 6.566E+00, 3.449E+00, 4.457E-01, 1.857E-01,-9.990E+02, 1.000E+00,-9.990E+02, 0.000E+00, 0.000E+00, 0.000E+00, 1.000E+00, 0.000E+00, 0.000E+00, 0.000E+00, 0.000E+00, 9.998E+01, 3.680E+01, 1.429E-03, 0.000E+00, 7.000E+02, 1.254E-03, 8.049E-02
03/02/2019,20:00,9,2.358,2.858,-10.714,.854,.040, 1.010E+03, 1.250E+02, 2.644E-03, 3.166E-01, 0.000E+00, 0.000E+00, 0.000E+00, 0.000E+00,-3.712E+01, 6.566E+00, 3.084E+00, 4.448E-01, 1.660E-01,-9.990E+02, 1.000E+00,-9.990E+02, 0.000E+00, 0.000E+00, 0.000E+00, 1.000E+00, 0.000E+00, 0.000E+00, 0.000E+00, 0.000E+00, 1.119E+02, 4.118E+01, 1.429E-03, 0.000E+00, 7.000E+02, 1.236E-03, 7.620E-02
03/02/2019,21:00,9,2.358,2.858,-11.531,.863,.035, 1.011E+03, 1.307E+02, 3.104E-06, 3.166E-01, 0.000E+00, 0.000E+00, 0.000E+00, 0.000E+00,-3.502E+01,-2.962E+00, 2.755E+00, 3.183E-01, 1.292E-01,-9.990E+02, 1.000E+00,-9.990E+02, 0.000E+00, 0.000E+00, 0.000E+00, 1.000E+00, 0.000E+00, 0.000E+00, 0.000E+00, 0.000E+00, 1.649E+02, 5.289E+01, 1.429E-03, 0.000E+00, 7.000E+02, 1.188E-03, 7.621E-02
03/02/2019,22:00,9,2.358,2.858,-12.119,.860,.034, 1.012E+03, 1.345E+02, 3.104E-06, 3.166E-01, 0.000E+00, 0.000E+00, 0.000E+00, 0.000E+00,-3.502E+01,-2.962E+00, 2.808E+00, 3.179E-01, 1.316E-01,-9.990E+02, 1.000E+00,-9.990E+02, 0.000E+00, 0.000E+00, 0.000E+00, 1.000E+00, 0.000E+00, 0.000E+00, 0.000E+00, 0.000E+00, 1.621E+02, 5.193E+01, 1.429E-03, 0.000E+00, 7.000E+02, 1.192E-03, 7.572E-02
03/02/2019,23:00,9,2.358,2.858,-12.707,.857,.033, 1.012E+03, 1.360E+02, 3.104E-06, 3.166E-01, 0.000E+00, 0.000E+00, 0.000E+00, 0.000E+00,-3.502E+01,-2.962E+00, 2.862E+00, 3.174E-01, 1.340E-01,-9.990E+02, 1.000E+00,-9.990E+02, 0.000E+00, 0.000E+00, 0.000E+00, 1.000E+00, 0.000E+00, 0.000E+00, 0.000E+00, 0.000E+00, 1.593E+02, 5.099E+01, 1.429E-03, 0.000E+00, 7.000E+02, 1.195E-03, 7.695E-02
04/02/2019,00:00,9,2.369,2.869,-13.295,.853,.033, 1.013E+03, 1.349E+02, 0.000E+00, 3.166E-01, 0.000E+00, 0.000E+00, 0.000E+00, 0.000E+00,-3.595E+01,-2.819E+00, 2.917E+00, 3.014E-01, 1.311E-01,-9.990E+02, 1.000E+00,-9.990E+02, 0.000E+00, 0.000E+00, 0.000E+00, 1.000E+00, 0.000E+00, 0.000E+00, 0.000E+00, 0.000E+00, 1.697E+02, 5.213E+01, 1.429E-03, 0.000E+00, 7.000E+02, 1.190E-03, 7.419E-02
04/02/2019,01:00,9,2.369,2.869,-13.562,.849,.033, 1.013E+03, 1.312E+02, 0.000E+00, 3.347E-01, 0.000E+00, 0.000E+00, 0.000E+00, 0.000E+00,-3.595E+01,-2.819E+00, 2.891E+00, 3.012E-01, 1.299E-01,-9.990E+02, 1.000E+00,-9.990E+02, 0.000E+00, 0.000E+00, 0.000E+00, 1.000E+00, 0.000E+00, 0.000E+00, 0.000E+00, 0.000E+00, 1.713E+02, 5.262E+01, 1.429E-03, 0.000E+00, 7.000E+02, 1.188E-03, 8.230E-02
04/02/2019,02:00,9,2.369,2.869,-13.829,.844,.033, 1.013E+03, 1.258E+02, 0.000E+00, 3.528E-01, 0.000E+00, 0.000E+00, 0.000E+00, 0.000E+00,-3.595E+01,-2.819E+00, 2.872E+00, 3.010E-01, 1.290E-01,-9.990E+02, 1.000E+00,-9.990E+02, 0.000E+00, 0.000E+00, 0.000E+00, 1.000E+00, 0.000E+00, 0.000E+00, 0.000E+00, 0.000E+00, 1.726E+02, 5.298E+01, 1.429E-03, 0.000E+00, 7.000E+02, 1.187E-03, 9.873E-02
04/02/2019,03:00,9,2.369,2.869,-14.096,.840,.033, 1.013E+03, 1.191E+02, 0.000E+00, 3.708E-01, 0.000E+00, 0.000E+00, 0.000E+00, 0.000E+00,-3.154E+01,-2.858E+00, 2.861E+00, 2.523E-01, 1.148E-01,-9.990E+02, 1.000E+00,-9.990E+02, 0.000E+00, 0.000E+00, 0.000E+00, 1.000E+00, 0.000E+00, 0.000E+00, 0.000E+00, 0.000E+00, 2.171E+02, 5.954E+01, 1.429E-03, 0.000E+00, 7.000E+02, 1.160E-03, 1.215E-01
04/02/2019,04:00,9,2.369,2.869,-14.529,.834,.033, 1.014E+03, 1.118E+02, 0.000E+00, 3.708E-01, 0.000E+00, 0.000E+00, 0.000E+00, 0.000E+00,-3.154E+01,-2.858E+00, 2.689E+00, 2.521E-01, 1.078E-01,-9.990E+02, 1.000E+00,-9.990E+02, 0.000E+00, 0.000E+00, 0.000E+00, 1.000E+00, 0.000E+00, 0.000E+00, 0.000E+00, 0.000E+00, 2.314E+02, 6.341E+01, 1.429E-03, 0.000E+00, 7.000E+02, 1.145E-03, 1.581E-01
04/02/2019,05:00,9,2.369,2.869,-14.962,.828,.033, 1.014E+03, 1.043E+02, 0.000E+00, 3.708E-01, 0.000E+00, 0.000E+00, 0.000E+00, 0.000E+00,-3.154E+01,-2.858E+00, 2.571E+00, 2.518E-01, 1.030E-01,-9.990E+02, 1.000E+00,-9.990E+02, 0.000E+00, 0.000E+00, 0.000E+00, 1.000E+00, 0.000E+00, 0.000E+00, 0.000E+00, 0.000E+00, 2.424E+02, 6.636E+01, 1.429E-03, 0.000E+00, 7.000E+02, 1.135E-03, 2.157E-01
04/02/2019,06:00,9,2.369,2.869,-15.394,.823,.033, 1.014E+03, 9.702E+01, 0.000E+00, 3.708E-01, 0.000E+00, 0.000E+00, 0.000E+00, 0.000E+00,-1.071E+01,-8.025E-01, 2.517E+00, 1.790E-01, 1.027E-01,-9.990E+02, 1.000E+00,-9.990E+02, 0.000E+00, 0.000E+00, 0.000E+00, 1.000E+00, 0.000E+00, 0.000E+00, 0.000E+00, 0.000E+00, 2.387E+02, 6.656E+01, 1.429E-03, 0.000E+00, 7.000E+02, 1.135E-03, 2.786E-01
04/02/2019,07:00,9,2.369,2.869,-15.596,.813,.034, 1.015E+03, 9.032E+01, 0.000E+00, 3.708E-01, 0.000E+00, 0.000E+00, 0.000E+00, 0.000E+00,-1.071E+01,-8.025E-01, 2.116E+00, 1.789E-01, 1.000E-01,-9.990E+02, 1.000E+00,-9.990E+02, 0.000E+00, 0.000E+00, 0.000E+00, 1.000E+00, 0.000E+00, 0.000E+00, 0.000E+00, 0.000E+00, 2.452E+02, 6.835E+01, 1.429E-03, 0.000E+00, 7.000E+02, 1.129E-03, 3.287E-01
04/02/2019,08:00,9,2.369,2.869,-15.797,.804,.036, 1.015E+03, 8.453E+01, 0.000E+00, 3.708E-01, 8.181E+00, 2.256E+01, 5.242E+01, 9.489E+00,-1.071E+01,-8.025E-01, 1.721E+00, 1.789E-01, 1.000E-01, 8.045E-02, 1.000E+00, 3.683E-01, 8.842E-01, 1.000E-02, 1.000E+00, 1.000E+00, 3.683E-03, 2.128E-05, 5.108E-05, 0.000E+00, 2.453E+02, 6.835E+01, 1.429E-03, 6.912E-05, 6.677E+02, 1.171E-03, 3.842E-01
04/02/2019,09:00,9,2.369,2.869,-15.999,.794,.037, 1.015E+03, 8.001E+01, 0.000E+00, 3.708E-01, 3.574E+01, 3.914E+01, 1.206E+02, 1.750E+01, 2.552E+01, 9.498E-01, 1.341E+00, 2.216E-01, 1.000E-01, 1.462E-01, 1.000E+00, 5.833E-01, 9.930E-01, 1.000E-02, 1.000E+00, 1.000E+00, 5.833E-03, 3.367E-05, 5.732E-05, 0.000E+00, 1.269E+02, 6.835E+01, 1.429E-03, 1.094E-04, 6.502E+02, 1.221E-03, 4.846E-01
04/02/2019,10:00,9,2.369,2.869,-14.666,.765,.047, 1.015E+03, 7.709E+01, 0.000E+00, 3.708E-01, 5.851E+01, 4.840E+01, 1.531E+02, 2.222E+01, 2.552E+01, 9.498E-01, 1.239E+00, 2.222E-01, 1.000E-01, 1.877E-01, 1.000E+00, 6.740E-01, 9.982E-01, 1.000E-02, 1.000E+00, 1.000E+00, 6.740E-03, 3.911E-05, 5.792E-05, 0.000E+00, 1.270E+02, 6.835E+01, 1.429E-03, 1.271E-04, 6.428E+02, 1.232E-03, 5.588E-01
04/02/2019,11:00,9,2.369,2.869,-13.332,.736,.058, 1.015E+03, 7.599E+01, 0.000E+00, 3.708E-01, 6.756E+01, 5.156E+01, 1.634E+02, 2.387E+01, 2.552E+01, 9.498E-01, 1.258E+00, 2.228E-01, 1.000E-01, 2.028E-01, 1.000E+00, 7.010E-01, 9.988E-01, 1.000E-02, 1.000E+00, 1.000E+00, 7.010E-03, 4.089E-05, 5.826E-05, 0.000E+00, 1.272E+02, 6.835E+01, 1.429E-03, 1.328E-04, 6.404E+02, 1.236E-03, 6.179E-01
04/02/2019,12:00,9,2.369,2.869,-11.999,.707,.072, 1.015E+03, 7.682E+01, 0.000E+00, 3.708E-01, 2.582E+01, 5.307E+01, 7.914E+01, 2.251E+01,-1.359E+01, 1.155E+00, 1.395E+00, 2.865E-01, 1.000E-01, 1.914E-01, 1.000E+00, 6.722E-01, 9.614E-01, 1.000E-02, 1.000E+00, 1.000E+00, 6.722E-03, 3.941E-05, 5.636E-05, 0.000E+00, 1.921E+02, 6.835E+01, 1.429E-03, 1.280E-04, 6.424E+02, 1.214E-03, 7.100E-01
04/02/2019,13:00,9,2.369,2.869,-11.181,.742,.068, 1.014E+03, 7.950E+01, 0.000E+00, 3.657E-01, 1.682E+01, 4.089E+01, 6.340E+01, 1.723E+01,-1.359E+01, 1.155E+00, 1.836E+00, 2.870E-01, 1.000E-01, 1.536E-01, 1.000E+00, 5.720E-01, 9.263E-01, 1.000E-02, 1.000E+00, 1.000E+00, 5.720E-03, 3.364E-05, 5.448E-05, 0.000E+00, 1.920E+02, 6.835E+01, 1.429E-03, 1.093E-04, 6.503E+02, 1.203E-03, 8.483E-01
04/02/2019,14:00,9,2.369,2.869,-10.362,.777,.062, 1.014E+03, 8.381E+01, 0.000E+00, 3.606E-01, 4.930E+00, 2.160E+01, 3.180E+01, 8.921E+00,-1.359E+01, 1.155E+00, 2.278E+00, 2.875E-01, 1.187E-01, 9.095E-02, 1.000E+00, 3.456E-01, 7.296E-01, 1.000E-02, 1.000E+00, 1.000E+00, 3.456E-03, 2.039E-05, 4.304E-05, 0.000E+00, 1.616E+02, 5.758E+01, 1.429E-03, 6.623E-05, 6.690E+02, 1.217E-03, 9.371E-01
04/02/2019,15:00,9,2.369,2.869,-9.543,.811,.056, 1.014E+03, 8.944E+01, 2.966E-03, 3.556E-01, 7.211E-09, 1.293E+00, 0.000E+00, 0.000E+00,-2.206E+01,-4.013E+00, 2.720E+00, 2.675E-01, 1.261E-01,-9.990E+02, 1.000E+00,-9.990E+02, 0.000E+00, 0.000E+00, 0.000E+00, 1.000E+00, 0.000E+00, 0.000E+00, 0.000E+00, 0.000E+00, 1.712E+02, 5.422E+01, 1.429E-03, 0.000E+00, 7.000E+02, 1.183E-03, 1.041E+00
04/02/2019,16:00,9,2.369,2.869,-8.703,.840,.051, 1.013E+03, 9.603E+01, 2.966E-03, 3.558E-01, 0.000E+00, 0.000E+00, 0.000E+00, 0.000E+00,-2.206E+01,-4.013E+00, 2.553E+00, 2.680E-01, 1.184E-01,-9.990E+02, 1.000E+00,-9.990E+02, 0.000E+00, 0.000E+00, 0.000E+00, 1.000E+00, 0.000E+00, 0.000E+00, 0.000E+00, 0.000E+00, 1.820E+02, 5.771E+01, 1.429E-03, 0.000E+00, 7.000E+02, 1.170E-03, 1.148E+00
04/02/2019,17:00,9,2.369,2.869,-7.864,.868,.045, 1.013E+03, 1.032E+02, 2.966E-03, 3.561E-01, 0.000E+00, 0.000E+00, 0.000E+00, 0.000E+00,-2.206E+01,-4.013E+00, 2.441E+00, 2.685E-01, 1.134E-01,-9.990E+02, 1.000E+00,-9.990E+02, 0.000E+00, 0.000E+00, 0.000E+00, 1.000E+00, 0.000E+00, 0.000E+00, 0.000E+00, 0.000E+00, 1.899E+02, 6.030E+01, 1.429E-03, 0.000E+00, 7.000E+02, 1.160E-03, 1.136E+00
04/02/2019,18:00,9,2.369,2.869,-7.024,.896,.038, 1.013E+03, 1.107E+02, 1.165E-01, 3.563E-01, 0.000E+00, 0.000E+00, 0.000E+00, 0.000E+00,-3.430E+01,-8.350E+00, 2.391E+00, 3.178E-01, 1.126E-01,-9.990E+02, 1.000E+00,-9.990E+02, 0.000E+00, 0.000E+00, 0.000E+00, 1.000E+00, 0.000E+00, 0.000E+00, 0.000E+00, 0.000E+00, 1.886E+02, 6.071E+01, 1.429E-03, 0.000E+00, 7.000E+02, 1.159E-03, 9.789E-01
04/02/2019,19:00,9,2.369,2.869,-5.938,.911,.035, 1.012E+03, 1.180E+02, 1.165E-01, 3.568E-01, 0.000E+00, 0.000E+00, 0.000E+00, 0.000E+00,-3.430E+01,-8.350E+00, 2.598E+00, 3.186E-01, 1.225E-01,-9.990E+02, 1.000E+00,-9.990E+02, 0.000E+00, 0.000E+00, 0.000E+00, 1.000E+00, 0.000E+00, 0.000E+00, 0.000E+00, 0.000E+00, 1.732E+02, 5.581E+01, 1.429E-03, 0.000E+00, 7.000E+02, 1.177E-03, 7.416E-01
04/02/2019,20:00,9,2.369,2.869,-4.852,.926,.031, 1.011E+03, 1.248E+02, 1.165E-01, 3.573E-01, 0.000E+00, 0.000E+00, 0.000E+00, 0.000E+00,-3.430E+01,-8.350E+00, 2.814E+00, 3.193E-01, 1.328E-01,-9.990E+02, 1.000E+00,-9.990E+02, 0.000E+00, 0.000E+00, 0.000E+00, 1.000E+00, 0.000E+00, 0.000E+00, 0.000E+00, 0.000E+00, 1.594E+02, 5.145E+01, 1.429E-03, 0.000E+00, 7.000E+02, 1.194E-03, 4.523E-01
04/02/2019,21:00,9,2.369,2.869,-3.766,.941,.027, 1.011E+03, 1.304E+02, 2.927E-01, 3.578E-01, 0.000E+00, 0.000E+00, 0.000E+00, 0.000E+00,-3.223E+01,-8.497E+00, 3.038E+00, 3.669E-01, 1.555E-01,-9.990E+02, 1.000E+00,-9.990E+02, 0.000E+00, 0.000E+00, 0.000E+00, 1.000E+00, 0.000E+00, 0.000E+00, 0.000E+00, 0.000E+00, 1.256E+02, 4.395E+01, 1.429E-03, 0.000E+00, 7.000E+02, 1.224E-03, 8.161E-02
04/02/2019,22:00,9,2.369,2.869,-2.901,.947,.026, 1.010E+03, 1.342E+02, 2.927E-01, 3.594E-01, 0.000E+00, 0.000E+00, 0.000E+00, 0.000E+00,-3.223E+01,-8.497E+00, 3.101E+00, 3.676E-01, 1.589E-01,-9.990E+02, 1.000E+00,-9.990E+02, 0.000E+00, 0.000E+00, 0.000E+00, 1.000E+00, 0.000E+00, 0.000E+00, 0.000E+00, 0.000E+00, 1.228E+02, 4.302E+01, 1.429E-03, 0.000E+00, 7.000E+02, 1.228E-03, 6.720E-02
04/02/2019,23:00,9,2.369,2.869,-2.036,.953,.025, 1.009E+03, 1.357E+02, 2.927E-01, 3.609E-01, 0.000E+00, 0.000E+00, 0.000E+00, 0.000E+00,-3.223E+01,-8.497E+00, 3.218E+00, 3.683E-01, 1.650E-01,-9.990E+02, 1.000E+00,-9.990E+02, 0.000E+00, 0.000E+00, 0.000E+00, 1.000E+00, 0.000E+00, 0.000E+00, 0.000E+00, 0.000E+00, 1.182E+02, 4.143E+01, 1.429E-03, 0.000E+00, 7.000E+02, 1.235E-03, 9.415E-02
05/02/2019,00:00,9,2.380,2.880,-1.171,.959,.023, 1.008E+03, 1.346E+02, 2.268E-01, 3.624E-01, 0.000E+00, 0.000E+00, 0.000E+00, 0.000E+00,-3.053E+01,-9.714E+00, 3.382E+00, 4.096E-01, 1.811E-01,-9.990E+02, 1.000E+00,-9.990E+02, 0.000E+00, 0.000E+00, 0.000E+00, 1.000E+00, 0.000E+00, 0.000E+00, 0.000E+00, 0.000E+00, 1.031E+02, 3.775E+01, 1.429E-03, 0.000E+00, 7.000E+02, 1.250E-03, 6.172E-02
05/02/2019,01:00,9,2.380,2.880,-.802,.949,.029, 1.008E+03, 1.309E+02, 2.268E-01, 3.685E-01, 0.000E+00, 0.000E+00, 0.000E+00, 0.000E+00,-3.053E+01,-9.714E+00, 3.297E+00, 4.099E-01, 1.766E-01,-9.990E+02, 1.000E+00,-9.990E+02, 0.000E+00, 0.000E+00, 0.000E+00, 1.000E+00, 0.000E+00, 0.000E+00, 0.000E+00, 0.000E+00, 1.057E+02, 3.871E+01, 5.099E-03, 0.000E+00, 1.961E+02, 3.351E-03, 1.911E-02
05/02/2019,02:00,9,2.380,2.880,-.432,.939,.036, 1.007E+03, 1.255E+02, 2.268E-01, 3.746E-01, 0.000E+00, 0.000E+00, 0.000E+00, 0.000E+00,-3.053E+01,-9.714E+00, 3.230E+00, 4.103E-01, 1.730E-01,-9.990E+02, 1.000E+00,-9.990E+02, 0.000E+00, 0.000E+00, 0.000E+00, 1.000E+00, 0.000E+00, 0.000E+00, 0.000E+00, 0.000E+00, 1.079E+02, 3.950E+01, 5.873E-03, 0.000E+00, 1.703E+02, 3.641E-03, 5.555E-02
05/02/2019,03:00,9,2.380,2.880,-.063,.929,.043, 1.007E+03, 1.188E+02, 9.194E-02, 3.807E-01, 0.000E+00, 0.000E+00, 0.000E+00, 0.000E+00,-2.578E+01,-4.238E+00, 3.182E+00, 3.801E-01, 1.694E-01,-9.990E+02, 1.000E+00,-9.990E+02, 0.000E+00, 0.000E+00, 0.000E+00, 1.000E+00, 0.000E+00, 0.000E+00, 0.000E+00, 0.000E+00, 1.109E+02, 4.035E+01, 6.925E-03, 0.000E+00, 1.444E+02, 3.983E-03, 3.529E-02
05/02/2019,04:00,9,2.380,2.880,-.037,.925,.045, 1.007E+03, 1.115E+02, 9.194E-02, 3.812E-01, 0.000E+00, 0.000E+00, 0.000E+00, 0.000E+00,-2.578E+01,-4.238E+00, 3.015E+00, 3.802E-01, 1.606E-01,-9.990E+02, 1.000E+00,-9.990E+02, 0.000E+00, 0.000E+00, 0.000E+00, 1.000E+00, 0.000E+00, 0.000E+00, 0.000E+00, 0.000E+00, 1.170E+02, 4.257E+01, 7.015E-03, 0.000E+00, 1.426E+02, 3.919E-03, 3.134E-02
05/02/2019,05:00,9,2.380,2.880,-.010,.922,.047, 1.006E+03, 1.040E+02, 9.194E-02, 3.817E-01, 0.000E+00, 0.000E+00, 0.000E+00, 0.000E+00,-2.578E+01,-4.238E+00, 2.869E+00, 3.803E-01, 1.528E-01,-9.990E+02, 1.000E+00,-9.990E+02, 0.000E+00, 0.000E+00, 0.000E+00, 1.000E+00, 0.000E+00, 0.000E+00, 0.000E+00, 0.000E+00, 1.229E+02, 4.474E+01, 7.107E-03, 0.000E+00, 1.407E+02, 3.860E-03, 2.619E-02
05/02/2019,06:00,9,2.380,2.880,.016,.919,.050, 1.006E+03, 9.677E+01, 8.906E-02, 3.823E-01, 0.000E+00, 0.000E+00, 0.000E+00, 0.000E+00,-1.413E+01,-1.743E+00, 2.747E+00, 3.025E-01, 1.449E-01,-9.990E+02, 1.000E+00,-9.990E+02, 0.000E+00, 0.000E+00, 0.000E+00, 1.000E+00, 0.000E+00, 0.000E+00, 0.000E+00, 0.000E+00, 1.308E+02, 4.717E+01, 7.201E-03, 0.000E+00, 1.389E+02, 3.792E-03, 2.594E-02
05/02/2019,07:00,9,2.380,2.880,.032,.920,.049, 1.006E+03, 9.005E+01, 8.906E-02, 3.828E-01, 0.000E+00, 0.000E+00, 0.000E+00, 0.000E+00,-1.413E+01,-1.743E+00, 2.469E+00, 3.025E-01, 1.302E-01,-9.990E+02, 1.000E+00,-9.990E+02, 0.000E+00, 0.000E+00, 0.000E+00, 1.000E+00, 0.000E+00, 0.000E+00, 0.000E+00, 0.000E+00, 1.455E+02, 5.249E+01, 7.261E-03, 0.000E+00, 1.377E+02, 3.615E-03, 3.184E-02
05/02/2019,08:00,9,2.380,2.880,.049,.922,.048, 1.006E+03, 8.425E+01, 8.906E-02, 3.833E-01, 1.925E-01, 8.953E+00, 4.549E+00, 3.588E+00,-1.413E+01,-1.743E+00, 2.199E+00, 3.024E-01, 1.160E-01, 8.415E-02, 1.000E+00, 1.400E-01, 1.706E-01, 1.000E-02, 1.000E+00, 1.000E+00, 1.400E-03, 8.587E-06, 1.047E-05, 0.000E+00, 1.634E+02, 5.891E+01, 7.322E-03, 2.802E-05, 1.361E+02, 3.425E-03, 4.501E-02
05/02/2019,09:00,9,2.380,2.880,.065,.923,.047, 1.006E+03, 7.972E+01, 3.232E-01, 3.838E-01, 7.671E-01, 2.078E+01, 1.049E+01, 8.341E+00, 2.032E+00,-6.097E-01, 1.942E+00, 1.726E-01, 1.215E-01, 1.497E-01, 1.000E+00, 2.994E-01, 3.505E-01, 1.000E-02, 1.000E+00, 1.000E+00, 2.994E-03, 1.836E-05, 2.150E-05, 0.000E+00, 1.254E+02, 5.624E+01, 7.384E-03, 5.993E-05, 1.343E+02, 3.575E-03, 7.212E-02
05/02/2019,10:00,9,2.380,2.880,.021,.926,.045, 1.006E+03, 7.679E+01, 3.232E-01, 3.853E-01, 1.232E+00, 2.921E+01, 1.443E+01, 1.173E+01, 2.032E+00,-6.097E-01, 7.355E-01, 1.726E-01, 1.000E-01, 1.910E-01, 1.000E+00, 3.951E-01, 4.475E-01, 1.000E-02, 1.000E+00, 1.000E+00, 3.951E-03, 2.423E-05, 2.744E-05, 0.000E+00, 1.524E+02, 6.835E+01, 7.217E-03, 7.907E-05, 1.371E+02, 3.187E-03, 1.080E-01
05/02/2019,11:00,9,2.380,2.880,-.024,.930,.043, 1.007E+03, 7.568E+01, 3.232E-01, 3.868E-01, 1.416E+00, 3.241E+01, 1.588E+01, 1.302E+01, 2.032E+00,-6.097E-01, 9.510E-01, 1.726E-01, 1.000E-01, 2.061E-01, 1.000E+00, 4.279E-01, 4.796E-01, 1.000E-02, 1.000E+00, 1.000E+00, 4.279E-03, 2.624E-05, 2.941E-05, 0.000E+00, 1.524E+02, 6.835E+01, 7.058E-03, 8.563E-05, 1.400E+02, 3.158E-03, 1.571E-01
05/02/2019,12:00,9,2.380,2.880,-.069,.933,.041, 1.007E+03, 7.651E+01, 2.615E-01, 3.884E-01, 1.858E+00, 3.221E+01, 1.694E+01, 1.296E+01, 2.493E+00, 7.196E+00, 2.205E+00, 4.972E-01, 1.315E-01, 1.948E-01, 1.000E+00, 4.304E-01, 5.019E-01, 1.000E-02, 1.000E+00, 1.000E+00, 4.304E-03, 2.639E-05, 3.077E-05, 0.000E+00, 1.271E+02, 5.199E+01, 6.906E-03, 8.611E-05, 1.430E+02, 3.584E-03, 1.957E-01
05/02/2019,13:00,9,2.380,2.880,-.320,.932,.040, 1.007E+03, 7.920E+01, 2.615E-01, 3.835E-01, 1.230E+00, 2.393E+01, 1.291E+01, 9.623E+00, 2.493E+00, 7.196E+00, 2.735E+00, 4.969E-01, 1.631E-01, 1.572E-01, 1.000E+00, 3.402E-01, 4.119E-01, 1.000E-02, 1.000E+00, 1.000E+00, 3.402E-03, 2.084E-05, 2.523E-05, 0.000E+00, 1.025E+02, 4.192E+01, 6.156E-03, 6.800E-05, 1.607E+02, 3.699E-03, 1.781E-01
05/02/2019,14:00,9,2.380,2.880,-.572,.931,.040, 1.007E+03, 8.352E+01, 2.615E-01, 3.787E-01, 3.874E-01, 1.153E+01, 6.343E+00, 4.626E+00, 2.493E+00, 7.196E+00, 3.268E+00, 4.966E-01, 1.949E-01, 9.482E-02, 1.000E+00, 1.786E-01, 2.296E-01, 1.000E-02, 1.000E+00, 1.000E+00, 1.786E-03, 1.093E-05, 1.405E-05, 0.000E+00, 8.574E+01, 3.508E+01, 5.554E-03, 3.567E-05, 1.789E+02, 3.694E-03, 9.514E-02
05/02/2019,15:00,9,2.380,2.880,-.824,.931,.040, 1.008E+03, 8.915E+01, 2.445E-01, 3.739E-01, 6.781E-07, 9.741E-01, 0.000E+00, 0.000E+00,-3.072E+00, 1.993E+01, 3.804E+00, 8.361E-01, 2.256E-01,-9.990E+02, 1.000E+00,-9.990E+02, 0.000E+00, 0.000E+00, 0.000E+00, 1.000E+00, 0.000E+00, 0.000E+00, 0.000E+00, 0.000E+00, 7.472E+01, 3.030E+01, 5.058E-03, 0.000E+00, 1.977E+02, 3.610E-03, 1.494E-01
05/02/2019,16:00,9,2.380,2.880,-1.522,.903,.053, 1.008E+03, 9.575E+01, 2.445E-01, 3.749E-01, 0.000E+00, 0.000E+00, 0.000E+00, 0.000E+00,-3.072E+00, 1.993E+01, 4.622E+00, 8.347E-01, 2.742E-01,-9.990E+02, 1.000E+00,-9.990E+02, 0.000E+00, 0.000E+00, 0.000E+00, 1.000E+00, 0.000E+00, 0.000E+00, 0.000E+00, 0.000E+00, 6.149E+01, 2.493E+01, 1.429E-03, 0.000E+00, 7.000E+02, 1.307E-03, 1.996E-01
05/02/2019,17:00,9,2.380,2.880,-2.220,.875,.065, 1.009E+03, 1.030E+02, 2.445E-01, 3.759E-01, 0.000E+00, 0.000E+00, 0.000E+00, 0.000E+00,-3.072E+00, 1.993E+01, 5.441E+00, 8.332E-01, 3.227E-01,-9.990E+02, 1.000E+00,-9.990E+02, 0.000E+00, 0.000E+00, 0.000E+00, 1.000E+00, 0.000E+00, 0.000E+00, 0.000E+00, 0.000E+00, 5.224E+01, 2.118E+01, 1.429E-03, 0.000E+00, 7.000E+02, 1.324E-03, 1.056E-01
05/02/2019,18:00,9,2.380,2.880,-2.918,.847,.076, 1.010E+03, 1.104E+02, 3.795E-02, 3.769E-01, 0.000E+00, 0.000E+00, 0.000E+00, 0.000E+00, 1.164E+01, 3.356E+01, 6.259E+00, 8.388E-01, 3.732E-01,-9.990E+02, 1.000E+00,-9.990E+02, 0.000E+00, 0.000E+00, 0.000E+00, 1.000E+00, 0.000E+00, 0.000E+00, 0.000E+00, 0.000E+00, 4.479E+01, 1.832E+01, 1.429E-03, 0.000E+00, 7.000E+02, 1.337E-03, 4.774E-02
05/02/2019,19:00,9,2.380,2.880,-3.909,.843,.072, 1.011E+03, 1.177E+02, 3.795E-02, 3.769E-01, 0.000E+00, 0.000E+00, 0.000E+00, 0.000E+00, 1.164E+01, 3.356E+01, 5.757E+00, 8.369E-01, 3.432E-01,-9.990E+02, 1.000E+00,-9.990E+02, 0.000E+00, 0.000E+00, 0.000E+00, 1.000E+00, 0.000E+00, 0.000E+00, 0.000E+00, 0.000E+00, 4.869E+01, 1.992E+01, 1.429E-03, 0.000E+00, 7.000E+02, 1.330E-03, 8.973E-03
05/02/2019,20:00,9,2.380,2.880,-4.901,.840,.068, 1.012E+03, 1.245E+02, 3.795E-02, 3.769E-01, 0.000E+00, 0.000E+00, 0.000E+00, 0.000E+00, 1.164E+01, 3.356E+01, 5.287E+00, 8.349E-01, 3.152E-01,-9.990E+02, 1.000E+00,-9.990E+02, 0.000E+00, 0.000E+00, 0.000E+00, 1.000E+00, 0.000E+00, 0.000E+00, 0.000E+00, 0.000E+00, 5.302E+01, 2.169E+01, 1.429E-03, 0.000E+00, 7.000E+02, 1.321E-03, 2.860E-03
05/02/2019,21:00,9,2.380,2.880,-5.893,.837,.064, 1.013E+03, 1.301E+02, 4.117E-03, 3.769E-01, 0.000E+00, 0.000E+00, 0.000E+00, 0.000E+00, 3.754E+00, 1.963E+01, 4.858E+00, 5.990E-01, 2.895E-01,-9.990E+02, 1.000E+00,-9.990E+02, 0.000E+00, 0.000E+00, 0.000E+00, 1.000E+00, 0.000E+00, 0.000E+00, 0.000E+00, 0.000E+00, 5.777E+01, 2.361E+01, 1.429E-03, 0.000E+00, 7.000E+02, 1.313E-03, 3.589E-03
05/02/2019,22:00,9,2.380,2.880,-6.927,.847,.056, 1.014E+03, 1.339E+02, 4.117E-03, 3.767E-01, 0.000E+00, 0.000E+00, 0.000E+00, 0.000E+00, 3.754E+00, 1.963E+01, 4.169E+00, 5.977E-01, 2.484E-01,-9.990E+02, 1.000E+00,-9.990E+02, 0.000E+00, 0.000E+00, 0.000E+00, 1.000E+00, 0.000E+00, 0.000E+00, 0.000E+00, 0.000E+00, 6.732E+01, 2.751E+01, 1.429E-03, 0.000E+00, 7.000E+02, 1.295E-03, 1.703E-03
05/02/2019,23:00,9,2.380,2.880,-7.962,.858,.048, 1.014E+03, 1.354E+02, 4.117E-03, 3.764E-01, 0.000E+00, 0.000E+00, 0.000E+00, 0.000E+00, 3.754E+00, 1.963E+01, 3.569E+00, 5.963E-01, 2.127E-01,-9.990E+02, 1.000E+00,-9.990E+02, 0.000E+00, 0.000E+00, 0.000E+00, 1.000E+00, 0.000E+00, 0.000E+00, 0.000E+00, 0.000E+00, 7.864E+01, 3.214E+01, 1.429E-03, 0.000E+00, 7.000E+02, 1.275E-03, 3.647E-03
06/02/2019,00:00,9,2.390,2.890,-8.996,.868,.041, 1.015E+03, 1.343E+02, 4.357E-05, 3.762E-01, 0.000E+00, 0.000E+00, 0.000E+00, 0.000E+00,-2.198E+01, 2.574E+00, 3.109E+00, 2.848E-01, 1.499E-01,-9.990E+02, 1.000E+00,-9.990E+02, 0.000E+00, 0.000E+00, 0.000E+00, 1.000E+00, 0.000E+00, 0.000E+00, 0.000E+00, 0.000E+00, 1.385E+02, 4.561E+01, 1.429E-03, 0.000E+00, 7.000E+02, 1.217E-03, 1.044E-02
06/02/2019,01:00,9,2.390,2.890,-10.122,.864,.039, 1.015E+03, 1.307E+02, 4.357E-05, 3.746E-01, 0.000E+00, 0.000E+00, 0.000E+00, 0.000E+00,-2.198E+01, 2.574E+00, 2.740E+00, 2.842E-01, 1.319E-01,-9.990E+02, 1.000E+00,-9.990E+02, 0.000E+00, 0.000E+00, 0.000E+00, 1.000E+00, 0.000E+00, 0.000E+00, 0.000E+00, 0.000E+00, 1.575E+02, 5.182E+01, 1.429E-03, 0.000E+00, 7.000E+02, 1.193E-03, 2.538E-02
06/02/2019,02:00,9,2.390,2.890,-11.248,.859,.037, 1.015E+03, 1.252E+02, 4.357E-05, 3.731E-01, 0.000E+00, 0.000E+00, 0.000E+00, 0.000E+00,-2.198E+01, 2.574E+00, 2.481E+00, 2.836E-01, 1.193E-01,-9.990E+02, 1.000E+00,-9.990E+02, 0.000E+00, 0.000E+00, 0.000E+00, 1.000E+00, 0.000E+00, 0.000E+00, 0.000E+00, 0.000E+00, 1.743E+02, 5.730E+01, 1.429E-03, 0.000E+00, 7.000E+02, 1.172E-03, 4.289E-02
06/02/2019,03:00,9,2.390,2.890,-12.373,.855,.035, 1.015E+03, 1.186E+02, 4.357E-05, 3.716E-01, 0.000E+00, 0.000E+00, 0.000E+00, 0.000E+00,-2.734E+01,-2.446E+00, 2.370E+00, 2.373E-01, 1.000E-01,-9.990E+02, 1.000E+00,-9.990E+02, 0.000E+00, 0.000E+00, 0.000E+00, 1.000E+00, 0.000E+00, 0.000E+00, 0.000E+00, 0.000E+00, 2.524E+02, 6.835E+01, 1.429E-03, 0.000E+00, 7.000E+02, 1.128E-03, 6.862E-02
06/02/2019,04:00,9,2.390,2.890,-12.553,.852,.035, 1.016E+03, 1.113E+02, 4.357E-05, 3.716E-01, 0.000E+00, 0.000E+00, 0.000E+00, 0.000E+00,-2.734E+01,-2.446E+00, 2.410E+00, 2.372E-01, 1.000E-01,-9.990E+02, 1.000E+00,-9.990E+02, 0.000E+00, 0.000E+00, 0.000E+00, 1.000E+00, 0.000E+00, 0.000E+00, 0.000E+00, 0.000E+00, 2.525E+02, 6.835E+01, 1.429E-03, 0.000E+00, 7.000E+02, 1.128E-03, 1.027E-01
06/02/2019,05:00,9,2.390,2.890,-12.733,.849,.035, 1.016E+03, 1.038E+02, 4.357E-05, 3.716E-01, 0.000E+00, 0.000E+00, 0.000E+00, 0.000E+00,-2.734E+01,-2.446E+00, 2.506E+00, 2.371E-01, 1.000E-01,-9.990E+02, 1.000E+00,-9.990E+02, 0.000E+00, 0.000E+00, 0.000E+00, 1.000E+00, 0.000E+00, 0.000E+00, 0.000E+00, 0.000E+00, 2.526E+02, 6.835E+01, 1.429E-03, 0.000E+00, 7.000E+02, 1.128E-03, 1.375E-01
06/02/2019,06:00,9,2.390,2.890,-12.912,.847,.035, 1.016E+03, 9.650E+01, 4.357E-05, 3.716E-01, 0.000E+00, 0.000E+00, 0.000E+00, 0.000E+00,-2.245E+01,-1.379E+00, 2.654E+00, 2.799E-01, 1.261E-01,-9.990E+02, 1.000E+00,-9.990E+02, 0.000E+00, 0.000E+00, 0.000E+00, 1.000E+00, 0.000E+00, 0.000E+00, 0.000E+00, 0.000E+00, 1.668E+02, 5.419E+01, 1.429E-03, 0.000E+00, 7.000E+02, 1.183E-03, 2.288E-01
06/02/2019,07:00,9,2.390,2.890,-12.274,.824,.042, 1.016E+03, 8.978E+01, 4.357E-05, 3.716E-01, 2.644E-21, 9.041E-01, 0.000E+00, 0.000E+00,-2.245E+01,-1.379E+00, 2.504E+00, 2.803E-01, 1.191E-01,-9.990E+02, 1.000E+00,-9.990E+02, 0.000E+00, 0.000E+00, 0.000E+00, 1.000E+00, 0.000E+00, 0.000E+00, 0.000E+00, 0.000E+00, 1.765E+02, 5.739E+01, 1.429E-03, 0.000E+00, 7.000E+02, 1.172E-03, 3.160E-01
06/02/2019,08:00,9,2.390,2.890,-11.636,.802,.050, 1.016E+03, 8.397E+01, 4.357E-05, 3.716E-01, 1.055E+01, 2.423E+01, 6.045E+01, 1.023E+01,-2.245E+01,-1.379E+00, 2.413E+00, 2.806E-01, 1.149E-01, 8.789E-02, 1.000E+00, 3.938E-01, 9.168E-01, 1.000E-02, 1.000E+00, 1.000E+00, 3.938E-03, 2.312E-05, 5.382E-05, 0.000E+00, 1.829E+02, 5.951E+01, 1.429E-03, 7.578E-05, 6.647E+02, 1.214E-03, 3.640E-01
06/02/2019,09:00,9,2.390,2.890,-10.998,.780,.059, 1.016E+03, 7.943E+01, 4.357E-05, 3.716E-01, 2.574E+01, 4.132E+01, 8.791E+01, 1.776E+01, 1.601E+01, 2.594E+00, 2.387E+00, 3.377E-01, 1.496E-01, 1.533E-01, 1.000E+00, 5.879E-01, 9.731E-01, 1.000E-02, 1.000E+00, 1.000E+00, 5.879E-03, 3.460E-05, 5.727E-05, 0.000E+00, 1.016E+02, 4.568E+01, 1.429E-03, 1.134E-04, 6.485E+02, 1.305E-03, 4.401E-01
06/02/2019,10:00,9,2.390,2.890,-9.643,.743,.076, 1.016E+03, 7.648E+01, 4.357E-05, 3.716E-01, 4.078E+01, 5.313E+01, 1.103E+02, 2.311E+01, 1.601E+01, 2.594E+00, 2.278E+00, 3.386E-01, 1.428E-01, 1.944E-01, 1.000E+00, 6.865E-01, 9.893E-01, 1.000E-02, 1.000E+00, 1.000E+00, 6.865E-03, 4.061E-05, 5.852E-05, 0.000E+00, 1.065E+02, 4.788E+01, 1.429E-03, 1.331E-04, 6.403E+02, 1.309E-03, 4.477E-01
06/02/2019,11:00,9,2.390,2.890,-8.288,.706,.096, 1.015E+03, 7.537E+01, 4.357E-05, 3.716E-01, 4.673E+01, 5.738E+01, 1.176E+02, 2.505E+01, 1.601E+01, 2.594E+00, 2.214E+00, 3.395E-01, 1.387E-01, 2.094E-01, 1.000E+00, 7.162E-01, 9.921E-01, 1.000E-02, 1.000E+00, 1.000E+00, 7.162E-03, 4.258E-05, 5.899E-05, 0.000E+00, 1.097E+02, 4.929E+01, 1.429E-03, 1.396E-04, 6.377E+02, 1.307E-03, 4.534E-01
06/02/2019,12:00,9,2.390,2.890,-6.933,.670,.120, 1.015E+03, 7.620E+01, 4.357E-05, 3.716E-01, 2.938E+01, 5.588E+01, 8.527E+01, 2.366E+01,-1.758E+01, 4.822E+00, 2.198E+00, 3.419E-01, 1.179E-01, 1.982E-01, 1.000E+00, 6.911E-01, 9.700E-01, 1.000E-02, 1.000E+00, 1.000E+00, 6.911E-03, 4.130E-05, 5.797E-05, 0.000E+00, 1.582E+02, 5.799E+01, 1.429E-03, 1.354E-04, 6.394E+02, 1.262E-03, 5.019E-01
06/02/2019,13:00,9,2.390,2.890,-7.503,.710,.101, 1.014E+03, 7.890E+01, 4.357E-05, 3.728E-01, 1.972E+01, 4.380E+01, 6.965E+01, 1.843E+01,-1.758E+01, 4.822E+00, 2.375E+00, 3.416E-01, 1.273E-01, 1.608E-01, 1.000E+00, 5.976E-01, 9.430E-01, 1.000E-02, 1.000E+00, 1.000E+00, 5.976E-03, 3.564E-05, 5.624E-05, 0.000E+00, 1.465E+02, 5.368E+01, 1.429E-03, 1.168E-04, 6.471E+02, 1.268E-03, 6.005E-01
06/02/2019,14:00,9,2.390,2.890,-8.074,.750,.083, 1.014E+03, 8.323E+01, 4.357E-05, 3.741E-01, 6.582E+00, 2.436E+01, 3.795E+01, 1.006E+01,-1.758E+01, 4.822E+00, 2.618E+00, 3.414E-01, 1.403E-01, 9.869E-02, 1.000E+00, 3.833E-01, 7.901E-01, 1.000E-02, 1.000E+00, 1.000E+00, 3.833E-03, 2.281E-05, 4.701E-05, 0.000E+00, 1.329E+02, 4.871E+01, 1.429E-03, 7.477E-05, 6.652E+02, 1.260E-03, 7.482E-01
06/02/2019,15:00,9,2.390,2.890,-8.644,.791,.067, 1.013E+03, 8.887E+01, 4.357E-05, 3.754E-01, 2.456E-04, 2.777E+00, 1.113E+00, 1.106E+00,-3.717E+01, 3.344E+00, 2.910E+00, 3.576E-01, 1.442E-01, 1.653E-02, 1.000E+00, 4.449E-02, 4.473E-02, 1.000E-02, 1.000E+00, 1.000E+00, 4.449E-04, 2.642E-06, 2.656E-06, 0.000E+00, 1.400E+02, 4.741E+01, 1.429E-03, 8.660E-06, 6.958E+02, 1.216E-03, 8.614E-01
06/02/2019,16:00,9,2.390,2.890,-8.370,.802,.065, 1.013E+03, 9.547E+01, 4.357E-05, 3.754E-01, 0.000E+00, 0.000E+00, 0.000E+00, 0.000E+00,-3.717E+01, 3.344E+00, 2.977E+00, 3.579E-01, 1.476E-01,-9.990E+02, 1.000E+00,-9.990E+02, 0.000E+00, 0.000E+00, 0.000E+00, 1.000E+00, 0.000E+00, 0.000E+00, 0.000E+00, 0.000E+00, 1.367E+02, 4.632E+01, 1.429E-03, 0.000E+00, 7.000E+02, 1.215E-03, 8.614E-01
06/02/2019,17:00,9,2.390,2.890,-8.097,.813,.062, 1.012E+03, 1.027E+02, 4.357E-05, 3.754E-01, 0.000E+00, 0.000E+00, 0.000E+00, 0.000E+00,-3.717E+01, 3.344E+00, 3.045E+00, 3.582E-01, 1.510E-01,-9.990E+02, 1.000E+00,-9.990E+02, 0.000E+00, 0.000E+00, 0.000E+00, 1.000E+00, 0.000E+00, 0.000E+00, 0.000E+00, 0.000E+00, 1.336E+02, 4.528E+01, 1.429E-03, 0.000E+00, 7.000E+02, 1.219E-03, 8.232E-01
06/02/2019,18:00,9,2.390,2.890,-7.823,.824,.060, 1.011E+03, 1.101E+02, 1.645E-01, 3.754E-01, 0.000E+00, 0.000E+00, 0.000E+00, 0.000E+00,-2.227E+01,-5.320E+00, 3.113E+00, 3.909E-01, 1.694E-01,-9.990E+02, 1.000E+00,-9.990E+02, 0.000E+00, 0.000E+00, 0.000E+00, 1.000E+00, 0.000E+00, 0.000E+00, 0.000E+00, 0.000E+00, 1.085E+02, 4.034E+01, 1.429E-03, 0.000E+00, 7.000E+02, 1.240E-03, 7.427E-01
06/02/2019,19:00,9,2.390,2.890,-6.590,.858,.053, 1.010E+03, 1.175E+02, 1.645E-01, 3.762E-01, 0.000E+00, 0.000E+00, 0.000E+00, 0.000E+00,-2.227E+01,-5.320E+00, 3.155E+00, 3.920E-01, 1.718E-01,-9.990E+02, 1.000E+00,-9.990E+02, 0.000E+00, 0.000E+00, 0.000E+00, 1.000E+00, 0.000E+00, 0.000E+00, 0.000E+00, 0.000E+00, 1.069E+02, 3.979E+01, 1.429E-03, 0.000E+00, 7.000E+02, 1.242E-03, 4.205E-01
06/02/2019,20:00,9,2.390,2.890,-5.358,.892,.044, 1.009E+03, 1.242E+02, 1.645E-01, 3.769E-01, 0.000E+00, 0.000E+00, 0.000E+00, 0.000E+00,-2.227E+01,-5.320E+00, 3.217E+00, 3.932E-01, 1.753E-01,-9.990E+02, 1.000E+00,-9.990E+02, 0.000E+00, 0.000E+00, 0.000E+00, 1.000E+00, 0.000E+00, 0.000E+00, 0.000E+00, 0.000E+00, 1.047E+02, 3.900E+01, 1.429E-03, 0.000E+00, 7.000E+02, 1.245E-03, 1.461E-01
06/02/2019,21:00,9,2.390,2.890,-4.125,.926,.034, 1.008E+03, 1.298E+02, 2.699E-01, 3.777E-01, 0.000E+00, 0.000E+00, 0.000E+00, 0.000E+00,-3.076E+01,-1.421E+01, 3.298E+00, 4.162E-01, 1.773E-01,-9.990E+02, 1.000E+00,-9.990E+02, 0.000E+00, 0.000E+00, 0.000E+00, 1.000E+00, 0.000E+00, 0.000E+00, 0.000E+00, 0.000E+00, 1.049E+02, 3.856E+01, 1.429E-03, 0.000E+00, 7.000E+02, 1.247E-03, 1.095E-01
06/02/2019,22:00,9,2.390,2.890,-3.197,.931,.034, 1.006E+03, 1.336E+02, 2.699E-01, 3.792E-01, 0.000E+00, 0.000E+00, 0.000E+00, 0.000E+00,-3.076E+01,-1.421E+01, 3.223E+00, 4.171E-01, 1.733E-01,-9.990E+02, 1.000E+00,-9.990E+02, 0.000E+00, 0.000E+00, 0.000E+00, 1.000E+00, 0.000E+00, 0.000E+00, 0.000E+00, 0.000E+00, 1.073E+02, 3.944E+01, 1.429E-03, 0.000E+00, 7.000E+02, 1.243E-03, 9.699E-02
06/02/2019,23:00,9,2.390,2.890,-2.268,.936,.033, 1.005E+03, 1.351E+02, 2.699E-01, 3.807E-01, 0.000E+00, 0.000E+00, 0.000E+00, 0.000E+00,-3.076E+01,-1.421E+01, 3.276E+00, 4.181E-01, 1.763E-01,-9.990E+02, 1.000E+00,-9.990E+02, 0.000E+00, 0.000E+00, 0.000E+00, 1.000E+00, 0.000E+00, 0.000E+00, 0.000E+00, 0.000E+00, 1.054E+02, 3.878E+01, 1.429E-03, 0.000E+00, 7.000E+02, 1.246E-03, 9.645E-02
07/02/2019,00:00,9,2.401,2.901,-1.339,.941,.033, 1.004E+03, 1.339E+02, 3.060E-02, 3.823E-01, 0.000E+00, 0.000E+00, 0.000E+00, 0.000E+00,-2.454E+01,-8.117E+00, 3.451E+00, 4.402E-01, 1.914E-01,-9.990E+02, 1.000E+00,-9.990E+02, 0.000E+00, 0.000E+00, 0.000E+00, 1.000E+00, 0.000E+00, 0.000E+00, 0.000E+00, 0.000E+00, 9.422E+01, 3.571E+01, 1.429E-03, 0.000E+00, 7.000E+02, 1.259E-03, 1.058E-01
07/02/2019,01:00,9,2.401,2.901,-1.131,.936,.036, 1.004E+03, 1.304E+02, 3.060E-02, 3.868E-01, 0.000E+00, 0.000E+00, 0.000E+00, 0.000E+00,-2.454E+01,-8.117E+00, 3.307E+00, 4.404E-01, 1.834E-01,-9.990E+02, 1.000E+00,-9.990E+02, 0.000E+00, 0.000E+00, 0.000E+00, 1.000E+00, 0.000E+00, 0.000E+00, 0.000E+00, 0.000E+00, 9.831E+01, 3.727E+01, 1.429E-03, 0.000E+00, 7.000E+02, 1.253E-03, 1.196E-01
07/02/2019,02:00,9,2.401,2.901,-.923,.932,.039, 1.003E+03, 1.249E+02, 3.060E-02, 3.914E-01, 0.000E+00, 0.000E+00, 0.000E+00, 0.000E+00,-2.454E+01,-8.117E+00, 3.223E+00, 4.407E-01, 1.787E-01,-9.990E+02, 1.000E+00,-9.990E+02, 0.000E+00, 0.000E+00, 0.000E+00, 1.000E+00, 0.000E+00, 0.000E+00, 0.000E+00, 0.000E+00, 1.009E+02, 3.824E+01, 4.887E-03, 0.000E+00, 2.046E+02, 3.275E-03, 8.237E-02
07/02/2019,03:00,9,2.401,2.901,-.715,.928,.042, 1.003E+03, 1.183E+02, 2.685E-03, 3.960E-01, 0.000E+00, 0.000E+00, 0.000E+00, 0.000E+00,-2.002E+01,-4.014E+00, 3.203E+00, 4.196E-01, 1.783E-01,-9.990E+02, 1.000E+00,-9.990E+02, 0.000E+00, 0.000E+00, 0.000E+00, 1.000E+00, 0.000E+00, 0.000E+00, 0.000E+00, 0.000E+00, 1.008E+02, 3.834E+01, 5.262E-03, 0.000E+00, 1.901E+02, 3.436E-03, 2.341E-02
07/02/2019,04:00,9,2.401,2.901,-.618,.934,.039, 1.003E+03, 1.110E+02, 2.685E-03, 3.960E-01, 0.000E+00, 0.000E+00, 0.000E+00, 0.000E+00,-2.002E+01,-4.014E+00, 3.180E+00, 4.197E-01, 1.770E-01,-9.990E+02, 1.000E+00,-9.990E+02, 0.000E+00, 0.000E+00, 0.000E+00, 1.000E+00, 0.000E+00, 0.000E+00, 0.000E+00, 0.000E+00, 1.015E+02, 3.861E+01, 5.457E-03, 0.000E+00, 1.832E+02, 3.510E-03, 4.347E-02
07/02/2019,05:00,9,2.401,2.901,-.521,.940,.035, 1.003E+03, 1.035E+02, 2.685E-03, 3.960E-01, 0.000E+00, 0.000E+00, 0.000E+00, 0.000E+00,-2.002E+01,-4.014E+00, 3.182E+00, 4.199E-01, 1.771E-01,-9.990E+02, 1.000E+00,-9.990E+02, 0.000E+00, 0.000E+00, 0.000E+00, 1.000E+00, 0.000E+00, 0.000E+00, 0.000E+00, 0.000E+00, 1.014E+02, 3.859E+01, 5.668E-03, 0.000E+00, 1.764E+02, 3.596E-03, 3.209E-02
07/02/2019,06:00,9,2.401,2.901,-.423,.946,.032, 1.003E+03, 9.623E+01, 0.000E+00, 3.960E-01, 0.000E+00, 0.000E+00, 0.000E+00, 0.000E+00,-1.193E+01,-1.517E+00, 3.207E+00, 4.787E-01, 1.855E-01,-9.990E+02, 1.000E+00,-9.990E+02, 0.000E+00, 0.000E+00, 0.000E+00, 1.000E+00, 0.000E+00, 0.000E+00, 0.000E+00, 0.000E+00, 9.323E+01, 3.686E+01, 5.895E-03, 0.000E+00, 1.696E+02, 3.754E-03, 2.026E-02
07/02/2019,07:00,9,2.401,2.901,-.375,.929,.042, 1.003E+03, 8.950E+01, 0.000E+00, 3.960E-01, 9.409E-10, 1.255E+00, 0.000E+00, 0.000E+00,-1.193E+01,-1.517E+00, 3.331E+00, 4.787E-01, 1.927E-01,-9.990E+02, 1.000E+00,-9.990E+02, 0.000E+00, 0.000E+00, 0.000E+00, 1.000E+00, 0.000E+00, 0.000E+00, 0.000E+00, 0.000E+00, 8.973E+01, 3.547E+01, 6.014E-03, 0.000E+00, 1.663E+02, 3.855E-03, 2.740E-02
07/02/2019,08:00,9,2.401,2.901,-.327,.913,.052, 1.003E+03, 8.368E+01, 0.000E+00, 3.960E-01, 3.264E+00, 1.982E+01, 2.288E+01, 8.052E+00,-1.193E+01,-1.517E+00, 3.495E+00, 4.787E-01, 2.021E-01, 9.166E-02, 1.000E+00, 3.120E-01, 6.098E-01, 1.000E-02, 1.000E+00, 1.000E+00, 3.120E-03, 1.911E-05, 3.735E-05, 0.000E+00, 8.553E+01, 3.381E+01, 6.138E-03, 6.292E-05, 1.613E+02, 4.000E-03, 3.549E-02
07/02/2019,09:00,9,2.401,2.901,-.279,.897,.062, 1.004E+03, 7.913E+01, 1.077E-03, 3.960E-01, 3.828E+00, 3.130E+01, 2.277E+01, 1.263E+01, 3.251E+01, 8.506E+00, 3.692E+00, 5.384E-01, 2.264E-01, 1.568E-01, 1.000E+00, 4.369E-01, 6.081E-01, 1.000E-02, 1.000E+00, 1.000E+00, 4.369E-03, 2.676E-05, 3.725E-05, 0.000E+00, 6.989E+01, 3.019E+01, 6.267E-03, 8.813E-05, 1.573E+02, 4.240E-03, 4.411E-02
07/02/2019,10:00,9,2.401,2.901,-.118,.888,.068, 1.004E+03, 7.617E+01, 1.077E-03, 3.960E-01, 5.954E+00, 4.273E+01, 2.971E+01, 1.726E+01, 3.251E+01, 8.506E+00, 3.288E+00, 5.385E-01, 2.016E-01, 1.978E-01, 1.000E+00, 5.473E-01, 7.054E-01, 1.000E-02, 1.000E+00, 1.000E+00, 5.473E-03, 3.354E-05, 4.324E-05, 0.000E+00, 7.848E+01, 3.390E+01, 6.746E-03, 1.104E-04, 1.458E+02, 4.274E-03, 5.260E-02
07/02/2019,11:00,9,2.401,2.901,.044,.880,.073, 1.003E+03, 7.506E+01, 1.077E-03, 3.960E-01, 6.792E+00, 4.704E+01, 3.218E+01, 1.900E+01, 3.251E+01, 8.506E+00, 2.920E+00, 5.387E-01, 1.791E-01, 2.127E-01, 1.000E+00, 5.830E-01, 7.338E-01, 1.000E-02, 1.000E+00, 1.000E+00, 5.830E-03, 3.576E-05, 4.500E-05, 0.000E+00, 8.837E+01, 3.817E+01, 7.305E-03, 1.177E-04, 1.347E+02, 4.274E-03, 6.284E-02
07/02/2019,12:00,9,2.401,2.901,.206,.872,.079, 1.003E+03, 7.589E+01, 2.551E-03, 3.960E-01, 4.321E+00, 4.036E+01, 2.510E+01, 1.624E+01, 2.907E+00, 4.369E+00, 2.604E+00, 4.047E-01, 1.559E-01, 2.016E-01, 1.000E+00, 5.188E-01, 6.438E-01, 1.000E-02, 1.000E+00, 1.000E+00, 5.188E-03, 3.183E-05, 3.951E-05, 0.000E+00, 1.063E+02, 4.384E+01, 7.964E-03, 1.048E-04, 1.239E+02, 4.192E-03, 6.683E-02
07/02/2019,13:00,9,2.401,2.901,.057,.892,.067, 1.003E+03, 7.859E+01, 2.551E-03, 3.955E-01, 2.946E+00, 3.064E+01, 1.976E+01, 1.232E+01, 2.907E+00, 4.369E+00, 2.277E+00, 4.046E-01, 1.364E-01, 1.644E-01, 1.000E+00, 4.236E-01, 5.564E-01, 1.000E-02, 1.000E+00, 1.000E+00, 4.236E-03, 2.598E-05, 3.413E-05, 0.000E+00, 1.215E+02, 5.013E+01, 7.352E-03, 8.556E-05, 1.345E+02, 3.767E-03, 6.473E-02
07/02/2019,14:00,9,2.401,2.901,-.092,.911,.054, 1.003E+03, 8.293E+01, 2.551E-03, 3.950E-01, 1.046E+00, 1.576E+01, 1.057E+01, 6.318E+00, 2.907E+00, 4.369E+00, 2.204E+00, 4.046E-01, 1.320E-01, 1.026E-01, 1.000E+00, 2.415E-01, 3.524E-01, 1.000E-02, 1.000E+00, 1.000E+00, 2.415E-03, 1.481E-05, 2.160E-05, 0.000E+00, 1.255E+02, 5.178E+01, 6.827E-03, 4.875E-05, 1.454E+02, 3.561E-03, 6.757E-02
07/02/2019,15:00,9,2.401,2.901,-.242,.931,.042, 1.003E+03, 8.858E+01, 5.541E-06, 3.945E-01, 5.821E-04, 2.207E+00, 8.885E-01, 8.767E-01,-1.536E+01, 1.295E+00, 2.408E+00, 3.447E-01, 1.309E-01, 2.067E-02, 1.000E+00, 3.543E-02, 3.588E-02, 1.000E-02, 1.000E+00, 1.000E+00, 3.543E-04, 2.170E-06, 2.198E-06, 0.000E+00, 1.406E+02, 5.222E+01, 6.373E-03, 7.147E-06, 1.567E+02, 3.395E-03, 1.025E-01
07/02/2019,16:00,9,2.401,2.901,-.200,.936,.039, 1.002E+03, 9.519E+01, 5.541E-06, 3.945E-01, 0.000E+00, 0.000E+00, 0.000E+00, 0.000E+00,-1.536E+01, 1.295E+00, 2.449E+00, 3.448E-01, 1.331E-01,-9.990E+02, 1.000E+00,-9.990E+02, 0.000E+00, 0.000E+00, 0.000E+00, 1.000E+00, 0.000E+00, 0.000E+00, 0.000E+00, 0.000E+00, 1.382E+02, 5.134E+01, 6.495E-03, 0.000E+00, 1.540E+02, 3.454E-03, 1.296E-01
07/02/2019,17:00,9,2.401,2.901,-.157,.941,.036, 1.001E+03, 1.024E+02, 5.541E-06, 3.945E-01, 0.000E+00, 0.000E+00, 0.000E+00, 0.000E+00,-1.536E+01, 1.295E+00, 2.582E+00, 3.450E-01, 1.403E-01,-9.990E+02, 1.000E+00,-9.990E+02, 0.000E+00, 0.000E+00, 0.000E+00, 1.000E+00, 0.000E+00, 0.000E+00, 0.000E+00, 0.000E+00, 1.311E+02, 4.870E+01, 6.622E-03, 0.000E+00, 1.510E+02, 3.577E-03, 1.508E-01
07/02/2019,18:00,9,2.401,2.901,-.115,.946,.033, 1.001E+03, 1.099E+02, 4.499E-01, 3.945E-01, 0.000E+00, 0.000E+00, 0.000E+00, 0.000E+00,-1.659E+01,-1.661E+00, 2.793E+00, 4.810E-01, 1.600E-01,-9.990E+02, 1.000E+00,-9.990E+02, 0.000E+00, 0.000E+00, 0.000E+00, 1.000E+00, 0.000E+00, 0.000E+00, 0.000E+00, 0.000E+00, 1.091E+02, 4.273E+01, 6.754E-03, 0.000E+00, 1.481E+02, 3.842E-03, 1.123E-01
07/02/2019,19:00,9,2.401,2.901,.136,.951,.030, 9.997E+02, 1.172E+02, 4.499E-01, 3.968E-01, 0.000E+00, 0.000E+00, 0.000E+00, 0.000E+00,-1.659E+01,-1.661E+00, 3.201E+00, 4.815E-01, 1.834E-01,-9.990E+02, 1.000E+00,-9.990E+02, 0.000E+00, 0.000E+00, 0.000E+00, 1.000E+00, 0.000E+00, 0.000E+00, 0.000E+00, 0.000E+00, 9.520E+01, 3.728E+01, 7.663E-03, 0.000E+00, 1.305E+02, 4.378E-03, 7.985E-03
07/02/2019,20:00,9,2.401,2.901,.387,.956,.027, 9.987E+02, 1.239E+02, 4.499E-01, 3.990E-01, 0.000E+00, 0.000E+00, 0.000E+00, 0.000E+00,-1.659E+01,-1.661E+00, 3.625E+00, 4.819E-01, 2.076E-01,-9.990E+02, 1.000E+00,-9.990E+02, 0.000E+00, 0.000E+00, 0.000E+00, 1.000E+00, 0.000E+00, 0.000E+00, 0.000E+00, 0.000E+00, 8.407E+01, 3.292E+01, 8.855E-03, 0.000E+00, 1.129E+02, 5.015E-03, 3.814E-02
07/02/2019,21:00,9,2.401,2.901,.638,.962,.025, 9.977E+02, 1.295E+02, 7.603E-01, 4.013E-01, 0.000E+00, 0.000E+00, 0.000E+00, 0.000E+00,-2.021E+01,-4.600E+00, 4.058E+00, 6.103E-01, 2.358E-01,-9.990E+02, 1.000E+00,-9.990E+02, 0.000E+00, 0.000E+00, 0.000E+00, 1.000E+00, 0.000E+00, 0.000E+00, 0.000E+00, 0.000E+00, 7.297E+01, 2.898E+01, 1.049E-02, 0.000E+00, 9.536E+01, 5.835E-03, 7.254E-02
07/02/2019,22:00,9,2.401,2.901,.696,.956,.028, 9.968E+02, 1.333E+02, 7.603E-01, 4.051E-01, 0.000E+00, 0.000E+00, 0.000E+00, 0.000E+00,-2.021E+01,-4.600E+00, 3.842E+00, 6.107E-01, 2.232E-01,-9.990E+02, 1.000E+00,-9.990E+02, 0.000E+00, 0.000E+00, 0.000E+00, 1.000E+00, 0.000E+00, 0.000E+00, 0.000E+00, 0.000E+00, 7.709E+01, 3.062E+01, 1.096E-02, 0.000E+00, 9.126E+01, 5.828E-03, 8.717E-02
07/02/2019,23:00,9,2.401,2.901,.755,.951,.032, 9.960E+02, 1.348E+02, 7.603E-01, 4.090E-01, 0.000E+00, 0.000E+00, 0.000E+00, 0.000E+00,-2.021E+01,-4.600E+00, 3.886E+00, 6.110E-01, 2.258E-01,-9.990E+02, 1.000E+00,-9.990E+02, 0.000E+00, 0.000E+00, 0.000E+00, 1.000E+00, 0.000E+00, 0.000E+00, 0.000E+00, 0.000E+00, 7.620E+01, 3.027E+01, 1.147E-02, 0.000E+00, 8.717E+01, 6.003E-03, 9.813E-02
08/02/2019,00:00,9,2.412,2.912,.813,.945,.036, 9.951E+02, 1.336E+02, 9.022E-03, 4.128E-01, 0.000E+00, 0.000E+00, 0.000E+00, 0.000E+00,-2.223E+01,-1.081E+00, 4.183E+00, 5.645E-01, 2.410E-01,-9.990E+02, 1.000E+00,-9.990E+02, 0.000E+00, 0.000E+00, 0.000E+00, 1.000E+00, 0.000E+00, 0.000E+00, 0.000E+00, 0.000E+00, 7.200E+01, 2.836E+01, 1.204E-02, 0.000E+00, 8.307E+01, 6.348E-03, 7.636E-02
08/02/2019,01:00,9,2.412,2.912,.680,.953,.030, 9.942E+02, 1.301E+02, 9.022E-03, 4.148E-01, 0.000E+00, 0.000E+00, 0.000E+00, 0.000E+00,-2.223E+01,-1.081E+00, 4.055E+00, 5.646E-01, 2.337E-01,-9.990E+02, 1.000E+00,-9.990E+02, 0.000E+00, 0.000E+00, 0.000E+00, 1.000E+00, 0.000E+00, 0.000E+00, 0.000E+00, 0.000E+00, 7.428E+01, 2.925E+01, 1.083E-02, 0.000E+00, 9.237E+01, 5.911E-03, 3.387E-02
08/02/2019,02:00,9,2.412,2.912,.548,.961,.025, 9.932E+02, 1.247E+02, 9.022E-03, 4.168E-01, 0.000E+00, 0.000E+00, 0.000E+00, 0.000E+00,-2.223E+01,-1.081E+00, 3.962E+00, 5.647E-01, 2.283E-01,-9.990E+02, 1.000E+00,-9.990E+02, 0.000E+00, 0.000E+00, 0.000E+00, 1.000E+00, 0.000E+00, 0.000E+00, 0.000E+00, 0.000E+00, 7.602E+01, 2.994E+01, 9.837E-03, 0.000E+00, 1.017E+02, 5.547E-03, 1.801E-02
08/02/2019,03:00,9,2.412,2.912,.415,.969,.020, 9.923E+02, 1.180E+02, 1.899E-01, 4.189E-01, 0.000E+00, 0.000E+00, 0.000E+00, 0.000E+00,-2.725E+01,-1.498E+00, 3.907E+00, 6.854E-01, 2.272E-01,-9.990E+02, 1.000E+00,-9.990E+02, 0.000E+00, 0.000E+00, 0.000E+00, 1.000E+00, 0.000E+00, 0.000E+00, 0.000E+00, 0.000E+00, 7.566E+01, 3.008E+01, 9.013E-03, 0.000E+00, 1.109E+02, 5.267E-03, 1.663E-02
08/02/2019,04:00,9,2.412,2.912,1.097,.940,.040, 9.911E+02, 1.107E+02, 1.899E-01, 4.186E-01, 0.000E+00, 0.000E+00, 0.000E+00, 0.000E+00,-2.725E+01,-1.498E+00, 4.296E+00, 6.866E-01, 2.499E-01,-9.990E+02, 1.000E+00,-9.990E+02, 0.000E+00, 0.000E+00, 0.000E+00, 1.000E+00, 0.000E+00, 0.000E+00, 0.000E+00, 0.000E+00, 6.880E+01, 2.735E+01, 1.429E-02, 0.000E+00, 7.000E+01, 7.055E-03, 1.148E-02
08/02/2019,05:00,9,2.412,2.912,1.779,.911,.062, 9.900E+02, 1.033E+02, 1.899E-01, 4.184E-01, 0.000E+00, 0.000E+00, 0.000E+00, 0.000E+00,-2.725E+01,-1.498E+00, 4.745E+00, 6.879E-01, 2.760E-01,-9.990E+02, 1.000E+00,-9.990E+02, 0.000E+00, 0.000E+00, 0.000E+00, 1.000E+00, 0.000E+00, 0.000E+00, 0.000E+00, 0.000E+00, 6.227E+01, 2.476E+01, 1.429E-02, 0.000E+00, 7.000E+01, 7.410E-03, 5.520E-02
08/02/2019,06:00,9,2.412,2.912,2.461,.882,.086, 9.889E+02, 9.596E+01, 9.288E-02, 4.181E-01, 0.000E+00, 0.000E+00, 0.000E+00, 0.000E+00,-4.590E+01,-5.297E-01, 5.240E+00, 8.113E-01, 3.046E-01,-9.990E+02, 1.000E+00,-9.990E+02, 0.000E+00, 0.000E+00, 0.000E+00, 1.000E+00, 0.000E+00, 0.000E+00, 0.000E+00, 0.000E+00, 5.646E+01, 2.244E+01, 1.429E-02, 0.000E+00, 7.000E+01, 7.760E-03, 1.221E-01
08/02/2019,07:00,9,2.412,2.912,2.673,.871,.096, 9.888E+02, 8.922E+01, 9.288E-02, 4.161E-01, 4.122E-07, 9.792E-01, 0.000E+00, 0.000E+00,-4.590E+01,-5.297E-01, 5.341E+00, 8.116E-01, 3.106E-01,-9.990E+02, 1.000E+00,-9.990E+02, 0.000E+00, 0.000E+00, 0.000E+00, 1.000E+00, 0.000E+00, 0.000E+00, 0.000E+00, 0.000E+00, 5.538E+01, 2.201E+01, 1.429E-02, 0.000E+00, 7.000E+01, 7.829E-03, 1.526E-01
08/02/2019,08:00,9,2.412,2.912,2.885,.859,.106, 9.887E+02, 8.339E+01, 9.288E-02, 4.140E-01, 4.206E-01, 1.198E+01, 6.595E+00, 4.769E+00,-4.590E+01,-5.297E-01, 5.561E+00, 8.119E-01, 3.233E-01, 9.548E-02, 1.000E+00, 1.838E-01, 2.376E-01, 1.000E-02, 1.000E+00, 1.000E+00, 1.838E-03, 1.139E-05, 1.472E-05, 0.000E+00, 5.320E+01, 2.114E+01, 1.429E-02, 3.767E-05, 6.982E+01, 7.982E-03, 2.195E-01
08/02/2019,09:00,9,2.412,2.912,3.097,.848,.116, 9.887E+02, 7.882E+01, 2.797E-02, 4.120E-01, 1.197E+01, 4.147E+01, 4.790E+01, 1.702E+01,-2.073E+01, 2.382E+00, 5.884E+00, 9.065E-01, 3.471E-01, 1.604E-01, 1.000E+00, 5.607E-01, 8.606E-01, 1.000E-02, 1.000E+00, 1.000E+00, 5.607E-03, 3.477E-05, 5.337E-05, 0.000E+00, 4.885E+01, 1.970E+01, 1.429E-02, 1.150E-04, 6.944E+01, 8.262E-03, 2.560E-01
08/02/2019,10:00,9,2.412,2.912,2.939,.842,.119, 9.894E+02, 7.586E+01, 2.797E-02, 4.097E-01, 1.828E+01, 5.502E+01, 6.007E+01, 2.266E+01,-2.073E+01, 2.382E+00, 5.794E+00, 9.059E-01, 3.418E-01, 2.011E-01, 1.000E+00, 6.684E-01, 9.155E-01, 1.000E-02, 1.000E+00, 1.000E+00, 6.684E-03, 4.143E-05, 5.674E-05, 0.000E+00, 4.961E+01, 2.000E+01, 1.429E-02, 1.370E-04, 6.934E+01, 8.215E-03, 2.047E-01
08/02/2019,11:00,9,2.412,2.912,2.782,.835,.123, 9.901E+02, 7.474E+01, 2.797E-02, 4.074E-01, 2.076E+01, 6.005E+01, 6.418E+01, 2.475E+01,-2.073E+01, 2.382E+00, 5.850E+00, 9.054E-01, 3.450E-01, 2.160E-01, 1.000E+00, 7.013E-01, 9.286E-01, 1.000E-02, 1.000E+00, 1.000E+00, 7.013E-03, 4.344E-05, 5.752E-05, 0.000E+00, 4.914E+01, 1.981E+01, 1.429E-02, 1.437E-04, 6.930E+01, 8.251E-03, 1.730E-01
08/02/2019,12:00,9,2.412,2.912,2.624,.829,.126, 9.908E+02, 7.557E+01, 4.855E-05, 4.051E-01, 7.230E+01, 5.259E+01, 1.693E+02, 2.422E+01,-2.798E+01, 1.261E+01, 6.047E+00, 8.618E-01, 3.553E-01, 2.050E-01, 1.000E+00, 7.062E-01, 9.991E-01, 1.000E-02, 1.000E+00, 1.000E+00, 7.062E-03, 4.372E-05, 6.185E-05, 0.000E+00, 4.791E+01, 1.924E+01, 1.429E-02, 1.446E-04, 6.930E+01, 8.353E-03, 1.918E-01
08/02/2019,13:00,9,2.412,2.912,2.281,.816,.133, 9.917E+02, 7.828E+01, 4.855E-05, 3.983E-01, 4.998E+01, 4.470E+01, 1.432E+02, 2.016E+01,-2.798E+01, 1.261E+01, 5.699E+00, 8.609E-01, 3.348E-01, 1.680E-01, 1.000E+00, 6.364E-01, 9.972E-01, 1.000E-02, 1.000E+00, 1.000E+00, 6.364E-03, 3.935E-05, 6.166E-05, 0.000E+00, 5.084E+01, 2.042E+01, 1.429E-02, 1.301E-04, 6.937E+01, 8.138E-03, 1.879E-01
08/02/2019,14:00,9,2.412,2.912,1.939,.803,.139, 9.925E+02, 8.262E+01, 4.855E-05, 3.914E-01, 1.877E+01, 2.985E+01, 8.592E+01, 1.282E+01,-2.798E+01, 1.261E+01, 5.352E+00, 8.600E-01, 3.144E-01, 1.065E-01, 1.000E+00, 4.694E-01, 9.708E-01, 1.000E-02, 1.000E+00, 1.000E+00, 4.694E-03, 2.899E-05, 5.995E-05, 0.000E+00, 5.414E+01, 2.174E+01, 1.429E-02, 9.588E-05, 6.953E+01, 7.905E-03, 1.674E-01
08/02/2019,15:00,9,2.412,2.912,1.597,.790,.144, 9.934E+02, 8.829E+01, 4.855E-05, 3.845E-01, 4.172E-02, 7.178E+00, 3.543E+00, 2.846E+00,-8.394E+01, 1.161E+01, 5.009E+00, 6.395E-01, 2.755E-01, 2.481E-02, 1.000E+00, 1.111E-01, 1.356E-01, 1.000E-02, 1.000E+00, 1.000E+00, 1.111E-03, 6.852E-06, 8.364E-06, 0.000E+00, 6.602E+01, 2.481E+01, 1.429E-02, 2.266E-05, 6.989E+01, 7.390E-03, 1.891E-01
08/02/2019,16:00,9,2.412,2.912,1.175,.822,.118, 9.939E+02, 9.491E+01, 4.855E-05, 3.843E-01, 0.000E+00, 0.000E+00, 0.000E+00, 0.000E+00,-8.394E+01, 1.161E+01, 4.865E+00, 6.389E-01, 2.675E-01,-9.990E+02, 1.000E+00,-9.990E+02, 0.000E+00, 0.000E+00, 0.000E+00, 1.000E+00, 0.000E+00, 0.000E+00, 0.000E+00, 0.000E+00, 6.800E+01, 2.555E+01, 1.429E-02, 0.000E+00, 7.000E+01, 7.279E-03, 1.906E-01
08/02/2019,17:00,9,2.412,2.912,.754,.855,.094, 9.945E+02, 1.021E+02, 4.855E-05, 3.840E-01, 0.000E+00, 0.000E+00, 0.000E+00, 0.000E+00,-8.394E+01, 1.161E+01, 4.721E+00, 6.382E-01, 2.595E-01,-9.990E+02, 1.000E+00,-9.990E+02, 0.000E+00, 0.000E+00, 0.000E+00, 1.000E+00, 0.000E+00, 0.000E+00, 0.000E+00, 0.000E+00, 7.009E+01, 2.634E+01, 1.146E-02, 0.000E+00, 8.723E+01, 6.383E-03, 1.636E-01
08/02/2019,18:00,9,2.412,2.912,.332,.887,.071, 9.951E+02, 1.096E+02, 2.706E-04, 3.838E-01, 0.000E+00, 0.000E+00, 0.000E+00, 0.000E+00,-5.122E+01,-1.463E+00, 4.578E+00, 6.085E-01, 2.573E-01,-9.990E+02, 1.000E+00,-9.990E+02, 0.000E+00, 0.000E+00, 0.000E+00, 1.000E+00, 0.000E+00, 0.000E+00, 0.000E+00, 0.000E+00, 6.913E+01, 2.656E+01, 8.567E-03, 0.000E+00, 1.167E+02, 5.359E-03, 1.483E-01
08/02/2019,19:00,9,2.412,2.912,1.019,.889,.073, 9.954E+02, 1.169E+02, 2.706E-04, 3.833E-01, 0.000E+00, 0.000E+00, 0.000E+00, 0.000E+00,-5.122E+01,-1.463E+00, 4.482E+00, 6.092E-01, 2.520E-01,-9.990E+02, 1.000E+00,-9.990E+02, 0.000E+00, 0.000E+00, 0.000E+00, 1.000E+00, 0.000E+00, 0.000E+00, 0.000E+00, 0.000E+00, 7.059E+01, 2.713E+01, 1.429E-02, 0.000E+00, 7.000E+01, 7.073E-03, 1.047E-01
08/02/2019,20:00,9,2.412,2.912,1.706,.890,.076, 9.957E+02, 1.236E+02, 2.706E-04, 3.828E-01, 0.000E+00, 0.000E+00, 0.000E+00, 0.000E+00,-5.122E+01,-1.463E+00, 4.437E+00, 6.098E-01, 2.495E-01,-9.990E+02, 1.000E+00,-9.990E+02, 0.000E+00, 0.000E+00, 0.000E+00, 1.000E+00, 0.000E+00, 0.000E+00, 0.000E+00, 0.000E+00, 7.127E+01, 2.739E+01, 1.429E-02, 0.000E+00, 7.000E+01, 7.038E-03, 1.169E-01
08/02/2019,21:00,9,2.412,2.912,2.393,.892,.079, 9.960E+02, 1.292E+02, 4.428E-02, 3.823E-01, 0.000E+00, 0.000E+00, 0.000E+00, 0.000E+00,-3.969E+01,-1.873E+00, 4.446E+00, 5.588E-01, 2.499E-01,-9.990E+02, 1.000E+00,-9.990E+02, 0.000E+00, 0.000E+00, 0.000E+00, 1.000E+00, 0.000E+00, 0.000E+00, 0.000E+00, 0.000E+00, 7.118E+01, 2.735E+01, 1.429E-02, 0.000E+00, 7.000E+01, 7.044E-03, 1.753E-01
08/02/2019,22:00,9,2.412,2.912,2.009,.904,.068, 9.956E+02, 1.330E+02, 4.428E-02, 3.815E-01, 0.000E+00, 0.000E+00, 0.000E+00, 0.000E+00,-3.969E+01,-1.873E+00, 4.080E+00, 5.585E-01, 2.293E-01,-9.990E+02, 1.000E+00,-9.990E+02, 0.000E+00, 0.000E+00, 0.000E+00, 1.000E+00, 0.000E+00, 0.000E+00, 0.000E+00, 0.000E+00, 7.758E+01, 2.981E+01, 1.429E-02, 0.000E+00, 7.000E+01, 6.737E-03, 1.453E-01
08/02/2019,23:00,9,2.412,2.912,1.624,.917,.057, 9.952E+02, 1.345E+02, 4.428E-02, 3.807E-01, 0.000E+00, 0.000E+00, 0.000E+00, 0.000E+00,-3.969E+01,-1.873E+00, 3.941E+00, 5.582E-01, 2.215E-01,-9.990E+02, 1.000E+00,-9.990E+02, 0.000E+00, 0.000E+00, 0.000E+00, 1.000E+00, 0.000E+00, 0.000E+00, 0.000E+00, 0.000E+00, 8.034E+01, 3.086E+01, 1.429E-02, 0.000E+00, 7.000E+01, 6.614E-03, 1.238E-01
09/02/2019,00:00,9,2.423,2.923,1.239,.930,.047, 9.948E+02, 1.333E+02, 3.105E-01, 3.800E-01, 0.000E+00, 0.000E+00, 0.000E+00, 0.000E+00,-2.456E+01,-3.606E+00, 4.053E+00, 6.270E-01, 2.349E-01,-9.990E+02, 1.000E+00,-9.990E+02, 0.000E+00, 0.000E+00, 0.000E+00, 1.000E+00, 0.000E+00, 0.000E+00, 0.000E+00, 0.000E+00, 7.347E+01, 2.910E+01, 1.429E-02, 0.000E+00, 7.000E+01, 6.832E-03, 3.059E-02
09/02/2019,01:00,9,2.423,2.923,1.597,.922,.053, 9.937E+02, 1.298E+02, 3.105E-01, 3.721E-01, 0.000E+00, 0.000E+00, 0.000E+00, 0.000E+00,-2.456E+01,-3.606E+00, 4.221E+00, 6.277E-01, 2.447E-01,-9.990E+02, 1.000E+00,-9.990E+02, 0.000E+00, 0.000E+00, 0.000E+00, 1.000E+00, 0.000E+00, 0.000E+00, 0.000E+00, 0.000E+00, 7.052E+01, 2.794E+01, 1.429E-02, 0.000E+00, 7.000E+01, 6.978E-03, 8.346E-02
09/02/2019,02:00,9,2.423,2.923,1.954,.915,.060, 9.927E+02, 1.244E+02, 3.105E-01, 3.642E-01, 0.000E+00, 0.000E+00, 0.000E+00, 0.000E+00,-2.456E+01,-3.606E+00, 4.391E+00, 6.285E-01, 2.545E-01,-9.990E+02, 1.000E+00,-9.990E+02, 0.000E+00, 0.000E+00, 0.000E+00, 1.000E+00, 0.000E+00, 0.000E+00, 0.000E+00, 0.000E+00, 6.779E+01, 2.686E+01, 1.429E-02, 0.000E+00, 7.000E+01, 7.119E-03, 7.083E-02
09/02/2019,03:00,9,2.423,2.923,2.311,.908,.066, 9.917E+02, 1.177E+02, 6.033E-02, 3.563E-01, 0.000E+00, 0.000E+00, 0.000E+00, 0.000E+00,-3.958E+01,-8.572E+00, 4.561E+00, 6.756E-01, 2.625E-01,-9.990E+02, 1.000E+00,-9.990E+02, 0.000E+00, 0.000E+00, 0.000E+00, 1.000E+00, 0.000E+00, 0.000E+00, 0.000E+00, 0.000E+00, 6.621E+01, 2.604E+01, 1.429E-02, 0.000E+00, 7.000E+01, 7.226E-03, 1.044E-01
09/02/2019,04:00,9,2.423,2.923,2.440,.907,.068, 9.909E+02, 1.105E+02, 6.033E-02, 3.543E-01, 0.000E+00, 0.000E+00, 0.000E+00, 0.000E+00,-3.958E+01,-8.572E+00, 4.625E+00, 6.760E-01, 2.661E-01,-9.990E+02, 1.000E+00,-9.990E+02, 0.000E+00, 0.000E+00, 0.000E+00, 1.000E+00, 0.000E+00, 0.000E+00, 0.000E+00, 0.000E+00, 6.529E+01, 2.568E+01, 1.429E-02, 0.000E+00, 7.000E+01, 7.276E-03, 9.678E-02
09/02/2019,05:00,9,2.423,2.923,2.569,.906,.069, 9.901E+02, 1.030E+02, 6.033E-02, 3.522E-01, 0.000E+00, 0.000E+00, 0.000E+00, 0.000E+00,-3.958E+01,-8.572E+00, 4.689E+00, 6.765E-01, 2.699E-01,-9.990E+02, 1.000E+00,-9.990E+02, 0.000E+00, 0.000E+00, 0.000E+00, 1.000E+00, 0.000E+00, 0.000E+00, 0.000E+00, 0.000E+00, 6.439E+01, 2.533E+01, 1.429E-02, 0.000E+00, 7.000E+01, 7.326E-03, 9.010E-02
09/02/2019,06:00,9,2.423,2.923,2.698,.905,.070, 9.894E+02, 9.568E+01, 1.164E-01, 3.502E-01, 0.000E+00, 0.000E+00, 0.000E+00, 0.000E+00,-3.584E+01,-1.056E+01, 4.753E+00, 7.067E-01, 2.753E-01,-9.990E+02, 1.000E+00,-9.990E+02, 0.000E+00, 0.000E+00, 0.000E+00, 1.000E+00, 0.000E+00, 0.000E+00, 0.000E+00, 0.000E+00, 6.271E+01, 2.483E+01, 1.429E-02, 0.000E+00, 7.000E+01, 7.399E-03, 9.166E-02
09/02/2019,07:00,9,2.423,2.923,2.837,.900,.075, 9.889E+02, 8.893E+01, 1.164E-01, 3.477E-01, 1.379E-05, 1.230E+00, 4.863E-01, 4.859E-01,-3.584E+01,-1.056E+01, 4.838E+00, 7.070E-01, 2.802E-01, 1.538E-02, 1.000E+00, 1.979E-02, 1.980E-02, 1.000E-02, 1.000E+00, 1.000E+00, 1.979E-04, 1.226E-06, 1.227E-06, 0.000E+00, 6.161E+01, 2.439E+01, 1.429E-02, 4.073E-06, 6.998E+01, 7.463E-03, 1.051E-01
09/02/2019,08:00,9,2.423,2.923,2.975,.894,.080, 9.884E+02, 8.309E+01, 1.164E-01, 3.451E-01, 3.234E-01, 1.184E+01, 6.038E+00, 4.695E+00,-3.584E+01,-1.056E+01, 4.923E+00, 7.074E-01, 2.852E-01, 9.933E-02, 1.000E+00, 1.800E-01, 2.199E-01, 1.000E-02, 1.000E+00, 1.000E+00, 1.800E-03, 1.116E-05, 1.363E-05, 0.000E+00, 6.054E+01, 2.397E+01, 1.429E-02, 3.707E-05, 6.982E+01, 7.535E-03, 1.097E-01
09/02/2019,09:00,9,2.423,2.923,3.114,.889,.085, 9.879E+02, 7.851E+01, 3.788E-01, 3.426E-01, 9.696E-01, 2.441E+01, 1.213E+01, 9.691E+00,-2.117E+01,-9.616E+00, 5.008E+00, 7.073E-01, 2.931E-01, 1.640E-01, 1.000E+00, 3.392E-01, 3.927E-01, 1.000E-02, 1.000E+00, 1.000E+00, 3.392E-03, 2.104E-05, 2.435E-05, 0.000E+00, 5.832E+01, 2.332E+01, 1.429E-02, 6.989E-05, 6.966E+01, 7.645E-03, 1.240E-01
09/02/2019,10:00,9,2.423,2.923,3.154,.886,.088, 9.873E+02, 7.554E+01, 3.788E-01, 3.398E-01, 1.461E+00, 3.306E+01, 1.605E+01, 1.313E+01,-2.117E+01,-9.616E+00, 4.953E+00, 7.075E-01, 2.898E-01, 2.045E-01, 1.000E+00, 4.307E-01, 4.833E-01, 1.000E-02, 1.000E+00, 1.000E+00, 4.307E-03, 2.672E-05, 2.998E-05, 0.000E+00, 5.897E+01, 2.359E+01, 1.429E-02, 8.875E-05, 6.957E+01, 7.610E-03, 1.535E-01
09/02/2019,11:00,9,2.423,2.923,3.194,.882,.090, 9.867E+02, 7.442E+01, 3.788E-01, 3.370E-01, 1.655E+00, 3.633E+01, 1.750E+01, 1.442E+01,-2.117E+01,-9.616E+00, 4.902E+00, 7.078E-01, 2.868E-01, 2.193E-01, 1.000E+00, 4.619E-01, 5.132E-01, 1.000E-02, 1.000E+00, 1.000E+00, 4.619E-03, 2.866E-05, 3.184E-05, 0.000E+00, 5.958E+01, 2.383E+01, 1.429E-02, 9.520E-05, 6.954E+01, 7.575E-03, 2.595E-01
09/02/2019,12:00,9,2.423,2.923,3.235,.879,.093, 9.861E+02, 7.525E+01, 2.645E-01, 3.342E-01, 3.807E+00, 4.088E+01, 2.380E+01, 1.633E+01,-2.884E+01,-9.647E+00, 4.857E+00, 6.309E-01, 2.804E-01, 2.084E-01, 1.000E+00, 5.172E-01, 6.243E-01, 1.000E-02, 1.000E+00, 1.000E+00, 5.172E-03, 3.209E-05, 3.874E-05, 0.000E+00, 6.179E+01, 2.438E+01, 1.429E-02, 1.066E-04, 6.948E+01, 7.492E-03, 2.791E-01
09/02/2019,13:00,9,2.423,2.923,3.097,.883,.089, 9.858E+02, 7.796E+01, 2.645E-01, 3.253E-01, 2.668E+00, 3.150E+01, 1.897E+01, 1.257E+01,-2.884E+01,-9.647E+00, 4.614E+00, 6.309E-01, 2.664E-01, 1.716E-01, 1.000E+00, 4.274E-01, 5.417E-01, 1.000E-02, 1.000E+00, 1.000E+00, 4.274E-03, 2.651E-05, 3.359E-05, 0.000E+00, 6.504E+01, 2.566E+01, 1.429E-02, 8.806E-05, 6.957E+01, 7.303E-03, 2.323E-01
09/02/2019,14:00,9,2.423,2.923,2.958,.888,.085, 9.855E+02, 8.232E+01, 2.645E-01, 3.164E-01, 1.055E+00, 1.694E+01, 1.069E+01, 6.746E+00,-2.884E+01,-9.647E+00, 4.372E+00, 6.308E-01, 2.524E-01, 1.103E-01, 1.000E+00, 2.548E-01, 3.558E-01, 1.000E-02, 1.000E+00, 1.000E+00, 2.548E-03, 1.579E-05, 2.205E-05, 0.000E+00, 6.864E+01, 2.708E+01, 1.429E-02, 5.247E-05, 6.974E+01, 7.101E-03, 2.455E-01
09/02/2019,15:00,9,2.423,2.923,2.820,.892,.081, 9.853E+02, 8.799E+01, 1.160E-03, 3.075E-01, 5.808E-02, 6.281E+00, 3.313E+00, 2.484E+00,-3.934E+01,-9.299E+00, 4.131E+00, 5.719E-01, 2.330E-01, 2.894E-02, 1.000E+00, 9.801E-02, 1.274E-01, 1.000E-02, 1.000E+00, 1.000E+00, 9.801E-04, 6.072E-06, 7.892E-06, 0.000E+00, 7.607E+01, 2.933E+01, 1.429E-02, 2.017E-05, 6.990E+01, 6.800E-03, 2.737E-01
09/02/2019,16:00,9,2.423,2.923,2.775,.896,.078, 9.851E+02, 9.462E+01, 1.160E-03, 3.052E-01, 0.000E+00, 0.000E+00, 0.000E+00, 0.000E+00,-3.934E+01,-9.299E+00, 4.083E+00, 5.719E-01, 2.303E-01,-9.990E+02, 1.000E+00,-9.990E+02, 0.000E+00, 0.000E+00, 0.000E+00, 1.000E+00, 0.000E+00, 0.000E+00, 0.000E+00, 0.000E+00, 7.696E+01, 2.967E+01, 1.429E-02, 0.000E+00, 7.000E+01, 6.754E-03, 2.821E-01
09/02/2019,17:00,9,2.423,2.923,2.731,.900,.074, 9.849E+02, 1.018E+02, 1.160E-03, 3.029E-01, 0.000E+00, 0.000E+00, 0.000E+00, 0.000E+00,-3.934E+01,-9.299E+00, 4.036E+00, 5.720E-01, 2.276E-01,-9.990E+02, 1.000E+00,-9.990E+02, 0.000E+00, 0.000E+00, 0.000E+00, 1.000E+00, 0.000E+00, 0.000E+00, 0.000E+00, 0.000E+00, 7.787E+01, 3.003E+01, 1.429E-02, 0.000E+00, 7.000E+01, 6.712E-03, 2.894E-01
09/02/2019,18:00,9,2.423,2.923,2.686,.904,.071, 9.846E+02, 1.093E+02, 8.293E-04, 3.006E-01, 0.000E+00, 0.000E+00, 0.000E+00, 0.000E+00,-4.633E+01,-1.067E+01, 3.988E+00, 5.471E-01, 2.211E-01,-9.990E+02, 1.000E+00,-9.990E+02, 0.000E+00, 0.000E+00, 0.000E+00, 1.000E+00, 0.000E+00, 0.000E+00, 0.000E+00, 0.000E+00, 8.157E+01, 3.091E+01, 1.429E-02, 0.000E+00, 7.000E+01, 6.603E-03, 2.710E-01
09/02/2019,19:00,9,2.423,2.923,2.296,.923,.055, 9.842E+02, 1.166E+02, 8.293E-04, 2.991E-01, 0.000E+00, 0.000E+00, 0.000E+00, 0.000E+00,-4.633E+01,-1.067E+01, 4.020E+00, 5.469E-01, 2.229E-01,-9.990E+02, 1.000E+00,-9.990E+02, 0.000E+00, 0.000E+00, 0.000E+00, 1.000E+00, 0.000E+00, 0.000E+00, 0.000E+00, 0.000E+00, 8.093E+01, 3.067E+01, 1.429E-02, 0.000E+00, 7.000E+01, 6.631E-03, 2.410E-01
09/02/2019,20:00,9,2.423,2.923,1.906,.943,.040, 9.837E+02, 1.233E+02, 8.293E-04, 2.976E-01, 0.000E+00, 0.000E+00, 0.000E+00, 0.000E+00,-4.633E+01,-1.067E+01, 4.074E+00, 5.466E-01, 2.258E-01,-9.990E+02, 1.000E+00,-9.990E+02, 0.000E+00, 0.000E+00, 0.000E+00, 1.000E+00, 0.000E+00, 0.000E+00, 0.000E+00, 0.000E+00, 7.988E+01, 3.027E+01, 1.429E-02, 0.000E+00, 7.000E+01, 6.678E-03, 1.335E-01
09/02/2019,21:00,9,2.423,2.923,1.516,.962,.026, 9.832E+02, 1.289E+02, 5.026E-01, 2.960E-01, 0.000E+00, 0.000E+00, 0.000E+00, 0.000E+00,-4.358E+01,-7.933E+00, 4.149E+00, 6.229E-01, 2.357E-01,-9.990E+02, 1.000E+00,-9.990E+02, 0.000E+00, 0.000E+00, 0.000E+00, 1.000E+00, 0.000E+00, 0.000E+00, 0.000E+00, 0.000E+00, 7.468E+01, 2.900E+01, 1.429E-02, 0.000E+00, 7.000E+01, 6.838E-03, 1.128E-01
09/02/2019,22:00,9,2.423,2.923,1.788,.940,.042, 9.822E+02, 1.327E+02, 5.026E-01, 2.958E-01, 0.000E+00, 0.000E+00, 0.000E+00, 0.000E+00,-4.358E+01,-7.933E+00, 4.333E+00, 6.235E-01, 2.462E-01,-9.990E+02, 1.000E+00,-9.990E+02, 0.000E+00, 0.000E+00, 0.000E+00, 1.000E+00, 0.000E+00, 0.000E+00, 0.000E+00, 0.000E+00, 7.150E+01, 2.777E+01, 1.429E-02, 0.000E+00, 7.000E+01, 6.993E-03, 9.444E-02
09/02/2019,23:00,9,2.423,2.923,2.060,.918,.058, 9.813E+02, 1.341E+02, 5.026E-01, 2.955E-01, 0.000E+00, 0.000E+00, 0.000E+00, 0.000E+00,-4.358E+01,-7.933E+00, 4.518E+00, 6.241E-01, 2.567E-01,-9.990E+02, 1.000E+00,-9.990E+02, 0.000E+00, 0.000E+00, 0.000E+00, 1.000E+00, 0.000E+00, 0.000E+00, 0.000E+00, 0.000E+00, 6.855E+01, 2.663E+01, 1.429E-02, 0.000E+00, 7.000E+01, 7.143E-03, 8.852E-02
10/02/2019,00:00,9,2.433,2.933,2.332,.895,.076, 9.803E+02, 1.330E+02, 1.430E-01, 2.953E-01, 0.000E+00, 0.000E+00, 0.000E+00, 0.000E+00,-4.027E+01,-5.365E+00, 4.705E+00, 7.009E-01, 2.714E-01,-9.990E+02, 1.000E+00,-9.990E+02, 0.000E+00, 0.000E+00, 0.000E+00, 1.000E+00, 0.000E+00, 0.000E+00, 0.000E+00, 0.000E+00, 6.387E+01, 2.518E+01, 1.429E-02, 0.000E+00, 7.000E+01, 7.347E-03, 1.438E-01
10/02/2019,01:00,9,2.433,2.933,2.620,.889,.082, 9.800E+02, 1.295E+02, 1.430E-01, 2.892E-01, 0.000E+00, 0.000E+00, 0.000E+00, 0.000E+00,-4.027E+01,-5.365E+00, 4.929E+00, 7.013E-01, 2.844E-01,-9.990E+02, 1.000E+00,-9.990E+02, 0.000E+00, 0.000E+00, 0.000E+00, 1.000E+00, 0.000E+00, 0.000E+00, 0.000E+00, 0.000E+00, 6.096E+01, 2.404E+01, 1.429E-02, 0.000E+00, 7.000E+01, 7.513E-03, 1.581E-01
10/02/2019,02:00,9,2.433,2.933,2.907,.883,.088, 9.798E+02, 1.241E+02, 1.430E-01, 2.831E-01, 0.000E+00, 0.000E+00, 0.000E+00, 0.000E+00,-4.027E+01,-5.365E+00, 5.252E+00, 7.018E-01, 3.030E-01,-9.990E+02, 1.000E+00,-9.990E+02, 0.000E+00, 0.000E+00, 0.000E+00, 1.000E+00, 0.000E+00, 0.000E+00, 0.000E+00, 0.000E+00, 5.721E+01, 2.256E+01, 1.429E-02, 0.000E+00, 7.000E+01, 7.739E-03, 1.533E-01
10/02/2019,03:00,9,2.433,2.933,3.195,.877,.095, 9.796E+02, 1.175E+02, 4.456E-02, 2.770E-01, 0.000E+00, 0.000E+00, 0.000E+00, 0.000E+00,-5.956E+01,-1.133E+01, 5.656E+00, 8.911E-01, 3.289E-01,-9.990E+02, 1.000E+00,-9.990E+02, 0.000E+00, 0.000E+00, 0.000E+00, 1.000E+00, 0.000E+00, 0.000E+00, 0.000E+00, 0.000E+00, 5.228E+01, 2.078E+01, 1.429E-02, 0.000E+00, 7.000E+01, 8.031E-03, 1.502E-01
10/02/2019,04:00,9,2.433,2.933,3.461,.869,.103, 9.797E+02, 1.102E+02, 4.456E-02, 2.739E-01, 0.000E+00, 0.000E+00, 0.000E+00, 0.000E+00,-5.956E+01,-1.133E+01, 5.753E+00, 8.915E-01, 3.346E-01,-9.990E+02, 1.000E+00,-9.990E+02, 0.000E+00, 0.000E+00, 0.000E+00, 1.000E+00, 0.000E+00, 0.000E+00, 0.000E+00, 0.000E+00, 5.139E+01, 2.043E+01, 1.429E-02, 0.000E+00, 7.000E+01, 8.091E-03, 1.293E-01
10/02/2019,05:00,9,2.433,2.933,3.727,.860,.111, 9.798E+02, 1.027E+02, 4.456E-02, 2.709E-01, 0.000E+00, 0.000E+00, 0.000E+00, 0.000E+00,-5.956E+01,-1.133E+01, 5.900E+00, 8.918E-01, 3.431E-01,-9.990E+02, 1.000E+00,-9.990E+02, 0.000E+00, 0.000E+00, 0.000E+00, 1.000E+00, 0.000E+00, 0.000E+00, 0.000E+00, 0.000E+00, 5.011E+01, 1.992E+01, 1.429E-02, 0.000E+00, 7.000E+01, 8.180E-03, 5.791E-02
10/02/2019,06:00,9,2.433,2.933,3.993,.852,.120, 9.799E+02, 9.540E+01, 3.591E-02, 2.678E-01, 0.000E+00, 0.000E+00, 0.000E+00, 0.000E+00,-6.220E+01,-5.756E+00, 6.093E+00, 9.475E-01, 3.553E-01,-9.990E+02, 1.000E+00,-9.990E+02, 0.000E+00, 0.000E+00, 0.000E+00, 1.000E+00, 0.000E+00, 0.000E+00, 0.000E+00, 0.000E+00, 4.827E+01, 1.924E+01, 1.429E-02, 0.000E+00, 7.000E+01, 8.302E-03, 7.142E-02
10/02/2019,07:00,9,2.433,2.933,4.014,.835,.134, 9.805E+02, 8.864E+01, 3.591E-02, 2.645E-01, 2.193E-04, 1.709E+00, 6.777E-01, 6.731E-01,-6.220E+01,-5.756E+00, 6.259E+00, 9.473E-01, 3.650E-01, 1.950E-02, 1.000E+00, 2.731E-02, 2.749E-02, 1.000E-02, 1.000E+00, 1.000E+00, 2.731E-04, 1.699E-06, 1.710E-06, 0.000E+00, 4.698E+01, 1.873E+01, 1.429E-02, 5.670E-06, 6.997E+01, 8.397E-03, 9.861E-02
10/02/2019,08:00,9,2.433,2.933,4.035,.818,.149, 9.811E+02, 8.279E+01, 3.591E-02, 2.612E-01, 5.284E-01, 1.366E+01, 7.511E+00, 5.407E+00,-6.220E+01,-5.756E+00, 6.436E+00, 9.470E-01, 3.753E-01, 1.032E-01, 1.000E+00, 2.062E-01, 2.658E-01, 1.000E-02, 1.000E+00, 1.000E+00, 2.062E-03, 1.283E-05, 1.654E-05, 0.000E+00, 4.569E+01, 1.821E+01, 1.429E-02, 4.282E-05, 6.979E+01, 8.507E-03, 1.528E-01
10/02/2019,09:00,9,2.433,2.933,4.055,.800,.163, 9.817E+02, 7.820E+01, 0.000E+00, 2.579E-01, 4.692E+01, 4.126E+01, 1.333E+02, 1.854E+01,-3.917E+01, 1.154E+01, 6.624E+00, 9.705E-01, 3.892E-01, 1.677E-01, 1.000E+00, 6.111E-01, 9.958E-01, 1.000E-02, 1.000E+00, 1.000E+00, 6.111E-03, 3.803E-05, 6.197E-05, 0.000E+00, 4.373E+01, 1.756E+01, 1.429E-02, 1.269E-04, 6.938E+01, 8.665E-03, 2.002E-01
10/02/2019,10:00,9,2.433,2.933,4.100,.782,.179, 9.822E+02, 7.522E+01, 0.000E+00, 2.548E-01, 6.965E+01, 4.916E+01, 1.591E+02, 2.260E+01,-3.917E+01, 1.154E+01, 6.381E+00, 9.703E-01, 3.749E-01, 2.080E-01, 1.000E+00, 6.870E-01, 9.986E-01, 1.000E-02, 1.000E+00, 1.000E+00, 6.870E-03, 4.276E-05, 6.215E-05, 0.000E+00, 4.540E+01, 1.823E+01, 1.429E-02, 1.427E-04, 6.931E+01, 8.540E-03, 2.497E-01
10/02/2019,11:00,9,2.433,2.933,4.145,.764,.194, 9.828E+02, 7.409E+01, 0.000E+00, 2.518E-01, 7.851E+01, 5.184E+01, 1.672E+02, 2.400E+01,-3.917E+01, 1.154E+01, 6.138E+00, 9.701E-01, 3.606E-01, 2.226E-01, 1.000E+00, 7.100E-01, 9.990E-01, 1.000E-02, 1.000E+00, 1.000E+00, 7.100E-03, 4.420E-05, 6.219E-05, 0.000E+00, 4.719E+01, 1.895E+01, 1.429E-02, 1.475E-04, 6.928E+01, 8.406E-03, 2.978E-01
10/02/2019,12:00,9,2.433,2.933,4.189,.745,.210, 9.834E+02, 7.493E+01, 3.517E-06, 2.487E-01, 7.686E+01, 5.334E+01, 1.723E+02, 2.456E+01,-5.164E+01, 1.128E+01, 5.896E+00, 7.888E-01, 3.411E-01, 2.118E-01, 1.000E+00, 7.128E-01, 9.992E-01, 1.000E-02, 1.000E+00, 1.000E+00, 7.128E-03, 4.438E-05, 6.221E-05, 0.000E+00, 5.067E+01, 2.004E+01, 1.429E-02, 1.481E-04, 6.928E+01, 8.206E-03, 3.532E-01
10/02/2019,13:00,9,2.433,2.933,3.890,.762,.192, 9.838E+02, 7.765E+01, 3.517E-06, 2.454E-01, 5.447E+01, 4.580E+01, 1.480E+02, 2.068E+01,-5.164E+01, 1.128E+01, 5.524E+00, 7.881E-01, 3.196E-01, 1.753E-01, 1.000E+00, 6.472E-01, 9.977E-01, 1.000E-02, 1.000E+00, 1.000E+00, 6.472E-03, 4.025E-05, 6.205E-05, 0.000E+00, 5.409E+01, 2.139E+01, 1.429E-02, 1.343E-04, 6.935E+01, 7.969E-03, 3.767E-01
10/02/2019,14:00,9,2.433,2.933,3.590,.778,.175, 9.843E+02, 8.201E+01, 3.517E-06, 2.421E-01, 2.248E+01, 3.153E+01, 9.446E+01, 1.359E+01,-5.164E+01, 1.128E+01, 5.167E+00, 7.875E-01, 2.989E-01, 1.142E-01, 1.000E+00, 4.912E-01, 9.795E-01, 1.000E-02, 1.000E+00, 1.000E+00, 4.912E-03, 3.051E-05, 6.085E-05, 0.000E+00, 5.783E+01, 2.287E+01, 1.429E-02, 1.018E-04, 6.950E+01, 7.721E-03, 3.591E-01
10/02/2019,15:00,9,2.433,2.933,3.290,.794,.159, 9.847E+02, 8.769E+01, 3.517E-06, 2.388E-01, 2.761E-01, 9.647E+00, 7.247E+00, 3.816E+00,-6.987E+01, 2.170E+00, 4.828E+00, 5.646E-01, 2.612E-01, 3.307E-02, 1.000E+00, 1.490E-01, 2.577E-01, 1.000E-02, 1.000E+00, 1.000E+00, 1.490E-03, 9.244E-06, 1.600E-05, 0.000E+00, 7.075E+01, 2.617E+01, 1.429E-02, 3.085E-05, 6.985E+01, 7.197E-03, 3.526E-01
10/02/2019,16:00,9,2.433,2.933,2.658,.826,.129, 9.850E+02, 9.433E+01, 3.517E-06, 2.378E-01, 0.000E+00, 0.000E+00, 0.000E+00, 0.000E+00,-6.987E+01, 2.170E+00, 4.534E+00, 5.638E-01, 2.452E-01,-9.990E+02, 1.000E+00,-9.990E+02, 0.000E+00, 0.000E+00, 0.000E+00, 1.000E+00, 0.000E+00, 0.000E+00, 0.000E+00, 0.000E+00, 7.539E+01, 2.787E+01, 1.429E-02, 0.000E+00, 7.000E+01, 6.964E-03, 3.306E-01
10/02/2019,17:00,9,2.433,2.933,2.026,.857,.101, 9.853E+02, 1.016E+02, 3.517E-06, 2.368E-01, 0.000E+00, 0.000E+00, 0.000E+00, 0.000E+00,-6.987E+01, 2.170E+00, 4.287E+00, 5.631E-01, 2.318E-01,-9.990E+02, 1.000E+00,-9.990E+02, 0.000E+00, 0.000E+00, 0.000E+00, 1.000E+00, 0.000E+00, 0.000E+00, 0.000E+00, 0.000E+00, 7.979E+01, 2.949E+01, 1.429E-02, 0.000E+00, 7.000E+01, 6.762E-03, 3.319E-01
10/02/2019,18:00,9,2.433,2.933,1.395,.888,.076, 9.855E+02, 1.090E+02, 3.517E-06, 2.358E-01, 0.000E+00, 0.000E+00, 0.000E+00, 0.000E+00,-6.376E+01,-5.113E+00, 4.094E+00, 4.543E-01, 2.077E-01,-9.990E+02, 1.000E+00,-9.990E+02, 0.000E+00, 0.000E+00, 0.000E+00, 1.000E+00, 0.000E+00, 0.000E+00, 0.000E+00, 0.000E+00, 9.494E+01, 3.292E+01, 1.429E-02, 0.000E+00, 7.000E+01, 6.350E-03, 2.618E-01
10/02/2019,19:00,9,2.433,2.933,.864,.914,.056, 9.857E+02, 1.163E+02, 3.517E-06, 2.358E-01, 0.000E+00, 0.000E+00, 0.000E+00, 0.000E+00,-6.376E+01,-5.113E+00, 3.833E+00, 4.538E-01, 1.943E-01,-9.990E+02, 1.000E+00,-9.990E+02, 0.000E+00, 0.000E+00, 0.000E+00, 1.000E+00, 0.000E+00, 0.000E+00, 0.000E+00, 0.000E+00, 1.015E+02, 3.517E+01, 1.258E-02, 0.000E+00, 7.949E+01, 5.782E-03, 2.056E-01
10/02/2019,20:00,9,2.433,2.933,.334,.939,.038, 9.858E+02, 1.230E+02, 3.517E-06, 2.358E-01, 0.000E+00, 0.000E+00, 0.000E+00, 0.000E+00,-6.376E+01,-5.113E+00, 3.573E+00, 4.533E-01, 1.810E-01,-9.990E+02, 1.000E+00,-9.990E+02, 0.000E+00, 0.000E+00, 0.000E+00, 1.000E+00, 0.000E+00, 0.000E+00, 0.000E+00, 0.000E+00, 1.090E+02, 3.776E+01, 8.575E-03, 0.000E+00, 1.166E+02, 4.609E-03, 2.033E-01
10/02/2019,21:00,9,2.433,2.933,-.196,.965,.021, 9.859E+02, 1.286E+02, 3.517E-06, 2.358E-01, 0.000E+00, 0.000E+00, 0.000E+00, 0.000E+00,-3.560E+01,-1.473E+01, 3.312E+00, 2.911E-01, 1.443E-01,-9.990E+02, 1.000E+00,-9.990E+02, 0.000E+00, 0.000E+00, 0.000E+00, 1.000E+00, 0.000E+00, 0.000E+00, 0.000E+00, 0.000E+00, 1.590E+02, 4.736E+01, 6.505E-03, 0.000E+00, 1.537E+02, 3.550E-03, 1.459E-01
10/02/2019,22:00,9,2.433,2.933,-.445,.965,.020, 9.861E+02, 1.324E+02, 3.517E-06, 2.360E-01, 0.000E+00, 0.000E+00, 0.000E+00, 0.000E+00,-3.560E+01,-1.473E+01, 3.009E+00, 2.909E-01, 1.311E-01,-9.990E+02, 1.000E+00,-9.990E+02, 0.000E+00, 0.000E+00, 0.000E+00, 1.000E+00, 0.000E+00, 0.000E+00, 0.000E+00, 0.000E+00, 1.751E+02, 5.215E+01, 5.843E-03, 0.000E+00, 1.711E+02, 3.205E-03, 1.338E-01
10/02/2019,23:00,9,2.433,2.933,-.694,.966,.020, 9.862E+02, 1.338E+02, 3.517E-06, 2.363E-01, 0.000E+00, 0.000E+00, 0.000E+00, 0.000E+00,-3.560E+01,-1.473E+01, 2.756E+00, 2.907E-01, 1.200E-01,-9.990E+02, 1.000E+00,-9.990E+02, 0.000E+00, 0.000E+00, 0.000E+00, 1.000E+00, 0.000E+00, 0.000E+00, 0.000E+00, 0.000E+00, 1.913E+02, 5.694E+01, 5.304E-03, 0.000E+00, 1.886E+02, 2.921E-03, 1.260E-01
11/02/2019,00:00,9,2.444,2.944,-.942,.966,.019, 9.864E+02, 1.327E+02, 1.224E-05, 2.365E-01, 0.000E+00, 0.000E+00, 0.000E+00, 0.000E+00,-8.639E+00,-6.359E+00, 2.570E+00, 1.000E-01, 1.000E-01,-9.990E+02, 1.000E+00,-9.990E+02, 0.000E+00, 0.000E+00, 0.000E+00, 1.000E+00, 0.000E+00, 0.000E+00, 0.000E+00, 0.000E+00, 5.337E+02, 6.835E+01, 4.855E-03, 0.000E+00, 2.060E+02, 2.388E-03, 1.367E-01
11/02/2019,01:00,9,2.444,2.944,-1.738,.972,.015, 9.866E+02, 1.291E+02, 1.224E-05, 2.419E-01, 0.000E+00, 0.000E+00, 0.000E+00, 0.000E+00,-8.639E+00,-6.359E+00, 8.960E-01, 1.000E-01, 1.000E-01,-9.990E+02, 1.000E+00,-9.990E+02, 0.000E+00, 0.000E+00, 0.000E+00, 1.000E+00, 0.000E+00, 0.000E+00, 0.000E+00, 0.000E+00, 5.336E+02, 6.835E+01, 1.429E-03, 0.000E+00, 7.000E+02, 1.095E-03, 9.273E-02
11/02/2019,02:00,9,2.444,2.944,-2.533,.978,.011, 9.867E+02, 1.238E+02, 1.224E-05, 2.472E-01, 0.000E+00, 0.000E+00, 0.000E+00, 0.000E+00,-8.639E+00,-6.359E+00, 9.481E-01, 1.000E-01, 1.000E-01,-9.990E+02, 1.000E+00,-9.990E+02, 0.000E+00, 0.000E+00, 0.000E+00, 1.000E+00, 0.000E+00, 0.000E+00, 0.000E+00, 0.000E+00, 5.336E+02, 6.835E+01, 1.429E-03, 0.000E+00, 7.000E+02, 1.095E-03, 9.631E-02
11/02/2019,03:00,9,2.444,2.944,-3.329,.984,.008, 9.869E+02, 1.172E+02, 1.224E-05, 2.525E-01, 0.000E+00, 0.000E+00, 0.000E+00, 0.000E+00,-2.308E+01,-1.094E+01, 2.625E+00, 4.463E-01, 1.464E-01,-9.990E+02, 1.000E+00,-9.990E+02, 0.000E+00, 0.000E+00, 0.000E+00, 1.000E+00, 0.000E+00, 0.000E+00, 0.000E+00, 0.000E+00, 1.225E+02, 4.670E+01, 1.429E-03, 0.000E+00, 7.000E+02, 1.215E-03, 8.733E-02
11/02/2019,04:00,9,2.444,2.944,-2.499,.975,.013, 9.875E+02, 1.099E+02, 1.224E-05, 2.525E-01, 0.000E+00, 0.000E+00, 0.000E+00, 0.000E+00,-2.308E+01,-1.094E+01, 3.167E+00, 4.469E-01, 1.767E-01,-9.990E+02, 1.000E+00,-9.990E+02, 0.000E+00, 0.000E+00, 0.000E+00, 1.000E+00, 0.000E+00, 0.000E+00, 0.000E+00, 0.000E+00, 1.015E+02, 3.869E+01, 1.429E-03, 0.000E+00, 7.000E+02, 1.247E-03, 6.981E-02
11/02/2019,05:00,9,2.444,2.944,-1.668,.966,.019, 9.881E+02, 1.024E+02, 1.224E-05, 2.525E-01, 0.000E+00, 0.000E+00, 0.000E+00, 0.000E+00,-2.308E+01,-1.094E+01, 3.788E+00, 4.474E-01, 2.113E-01,-9.990E+02, 1.000E+00,-9.990E+02, 0.000E+00, 0.000E+00, 0.000E+00, 1.000E+00, 0.000E+00, 0.000E+00, 0.000E+00, 0.000E+00, 8.482E+01, 3.235E+01, 1.429E-03, 0.000E+00, 7.000E+02, 1.274E-03, 9.743E-02
11/02/2019,06:00,9,2.444,2.944,-.838,.956,.025, 9.887E+02, 9.511E+01, 3.027E-03, 2.525E-01, 0.000E+00, 0.000E+00, 0.000E+00, 0.000E+00,-1.475E+01, 3.787E+00, 4.454E+00, 6.347E-01, 2.608E-01,-9.990E+02, 1.000E+00,-9.990E+02, 0.000E+00, 0.000E+00, 0.000E+00, 1.000E+00, 0.000E+00, 0.000E+00, 0.000E+00, 0.000E+00, 6.549E+01, 2.621E+01, 5.034E-03, 0.000E+00, 1.987E+02, 3.740E-03, 1.580E-01
11/02/2019,07:00,9,2.444,2.944,-.480,.917,.049, 9.898E+02, 8.834E+01, 3.027E-03, 2.525E-01, 3.260E-02, 6.776E+00, 3.227E+00, 2.663E+00,-1.475E+01, 3.787E+00, 4.451E+00, 6.348E-01, 2.606E-01, 2.366E-02, 1.000E+00, 1.042E-01, 1.243E-01, 1.000E-02, 1.000E+00, 1.000E+00, 1.042E-03, 6.381E-06, 7.609E-06, 0.000E+00, 6.555E+01, 2.623E+01, 5.761E-03, 2.138E-05, 1.729E+02, 4.137E-03, 1.816E-01
11/02/2019,08:00,9,2.444,2.944,-.121,.877,.075, 9.909E+02, 8.248E+01, 3.027E-03, 2.525E-01, 1.925E+01, 2.968E+01, 8.620E+01, 1.267E+01,-1.475E+01, 3.787E+00, 4.452E+00, 6.349E-01, 2.606E-01, 1.071E-01, 1.000E+00, 4.666E-01, 9.711E-01, 1.000E-02, 1.000E+00, 1.000E+00, 4.666E-03, 2.860E-05, 5.952E-05, 0.000E+00, 6.553E+01, 2.622E+01, 6.734E-03, 9.585E-05, 1.464E+02, 4.647E-03, 1.469E-01
11/02/2019,09:00,9,2.444,2.944,.237,.837,.101, 9.921E+02, 7.788E+01, 3.027E-03, 2.525E-01, 5.288E+01, 4.569E+01, 1.464E+02, 2.051E+01, 2.421E+01, 2.747E+01, 4.458E+00, 7.843E-01, 2.672E-01, 1.713E-01, 1.000E+00, 6.431E-01, 9.976E-01, 1.000E-02, 1.000E+00, 1.000E+00, 6.431E-03, 3.947E-05, 6.122E-05, 0.000E+00, 6.186E+01, 2.558E+01, 8.102E-03, 1.323E-04, 1.214E+02, 5.311E-03, 1.546E-01
11/02/2019,10:00,9,2.444,2.944,.418,.795,.129, 9.926E+02, 7.489E+01, 3.027E-03, 2.523E-01, 7.764E+01, 5.415E+01, 1.738E+02, 2.485E+01, 2.421E+01, 2.747E+01, 4.662E+00, 7.843E-01, 2.795E-01, 2.114E-01, 1.000E+00, 7.161E-01, 9.992E-01, 1.000E-02, 1.000E+00, 1.000E+00, 7.161E-03, 4.398E-05, 6.136E-05, 0.000E+00, 5.915E+01, 2.446E+01, 9.032E-03, 1.474E-04, 1.089E+02, 5.785E-03, 1.932E-01
11/02/2019,11:00,9,2.444,2.944,.600,.752,.158, 9.931E+02, 7.376E+01, 3.027E-03, 2.520E-01, 8.728E+01, 5.701E+01, 1.824E+02, 2.634E+01, 2.421E+01, 2.747E+01, 4.874E+00, 7.844E-01, 2.922E-01, 2.260E-01, 1.000E+00, 7.379E-01, 9.994E-01, 1.000E-02, 1.000E+00, 1.000E+00, 7.379E-03, 4.535E-05, 6.142E-05, 0.000E+00, 5.657E+01, 2.339E+01, 1.020E-02, 1.520E-04, 9.657E+01, 6.341E-03, 2.278E-01
11/02/2019,12:00,9,2.444,2.944,.782,.710,.187, 9.936E+02, 7.460E+01, 1.224E-05, 2.518E-01, 8.046E+01, 5.519E+01, 1.769E+02, 2.537E+01,-2.281E+01, 2.821E+01, 5.094E+00, 5.951E-01, 2.946E-01, 2.152E-01, 1.000E+00, 7.234E-01, 9.993E-01, 1.000E-02, 1.000E+00, 1.000E+00, 7.234E-03, 4.449E-05, 6.145E-05, 0.000E+00, 5.870E+01, 2.320E+01, 1.172E-02, 1.491E-04, 8.422E+01, 6.891E-03, 2.412E-01
11/02/2019,13:00,9,2.444,2.944,.285,.734,.166, 9.947E+02, 7.733E+01, 1.224E-05, 2.447E-01, 5.752E+01, 4.761E+01, 1.525E+02, 2.146E+01,-2.281E+01, 2.821E+01, 4.590E+00, 5.942E-01, 2.654E-01, 1.789E-01, 1.000E+00, 6.600E-01, 9.981E-01, 1.000E-02, 1.000E+00, 1.000E+00, 6.600E-03, 4.051E-05, 6.127E-05, 0.000E+00, 6.516E+01, 2.575E+01, 8.329E-03, 1.358E-04, 1.181E+02, 5.384E-03, 2.567E-01
11/02/2019,14:00,9,2.444,2.944,-.212,.758,.146, 9.958E+02, 8.170E+01, 1.224E-05, 2.375E-01, 2.456E+01, 3.322E+01, 9.940E+01, 1.432E+01,-2.281E+01, 2.821E+01, 4.125E+00, 5.933E-01, 2.385E-01, 1.181E-01, 1.000E+00, 5.086E-01, 9.832E-01, 1.000E-02, 1.000E+00, 1.000E+00, 5.086E-03, 3.117E-05, 6.024E-05, 0.000E+00, 7.251E+01, 2.866E+01, 6.459E-03, 1.044E-04, 1.524E+02, 4.394E-03, 2.571E-01
11/02/2019,15:00,9,2.444,2.944,-.708,.781,.127, 9.969E+02, 8.740E+01, 1.224E-05, 2.304E-01, 4.959E-01, 1.090E+01, 9.765E+00, 4.308E+00,-6.828E+01, 1.354E+01, 3.715E+00, 4.535E-01, 1.867E-01, 3.719E-02, 1.000E+00, 1.686E-01, 3.308E-01, 1.000E-02, 1.000E+00, 1.000E+00, 1.686E-03, 1.031E-05, 2.023E-05, 0.000E+00, 1.066E+02, 3.662E+01, 5.275E-03, 3.456E-05, 1.883E+02, 3.500E-03, 2.139E-01
11/02/2019,16:00,9,2.444,2.944,-1.299,.804,.109, 9.977E+02, 9.404E+01, 1.224E-05, 2.304E-01, 0.000E+00, 0.000E+00, 0.000E+00, 0.000E+00,-6.828E+01, 1.354E+01, 3.860E+00, 4.528E-01, 1.938E-01,-9.990E+02, 1.000E+00,-9.990E+02, 0.000E+00, 0.000E+00, 0.000E+00, 1.000E+00, 0.000E+00, 0.000E+00, 0.000E+00, 0.000E+00, 1.027E+02, 3.526E+01, 1.429E-03, 0.000E+00, 7.000E+02, 1.260E-03, 1.490E-01
11/02/2019,17:00,9,2.444,2.944,-1.890,.827,.092, 9.986E+02, 1.013E+02, 1.224E-05, 2.304E-01, 0.000E+00, 0.000E+00, 0.000E+00, 0.000E+00,-6.828E+01, 1.354E+01, 4.037E+00, 4.521E-01, 2.026E-01,-9.990E+02, 1.000E+00,-9.990E+02, 0.000E+00, 0.000E+00, 0.000E+00, 1.000E+00, 0.000E+00, 0.000E+00, 0.000E+00, 0.000E+00, 9.832E+01, 3.373E+01, 1.429E-03, 0.000E+00, 7.000E+02, 1.266E-03, 1.323E-01
11/02/2019,18:00,9,2.444,2.944,-2.481,.849,.077, 9.994E+02, 1.087E+02, 1.224E-05, 2.304E-01, 0.000E+00, 0.000E+00, 0.000E+00, 0.000E+00,-7.747E+01, 8.417E+00, 4.243E+00, 5.113E-01, 2.203E-01,-9.990E+02, 1.000E+00,-9.990E+02, 0.000E+00, 0.000E+00, 0.000E+00, 1.000E+00, 0.000E+00, 0.000E+00, 0.000E+00, 0.000E+00, 8.739E+01, 3.102E+01, 1.429E-03, 0.000E+00, 7.000E+02, 1.278E-03, 1.235E-01
11/02/2019,19:00,9,2.444,2.944,-2.829,.852,.073, 1.000E+03, 1.160E+02, 1.224E-05, 2.302E-01, 0.000E+00, 0.000E+00, 0.000E+00, 0.000E+00,-7.747E+01, 8.417E+00, 4.195E+00, 5.108E-01, 2.178E-01,-9.990E+02, 1.000E+00,-9.990E+02, 0.000E+00, 0.000E+00, 0.000E+00, 1.000E+00, 0.000E+00, 0.000E+00, 0.000E+00, 0.000E+00, 8.845E+01, 3.139E+01, 1.429E-03, 0.000E+00, 7.000E+02, 1.277E-03, 1.145E-01
11/02/2019,20:00,9,2.444,2.944,-3.177,.855,.070, 1.001E+03, 1.227E+02, 1.224E-05, 2.299E-01, 0.000E+00, 0.000E+00, 0.000E+00, 0.000E+00,-7.747E+01, 8.417E+00, 4.147E+00, 5.102E-01, 2.152E-01,-9.990E+02, 1.000E+00,-9.990E+02, 0.000E+00, 0.000E+00, 0.000E+00, 1.000E+00, 0.000E+00, 0.000E+00, 0.000E+00, 0.000E+00, 8.951E+01, 3.176E+01, 1.429E-03, 0.000E+00, 7.000E+02, 1.275E-03, 9.889E-02
11/02/2019,21:00,9,2.444,2.944,-3.525,.858,.067, 1.002E+03, 1.283E+02, 1.224E-05, 2.297E-01, 0.000E+00, 0.000E+00, 0.000E+00, 0.000E+00,-8.142E+01, 5.549E+00, 4.100E+00, 5.713E-01, 2.198E-01,-9.990E+02, 1.000E+00,-9.990E+02, 0.000E+00, 0.000E+00, 0.000E+00, 1.000E+00, 0.000E+00, 0.000E+00, 0.000E+00, 0.000E+00, 8.487E+01, 3.110E+01, 1.429E-03, 0.000E+00, 7.000E+02, 1.278E-03, 9.118E-02
11/02/2019,22:00,9,2.444,2.944,-3.404,.841,.076, 1.003E+03, 1.320E+02, 1.224E-05, 2.297E-01, 0.000E+00, 0.000E+00, 0.000E+00, 0.000E+00,-8.142E+01, 5.549E+00, 4.305E+00, 5.712E-01, 2.308E-01,-9.990E+02, 1.000E+00,-9.990E+02, 0.000E+00, 0.000E+00, 0.000E+00, 1.000E+00, 0.000E+00, 0.000E+00, 0.000E+00, 0.000E+00, 8.084E+01, 2.962E+01, 1.429E-03, 0.000E+00, 7.000E+02, 1.285E-03, 8.068E-02
11/02/2019,23:00,9,2.444,2.944,-3.283,.824,.085, 1.004E+03, 1.335E+02, 1.224E-05, 2.297E-01, 0.000E+00, 0.000E+00, 0.000E+00, 0.000E+00,-8.142E+01, 5.549E+00, 4.546E+00, 5.711E-01, 2.437E-01,-9.990E+02, 1.000E+00,-9.990E+02, 0.000E+00, 0.000E+00, 0.000E+00, 1.000E+00, 0.000E+00, 0.000E+00, 0.000E+00, 0.000E+00, 7.655E+01, 2.805E+01, 1.429E-03, 0.000E+00, 7.000E+02, 1.292E-03, 6.887E-02
12/02/2019,00:00,9,2.455,2.955,-3.162,.806,.094, 1.005E+03, 1.323E+02, 3.170E-05, 2.297E-01, 0.000E+00, 0.000E+00, 0.000E+00, 0.000E+00,-8.982E+01, 1.231E+01, 4.818E+00, 6.037E-01, 2.600E-01,-9.990E+02, 1.000E+00,-9.990E+02, 0.000E+00, 0.000E+00, 0.000E+00, 1.000E+00, 0.000E+00, 0.000E+00, 0.000E+00, 0.000E+00, 7.128E+01, 2.629E+01, 1.429E-03, 0.000E+00, 7.000E+02, 1.300E-03, 6.611E-02
12/02/2019,01:00,9,2.455,2.955,-3.301,.800,.096, 1.005E+03, 1.288E+02, 3.170E-05, 2.330E-01, 0.000E+00, 0.000E+00, 0.000E+00, 0.000E+00,-8.982E+01, 1.231E+01, 4.627E+00, 6.033E-01, 2.496E-01,-9.990E+02, 1.000E+00,-9.990E+02, 0.000E+00, 0.000E+00, 0.000E+00, 1.000E+00, 0.000E+00, 0.000E+00, 0.000E+00, 0.000E+00, 7.425E+01, 2.738E+01, 1.429E-03, 0.000E+00, 7.000E+02, 1.295E-03, 6.565E-02
12/02/2019,02:00,9,2.455,2.955,-3.440,.794,.098, 1.006E+03, 1.235E+02, 3.170E-05, 2.363E-01, 0.000E+00, 0.000E+00, 0.000E+00, 0.000E+00,-8.982E+01, 1.231E+01, 4.464E+00, 6.029E-01, 2.408E-01,-9.990E+02, 1.000E+00,-9.990E+02, 0.000E+00, 0.000E+00, 0.000E+00, 1.000E+00, 0.000E+00, 0.000E+00, 0.000E+00, 0.000E+00, 7.698E+01, 2.839E+01, 1.429E-03, 0.000E+00, 7.000E+02, 1.290E-03, 5.937E-02
12/02/2019,03:00,9,2.455,2.955,-3.580,.788,.099, 1.007E+03, 1.169E+02, 3.170E-05, 2.396E-01, 0.000E+00, 0.000E+00, 0.000E+00, 0.000E+00,-7.467E+01, 7.634E+00, 4.331E+00, 5.010E-01, 2.245E-01,-9.990E+02, 1.000E+00,-9.990E+02, 0.000E+00, 0.000E+00, 0.000E+00, 1.000E+00, 0.000E+00, 0.000E+00, 0.000E+00, 0.000E+00, 8.597E+01, 3.045E+01, 1.429E-03, 0.000E+00, 7.000E+02, 1.281E-03, 6.826E-02
12/02/2019,04:00,9,2.455,2.955,-4.045,.806,.088, 1.008E+03, 1.096E+02, 3.170E-05, 2.396E-01, 0.000E+00, 0.000E+00, 0.000E+00, 0.000E+00,-7.467E+01, 7.634E+00, 4.234E+00, 5.005E-01, 2.193E-01,-9.990E+02, 1.000E+00,-9.990E+02, 0.000E+00, 0.000E+00, 0.000E+00, 1.000E+00, 0.000E+00, 0.000E+00, 0.000E+00, 0.000E+00, 8.801E+01, 3.116E+01, 1.429E-03, 0.000E+00, 7.000E+02, 1.278E-03, 7.852E-02
12/02/2019,05:00,9,2.455,2.955,-4.511,.825,.077, 1.008E+03, 1.021E+02, 3.170E-05, 2.396E-01, 0.000E+00, 0.000E+00, 0.000E+00, 0.000E+00,-7.467E+01, 7.634E+00, 4.207E+00, 4.999E-01, 2.179E-01,-9.990E+02, 1.000E+00,-9.990E+02, 0.000E+00, 0.000E+00, 0.000E+00, 1.000E+00, 0.000E+00, 0.000E+00, 0.000E+00, 0.000E+00, 8.863E+01, 3.137E+01, 1.429E-03, 0.000E+00, 7.000E+02, 1.277E-03, 9.013E-02
12/02/2019,06:00,9,2.455,2.955,-4.977,.843,.066, 1.009E+03, 9.482E+01, 3.170E-05, 2.396E-01, 0.000E+00, 0.000E+00, 0.000E+00, 0.000E+00,-4.994E+01, 9.236E+00, 4.252E+00, 5.624E-01, 2.362E-01,-9.990E+02, 1.000E+00,-9.990E+02, 0.000E+00, 0.000E+00, 0.000E+00, 1.000E+00, 0.000E+00, 0.000E+00, 0.000E+00, 0.000E+00, 7.618E+01, 2.893E+01, 1.429E-03, 0.000E+00, 7.000E+02, 1.288E-03, 1.181E-01
12/02/2019,07:00,9,2.455,2.955,-4.154,.797,.091, 1.009E+03, 8.804E+01, 3.170E-05, 2.396E-01, 9.315E-02, 8.201E+00, 4.580E+00, 3.217E+00,-4.994E+01, 9.236E+00, 4.172E+00, 5.631E-01, 2.319E-01, 2.785E-02, 1.000E+00, 1.253E-01, 1.717E-01, 1.000E-02, 1.000E+00, 1.000E+00, 1.253E-03, 7.564E-06, 1.037E-05, 0.000E+00, 7.760E+01, 2.948E+01, 1.429E-03, 2.546E-05, 6.877E+02, 1.307E-03, 1.481E-01
12/02/2019,08:00,9,2.455,2.955,-3.332,.751,.119, 1.010E+03, 8.217E+01, 3.170E-05, 2.396E-01, 2.114E+01, 3.156E+01, 9.099E+01, 1.346E+01,-4.994E+01, 9.236E+00, 4.094E+00, 5.638E-01, 2.276E-01, 1.111E-01, 1.000E+00, 4.864E-01, 9.763E-01, 1.000E-02, 1.000E+00, 1.000E+00, 4.864E-03, 2.946E-05, 5.914E-05, 0.000E+00, 7.903E+01, 3.003E+01, 1.429E-03, 9.917E-05, 6.546E+02, 1.363E-03, 1.572E-01
12/02/2019,09:00,9,2.455,2.955,-2.509,.705,.150, 1.011E+03, 7.756E+01, 3.170E-05, 2.396E-01, 5.490E+01, 4.698E+01, 1.484E+02, 2.105E+01, 1.876E+01, 2.826E+01, 4.019E+00, 6.029E-01, 2.423E-01, 1.750E-01, 1.000E+00, 6.524E-01, 9.978E-01, 1.000E-02, 1.000E+00, 1.000E+00, 6.524E-03, 3.964E-05, 6.062E-05, 0.000E+00, 6.749E+01, 2.821E+01, 1.429E-03, 1.334E-04, 6.402E+02, 1.401E-03, 1.675E-01
12/02/2019,10:00,9,2.455,2.955,-1.660,.675,.176, 1.011E+03, 7.456E+01, 3.170E-05, 2.393E-01, 7.986E+01, 5.540E+01, 1.753E+02, 2.536E+01, 1.876E+01, 2.826E+01, 4.051E+00, 6.037E-01, 2.442E-01, 2.148E-01, 1.000E+00, 7.231E-01, 9.993E-01, 1.000E-02, 1.000E+00, 1.000E+00, 7.231E-03, 4.407E-05, 6.090E-05, 0.000E+00, 6.697E+01, 2.799E+01, 1.429E-03, 1.483E-04, 6.341E+02, 1.414E-03, 1.637E-01
12/02/2019,11:00,9,2.455,2.955,-.811,.646,.204, 1.011E+03, 7.343E+01, 3.170E-05, 2.391E-01, 8.957E+01, 5.824E+01, 1.838E+02, 2.684E+01, 1.876E+01, 2.826E+01, 4.085E+00, 6.045E-01, 2.462E-01, 2.293E-01, 1.000E+00, 7.443E-01, 9.995E-01, 1.000E-02, 1.000E+00, 1.000E+00, 7.443E-03, 4.550E-05, 6.111E-05, 0.000E+00, 6.641E+01, 2.776E+01, 5.082E-03, 1.532E-04, 1.910E+02, 3.795E-03, 1.570E-01
12/02/2019,12:00,9,2.455,2.955,.038,.616,.235, 1.012E+03, 7.427E+01, 3.170E-05, 2.388E-01, 8.230E+01, 5.615E+01, 1.775E+02, 2.574E+01,-2.633E+01, 3.080E+01, 4.122E+00, 5.440E-01, 2.354E-01, 2.185E-01, 1.000E+00, 7.288E-01, 9.993E-01, 1.000E-02, 1.000E+00, 1.000E+00, 7.288E-03, 4.469E-05, 6.129E-05, 0.000E+00, 7.440E+01, 2.904E+01, 7.282E-03, 1.504E-04, 1.346E+02, 4.743E-03, 1.571E-01
12/02/2019,13:00,9,2.455,2.955,-.605,.646,.207, 1.012E+03, 7.700E+01, 3.170E-05, 2.365E-01, 5.932E+01, 4.864E+01, 1.538E+02, 2.188E+01,-2.633E+01, 3.080E+01, 3.893E+00, 5.432E-01, 2.222E-01, 1.825E-01, 1.000E+00, 6.673E-01, 9.982E-01, 1.000E-02, 1.000E+00, 1.000E+00, 6.673E-03, 4.083E-05, 6.107E-05, 0.000E+00, 7.880E+01, 3.076E+01, 5.483E-03, 1.374E-04, 1.779E+02, 3.865E-03, 1.658E-01
12/02/2019,14:00,9,2.455,2.955,-1.249,.676,.181, 1.012E+03, 8.139E+01, 3.170E-05, 2.342E-01, 2.612E+01, 3.437E+01, 1.021E+02, 1.480E+01,-2.633E+01, 3.080E+01, 3.679E+00, 5.425E-01, 2.100E-01, 1.219E-01, 1.000E+00, 5.205E-01, 9.850E-01, 1.000E-02, 1.000E+00, 1.000E+00, 5.205E-03, 3.177E-05, 6.012E-05, 0.000E+00, 8.340E+01, 3.254E+01, 1.429E-03, 1.069E-04, 6.512E+02, 1.357E-03, 1.809E-01
12/02/2019,15:00,9,2.455,2.955,-1.892,.706,.157, 1.013E+03, 8.709E+01, 3.170E-05, 2.319E-01, 7.910E-01, 1.215E+01, 1.261E+01, 4.802E+00,-6.310E+01, 1.131E+01, 3.484E+00, 3.396E-01, 1.484E-01, 4.130E-02, 1.000E+00, 1.885E-01, 4.046E-01, 1.000E-02, 1.000E+00, 1.000E+00, 1.885E-03, 1.148E-05, 2.464E-05, 0.000E+00, 1.581E+02, 4.605E+01, 1.429E-03, 3.865E-05, 6.816E+02, 1.240E-03, 2.046E-01
12/02/2019,16:00,9,2.455,2.955,-2.749,.745,.128, 1.013E+03, 9.375E+01, 3.170E-05, 2.319E-01, 0.000E+00, 0.000E+00, 0.000E+00, 0.000E+00,-6.310E+01, 1.131E+01, 3.295E+00, 3.391E-01, 1.402E-01,-9.990E+02, 1.000E+00,-9.990E+02, 0.000E+00, 0.000E+00, 0.000E+00, 1.000E+00, 0.000E+00, 0.000E+00, 0.000E+00, 0.000E+00, 1.676E+02, 4.875E+01, 1.429E-03, 0.000E+00, 7.000E+02, 1.202E-03, 2.134E-01
12/02/2019,17:00,9,2.455,2.955,-3.607,.783,.101, 1.012E+03, 1.010E+02, 3.170E-05, 2.319E-01, 0.000E+00, 0.000E+00, 0.000E+00, 0.000E+00,-6.310E+01, 1.131E+01, 3.405E+00, 3.386E-01, 1.447E-01,-9.990E+02, 1.000E+00,-9.990E+02, 0.000E+00, 0.000E+00, 0.000E+00, 1.000E+00, 0.000E+00, 0.000E+00, 0.000E+00, 0.000E+00, 1.627E+02, 4.725E+01, 1.429E-03, 0.000E+00, 7.000E+02, 1.208E-03, 1.770E-01
12/02/2019,18:00,9,2.455,2.955,-4.465,.822,.078, 1.012E+03, 1.084E+02, 2.403E-03, 2.319E-01, 0.000E+00, 0.000E+00, 0.000E+00, 0.000E+00,-6.461E+01, 6.415E+00, 3.787E+00, 4.297E-01, 1.875E-01,-9.990E+02, 1.000E+00,-9.990E+02, 0.000E+00, 0.000E+00, 0.000E+00, 1.000E+00, 0.000E+00, 0.000E+00, 0.000E+00, 0.000E+00, 1.077E+02, 3.645E+01, 1.429E-03, 0.000E+00, 7.000E+02, 1.255E-03, 1.974E-01
12/02/2019,19:00,9,2.455,2.955,-4.634,.836,.071, 1.012E+03, 1.157E+02, 2.403E-03, 2.319E-01, 0.000E+00, 0.000E+00, 0.000E+00, 0.000E+00,-6.461E+01, 6.415E+00, 3.752E+00, 4.297E-01, 1.858E-01,-9.990E+02, 1.000E+00,-9.990E+02, 0.000E+00, 0.000E+00, 0.000E+00, 1.000E+00, 0.000E+00, 0.000E+00, 0.000E+00, 0.000E+00, 1.087E+02, 3.679E+01, 1.429E-03, 0.000E+00, 7.000E+02, 1.253E-03, 2.118E-01
12/02/2019,20:00,9,2.455,2.955,-4.804,.849,.065, 1.011E+03, 1.224E+02, 2.403E-03, 2.319E-01, 0.000E+00, 0.000E+00, 0.000E+00, 0.000E+00,-6.461E+01, 6.415E+00, 3.743E+00, 4.297E-01, 1.853E-01,-9.990E+02, 1.000E+00,-9.990E+02, 0.000E+00, 0.000E+00, 0.000E+00, 1.000E+00, 0.000E+00, 0.000E+00, 0.000E+00, 0.000E+00, 1.090E+02, 3.688E+01, 1.429E-03, 0.000E+00, 7.000E+02, 1.253E-03, 2.377E-01
12/02/2019,21:00,9,2.455,2.955,-4.973,.862,.058, 1.010E+03, 1.279E+02, 6.324E-02, 2.319E-01, 0.000E+00, 0.000E+00, 0.000E+00, 0.000E+00,-3.314E+01,-1.887E+00, 3.760E+00, 4.987E-01, 2.096E-01,-9.990E+02, 1.000E+00,-9.990E+02, 0.000E+00, 0.000E+00, 0.000E+00, 1.000E+00, 0.000E+00, 0.000E+00, 0.000E+00, 0.000E+00, 8.561E+01, 3.262E+01, 1.429E-03, 0.000E+00, 7.000E+02, 1.272E-03, 3.123E-01
12/02/2019,22:00,9,2.455,2.955,-3.783,.881,.055, 1.009E+03, 1.317E+02, 6.324E-02, 2.322E-01, 0.000E+00, 0.000E+00, 0.000E+00, 0.000E+00,-3.314E+01,-1.887E+00, 3.766E+00, 5.003E-01, 2.100E-01,-9.990E+02, 1.000E+00,-9.990E+02, 0.000E+00, 0.000E+00, 0.000E+00, 1.000E+00, 0.000E+00, 0.000E+00, 0.000E+00, 0.000E+00, 8.538E+01, 3.255E+01, 1.429E-03, 0.000E+00, 7.000E+02, 1.273E-03, 3.020E-01
12/02/2019,23:00,9,2.455,2.955,-2.593,.899,.051, 1.007E+03, 1.331E+02, 6.324E-02, 2.325E-01, 0.000E+00, 0.000E+00, 0.000E+00, 0.000E+00,-3.314E+01,-1.887E+00, 3.844E+00, 5.018E-01, 2.145E-01,-9.990E+02, 1.000E+00,-9.990E+02, 0.000E+00, 0.000E+00, 0.000E+00, 1.000E+00, 0.000E+00, 0.000E+00, 0.000E+00, 0.000E+00, 8.358E+01, 3.187E+01, 1.429E-03, 0.000E+00, 7.000E+02, 1.276E-03, 1.970E-01
13/02/2019,00:00,9,2.465,2.965,-1.403,.917,.046, 1.006E+03, 1.320E+02, 8.728E-02, 2.327E-01, 0.000E+00, 0.000E+00, 0.000E+00, 0.000E+00,-2.853E+01,-5.686E+00, 3.989E+00, 6.093E-01, 2.298E-01,-9.990E+02, 1.000E+00,-9.990E+02, 0.000E+00, 0.000E+00, 0.000E+00, 1.000E+00, 0.000E+00, 0.000E+00, 0.000E+00, 0.000E+00, 7.556E+01, 2.975E+01, 1.429E-03, 0.000E+00, 7.000E+02, 1.285E-03, 1.761E-01
13/02/2019,01:00,9,2.465,2.965,-.524,.922,.046, 1.004E+03, 1.285E+02, 8.728E-02, 2.383E-01, 0.000E+00, 0.000E+00, 0.000E+00, 0.000E+00,-2.853E+01,-5.686E+00, 3.860E+00, 6.108E-01, 2.224E-01,-9.990E+02, 1.000E+00,-9.990E+02, 0.000E+00, 0.000E+00, 0.000E+00, 1.000E+00, 0.000E+00, 0.000E+00, 0.000E+00, 0.000E+00, 7.804E+01, 3.073E+01, 5.659E-03, 0.000E+00, 1.767E+02, 3.885E-03, 1.328E-01
13/02/2019,02:00,9,2.465,2.965,.354,.926,.046, 1.002E+03, 1.232E+02, 8.728E-02, 2.439E-01, 0.000E+00, 0.000E+00, 0.000E+00, 0.000E+00,-2.853E+01,-5.686E+00, 3.790E+00, 6.123E-01, 2.184E-01,-9.990E+02, 1.000E+00,-9.990E+02, 0.000E+00, 0.000E+00, 0.000E+00, 1.000E+00, 0.000E+00, 0.000E+00, 0.000E+00, 0.000E+00, 7.946E+01, 3.130E+01, 8.679E-03, 0.000E+00, 1.152E+02, 5.066E-03, 1.188E-01
13/02/2019,03:00,9,2.465,2.965,1.232,.931,.046, 1.001E+03, 1.166E+02, 6.852E-01, 2.495E-01, 0.000E+00, 0.000E+00, 0.000E+00, 0.000E+00,-3.089E+01,-7.268E+00, 3.781E+00, 3.981E-01, 2.003E-01,-9.990E+02, 1.000E+00,-9.990E+02, 0.000E+00, 0.000E+00, 0.000E+00, 1.000E+00, 0.000E+00, 0.000E+00, 0.000E+00, 0.000E+00, 9.426E+01, 3.413E+01, 1.429E-02, 0.000E+00, 7.000E+01, 6.238E-03, 1.178E-01
13/02/2019,04:00,9,2.465,2.965,1.413,.920,.054, 1.001E+03, 1.093E+02, 6.852E-01, 2.510E-01, 0.000E+00, 0.000E+00, 0.000E+00, 0.000E+00,-3.089E+01,-7.268E+00, 3.272E+00, 3.982E-01, 1.733E-01,-9.990E+02, 1.000E+00,-9.990E+02, 0.000E+00, 0.000E+00, 0.000E+00, 1.000E+00, 0.000E+00, 0.000E+00, 0.000E+00, 0.000E+00, 1.089E+02, 3.943E+01, 1.429E-02, 0.000E+00, 7.000E+01, 5.736E-03, 8.933E-02
13/02/2019,05:00,9,2.465,2.965,1.593,.910,.062, 1.001E+03, 1.018E+02, 6.852E-01, 2.525E-01, 0.000E+00, 0.000E+00, 0.000E+00, 0.000E+00,-3.089E+01,-7.268E+00, 3.373E+00, 3.983E-01, 1.787E-01,-9.990E+02, 1.000E+00,-9.990E+02, 0.000E+00, 0.000E+00, 0.000E+00, 1.000E+00, 0.000E+00, 0.000E+00, 0.000E+00, 0.000E+00, 1.056E+02, 3.824E+01, 1.429E-02, 0.000E+00, 7.000E+01, 5.841E-03, 7.585E-02
13/02/2019,06:00,9,2.465,2.965,1.774,.899,.070, 1.001E+03, 9.452E+01, 5.357E-02, 2.541E-01, 0.000E+00, 0.000E+00, 0.000E+00, 0.000E+00,-5.742E+01, 1.328E+01, 4.039E+00, 6.545E-01, 2.283E-01,-9.990E+02, 1.000E+00,-9.990E+02, 0.000E+00, 0.000E+00, 0.000E+00, 1.000E+00, 0.000E+00, 0.000E+00, 0.000E+00, 0.000E+00, 7.748E+01, 2.994E+01, 1.429E-02, 0.000E+00, 7.000E+01, 6.723E-03, 8.806E-02
13/02/2019,07:00,9,2.465,2.965,2.510,.825,.128, 1.002E+03, 8.774E+01, 5.357E-02, 2.531E-01, 2.304E-01, 9.451E+00, 6.619E+00, 3.704E+00,-5.742E+01, 1.328E+01, 4.397E+00, 6.550E-01, 2.486E-01, 3.206E-02, 1.000E+00, 1.444E-01, 2.383E-01, 1.000E-02, 1.000E+00, 1.000E+00, 1.444E-03, 8.937E-06, 1.475E-05, 0.000E+00, 7.116E+01, 2.750E+01, 1.429E-02, 3.021E-05, 6.985E+01, 7.034E-03, 1.282E-01
13/02/2019,08:00,9,2.465,2.965,3.246,.751,.192, 1.003E+03, 8.185E+01, 5.357E-02, 2.520E-01, 2.329E+01, 3.260E+01, 9.606E+01, 1.394E+01,-5.742E+01, 1.328E+01, 4.778E+00, 6.555E-01, 2.701E-01, 1.150E-01, 1.000E+00, 4.990E-01, 9.808E-01, 1.000E-02, 1.000E+00, 1.000E+00, 4.990E-03, 3.096E-05, 6.085E-05, 0.000E+00, 6.546E+01, 2.530E+01, 1.429E-02, 1.047E-04, 6.949E+01, 7.351E-03, 1.507E-01
13/02/2019,09:00,9,2.465,2.965,3.981,.677,.262, 1.005E+03, 7.723E+01, 0.000E+00, 2.510E-01, 5.783E+01, 4.794E+01, 1.523E+02, 2.149E+01,-2.442E+01, 3.207E+01, 5.177E+00, 6.622E-01, 3.012E-01, 1.787E-01, 1.000E+00, 6.603E-01, 9.981E-01, 1.000E-02, 1.000E+00, 1.000E+00, 6.603E-03, 4.108E-05, 6.209E-05, 0.000E+00, 5.706E+01, 2.269E+01, 1.429E-02, 1.389E-04, 6.933E+01, 7.761E-03, 1.705E-01
13/02/2019,10:00,9,2.465,2.965,4.692,.632,.314, 1.005E+03, 7.422E+01, 0.000E+00, 2.485E-01, 8.305E+01, 5.622E+01, 1.785E+02, 2.574E+01,-2.442E+01, 3.207E+01, 4.766E+00, 6.629E-01, 2.773E-01, 2.182E-01, 1.000E+00, 7.286E-01, 9.994E-01, 1.000E-02, 1.000E+00, 1.000E+00, 7.286E-03, 4.545E-05, 6.233E-05, 0.000E+00, 6.196E+01, 2.465E+01, 1.429E-02, 1.536E-04, 6.926E+01, 7.468E-03, 1.855E-01
13/02/2019,11:00,9,2.465,2.965,5.403,.586,.371, 1.006E+03, 7.309E+01, 0.000E+00, 2.459E-01, 9.283E+01, 5.902E+01, 1.867E+02, 2.719E+01,-2.442E+01, 3.207E+01, 4.356E+00, 6.635E-01, 2.535E-01, 2.326E-01, 1.000E+00, 7.491E-01, 9.995E-01, 1.000E-02, 1.000E+00, 1.000E+00, 7.491E-03, 4.684E-05, 6.250E-05, 0.000E+00, 6.779E+01, 2.697E+01, 1.429E-02, 1.584E-04, 6.923E+01, 7.145E-03, 1.952E-01
13/02/2019,12:00,9,2.465,2.965,6.113,.541,.433, 1.006E+03, 7.393E+01, 0.000E+00, 2.434E-01, 8.548E+01, 5.696E+01, 1.805E+02, 2.611E+01,-5.022E+01, 1.741E+01, 3.946E+00, 4.205E-01, 2.009E-01, 2.219E-01, 1.000E+00, 7.341E-01, 9.994E-01, 1.000E-02, 1.000E+00, 1.000E+00, 7.341E-03, 4.602E-05, 6.265E-05, 0.000E+00, 9.772E+01, 3.402E+01, 1.429E-02, 1.556E-04, 6.925E+01, 6.266E-03, 2.060E-01
13/02/2019,13:00,9,2.465,2.965,5.435,.589,.370, 1.007E+03, 7.668E+01, 0.000E+00, 2.375E-01, 6.224E+01, 4.957E+01, 1.574E+02, 2.231E+01,-5.022E+01, 1.741E+01, 3.874E+00, 4.199E-01, 1.972E-01, 1.861E-01, 1.000E+00, 6.746E-01, 9.985E-01, 1.000E-02, 1.000E+00, 1.000E+00, 6.746E-03, 4.219E-05, 6.244E-05, 0.000E+00, 9.963E+01, 3.466E+01, 1.429E-02, 1.426E-04, 6.931E+01, 6.196E-03, 2.236E-01
13/02/2019,14:00,9,2.465,2.965,4.757,.636,.312, 1.008E+03, 8.108E+01, 0.000E+00, 2.317E-01, 2.841E+01, 3.547E+01, 1.069E+02, 1.530E+01,-5.022E+01, 1.741E+01, 3.999E+00, 4.192E-01, 2.034E-01, 1.258E-01, 1.000E+00, 5.326E-01, 9.877E-01, 1.000E-02, 1.000E+00, 1.000E+00, 5.326E-03, 3.323E-05, 6.162E-05, 0.000E+00, 9.665E+01, 3.360E+01, 1.429E-02, 1.123E-04, 6.945E+01, 6.300E-03, 2.339E-01
13/02/2019,15:00,9,2.465,2.965,4.079,.684,.259, 1.009E+03, 8.679E+01, 0.000E+00, 2.258E-01, 1.248E+00, 1.340E+01, 1.645E+01, 5.304E+00,-1.144E+02, 1.744E+01, 4.302E+00, 5.808E-01, 2.235E-01, 4.540E-02, 1.000E+00, 2.094E-01, 4.917E-01, 1.000E-02, 1.000E+00, 1.000E+00, 2.094E-03, 1.303E-05, 3.060E-05, 0.000E+00, 8.616E+01, 3.059E+01, 1.429E-02, 4.406E-05, 6.978E+01, 6.628E-03, 2.306E-01
13/02/2019,16:00,9,2.465,2.965,3.762,.689,.249, 1.010E+03, 9.346E+01, 0.000E+00, 2.248E-01, 0.000E+00, 0.000E+00, 0.000E+00, 0.000E+00,-1.144E+02, 1.744E+01, 4.543E+00, 5.801E-01, 2.359E-01,-9.990E+02, 1.000E+00,-9.990E+02, 0.000E+00, 0.000E+00, 0.000E+00, 1.000E+00, 0.000E+00, 0.000E+00, 0.000E+00, 0.000E+00, 8.163E+01, 2.897E+01, 1.429E-02, 0.000E+00, 7.000E+01, 6.811E-03, 2.051E-01
13/02/2019,17:00,9,2.465,2.965,3.445,.695,.239, 1.011E+03, 1.007E+02, 0.000E+00, 2.238E-01, 0.000E+00, 0.000E+00, 0.000E+00, 0.000E+00,-1.144E+02, 1.744E+01, 4.823E+00, 5.795E-01, 2.504E-01,-9.990E+02, 1.000E+00,-9.990E+02, 0.000E+00, 0.000E+00, 0.000E+00, 1.000E+00, 0.000E+00, 0.000E+00, 0.000E+00, 0.000E+00, 7.694E+01, 2.730E+01, 1.429E-02, 0.000E+00, 7.000E+01, 7.023E-03, 1.796E-01
13/02/2019,18:00,9,2.465,2.965,3.129,.700,.229, 1.012E+03, 1.082E+02, 0.000E+00, 2.228E-01, 0.000E+00, 0.000E+00, 0.000E+00, 0.000E+00,-1.075E+02, 2.123E+01, 5.135E+00, 5.953E-01, 2.711E-01,-9.990E+02, 1.000E+00,-9.990E+02, 0.000E+00, 0.000E+00, 0.000E+00, 1.000E+00, 0.000E+00, 0.000E+00, 0.000E+00, 0.000E+00, 6.984E+01, 2.521E+01, 1.429E-02, 0.000E+00, 7.000E+01, 7.314E-03, 1.614E-01
13/02/2019,19:00,9,2.465,2.965,2.732,.717,.210, 1.013E+03, 1.154E+02, 0.000E+00, 2.225E-01, 0.000E+00, 0.000E+00, 0.000E+00, 0.000E+00,-1.075E+02, 2.123E+01, 4.852E+00, 5.946E-01, 2.561E-01,-9.990E+02, 1.000E+00,-9.990E+02, 0.000E+00, 0.000E+00, 0.000E+00, 1.000E+00, 0.000E+00, 0.000E+00, 0.000E+00, 0.000E+00, 7.396E+01, 2.669E+01, 1.429E-02, 0.000E+00, 7.000E+01, 7.111E-03, 1.516E-01
13/02/2019,20:00,9,2.465,2.965,2.336,.734,.192, 1.014E+03, 1.221E+02, 0.000E+00, 2.223E-01, 0.000E+00, 0.000E+00, 0.000E+00, 0.000E+00,-1.075E+02, 2.123E+01, 4.599E+00, 5.939E-01, 2.427E-01,-9.990E+02, 1.000E+00,-9.990E+02, 0.000E+00, 0.000E+00, 0.000E+00, 1.000E+00, 0.000E+00, 0.000E+00, 0.000E+00, 0.000E+00, 7.807E+01, 2.816E+01, 1.429E-02, 0.000E+00, 7.000E+01, 6.918E-03, 1.492E-01
13/02/2019,21:00,9,2.465,2.965,1.939,.750,.175, 1.015E+03, 1.276E+02, 0.000E+00, 2.220E-01, 0.000E+00, 0.000E+00, 0.000E+00, 0.000E+00,-7.395E+01, 1.358E+01, 4.381E+00, 3.974E-01, 2.021E-01,-9.990E+02, 1.000E+00,-9.990E+02, 0.000E+00, 0.000E+00, 0.000E+00, 1.000E+00, 0.000E+00, 0.000E+00, 0.000E+00, 0.000E+00, 1.073E+02, 3.382E+01, 1.429E-02, 0.000E+00, 7.000E+01, 6.220E-03, 1.470E-01
13/02/2019,22:00,9,2.465,2.965,1.729,.768,.161, 1.015E+03, 1.314E+02, 0.000E+00, 2.220E-01, 0.000E+00, 0.000E+00, 0.000E+00, 0.000E+00,-7.395E+01, 1.358E+01, 3.917E+00, 3.972E-01, 1.806E-01,-9.990E+02, 1.000E+00,-9.990E+02, 0.000E+00, 0.000E+00, 0.000E+00, 1.000E+00, 0.000E+00, 0.000E+00, 0.000E+00, 0.000E+00, 1.200E+02, 3.784E+01, 1.429E-02, 0.000E+00, 7.000E+01, 5.829E-03, 1.442E-01
13/02/2019,23:00,9,2.465,2.965,1.519,.785,.147, 1.016E+03, 1.328E+02, 0.000E+00, 2.220E-01, 0.000E+00, 0.000E+00, 0.000E+00, 0.000E+00,-7.395E+01, 1.358E+01, 3.491E+00, 3.970E-01, 1.609E-01,-9.990E+02, 1.000E+00,-9.990E+02, 0.000E+00, 0.000E+00, 0.000E+00, 1.000E+00, 0.000E+00, 0.000E+00, 0.000E+00, 0.000E+00, 1.348E+02, 4.248E+01, 1.429E-02, 0.000E+00, 7.000E+01, 5.434E-03, 1.445E-01
14/02/2019,00:00,9,2.476,2.976,1.309,.802,.133, 1.016E+03, 1.317E+02, 0.000E+00, 2.220E-01, 0.000E+00, 0.000E+00, 0.000E+00, 0.000E+00,-4.376E+01, 4.331E+00, 3.117E+00, 2.494E-01, 1.097E-01,-9.990E+02, 1.000E+00,-9.990E+02, 0.000E+00, 0.000E+00, 0.000E+00, 1.000E+00, 0.000E+00, 0.000E+00, 0.000E+00, 0.000E+00, 2.591E+02, 6.231E+01, 1.429E-02, 0.000E+00, 7.000E+01, 4.116E-03, 1.440E-01
14/02/2019,01:00,9,2.476,2.976,.452,.842,.100, 1.016E+03, 1.282E+02, 0.000E+00, 2.258E-01, 0.000E+00, 0.000E+00, 0.000E+00, 0.000E+00,-4.376E+01, 4.331E+00, 2.278E+00, 2.490E-01, 1.000E-01,-9.990E+02, 1.000E+00,-9.990E+02, 0.000E+00, 0.000E+00, 0.000E+00, 1.000E+00, 0.000E+00, 0.000E+00, 0.000E+00, 0.000E+00, 2.847E+02, 6.835E+01, 9.229E-03, 0.000E+00, 1.083E+02, 3.354E-03, 1.451E-01
14/02/2019,02:00,9,2.476,2.976,-.405,.882,.070, 1.017E+03, 1.228E+02, 0.000E+00, 2.297E-01, 0.000E+00, 0.000E+00, 0.000E+00, 0.000E+00,-4.376E+01, 4.331E+00, 2.259E+00, 2.486E-01, 1.000E-01,-9.990E+02, 1.000E+00,-9.990E+02, 0.000E+00, 0.000E+00, 0.000E+00, 1.000E+00, 0.000E+00, 0.000E+00, 0.000E+00, 0.000E+00, 2.853E+02, 6.835E+01, 5.941E-03, 0.000E+00, 1.683E+02, 2.792E-03, 1.420E-01
14/02/2019,03:00,9,2.476,2.976,-1.261,.922,.043, 1.017E+03, 1.163E+02, 0.000E+00, 2.335E-01, 0.000E+00, 0.000E+00, 0.000E+00, 0.000E+00,-4.588E+01, 3.365E+00, 3.075E+00, 3.747E-01, 1.506E-01,-9.990E+02, 1.000E+00,-9.990E+02, 0.000E+00, 0.000E+00, 0.000E+00, 1.000E+00, 0.000E+00, 0.000E+00, 0.000E+00, 0.000E+00, 1.355E+02, 4.538E+01, 1.429E-03, 0.000E+00, 7.000E+02, 1.218E-03, 1.208E-01
14/02/2019,04:00,9,2.476,2.976,-1.655,.929,.038, 1.017E+03, 1.090E+02, 0.000E+00, 2.335E-01, 0.000E+00, 0.000E+00, 0.000E+00, 0.000E+00,-4.588E+01, 3.365E+00, 3.229E+00, 3.745E-01, 1.581E-01,-9.990E+02, 1.000E+00,-9.990E+02, 0.000E+00, 0.000E+00, 0.000E+00, 1.000E+00, 0.000E+00, 0.000E+00, 0.000E+00, 0.000E+00, 1.291E+02, 4.323E+01, 1.429E-03, 0.000E+00, 7.000E+02, 1.227E-03, 1.322E-01
14/02/2019,05:00,9,2.476,2.976,-2.050,.936,.034, 1.017E+03, 1.015E+02, 0.000E+00, 2.335E-01, 0.000E+00, 0.000E+00, 0.000E+00, 0.000E+00,-4.588E+01, 3.365E+00, 3.384E+00, 3.742E-01, 1.656E-01,-9.990E+02, 1.000E+00,-9.990E+02, 0.000E+00, 0.000E+00, 0.000E+00, 1.000E+00, 0.000E+00, 0.000E+00, 0.000E+00, 0.000E+00, 1.233E+02, 4.127E+01, 1.429E-03, 0.000E+00, 7.000E+02, 1.234E-03, 1.763E-01
14/02/2019,06:00,9,2.476,2.976,-2.444,.943,.029, 1.017E+03, 9.422E+01, 0.000E+00, 2.335E-01, 0.000E+00, 0.000E+00, 0.000E+00, 0.000E+00,-2.754E+01,-7.431E-01, 3.538E+00, 5.201E-01, 2.006E-01,-9.990E+02, 1.000E+00,-9.990E+02, 0.000E+00, 0.000E+00, 0.000E+00, 1.000E+00, 0.000E+00, 0.000E+00, 0.000E+00, 0.000E+00, 8.795E+01, 3.408E+01, 1.429E-03, 0.000E+00, 7.000E+02, 1.266E-03, 1.895E-01
14/02/2019,07:00,9,2.476,2.976,-1.293,.936,.036, 1.016E+03, 8.742E+01, 0.000E+00, 2.335E-01, 1.267E-02, 3.349E+00, 1.446E+00, 1.305E+00,-2.754E+01,-7.431E-01, 3.795E+00, 5.213E-01, 2.152E-01, 3.630E-02, 1.000E+00, 5.244E-02, 5.772E-02, 1.000E-02, 1.000E+00, 1.000E+00, 5.244E-04, 3.201E-06, 3.523E-06, 0.000E+00, 8.196E+01, 3.177E+01, 1.429E-03, 1.087E-05, 6.947E+02, 1.285E-03, 1.142E-01
14/02/2019,08:00,9,2.476,2.976,-.142,.928,.043, 1.016E+03, 8.153E+01, 0.000E+00, 2.335E-01, 7.330E-01, 1.695E+01, 9.124E+00, 6.636E+00,-2.754E+01,-7.431E-01, 4.059E+00, 5.225E-01, 2.302E-01, 1.190E-01, 1.000E+00, 2.477E-01, 3.129E-01, 1.000E-02, 1.000E+00, 1.000E+00, 2.477E-03, 1.518E-05, 1.918E-05, 0.000E+00, 7.658E+01, 2.969E+01, 6.671E-03, 5.154E-05, 1.488E+02, 4.409E-03, 5.895E-02
14/02/2019,09:00,9,2.476,2.976,1.010,.921,.052, 1.016E+03, 7.690E+01, 0.000E+00, 2.335E-01, 1.753E+00, 3.091E+01, 1.599E+01, 1.212E+01, 1.069E+01,-1.131E+01, 4.330E+00, 7.644E-01, 2.583E-01, 1.823E-01, 1.000E+00, 4.089E-01, 4.819E-01, 1.000E-02, 1.000E+00, 1.000E+00, 4.089E-03, 2.516E-05, 2.966E-05, 0.000E+00, 6.460E+01, 2.646E+01, 1.429E-02, 8.544E-05, 6.958E+01, 7.204E-03, 3.855E-02
14/02/2019,10:00,9,2.476,2.976,2.117,.897,.073, 1.015E+03, 7.388E+01, 0.000E+00, 2.325E-01, 2.495E+00, 4.024E+01, 2.028E+01, 1.578E+01, 1.069E+01,-1.131E+01, 4.413E+00, 7.662E-01, 2.633E-01, 2.216E-01, 1.000E+00, 4.970E-01, 5.657E-01, 1.000E-02, 1.000E+00, 1.000E+00, 4.970E-03, 3.071E-05, 3.495E-05, 0.000E+00, 6.339E+01, 2.596E+01, 1.429E-02, 1.043E-04, 6.949E+01, 7.277E-03, 9.140E-02
14/02/2019,11:00,9,2.476,2.976,3.224,.874,.097, 1.015E+03, 7.275E+01, 0.000E+00, 2.314E-01, 2.783E+00, 4.373E+01, 2.184E+01, 1.715E+01, 1.069E+01,-1.131E+01, 4.496E+00, 7.679E-01, 2.682E-01, 2.359E-01, 1.000E+00, 5.266E-01, 5.928E-01, 1.000E-02, 1.000E+00, 1.000E+00, 5.266E-03, 3.267E-05, 3.678E-05, 0.000E+00, 6.222E+01, 2.548E+01, 1.429E-02, 1.109E-04, 6.946E+01, 7.346E-03, 2.016E-01
14/02/2019,12:00,9,2.476,2.976,4.332,.851,.124, 1.014E+03, 7.360E+01, 0.000E+00, 2.304E-01, 7.862E+00, 5.250E+01, 3.471E+01, 2.079E+01,-5.061E+01,-1.321E+01, 4.580E+00, 7.794E-01, 2.651E-01, 2.253E-01, 1.000E+00, 6.166E-01, 7.602E-01, 1.000E-02, 1.000E+00, 1.000E+00, 6.166E-03, 3.841E-05, 4.735E-05, 0.000E+00, 6.518E+01, 2.579E+01, 1.429E-02, 1.304E-04, 6.937E+01, 7.297E-03, 2.380E-01
14/02/2019,13:00,9,2.476,2.976,4.589,.835,.140, 1.014E+03, 7.635E+01, 0.000E+00, 2.269E-01, 5.778E+00, 4.191E+01, 2.883E+01, 1.659E+01,-5.061E+01,-1.321E+01, 4.861E+00, 7.800E-01, 2.814E-01, 1.896E-01, 1.000E+00, 5.325E-01, 6.945E-01, 1.000E-02, 1.000E+00, 1.000E+00, 5.325E-03, 3.320E-05, 4.330E-05, 0.000E+00, 6.140E+01, 2.429E+01, 1.429E-02, 1.127E-04, 6.945E+01, 7.507E-03, 2.509E-01
14/02/2019,14:00,9,2.476,2.976,4.846,.819,.156, 1.013E+03, 8.076E+01, 0.000E+00, 2.233E-01, 2.722E+00, 2.503E+01, 1.836E+01, 9.885E+00,-5.061E+01,-1.321E+01, 5.213E+00, 7.806E-01, 3.018E-01, 1.297E-01, 1.000E+00, 3.595E-01, 5.300E-01, 1.000E-02, 1.000E+00, 1.000E+00, 3.595E-03, 2.243E-05, 3.308E-05, 0.000E+00, 5.724E+01, 2.265E+01, 1.429E-02, 7.617E-05, 6.963E+01, 7.748E-03, 2.897E-01
14/02/2019,15:00,9,2.476,2.976,5.104,.804,.173, 1.012E+03, 8.649E+01, 0.000E+00, 2.197E-01, 1.695E+00, 1.382E+01, 1.931E+01, 5.475E+00,-1.089E+02,-1.463E+01, 5.624E+00, 7.227E-01, 3.120E-01, 4.949E-02, 1.000E+00, 2.188E-01, 5.480E-01, 1.000E-02, 1.000E+00, 1.000E+00, 2.188E-03, 1.367E-05, 3.423E-05, 0.000E+00, 5.777E+01, 2.191E+01, 1.429E-02, 4.640E-05, 6.977E+01, 7.844E-03, 2.568E-01
14/02/2019,16:00,9,2.476,2.976,4.665,.823,.151, 1.013E+03, 9.316E+01, 0.000E+00, 2.167E-01, 0.000E+00, 0.000E+00, 0.000E+00, 0.000E+00,-1.089E+02,-1.463E+01, 5.404E+00, 7.220E-01, 2.997E-01,-9.990E+02, 1.000E+00,-9.990E+02, 0.000E+00, 0.000E+00, 0.000E+00, 1.000E+00, 0.000E+00, 0.000E+00, 0.000E+00, 0.000E+00, 6.016E+01, 2.281E+01, 1.429E-02, 0.000E+00, 7.000E+01, 7.687E-03, 1.878E-01
14/02/2019,17:00,9,2.476,2.976,4.226,.842,.131, 1.013E+03, 1.004E+02, 0.000E+00, 2.136E-01, 0.000E+00, 0.000E+00, 0.000E+00, 0.000E+00,-1.089E+02,-1.463E+01, 5.207E+00, 7.213E-01, 2.888E-01,-9.990E+02, 1.000E+00,-9.990E+02, 0.000E+00, 0.000E+00, 0.000E+00, 1.000E+00, 0.000E+00, 0.000E+00, 0.000E+00, 0.000E+00, 6.245E+01, 2.367E+01, 1.429E-02, 0.000E+00, 7.000E+01, 7.555E-03, 1.804E-01
14/02/2019,18:00,9,2.476,2.976,3.786,.861,.111, 1.013E+03, 1.079E+02, 0.000E+00, 2.106E-01, 0.000E+00, 0.000E+00, 0.000E+00, 0.000E+00,-9.758E+01,-1.511E+01, 5.037E+00, 6.439E-01, 2.746E-01,-9.990E+02, 1.000E+00,-9.990E+02, 0.000E+00, 0.000E+00, 0.000E+00, 1.000E+00, 0.000E+00, 0.000E+00, 0.000E+00, 0.000E+00, 6.679E+01, 2.489E+01, 1.429E-02, 0.000E+00, 7.000E+01, 7.370E-03, 1.653E-01
14/02/2019,19:00,9,2.476,2.976,3.475,.874,.099, 1.014E+03, 1.152E+02, 0.000E+00, 2.083E-01, 0.000E+00, 0.000E+00, 0.000E+00, 0.000E+00,-9.758E+01,-1.511E+01, 4.871E+00, 6.434E-01, 2.655E-01,-9.990E+02, 1.000E+00,-9.990E+02, 0.000E+00, 0.000E+00, 0.000E+00, 1.000E+00, 0.000E+00, 0.000E+00, 0.000E+00, 0.000E+00, 6.909E+01, 2.574E+01, 1.429E-02, 0.000E+00, 7.000E+01, 7.250E-03, 1.230E-01
14/02/2019,20:00,9,2.476,2.976,3.163,.886,.087, 1.014E+03, 1.218E+02, 0.000E+00, 2.060E-01, 0.000E+00, 0.000E+00, 0.000E+00, 0.000E+00,-9.758E+01,-1.511E+01, 4.728E+00, 6.429E-01, 2.577E-01,-9.990E+02, 1.000E+00,-9.990E+02, 0.000E+00, 0.000E+00, 0.000E+00, 1.000E+00, 0.000E+00, 0.000E+00, 0.000E+00, 0.000E+00, 7.120E+01, 2.652E+01, 1.429E-02, 0.000E+00, 7.000E+01, 7.143E-03, 1.276E-01
14/02/2019,21:00,9,2.476,2.976,2.851,.899,.076, 1.015E+03, 1.273E+02, 0.000E+00, 2.037E-01, 0.000E+00, 0.000E+00, 0.000E+00, 0.000E+00,-8.179E+01,-1.266E+01, 4.611E+00, 5.195E-01, 2.397E-01,-9.990E+02, 1.000E+00,-9.990E+02, 0.000E+00, 0.000E+00, 0.000E+00, 1.000E+00, 0.000E+00, 0.000E+00, 0.000E+00, 0.000E+00, 8.024E+01, 2.851E+01, 1.429E-02, 0.000E+00, 7.000E+01, 6.869E-03, 1.189E-01
14/02/2019,22:00,9,2.476,2.976,2.507,.913,.064, 1.015E+03, 1.310E+02, 0.000E+00, 2.022E-01, 0.000E+00, 0.000E+00, 0.000E+00, 0.000E+00,-8.179E+01,-1.266E+01, 4.390E+00, 5.191E-01, 2.282E-01,-9.990E+02, 1.000E+00,-9.990E+02, 0.000E+00, 0.000E+00, 0.000E+00, 1.000E+00, 0.000E+00, 0.000E+00, 0.000E+00, 0.000E+00, 8.433E+01, 2.996E+01, 1.429E-02, 0.000E+00, 7.000E+01, 6.693E-03, 7.891E-02
14/02/2019,23:00,9,2.476,2.976,2.163,.927,.052, 1.015E+03, 1.325E+02, 0.000E+00, 2.007E-01, 0.000E+00, 0.000E+00, 0.000E+00, 0.000E+00,-8.179E+01,-1.266E+01, 4.171E+00, 5.187E-01, 2.167E-01,-9.990E+02, 1.000E+00,-9.990E+02, 0.000E+00, 0.000E+00, 0.000E+00, 1.000E+00, 0.000E+00, 0.000E+00, 0.000E+00, 0.000E+00, 8.879E+01, 3.154E+01, 1.429E-02, 0.000E+00, 7.000E+01, 6.510E-03, 7.448E-02
15/02/2019,00:00,9,2.487,2.987,1.819,.941,.041, 1.015E+03, 1.313E+02, 3.436E-05, 1.991E-01, 0.000E+00, 0.000E+00, 0.000E+00, 0.000E+00,-6.201E+01,-7.076E+00, 3.956E+00, 4.199E-01, 1.951E-01,-9.990E+02, 1.000E+00,-9.990E+02, 0.000E+00, 0.000E+00, 0.000E+00, 1.000E+00, 0.000E+00, 0.000E+00, 0.000E+00, 0.000E+00, 1.040E+02, 3.504E+01, 1.429E-02, 0.000E+00, 7.000E+01, 6.120E-03, 3.290E-02
15/02/2019,01:00,9,2.487,2.987,1.775,.936,.044, 1.016E+03, 1.279E+02, 3.436E-05, 2.098E-01, 0.000E+00, 0.000E+00, 0.000E+00, 0.000E+00,-6.201E+01,-7.076E+00, 3.868E+00, 4.198E-01, 1.907E-01,-9.990E+02, 1.000E+00,-9.990E+02, 0.000E+00, 0.000E+00, 0.000E+00, 1.000E+00, 0.000E+00, 0.000E+00, 0.000E+00, 0.000E+00, 1.063E+02, 3.584E+01, 1.429E-02, 0.000E+00, 7.000E+01, 6.042E-03, 4.087E-02
15/02/2019,02:00,9,2.487,2.987,1.731,.932,.047, 1.016E+03, 1.225E+02, 3.436E-05, 2.205E-01, 0.000E+00, 0.000E+00, 0.000E+00, 0.000E+00,-6.201E+01,-7.076E+00, 3.805E+00, 4.197E-01, 1.876E-01,-9.990E+02, 1.000E+00,-9.990E+02, 0.000E+00, 0.000E+00, 0.000E+00, 1.000E+00, 0.000E+00, 0.000E+00, 0.000E+00, 0.000E+00, 1.081E+02, 3.643E+01, 1.429E-02, 0.000E+00, 7.000E+01, 5.985E-03, 5.072E-02
15/02/2019,03:00,9,2.487,2.987,1.687,.927,.051, 1.016E+03, 1.160E+02, 3.436E-05, 2.312E-01, 0.000E+00, 0.000E+00, 0.000E+00, 0.000E+00,-6.191E+01,-7.939E+00, 3.769E+00, 4.292E-01, 1.879E-01,-9.990E+02, 1.000E+00,-9.990E+02, 0.000E+00, 0.000E+00, 0.000E+00, 1.000E+00, 0.000E+00, 0.000E+00, 0.000E+00, 0.000E+00, 1.067E+02, 3.637E+01, 1.429E-02, 0.000E+00, 7.000E+01, 5.995E-03, 6.033E-02
15/02/2019,04:00,9,2.487,2.987,1.488,.940,.041, 1.016E+03, 1.087E+02, 3.436E-05, 2.307E-01, 0.000E+00, 0.000E+00, 0.000E+00, 0.000E+00,-6.191E+01,-7.939E+00, 3.678E+00, 4.291E-01, 1.834E-01,-9.990E+02, 1.000E+00,-9.990E+02, 0.000E+00, 0.000E+00, 0.000E+00, 1.000E+00, 0.000E+00, 0.000E+00, 0.000E+00, 0.000E+00, 1.094E+02, 3.727E+01, 1.429E-02, 0.000E+00, 7.000E+01, 5.909E-03, 5.446E-02
15/02/2019,05:00,9,2.487,2.987,1.290,.953,.032, 1.016E+03, 1.012E+02, 3.436E-05, 2.302E-01, 0.000E+00, 0.000E+00, 0.000E+00, 0.000E+00,-6.191E+01,-7.939E+00, 3.598E+00, 4.289E-01, 1.794E-01,-9.990E+02, 1.000E+00,-9.990E+02, 0.000E+00, 0.000E+00, 0.000E+00, 1.000E+00, 0.000E+00, 0.000E+00, 0.000E+00, 0.000E+00, 1.118E+02, 3.811E+01, 1.429E-02, 0.000E+00, 7.000E+01, 5.833E-03, 6.477E-02
15/02/2019,06:00,9,2.487,2.987,1.091,.966,.022, 1.016E+03, 9.391E+01, 3.436E-05, 2.297E-01, 0.000E+00, 0.000E+00, 0.000E+00, 0.000E+00,-3.590E+01,-7.402E+00, 3.531E+00, 4.398E-01, 1.901E-01,-9.990E+02, 1.000E+00,-9.990E+02, 0.000E+00, 0.000E+00, 0.000E+00, 1.000E+00, 0.000E+00, 0.000E+00, 0.000E+00, 0.000E+00, 9.768E+01, 3.595E+01, 1.429E-02, 0.000E+00, 7.000E+01, 6.061E-03, 7.892E-02
15/02/2019,07:00,9,2.487,2.987,1.881,.927,.051, 1.016E+03, 8.711E+01, 3.436E-05, 2.284E-01, 1.159E-01, 6.252E+00, 3.583E+00, 2.434E+00,-3.590E+01,-7.402E+00, 3.509E+00, 4.404E-01, 1.890E-01, 4.057E-02, 1.000E+00, 9.696E-02, 1.370E-01, 1.000E-02, 1.000E+00, 1.000E+00, 9.696E-04, 5.986E-06, 8.461E-06, 0.000E+00, 9.821E+01, 3.616E+01, 1.429E-02, 2.041E-05, 6.990E+01, 6.045E-03, 9.408E-02
15/02/2019,08:00,9,2.487,2.987,2.672,.887,.084, 1.016E+03, 8.120E+01, 3.436E-05, 2.271E-01, 4.137E+00, 2.674E+01, 2.412E+01, 1.059E+01,-3.590E+01,-7.402E+00, 3.488E+00, 4.410E-01, 1.880E-01, 1.230E-01, 1.000E+00, 3.871E-01, 6.291E-01, 1.000E-02, 1.000E+00, 1.000E+00, 3.871E-03, 2.397E-05, 3.895E-05, 0.000E+00, 9.873E+01, 3.637E+01, 1.429E-02, 8.174E-05, 6.960E+01, 6.036E-03, 1.716E-01
15/02/2019,09:00,9,2.487,2.987,3.462,.847,.119, 1.016E+03, 7.656E+01, 3.436E-05, 2.258E-01, 1.518E+01, 5.079E+01, 5.311E+01, 2.044E+01,-6.253E+00,-6.299E+00, 3.467E+00, 4.858E-01, 2.032E-01, 1.860E-01, 1.000E+00, 6.279E-01, 8.874E-01, 1.000E-02, 1.000E+00, 1.000E+00, 6.279E-03, 3.899E-05, 5.511E-05, 0.000E+00, 8.396E+01, 3.364E+01, 1.429E-02, 1.330E-04, 6.935E+01, 6.348E-03, 2.443E-01
15/02/2019,10:00,9,2.487,2.987,4.176,.814,.153, 1.016E+03, 7.354E+01, 3.436E-05, 2.220E-01, 2.137E+01, 6.429E+01, 6.363E+01, 2.592E+01,-6.253E+00,-6.299E+00, 3.516E+00, 4.864E-01, 2.061E-01, 2.251E-01, 1.000E+00, 7.167E-01, 9.270E-01, 1.000E-02, 1.000E+00, 1.000E+00, 7.167E-03, 4.462E-05, 5.771E-05, 0.000E+00, 8.277E+01, 3.316E+01, 1.429E-02, 1.522E-04, 6.926E+01, 6.402E-03, 2.955E-01
15/02/2019,11:00,9,2.487,2.987,4.890,.781,.189, 1.016E+03, 7.240E+01, 3.436E-05, 2.182E-01, 2.376E+01, 6.926E+01, 6.724E+01, 2.794E+01,-6.253E+00,-6.299E+00, 3.567E+00, 4.871E-01, 2.091E-01, 2.392E-01, 1.000E+00, 7.438E-01, 9.371E-01, 1.000E-02, 1.000E+00, 1.000E+00, 7.438E-03, 4.643E-05, 5.849E-05, 0.000E+00, 8.158E+01, 3.269E+01, 1.429E-02, 1.583E-04, 6.923E+01, 6.455E-03, 3.302E-01
15/02/2019,12:00,9,2.487,2.987,5.604,.748,.229, 1.016E+03, 7.325E+01, 3.436E-05, 2.144E-01, 8.435E+01, 5.451E+01, 1.713E+02, 2.494E+01,-5.113E+01,-1.094E+01, 3.620E+00, 5.805E-01, 2.021E-01, 2.286E-01, 1.000E+00, 7.232E-01, 9.991E-01, 1.000E-02, 1.000E+00, 1.000E+00, 7.232E-03, 4.526E-05, 6.252E-05, 0.000E+00, 8.862E+01, 3.382E+01, 1.429E-02, 1.543E-04, 6.925E+01, 6.317E-03, 3.598E-01
15/02/2019,13:00,9,2.487,2.987,5.255,.770,.204, 1.015E+03, 7.602E+01, 3.436E-05, 2.121E-01, 6.252E+01, 4.783E+01, 1.509E+02, 2.150E+01,-5.113E+01,-1.094E+01, 3.858E+00, 5.803E-01, 2.154E-01, 1.932E-01, 1.000E+00, 6.664E-01, 9.980E-01, 1.000E-02, 1.000E+00, 1.000E+00, 6.664E-03, 4.165E-05, 6.237E-05, 0.000E+00, 8.316E+01, 3.173E+01, 1.429E-02, 1.420E-04, 6.931E+01, 6.542E-03, 3.457E-01
15/02/2019,14:00,9,2.487,2.987,4.906,.792,.180, 1.015E+03, 8.044E+01, 3.436E-05, 2.098E-01, 3.032E+01, 3.501E+01, 1.064E+02, 1.512E+01,-5.113E+01,-1.094E+01, 4.100E+00, 5.800E-01, 2.289E-01, 1.335E-01, 1.000E+00, 5.332E-01, 9.874E-01, 1.000E-02, 1.000E+00, 1.000E+00, 5.332E-03, 3.328E-05, 6.164E-05, 0.000E+00, 7.828E+01, 2.987E+01, 1.429E-02, 1.135E-04, 6.945E+01, 6.753E-03, 3.417E-01
15/02/2019,15:00,9,2.487,2.987,4.557,.814,.157, 1.015E+03, 8.618E+01, 3.436E-05, 2.075E-01, 2.475E+00, 1.592E+01, 2.490E+01, 6.319E+00,-1.021E+02,-5.359E+00, 4.344E+00, 5.855E-01, 2.295E-01, 5.357E-02, 1.000E+00, 2.509E-01, 6.408E-01, 1.000E-02, 1.000E+00, 1.000E+00, 2.509E-03, 1.564E-05, 3.995E-05, 0.000E+00, 8.249E+01, 2.979E+01, 1.429E-02, 5.335E-05, 6.974E+01, 6.731E-03, 2.850E-01
15/02/2019,16:00,9,2.487,2.987,4.115,.812,.154, 1.014E+03, 9.287E+01, 3.436E-05, 2.055E-01, 0.000E+00, 0.000E+00, 0.000E+00, 0.000E+00,-1.021E+02,-5.359E+00, 4.510E+00, 5.852E-01, 2.382E-01,-9.990E+02, 1.000E+00,-9.990E+02, 0.000E+00, 0.000E+00, 0.000E+00, 1.000E+00, 0.000E+00, 0.000E+00, 0.000E+00, 0.000E+00, 7.949E+01, 2.870E+01, 1.429E-02, 0.000E+00, 7.000E+01, 6.851E-03, 2.005E-01
15/02/2019,17:00,9,2.487,2.987,3.674,.810,.151, 1.014E+03, 1.001E+02, 3.436E-05, 2.035E-01, 0.000E+00, 0.000E+00, 0.000E+00, 0.000E+00,-1.021E+02,-5.359E+00, 4.681E+00, 5.848E-01, 2.472E-01,-9.990E+02, 1.000E+00,-9.990E+02, 0.000E+00, 0.000E+00, 0.000E+00, 1.000E+00, 0.000E+00, 0.000E+00, 0.000E+00, 0.000E+00, 7.662E+01, 2.765E+01, 1.429E-02, 0.000E+00, 7.000E+01, 6.983E-03, 2.154E-01
15/02/2019,18:00,9,2.487,2.987,3.233,.808,.148, 1.014E+03, 1.076E+02, 3.436E-05, 2.014E-01, 0.000E+00, 0.000E+00, 0.000E+00, 0.000E+00,-1.128E+02, 5.459E+00, 4.857E+00, 6.424E-01, 2.613E-01,-9.990E+02, 1.000E+00,-9.990E+02, 0.000E+00, 0.000E+00, 0.000E+00, 1.000E+00, 0.000E+00, 0.000E+00, 0.000E+00, 0.000E+00, 7.113E+01, 2.616E+01, 1.429E-02, 0.000E+00, 7.000E+01, 7.188E-03, 3.203E-01
15/02/2019,19:00,9,2.487,2.987,3.320,.785,.167, 1.013E+03, 1.149E+02, 3.436E-05, 1.999E-01, 0.000E+00, 0.000E+00, 0.000E+00, 0.000E+00,-1.128E+02, 5.459E+00, 5.014E+00, 6.427E-01, 2.698E-01,-9.990E+02, 1.000E+00,-9.990E+02, 0.000E+00, 0.000E+00, 0.000E+00, 1.000E+00, 0.000E+00, 0.000E+00, 0.000E+00, 0.000E+00, 6.890E+01, 2.534E+01, 1.429E-02, 0.000E+00, 7.000E+01, 7.302E-03, 4.558E-01
15/02/2019,20:00,9,2.487,2.987,3.408,.762,.186, 1.012E+03, 1.215E+02, 3.436E-05, 1.984E-01, 0.000E+00, 0.000E+00, 0.000E+00, 0.000E+00,-1.128E+02, 5.459E+00, 5.171E+00, 6.430E-01, 2.782E-01,-9.990E+02, 1.000E+00,-9.990E+02, 0.000E+00, 0.000E+00, 0.000E+00, 1.000E+00, 0.000E+00, 0.000E+00, 0.000E+00, 0.000E+00, 6.680E+01, 2.457E+01, 1.429E-02, 0.000E+00, 7.000E+01, 7.412E-03, 4.735E-01
15/02/2019,21:00,9,2.487,2.987,3.495,.739,.205, 1.012E+03, 1.270E+02, 3.436E-05, 1.969E-01, 0.000E+00, 0.000E+00, 0.000E+00, 0.000E+00,-1.288E+02, 2.142E+01, 5.328E+00, 7.897E-01, 2.974E-01,-9.990E+02, 1.000E+00,-9.990E+02, 0.000E+00, 0.000E+00, 0.000E+00, 1.000E+00, 0.000E+00, 0.000E+00, 0.000E+00, 0.000E+00, 6.024E+01, 2.299E+01, 1.429E-02, 0.000E+00, 7.000E+01, 7.662E-03, 4.829E-01
15/02/2019,22:00,9,2.487,2.987,3.490,.729,.213, 1.011E+03, 1.307E+02, 3.436E-05, 1.956E-01, 0.000E+00, 0.000E+00, 0.000E+00, 0.000E+00,-1.288E+02, 2.142E+01, 5.548E+00, 7.900E-01, 3.097E-01,-9.990E+02, 1.000E+00,-9.990E+02, 0.000E+00, 0.000E+00, 0.000E+00, 1.000E+00, 0.000E+00, 0.000E+00, 0.000E+00, 0.000E+00, 5.784E+01, 2.207E+01, 1.429E-02, 0.000E+00, 7.000E+01, 7.806E-03, 4.378E-01
15/02/2019,23:00,9,2.487,2.987,3.485,.719,.220, 1.010E+03, 1.321E+02, 3.436E-05, 1.943E-01, 0.000E+00, 0.000E+00, 0.000E+00, 0.000E+00,-1.288E+02, 2.142E+01, 5.773E+00, 7.903E-01, 3.222E-01,-9.990E+02, 1.000E+00,-9.990E+02, 0.000E+00, 0.000E+00, 0.000E+00, 1.000E+00, 0.000E+00, 0.000E+00, 0.000E+00, 0.000E+00, 5.559E+01, 2.121E+01, 1.429E-02, 0.000E+00, 7.000E+01, 7.946E-03, 3.490E-01
16/02/2019,00:00,9,2.497,2.997,3.480,.709,.228, 1.009E+03, 1.310E+02, 0.000E+00, 1.930E-01, 0.000E+00, 0.000E+00, 0.000E+00, 0.000E+00,-1.295E+02, 2.510E+01, 6.000E+00, 7.936E-01, 3.351E-01,-9.990E+02, 1.000E+00,-9.990E+02, 0.000E+00, 0.000E+00, 0.000E+00, 1.000E+00, 0.000E+00, 0.000E+00, 0.000E+00, 0.000E+00, 5.345E+01, 2.040E+01, 1.429E-02, 0.000E+00, 7.000E+01, 8.083E-03, 2.385E-01
16/02/2019,01:00,9,2.497,2.997,3.444,.706,.230, 1.009E+03, 1.275E+02, 0.000E+00, 2.007E-01, 0.000E+00, 0.000E+00, 0.000E+00, 0.000E+00,-1.295E+02, 2.510E+01, 5.961E+00, 7.938E-01, 3.328E-01,-9.990E+02, 1.000E+00,-9.990E+02, 0.000E+00, 0.000E+00, 0.000E+00, 1.000E+00, 0.000E+00, 0.000E+00, 0.000E+00, 0.000E+00, 5.380E+01, 2.054E+01, 1.429E-02, 0.000E+00, 7.000E+01, 8.060E-03, 1.803E-01
16/02/2019,02:00,9,2.497,2.997,3.409,.703,.232, 1.008E+03, 1.222E+02, 0.000E+00, 2.083E-01, 0.000E+00, 0.000E+00, 0.000E+00, 0.000E+00,-1.295E+02, 2.510E+01, 5.924E+00, 7.940E-01, 3.308E-01,-9.990E+02, 1.000E+00,-9.990E+02, 0.000E+00, 0.000E+00, 0.000E+00, 1.000E+00, 0.000E+00, 0.000E+00, 0.000E+00, 0.000E+00, 5.414E+01, 2.066E+01, 1.429E-02, 0.000E+00, 7.000E+01, 8.038E-03, 1.655E-01
16/02/2019,03:00,9,2.497,2.997,3.373,.699,.234, 1.007E+03, 1.157E+02, 0.000E+00, 2.159E-01, 0.000E+00, 0.000E+00, 0.000E+00, 0.000E+00,-1.251E+02, 2.421E+01, 5.890E+00, 8.195E-01, 3.313E-01,-9.990E+02, 1.000E+00,-9.990E+02, 0.000E+00, 0.000E+00, 0.000E+00, 1.000E+00, 0.000E+00, 0.000E+00, 0.000E+00, 0.000E+00, 5.367E+01, 2.063E+01, 1.429E-02, 0.000E+00, 7.000E+01, 8.046E-03, 1.606E-01
16/02/2019,04:00,9,2.497,2.997,3.198,.709,.224, 1.007E+03, 1.084E+02, 0.000E+00, 2.152E-01, 0.000E+00, 0.000E+00, 0.000E+00, 0.000E+00,-1.251E+02, 2.421E+01, 5.927E+00, 8.195E-01, 3.334E-01,-9.990E+02, 1.000E+00,-9.990E+02, 0.000E+00, 0.000E+00, 0.000E+00, 1.000E+00, 0.000E+00, 0.000E+00, 0.000E+00, 0.000E+00, 5.333E+01, 2.050E+01, 1.429E-02, 0.000E+00, 7.000E+01, 8.068E-03, 1.443E-01
16/02/2019,05:00,9,2.497,2.997,3.023,.718,.214, 1.006E+03, 1.009E+02, 0.000E+00, 2.144E-01, 0.000E+00, 0.000E+00, 0.000E+00, 0.000E+00,-1.251E+02, 2.421E+01, 5.968E+00, 8.195E-01, 3.357E-01,-9.990E+02, 1.000E+00,-9.990E+02, 0.000E+00, 0.000E+00, 0.000E+00, 1.000E+00, 0.000E+00, 0.000E+00, 0.000E+00, 0.000E+00, 5.297E+01, 2.036E+01, 1.429E-02, 0.000E+00, 7.000E+01, 8.092E-03, 1.378E-01
16/02/2019,06:00,9,2.497,2.997,2.848,.727,.205, 1.005E+03, 9.360E+01, 0.000E+00, 2.136E-01, 0.000E+00, 0.000E+00, 0.000E+00, 0.000E+00,-8.016E+01, 2.358E+01, 6.012E+00, 8.224E-01, 3.448E-01,-9.990E+02, 1.000E+00,-9.990E+02, 0.000E+00, 0.000E+00, 0.000E+00, 1.000E+00, 0.000E+00, 0.000E+00, 0.000E+00, 0.000E+00, 5.056E+01, 1.982E+01, 1.429E-02, 0.000E+00, 7.000E+01, 8.192E-03, 1.342E-01
16/02/2019,07:00,9,2.497,2.997,3.309,.720,.217, 1.005E+03, 8.679E+01, 0.000E+00, 2.121E-01, 1.268E+00, 1.341E+01, 1.659E+01, 5.265E+00,-8.016E+01, 2.358E+01, 5.824E+00, 8.232E-01, 3.340E-01, 4.486E-02, 1.000E+00, 2.082E-01, 4.945E-01, 1.000E-02, 1.000E+00, 1.000E+00, 2.082E-03, 1.292E-05, 3.069E-05, 0.000E+00, 5.219E+01, 2.046E+01, 1.429E-02, 4.424E-05, 6.978E+01, 8.095E-03, 1.690E-01
16/02/2019,08:00,9,2.497,2.997,3.771,.712,.231, 1.005E+03, 8.087E+01, 0.000E+00, 2.106E-01, 2.994E+01, 3.618E+01, 1.099E+02, 1.553E+01,-8.016E+01, 2.358E+01, 5.637E+00, 8.240E-01, 3.234E-01, 1.270E-01, 1.000E+00, 5.377E-01, 9.891E-01, 1.000E-02, 1.000E+00, 1.000E+00, 5.377E-03, 3.342E-05, 6.149E-05, 0.000E+00, 5.391E+01, 2.114E+01, 1.429E-02, 1.145E-04, 6.944E+01, 8.002E-03, 1.986E-01
16/02/2019,09:00,9,2.497,2.997,4.232,.704,.244, 1.005E+03, 7.622E+01, 0.000E+00, 2.091E-01, 6.310E+01, 4.852E+01, 1.542E+02, 2.175E+01,-3.097E+00, 1.682E+01, 5.452E+00, 7.217E-01, 3.231E-01, 1.897E-01, 1.000E+00, 6.684E-01, 9.982E-01, 1.000E-02, 1.000E+00, 1.000E+00, 6.684E-03, 4.162E-05, 6.216E-05, 0.000E+00, 5.221E+01, 2.115E+01, 1.429E-02, 1.425E-04, 6.931E+01, 8.019E-03, 2.531E-01
16/02/2019,10:00,9,2.497,2.997,4.743,.699,.258, 1.004E+03, 7.319E+01, 0.000E+00, 2.055E-01, 8.778E+01, 5.605E+01, 1.774E+02, 2.561E+01,-3.097E+00, 1.682E+01, 5.184E+00, 7.225E-01, 3.073E-01, 2.285E-01, 1.000E+00, 7.308E-01, 9.993E-01, 1.000E-02, 1.000E+00, 1.000E+00, 7.308E-03, 4.559E-05, 6.234E-05, 0.000E+00, 5.491E+01, 2.224E+01, 1.429E-02, 1.561E-04, 6.924E+01, 7.843E-03, 2.925E-01
16/02/2019,11:00,9,2.497,2.997,5.253,.693,.273, 1.004E+03, 7.205E+01, 0.000E+00, 2.019E-01, 9.729E+01, 5.856E+01, 1.848E+02, 2.693E+01,-3.097E+00, 1.682E+01, 4.921E+00, 7.232E-01, 2.917E-01, 2.425E-01, 1.000E+00, 7.496E-01, 9.995E-01, 1.000E-02, 1.000E+00, 1.000E+00, 7.496E-03, 4.685E-05, 6.247E-05, 0.000E+00, 5.784E+01, 2.343E+01, 1.429E-02, 1.604E-04, 6.922E+01, 7.658E-03, 3.749E-01
16/02/2019,12:00,9,2.497,2.997,5.764,.687,.288, 1.004E+03, 7.291E+01, 0.000E+00, 1.984E-01, 9.344E+01, 5.876E+01, 1.859E+02, 2.689E+01,-6.314E+01, 3.110E+00, 4.664E+00, 6.863E-01, 2.642E-01, 2.320E-01, 1.000E+00, 7.458E-01, 9.995E-01, 1.000E-02, 1.000E+00, 1.000E+00, 7.458E-03, 4.670E-05, 6.258E-05, 0.000E+00, 6.679E+01, 2.587E+01, 1.429E-02, 1.599E-04, 6.923E+01, 7.287E-03, 4.776E-01
16/02/2019,13:00,9,2.497,2.997,5.152,.727,.241, 1.003E+03, 7.568E+01, 0.000E+00, 1.918E-01, 6.992E+01, 5.177E+01, 1.647E+02, 2.329E+01,-6.314E+01, 3.110E+00, 4.410E+00, 6.856E-01, 2.499E-01, 1.968E-01, 1.000E+00, 6.916E-01, 9.989E-01, 1.000E-02, 1.000E+00, 1.000E+00, 6.916E-03, 4.321E-05, 6.240E-05, 0.000E+00, 7.065E+01, 2.736E+01, 1.429E-02, 1.480E-04, 6.928E+01, 7.082E-03, 4.231E-01
16/02/2019,14:00,9,2.497,2.997,4.540,.766,.198, 1.003E+03, 8.012E+01, 0.000E+00, 1.852E-01, 3.499E+01, 3.832E+01, 1.186E+02, 1.659E+01,-6.314E+01, 3.110E+00, 4.214E+00, 6.849E-01, 2.387E-01, 1.373E-01, 1.000E+00, 5.630E-01, 9.924E-01, 1.000E-02, 1.000E+00, 1.000E+00, 5.630E-03, 3.509E-05, 6.186E-05, 0.000E+00, 7.395E+01, 2.863E+01, 1.429E-02, 1.202E-04, 6.942E+01, 6.911E-03, 3.875E-01
16/02/2019,15:00,9,2.497,2.997,3.928,.806,.157, 1.003E+03, 8.587E+01, 0.000E+00, 1.785E-01, 3.385E+00, 1.717E+01, 3.036E+01, 6.837E+00,-7.638E+01,-8.826E+00, 4.084E+00, 4.366E-01, 1.978E-01, 5.763E-02, 1.000E+00, 2.721E-01, 7.131E-01, 1.000E-02, 1.000E+00, 1.000E+00, 2.721E-03, 1.692E-05, 4.436E-05, 0.000E+00, 1.044E+02, 3.456E+01, 1.429E-02, 5.796E-05, 6.972E+01, 6.173E-03, 3.925E-01
16/02/2019,16:00,9,2.497,2.997,3.082,.853,.112, 1.004E+03, 9.257E+01, 0.000E+00, 1.770E-01, 0.000E+00, 0.000E+00, 0.000E+00, 0.000E+00,-7.638E+01,-8.826E+00, 3.777E+00, 4.358E-01, 1.827E-01,-9.990E+02, 1.000E+00,-9.990E+02, 0.000E+00, 0.000E+00, 0.000E+00, 1.000E+00, 0.000E+00, 0.000E+00, 0.000E+00, 0.000E+00, 1.131E+02, 3.741E+01, 1.429E-02, 0.000E+00, 7.000E+01, 5.886E-03, 3.474E-01
16/02/2019,17:00,9,2.497,2.997,2.236,.901,.071, 1.005E+03, 9.983E+01, 0.000E+00, 1.755E-01, 0.000E+00, 0.000E+00, 0.000E+00, 0.000E+00,-7.638E+01,-8.826E+00, 3.563E+00, 4.350E-01, 1.722E-01,-9.990E+02, 1.000E+00,-9.990E+02, 0.000E+00, 0.000E+00, 0.000E+00, 1.000E+00, 0.000E+00, 0.000E+00, 0.000E+00, 0.000E+00, 1.202E+02, 3.969E+01, 1.429E-02, 0.000E+00, 7.000E+01, 5.682E-03, 2.542E-01
16/02/2019,18:00,9,2.497,2.997,1.390,.948,.035, 1.005E+03, 1.073E+02, 0.000E+00, 1.740E-01, 0.000E+00, 0.000E+00, 0.000E+00, 0.000E+00,-4.925E+01,-1.005E+01, 3.459E+00, 3.189E-01, 1.495E-01,-9.990E+02, 1.000E+00,-9.990E+02, 0.000E+00, 0.000E+00, 0.000E+00, 1.000E+00, 0.000E+00, 0.000E+00, 0.000E+00, 0.000E+00, 1.548E+02, 4.573E+01, 1.429E-02, 0.000E+00, 7.000E+01, 5.164E-03, 1.699E-01
16/02/2019,19:00,9,2.497,2.997,.733,.946,.035, 1.006E+03, 1.146E+02, 0.000E+00, 1.740E-01, 0.000E+00, 0.000E+00, 0.000E+00, 0.000E+00,-4.925E+01,-1.005E+01, 3.354E+00, 3.184E-01, 1.448E-01,-9.990E+02, 1.000E+00,-9.990E+02, 0.000E+00, 0.000E+00, 0.000E+00, 1.000E+00, 0.000E+00, 0.000E+00, 0.000E+00, 0.000E+00, 1.600E+02, 4.721E+01, 1.127E-02, 0.000E+00, 8.872E+01, 4.622E-03, 1.048E-01
16/02/2019,20:00,9,2.497,2.997,.075,.944,.034, 1.007E+03, 1.212E+02, 0.000E+00, 1.740E-01, 0.000E+00, 0.000E+00, 0.000E+00, 0.000E+00,-4.925E+01,-1.005E+01, 3.253E+00, 3.179E-01, 1.402E-01,-9.990E+02, 1.000E+00,-9.990E+02, 0.000E+00, 0.000E+00, 0.000E+00, 1.000E+00, 0.000E+00, 0.000E+00, 0.000E+00, 0.000E+00, 1.654E+02, 4.874E+01, 7.420E-03, 0.000E+00, 1.348E+02, 3.751E-03, 1.449E-01
16/02/2019,21:00,9,2.497,2.997,-.583,.942,.034, 1.007E+03, 1.267E+02, 0.000E+00, 1.740E-01, 0.000E+00, 0.000E+00, 0.000E+00, 0.000E+00,-4.729E+01,-5.264E+00, 3.154E+00, 3.017E-01, 1.316E-01,-9.990E+02, 1.000E+00,-9.990E+02, 0.000E+00, 0.000E+00, 0.000E+00, 1.000E+00, 0.000E+00, 0.000E+00, 0.000E+00, 0.000E+00, 1.822E+02, 5.196E+01, 5.531E-03, 0.000E+00, 1.808E+02, 3.107E-03, 1.240E-01
16/02/2019,22:00,9,2.497,2.997,-.930,.935,.037, 1.008E+03, 1.304E+02, 0.000E+00, 1.740E-01, 0.000E+00, 0.000E+00, 0.000E+00, 0.000E+00,-4.729E+01,-5.264E+00, 3.136E+00, 3.014E-01, 1.307E-01,-9.990E+02, 1.000E+00,-9.990E+02, 0.000E+00, 0.000E+00, 0.000E+00, 1.000E+00, 0.000E+00, 0.000E+00, 0.000E+00, 0.000E+00, 1.835E+02, 5.228E+01, 4.876E-03, 0.000E+00, 2.051E+02, 2.881E-03, 1.625E-01
16/02/2019,23:00,9,2.497,2.997,-1.276,.927,.041, 1.009E+03, 1.318E+02, 0.000E+00, 1.740E-01, 0.000E+00, 0.000E+00, 0.000E+00, 0.000E+00,-4.729E+01,-5.264E+00, 3.158E+00, 3.011E-01, 1.316E-01,-9.990E+02, 1.000E+00,-9.990E+02, 0.000E+00, 0.000E+00, 0.000E+00, 1.000E+00, 0.000E+00, 0.000E+00, 0.000E+00, 0.000E+00, 1.824E+02, 5.195E+01, 1.429E-03, 0.000E+00, 7.000E+02, 1.189E-03, 2.054E-01
17/02/2019,00:00,9,2.508,3.008,-1.623,.920,.044, 1.009E+03, 1.306E+02, 0.000E+00, 1.740E-01, 0.000E+00, 0.000E+00, 0.000E+00, 0.000E+00,-5.372E+01, 4.618E-01, 3.219E+00, 3.248E-01, 1.380E-01,-9.990E+02, 1.000E+00,-9.990E+02, 0.000E+00, 0.000E+00, 0.000E+00, 1.000E+00, 0.000E+00, 0.000E+00, 0.000E+00, 0.000E+00, 1.689E+02, 4.952E+01, 1.429E-03, 0.000E+00, 7.000E+02, 1.199E-03, 2.039E-01
17/02/2019,01:00,9,2.508,3.008,-1.887,.914,.046, 1.010E+03, 1.272E+02, 0.000E+00, 1.852E-01, 0.000E+00, 0.000E+00, 0.000E+00, 0.000E+00,-5.372E+01, 4.618E-01, 3.210E+00, 3.245E-01, 1.376E-01,-9.990E+02, 1.000E+00,-9.990E+02, 0.000E+00, 0.000E+00, 0.000E+00, 1.000E+00, 0.000E+00, 0.000E+00, 0.000E+00, 0.000E+00, 1.695E+02, 4.967E+01, 1.429E-03, 0.000E+00, 7.000E+02, 1.198E-03, 2.321E-01
17/02/2019,02:00,9,2.508,3.008,-2.152,.909,.047, 1.011E+03, 1.219E+02, 0.000E+00, 1.963E-01, 0.000E+00, 0.000E+00, 0.000E+00, 0.000E+00,-5.372E+01, 4.618E-01, 3.204E+00, 3.242E-01, 1.373E-01,-9.990E+02, 1.000E+00,-9.990E+02, 0.000E+00, 0.000E+00, 0.000E+00, 1.000E+00, 0.000E+00, 0.000E+00, 0.000E+00, 0.000E+00, 1.701E+02, 4.980E+01, 1.429E-03, 0.000E+00, 7.000E+02, 1.198E-03, 2.455E-01
17/02/2019,03:00,9,2.508,3.008,-2.416,.904,.049, 1.012E+03, 1.153E+02, 0.000E+00, 2.075E-01, 0.000E+00, 0.000E+00, 0.000E+00, 0.000E+00,-4.471E+01,-6.057E+00, 3.199E+00, 2.654E-01, 1.198E-01,-9.990E+02, 1.000E+00,-9.990E+02, 0.000E+00, 0.000E+00, 0.000E+00, 1.000E+00, 0.000E+00, 0.000E+00, 0.000E+00, 0.000E+00, 2.229E+02, 5.706E+01, 1.429E-03, 0.000E+00, 7.000E+02, 1.167E-03, 2.348E-01
17/02/2019,04:00,9,2.508,3.008,-2.875,.896,.052, 1.012E+03, 1.081E+02, 0.000E+00, 2.075E-01, 0.000E+00, 0.000E+00, 0.000E+00, 0.000E+00,-4.471E+01,-6.057E+00, 3.182E+00, 2.651E-01, 1.190E-01,-9.990E+02, 1.000E+00,-9.990E+02, 0.000E+00, 0.000E+00, 0.000E+00, 1.000E+00, 0.000E+00, 0.000E+00, 0.000E+00, 0.000E+00, 2.245E+02, 5.742E+01, 1.429E-03, 0.000E+00, 7.000E+02, 1.165E-03, 2.004E-01
17/02/2019,05:00,9,2.508,3.008,-3.333,.887,.054, 1.013E+03, 1.006E+02, 0.000E+00, 2.075E-01, 0.000E+00, 0.000E+00, 0.000E+00, 0.000E+00,-4.471E+01,-6.057E+00, 3.166E+00, 2.648E-01, 1.183E-01,-9.990E+02, 1.000E+00,-9.990E+02, 0.000E+00, 0.000E+00, 0.000E+00, 1.000E+00, 0.000E+00, 0.000E+00, 0.000E+00, 0.000E+00, 2.261E+02, 5.777E+01, 1.429E-03, 0.000E+00, 7.000E+02, 1.164E-03, 1.869E-01
17/02/2019,06:00,9,2.508,3.008,-3.791,.879,.056, 1.013E+03, 9.328E+01, 0.000E+00, 2.075E-01, 0.000E+00, 0.000E+00, 0.000E+00, 0.000E+00,-2.184E+01,-4.195E-02, 3.151E+00, 2.779E-01, 1.498E-01,-9.990E+02, 1.000E+00,-9.990E+02, 0.000E+00, 0.000E+00, 0.000E+00, 1.000E+00, 0.000E+00, 0.000E+00, 0.000E+00, 0.000E+00, 1.403E+02, 4.562E+01, 1.429E-03, 0.000E+00, 7.000E+02, 1.216E-03, 1.858E-01
17/02/2019,07:00,9,2.508,3.008,-2.871,.846,.076, 1.014E+03, 8.647E+01, 0.000E+00, 2.075E-01, 1.837E+00, 1.475E+01, 2.069E+01, 5.798E+00,-2.184E+01,-4.195E-02, 2.747E+00, 2.783E-01, 1.308E-01, 4.916E-02, 1.000E+00, 2.299E-01, 5.731E-01, 1.000E-02, 1.000E+00, 1.000E+00, 2.299E-03, 1.395E-05, 3.477E-05, 0.000E+00, 1.607E+02, 5.228E+01, 1.429E-03, 4.798E-05, 6.773E+02, 1.224E-03, 2.243E-01
17/02/2019,08:00,9,2.508,3.008,-1.952,.813,.099, 1.014E+03, 8.054E+01, 0.000E+00, 2.075E-01, 3.197E+01, 3.735E+01, 1.133E+02, 1.603E+01,-2.184E+01,-4.195E-02, 2.346E+00, 2.787E-01, 1.118E-01, 1.310E-01, 1.000E+00, 5.494E-01, 9.905E-01, 1.000E-02, 1.000E+00, 1.000E+00, 5.494E-03, 3.345E-05, 6.030E-05, 0.000E+00, 1.877E+02, 6.114E+01, 1.429E-03, 1.150E-04, 6.478E+02, 1.232E-03, 2.731E-01
17/02/2019,09:00,9,2.508,3.008,-1.032,.781,.124, 1.015E+03, 7.588E+01, 0.000E+00, 2.075E-01, 6.849E+01, 5.187E+01, 1.636E+02, 2.322E+01, 4.247E+01, 1.735E+01, 1.951E+00, 2.897E-01, 1.324E-01, 1.934E-01, 1.000E+00, 6.894E-01, 9.988E-01, 1.000E-02, 1.000E+00, 1.000E+00, 6.894E-03, 4.211E-05, 6.101E-05, 0.000E+00, 9.967E+01, 5.163E+01, 1.429E-03, 1.448E-04, 6.356E+02, 1.308E-03, 3.217E-01
17/02/2019,10:00,9,2.508,3.008,-.156,.760,.145, 1.015E+03, 7.284E+01, 0.000E+00, 2.075E-01, 9.441E+01, 5.966E+01, 1.872E+02, 2.721E+01, 4.247E+01, 1.735E+01, 1.643E+00, 2.901E-01, 1.115E-01, 2.319E-01, 1.000E+00, 7.491E-01, 9.995E-01, 1.000E-02, 1.000E+00, 1.000E+00, 7.491E-03, 4.591E-05, 6.126E-05, 0.000E+00, 1.184E+02, 6.131E+01, 6.627E-03, 1.579E-04, 1.474E+02, 3.327E-03, 2.869E-01
17/02/2019,11:00,9,2.508,3.008,.720,.740,.167, 1.015E+03, 7.170E+01, 0.000E+00, 2.075E-01, 1.044E+02, 6.225E+01, 1.948E+02, 2.856E+01, 4.247E+01, 1.735E+01, 1.362E+00, 2.905E-01, 1.000E-01, 2.458E-01, 1.000E+00, 7.670E-01, 9.997E-01, 1.000E-02, 1.000E+00, 1.000E+00, 7.670E-03, 4.715E-05, 6.146E-05, 0.000E+00, 1.321E+02, 6.835E+01, 1.116E-02, 1.622E-04, 8.829E+01, 3.859E-03, 2.928E-01
17/02/2019,12:00,9,2.508,3.008,1.597,.719,.192, 1.016E+03, 7.256E+01, 0.000E+00, 2.075E-01, 9.679E+01, 6.031E+01, 1.891E+02, 2.755E+01, 9.686E+00, 1.069E+01, 1.125E+00, 1.062E-01, 1.000E-01, 2.353E-01, 1.000E+00, 7.536E-01, 9.996E-01, 1.000E-02, 1.000E+00, 1.000E+00, 7.536E-03, 4.648E-05, 6.165E-05, 0.000E+00, 1.033E+02, 6.835E+01, 1.429E-02, 1.599E-04, 6.923E+01, 4.445E-03, 3.178E-01
17/02/2019,13:00,9,2.508,3.008,1.118,.721,.185, 1.016E+03, 7.535E+01, 0.000E+00, 2.073E-01, 7.288E+01, 5.333E+01, 1.680E+02, 2.395E+01, 9.686E+00, 1.069E+01, 4.487E-01, 1.061E-01, 1.000E-01, 2.003E-01, 1.000E+00, 7.012E-01, 9.990E-01, 1.000E-02, 1.000E+00, 1.000E+00, 7.012E-03, 4.317E-05, 6.151E-05, 0.000E+00, 1.032E+02, 6.835E+01, 1.429E-02, 1.485E-04, 6.928E+01, 4.445E-03, 3.141E-01
17/02/2019,14:00,9,2.508,3.008,.639,.723,.177, 1.016E+03, 7.980E+01, 0.000E+00, 2.070E-01, 3.728E+01, 3.987E+01, 1.225E+02, 1.725E+01, 9.686E+00, 1.069E+01, 6.077E-01, 1.060E-01, 1.000E-01, 1.411E-01, 1.000E+00, 5.766E-01, 9.935E-01, 1.000E-02, 1.000E+00, 1.000E+00, 5.766E-03, 3.544E-05, 6.106E-05, 0.000E+00, 1.032E+02, 6.835E+01, 1.049E-02, 1.219E-04, 9.420E+01, 4.002E-03, 3.566E-01
17/02/2019,15:00,9,2.508,3.008,.160,.725,.170, 1.016E+03, 8.556E+01, 0.000E+00, 2.068E-01, 3.512E+00, 1.662E+01, 2.931E+01, 6.611E+00,-1.318E+01, 1.680E+00, 1.330E+00, 1.093E-01, 1.000E-01, 6.168E-02, 1.000E+00, 2.666E-01, 7.005E-01, 1.000E-02, 1.000E+00, 1.000E+00, 2.666E-03, 1.636E-05, 4.298E-05, 0.000E+00, 5.831E+02, 6.835E+01, 7.763E-03, 5.626E-05, 1.279E+02, 2.896E-03, 3.970E-01
17/02/2019,16:00,9,2.508,3.008,-.298,.764,.141, 1.016E+03, 9.227E+01, 0.000E+00, 2.068E-01, 0.000E+00, 0.000E+00, 0.000E+00, 0.000E+00,-1.318E+01, 1.680E+00, 1.510E+00, 1.092E-01, 1.000E-01,-9.990E+02, 1.000E+00,-9.990E+02, 0.000E+00, 0.000E+00, 0.000E+00, 1.000E+00, 0.000E+00, 0.000E+00, 0.000E+00, 0.000E+00, 5.842E+02, 6.835E+01, 6.216E-03, 0.000E+00, 1.609E+02, 2.643E-03, 4.182E-01
17/02/2019,17:00,9,2.508,3.008,-.756,.804,.113, 1.016E+03, 9.954E+01, 0.000E+00, 2.068E-01, 0.000E+00, 0.000E+00, 0.000E+00, 0.000E+00,-1.318E+01, 1.680E+00, 1.929E+00, 1.091E-01, 1.000E-01,-9.990E+02, 1.000E+00,-9.990E+02, 0.000E+00, 0.000E+00, 0.000E+00, 1.000E+00, 0.000E+00, 0.000E+00, 0.000E+00, 0.000E+00, 5.852E+02, 6.835E+01, 5.183E-03, 0.000E+00, 1.929E+02, 2.436E-03, 5.720E-01
17/02/2019,18:00,9,2.508,3.008,-1.214,.844,.087, 1.017E+03, 1.070E+02, 0.000E+00, 2.068E-01, 0.000E+00, 0.000E+00, 0.000E+00, 0.000E+00,-1.845E+01, 5.191E+00, 2.467E+00, 2.051E-01, 1.000E-01,-9.990E+02, 1.000E+00,-9.990E+02, 0.000E+00, 0.000E+00, 0.000E+00, 1.000E+00, 0.000E+00, 0.000E+00, 0.000E+00, 0.000E+00, 2.561E+02, 6.835E+01, 1.429E-03, 0.000E+00, 7.000E+02, 1.127E-03, 6.920E-01
17/02/2019,19:00,9,2.508,3.008,-.936,.840,.091, 1.016E+03, 1.143E+02, 0.000E+00, 2.068E-01, 0.000E+00, 0.000E+00, 0.000E+00, 0.000E+00,-1.845E+01, 5.191E+00, 2.532E+00, 2.052E-01, 1.000E-01,-9.990E+02, 1.000E+00,-9.990E+02, 0.000E+00, 0.000E+00, 0.000E+00, 1.000E+00, 0.000E+00, 0.000E+00, 0.000E+00, 0.000E+00, 2.560E+02, 6.835E+01, 4.866E-03, 0.000E+00, 2.055E+02, 2.547E-03, 6.975E-01
17/02/2019,20:00,9,2.508,3.008,-.658,.836,.095, 1.016E+03, 1.209E+02, 0.000E+00, 2.068E-01, 0.000E+00, 0.000E+00, 0.000E+00, 0.000E+00,-1.845E+01, 5.191E+00, 2.601E+00, 2.054E-01, 1.017E-01,-9.990E+02, 1.000E+00,-9.990E+02, 0.000E+00, 0.000E+00, 0.000E+00, 1.000E+00, 0.000E+00, 0.000E+00, 0.000E+00, 0.000E+00, 2.516E+02, 6.723E+01, 5.375E-03, 0.000E+00, 1.861E+02, 2.702E-03, 6.491E-01
17/02/2019,21:00,9,2.508,3.008,-.380,.833,.099, 1.016E+03, 1.263E+02, 0.000E+00, 2.068E-01, 0.000E+00, 0.000E+00, 0.000E+00, 0.000E+00,-2.800E+01, 9.500E+00, 2.672E+00, 3.731E-01, 1.402E-01,-9.990E+02, 1.000E+00,-9.990E+02, 0.000E+00, 0.000E+00, 0.000E+00, 1.000E+00, 0.000E+00, 0.000E+00, 0.000E+00, 0.000E+00, 1.359E+02, 4.874E+01, 6.003E-03, 0.000E+00, 1.666E+02, 3.382E-03, 6.138E-01
17/02/2019,22:00,9,2.508,3.008,-.231,.836,.099, 1.016E+03, 1.300E+02, 0.000E+00, 2.065E-01, 0.000E+00, 0.000E+00, 0.000E+00, 0.000E+00,-2.800E+01, 9.500E+00, 2.859E+00, 3.732E-01, 1.501E-01,-9.990E+02, 1.000E+00,-9.990E+02, 0.000E+00, 0.000E+00, 0.000E+00, 1.000E+00, 0.000E+00, 0.000E+00, 0.000E+00, 0.000E+00, 1.269E+02, 4.555E+01, 6.404E-03, 0.000E+00, 1.561E+02, 3.613E-03, 5.146E-01
17/02/2019,23:00,9,2.508,3.008,-.081,.839,.098, 1.015E+03, 1.314E+02, 0.000E+00, 2.063E-01, 0.000E+00, 0.000E+00, 0.000E+00, 0.000E+00,-2.800E+01, 9.500E+00, 3.047E+00, 3.734E-01, 1.599E-01,-9.990E+02, 1.000E+00,-9.990E+02, 0.000E+00, 0.000E+00, 0.000E+00, 1.000E+00, 0.000E+00, 0.000E+00, 0.000E+00, 0.000E+00, 1.191E+02, 4.273E+01, 6.864E-03, 0.000E+00, 1.457E+02, 3.863E-03, 3.905E-01
18/02/2019,00:00,9,2.519,3.019,.068,.842,.097, 1.015E+03, 1.303E+02, 1.839E-02, 2.060E-01, 0.000E+00, 0.000E+00, 0.000E+00, 0.000E+00,-1.997E+01, 2.951E+00, 3.235E+00, 4.651E-01, 1.832E-01,-9.990E+02, 1.000E+00,-9.990E+02, 0.000E+00, 0.000E+00, 0.000E+00, 1.000E+00, 0.000E+00, 0.000E+00, 0.000E+00, 0.000E+00, 9.633E+01, 3.730E+01, 7.395E-03, 0.000E+00, 1.352E+02, 4.286E-03, 2.929E-01
18/02/2019,01:00,9,2.519,3.019,.496,.871,.082, 1.014E+03, 1.268E+02, 1.839E-02, 2.131E-01, 0.000E+00, 0.000E+00, 0.000E+00, 0.000E+00,-1.997E+01, 2.951E+00, 3.469E+00, 4.656E-01, 1.965E-01,-9.990E+02, 1.000E+00,-9.990E+02, 0.000E+00, 0.000E+00, 0.000E+00, 1.000E+00, 0.000E+00, 0.000E+00, 0.000E+00, 0.000E+00, 8.982E+01, 3.478E+01, 9.497E-03, 0.000E+00, 1.053E+02, 5.082E-03, 1.975E-01
18/02/2019,02:00,9,2.519,3.019,.923,.900,.065, 1.014E+03, 1.215E+02, 1.839E-02, 2.202E-01, 0.000E+00, 0.000E+00, 0.000E+00, 0.000E+00,-1.997E+01, 2.951E+00, 3.706E+00, 4.661E-01, 2.100E-01,-9.990E+02, 1.000E+00,-9.990E+02, 0.000E+00, 0.000E+00, 0.000E+00, 1.000E+00, 0.000E+00, 0.000E+00, 0.000E+00, 0.000E+00, 8.405E+01, 3.255E+01, 1.327E-02, 0.000E+00, 7.537E+01, 6.213E-03, 1.047E-01
18/02/2019,03:00,9,2.519,3.019,1.351,.929,.048, 1.013E+03, 1.150E+02, 7.626E-03, 2.274E-01, 0.000E+00, 0.000E+00, 0.000E+00, 0.000E+00,-3.259E+01,-1.258E+01, 3.945E+00, 5.765E-01, 2.250E-01,-9.990E+02, 1.000E+00,-9.990E+02, 0.000E+00, 0.000E+00, 0.000E+00, 1.000E+00, 0.000E+00, 0.000E+00, 0.000E+00, 0.000E+00, 7.795E+01, 3.038E+01, 1.429E-02, 0.000E+00, 7.000E+01, 6.674E-03, 8.518E-02
18/02/2019,04:00,9,2.519,3.019,1.519,.944,.038, 1.013E+03, 1.078E+02, 7.626E-03, 2.269E-01, 0.000E+00, 0.000E+00, 0.000E+00, 0.000E+00,-3.259E+01,-1.258E+01, 4.093E+00, 5.769E-01, 2.334E-01,-9.990E+02, 1.000E+00,-9.990E+02, 0.000E+00, 0.000E+00, 0.000E+00, 1.000E+00, 0.000E+00, 0.000E+00, 0.000E+00, 0.000E+00, 7.513E+01, 2.929E+01, 1.429E-02, 0.000E+00, 7.000E+01, 6.805E-03, 6.189E-02
18/02/2019,05:00,9,2.519,3.019,1.687,.959,.029, 1.012E+03, 1.003E+02, 7.626E-03, 2.264E-01, 0.000E+00, 0.000E+00, 0.000E+00, 0.000E+00,-3.259E+01,-1.258E+01, 4.254E+00, 5.772E-01, 2.426E-01,-9.990E+02, 1.000E+00,-9.990E+02, 0.000E+00, 0.000E+00, 0.000E+00, 1.000E+00, 0.000E+00, 0.000E+00, 0.000E+00, 0.000E+00, 7.228E+01, 2.818E+01, 1.429E-02, 0.000E+00, 7.000E+01, 6.943E-03, 4.735E-02
18/02/2019,06:00,9,2.519,3.019,1.855,.973,.019, 1.011E+03, 9.296E+01, 9.958E-03, 2.258E-01, 0.000E+00, 0.000E+00, 0.000E+00, 0.000E+00,-1.073E+01,-1.232E+01, 4.427E+00, 6.451E-01, 2.604E-01,-9.990E+02, 1.000E+00,-9.990E+02, 0.000E+00, 0.000E+00, 0.000E+00, 1.000E+00, 0.000E+00, 0.000E+00, 0.000E+00, 0.000E+00, 6.530E+01, 2.625E+01, 1.429E-02, 0.000E+00, 7.000E+01, 7.205E-03, 2.310E-02
18/02/2019,07:00,9,2.519,3.019,1.934,.965,.025, 1.011E+03, 8.614E+01, 9.958E-03, 2.241E-01, 3.145E-02, 4.645E+00, 2.024E+00, 1.790E+00,-1.073E+01,-1.232E+01, 4.513E+00, 6.454E-01, 2.654E-01, 5.349E-02, 1.000E+00, 7.145E-02, 7.986E-02, 1.000E-02, 1.000E+00, 1.000E+00, 7.145E-04, 4.413E-06, 4.931E-06, 0.000E+00, 6.406E+01, 2.575E+01, 1.429E-02, 1.524E-05, 6.993E+01, 7.277E-03, 5.727E-02
18/02/2019,08:00,9,2.519,3.019,2.013,.956,.031, 1.010E+03, 8.020E+01, 9.958E-03, 2.223E-01, 4.165E-01, 1.785E+01, 8.115E+00, 6.892E+00,-1.073E+01,-1.232E+01, 4.598E+00, 6.456E-01, 2.705E-01, 1.351E-01, 1.000E+00, 2.518E-01, 2.838E-01, 1.000E-02, 1.000E+00, 1.000E+00, 2.518E-03, 1.556E-05, 1.753E-05, 0.000E+00, 6.286E+01, 2.527E+01, 1.429E-02, 5.373E-05, 6.974E+01, 7.355E-03, 7.993E-02
18/02/2019,09:00,9,2.519,3.019,2.093,.947,.038, 1.009E+03, 7.553E+01, 3.591E-03, 2.205E-01, 8.544E+00, 4.819E+01, 3.605E+01, 1.895E+01, 9.149E+00,-1.111E+01, 4.684E+00, 7.342E-01, 2.794E-01, 1.971E-01, 1.000E+00, 5.870E-01, 7.729E-01, 1.000E-02, 1.000E+00, 1.000E+00, 5.870E-03, 3.627E-05, 4.776E-05, 0.000E+00, 5.973E+01, 2.446E+01, 1.429E-02, 1.253E-04, 6.939E+01, 7.497E-03, 1.021E-01
18/02/2019,10:00,9,2.519,3.019,2.584,.931,.051, 1.008E+03, 7.249E+01, 3.591E-03, 2.180E-01, 1.167E+01, 6.049E+01, 4.319E+01, 2.380E+01, 9.149E+00,-1.111E+01, 5.056E+00, 7.352E-01, 3.016E-01, 2.353E-01, 1.000E+00, 6.729E-01, 8.307E-01, 1.000E-02, 1.000E+00, 1.000E+00, 6.729E-03, 4.165E-05, 5.142E-05, 0.000E+00, 5.534E+01, 2.266E+01, 1.429E-02, 1.439E-04, 6.930E+01, 7.777E-03, 1.449E-01
18/02/2019,11:00,9,2.519,3.019,3.076,.915,.065, 1.007E+03, 7.135E+01, 3.591E-03, 2.154E-01, 1.287E+01, 6.503E+01, 4.570E+01, 2.559E+01, 9.149E+00,-1.111E+01, 5.459E+00, 7.362E-01, 3.256E-01, 2.490E-01, 1.000E+00, 6.999E-01, 8.474E-01, 1.000E-02, 1.000E+00, 1.000E+00, 6.999E-03, 4.340E-05, 5.255E-05, 0.000E+00, 5.126E+01, 2.099E+01, 1.429E-02, 1.499E-04, 6.927E+01, 8.052E-03, 8.519E-02
18/02/2019,12:00,9,2.519,3.019,3.567,.899,.080, 1.006E+03, 7.222E+01, 3.884E-06, 2.129E-01, 1.210E+00, 3.915E+01, 1.711E+01, 1.512E+01,-2.374E+01,-1.922E+01, 5.885E+00, 7.327E-01, 3.444E-01, 2.386E-01, 1.000E+00, 4.732E-01, 5.052E-01, 1.000E-02, 1.000E+00, 1.000E+00, 4.732E-03, 2.939E-05, 3.138E-05, 0.000E+00, 4.961E+01, 1.985E+01, 1.429E-02, 1.015E-04, 6.951E+01, 8.228E-03, 1.158E-01
18/02/2019,13:00,9,2.519,3.019,3.870,.892,.087, 1.006E+03, 7.501E+01, 3.884E-06, 1.996E-01, 9.194E-01, 3.170E+01, 1.402E+01, 1.225E+01,-2.374E+01,-1.922E+01, 5.455E+00, 7.334E-01, 3.193E-01, 2.038E-01, 1.000E+00, 4.044E-01, 4.383E-01, 1.000E-02, 1.000E+00, 1.000E+00, 4.044E-03, 2.515E-05, 2.726E-05, 0.000E+00, 5.352E+01, 2.141E+01, 1.429E-02, 8.686E-05, 6.958E+01, 7.955E-03, 9.120E-02
18/02/2019,14:00,9,2.519,3.019,4.173,.884,.095, 1.005E+03, 7.947E+01, 3.884E-06, 1.864E-01, 4.837E-01, 1.978E+01, 8.962E+00, 7.638E+00,-2.374E+01,-1.922E+01, 5.059E+00, 7.340E-01, 2.961E-01, 1.449E-01, 1.000E+00, 2.752E-01, 3.083E-01, 1.000E-02, 1.000E+00, 1.000E+00, 2.752E-03, 1.713E-05, 1.919E-05, 0.000E+00, 5.771E+01, 2.309E+01, 1.429E-02, 5.918E-05, 6.971E+01, 7.678E-03, 1.432E-01
18/02/2019,15:00,9,2.519,3.019,4.476,.877,.104, 1.005E+03, 8.525E+01, 3.884E-06, 1.732E-01, 3.600E+00, 1.737E+01, 2.863E+01, 6.883E+00,-6.999E+01,-2.278E+01, 4.705E+00, 6.343E-01, 2.617E-01, 6.572E-02, 1.000E+00, 2.758E-01, 6.920E-01, 1.000E-02, 1.000E+00, 1.000E+00, 2.758E-03, 1.719E-05, 4.313E-05, 0.000E+00, 6.868E+01, 2.612E+01, 1.429E-02, 5.938E-05, 6.971E+01, 7.221E-03, 1.477E-01
18/02/2019,16:00,9,2.519,3.019,4.592,.879,.103, 1.004E+03, 9.197E+01, 3.884E-06, 1.691E-01, 0.000E+00, 0.000E+00, 0.000E+00, 0.000E+00,-6.999E+01,-2.278E+01, 4.744E+00, 6.345E-01, 2.639E-01,-9.990E+02, 1.000E+00,-9.990E+02, 0.000E+00, 0.000E+00, 0.000E+00, 1.000E+00, 0.000E+00, 0.000E+00, 0.000E+00, 0.000E+00, 6.811E+01, 2.590E+01, 1.429E-02, 0.000E+00, 7.000E+01, 7.235E-03, 1.958E-01
18/02/2019,17:00,9,2.519,3.019,4.707,.881,.102, 1.004E+03, 9.924E+01, 3.884E-06, 1.651E-01, 0.000E+00, 0.000E+00, 0.000E+00, 0.000E+00,-6.999E+01,-2.278E+01, 4.795E+00, 6.348E-01, 2.668E-01,-9.990E+02, 1.000E+00,-9.990E+02, 0.000E+00, 0.000E+00, 0.000E+00, 1.000E+00, 0.000E+00, 0.000E+00, 0.000E+00, 0.000E+00, 6.738E+01, 2.562E+01, 1.429E-02, 0.000E+00, 7.000E+01, 7.274E-03, 2.381E-01
18/02/2019,18:00,9,2.519,3.019,4.823,.882,.101, 1.003E+03, 1.067E+02, 1.330E-03, 1.610E-01, 0.000E+00, 0.000E+00, 0.000E+00, 0.000E+00,-8.825E+01,-2.316E+01, 4.858E+00, 6.905E-01, 2.706E-01,-9.990E+02, 1.000E+00,-9.990E+02, 0.000E+00, 0.000E+00, 0.000E+00, 1.000E+00, 0.000E+00, 0.000E+00, 0.000E+00, 0.000E+00, 6.634E+01, 2.526E+01, 1.429E-02, 0.000E+00, 7.000E+01, 7.325E-03, 3.351E-01
18/02/2019,19:00,9,2.519,3.019,4.464,.896,.088, 1.003E+03, 1.140E+02, 1.330E-03, 1.574E-01, 0.000E+00, 0.000E+00, 0.000E+00, 0.000E+00,-8.825E+01,-2.316E+01, 4.872E+00, 6.901E-01, 2.714E-01,-9.990E+02, 1.000E+00,-9.990E+02, 0.000E+00, 0.000E+00, 0.000E+00, 1.000E+00, 0.000E+00, 0.000E+00, 0.000E+00, 0.000E+00, 6.617E+01, 2.519E+01, 1.429E-02, 0.000E+00, 7.000E+01, 7.335E-03, 2.246E-01
18/02/2019,20:00,9,2.519,3.019,4.105,.909,.075, 1.003E+03, 1.206E+02, 1.330E-03, 1.539E-01, 0.000E+00, 0.000E+00, 0.000E+00, 0.000E+00,-8.825E+01,-2.316E+01, 4.900E+00, 6.898E-01, 2.729E-01,-9.990E+02, 1.000E+00,-9.990E+02, 0.000E+00, 0.000E+00, 0.000E+00, 1.000E+00, 0.000E+00, 0.000E+00, 0.000E+00, 0.000E+00, 6.580E+01, 2.505E+01, 1.429E-02, 0.000E+00, 7.000E+01, 7.355E-03, 1.902E-01
18/02/2019,21:00,9,2.519,3.019,3.747,.922,.062, 1.002E+03, 1.260E+02, 4.237E-03, 1.503E-01, 0.000E+00, 0.000E+00, 0.000E+00, 0.000E+00,-6.582E+01,-1.857E+01, 4.942E+00, 6.577E-01, 2.776E-01,-9.990E+02, 1.000E+00,-9.990E+02, 0.000E+00, 0.000E+00, 0.000E+00, 1.000E+00, 0.000E+00, 0.000E+00, 0.000E+00, 0.000E+00, 6.411E+01, 2.462E+01, 1.429E-02, 0.000E+00, 7.000E+01, 7.419E-03, 9.578E-02
18/02/2019,22:00,9,2.519,3.019,3.888,.917,.067, 1.002E+03, 1.297E+02, 4.237E-03, 1.473E-01, 0.000E+00, 0.000E+00, 0.000E+00, 0.000E+00,-6.582E+01,-1.857E+01, 4.855E+00, 6.580E-01, 2.728E-01,-9.990E+02, 1.000E+00,-9.990E+02, 0.000E+00, 0.000E+00, 0.000E+00, 1.000E+00, 0.000E+00, 0.000E+00, 0.000E+00, 0.000E+00, 6.525E+01, 2.506E+01, 1.429E-02, 0.000E+00, 7.000E+01, 7.356E-03, 9.583E-02
18/02/2019,23:00,9,2.519,3.019,4.029,.911,.072, 1.001E+03, 1.311E+02, 4.237E-03, 1.442E-01, 0.000E+00, 0.000E+00, 0.000E+00, 0.000E+00,-6.582E+01,-1.857E+01, 4.783E+00, 6.583E-01, 2.687E-01,-9.990E+02, 1.000E+00,-9.990E+02, 0.000E+00, 0.000E+00, 0.000E+00, 1.000E+00, 0.000E+00, 0.000E+00, 0.000E+00, 0.000E+00, 6.623E+01, 2.543E+01, 1.429E-02, 0.000E+00, 7.000E+01, 7.303E-03, 1.905E-01
19/02/2019,00:00,9,2.529,3.029,4.170,.906,.077, 1.001E+03, 1.299E+02, 4.659E-04, 1.412E-01, 0.000E+00, 0.000E+00, 0.000E+00, 0.000E+00,-7.202E+01,-2.683E+01, 4.726E+00, 6.778E-01, 2.655E-01,-9.990E+02, 1.000E+00,-9.990E+02, 0.000E+00, 0.000E+00, 0.000E+00, 1.000E+00, 0.000E+00, 0.000E+00, 0.000E+00, 0.000E+00, 6.706E+01, 2.575E+01, 1.429E-02, 0.000E+00, 7.000E+01, 7.259E-03, 1.819E-01
19/02/2019,01:00,9,2.529,3.029,4.164,.910,.074, 9.997E+02, 1.265E+02, 4.659E-04, 1.501E-01, 0.000E+00, 0.000E+00, 0.000E+00, 0.000E+00,-7.202E+01,-2.683E+01, 4.788E+00, 6.781E-01, 2.690E-01,-9.990E+02, 1.000E+00,-9.990E+02, 0.000E+00, 0.000E+00, 0.000E+00, 1.000E+00, 0.000E+00, 0.000E+00, 0.000E+00, 0.000E+00, 6.618E+01, 2.541E+01, 1.429E-02, 0.000E+00, 7.000E+01, 7.306E-03, 1.855E-01
19/02/2019,02:00,9,2.529,3.029,4.159,.914,.071, 9.987E+02, 1.212E+02, 4.659E-04, 1.590E-01, 0.000E+00, 0.000E+00, 0.000E+00, 0.000E+00,-7.202E+01,-2.683E+01, 4.858E+00, 6.784E-01, 2.729E-01,-9.990E+02, 1.000E+00,-9.990E+02, 0.000E+00, 0.000E+00, 0.000E+00, 1.000E+00, 0.000E+00, 0.000E+00, 0.000E+00, 0.000E+00, 6.523E+01, 2.505E+01, 1.429E-02, 0.000E+00, 7.000E+01, 7.358E-03, 1.858E-01
19/02/2019,03:00,9,2.529,3.029,4.153,.918,.067, 9.977E+02, 1.147E+02, 2.190E-03, 1.679E-01, 0.000E+00, 0.000E+00, 0.000E+00, 0.000E+00,-7.488E+01,-2.729E+01, 4.934E+00, 6.691E-01, 2.759E-01,-9.990E+02, 1.000E+00,-9.990E+02, 0.000E+00, 0.000E+00, 0.000E+00, 1.000E+00, 0.000E+00, 0.000E+00, 0.000E+00, 0.000E+00, 6.482E+01, 2.478E+01, 1.429E-02, 0.000E+00, 7.000E+01, 7.395E-03, 1.866E-01
19/02/2019,04:00,9,2.529,3.029,4.214,.918,.068, 9.968E+02, 1.075E+02, 2.190E-03, 1.640E-01, 0.000E+00, 0.000E+00, 0.000E+00, 0.000E+00,-7.488E+01,-2.729E+01, 4.944E+00, 6.695E-01, 2.765E-01,-9.990E+02, 1.000E+00,-9.990E+02, 0.000E+00, 0.000E+00, 0.000E+00, 1.000E+00, 0.000E+00, 0.000E+00, 0.000E+00, 0.000E+00, 6.468E+01, 2.472E+01, 1.429E-02, 0.000E+00, 7.000E+01, 7.403E-03, 1.736E-01
19/02/2019,05:00,9,2.529,3.029,4.275,.918,.068, 9.959E+02, 9.998E+01, 2.190E-03, 1.602E-01, 0.000E+00, 0.000E+00, 0.000E+00, 0.000E+00,-7.488E+01,-2.729E+01, 4.954E+00, 6.698E-01, 2.771E-01,-9.990E+02, 1.000E+00,-9.990E+02, 0.000E+00, 0.000E+00, 0.000E+00, 1.000E+00, 0.000E+00, 0.000E+00, 0.000E+00, 0.000E+00, 6.454E+01, 2.467E+01, 1.429E-02, 0.000E+00, 7.000E+01, 7.410E-03, 1.480E-01
19/02/2019,06:00,9,2.529,3.029,4.336,.918,.068, 9.950E+02, 9.264E+01, 1.047E-02, 1.564E-01, 0.000E+00, 0.000E+00, 0.000E+00, 0.000E+00,-5.492E+01,-1.705E+01, 4.964E+00, 7.190E-01, 2.844E-01,-9.990E+02, 1.000E+00,-9.990E+02, 0.000E+00, 0.000E+00, 0.000E+00, 1.000E+00, 0.000E+00, 0.000E+00, 0.000E+00, 0.000E+00, 6.139E+01, 2.404E+01, 1.429E-02, 0.000E+00, 7.000E+01, 7.511E-03, 1.543E-01
19/02/2019,07:00,9,2.529,3.029,4.461,.907,.078, 9.944E+02, 8.581E+01, 1.047E-02, 1.526E-01, 6.180E-01, 1.024E+01, 8.190E+00, 3.965E+00,-5.492E+01,-1.705E+01, 4.943E+00, 7.193E-01, 2.831E-01, 5.783E-02, 1.000E+00, 1.583E-01, 2.860E-01, 1.000E-02, 1.000E+00, 1.000E+00, 1.583E-03, 9.866E-06, 1.782E-05, 0.000E+00, 6.165E+01, 2.414E+01, 1.429E-02, 3.422E-05, 6.983E+01, 7.505E-03, 1.823E-01
19/02/2019,08:00,9,2.529,3.029,4.586,.897,.088, 9.939E+02, 7.986E+01, 1.047E-02, 1.488E-01, 6.358E+00, 3.340E+01, 3.119E+01, 1.314E+01,-5.492E+01,-1.705E+01, 4.932E+00, 7.197E-01, 2.825E-01, 1.391E-01, 1.000E+00, 4.599E-01, 7.228E-01, 1.000E-02, 1.000E+00, 1.000E+00, 4.599E-03, 2.868E-05, 4.506E-05, 0.000E+00, 6.178E+01, 2.419E+01, 1.429E-02, 9.947E-05, 6.952E+01, 7.515E-03, 2.268E-01
19/02/2019,09:00,9,2.529,3.029,4.712,.886,.098, 9.933E+02, 7.518E+01, 3.808E-03, 1.450E-01, 2.975E+00, 3.885E+01, 2.087E+01, 1.505E+01,-3.170E+01,-5.850E+00, 4.931E+00, 7.553E-01, 2.876E-01, 2.008E-01, 1.000E+00, 4.846E-01, 5.761E-01, 1.000E-02, 1.000E+00, 1.000E+00, 4.846E-03, 3.023E-05, 3.594E-05, 0.000E+00, 5.962E+01, 2.377E+01, 1.429E-02, 1.048E-04, 6.949E+01, 7.586E-03, 2.692E-01
19/02/2019,10:00,9,2.529,3.029,4.686,.882,.101, 9.926E+02, 7.213E+01, 3.808E-03, 1.412E-01, 4.017E+00, 4.879E+01, 2.545E+01, 1.891E+01,-3.170E+01,-5.850E+00, 4.970E+00, 7.555E-01, 2.899E-01, 2.387E-01, 1.000E+00, 5.664E-01, 6.490E-01, 1.000E-02, 1.000E+00, 1.000E+00, 5.664E-03, 3.533E-05, 4.048E-05, 0.000E+00, 5.915E+01, 2.358E+01, 1.429E-02, 1.225E-04, 6.940E+01, 7.620E-03, 2.799E-01
19/02/2019,11:00,9,2.529,3.029,4.661,.878,.104, 9.919E+02, 7.099E+01, 3.808E-03, 1.373E-01, 4.416E+00, 5.246E+01, 2.711E+01, 2.033E+01,-3.170E+01,-5.850E+00, 5.010E+00, 7.557E-01, 2.922E-01, 2.523E-01, 1.000E+00, 5.932E-01, 6.720E-01, 1.000E-02, 1.000E+00, 1.000E+00, 5.932E-03, 3.700E-05, 4.191E-05, 0.000E+00, 5.867E+01, 2.339E+01, 1.429E-02, 1.283E-04, 6.938E+01, 7.650E-03, 2.907E-01
19/02/2019,12:00,9,2.529,3.029,4.636,.874,.107, 9.912E+02, 7.186E+01, 2.190E-03, 1.335E-01, 3.050E+00, 4.675E+01, 2.298E+01, 1.808E+01,-3.838E+01, 3.370E+00, 5.051E+00, 6.552E-01, 2.901E-01, 2.419E-01, 1.000E+00, 5.456E-01, 6.114E-01, 1.000E-02, 1.000E+00, 1.000E+00, 5.456E-03, 3.402E-05, 3.812E-05, 0.000E+00, 6.002E+01, 2.356E+01, 1.429E-02, 1.180E-04, 6.943E+01, 7.616E-03, 3.195E-01
19/02/2019,13:00,9,2.529,3.029,4.512,.878,.103, 9.907E+02, 7.467E+01, 2.190E-03, 1.172E-01, 2.338E+00, 3.813E+01, 1.917E+01, 1.475E+01,-3.838E+01, 3.370E+00, 4.790E+00, 6.552E-01, 2.751E-01, 2.073E-01, 1.000E+00, 4.735E-01, 5.454E-01, 1.000E-02, 1.000E+00, 1.000E+00, 4.735E-03, 2.952E-05, 3.400E-05, 0.000E+00, 6.329E+01, 2.485E+01, 1.429E-02, 1.024E-04, 6.950E+01, 7.421E-03, 3.458E-01
19/02/2019,14:00,9,2.529,3.029,4.388,.881,.099, 9.902E+02, 7.915E+01, 2.190E-03, 1.010E-01, 1.263E+00, 2.427E+01, 1.273E+01, 9.379E+00,-3.838E+01, 3.370E+00, 4.537E+00, 6.552E-01, 2.606E-01, 1.487E-01, 1.000E+00, 3.331E-01, 4.077E-01, 1.000E-02, 1.000E+00, 1.000E+00, 3.331E-03, 2.075E-05, 2.540E-05, 0.000E+00, 6.682E+01, 2.623E+01, 1.429E-02, 7.199E-05, 6.965E+01, 7.218E-03, 3.569E-01
19/02/2019,15:00,9,2.529,3.029,4.265,.885,.095, 9.896E+02, 8.494E+01, 4.047E-03, 8.469E-02, 1.992E-01, 8.118E+00, 4.256E+00, 3.127E+00,-5.099E+01,-4.686E+00, 4.295E+00, 6.067E-01, 2.413E-01, 6.974E-02, 1.000E+00, 1.235E-01, 1.606E-01, 1.000E-02, 1.000E+00, 1.000E+00, 1.235E-03, 7.690E-06, 1.000E-05, 0.000E+00, 7.376E+01, 2.832E+01, 1.429E-02, 2.667E-05, 6.987E+01, 6.925E-03, 3.761E-01
19/02/2019,16:00,9,2.529,3.029,4.004,.895,.085, 9.895E+02, 9.167E+01, 4.047E-03, 8.266E-02, 0.000E+00, 0.000E+00, 0.000E+00, 0.000E+00,-5.099E+01,-4.686E+00, 4.246E+00, 6.065E-01, 2.385E-01,-9.990E+02, 1.000E+00,-9.990E+02, 0.000E+00, 0.000E+00, 0.000E+00, 1.000E+00, 0.000E+00, 0.000E+00, 0.000E+00, 0.000E+00, 7.462E+01, 2.866E+01, 1.429E-02, 0.000E+00, 7.000E+01, 6.877E-03, 2.517E-01
19/02/2019,17:00,9,2.529,3.029,3.744,.905,.076, 9.893E+02, 9.894E+01, 4.047E-03, 8.062E-02, 0.000E+00, 0.000E+00, 0.000E+00, 0.000E+00,-5.099E+01,-4.686E+00, 4.242E+00, 6.063E-01, 2.383E-01,-9.990E+02, 1.000E+00,-9.990E+02, 0.000E+00, 0.000E+00, 0.000E+00, 1.000E+00, 0.000E+00, 0.000E+00, 0.000E+00, 0.000E+00, 7.471E+01, 2.869E+01, 1.429E-02, 0.000E+00, 7.000E+01, 6.874E-03, 2.086E-01
19/02/2019,18:00,9,2.529,3.029,3.483,.915,.066, 9.891E+02, 1.064E+02, 4.297E-03, 7.859E-02, 0.000E+00, 0.000E+00, 0.000E+00, 0.000E+00,-4.323E+01,-3.709E+00, 4.283E+00, 5.172E-01, 2.359E-01,-9.990E+02, 1.000E+00,-9.990E+02, 0.000E+00, 0.000E+00, 0.000E+00, 1.000E+00, 0.000E+00, 0.000E+00, 0.000E+00, 0.000E+00, 7.696E+01, 2.898E+01, 1.429E-02, 0.000E+00, 7.000E+01, 6.831E-03, 1.720E-01
19/02/2019,19:00,9,2.529,3.029,2.983,.919,.062, 9.894E+02, 1.137E+02, 4.297E-03, 7.732E-02, 0.000E+00, 0.000E+00, 0.000E+00, 0.000E+00,-4.323E+01,-3.709E+00, 4.045E+00, 5.167E-01, 2.228E-01,-9.990E+02, 1.000E+00,-9.990E+02, 0.000E+00, 0.000E+00, 0.000E+00, 1.000E+00, 0.000E+00, 0.000E+00, 0.000E+00, 0.000E+00, 8.151E+01, 3.068E+01, 1.429E-02, 0.000E+00, 7.000E+01, 6.627E-03, 9.011E-02
19/02/2019,20:00,9,2.529,3.029,2.483,.922,.057, 9.896E+02, 1.202E+02, 4.297E-03, 7.604E-02, 0.000E+00, 0.000E+00, 0.000E+00, 0.000E+00,-4.323E+01,-3.709E+00, 3.832E+00, 5.161E-01, 2.110E-01,-9.990E+02, 1.000E+00,-9.990E+02, 0.000E+00, 0.000E+00, 0.000E+00, 1.000E+00, 0.000E+00, 0.000E+00, 0.000E+00, 0.000E+00, 8.609E+01, 3.240E+01, 1.429E-02, 0.000E+00, 7.000E+01, 6.435E-03, 8.809E-02
19/02/2019,21:00,9,2.529,3.029,1.983,.925,.053, 9.898E+02, 1.257E+02, 3.330E-05, 7.477E-02, 0.000E+00, 0.000E+00, 0.000E+00, 0.000E+00,-6.629E+01,-5.050E+00, 3.647E+00, 4.926E-01, 1.902E-01,-9.990E+02, 1.000E+00,-9.990E+02, 0.000E+00, 0.000E+00, 0.000E+00, 1.000E+00, 0.000E+00, 0.000E+00, 0.000E+00, 0.000E+00, 1.008E+02, 3.593E+01, 1.429E-02, 0.000E+00, 7.000E+01, 6.052E-03, 6.499E-02
19/02/2019,22:00,9,2.529,3.029,1.344,.931,.047, 9.903E+02, 1.293E+02, 3.330E-05, 7.477E-02, 0.000E+00, 0.000E+00, 0.000E+00, 0.000E+00,-6.629E+01,-5.050E+00, 3.811E+00, 4.920E-01, 1.987E-01,-9.990E+02, 1.000E+00,-9.990E+02, 0.000E+00, 0.000E+00, 0.000E+00, 1.000E+00, 0.000E+00, 0.000E+00, 0.000E+00, 0.000E+00, 9.655E+01, 3.440E+01, 1.429E-02, 0.000E+00, 7.000E+01, 6.204E-03, 8.191E-02
19/02/2019,23:00,9,2.529,3.029,.705,.937,.041, 9.907E+02, 1.307E+02, 3.330E-05, 7.477E-02, 0.000E+00, 0.000E+00, 0.000E+00, 0.000E+00,-6.629E+01,-5.050E+00, 4.017E+00, 4.913E-01, 2.093E-01,-9.990E+02, 1.000E+00,-9.990E+02, 0.000E+00, 0.000E+00, 0.000E+00, 1.000E+00, 0.000E+00, 0.000E+00, 0.000E+00, 0.000E+00, 9.169E+01, 3.266E+01, 1.103E-02, 0.000E+00, 9.064E+01, 5.643E-03, 6.385E-02
20/02/2019,00:00,9,2.540,3.040,.066,.942,.035, 9.912E+02, 1.296E+02, 1.921E-05, 7.477E-02, 0.000E+00, 0.000E+00, 0.000E+00, 0.000E+00,-9.372E+01, 1.829E+01, 4.258E+00, 6.536E-01, 2.333E-01,-9.990E+02, 1.000E+00,-9.990E+02, 0.000E+00, 0.000E+00, 0.000E+00, 1.000E+00, 0.000E+00, 0.000E+00, 0.000E+00, 0.000E+00, 7.822E+01, 2.930E+01, 7.388E-03, 0.000E+00, 1.354E+02, 4.703E-03, 1.029E-01
20/02/2019,01:00,9,2.540,3.040,.683,.866,.086, 9.922E+02, 1.261E+02, 1.921E-05, 8.927E-02, 0.000E+00, 0.000E+00, 0.000E+00, 0.000E+00,-9.372E+01, 1.829E+01, 4.619E+00, 6.540E-01, 2.531E-01,-9.990E+02, 1.000E+00,-9.990E+02, 0.000E+00, 0.000E+00, 0.000E+00, 1.000E+00, 0.000E+00, 0.000E+00, 0.000E+00, 0.000E+00, 7.208E+01, 2.700E+01, 1.085E-02, 0.000E+00, 9.219E+01, 6.120E-03, 1.264E-01
20/02/2019,02:00,9,2.540,3.040,1.300,.789,.142, 9.932E+02, 1.209E+02, 1.921E-05, 1.038E-01, 0.000E+00, 0.000E+00, 0.000E+00, 0.000E+00,-9.372E+01, 1.829E+01, 5.234E+00, 6.545E-01, 2.869E-01,-9.990E+02, 1.000E+00,-9.990E+02, 0.000E+00, 0.000E+00, 0.000E+00, 1.000E+00, 0.000E+00, 0.000E+00, 0.000E+00, 0.000E+00, 6.357E+01, 2.382E+01, 1.429E-02, 0.000E+00, 7.000E+01, 7.529E-03, 1.105E-01
20/02/2019,03:00,9,2.540,3.040,1.917,.712,.202, 9.941E+02, 1.144E+02, 0.000E+00, 1.183E-01, 0.000E+00, 0.000E+00, 0.000E+00, 0.000E+00,-1.299E+02, 5.661E+01, 6.027E+00, 8.559E-01, 3.404E-01,-9.990E+02, 1.000E+00,-9.990E+02, 0.000E+00, 0.000E+00, 0.000E+00, 1.000E+00, 0.000E+00, 0.000E+00, 0.000E+00, 0.000E+00, 5.202E+01, 2.008E+01, 1.429E-02, 0.000E+00, 7.000E+01, 8.142E-03, 8.028E-02
20/02/2019,04:00,9,2.540,3.040,1.114,.676,.215, 9.957E+02, 1.071E+02, 0.000E+00, 1.180E-01, 0.000E+00, 0.000E+00, 0.000E+00, 0.000E+00,-1.299E+02, 5.661E+01, 5.999E+00, 8.540E-01, 3.387E-01,-9.990E+02, 1.000E+00,-9.990E+02, 0.000E+00, 0.000E+00, 0.000E+00, 1.000E+00, 0.000E+00, 0.000E+00, 0.000E+00, 0.000E+00, 5.229E+01, 2.018E+01, 1.429E-02, 0.000E+00, 7.000E+01, 8.125E-03, 6.949E-02
20/02/2019,05:00,9,2.540,3.040,.312,.640,.225, 9.972E+02, 9.966E+01, 0.000E+00, 1.178E-01, 0.000E+00, 0.000E+00, 0.000E+00, 0.000E+00,-1.299E+02, 5.661E+01, 5.989E+00, 8.521E-01, 3.381E-01,-9.990E+02, 1.000E+00,-9.990E+02, 0.000E+00, 0.000E+00, 0.000E+00, 1.000E+00, 0.000E+00, 0.000E+00, 0.000E+00, 0.000E+00, 5.240E+01, 2.022E+01, 8.462E-03, 0.000E+00, 1.182E+02, 5.836E-03, 8.321E-02
20/02/2019,06:00,9,2.540,3.040,-.491,.604,.234, 9.987E+02, 9.231E+01, 1.921E-05, 1.175E-01, 0.000E+00, 0.000E+00, 0.000E+00, 0.000E+00,-6.515E+01, 5.342E+01, 5.997E+00, 8.421E-01, 3.468E-01,-9.990E+02, 1.000E+00,-9.990E+02, 0.000E+00, 0.000E+00, 0.000E+00, 1.000E+00, 0.000E+00, 0.000E+00, 0.000E+00, 0.000E+00, 4.986E+01, 1.971E+01, 5.736E-03, 0.000E+00, 1.743E+02, 4.423E-03, 1.127E-01
20/02/2019,07:00,9,2.540,3.040,-.212,.588,.248, 1.000E+03, 8.547E+01, 1.921E-05, 1.172E-01, 4.690E+00, 1.880E+01, 3.715E+01, 7.456E+00,-6.515E+01, 5.342E+01, 5.726E+00, 8.420E-01, 3.311E-01, 6.218E-02, 1.000E+00, 2.964E-01, 7.830E-01, 1.000E-02, 1.000E+00, 1.000E+00, 2.964E-03, 1.816E-05, 4.798E-05, 0.000E+00, 5.223E+01, 2.064E+01, 6.457E-03, 6.325E-05, 1.534E+02, 4.818E-03, 1.367E-01
20/02/2019,08:00,9,2.540,3.040,.066,.572,.263, 1.002E+03, 7.951E+01, 1.921E-05, 1.170E-01, 3.998E+01, 4.077E+01, 1.274E+02, 1.758E+01,-6.515E+01, 5.342E+01, 5.454E+00, 8.418E-01, 3.154E-01, 1.432E-01, 1.000E+00, 5.835E-01, 9.947E-01, 1.000E-02, 1.000E+00, 1.000E+00, 5.835E-03, 3.579E-05, 6.101E-05, 0.000E+00, 5.482E+01, 2.167E+01, 7.386E-03, 1.247E-04, 1.331E+02, 5.263E-03, 1.428E-01
20/02/2019,09:00,9,2.540,3.040,.344,.557,.278, 1.003E+03, 7.483E+01, 1.921E-05, 1.167E-01, 7.802E+01, 5.465E+01, 1.735E+02, 2.448E+01, 3.215E+01, 7.856E+01, 5.184E+00, 9.343E-01, 3.101E-01, 2.045E-01, 1.000E+00, 7.092E-01, 9.992E-01, 1.000E-02, 1.000E+00, 1.000E+00, 7.092E-03, 4.354E-05, 6.135E-05, 0.000E+00, 5.350E+01, 2.204E+01, 8.627E-03, 1.517E-04, 1.139E+02, 5.830E-03, 1.461E-01
20/02/2019,10:00,9,2.540,3.040,.410,.530,.296, 1.004E+03, 7.177E+01, 1.921E-05, 1.165E-01, 1.044E+02, 6.201E+01, 1.952E+02, 2.826E+01, 3.215E+01, 7.856E+01, 5.264E+00, 9.338E-01, 3.150E-01, 2.421E-01, 1.000E+00, 7.629E-01, 9.997E-01, 1.000E-02, 1.000E+00, 1.000E+00, 7.629E-03, 4.685E-05, 6.139E-05, 0.000E+00, 5.268E+01, 2.170E+01, 8.986E-03, 1.632E-04, 1.093E+02, 6.023E-03, 1.531E-01
20/02/2019,11:00,9,2.540,3.040,.476,.504,.314, 1.005E+03, 7.063E+01, 1.921E-05, 1.162E-01, 1.144E+02, 6.443E+01, 2.020E+02, 2.953E+01, 3.215E+01, 7.856E+01, 5.386E+00, 9.334E-01, 3.223E-01, 2.555E-01, 1.000E+00, 7.789E-01, 9.998E-01, 1.000E-02, 1.000E+00, 1.000E+00, 7.789E-03, 4.785E-05, 6.141E-05, 0.000E+00, 5.149E+01, 2.121E+01, 9.377E-03, 1.667E-04, 1.048E+02, 6.240E-03, 1.639E-01
20/02/2019,12:00,9,2.540,3.040,.543,.477,.332, 1.007E+03, 7.151E+01, 1.921E-05, 1.160E-01, 1.066E+02, 6.259E+01, 1.966E+02, 2.856E+01,-6.199E+00, 5.674E+01, 5.546E+00, 6.932E-01, 3.279E-01, 2.452E-01, 1.000E+00, 7.667E-01, 9.997E-01, 1.000E-02, 1.000E+00, 1.000E+00, 7.667E-03, 4.711E-05, 6.142E-05, 0.000E+00, 5.158E+01, 2.085E+01, 9.802E-03, 1.641E-04, 1.003E+02, 6.454E-03, 1.791E-01
20/02/2019,13:00,9,2.540,3.040,.033,.511,.299, 1.008E+03, 7.433E+01, 1.921E-05, 1.048E-01, 8.201E+01, 5.597E+01, 1.769E+02, 2.513E+01,-6.199E+00, 5.674E+01, 4.744E+00, 6.922E-01, 2.805E-01, 2.108E-01, 1.000E+00, 7.191E-01, 9.993E-01, 1.000E-02, 1.000E+00, 1.000E+00, 7.191E-03, 4.410E-05, 6.128E-05, 0.000E+00, 6.031E+01, 2.437E+01, 7.262E-03, 1.536E-04, 1.348E+02, 5.033E-03, 1.978E-01
20/02/2019,14:00,9,2.540,3.040,-.477,.545,.268, 1.009E+03, 7.882E+01, 1.921E-05, 9.359E-02, 4.498E+01, 4.305E+01, 1.347E+02, 1.867E+01,-6.199E+00, 5.674E+01, 3.958E+00, 6.912E-01, 2.340E-01, 1.525E-01, 1.000E+00, 6.062E-01, 9.961E-01, 1.000E-02, 1.000E+00, 1.000E+00, 6.062E-03, 3.711E-05, 6.097E-05, 0.000E+00, 7.229E+01, 2.921E+01, 5.768E-03, 1.293E-04, 1.696E+02, 4.063E-03, 2.303E-01
20/02/2019,15:00,9,2.540,3.040,-.987,.579,.239, 1.010E+03, 8.463E+01, 1.921E-05, 8.240E-02, 7.729E+00, 2.187E+01, 5.006E+01, 8.790E+00,-3.481E+01, 5.035E+00, 3.200E+00, 2.400E-01, 1.175E-01, 7.374E-02, 1.000E+00, 3.453E-01, 8.724E-01, 1.000E-02, 1.000E+00, 1.000E+00, 3.453E-03, 2.110E-05, 5.330E-05, 0.000E+00, 2.318E+02, 5.818E+01, 4.783E-03, 7.349E-05, 2.059E+02, 2.729E-03, 2.833E-01
20/02/2019,16:00,9,2.540,3.040,-2.197,.615,.200, 1.011E+03, 9.136E+01, 1.921E-05, 8.240E-02, 0.000E+00, 0.000E+00, 0.000E+00, 0.000E+00,-3.481E+01, 5.035E+00, 3.135E+00, 2.393E-01, 1.148E-01,-9.990E+02, 1.000E+00,-9.990E+02, 0.000E+00, 0.000E+00, 0.000E+00, 1.000E+00, 0.000E+00, 0.000E+00, 0.000E+00, 0.000E+00, 2.379E+02, 5.954E+01, 1.429E-03, 0.000E+00, 7.000E+02, 1.157E-03, 2.830E-01
20/02/2019,17:00,9,2.540,3.040,-3.408,.650,.166, 1.012E+03, 9.865E+01, 1.921E-05, 8.240E-02, 0.000E+00, 0.000E+00, 0.000E+00, 0.000E+00,-3.481E+01, 5.035E+00, 3.109E+00, 2.387E-01, 1.135E-01,-9.990E+02, 1.000E+00,-9.990E+02, 0.000E+00, 0.000E+00, 0.000E+00, 1.000E+00, 0.000E+00, 0.000E+00, 0.000E+00, 0.000E+00, 2.413E+02, 6.021E+01, 1.429E-03, 0.000E+00, 7.000E+02, 1.154E-03, 2.239E-01
20/02/2019,18:00,9,2.540,3.040,-4.619,.686,.136, 1.013E+03, 1.061E+02, 1.921E-05, 8.240E-02, 0.000E+00, 0.000E+00, 0.000E+00, 0.000E+00,-1.758E+01, 8.987E-01, 3.122E+00, 1.697E-01, 1.000E-01,-9.990E+02, 1.000E+00,-9.990E+02, 0.000E+00, 0.000E+00, 0.000E+00, 1.000E+00, 0.000E+00, 0.000E+00, 0.000E+00, 0.000E+00, 3.164E+02, 6.835E+01, 1.429E-03, 0.000E+00, 7.000E+02, 1.120E-03, 2.526E-01
20/02/2019,19:00,9,2.540,3.040,-5.097,.683,.133, 1.014E+03, 1.133E+02, 1.921E-05, 8.240E-02, 0.000E+00, 0.000E+00, 0.000E+00, 0.000E+00,-1.758E+01, 8.987E-01, 2.655E+00, 1.695E-01, 1.000E-01,-9.990E+02, 1.000E+00,-9.990E+02, 0.000E+00, 0.000E+00, 0.000E+00, 1.000E+00, 0.000E+00, 0.000E+00, 0.000E+00, 0.000E+00, 3.169E+02, 6.835E+01, 1.429E-03, 0.000E+00, 7.000E+02, 1.120E-03, 3.070E-01
20/02/2019,20:00,9,2.540,3.040,-5.576,.681,.129, 1.014E+03, 1.199E+02, 1.921E-05, 8.240E-02, 0.000E+00, 0.000E+00, 0.000E+00, 0.000E+00,-1.758E+01, 8.987E-01, 2.189E+00, 1.693E-01, 1.000E-01,-9.990E+02, 1.000E+00,-9.990E+02, 0.000E+00, 0.000E+00, 0.000E+00, 1.000E+00, 0.000E+00, 0.000E+00, 0.000E+00, 0.000E+00, 3.173E+02, 6.835E+01, 1.429E-03, 0.000E+00, 7.000E+02, 1.120E-03, 3.343E-01
20/02/2019,21:00,9,2.540,3.040,-6.054,.678,.125, 1.015E+03, 1.253E+02, 1.921E-05, 8.240E-02, 0.000E+00, 0.000E+00, 0.000E+00, 0.000E+00,-4.545E+00, 9.929E-01, 1.725E+00, 1.000E-01, 1.000E-01,-9.990E+02, 1.000E+00,-9.990E+02, 0.000E+00, 0.000E+00, 0.000E+00, 1.000E+00, 0.000E+00, 0.000E+00, 0.000E+00, 0.000E+00, 3.552E+02, 6.835E+01, 1.429E-03, 0.000E+00, 7.000E+02, 1.116E-03, 3.598E-01
20/02/2019,22:00,9,2.540,3.040,-5.988,.681,.125, 1.015E+03, 1.290E+02, 1.921E-05, 8.240E-02, 0.000E+00, 0.000E+00, 0.000E+00, 0.000E+00,-4.545E+00, 9.929E-01, 1.408E+00, 1.000E-01, 1.000E-01,-9.990E+02, 1.000E+00,-9.990E+02, 0.000E+00, 0.000E+00, 0.000E+00, 1.000E+00, 0.000E+00, 0.000E+00, 0.000E+00, 0.000E+00, 3.551E+02, 6.835E+01, 1.429E-03, 0.000E+00, 7.000E+02, 1.116E-03, 3.962E-01
20/02/2019,23:00,9,2.540,3.040,-5.922,.684,.125, 1.015E+03, 1.303E+02, 1.921E-05, 8.240E-02, 0.000E+00, 0.000E+00, 0.000E+00, 0.000E+00,-4.545E+00, 9.929E-01, 1.119E+00, 1.000E-01, 1.000E-01,-9.990E+02, 1.000E+00,-9.990E+02, 0.000E+00, 0.000E+00, 0.000E+00, 1.000E+00, 0.000E+00, 0.000E+00, 0.000E+00, 0.000E+00, 3.551E+02, 6.835E+01, 1.429E-03, 0.000E+00, 7.000E+02, 1.116E-03, 4.403E-01
21/02/2019,00:00,9,2.551,3.051,-5.857,.686,.124, 1.016E+03, 1.292E+02, 0.000E+00, 8.240E-02, 0.000E+00, 0.000E+00, 0.000E+00, 0.000E+00,-3.834E+00, 3.267E-01, 8.845E-01, 1.000E-01, 1.000E-01,-9.990E+02, 1.000E+00,-9.990E+02, 0.000E+00, 0.000E+00, 0.000E+00, 1.000E+00, 0.000E+00, 0.000E+00, 0.000E+00, 0.000E+00, 3.258E+02, 6.835E+01, 1.429E-03, 0.000E+00, 7.000E+02, 1.119E-03, 5.002E-01
21/02/2019,01:00,9,2.551,3.051,-6.597,.721,.104, 1.016E+03, 1.258E+02, 0.000E+00, 1.061E-01, 0.000E+00, 0.000E+00, 0.000E+00, 0.000E+00,-3.834E+00, 3.267E-01, 1.110E+00, 1.000E-01, 1.000E-01,-9.990E+02, 1.000E+00,-9.990E+02, 0.000E+00, 0.000E+00, 0.000E+00, 1.000E+00, 0.000E+00, 0.000E+00, 0.000E+00, 0.000E+00, 3.258E+02, 6.835E+01, 1.429E-03, 0.000E+00, 7.000E+02, 1.119E-03, 5.654E-01
21/02/2019,02:00,9,2.551,3.051,-7.337,.756,.086, 1.016E+03, 1.205E+02, 0.000E+00, 1.297E-01, 0.000E+00, 0.000E+00, 0.000E+00, 0.000E+00,-3.834E+00, 3.267E-01, 1.419E+00, 1.000E-01, 1.000E-01,-9.990E+02, 1.000E+00,-9.990E+02, 0.000E+00, 0.000E+00, 0.000E+00, 1.000E+00, 0.000E+00, 0.000E+00, 0.000E+00, 0.000E+00, 3.257E+02, 6.835E+01, 1.429E-03, 0.000E+00, 7.000E+02, 1.119E-03, 5.775E-01
21/02/2019,03:00,9,2.551,3.051,-8.077,.790,.070, 1.017E+03, 1.140E+02, 4.580E-03, 1.534E-01, 0.000E+00, 0.000E+00, 0.000E+00, 0.000E+00,-7.077E+00, 1.373E+00, 1.768E+00, 1.401E-01, 1.000E-01,-9.990E+02, 1.000E+00,-9.990E+02, 0.000E+00, 0.000E+00, 0.000E+00, 1.000E+00, 0.000E+00, 0.000E+00, 0.000E+00, 0.000E+00, 2.740E+02, 6.835E+01, 1.429E-03, 0.000E+00, 7.000E+02, 1.125E-03, 5.101E-01
21/02/2019,04:00,9,2.551,3.051,-7.458,.777,.078, 1.017E+03, 1.068E+02, 4.580E-03, 1.534E-01, 0.000E+00, 0.000E+00, 0.000E+00, 0.000E+00,-7.077E+00, 1.373E+00, 2.082E+00, 1.402E-01, 1.000E-01,-9.990E+02, 1.000E+00,-9.990E+02, 0.000E+00, 0.000E+00, 0.000E+00, 1.000E+00, 0.000E+00, 0.000E+00, 0.000E+00, 0.000E+00, 2.736E+02, 6.835E+01, 1.429E-03, 0.000E+00, 7.000E+02, 1.125E-03, 4.354E-01
21/02/2019,05:00,9,2.551,3.051,-6.839,.763,.087, 1.017E+03, 9.933E+01, 4.580E-03, 1.534E-01, 0.000E+00, 0.000E+00, 0.000E+00, 0.000E+00,-7.077E+00, 1.373E+00, 2.422E+00, 1.404E-01, 1.000E-01,-9.990E+02, 1.000E+00,-9.990E+02, 0.000E+00, 0.000E+00, 0.000E+00, 1.000E+00, 0.000E+00, 0.000E+00, 0.000E+00, 0.000E+00, 2.733E+02, 6.835E+01, 1.429E-03, 0.000E+00, 7.000E+02, 1.125E-03, 5.642E-01
21/02/2019,06:00,9,2.551,3.051,-6.220,.749,.096, 1.018E+03, 9.198E+01, 2.156E-02, 1.534E-01, 0.000E+00, 0.000E+00, 0.000E+00, 0.000E+00,-3.962E+00, 1.147E+01, 2.778E+00, 3.096E-01, 1.598E-01,-9.990E+02, 1.000E+00,-9.990E+02, 0.000E+00, 0.000E+00, 0.000E+00, 1.000E+00, 0.000E+00, 0.000E+00, 0.000E+00, 0.000E+00, 1.088E+02, 4.278E+01, 1.429E-03, 0.000E+00, 7.000E+02, 1.231E-03, 9.757E-01
21/02/2019,07:00,9,2.551,3.051,-5.322,.733,.110, 1.018E+03, 8.513E+01, 2.156E-02, 1.534E-01, 2.243E-01, 8.152E+00, 4.446E+00, 3.124E+00,-3.962E+00, 1.147E+01, 2.609E+00, 3.100E-01, 1.501E-01, 6.654E-02, 1.000E+00, 1.237E-01, 1.671E-01, 1.000E-02, 1.000E+00, 1.000E+00, 1.237E-03, 7.436E-06, 1.005E-05, 0.000E+00, 1.158E+02, 4.554E+01, 1.429E-03, 2.601E-05, 6.875E+02, 1.239E-03, 8.485E-01
21/02/2019,08:00,9,2.551,3.051,-4.424,.717,.125, 1.019E+03, 7.916E+01, 2.156E-02, 1.534E-01, 1.652E+00, 2.551E+01, 1.421E+01, 9.819E+00,-3.962E+00, 1.147E+01, 2.444E+00, 3.105E-01, 1.407E-01, 1.472E-01, 1.000E+00, 3.485E-01, 4.427E-01, 1.000E-02, 1.000E+00, 1.000E+00, 3.485E-03, 2.103E-05, 2.670E-05, 0.000E+00, 1.236E+02, 4.860E+01, 1.429E-03, 7.354E-05, 6.657E+02, 1.261E-03, 6.979E-01
21/02/2019,09:00,9,2.551,3.051,-3.527,.701,.141, 1.019E+03, 7.447E+01, 2.352E-02, 1.534E-01, 1.940E+01, 6.014E+01, 6.006E+01, 2.383E+01, 4.467E+01, 3.349E+01, 2.285E+00, 5.090E-01, 1.421E-01, 2.082E-01, 1.000E+00, 6.853E-01, 9.154E-01, 1.000E-02, 1.000E+00, 1.000E+00, 6.853E-03, 4.148E-05, 5.541E-05, 0.000E+00, 1.084E+02, 4.809E+01, 1.429E-03, 1.451E-04, 6.355E+02, 1.316E-03, 6.757E-01
21/02/2019,10:00,9,2.551,3.051,-3.134,.640,.175, 1.020E+03, 7.141E+01, 2.352E-02, 1.534E-01, 2.581E+01, 7.347E+01, 6.964E+01, 2.916E+01, 4.467E+01, 3.349E+01, 2.514E+00, 5.093E-01, 1.564E-01, 2.454E-01, 1.000E+00, 7.586E-01, 9.430E-01, 1.000E-02, 1.000E+00, 1.000E+00, 7.586E-03, 4.598E-05, 5.716E-05, 0.000E+00, 9.859E+01, 4.372E+01, 1.429E-03, 1.608E-04, 6.292E+02, 1.347E-03, 3.470E-01
21/02/2019,11:00,9,2.551,3.051,-2.742,.579,.211, 1.020E+03, 7.026E+01, 2.352E-02, 1.534E-01, 2.824E+01, 7.830E+01, 7.289E+01, 3.108E+01, 4.467E+01, 3.349E+01, 2.744E+00, 5.095E-01, 1.707E-01, 2.587E-01, 1.000E+00, 7.806E-01, 9.501E-01, 1.000E-02, 1.000E+00, 1.000E+00, 7.806E-03, 4.739E-05, 5.768E-05, 0.000E+00, 9.032E+01, 4.005E+01, 1.429E-03, 1.658E-04, 6.272E+02, 1.368E-03, 2.836E-01
21/02/2019,12:00,9,2.551,3.051,-2.349,.517,.248, 1.020E+03, 7.115E+01, 3.986E-03, 1.534E-01, 4.288E+00, 5.150E+01, 2.648E+01, 1.984E+01, 7.419E+00, 2.937E+01, 2.977E+00, 4.243E-01, 1.797E-01, 2.484E-01, 1.000E+00, 5.841E-01, 6.635E-01, 1.000E-02, 1.000E+00, 1.000E+00, 5.841E-03, 3.551E-05, 4.034E-05, 0.000E+00, 9.068E+01, 3.803E+01, 1.429E-03, 1.242E-04, 6.440E+02, 1.345E-03, 2.779E-01
21/02/2019,13:00,9,2.551,3.051,-2.269,.500,.259, 1.021E+03, 7.398E+01, 3.986E-03, 1.338E-01, 3.317E+00, 4.238E+01, 2.234E+01, 1.632E+01, 7.419E+00, 2.937E+01, 2.847E+00, 4.241E-01, 1.719E-01, 2.142E-01, 1.000E+00, 5.130E-01, 6.010E-01, 1.000E-02, 1.000E+00, 1.000E+00, 5.130E-03, 3.120E-05, 3.654E-05, 0.000E+00, 9.480E+01, 3.975E+01, 1.429E-03, 1.091E-04, 6.503E+02, 1.326E-03, 2.858E-01
21/02/2019,14:00,9,2.551,3.051,-2.188,.483,.269, 1.022E+03, 7.849E+01, 3.986E-03, 1.142E-01, 1.850E+00, 2.765E+01, 1.528E+01, 1.064E+01, 7.419E+00, 2.937E+01, 2.740E+00, 4.240E-01, 1.654E-01, 1.562E-01, 1.000E+00, 3.720E-01, 4.666E-01, 1.000E-02, 1.000E+00, 1.000E+00, 3.720E-03, 2.263E-05, 2.838E-05, 0.000E+00, 9.853E+01, 4.132E+01, 1.429E-03, 7.916E-05, 6.632E+02, 1.297E-03, 2.882E-01
21/02/2019,15:00,9,2.551,3.051,-2.108,.466,.280, 1.023E+03, 8.431E+01, 5.475E-03, 9.461E-02, 9.025E+00, 2.343E+01, 5.495E+01, 9.428E+00,-2.631E+01, 1.525E+01, 2.655E+00, 2.932E-01, 1.259E-01, 7.772E-02, 1.000E+00, 3.660E-01, 8.957E-01, 1.000E-02, 1.000E+00, 1.000E+00, 3.660E-03, 2.227E-05, 5.450E-05, 0.000E+00, 1.676E+02, 5.430E+01, 1.429E-03, 7.791E-05, 6.638E+02, 1.236E-03, 2.888E-01
21/02/2019,16:00,9,2.551,3.051,-3.257,.500,.240, 1.024E+03, 9.106E+01, 5.475E-03, 9.461E-02, 0.000E+00, 0.000E+00, 0.000E+00, 0.000E+00,-2.631E+01, 1.525E+01, 2.582E+00, 2.924E-01, 1.223E-01,-9.990E+02, 1.000E+00,-9.990E+02, 0.000E+00, 0.000E+00, 0.000E+00, 1.000E+00, 0.000E+00, 0.000E+00, 0.000E+00, 0.000E+00, 1.728E+02, 5.591E+01, 1.429E-03, 0.000E+00, 7.000E+02, 1.177E-03, 2.853E-01
21/02/2019,17:00,9,2.551,3.051,-4.407,.534,.206, 1.026E+03, 9.835E+01, 5.475E-03, 9.461E-02, 0.000E+00, 0.000E+00, 0.000E+00, 0.000E+00,-2.631E+01, 1.525E+01, 2.509E+00, 2.916E-01, 1.186E-01,-9.990E+02, 1.000E+00,-9.990E+02, 0.000E+00, 0.000E+00, 0.000E+00, 1.000E+00, 0.000E+00, 0.000E+00, 0.000E+00, 0.000E+00, 1.783E+02, 5.762E+01, 1.429E-03, 0.000E+00, 7.000E+02, 1.171E-03, 2.800E-01
21/02/2019,18:00,9,2.551,3.051,-5.556,.568,.175, 1.027E+03, 1.058E+02, 0.000E+00, 9.461E-02, 0.000E+00, 0.000E+00, 0.000E+00, 0.000E+00,-1.508E+01, 8.464E-01, 2.436E+00, 1.454E-01, 1.000E-01,-9.990E+02, 1.000E+00,-9.990E+02, 0.000E+00, 0.000E+00, 0.000E+00, 1.000E+00, 0.000E+00, 0.000E+00, 0.000E+00, 0.000E+00, 3.676E+02, 6.835E+01, 1.429E-03, 0.000E+00, 7.000E+02, 1.114E-03, 3.109E-01
21/02/2019,19:00,9,2.551,3.051,-6.627,.591,.153, 1.028E+03, 1.130E+02, 0.000E+00, 9.461E-02, 0.000E+00, 0.000E+00, 0.000E+00, 0.000E+00,-1.508E+01, 8.464E-01, 2.450E+00, 1.450E-01, 1.000E-01,-9.990E+02, 1.000E+00,-9.990E+02, 0.000E+00, 0.000E+00, 0.000E+00, 1.000E+00, 0.000E+00, 0.000E+00, 0.000E+00, 0.000E+00, 3.689E+02, 6.835E+01, 1.429E-03, 0.000E+00, 7.000E+02, 1.114E-03, 3.383E-01
21/02/2019,20:00,9,2.551,3.051,-7.697,.614,.133, 1.029E+03, 1.196E+02, 0.000E+00, 9.461E-02, 0.000E+00, 0.000E+00, 0.000E+00, 0.000E+00,-1.508E+01, 8.464E-01, 2.481E+00, 1.447E-01, 1.000E-01,-9.990E+02, 1.000E+00,-9.990E+02, 0.000E+00, 0.000E+00, 0.000E+00, 1.000E+00, 0.000E+00, 0.000E+00, 0.000E+00, 0.000E+00, 3.702E+02, 6.835E+01, 1.429E-03, 0.000E+00, 7.000E+02, 1.114E-03, 3.695E-01
21/02/2019,21:00,9,2.551,3.051,-8.768,.636,.115, 1.030E+03, 1.250E+02, 0.000E+00, 9.461E-02, 0.000E+00, 0.000E+00, 0.000E+00, 0.000E+00,-9.288E+00, 2.851E-01, 2.528E+00, 1.072E-01, 1.000E-01,-9.990E+02, 1.000E+00,-9.990E+02, 0.000E+00, 0.000E+00, 0.000E+00, 1.000E+00, 0.000E+00, 0.000E+00, 0.000E+00, 0.000E+00, 4.736E+02, 6.835E+01, 1.429E-03, 0.000E+00, 7.000E+02, 1.102E-03, 4.307E-01
21/02/2019,22:00,9,2.551,3.051,-8.543,.631,.119, 1.031E+03, 1.286E+02, 0.000E+00, 9.461E-02, 0.000E+00, 0.000E+00, 0.000E+00, 0.000E+00,-9.288E+00, 2.851E-01, 1.796E+00, 1.072E-01, 1.000E-01,-9.990E+02, 1.000E+00,-9.990E+02, 0.000E+00, 0.000E+00, 0.000E+00, 1.000E+00, 0.000E+00, 0.000E+00, 0.000E+00, 0.000E+00, 4.734E+02, 6.835E+01, 1.429E-03, 0.000E+00, 7.000E+02, 1.102E-03, 5.048E-01
21/02/2019,23:00,9,2.551,3.051,-8.319,.625,.123, 1.032E+03, 1.300E+02, 0.000E+00, 9.461E-02, 0.000E+00, 0.000E+00, 0.000E+00, 0.000E+00,-9.288E+00, 2.851E-01, 1.073E+00, 1.072E-01, 1.000E-01,-9.990E+02, 1.000E+00,-9.990E+02, 0.000E+00, 0.000E+00, 0.000E+00, 1.000E+00, 0.000E+00, 0.000E+00, 0.000E+00, 0.000E+00, 4.731E+02, 6.835E+01, 1.429E-03, 0.000E+00, 7.000E+02, 1.102E-03, 5.706E-01
22/02/2019,00:00,9,2.561,3.061,-8.094,.620,.127, 1.033E+03, 1.289E+02, 0.000E+00, 9.461E-02, 0.000E+00, 0.000E+00, 0.000E+00, 0.000E+00,-4.705E+00, 2.746E-01, 4.059E-01, 1.000E-01, 1.000E-01,-9.990E+02, 1.000E+00,-9.990E+02, 0.000E+00, 0.000E+00, 0.000E+00, 1.000E+00, 0.000E+00, 0.000E+00, 0.000E+00, 0.000E+00, 3.584E+02, 6.835E+01, 1.429E-03, 0.000E+00, 7.000E+02, 1.115E-03, 6.367E-01
22/02/2019,01:00,9,2.561,3.061,-8.489,.626,.121, 1.034E+03, 1.254E+02, 0.000E+00, 9.207E-02, 0.000E+00, 0.000E+00, 0.000E+00, 0.000E+00,-4.705E+00, 2.746E-01, 6.154E-01, 1.000E-01, 1.000E-01,-9.990E+02, 1.000E+00,-9.990E+02, 0.000E+00, 0.000E+00, 0.000E+00, 1.000E+00, 0.000E+00, 0.000E+00, 0.000E+00, 0.000E+00, 3.582E+02, 6.835E+01, 1.429E-03, 0.000E+00, 7.000E+02, 1.115E-03, 7.184E-01
22/02/2019,02:00,9,2.561,3.061,-8.885,.632,.116, 1.034E+03, 1.202E+02, 0.000E+00, 8.952E-02, 0.000E+00, 0.000E+00, 0.000E+00, 0.000E+00,-4.705E+00, 2.746E-01, 9.210E-01, 1.000E-01, 1.000E-01,-9.990E+02, 1.000E+00,-9.990E+02, 0.000E+00, 0.000E+00, 0.000E+00, 1.000E+00, 0.000E+00, 0.000E+00, 0.000E+00, 0.000E+00, 3.581E+02, 6.835E+01, 1.429E-03, 0.000E+00, 7.000E+02, 1.115E-03, 8.046E-01
22/02/2019,03:00,9,2.561,3.061,-9.280,.638,.110, 1.035E+03, 1.137E+02, 0.000E+00, 8.698E-02, 0.000E+00, 0.000E+00, 0.000E+00, 0.000E+00,-7.844E+00,-1.312E-01, 1.254E+00, 1.000E-01, 1.000E-01,-9.990E+02, 1.000E+00,-9.990E+02, 0.000E+00, 0.000E+00, 0.000E+00, 1.000E+00, 0.000E+00, 0.000E+00, 0.000E+00, 0.000E+00, 4.845E+02, 6.835E+01, 1.429E-03, 0.000E+00, 7.000E+02, 1.101E-03, 8.276E-01
22/02/2019,04:00,9,2.561,3.061,-9.206,.624,.115, 1.035E+03, 1.065E+02, 0.000E+00, 8.698E-02, 0.000E+00, 0.000E+00, 0.000E+00, 0.000E+00,-7.844E+00,-1.312E-01, 9.416E-01, 1.000E-01, 1.000E-01,-9.990E+02, 1.000E+00,-9.990E+02, 0.000E+00, 0.000E+00, 0.000E+00, 1.000E+00, 0.000E+00, 0.000E+00, 0.000E+00, 0.000E+00, 4.844E+02, 6.835E+01, 1.429E-03, 0.000E+00, 7.000E+02, 1.101E-03, 8.266E-01
22/02/2019,05:00,9,2.561,3.061,-9.131,.611,.120, 1.036E+03, 9.900E+01, 0.000E+00, 8.698E-02, 0.000E+00, 0.000E+00, 0.000E+00, 0.000E+00,-7.844E+00,-1.312E-01, 9.487E-01, 1.000E-01, 1.000E-01,-9.990E+02, 1.000E+00,-9.990E+02, 0.000E+00, 0.000E+00, 0.000E+00, 1.000E+00, 0.000E+00, 0.000E+00, 0.000E+00, 0.000E+00, 4.842E+02, 6.835E+01, 1.429E-03, 0.000E+00, 7.000E+02, 1.101E-03, 9.311E-01
22/02/2019,06:00,9,2.561,3.061,-9.056,.597,.125, 1.037E+03, 9.165E+01, 0.000E+00, 8.698E-02, 0.000E+00, 0.000E+00, 0.000E+00, 0.000E+00, 1.131E+01, 2.605E+00, 1.270E+00, 2.133E-01, 1.000E-01,-9.990E+02, 1.000E+00,-9.990E+02, 0.000E+00, 0.000E+00, 0.000E+00, 1.000E+00, 0.000E+00, 0.000E+00, 0.000E+00, 0.000E+00, 1.388E+02, 6.835E+01, 1.429E-03, 0.000E+00, 7.000E+02, 1.145E-03, 1.156E+00
22/02/2019,07:00,9,2.561,3.061,-7.328,.558,.156, 1.037E+03, 8.479E+01, 0.000E+00, 8.698E-02, 3.025E+00, 1.767E+01, 2.354E+01, 6.888E+00, 1.131E+01, 2.605E+00, 1.523E+00, 2.140E-01, 1.004E-01, 7.092E-02, 1.000E+00, 2.732E-01, 6.203E-01, 1.000E-02, 1.000E+00, 1.000E+00, 2.732E-03, 1.630E-05, 3.701E-05, 0.000E+00, 1.384E+02, 6.810E+01, 1.429E-03, 5.727E-05, 6.730E+02, 1.183E-03, 1.392E+00
22/02/2019,08:00,9,2.561,3.061,-5.600,.519,.194, 1.038E+03, 7.881E+01, 0.000E+00, 8.698E-02, 1.959E+01, 4.397E+01, 6.816E+01, 1.769E+01, 1.131E+01, 2.605E+00, 1.798E+00, 2.146E-01, 1.184E-01, 1.513E-01, 1.000E+00, 5.808E-01, 9.394E-01, 1.000E-02, 1.000E+00, 1.000E+00, 5.808E-03, 3.489E-05, 5.642E-05, 0.000E+00, 1.174E+02, 5.772E+01, 1.429E-03, 1.225E-04, 6.447E+02, 1.264E-03, 1.539E+00
22/02/2019,09:00,9,2.561,3.061,-3.872,.480,.239, 1.038E+03, 7.411E+01, 0.000E+00, 8.698E-02, 6.630E+01, 5.629E+01, 1.454E+02, 2.440E+01, 6.368E+01, 2.395E+01, 2.086E+00, 5.426E-01, 1.304E-01, 2.118E-01, 1.000E+00, 7.106E-01, 9.975E-01, 1.000E-02, 1.000E+00, 1.000E+00, 7.106E-03, 4.296E-05, 6.030E-05, 0.000E+00, 1.170E+02, 5.240E+01, 1.429E-03, 1.509E-04, 6.331E+02, 1.301E-03, 1.473E+00
22/02/2019,10:00,9,2.561,3.061,-2.921,.449,.272, 1.038E+03, 7.104E+01, 0.000E+00, 8.698E-02, 8.771E+01, 6.459E+01, 1.633E+02, 2.833E+01, 6.368E+01, 2.395E+01, 2.624E+00, 5.437E-01, 1.640E-01, 2.488E-01, 1.000E+00, 7.654E-01, 9.988E-01, 1.000E-02, 1.000E+00, 1.000E+00, 7.654E-03, 4.643E-05, 6.059E-05, 0.000E+00, 9.311E+01, 4.168E+01, 1.429E-03, 1.631E-04, 6.283E+02, 1.359E-03, 4.415E-01
22/02/2019,11:00,9,2.561,3.061,-1.970,.418,.308, 1.037E+03, 6.990E+01, 0.000E+00, 8.698E-02, 9.581E+01, 6.739E+01, 1.691E+02, 2.967E+01, 6.368E+01, 2.395E+01, 3.164E+00, 5.447E-01, 1.978E-01, 2.619E-01, 1.000E+00, 7.819E-01, 9.990E-01, 1.000E-02, 1.000E+00, 1.000E+00, 7.819E-03, 4.760E-05, 6.082E-05, 0.000E+00, 7.725E+01, 3.456E+01, 1.429E-03, 1.672E-04, 6.267E+02, 1.397E-03, 3.903E-01
22/02/2019,12:00,9,2.561,3.061,-1.019,.386,.348, 1.037E+03, 7.080E+01, 0.000E+00, 8.698E-02, 2.068E+01, 7.275E+01, 6.000E+01, 2.857E+01, 1.300E+01, 2.309E+01, 3.707E+00, 6.243E-01, 2.223E-01, 2.516E-01, 1.000E+00, 7.476E-01, 9.152E-01, 1.000E-02, 1.000E+00, 1.000E+00, 7.476E-03, 4.567E-05, 5.591E-05, 0.000E+00, 7.435E+01, 3.075E+01, 1.429E-03, 1.604E-04, 6.293E+02, 1.409E-03, 3.866E-01
22/02/2019,13:00,9,2.561,3.061,-1.003,.409,.336, 1.037E+03, 7.364E+01, 0.000E+00, 8.037E-02, 1.608E+01, 6.075E+01, 5.239E+01, 2.384E+01, 1.300E+01, 2.309E+01, 3.848E+00, 6.245E-01, 2.307E-01, 2.176E-01, 1.000E+00, 6.813E-01, 8.841E-01, 1.000E-02, 1.000E+00, 1.000E+00, 6.813E-03, 4.163E-05, 5.401E-05, 0.000E+00, 7.162E+01, 2.963E+01, 1.429E-03, 1.462E-04, 6.350E+02, 1.404E-03, 3.608E-01
22/02/2019,14:00,9,2.561,3.061,-.986,.431,.323, 1.036E+03, 7.816E+01, 0.000E+00, 7.376E-02, 9.121E+00, 4.106E+01, 3.830E+01, 1.607E+01, 1.300E+01, 2.309E+01, 3.989E+00, 6.246E-01, 2.392E-01, 1.599E-01, 1.000E+00, 5.331E-01, 7.930E-01, 1.000E-02, 1.000E+00, 1.000E+00, 5.331E-03, 3.257E-05, 4.845E-05, 0.000E+00, 6.909E+01, 2.858E+01, 4.783E-03, 1.144E-04, 2.042E+02, 3.586E-03, 3.548E-01
22/02/2019,15:00,9,2.561,3.061,-.970,.454,.311, 1.036E+03, 8.400E+01, 0.000E+00, 6.714E-02, 6.387E+00, 2.219E+01, 3.932E+01, 8.787E+00,-5.782E+01, 1.788E+01, 4.131E+00, 6.512E-01, 2.336E-01, 8.167E-02, 1.000E+00, 3.440E-01, 8.015E-01, 1.000E-02, 1.000E+00, 1.000E+00, 3.440E-03, 2.102E-05, 4.898E-05, 0.000E+00, 7.568E+01, 2.926E+01, 4.809E-03, 7.383E-05, 2.048E+02, 3.550E-03, 3.760E-01
22/02/2019,16:00,9,2.561,3.061,-1.044,.482,.294, 1.035E+03, 9.075E+01, 0.000E+00, 6.714E-02, 0.000E+00, 0.000E+00, 0.000E+00, 0.000E+00,-5.782E+01, 1.788E+01, 4.396E+00, 6.512E-01, 2.486E-01,-9.990E+02, 1.000E+00,-9.990E+02, 0.000E+00, 0.000E+00, 0.000E+00, 1.000E+00, 0.000E+00, 0.000E+00, 0.000E+00, 0.000E+00, 7.112E+01, 2.749E+01, 1.429E-03, 0.000E+00, 7.000E+02, 1.295E-03, 3.532E-01
22/02/2019,17:00,9,2.561,3.061,-1.118,.509,.276, 1.035E+03, 9.805E+01, 0.000E+00, 6.714E-02, 0.000E+00, 0.000E+00, 0.000E+00, 0.000E+00,-5.782E+01, 1.788E+01, 4.678E+00, 6.512E-01, 2.646E-01,-9.990E+02, 1.000E+00,-9.990E+02, 0.000E+00, 0.000E+00, 0.000E+00, 1.000E+00, 0.000E+00, 0.000E+00, 0.000E+00, 0.000E+00, 6.683E+01, 2.583E+01, 1.429E-03, 0.000E+00, 7.000E+02, 1.302E-03, 3.244E-01
22/02/2019,18:00,9,2.561,3.061,-1.191,.537,.260, 1.034E+03, 1.055E+02, 0.000E+00, 6.714E-02, 0.000E+00, 0.000E+00, 0.000E+00, 0.000E+00,-5.263E+01, 1.441E+01, 4.975E+00, 7.318E-01, 2.863E-01,-9.990E+02, 1.000E+00,-9.990E+02, 0.000E+00, 0.000E+00, 0.000E+00, 1.000E+00, 0.000E+00, 0.000E+00, 0.000E+00, 0.000E+00, 6.071E+01, 2.388E+01, 1.429E-03, 0.000E+00, 7.000E+02, 1.311E-03, 3.534E-01
22/02/2019,19:00,9,2.561,3.061,-1.059,.574,.241, 1.034E+03, 1.127E+02, 0.000E+00, 6.689E-02, 0.000E+00, 0.000E+00, 0.000E+00, 0.000E+00,-5.263E+01, 1.441E+01, 4.997E+00, 7.323E-01, 2.875E-01,-9.990E+02, 1.000E+00,-9.990E+02, 0.000E+00, 0.000E+00, 0.000E+00, 1.000E+00, 0.000E+00, 0.000E+00, 0.000E+00, 0.000E+00, 6.044E+01, 2.377E+01, 1.429E-03, 0.000E+00, 7.000E+02, 1.312E-03, 3.624E-01
22/02/2019,20:00,9,2.561,3.061,-.927,.611,.222, 1.033E+03, 1.193E+02, 0.000E+00, 6.663E-02, 0.000E+00, 0.000E+00, 0.000E+00, 0.000E+00,-5.263E+01, 1.441E+01, 5.026E+00, 7.327E-01, 2.892E-01,-9.990E+02, 1.000E+00,-9.990E+02, 0.000E+00, 0.000E+00, 0.000E+00, 1.000E+00, 0.000E+00, 0.000E+00, 0.000E+00, 0.000E+00, 6.009E+01, 2.363E+01, 4.881E-03, 0.000E+00, 2.049E+02, 3.746E-03, 3.576E-01
22/02/2019,21:00,9,2.561,3.061,-.795,.648,.203, 1.032E+03, 1.247E+02, 0.000E+00, 6.638E-02, 0.000E+00, 0.000E+00, 0.000E+00, 0.000E+00,-4.904E+01, 1.062E+01, 5.062E+00, 7.931E-01, 2.937E-01,-9.990E+02, 1.000E+00,-9.990E+02, 0.000E+00, 0.000E+00, 0.000E+00, 1.000E+00, 0.000E+00, 0.000E+00, 0.000E+00, 0.000E+00, 5.868E+01, 2.327E+01, 5.112E-03, 0.000E+00, 1.956E+02, 3.896E-03, 3.483E-01
22/02/2019,22:00,9,2.561,3.061,-.657,.686,.183, 1.032E+03, 1.283E+02, 0.000E+00, 6.638E-02, 0.000E+00, 0.000E+00, 0.000E+00, 0.000E+00,-4.904E+01, 1.062E+01, 5.054E+00, 7.935E-01, 2.933E-01,-9.990E+02, 1.000E+00,-9.990E+02, 0.000E+00, 0.000E+00, 0.000E+00, 1.000E+00, 0.000E+00, 0.000E+00, 0.000E+00, 0.000E+00, 5.876E+01, 2.331E+01, 5.378E-03, 0.000E+00, 1.860E+02, 4.047E-03, 2.856E-01
22/02/2019,23:00,9,2.561,3.061,-.518,.725,.162, 1.031E+03, 1.296E+02, 0.000E+00, 6.638E-02, 0.000E+00, 0.000E+00, 0.000E+00, 0.000E+00,-4.904E+01, 1.062E+01, 5.082E+00, 7.939E-01, 2.949E-01,-9.990E+02, 1.000E+00,-9.990E+02, 0.000E+00, 0.000E+00, 0.000E+00, 1.000E+00, 0.000E+00, 0.000E+00, 0.000E+00, 0.000E+00, 5.844E+01, 2.318E+01, 5.673E-03, 0.000E+00, 1.763E+02, 4.218E-03, 2.147E-01
23/02/2019,00:00,9,2.572,3.072,-.380,.764,.141, 1.031E+03, 1.285E+02, 0.000E+00, 6.638E-02, 0.000E+00, 0.000E+00, 0.000E+00, 0.000E+00,-3.198E+01, 4.026E+00, 5.146E+00, 7.037E-01, 2.990E-01,-9.990E+02, 1.000E+00,-9.990E+02, 0.000E+00, 0.000E+00, 0.000E+00, 1.000E+00, 0.000E+00, 0.000E+00, 0.000E+00, 0.000E+00, 5.755E+01, 2.286E+01, 6.002E-03, 0.000E+00, 1.666E+02, 4.413E-03, 1.519E-01
23/02/2019,01:00,9,2.572,3.072,-.014,.802,.121, 1.030E+03, 1.251E+02, 0.000E+00, 6.841E-02, 0.000E+00, 0.000E+00, 0.000E+00, 0.000E+00,-3.198E+01, 4.026E+00, 4.975E+00, 7.043E-01, 2.891E-01,-9.990E+02, 1.000E+00,-9.990E+02, 0.000E+00, 0.000E+00, 0.000E+00, 1.000E+00, 0.000E+00, 0.000E+00, 0.000E+00, 0.000E+00, 5.952E+01, 2.364E+01, 7.095E-03, 0.000E+00, 1.410E+02, 4.927E-03, 1.088E-01
23/02/2019,02:00,9,2.572,3.072,.353,.840,.100, 1.030E+03, 1.198E+02, 0.000E+00, 7.045E-02, 0.000E+00, 0.000E+00, 0.000E+00, 0.000E+00,-3.198E+01, 4.026E+00, 4.815E+00, 7.049E-01, 2.798E-01,-9.990E+02, 1.000E+00,-9.990E+02, 0.000E+00, 0.000E+00, 0.000E+00, 1.000E+00, 0.000E+00, 0.000E+00, 0.000E+00, 0.000E+00, 6.149E+01, 2.443E+01, 8.674E-03, 0.000E+00, 1.153E+02, 5.575E-03, 1.009E-01
23/02/2019,03:00,9,2.572,3.072,.720,.879,.078, 1.030E+03, 1.134E+02, 4.253E-05, 7.248E-02, 0.000E+00, 0.000E+00, 0.000E+00, 0.000E+00,-4.046E+01, 1.190E+00, 4.666E+00, 6.109E-01, 2.658E-01,-9.990E+02, 1.000E+00,-9.990E+02, 0.000E+00, 0.000E+00, 0.000E+00, 1.000E+00, 0.000E+00, 0.000E+00, 0.000E+00, 0.000E+00, 6.606E+01, 2.572E+01, 1.116E-02, 0.000E+00, 8.963E+01, 6.361E-03, 8.341E-02
23/02/2019,04:00,9,2.572,3.072,.754,.893,.069, 1.029E+03, 1.061E+02, 4.253E-05, 7.248E-02, 0.000E+00, 0.000E+00, 0.000E+00, 0.000E+00,-4.046E+01, 1.190E+00, 4.418E+00, 6.111E-01, 2.517E-01,-9.990E+02, 1.000E+00,-9.990E+02, 0.000E+00, 0.000E+00, 0.000E+00, 1.000E+00, 0.000E+00, 0.000E+00, 0.000E+00, 0.000E+00, 6.976E+01, 2.716E+01, 1.147E-02, 0.000E+00, 8.722E+01, 6.305E-03, 7.639E-02
23/02/2019,05:00,9,2.572,3.072,.789,.906,.061, 1.029E+03, 9.867E+01, 4.253E-05, 7.248E-02, 0.000E+00, 0.000E+00, 0.000E+00, 0.000E+00,-4.046E+01, 1.190E+00, 4.175E+00, 6.112E-01, 2.378E-01,-9.990E+02, 1.000E+00,-9.990E+02, 0.000E+00, 0.000E+00, 0.000E+00, 1.000E+00, 0.000E+00, 0.000E+00, 0.000E+00, 0.000E+00, 7.382E+01, 2.874E+01, 1.179E-02, 0.000E+00, 8.480E+01, 6.237E-03, 7.119E-02
23/02/2019,06:00,9,2.572,3.072,.823,.920,.052, 1.029E+03, 9.131E+01, 4.253E-05, 7.248E-02, 0.000E+00, 0.000E+00, 0.000E+00, 0.000E+00,-9.010E+00, 5.041E-01, 3.937E+00, 5.072E-01, 2.300E-01,-9.990E+02, 1.000E+00,-9.990E+02, 0.000E+00, 0.000E+00, 0.000E+00, 1.000E+00, 0.000E+00, 0.000E+00, 0.000E+00, 0.000E+00, 7.442E+01, 2.972E+01, 1.214E-02, 0.000E+00, 8.239E+01, 6.238E-03, 6.594E-02
23/02/2019,07:00,9,2.572,3.072,1.533,.886,.078, 1.029E+03, 8.444E+01, 4.253E-05, 7.223E-02, 7.900E+00, 2.169E+01, 4.945E+01, 8.656E+00,-9.010E+00, 5.041E-01, 3.776E+00, 5.078E-01, 2.206E-01, 7.529E-02, 1.000E+00, 3.424E-01, 8.692E-01, 1.000E-02, 1.000E+00, 1.000E+00, 3.424E-03, 2.112E-05, 5.360E-05, 0.000E+00, 7.758E+01, 3.098E+01, 1.429E-02, 7.448E-05, 6.964E+01, 6.628E-03, 1.428E-01
23/02/2019,08:00,9,2.572,3.072,2.243,.852,.106, 1.029E+03, 7.846E+01, 4.253E-05, 7.198E-02, 4.442E+01, 4.190E+01, 1.291E+02, 1.805E+01,-9.010E+00, 5.041E-01, 3.626E+00, 5.084E-01, 2.119E-01, 1.553E-01, 1.000E+00, 5.972E-01, 9.950E-01, 1.000E-02, 1.000E+00, 1.000E+00, 5.972E-03, 3.692E-05, 6.152E-05, 0.000E+00, 8.078E+01, 3.226E+01, 1.429E-02, 1.302E-04, 6.937E+01, 6.495E-03, 1.777E-01
23/02/2019,09:00,9,2.572,3.072,2.953,.818,.138, 1.029E+03, 7.374E+01, 4.253E-05, 7.172E-02, 3.289E+01, 6.629E+01, 8.537E+01, 2.663E+01, 5.510E+01, 2.219E+00, 3.488E+00, 5.482E-01, 2.168E-01, 2.155E-01, 1.000E+00, 7.312E-01, 9.701E-01, 1.000E-02, 1.000E+00, 1.000E+00, 7.312E-03, 4.532E-05, 6.013E-05, 0.000E+00, 7.120E+01, 3.153E+01, 1.429E-02, 1.599E-04, 6.923E+01, 6.626E-03, 2.540E-01
23/02/2019,10:00,9,2.572,3.072,3.661,.784,.171, 1.029E+03, 7.067E+01, 4.253E-05, 7.045E-02, 4.314E+01, 7.934E+01, 9.711E+01, 3.194E+01, 5.510E+01, 2.219E+00, 3.459E+00, 5.490E-01, 2.150E-01, 2.521E-01, 1.000E+00, 7.943E-01, 9.816E-01, 1.000E-02, 1.000E+00, 1.000E+00, 7.943E-03, 4.936E-05, 6.100E-05, 0.000E+00, 7.182E+01, 3.180E+01, 1.429E-02, 1.741E-04, 6.916E+01, 6.599E-03, 3.184E-01
23/02/2019,11:00,9,2.572,3.072,4.370,.751,.208, 1.029E+03, 6.953E+01, 4.253E-05, 6.918E-02, 4.699E+01, 8.399E+01, 1.010E+02, 3.384E+01, 5.510E+01, 2.219E+00, 3.454E+00, 5.498E-01, 2.146E-01, 2.650E-01, 1.000E+00, 8.131E-01, 9.843E-01, 1.000E-02, 1.000E+00, 1.000E+00, 8.131E-03, 5.066E-05, 6.132E-05, 0.000E+00, 7.196E+01, 3.185E+01, 1.429E-02, 1.787E-04, 6.914E+01, 6.594E-03, 3.653E-01
23/02/2019,12:00,9,2.572,3.072,5.078,.718,.247, 1.028E+03, 7.044E+01, 4.253E-05, 6.791E-02, 7.119E+01, 7.569E+01, 1.380E+02, 3.173E+01,-2.659E+01, 3.116E+00, 3.471E+00, 4.801E-01, 1.949E-01, 2.548E-01, 1.000E+00, 7.971E-01, 9.966E-01, 1.000E-02, 1.000E+00, 1.000E+00, 7.971E-03, 4.979E-05, 6.225E-05, 0.000E+00, 9.140E+01, 3.507E+01, 1.429E-02, 1.756E-04, 6.915E+01, 6.194E-03, 4.004E-01
23/02/2019,13:00,9,2.572,3.072,4.730,.742,.221, 1.028E+03, 7.329E+01, 4.253E-05, 6.282E-02, 5.573E+01, 6.562E+01, 1.243E+02, 2.737E+01,-2.659E+01, 3.116E+00, 3.564E+00, 4.798E-01, 2.001E-01, 2.210E-01, 1.000E+00, 7.460E-01, 9.940E-01, 1.000E-02, 1.000E+00, 1.000E+00, 7.460E-03, 4.654E-05, 6.201E-05, 0.000E+00, 8.904E+01, 3.416E+01, 1.429E-02, 1.641E-04, 6.920E+01, 6.285E-03, 4.163E-01
23/02/2019,14:00,9,2.572,3.072,4.381,.766,.195, 1.028E+03, 7.783E+01, 4.253E-05, 5.773E-02, 3.224E+01, 4.799E+01, 9.621E+01, 1.976E+01,-2.659E+01, 3.116E+00, 3.658E+00, 4.796E-01, 2.053E-01, 1.636E-01, 1.000E+00, 6.258E-01, 9.809E-01, 1.000E-02, 1.000E+00, 1.000E+00, 6.258E-03, 3.899E-05, 6.111E-05, 0.000E+00, 8.678E+01, 3.330E+01, 1.429E-02, 1.375E-04, 6.933E+01, 6.371E-03, 4.227E-01
23/02/2019,15:00,9,2.572,3.072,4.033,.790,.171, 1.027E+03, 8.368E+01, 4.253E-05, 5.265E-02, 6.932E+00, 2.332E+01, 4.070E+01, 9.218E+00,-5.617E+01,-2.266E+00, 3.751E+00, 4.425E-01, 1.927E-01, 8.561E-02, 1.000E+00, 3.581E-01, 8.125E-01, 1.000E-02, 1.000E+00, 1.000E+00, 3.581E-03, 2.228E-05, 5.056E-05, 0.000E+00, 1.010E+02, 3.547E+01, 1.429E-02, 7.859E-05, 6.962E+01, 6.106E-03, 4.318E-01
23/02/2019,16:00,9,2.572,3.072,3.388,.835,.129, 1.027E+03, 9.045E+01, 4.253E-05, 5.214E-02, 0.000E+00, 0.000E+00, 0.000E+00, 0.000E+00,-5.617E+01,-2.266E+00, 3.713E+00, 4.421E-01, 1.906E-01,-9.990E+02, 1.000E+00,-9.990E+02, 0.000E+00, 0.000E+00, 0.000E+00, 1.000E+00, 0.000E+00, 0.000E+00, 0.000E+00, 0.000E+00, 1.022E+02, 3.586E+01, 1.429E-02, 0.000E+00, 7.000E+01, 6.054E-03, 4.051E-01
23/02/2019,17:00,9,2.572,3.072,2.744,.879,.090, 1.027E+03, 9.775E+01, 4.253E-05, 5.163E-02, 0.000E+00, 0.000E+00, 0.000E+00, 0.000E+00,-5.617E+01,-2.266E+00, 3.675E+00, 4.416E-01, 1.886E-01,-9.990E+02, 1.000E+00,-9.990E+02, 0.000E+00, 0.000E+00, 0.000E+00, 1.000E+00, 0.000E+00, 0.000E+00, 0.000E+00, 0.000E+00, 1.033E+02, 3.625E+01, 1.429E-02, 0.000E+00, 7.000E+01, 6.017E-03, 3.393E-01
23/02/2019,18:00,9,2.572,3.072,2.099,.924,.054, 1.027E+03, 1.052E+02, 4.253E-05, 5.112E-02, 0.000E+00, 0.000E+00, 0.000E+00, 0.000E+00,-5.513E+01,-7.673E+00, 3.636E+00, 4.583E-01, 1.897E-01,-9.990E+02, 1.000E+00,-9.990E+02, 0.000E+00, 0.000E+00, 0.000E+00, 1.000E+00, 0.000E+00, 0.000E+00, 0.000E+00, 0.000E+00, 1.010E+02, 3.602E+01, 1.429E-02, 0.000E+00, 7.000E+01, 6.044E-03, 2.801E-01
23/02/2019,19:00,9,2.572,3.072,1.753,.942,.040, 1.026E+03, 1.124E+02, 4.253E-05, 5.087E-02, 0.000E+00, 0.000E+00, 0.000E+00, 0.000E+00,-5.513E+01,-7.673E+00, 3.655E+00, 4.581E-01, 1.907E-01,-9.990E+02, 1.000E+00,-9.990E+02, 0.000E+00, 0.000E+00, 0.000E+00, 1.000E+00, 0.000E+00, 0.000E+00, 0.000E+00, 0.000E+00, 1.005E+02, 3.585E+01, 1.429E-02, 0.000E+00, 7.000E+01, 6.061E-03, 1.903E-01
23/02/2019,20:00,9,2.572,3.072,1.406,.960,.027, 1.026E+03, 1.190E+02, 4.253E-05, 5.061E-02, 0.000E+00, 0.000E+00, 0.000E+00, 0.000E+00,-5.513E+01,-7.673E+00, 3.683E+00, 4.579E-01, 1.921E-01,-9.990E+02, 1.000E+00,-9.990E+02, 0.000E+00, 0.000E+00, 0.000E+00, 1.000E+00, 0.000E+00, 0.000E+00, 0.000E+00, 0.000E+00, 9.981E+01, 3.559E+01, 1.429E-02, 0.000E+00, 7.000E+01, 6.086E-03, 1.612E-01
23/02/2019,21:00,9,2.572,3.072,1.059,.978,.015, 1.026E+03, 1.243E+02, 4.253E-05, 5.036E-02, 0.000E+00, 0.000E+00, 0.000E+00, 0.000E+00,-5.237E+01,-1.105E+01, 3.720E+00, 4.822E-01, 1.985E-01,-9.990E+02, 1.000E+00,-9.990E+02, 0.000E+00, 0.000E+00, 0.000E+00, 1.000E+00, 0.000E+00, 0.000E+00, 0.000E+00, 0.000E+00, 9.438E+01, 3.443E+01, 1.429E-02, 0.000E+00, 7.000E+01, 6.210E-03, 9.549E-02
23/02/2019,22:00,9,2.572,3.072,1.081,.979,.014, 1.025E+03, 1.279E+02, 4.253E-05, 5.036E-02, 0.000E+00, 0.000E+00, 0.000E+00, 0.000E+00,-5.237E+01,-1.105E+01, 3.824E+00, 4.823E-01, 2.041E-01,-9.990E+02, 1.000E+00,-9.990E+02, 0.000E+00, 0.000E+00, 0.000E+00, 1.000E+00, 0.000E+00, 0.000E+00, 0.000E+00, 0.000E+00, 9.181E+01, 3.349E+01, 1.429E-02, 0.000E+00, 7.000E+01, 6.307E-03, 7.331E-02
23/02/2019,23:00,9,2.572,3.072,1.104,.981,.013, 1.025E+03, 1.292E+02, 4.253E-05, 5.036E-02, 0.000E+00, 0.000E+00, 0.000E+00, 0.000E+00,-5.237E+01,-1.105E+01, 3.927E+00, 4.825E-01, 2.096E-01,-9.990E+02, 1.000E+00,-9.990E+02, 0.000E+00, 0.000E+00, 0.000E+00, 1.000E+00, 0.000E+00, 0.000E+00, 0.000E+00, 0.000E+00, 8.938E+01, 3.261E+01, 1.429E-02, 0.000E+00, 7.000E+01, 6.401E-03, 4.573E-02
24/02/2019,00:00,9,2.583,3.083,1.126,.982,.012, 1.024E+03, 1.281E+02, 1.313E-05, 5.036E-02, 0.000E+00, 0.000E+00, 0.000E+00, 0.000E+00,-5.285E+01,-5.288E+00, 4.031E+00, 5.311E-01, 2.206E-01,-9.990E+02, 1.000E+00,-9.990E+02, 0.000E+00, 0.000E+00, 0.000E+00, 1.000E+00, 0.000E+00, 0.000E+00, 0.000E+00, 0.000E+00, 8.284E+01, 3.099E+01, 1.429E-02, 0.000E+00, 7.000E+01, 6.590E-03, 2.878E-02
24/02/2019,01:00,9,2.583,3.083,1.303,.980,.013, 1.023E+03, 1.247E+02, 1.313E-05, 5.544E-02, 0.000E+00, 0.000E+00, 0.000E+00, 0.000E+00,-5.285E+01,-5.288E+00, 4.068E+00, 5.315E-01, 2.226E-01,-9.990E+02, 1.000E+00,-9.990E+02, 0.000E+00, 0.000E+00, 0.000E+00, 1.000E+00, 0.000E+00, 0.000E+00, 0.000E+00, 0.000E+00, 8.207E+01, 3.070E+01, 1.429E-02, 0.000E+00, 7.000E+01, 6.623E-03, 4.836E-02
24/02/2019,02:00,9,2.583,3.083,1.481,.978,.015, 1.023E+03, 1.195E+02, 1.313E-05, 6.053E-02, 0.000E+00, 0.000E+00, 0.000E+00, 0.000E+00,-5.285E+01,-5.288E+00, 4.107E+00, 5.318E-01, 2.248E-01,-9.990E+02, 1.000E+00,-9.990E+02, 0.000E+00, 0.000E+00, 0.000E+00, 1.000E+00, 0.000E+00, 0.000E+00, 0.000E+00, 0.000E+00, 8.128E+01, 3.041E+01, 1.429E-02, 0.000E+00, 7.000E+01, 6.657E-03, 4.512E-02
24/02/2019,03:00,9,2.583,3.083,1.658,.975,.017, 1.022E+03, 1.130E+02, 1.313E-05, 6.562E-02, 0.000E+00, 0.000E+00, 0.000E+00, 0.000E+00,-4.927E+01,-6.336E+00, 4.147E+00, 5.818E-01, 2.322E-01,-9.990E+02, 1.000E+00,-9.990E+02, 0.000E+00, 0.000E+00, 0.000E+00, 1.000E+00, 0.000E+00, 0.000E+00, 0.000E+00, 0.000E+00, 7.690E+01, 2.943E+01, 1.429E-02, 0.000E+00, 7.000E+01, 6.781E-03, 3.348E-02
24/02/2019,04:00,9,2.583,3.083,2.081,.965,.025, 1.021E+03, 1.058E+02, 1.313E-05, 6.485E-02, 0.000E+00, 0.000E+00, 0.000E+00, 0.000E+00,-4.927E+01,-6.336E+00, 4.302E+00, 5.825E-01, 2.409E-01,-9.990E+02, 1.000E+00,-9.990E+02, 0.000E+00, 0.000E+00, 0.000E+00, 1.000E+00, 0.000E+00, 0.000E+00, 0.000E+00, 0.000E+00, 7.411E+01, 2.837E+01, 1.429E-02, 0.000E+00, 7.000E+01, 6.912E-03, 2.678E-02
24/02/2019,05:00,9,2.583,3.083,2.504,.954,.033, 1.021E+03, 9.833E+01, 1.313E-05, 6.409E-02, 0.000E+00, 0.000E+00, 0.000E+00, 0.000E+00,-4.927E+01,-6.336E+00, 4.459E+00, 5.832E-01, 2.498E-01,-9.990E+02, 1.000E+00,-9.990E+02, 0.000E+00, 0.000E+00, 0.000E+00, 1.000E+00, 0.000E+00, 0.000E+00, 0.000E+00, 0.000E+00, 7.147E+01, 2.736E+01, 1.429E-02, 0.000E+00, 7.000E+01, 7.041E-03, 9.907E-02
24/02/2019,06:00,9,2.583,3.083,2.926,.944,.042, 1.020E+03, 9.097E+01, 1.313E-05, 6.333E-02, 0.000E+00, 0.000E+00, 0.000E+00, 0.000E+00,-3.206E+01, 1.466E+00, 4.620E+00, 6.960E-01, 2.682E-01,-9.990E+02, 1.000E+00,-9.990E+02, 0.000E+00, 0.000E+00, 0.000E+00, 1.000E+00, 0.000E+00, 0.000E+00, 0.000E+00, 0.000E+00, 6.423E+01, 2.549E+01, 1.429E-02, 0.000E+00, 7.000E+01, 7.306E-03, 8.487E-02
24/02/2019,07:00,9,2.583,3.083,3.619,.912,.069, 1.019E+03, 8.409E+01, 1.313E-05, 6.206E-02, 5.611E+00, 2.147E+01, 3.569E+01, 8.427E+00,-3.206E+01, 1.466E+00, 4.679E+00, 6.970E-01, 2.716E-01, 7.968E-02, 1.000E+00, 3.309E-01, 7.696E-01, 1.000E-02, 1.000E+00, 1.000E+00, 3.309E-03, 2.056E-05, 4.782E-05, 0.000E+00, 6.341E+01, 2.516E+01, 1.429E-02, 7.282E-05, 6.965E+01, 7.371E-03, 1.648E-01
24/02/2019,08:00,9,2.583,3.083,4.311,.881,.099, 1.019E+03, 7.810E+01, 1.313E-05, 6.078E-02, 2.785E+01, 4.740E+01, 8.680E+01, 1.928E+01,-3.206E+01, 1.466E+00, 4.753E+00, 6.980E-01, 2.759E-01, 1.594E-01, 1.000E+00, 6.151E-01, 9.718E-01, 1.000E-02, 1.000E+00, 1.000E+00, 6.151E-03, 3.831E-05, 6.053E-05, 0.000E+00, 6.242E+01, 2.477E+01, 1.429E-02, 1.357E-04, 6.934E+01, 7.444E-03, 2.575E-01
24/02/2019,09:00,9,2.583,3.083,5.004,.850,.131, 1.019E+03, 7.338E+01, 1.313E-05, 5.951E-02, 8.960E+01, 5.841E+01, 1.827E+02, 2.607E+01, 2.639E+01, 2.527E+01, 4.841E+00, 7.226E-01, 2.911E-01, 2.191E-01, 1.000E+00, 7.327E-01, 9.995E-01, 1.000E-02, 1.000E+00, 1.000E+00, 7.327E-03, 4.575E-05, 6.241E-05, 0.000E+00, 5.646E+01, 2.348E+01, 1.429E-02, 1.620E-04, 6.921E+01, 7.659E-03, 2.853E-01
24/02/2019,10:00,9,2.583,3.083,5.993,.788,.198, 1.019E+03, 7.030E+01, 1.313E-05, 5.748E-02, 1.165E+02, 6.520E+01, 2.023E+02, 2.958E+01, 2.639E+01, 2.527E+01, 4.680E+00, 7.238E-01, 2.814E-01, 2.554E-01, 1.000E+00, 7.793E-01, 9.998E-01, 1.000E-02, 1.000E+00, 1.000E+00, 7.793E-03, 4.884E-05, 6.265E-05, 0.000E+00, 5.841E+01, 2.429E+01, 1.429E-02, 1.730E-04, 6.916E+01, 7.540E-03, 4.069E-01
24/02/2019,11:00,9,2.583,3.083,6.982,.727,.274, 1.019E+03, 6.916E+01, 1.313E-05, 5.544E-02, 1.265E+02, 6.738E+01, 2.085E+02, 3.073E+01, 2.639E+01, 2.527E+01, 4.626E+00, 7.250E-01, 2.781E-01, 2.682E-01, 1.000E+00, 7.932E-01, 9.998E-01, 1.000E-02, 1.000E+00, 1.000E+00, 7.932E-03, 4.988E-05, 6.287E-05, 0.000E+00, 5.909E+01, 2.458E+01, 1.429E-02, 1.767E-04, 6.914E+01, 7.500E-03, 4.874E-01
24/02/2019,12:00,9,2.583,3.083,7.971,.665,.359, 1.019E+03, 7.007E+01, 1.313E-05, 5.341E-02, 1.184E+02, 6.565E+01, 2.035E+02, 2.981E+01,-2.610E+01, 3.031E+01, 4.684E+00, 6.504E-01, 2.719E-01, 2.579E-01, 1.000E+00, 7.822E-01, 9.998E-01, 1.000E-02, 1.000E+00, 1.000E+00, 7.822E-03, 4.937E-05, 6.309E-05, 0.000E+00, 6.334E+01, 2.514E+01, 1.429E-02, 1.748E-04, 6.915E+01, 7.402E-03, 5.231E-01
24/02/2019,13:00,9,2.583,3.083,7.444,.673,.338, 1.020E+03, 7.294E+01, 1.313E-05, 4.883E-02, 9.326E+01, 5.945E+01, 1.856E+02, 2.660E+01,-2.610E+01, 3.031E+01, 4.434E+00, 6.497E-01, 2.574E-01, 2.244E-01, 1.000E+00, 7.402E-01, 9.995E-01, 1.000E-02, 1.000E+00, 1.000E+00, 7.402E-03, 4.663E-05, 6.296E-05, 0.000E+00, 6.693E+01, 2.656E+01, 1.429E-02, 1.651E-04, 6.920E+01, 7.201E-03, 4.537E-01
24/02/2019,14:00,9,2.583,3.083,6.917,.681,.318, 1.020E+03, 7.750E+01, 1.313E-05, 4.425E-02, 5.493E+01, 4.720E+01, 1.473E+02, 2.047E+01,-2.610E+01, 3.031E+01, 4.191E+00, 6.489E-01, 2.433E-01, 1.672E-01, 1.000E+00, 6.408E-01, 9.977E-01, 1.000E-02, 1.000E+00, 1.000E+00, 6.408E-03, 4.029E-05, 6.273E-05, 0.000E+00, 7.082E+01, 2.810E+01, 1.429E-02, 1.427E-04, 6.931E+01, 6.992E-03, 3.817E-01
24/02/2019,15:00,9,2.583,3.083,6.390,.689,.299, 1.021E+03, 8.336E+01, 1.313E-05, 3.968E-02, 8.587E+00, 2.488E+01, 4.700E+01, 9.868E+00,-1.085E+02, 5.972E+00, 3.957E+00, 5.583E-01, 2.042E-01, 8.953E-02, 1.000E+00, 3.803E-01, 8.553E-01, 1.000E-02, 1.000E+00, 1.000E+00, 3.803E-03, 2.387E-05, 5.367E-05, 0.000E+00, 9.495E+01, 3.348E+01, 1.429E-02, 8.453E-05, 6.959E+01, 6.313E-03, 3.326E-01
24/02/2019,16:00,9,2.583,3.083,6.031,.687,.294, 1.021E+03, 9.014E+01, 1.313E-05, 3.866E-02, 0.000E+00, 0.000E+00, 0.000E+00, 0.000E+00,-1.085E+02, 5.972E+00, 4.399E+00, 5.578E-01, 2.269E-01,-9.990E+02, 1.000E+00,-9.990E+02, 0.000E+00, 0.000E+00, 0.000E+00, 1.000E+00, 0.000E+00, 0.000E+00, 0.000E+00, 0.000E+00, 8.546E+01, 3.013E+01, 1.429E-02, 0.000E+00, 7.000E+01, 6.670E-03, 2.813E-01
24/02/2019,17:00,9,2.583,3.083,5.672,.685,.288, 1.022E+03, 9.745E+01, 1.313E-05, 3.764E-02, 0.000E+00, 0.000E+00, 0.000E+00, 0.000E+00,-1.085E+02, 5.972E+00, 4.843E+00, 5.573E-01, 2.497E-01,-9.990E+02, 1.000E+00,-9.990E+02, 0.000E+00, 0.000E+00, 0.000E+00, 1.000E+00, 0.000E+00, 0.000E+00, 0.000E+00, 0.000E+00, 7.767E+01, 2.737E+01, 1.429E-02, 0.000E+00, 7.000E+01, 7.012E-03, 2.265E-01
24/02/2019,18:00,9,2.583,3.083,5.313,.683,.283, 1.023E+03, 1.049E+02, 1.313E-05, 3.662E-02, 0.000E+00, 0.000E+00, 0.000E+00, 0.000E+00,-1.200E+02, 1.187E+01, 5.289E+00, 7.162E-01, 2.911E-01,-9.990E+02, 1.000E+00,-9.990E+02, 0.000E+00, 0.000E+00, 0.000E+00, 1.000E+00, 0.000E+00, 0.000E+00, 0.000E+00, 0.000E+00, 6.243E+01, 2.348E+01, 1.429E-02, 0.000E+00, 7.000E+01, 7.581E-03, 1.903E-01
24/02/2019,19:00,9,2.583,3.083,5.050,.666,.293, 1.023E+03, 1.121E+02, 1.313E-05, 3.611E-02, 0.000E+00, 0.000E+00, 0.000E+00, 0.000E+00,-1.200E+02, 1.187E+01, 5.245E+00, 7.158E-01, 2.886E-01,-9.990E+02, 1.000E+00,-9.990E+02, 0.000E+00, 0.000E+00, 0.000E+00, 1.000E+00, 0.000E+00, 0.000E+00, 0.000E+00, 0.000E+00, 6.296E+01, 2.368E+01, 1.429E-02, 0.000E+00, 7.000E+01, 7.551E-03, 1.663E-01
24/02/2019,20:00,9,2.583,3.083,4.787,.648,.303, 1.023E+03, 1.186E+02, 1.313E-05, 3.561E-02, 0.000E+00, 0.000E+00, 0.000E+00, 0.000E+00,-1.200E+02, 1.187E+01, 5.210E+00, 7.155E-01, 2.867E-01,-9.990E+02, 1.000E+00,-9.990E+02, 0.000E+00, 0.000E+00, 0.000E+00, 1.000E+00, 0.000E+00, 0.000E+00, 0.000E+00, 0.000E+00, 6.340E+01, 2.384E+01, 1.429E-02, 0.000E+00, 7.000E+01, 7.526E-03, 1.540E-01
24/02/2019,21:00,9,2.583,3.083,4.523,.631,.312, 1.023E+03, 1.240E+02, 0.000E+00, 3.510E-02, 0.000E+00, 0.000E+00, 0.000E+00, 0.000E+00,-1.155E+02, 1.370E+01, 5.182E+00, 6.724E-01, 2.819E-01,-9.990E+02, 1.000E+00,-9.990E+02, 0.000E+00, 0.000E+00, 0.000E+00, 1.000E+00, 0.000E+00, 0.000E+00, 0.000E+00, 0.000E+00, 6.524E+01, 2.425E+01, 1.429E-02, 0.000E+00, 7.000E+01, 7.462E-03, 1.560E-01
24/02/2019,22:00,9,2.583,3.083,4.030,.644,.290, 1.023E+03, 1.275E+02, 0.000E+00, 3.484E-02, 0.000E+00, 0.000E+00, 0.000E+00, 0.000E+00,-1.155E+02, 1.370E+01, 5.178E+00, 6.717E-01, 2.815E-01,-9.990E+02, 1.000E+00,-9.990E+02, 0.000E+00, 0.000E+00, 0.000E+00, 1.000E+00, 0.000E+00, 0.000E+00, 0.000E+00, 0.000E+00, 6.532E+01, 2.428E+01, 1.429E-02, 0.000E+00, 7.000E+01, 7.458E-03, 1.542E-01
24/02/2019,23:00,9,2.583,3.083,3.537,.658,.269, 1.023E+03, 1.289E+02, 0.000E+00, 3.459E-02, 0.000E+00, 0.000E+00, 0.000E+00, 0.000E+00,-1.155E+02, 1.370E+01, 5.174E+00, 6.710E-01, 2.812E-01,-9.990E+02, 1.000E+00,-9.990E+02, 0.000E+00, 0.000E+00, 0.000E+00, 1.000E+00, 0.000E+00, 0.000E+00, 0.000E+00, 0.000E+00, 6.541E+01, 2.430E+01, 1.429E-02, 0.000E+00, 7.000E+01, 7.454E-03, 1.490E-01
25/02/2019,00:00,9,2.594,3.094,3.044,.672,.249, 1.024E+03, 1.277E+02, 0.000E+00, 3.433E-02, 0.000E+00, 0.000E+00, 0.000E+00, 0.000E+00,-8.745E+01, 1.080E+01, 5.170E+00, 4.883E-01, 2.598E-01,-9.990E+02, 1.000E+00,-9.990E+02, 0.000E+00, 0.000E+00, 0.000E+00, 1.000E+00, 0.000E+00, 0.000E+00, 0.000E+00, 0.000E+00, 7.659E+01, 2.631E+01, 1.429E-02, 0.000E+00, 7.000E+01, 7.144E-03, 1.501E-01
25/02/2019,01:00,9,2.594,3.094,2.511,.689,.228, 1.023E+03, 1.243E+02, 0.000E+00, 3.968E-02, 0.000E+00, 0.000E+00, 0.000E+00, 0.000E+00,-8.745E+01, 1.080E+01, 4.922E+00, 4.879E-01, 2.473E-01,-9.990E+02, 1.000E+00,-9.990E+02, 0.000E+00, 0.000E+00, 0.000E+00, 1.000E+00, 0.000E+00, 0.000E+00, 0.000E+00, 0.000E+00, 8.051E+01, 2.764E+01, 1.429E-02, 0.000E+00, 7.000E+01, 6.967E-03, 1.572E-01
25/02/2019,02:00,9,2.594,3.094,1.978,.705,.208, 1.023E+03, 1.191E+02, 0.000E+00, 4.502E-02, 0.000E+00, 0.000E+00, 0.000E+00, 0.000E+00,-8.745E+01, 1.080E+01, 4.688E+00, 4.874E-01, 2.354E-01,-9.990E+02, 1.000E+00,-9.990E+02, 0.000E+00, 0.000E+00, 0.000E+00, 1.000E+00, 0.000E+00, 0.000E+00, 0.000E+00, 0.000E+00, 8.461E+01, 2.904E+01, 1.429E-02, 0.000E+00, 7.000E+01, 6.791E-03, 1.693E-01
25/02/2019,03:00,9,2.594,3.094,1.444,.722,.189, 1.023E+03, 1.127E+02, 0.000E+00, 5.036E-02, 0.000E+00, 0.000E+00, 0.000E+00, 0.000E+00,-7.226E+01, 1.285E+01, 4.468E+00, 5.342E-01, 2.380E-01,-9.990E+02, 1.000E+00,-9.990E+02, 0.000E+00, 0.000E+00, 0.000E+00, 1.000E+00, 0.000E+00, 0.000E+00, 0.000E+00, 0.000E+00, 7.886E+01, 2.872E+01, 1.429E-02, 0.000E+00, 7.000E+01, 6.852E-03, 1.771E-01
25/02/2019,04:00,9,2.594,3.094,1.696,.711,.200, 1.023E+03, 1.055E+02, 0.000E+00, 5.036E-02, 0.000E+00, 0.000E+00, 0.000E+00, 0.000E+00,-7.226E+01, 1.285E+01, 4.499E+00, 5.344E-01, 2.397E-01,-9.990E+02, 1.000E+00,-9.990E+02, 0.000E+00, 0.000E+00, 0.000E+00, 1.000E+00, 0.000E+00, 0.000E+00, 0.000E+00, 0.000E+00, 7.828E+01, 2.851E+01, 1.429E-02, 0.000E+00, 7.000E+01, 6.878E-03, 1.757E-01
25/02/2019,05:00,9,2.594,3.094,1.948,.700,.211, 1.023E+03, 9.799E+01, 0.000E+00, 5.036E-02, 0.000E+00, 0.000E+00, 0.000E+00, 0.000E+00,-7.226E+01, 1.285E+01, 4.531E+00, 5.347E-01, 2.415E-01,-9.990E+02, 1.000E+00,-9.990E+02, 0.000E+00, 0.000E+00, 0.000E+00, 1.000E+00, 0.000E+00, 0.000E+00, 0.000E+00, 0.000E+00, 7.771E+01, 2.831E+01, 1.429E-02, 0.000E+00, 7.000E+01, 6.903E-03, 1.765E-01
25/02/2019,06:00,9,2.594,3.094,2.200,.689,.222, 1.023E+03, 9.062E+01, 0.000E+00, 5.036E-02, 0.000E+00, 0.000E+00, 0.000E+00, 0.000E+00,-4.782E+01, 2.120E+01, 4.563E+00, 6.461E-01, 2.598E-01,-9.990E+02, 1.000E+00,-9.990E+02, 0.000E+00, 0.000E+00, 0.000E+00, 1.000E+00, 0.000E+00, 0.000E+00, 0.000E+00, 0.000E+00, 6.758E+01, 2.631E+01, 1.429E-02, 0.000E+00, 7.000E+01, 7.187E-03, 1.880E-01
25/02/2019,07:00,9,2.594,3.094,2.639,.679,.237, 1.023E+03, 8.374E+01, 0.000E+00, 5.010E-02, 8.910E-01, 1.379E+01, 9.340E+00, 5.253E+00,-4.782E+01, 2.120E+01, 4.582E+00, 6.466E-01, 2.609E-01, 8.406E-02, 1.000E+00, 2.048E-01, 3.190E-01, 1.000E-02, 1.000E+00, 1.000E+00, 2.048E-03, 1.268E-05, 1.975E-05, 0.000E+00, 6.729E+01, 2.619E+01, 1.429E-02, 4.510E-05, 6.978E+01, 7.214E-03, 2.015E-01
25/02/2019,08:00,9,2.594,3.094,3.079,.669,.252, 1.023E+03, 7.774E+01, 0.000E+00, 4.985E-02, 3.998E+00, 3.498E+01, 2.281E+01, 1.339E+01,-4.782E+01, 2.120E+01, 4.603E+00, 6.472E-01, 2.622E-01, 1.634E-01, 1.000E+00, 4.538E-01, 6.086E-01, 1.000E-02, 1.000E+00, 1.000E+00, 4.538E-03, 2.814E-05, 3.774E-05, 0.000E+00, 6.696E+01, 2.607E+01, 1.429E-02, 1.001E-04, 6.951E+01, 7.245E-03, 2.126E-01
25/02/2019,09:00,9,2.594,3.094,3.519,.658,.269, 1.023E+03, 7.301E+01, 0.000E+00, 4.959E-02, 6.787E+01, 6.279E+01, 1.428E+02, 2.668E+01, 3.121E+01, 4.657E+01, 4.627E+00, 7.075E-01, 2.790E-01, 2.227E-01, 1.000E+00, 7.400E-01, 9.972E-01, 1.000E-02, 1.000E+00, 1.000E+00, 7.400E-03, 4.596E-05, 6.193E-05, 0.000E+00, 5.858E+01, 2.450E+01, 1.429E-02, 1.635E-04, 6.921E+01, 7.510E-03, 2.290E-01
25/02/2019,10:00,9,2.594,3.094,4.443,.638,.304, 1.022E+03, 6.993E+01, 0.000E+00, 4.858E-02, 8.766E+01, 7.193E+01, 1.585E+02, 3.081E+01, 3.121E+01, 4.657E+01, 4.602E+00, 7.088E-01, 2.774E-01, 2.586E-01, 1.000E+00, 7.908E-01, 9.985E-01, 1.000E-02, 1.000E+00, 1.000E+00, 7.908E-03, 4.928E-05, 6.222E-05, 0.000E+00, 5.891E+01, 2.464E+01, 1.429E-02, 1.753E-04, 6.915E+01, 7.492E-03, 2.429E-01
25/02/2019,11:00,9,2.594,3.094,5.367,.617,.343, 1.022E+03, 6.879E+01, 0.000E+00, 4.756E-02, 9.504E+01, 7.503E+01, 1.635E+02, 3.221E+01, 3.121E+01, 4.657E+01, 4.585E+00, 7.100E-01, 2.764E-01, 2.713E-01, 1.000E+00, 8.060E-01, 9.988E-01, 1.000E-02, 1.000E+00, 1.000E+00, 8.060E-03, 5.039E-05, 6.245E-05, 0.000E+00, 5.914E+01, 2.473E+01, 1.429E-02, 1.792E-04, 6.913E+01, 7.480E-03, 2.468E-01
25/02/2019,12:00,9,2.594,3.094,6.291,.596,.386, 1.022E+03, 6.971E+01, 0.000E+00, 4.654E-02, 1.204E+02, 6.580E+01, 2.035E+02, 2.985E+01,-1.418E+01, 3.426E+01, 4.578E+00, 4.534E-01, 2.622E-01, 2.611E-01, 1.000E+00, 7.834E-01, 9.998E-01, 1.000E-02, 1.000E+00, 1.000E+00, 7.834E-03, 4.915E-05, 6.272E-05, 0.000E+00, 6.657E+01, 2.606E+01, 1.429E-02, 1.748E-04, 6.915E+01, 7.266E-03, 2.544E-01
25/02/2019,13:00,9,2.594,3.094,5.763,.633,.338, 1.022E+03, 7.259E+01, 0.000E+00, 4.502E-02, 9.536E+01, 5.976E+01, 1.861E+02, 2.672E+01,-1.418E+01, 3.426E+01, 3.906E+00, 4.530E-01, 2.237E-01, 2.277E-01, 1.000E+00, 7.425E-01, 9.995E-01, 1.000E-02, 1.000E+00, 1.000E+00, 7.425E-03, 4.649E-05, 6.258E-05, 0.000E+00, 7.805E+01, 3.055E+01, 1.429E-02, 1.653E-04, 6.920E+01, 6.691E-03, 2.749E-01
25/02/2019,14:00,9,2.594,3.094,5.234,.669,.293, 1.021E+03, 7.716E+01, 0.000E+00, 4.349E-02, 5.708E+01, 4.779E+01, 1.492E+02, 2.073E+01,-1.418E+01, 3.426E+01, 3.358E+00, 4.527E-01, 1.923E-01, 1.708E-01, 1.000E+00, 6.461E-01, 9.978E-01, 1.000E-02, 1.000E+00, 1.000E+00, 6.461E-03, 4.038E-05, 6.236E-05, 0.000E+00, 9.080E+01, 3.554E+01, 1.429E-02, 1.436E-04, 6.930E+01, 6.148E-03, 3.031E-01
25/02/2019,15:00,9,2.594,3.094,4.706,.706,.251, 1.021E+03, 8.304E+01, 0.000E+00, 4.196E-02, 8.654E+00, 2.593E+01, 4.596E+01, 1.024E+01,-5.100E+01, 8.121E+00, 3.004E+00, 3.354E-01, 1.343E-01, 9.342E-02, 1.000E+00, 3.909E-01, 8.490E-01, 1.000E-02, 1.000E+00, 1.000E+00, 3.909E-03, 2.438E-05, 5.296E-05, 0.000E+00, 1.664E+02, 5.088E+01, 1.429E-02, 8.672E-05, 6.958E+01, 4.840E-03, 3.358E-01
25/02/2019,16:00,9,2.594,3.094,4.232,.716,.235, 1.020E+03, 8.983E+01, 0.000E+00, 4.146E-02, 2.179E-28, 5.533E-01, 0.000E+00, 0.000E+00,-5.100E+01, 8.121E+00, 3.084E+00, 3.352E-01, 1.378E-01,-9.990E+02, 1.000E+00,-9.990E+02, 0.000E+00, 0.000E+00, 0.000E+00, 1.000E+00, 0.000E+00, 0.000E+00, 0.000E+00, 0.000E+00, 1.623E+02, 4.959E+01, 1.429E-02, 0.000E+00, 7.000E+01, 4.912E-03, 3.246E-01
25/02/2019,17:00,9,2.594,3.094,3.758,.725,.220, 1.020E+03, 9.715E+01, 0.000E+00, 4.095E-02, 0.000E+00, 0.000E+00, 0.000E+00, 0.000E+00,-5.100E+01, 8.121E+00, 3.187E+00, 3.350E-01, 1.424E-01,-9.990E+02, 1.000E+00,-9.990E+02, 0.000E+00, 0.000E+00, 0.000E+00, 1.000E+00, 0.000E+00, 0.000E+00, 0.000E+00, 0.000E+00, 1.572E+02, 4.801E+01, 1.429E-02, 0.000E+00, 7.000E+01, 5.017E-03, 2.855E-01
25/02/2019,18:00,9,2.594,3.094,3.283,.735,.205, 1.019E+03, 1.046E+02, 0.000E+00, 4.044E-02, 0.000E+00, 0.000E+00, 0.000E+00, 0.000E+00,-7.390E+01, 1.351E+01, 3.311E+00, 5.657E-01, 1.789E-01,-9.990E+02, 1.000E+00,-9.990E+02, 0.000E+00, 0.000E+00, 0.000E+00, 1.000E+00, 0.000E+00, 0.000E+00, 0.000E+00, 0.000E+00, 1.035E+02, 3.821E+01, 1.429E-02, 0.000E+00, 7.000E+01, 5.851E-03, 2.492E-01
25/02/2019,19:00,9,2.594,3.094,3.242,.723,.213, 1.019E+03, 1.118E+02, 0.000E+00, 4.018E-02, 0.000E+00, 0.000E+00, 0.000E+00, 0.000E+00,-7.390E+01, 1.351E+01, 3.662E+00, 5.657E-01, 1.979E-01,-9.990E+02, 1.000E+00,-9.990E+02, 0.000E+00, 0.000E+00, 0.000E+00, 1.000E+00, 0.000E+00, 0.000E+00, 0.000E+00, 0.000E+00, 9.354E+01, 3.455E+01, 1.429E-02, 0.000E+00, 7.000E+01, 6.202E-03, 2.235E-01
25/02/2019,20:00,9,2.594,3.094,3.200,.712,.221, 1.019E+03, 1.183E+02, 0.000E+00, 3.993E-02, 0.000E+00, 0.000E+00, 0.000E+00, 0.000E+00,-7.390E+01, 1.351E+01, 4.280E+00, 5.657E-01, 2.312E-01,-9.990E+02, 1.000E+00,-9.990E+02, 0.000E+00, 0.000E+00, 0.000E+00, 1.000E+00, 0.000E+00, 0.000E+00, 0.000E+00, 0.000E+00, 8.004E+01, 2.956E+01, 1.429E-02, 0.000E+00, 7.000E+01, 6.753E-03, 2.463E-01
25/02/2019,21:00,9,2.594,3.094,3.159,.701,.229, 1.019E+03, 1.236E+02, 0.000E+00, 3.968E-02, 0.000E+00, 0.000E+00, 0.000E+00, 0.000E+00,-1.022E+02, 1.136E+01, 5.067E+00, 6.875E-01, 2.795E-01,-9.990E+02, 1.000E+00,-9.990E+02, 0.000E+00, 0.000E+00, 0.000E+00, 1.000E+00, 0.000E+00, 0.000E+00, 0.000E+00, 0.000E+00, 6.484E+01, 2.445E+01, 1.429E-02, 0.000E+00, 7.000E+01, 7.438E-03, 2.615E-01
25/02/2019,22:00,9,2.594,3.094,3.504,.694,.241, 1.019E+03, 1.272E+02, 0.000E+00, 3.917E-02, 0.000E+00, 0.000E+00, 0.000E+00, 0.000E+00,-1.022E+02, 1.136E+01, 5.114E+00, 6.879E-01, 2.822E-01,-9.990E+02, 1.000E+00,-9.990E+02, 0.000E+00, 0.000E+00, 0.000E+00, 1.000E+00, 0.000E+00, 0.000E+00, 0.000E+00, 0.000E+00, 6.422E+01, 2.422E+01, 1.429E-02, 0.000E+00, 7.000E+01, 7.472E-03, 2.282E-01
25/02/2019,23:00,9,2.594,3.094,3.849,.686,.253, 1.019E+03, 1.285E+02, 0.000E+00, 3.866E-02, 0.000E+00, 0.000E+00, 0.000E+00, 0.000E+00,-1.022E+02, 1.136E+01, 5.163E+00, 6.883E-01, 2.849E-01,-9.990E+02, 1.000E+00,-9.990E+02, 0.000E+00, 0.000E+00, 0.000E+00, 1.000E+00, 0.000E+00, 0.000E+00, 0.000E+00, 0.000E+00, 6.360E+01, 2.399E+01, 1.429E-02, 0.000E+00, 7.000E+01, 7.506E-03, 1.871E-01
26/02/2019,00:00,9,2.604,3.104,4.194,.679,.265, 1.019E+03, 1.274E+02, 4.810E-05, 3.815E-02, 0.000E+00, 0.000E+00, 0.000E+00, 0.000E+00,-8.864E+01, 7.198E+00, 5.212E+00, 4.909E-01, 2.619E-01,-9.990E+02, 1.000E+00,-9.990E+02, 0.000E+00, 0.000E+00, 0.000E+00, 1.000E+00, 0.000E+00, 0.000E+00, 0.000E+00, 0.000E+00, 7.601E+01, 2.610E+01, 1.429E-02, 0.000E+00, 7.000E+01, 7.172E-03, 1.580E-01
26/02/2019,01:00,9,2.604,3.104,3.316,.709,.225, 1.019E+03, 1.240E+02, 4.810E-05, 4.222E-02, 0.000E+00, 0.000E+00, 0.000E+00, 0.000E+00,-8.864E+01, 7.198E+00, 4.929E+00, 4.901E-01, 2.474E-01,-9.990E+02, 1.000E+00,-9.990E+02, 0.000E+00, 0.000E+00, 0.000E+00, 1.000E+00, 0.000E+00, 0.000E+00, 0.000E+00, 0.000E+00, 8.050E+01, 2.762E+01, 1.429E-02, 0.000E+00, 7.000E+01, 6.970E-03, 1.451E-01
26/02/2019,02:00,9,2.604,3.104,2.438,.740,.189, 1.019E+03, 1.188E+02, 4.810E-05, 4.629E-02, 0.000E+00, 0.000E+00, 0.000E+00, 0.000E+00,-8.864E+01, 7.198E+00, 4.663E+00, 4.893E-01, 2.339E-01,-9.990E+02, 1.000E+00,-9.990E+02, 0.000E+00, 0.000E+00, 0.000E+00, 1.000E+00, 0.000E+00, 0.000E+00, 0.000E+00, 0.000E+00, 8.521E+01, 2.922E+01, 1.429E-02, 0.000E+00, 7.000E+01, 6.769E-03, 1.367E-01
26/02/2019,03:00,9,2.604,3.104,1.560,.771,.157, 1.020E+03, 1.123E+02, 4.810E-05, 5.036E-02, 0.000E+00, 0.000E+00, 0.000E+00, 0.000E+00,-8.870E+01, 1.018E+01, 4.419E+00, 5.573E-01, 2.334E-01,-9.990E+02, 1.000E+00,-9.990E+02, 0.000E+00, 0.000E+00, 0.000E+00, 1.000E+00, 0.000E+00, 0.000E+00, 0.000E+00, 0.000E+00, 8.113E+01, 2.929E+01, 1.429E-02, 0.000E+00, 7.000E+01, 6.779E-03, 1.316E-01
26/02/2019,04:00,9,2.604,3.104,1.525,.762,.162, 1.020E+03, 1.051E+02, 4.810E-05, 5.036E-02, 0.000E+00, 0.000E+00, 0.000E+00, 0.000E+00,-8.870E+01, 1.018E+01, 4.407E+00, 5.571E-01, 2.328E-01,-9.990E+02, 1.000E+00,-9.990E+02, 0.000E+00, 0.000E+00, 0.000E+00, 1.000E+00, 0.000E+00, 0.000E+00, 0.000E+00, 0.000E+00, 8.135E+01, 2.937E+01, 1.429E-02, 0.000E+00, 7.000E+01, 6.769E-03, 1.301E-01
26/02/2019,05:00,9,2.604,3.104,1.490,.754,.168, 1.021E+03, 9.764E+01, 4.810E-05, 5.036E-02, 0.000E+00, 0.000E+00, 0.000E+00, 0.000E+00,-8.870E+01, 1.018E+01, 4.433E+00, 5.570E-01, 2.341E-01,-9.990E+02, 1.000E+00,-9.990E+02, 0.000E+00, 0.000E+00, 0.000E+00, 1.000E+00, 0.000E+00, 0.000E+00, 0.000E+00, 0.000E+00, 8.089E+01, 2.920E+01, 1.429E-02, 0.000E+00, 7.000E+01, 6.790E-03, 1.448E-01
26/02/2019,06:00,9,2.604,3.104,1.456,.745,.173, 1.021E+03, 9.027E+01, 4.810E-05, 5.036E-02, 0.000E+00, 0.000E+00, 0.000E+00, 0.000E+00,-3.036E+01, 2.240E+01, 4.494E+00, 5.402E-01, 2.550E-01,-9.990E+02, 1.000E+00,-9.990E+02, 0.000E+00, 0.000E+00, 0.000E+00, 1.000E+00, 0.000E+00, 0.000E+00, 0.000E+00, 0.000E+00, 6.912E+01, 2.681E+01, 1.429E-02, 0.000E+00, 7.000E+01, 7.119E-03, 1.742E-01
26/02/2019,07:00,9,2.604,3.104,2.449,.728,.198, 1.022E+03, 8.339E+01, 4.810E-05, 5.010E-02, 1.368E+01, 2.701E+01, 7.025E+01, 1.088E+01,-3.036E+01, 2.240E+01, 4.224E+00, 5.410E-01, 2.398E-01, 8.845E-02, 1.000E+00, 4.125E-01, 9.444E-01, 1.000E-02, 1.000E+00, 1.000E+00, 4.125E-03, 2.552E-05, 5.843E-05, 0.000E+00, 7.349E+01, 2.851E+01, 1.429E-02, 9.113E-05, 6.956E+01, 6.920E-03, 1.997E-01
26/02/2019,08:00,9,2.604,3.104,3.441,.711,.226, 1.022E+03, 7.737E+01, 4.810E-05, 4.985E-02, 5.584E+01, 4.758E+01, 1.483E+02, 2.055E+01,-3.036E+01, 2.240E+01, 3.959E+00, 5.418E-01, 2.247E-01, 1.674E-01, 1.000E+00, 6.420E-01, 9.978E-01, 1.000E-02, 1.000E+00, 1.000E+00, 6.420E-03, 3.986E-05, 6.195E-05, 0.000E+00, 7.838E+01, 3.041E+01, 1.429E-02, 1.424E-04, 6.931E+01, 6.700E-03, 2.116E-01
26/02/2019,09:00,9,2.604,3.104,4.434,.693,.257, 1.023E+03, 7.263E+01, 4.810E-05, 4.959E-02, 9.579E+01, 6.020E+01, 1.873E+02, 2.684E+01, 4.663E+01, 4.861E+01, 3.699E+00, 6.129E-01, 2.266E-01, 2.263E-01, 1.000E+00, 7.433E-01, 9.995E-01, 1.000E-02, 1.000E+00, 1.000E+00, 7.433E-03, 4.632E-05, 6.229E-05, 0.000E+00, 7.000E+01, 3.017E+01, 1.429E-02, 1.654E-04, 6.920E+01, 6.772E-03, 2.224E-01
26/02/2019,10:00,9,2.604,3.104,5.269,.669,.294, 1.023E+03, 6.955E+01, 4.810E-05, 4.807E-02, 1.228E+02, 6.669E+01, 2.060E+02, 3.019E+01, 4.663E+01, 4.861E+01, 3.590E+00, 6.137E-01, 2.198E-01, 2.619E-01, 1.000E+00, 7.867E-01, 9.998E-01, 1.000E-02, 1.000E+00, 1.000E+00, 7.867E-03, 4.917E-05, 6.249E-05, 0.000E+00, 7.216E+01, 3.109E+01, 1.429E-02, 1.756E-04, 6.915E+01, 6.666E-03, 2.156E-01
26/02/2019,11:00,9,2.604,3.104,6.104,.645,.335, 1.023E+03, 6.841E+01, 4.810E-05, 4.654E-02, 1.328E+02, 6.875E+01, 2.118E+02, 3.128E+01, 4.663E+01, 4.861E+01, 3.523E+00, 6.146E-01, 2.157E-01, 2.744E-01, 1.000E+00, 7.995E-01, 9.998E-01, 1.000E-02, 1.000E+00, 1.000E+00, 7.995E-03, 5.012E-05, 6.268E-05, 0.000E+00, 7.354E+01, 3.168E+01, 1.429E-02, 1.790E-04, 6.913E+01, 6.599E-03, 2.112E-01
26/02/2019,12:00,9,2.604,3.104,6.940,.621,.379, 1.024E+03, 6.934E+01, 4.810E-05, 4.502E-02, 2.322E+01, 7.893E+01, 6.357E+01, 3.067E+01, 4.711E+00, 2.969E+01, 3.502E+00, 3.331E-01, 2.124E-01, 2.642E-01, 1.000E+00, 7.722E-01, 9.268E-01, 1.000E-02, 1.000E+00, 1.000E+00, 7.722E-03, 4.856E-05, 5.828E-05, 0.000E+00, 7.610E+01, 3.218E+01, 1.429E-02, 1.734E-04, 6.916E+01, 6.533E-03, 2.176E-01
26/02/2019,13:00,9,2.604,3.104,6.155,.673,.309, 1.024E+03, 7.224E+01, 4.810E-05, 4.298E-02, 1.848E+01, 6.692E+01, 5.628E+01, 2.599E+01, 4.711E+00, 2.969E+01, 2.807E+00, 3.326E-01, 1.703E-01, 2.310E-01, 1.000E+00, 7.131E-01, 9.012E-01, 1.000E-02, 1.000E+00, 1.000E+00, 7.131E-03, 4.471E-05, 5.651E-05, 0.000E+00, 9.491E+01, 4.015E+01, 1.429E-02, 1.597E-04, 6.923E+01, 5.751E-03, 2.240E-01
26/02/2019,14:00,9,2.604,3.104,5.371,.725,.246, 1.023E+03, 7.683E+01, 4.810E-05, 4.095E-02, 1.122E+01, 4.709E+01, 4.287E+01, 1.825E+01, 4.711E+00, 2.969E+01, 2.264E+00, 3.322E-01, 1.373E-01, 1.744E-01, 1.000E+00, 5.803E-01, 8.285E-01, 1.000E-02, 1.000E+00, 1.000E+00, 5.803E-03, 3.629E-05, 5.180E-05, 0.000E+00, 1.176E+02, 4.977E+01, 1.429E-02, 1.296E-04, 6.937E+01, 5.022E-03, 2.337E-01
26/02/2019,15:00,9,2.604,3.104,4.587,.778,.188, 1.023E+03, 8.272E+01, 4.810E-05, 3.891E-02, 5.232E+00, 2.449E+01, 3.014E+01, 9.490E+00,-2.915E+01,-1.196E+00, 2.001E+00, 1.841E-01, 1.000E-01, 9.729E-02, 1.000E+00, 3.608E-01, 7.105E-01, 1.000E-02, 1.000E+00, 1.000E+00, 3.608E-03, 2.250E-05, 4.430E-05, 0.000E+00, 3.587E+02, 6.835E+01, 1.429E-02, 8.034E-05, 6.961E+01, 3.756E-03, 2.468E-01
26/02/2019,16:00,9,2.604,3.104,3.916,.794,.166, 1.023E+03, 8.952E+01, 4.810E-05, 3.891E-02, 2.591E-10, 1.264E+00, 0.000E+00, 0.000E+00,-2.915E+01,-1.196E+00, 2.327E+00, 1.840E-01, 1.000E-01,-9.990E+02, 1.000E+00,-9.990E+02, 0.000E+00, 0.000E+00, 0.000E+00, 1.000E+00, 0.000E+00, 0.000E+00, 0.000E+00, 0.000E+00, 3.593E+02, 6.835E+01, 1.429E-02, 0.000E+00, 7.000E+01, 3.750E-03, 2.332E-01
26/02/2019,17:00,9,2.604,3.104,3.246,.811,.146, 1.022E+03, 9.684E+01, 4.810E-05, 3.891E-02, 0.000E+00, 0.000E+00, 0.000E+00, 0.000E+00,-2.915E+01,-1.196E+00, 2.756E+00, 1.838E-01, 1.000E-01,-9.990E+02, 1.000E+00,-9.990E+02, 0.000E+00, 0.000E+00, 0.000E+00, 1.000E+00, 0.000E+00, 0.000E+00, 0.000E+00, 0.000E+00, 3.600E+02, 6.835E+01, 1.429E-02, 0.000E+00, 7.000E+01, 3.749E-03, 1.991E-01
26/02/2019,18:00,9,2.604,3.104,2.575,.828,.126, 1.022E+03, 1.043E+02, 4.810E-05, 3.891E-02, 0.000E+00, 0.000E+00, 0.000E+00, 0.000E+00,-4.276E+01, 2.150E+00, 3.248E+00, 2.697E-01, 1.262E-01,-9.990E+02, 1.000E+00,-9.990E+02, 0.000E+00, 0.000E+00, 0.000E+00, 1.000E+00, 0.000E+00, 0.000E+00, 0.000E+00, 0.000E+00, 2.039E+02, 5.416E+01, 1.429E-02, 0.000E+00, 7.000E+01, 4.580E-03, 2.402E-01
26/02/2019,19:00,9,2.604,3.104,2.771,.808,.143, 1.021E+03, 1.115E+02, 4.810E-05, 3.866E-02, 0.000E+00, 0.000E+00, 0.000E+00, 0.000E+00,-4.276E+01, 2.150E+00, 3.204E+00, 2.699E-01, 1.246E-01,-9.990E+02, 1.000E+00,-9.990E+02, 0.000E+00, 0.000E+00, 0.000E+00, 1.000E+00, 0.000E+00, 0.000E+00, 0.000E+00, 0.000E+00, 2.065E+02, 5.487E+01, 1.429E-02, 0.000E+00, 7.000E+01, 4.539E-03, 3.185E-01
26/02/2019,20:00,9,2.604,3.104,2.967,.787,.161, 1.021E+03, 1.180E+02, 4.810E-05, 3.840E-02, 0.000E+00, 0.000E+00, 0.000E+00, 0.000E+00,-4.276E+01, 2.150E+00, 3.224E+00, 2.701E-01, 1.254E-01,-9.990E+02, 1.000E+00,-9.990E+02, 0.000E+00, 0.000E+00, 0.000E+00, 1.000E+00, 0.000E+00, 0.000E+00, 0.000E+00, 0.000E+00, 2.050E+02, 5.451E+01, 1.429E-02, 0.000E+00, 7.000E+01, 4.560E-03, 3.751E-01
26/02/2019,21:00,9,2.604,3.104,3.163,.767,.179, 1.020E+03, 1.233E+02, 4.810E-05, 3.815E-02, 0.000E+00, 0.000E+00, 0.000E+00, 0.000E+00,-5.152E+01, 7.471E+00, 3.305E+00, 3.704E-01, 1.575E-01,-9.990E+02, 1.000E+00,-9.990E+02, 0.000E+00, 0.000E+00, 0.000E+00, 1.000E+00, 0.000E+00, 0.000E+00, 0.000E+00, 0.000E+00, 1.332E+02, 4.340E+01, 1.429E-02, 0.000E+00, 7.000E+01, 5.374E-03, 4.638E-01
26/02/2019,22:00,9,2.604,3.104,2.715,.779,.164, 1.019E+03, 1.268E+02, 4.810E-05, 3.789E-02, 0.000E+00, 0.000E+00, 0.000E+00, 0.000E+00,-5.152E+01, 7.471E+00, 3.305E+00, 3.702E-01, 1.574E-01,-9.990E+02, 1.000E+00,-9.990E+02, 0.000E+00, 0.000E+00, 0.000E+00, 1.000E+00, 0.000E+00, 0.000E+00, 0.000E+00, 0.000E+00, 1.333E+02, 4.342E+01, 1.429E-02, 0.000E+00, 7.000E+01, 5.373E-03, 4.899E-01
26/02/2019,23:00,9,2.604,3.104,2.267,.791,.150, 1.018E+03, 1.281E+02, 4.810E-05, 3.764E-02, 0.000E+00, 0.000E+00, 0.000E+00, 0.000E+00,-5.152E+01, 7.471E+00, 3.319E+00, 3.701E-01, 1.580E-01,-9.990E+02, 1.000E+00,-9.990E+02, 0.000E+00, 0.000E+00, 0.000E+00, 1.000E+00, 0.000E+00, 0.000E+00, 0.000E+00, 0.000E+00, 1.329E+02, 4.325E+01, 1.429E-02, 0.000E+00, 7.000E+01, 5.385E-03, 5.165E-01
27/02/2019,00:00,9,2.615,3.115,1.819,.803,.137, 1.017E+03, 1.270E+02, 0.000E+00, 3.739E-02, 0.000E+00, 0.000E+00, 0.000E+00, 0.000E+00,-5.406E+01, 5.467E+00, 3.346E+00, 3.733E-01, 1.586E-01,-9.990E+02, 1.000E+00,-9.990E+02, 0.000E+00, 0.000E+00, 0.000E+00, 1.000E+00, 0.000E+00, 0.000E+00, 0.000E+00, 0.000E+00, 1.330E+02, 4.310E+01, 1.429E-02, 0.000E+00, 7.000E+01, 5.396E-03, 5.166E-01
27/02/2019,01:00,9,2.615,3.115,1.598,.824,.121, 1.016E+03, 1.236E+02, 0.000E+00, 4.451E-02, 0.000E+00, 0.000E+00, 0.000E+00, 0.000E+00,-5.406E+01, 5.467E+00, 3.367E+00, 3.734E-01, 1.596E-01,-9.990E+02, 1.000E+00,-9.990E+02, 0.000E+00, 0.000E+00, 0.000E+00, 1.000E+00, 0.000E+00, 0.000E+00, 0.000E+00, 0.000E+00, 1.322E+02, 4.284E+01, 1.429E-02, 0.000E+00, 7.000E+01, 5.416E-03, 4.247E-01
27/02/2019,02:00,9,2.615,3.115,1.376,.845,.105, 1.015E+03, 1.184E+02, 0.000E+00, 5.163E-02, 0.000E+00, 0.000E+00, 0.000E+00, 0.000E+00,-5.406E+01, 5.467E+00, 3.448E+00, 3.735E-01, 1.634E-01,-9.990E+02, 1.000E+00,-9.990E+02, 0.000E+00, 0.000E+00, 0.000E+00, 1.000E+00, 0.000E+00, 0.000E+00, 0.000E+00, 0.000E+00, 1.291E+02, 4.183E+01, 1.429E-02, 0.000E+00, 7.000E+01, 5.496E-03, 3.329E-01
27/02/2019,03:00,9,2.615,3.115,1.154,.865,.089, 1.013E+03, 1.120E+02, 0.000E+00, 5.875E-02, 0.000E+00, 0.000E+00, 0.000E+00, 0.000E+00,-5.349E+01, 1.932E+00, 3.586E+00, 3.446E-01, 1.614E-01,-9.990E+02, 1.000E+00,-9.990E+02, 0.000E+00, 0.000E+00, 0.000E+00, 1.000E+00, 0.000E+00, 0.000E+00, 0.000E+00, 0.000E+00, 1.377E+02, 4.235E+01, 1.429E-02, 0.000E+00, 7.000E+01, 5.435E-03, 2.845E-01
27/02/2019,04:00,9,2.615,3.115,.879,.876,.081, 1.012E+03, 1.048E+02, 0.000E+00, 5.875E-02, 0.000E+00, 0.000E+00, 0.000E+00, 0.000E+00,-5.349E+01, 1.932E+00, 3.372E+00, 3.446E-01, 1.517E-01,-9.990E+02, 1.000E+00,-9.990E+02, 0.000E+00, 0.000E+00, 0.000E+00, 1.000E+00, 0.000E+00, 0.000E+00, 0.000E+00, 0.000E+00, 1.465E+02, 4.506E+01, 1.274E-02, 0.000E+00, 7.848E+01, 5.006E-03, 2.687E-01
27/02/2019,05:00,9,2.615,3.115,.603,.886,.073, 1.012E+03, 9.730E+01, 0.000E+00, 5.875E-02, 0.000E+00, 0.000E+00, 0.000E+00, 0.000E+00,-5.349E+01, 1.932E+00, 3.223E+00, 3.445E-01, 1.450E-01,-9.990E+02, 1.000E+00,-9.990E+02, 0.000E+00, 0.000E+00, 0.000E+00, 1.000E+00, 0.000E+00, 0.000E+00, 0.000E+00, 0.000E+00, 1.533E+02, 4.715E+01, 1.023E-02, 0.000E+00, 9.776E+01, 4.451E-03, 2.464E-01
27/02/2019,06:00,9,2.615,3.115,.328,.897,.065, 1.011E+03, 8.992E+01, 0.000E+00, 5.875E-02, 2.215E-59, 2.150E-01, 0.000E+00, 0.000E+00,-1.093E+01, 1.082E+01, 3.149E+00, 3.693E-01, 1.776E-01,-9.990E+02, 1.000E+00,-9.990E+02, 0.000E+00, 0.000E+00, 0.000E+00, 1.000E+00, 0.000E+00, 0.000E+00, 0.000E+00, 0.000E+00, 9.984E+01, 3.849E+01, 8.545E-03, 0.000E+00, 1.170E+02, 4.582E-03, 2.461E-01
27/02/2019,07:00,9,2.615,3.115,1.601,.852,.102, 1.010E+03, 8.303E+01, 0.000E+00, 5.850E-02, 5.113E+00, 2.361E+01, 3.019E+01, 9.129E+00,-1.093E+01, 1.082E+01, 3.008E+00, 3.703E-01, 1.697E-01, 9.283E-02, 1.000E+00, 3.500E-01, 7.111E-01, 1.000E-02, 1.000E+00, 1.000E+00, 3.500E-03, 2.159E-05, 4.386E-05, 0.000E+00, 1.045E+02, 4.028E+01, 1.429E-02, 7.741E-05, 6.962E+01, 5.696E-03, 2.758E-01
27/02/2019,08:00,9,2.615,3.115,2.873,.807,.145, 1.010E+03, 7.701E+01, 0.000E+00, 5.824E-02, 1.908E+01, 5.100E+01, 6.246E+01, 2.004E+01,-1.093E+01, 1.082E+01, 2.878E+00, 3.713E-01, 1.624E-01, 1.715E-01, 1.000E+00, 6.235E-01, 9.234E-01, 1.000E-02, 1.000E+00, 1.000E+00, 6.235E-03, 3.863E-05, 5.722E-05, 0.000E+00, 1.091E+02, 4.208E+01, 1.429E-02, 1.385E-04, 6.933E+01, 5.555E-03, 3.177E-01
27/02/2019,09:00,9,2.615,3.115,4.146,.762,.195, 1.009E+03, 7.226E+01, 0.000E+00, 5.799E-02, 1.514E+01, 6.452E+01, 4.972E+01, 2.487E+01, 2.376E+01, 3.981E+01, 2.761E+00, 4.764E-01, 1.695E-01, 2.299E-01, 1.000E+00, 6.934E-01, 8.706E-01, 1.000E-02, 1.000E+00, 1.000E+00, 6.934E-03, 4.316E-05, 5.420E-05, 0.000E+00, 9.314E+01, 4.032E+01, 1.429E-02, 1.548E-04, 6.925E+01, 5.745E-03, 3.579E-01
27/02/2019,10:00,9,2.615,3.115,5.324,.718,.251, 1.008E+03, 6.917E+01, 0.000E+00, 5.621E-02, 1.928E+01, 7.703E+01, 5.681E+01, 2.970E+01, 2.376E+01, 3.981E+01, 2.948E+00, 4.777E-01, 1.810E-01, 2.651E-01, 1.000E+00, 7.578E-01, 9.033E-01, 1.000E-02, 1.000E+00, 1.000E+00, 7.578E-03, 4.737E-05, 5.647E-05, 0.000E+00, 8.727E+01, 3.777E+01, 1.429E-02, 1.699E-04, 6.918E+01, 5.975E-03, 3.896E-01
27/02/2019,11:00,9,2.615,3.115,6.502,.675,.315, 1.007E+03, 6.803E+01, 0.000E+00, 5.443E-02, 2.081E+01, 8.148E+01, 5.925E+01, 3.142E+01, 2.376E+01, 3.981E+01, 3.162E+00, 4.790E-01, 1.941E-01, 2.774E-01, 1.000E+00, 7.773E-01, 9.126E-01, 1.000E-02, 1.000E+00, 1.000E+00, 7.773E-03, 4.880E-05, 5.729E-05, 0.000E+00, 8.141E+01, 3.522E+01, 1.429E-02, 1.750E-04, 6.915E+01, 6.222E-03, 4.533E-01
27/02/2019,12:00,9,2.615,3.115,7.681,.631,.388, 1.006E+03, 6.897E+01, 0.000E+00, 5.265E-02, 2.638E+01, 8.194E+01, 6.860E+01, 3.184E+01,-4.248E+01, 4.912E+01, 3.397E+00, 5.265E-01, 1.883E-01, 2.672E-01, 1.000E+00, 7.863E-01, 9.405E-01, 1.000E-02, 1.000E+00, 1.000E+00, 7.863E-03, 4.957E-05, 5.929E-05, 0.000E+00, 9.585E+01, 3.631E+01, 1.429E-02, 1.777E-04, 6.914E+01, 6.068E-03, 4.983E-01
27/02/2019,13:00,9,2.615,3.115,7.556,.603,.414, 1.005E+03, 7.189E+01, 0.000E+00, 4.909E-02, 2.113E+01, 6.983E+01, 6.111E+01, 2.712E+01,-4.248E+01, 4.912E+01, 3.631E+00, 5.266E-01, 2.012E-01, 2.342E-01, 1.000E+00, 7.300E-01, 9.190E-01, 1.000E-02, 1.000E+00, 1.000E+00, 7.300E-03, 4.600E-05, 5.791E-05, 0.000E+00, 8.969E+01, 3.397E+01, 1.429E-02, 1.650E-04, 6.920E+01, 6.301E-03, 5.057E-01
27/02/2019,14:00,9,2.615,3.115,7.431,.575,.439, 1.004E+03, 7.649E+01, 0.000E+00, 4.552E-02, 1.307E+01, 4.975E+01, 4.727E+01, 1.928E+01,-4.248E+01, 4.912E+01, 3.912E+00, 5.268E-01, 2.168E-01, 1.780E-01, 1.000E+00, 6.026E-01, 8.569E-01, 1.000E-02, 1.000E+00, 1.000E+00, 6.026E-03, 3.795E-05, 5.397E-05, 0.000E+00, 8.323E+01, 3.153E+01, 1.429E-02, 1.361E-04, 6.934E+01, 6.561E-03, 4.690E-01
27/02/2019,15:00,9,2.615,3.115,7.306,.547,.464, 1.003E+03, 8.240E+01, 0.000E+00, 4.196E-02, 4.430E+00, 2.430E+01, 2.610E+01, 9.349E+00,-7.732E+01, 2.120E+01, 4.232E+00, 4.982E-01, 2.177E-01, 1.011E-01, 1.000E+00, 3.535E-01, 6.582E-01, 1.000E-02, 1.000E+00, 1.000E+00, 3.535E-03, 2.226E-05, 4.144E-05, 0.000E+00, 8.928E+01, 3.139E+01, 1.429E-02, 7.981E-05, 6.961E+01, 6.539E-03, 4.254E-01
27/02/2019,16:00,9,2.615,3.115,6.483,.557,.429, 1.002E+03, 8.921E+01, 0.000E+00, 4.120E-02, 2.914E-06, 1.869E+00, 0.000E+00, 0.000E+00,-7.732E+01, 2.120E+01, 4.122E+00, 4.976E-01, 2.119E-01,-9.990E+02, 1.000E+00,-9.990E+02, 0.000E+00, 0.000E+00, 0.000E+00, 1.000E+00, 0.000E+00, 0.000E+00, 0.000E+00, 0.000E+00, 9.177E+01, 3.225E+01, 1.429E-02, 0.000E+00, 7.000E+01, 6.427E-03, 4.069E-01
27/02/2019,17:00,9,2.615,3.115,5.660,.567,.396, 1.001E+03, 9.654E+01, 0.000E+00, 4.044E-02, 0.000E+00, 0.000E+00, 0.000E+00, 0.000E+00,-7.732E+01, 2.120E+01, 4.027E+00, 4.971E-01, 2.070E-01,-9.990E+02, 1.000E+00,-9.990E+02, 0.000E+00, 0.000E+00, 0.000E+00, 1.000E+00, 0.000E+00, 0.000E+00, 0.000E+00, 0.000E+00, 9.403E+01, 3.303E+01, 1.429E-02, 0.000E+00, 7.000E+01, 6.343E-03, 4.027E-01
27/02/2019,18:00,9,2.615,3.115,4.837,.576,.366, 1.000E+03, 1.040E+02, 0.000E+00, 3.968E-02, 0.000E+00, 0.000E+00, 0.000E+00, 0.000E+00,-7.004E+01, 1.563E+01, 3.949E+00, 4.583E-01, 1.988E-01,-9.990E+02, 1.000E+00,-9.990E+02, 0.000E+00, 0.000E+00, 0.000E+00, 1.000E+00, 0.000E+00, 0.000E+00, 0.000E+00, 0.000E+00, 9.998E+01, 3.439E+01, 1.429E-02, 0.000E+00, 7.000E+01, 6.193E-03, 4.033E-01
27/02/2019,19:00,9,2.615,3.115,4.203,.611,.321, 9.996E+02, 1.112E+02, 0.000E+00, 3.942E-02, 0.000E+00, 0.000E+00, 0.000E+00, 0.000E+00,-7.004E+01, 1.563E+01, 3.947E+00, 4.580E-01, 1.985E-01,-9.990E+02, 1.000E+00,-9.990E+02, 0.000E+00, 0.000E+00, 0.000E+00, 1.000E+00, 0.000E+00, 0.000E+00, 0.000E+00, 0.000E+00, 1.001E+02, 3.443E+01, 1.429E-02, 0.000E+00, 7.000E+01, 6.190E-03, 4.042E-01
27/02/2019,20:00,9,2.615,3.115,3.568,.646,.280, 9.988E+02, 1.177E+02, 0.000E+00, 3.917E-02, 0.000E+00, 0.000E+00, 0.000E+00, 0.000E+00,-7.004E+01, 1.563E+01, 3.972E+00, 4.576E-01, 1.997E-01,-9.990E+02, 1.000E+00,-9.990E+02, 0.000E+00, 0.000E+00, 0.000E+00, 1.000E+00, 0.000E+00, 0.000E+00, 0.000E+00, 0.000E+00, 9.961E+01, 3.423E+01, 1.429E-02, 0.000E+00, 7.000E+01, 6.209E-03, 4.014E-01
27/02/2019,21:00,9,2.615,3.115,2.934,.681,.241, 9.980E+02, 1.229E+02, 0.000E+00, 3.891E-02, 0.000E+00, 0.000E+00, 0.000E+00, 0.000E+00,-6.992E+01, 1.203E+01, 4.022E+00, 5.265E-01, 2.135E-01,-9.990E+02, 1.000E+00,-9.990E+02, 0.000E+00, 0.000E+00, 0.000E+00, 1.000E+00, 0.000E+00, 0.000E+00, 0.000E+00, 0.000E+00, 8.824E+01, 3.202E+01, 1.429E-02, 0.000E+00, 7.000E+01, 6.464E-03, 3.889E-01
27/02/2019,22:00,9,2.615,3.115,2.880,.691,.232, 9.973E+02, 1.265E+02, 0.000E+00, 3.891E-02, 0.000E+00, 0.000E+00, 0.000E+00, 0.000E+00,-6.992E+01, 1.203E+01, 4.317E+00, 5.266E-01, 2.292E-01,-9.990E+02, 1.000E+00,-9.990E+02, 0.000E+00, 0.000E+00, 0.000E+00, 1.000E+00, 0.000E+00, 0.000E+00, 0.000E+00, 0.000E+00, 8.221E+01, 2.983E+01, 1.429E-02, 0.000E+00, 7.000E+01, 6.716E-03, 3.658E-01
27/02/2019,23:00,9,2.615,3.115,2.826,.702,.223, 9.965E+02, 1.277E+02, 0.000E+00, 3.891E-02, 0.000E+00, 0.000E+00, 0.000E+00, 0.000E+00,-6.992E+01, 1.203E+01, 4.614E+00, 5.268E-01, 2.449E-01,-9.990E+02, 1.000E+00,-9.990E+02, 0.000E+00, 0.000E+00, 0.000E+00, 1.000E+00, 0.000E+00, 0.000E+00, 0.000E+00, 0.000E+00, 7.693E+01, 2.791E+01, 1.429E-02, 0.000E+00, 7.000E+01, 6.952E-03, 3.073E-01
28/02/2019,00:00,9,2.626,3.126,2.773,.713,.214, 9.958E+02, 1.266E+02, 3.647E-05, 3.891E-02, 0.000E+00, 0.000E+00, 0.000E+00, 0.000E+00,-9.636E+01, 1.564E+01, 4.911E+00, 7.422E-01, 2.755E-01,-9.990E+02, 1.000E+00,-9.990E+02, 0.000E+00, 0.000E+00, 0.000E+00, 1.000E+00, 0.000E+00, 0.000E+00, 0.000E+00, 0.000E+00, 6.470E+01, 2.481E+01, 1.429E-02, 0.000E+00, 7.000E+01, 7.391E-03, 2.507E-01
28/02/2019,01:00,9,2.626,3.126,2.546,.717,.208, 9.950E+02, 1.232E+02, 3.647E-05, 4.476E-02, 0.000E+00, 0.000E+00, 0.000E+00, 0.000E+00,-9.636E+01, 1.564E+01, 5.198E+00, 7.422E-01, 2.916E-01,-9.990E+02, 1.000E+00,-9.990E+02, 0.000E+00, 0.000E+00, 0.000E+00, 1.000E+00, 0.000E+00, 0.000E+00, 0.000E+00, 0.000E+00, 6.113E+01, 2.344E+01, 1.429E-02, 0.000E+00, 7.000E+01, 7.594E-03, 2.105E-01
28/02/2019,02:00,9,2.626,3.126,2.319,.720,.202, 9.943E+02, 1.180E+02, 3.647E-05, 5.061E-02, 0.000E+00, 0.000E+00, 0.000E+00, 0.000E+00,-9.636E+01, 1.564E+01, 5.494E+00, 7.422E-01, 3.082E-01,-9.990E+02, 1.000E+00,-9.990E+02, 0.000E+00, 0.000E+00, 0.000E+00, 1.000E+00, 0.000E+00, 0.000E+00, 0.000E+00, 0.000E+00, 5.784E+01, 2.218E+01, 1.429E-02, 0.000E+00, 7.000E+01, 7.790E-03, 1.749E-01
28/02/2019,03:00,9,2.626,3.126,2.092,.724,.196, 9.935E+02, 1.116E+02, 3.647E-05, 5.646E-02, 0.000E+00, 0.000E+00, 0.000E+00, 0.000E+00,-1.085E+02, 1.790E+01, 5.797E+00, 8.257E-01, 3.285E-01,-9.990E+02, 1.000E+00,-9.990E+02, 0.000E+00, 0.000E+00, 0.000E+00, 1.000E+00, 0.000E+00, 0.000E+00, 0.000E+00, 0.000E+00, 5.371E+01, 2.081E+01, 1.429E-02, 0.000E+00, 7.000E+01, 8.019E-03, 1.372E-01
28/02/2019,04:00,9,2.626,3.126,2.191,.712,.206, 9.934E+02, 1.044E+02, 3.647E-05, 5.621E-02, 0.000E+00, 0.000E+00, 0.000E+00, 0.000E+00,-1.085E+02, 1.790E+01, 5.867E+00, 8.259E-01, 3.325E-01,-9.990E+02, 1.000E+00,-9.990E+02, 0.000E+00, 0.000E+00, 0.000E+00, 1.000E+00, 0.000E+00, 0.000E+00, 0.000E+00, 0.000E+00, 5.308E+01, 2.056E+01, 1.429E-02, 0.000E+00, 7.000E+01, 8.061E-03, 1.091E-01
28/02/2019,05:00,9,2.626,3.126,2.290,.700,.216, 9.933E+02, 9.694E+01, 3.647E-05, 5.595E-02, 0.000E+00, 0.000E+00, 0.000E+00, 0.000E+00,-1.085E+02, 1.790E+01, 5.971E+00, 8.261E-01, 3.384E-01,-9.990E+02, 1.000E+00,-9.990E+02, 0.000E+00, 0.000E+00, 0.000E+00, 1.000E+00, 0.000E+00, 0.000E+00, 0.000E+00, 0.000E+00, 5.215E+01, 2.020E+01, 1.429E-02, 0.000E+00, 7.000E+01, 8.122E-03, 1.041E-01
28/02/2019,06:00,9,2.626,3.126,2.388,.688,.226, 9.931E+02, 8.957E+01, 3.647E-05, 5.570E-02, 1.707E-10, 1.814E+00, 0.000E+00, 0.000E+00,-4.963E+01, 4.370E+01, 6.107E+00, 8.920E-01, 3.565E-01,-9.990E+02, 1.000E+00,-9.990E+02, 0.000E+00, 0.000E+00, 0.000E+00, 1.000E+00, 0.000E+00, 0.000E+00, 0.000E+00, 0.000E+00, 4.806E+01, 1.917E+01, 1.429E-02, 0.000E+00, 7.000E+01, 8.314E-03, 1.256E-01
28/02/2019,07:00,9,2.626,3.126,3.118,.656,.263, 9.936E+02, 8.267E+01, 3.647E-05, 5.519E-02, 1.847E+01, 2.969E+01, 8.444E+01, 1.206E+01,-4.963E+01, 4.370E+01, 5.926E+00, 8.929E-01, 3.459E-01, 9.721E-02, 1.000E+00, 4.473E-01, 9.690E-01, 1.000E-02, 1.000E+00, 1.000E+00, 4.473E-03, 2.774E-05, 6.010E-05, 0.000E+00, 4.952E+01, 1.976E+01, 1.429E-02, 9.989E-05, 6.951E+01, 8.242E-03, 1.487E-01
28/02/2019,08:00,9,2.626,3.126,3.847,.625,.302, 9.941E+02, 7.664E+01, 3.647E-05, 5.468E-02, 6.321E+01, 4.962E+01, 1.583E+02, 2.151E+01,-4.963E+01, 4.370E+01, 5.776E+00, 8.939E-01, 3.372E-01, 1.754E-01, 1.000E+00, 6.594E-01, 9.985E-01, 1.000E-02, 1.000E+00, 1.000E+00, 6.594E-03, 4.100E-05, 6.209E-05, 0.000E+00, 5.079E+01, 2.027E+01, 1.429E-02, 1.476E-04, 6.928E+01, 8.167E-03, 1.569E-01
28/02/2019,09:00,9,2.626,3.126,4.577,.593,.345, 9.946E+02, 7.188E+01, 6.231E-03, 5.417E-02, 1.755E+01, 6.770E+01, 5.432E+01, 2.609E+01, 9.143E+00, 6.847E+01, 5.660E+00, 1.053E+00, 3.367E-01, 2.334E-01, 1.000E+00, 7.129E-01, 8.929E-01, 1.000E-02, 1.000E+00, 1.000E+00, 7.129E-03, 4.445E-05, 5.567E-05, 0.000E+00, 4.986E+01, 2.030E+01, 1.429E-02, 1.600E-04, 6.922E+01, 8.172E-03, 1.584E-01
28/02/2019,10:00,9,2.626,3.126,4.141,.622,.311, 9.956E+02, 6.879E+01, 6.231E-03, 5.341E-02, 2.216E+01, 8.029E+01, 6.158E+01, 3.096E+01, 9.143E+00, 6.847E+01, 5.247E+00, 1.052E+00, 3.121E-01, 2.683E-01, 1.000E+00, 7.739E-01, 9.206E-01, 1.000E-02, 1.000E+00, 1.000E+00, 7.739E-03, 4.817E-05, 5.730E-05, 0.000E+00, 5.378E+01, 2.190E+01, 1.429E-02, 1.734E-04, 6.916E+01, 7.906E-03, 1.821E-01
28/02/2019,11:00,9,2.626,3.126,3.706,.651,.278, 9.965E+02, 6.766E+01, 6.231E-03, 5.265E-02, 2.384E+01, 8.473E+01, 6.403E+01, 3.267E+01, 9.143E+00, 6.847E+01, 5.159E+00, 1.051E+00, 3.069E-01, 2.804E-01, 1.000E+00, 7.921E-01, 9.282E-01, 1.000E-02, 1.000E+00, 1.000E+00, 7.921E-03, 4.923E-05, 5.769E-05, 0.000E+00, 5.469E+01, 2.227E+01, 1.429E-02, 1.773E-04, 6.914E+01, 7.847E-03, 2.555E-01
28/02/2019,12:00,9,2.626,3.126,3.270,.679,.248, 9.975E+02, 6.861E+01, 5.880E-03, 5.188E-02, 1.328E+02, 6.814E+01, 2.129E+02, 3.091E+01, 4.238E+01, 3.433E+01, 5.414E+00, 7.058E-01, 3.282E-01, 2.703E-01, 1.000E+00, 7.953E-01, 9.998E-01, 1.000E-02, 1.000E+00, 1.000E+00, 7.953E-03, 4.935E-05, 6.204E-05, 0.000E+00, 4.930E+01, 2.083E+01, 1.429E-02, 1.777E-04, 6.914E+01, 8.101E-03, 2.174E-01
28/02/2019,13:00,9,2.626,3.126,2.679,.710,.214, 9.984E+02, 7.153E+01, 5.880E-03, 5.010E-02, 1.068E+02, 6.245E+01, 1.966E+02, 2.794E+01, 4.238E+01, 3.433E+01, 4.957E+00, 7.047E-01, 3.005E-01, 2.374E-01, 1.000E+00, 7.582E-01, 9.997E-01, 1.000E-02, 1.000E+00, 1.000E+00, 7.582E-03, 4.695E-05, 6.190E-05, 0.000E+00, 5.384E+01, 2.275E+01, 1.429E-02, 1.690E-04, 6.918E+01, 7.782E-03, 2.155E-01
28/02/2019,14:00,9,2.626,3.126,2.087,.742,.183, 9.993E+02, 7.615E+01, 5.880E-03, 4.832E-02, 6.694E+01, 5.100E+01, 1.620E+02, 2.218E+01, 4.238E+01, 3.433E+01, 4.500E+00, 7.036E-01, 2.728E-01, 1.815E-01, 1.000E+00, 6.710E-01, 9.987E-01, 1.000E-02, 1.000E+00, 1.000E+00, 6.710E-03, 4.146E-05, 6.171E-05, 0.000E+00, 5.929E+01, 2.506E+01, 1.429E-02, 1.493E-04, 6.928E+01, 7.429E-03, 2.134E-01
28/02/2019,15:00,9,2.626,3.126,1.496,.773,.155, 1.000E+03, 8.208E+01, 4.455E-03, 4.654E-02, 2.184E+01, 3.170E+01, 9.225E+01, 1.298E+01,-3.613E+01, 3.254E+00, 4.043E+00, 3.547E-01, 2.000E-01, 1.049E-01, 1.000E+00, 4.728E-01, 9.775E-01, 1.000E-02, 1.000E+00, 1.000E+00, 4.728E-03, 2.915E-05, 6.027E-05, 0.000E+00, 1.010E+02, 3.417E+01, 1.429E-02, 1.050E-04, 6.949E+01, 6.230E-03, 2.093E-01
28/02/2019,16:00,9,2.626,3.126,.198,.821,.111, 1.001E+03, 8.891E+01, 4.455E-03, 4.654E-02, 7.981E-04, 4.562E+00, 1.729E+00, 1.708E+00,-3.613E+01, 3.254E+00, 3.607E+00, 3.538E-01, 1.782E-01, 1.455E-02, 1.000E+00, 6.784E-02, 6.863E-02, 1.000E-02, 1.000E+00, 1.000E+00, 6.784E-04, 4.163E-06, 4.211E-06, 0.000E+00, 1.136E+02, 3.836E+01, 7.928E-03, 1.499E-05, 1.259E+02, 4.384E-03, 1.908E-01
28/02/2019,17:00,9,2.626,3.126,-1.100,.868,.074, 1.002E+03, 9.624E+01, 4.455E-03, 4.654E-02, 0.000E+00, 0.000E+00, 0.000E+00, 0.000E+00,-3.613E+01, 3.254E+00, 3.170E+00, 3.528E-01, 1.564E-01,-9.990E+02, 1.000E+00,-9.990E+02, 0.000E+00, 0.000E+00, 0.000E+00, 1.000E+00, 0.000E+00, 0.000E+00, 0.000E+00, 0.000E+00, 1.295E+02, 4.369E+01, 1.429E-03, 0.000E+00, 7.000E+02, 1.225E-03, 1.456E-01
28/02/2019,18:00,9,2.626,3.126,-2.398,.916,.043, 1.002E+03, 1.037E+02, 1.882E-02, 4.654E-02, 0.000E+00, 0.000E+00, 0.000E+00, 0.000E+00,-1.431E+01, 1.061E+00, 2.734E+00, 2.730E-01, 1.383E-01,-9.990E+02, 1.000E+00,-9.990E+02, 0.000E+00, 0.000E+00, 0.000E+00, 1.000E+00, 0.000E+00, 0.000E+00, 0.000E+00, 0.000E+00, 1.429E+02, 4.943E+01, 1.429E-03, 0.000E+00, 7.000E+02, 1.203E-03, 1.443E-01
28/02/2019,19:00,9,2.626,3.126,-2.398,.893,.055, 1.003E+03, 1.109E+02, 1.882E-02, 4.680E-02, 0.000E+00, 0.000E+00, 0.000E+00, 0.000E+00,-1.431E+01, 1.061E+00, 2.634E+00, 2.729E-01, 1.332E-01,-9.990E+02, 1.000E+00,-9.990E+02, 0.000E+00, 0.000E+00, 0.000E+00, 1.000E+00, 0.000E+00, 0.000E+00, 0.000E+00, 0.000E+00, 1.484E+02, 5.130E+01, 1.429E-03, 0.000E+00, 7.000E+02, 1.196E-03, 1.580E-01
28/02/2019,20:00,9,2.626,3.126,-2.398,.870,.067, 1.003E+03, 1.173E+02, 1.882E-02, 4.705E-02, 0.000E+00, 0.000E+00, 0.000E+00, 0.000E+00,-1.431E+01, 1.061E+00, 2.537E+00, 2.728E-01, 1.283E-01,-9.990E+02, 1.000E+00,-9.990E+02, 0.000E+00, 0.000E+00, 0.000E+00, 1.000E+00, 0.000E+00, 0.000E+00, 0.000E+00, 0.000E+00, 1.540E+02, 5.326E+01, 1.429E-03, 0.000E+00, 7.000E+02, 1.188E-03, 1.477E-01
28/02/2019,21:00,9,2.626,3.126,-2.397,.847,.079, 1.004E+03, 1.226E+02, 2.087E-03, 4.731E-02, 0.000E+00, 0.000E+00, 0.000E+00, 0.000E+00,-1.579E+01, 9.734E-01, 2.443E+00, 2.364E-01, 1.121E-01,-9.990E+02, 1.000E+00,-9.990E+02, 0.000E+00, 0.000E+00, 0.000E+00, 1.000E+00, 0.000E+00, 0.000E+00, 0.000E+00, 0.000E+00, 1.946E+02, 6.099E+01, 1.429E-03, 0.000E+00, 7.000E+02, 1.158E-03, 1.512E-01
28/02/2019,22:00,9,2.626,3.126,-3.242,.851,.072, 1.004E+03, 1.261E+02, 2.087E-03, 4.731E-02, 0.000E+00, 0.000E+00, 0.000E+00, 0.000E+00,-1.579E+01, 9.734E-01, 2.327E+00, 2.360E-01, 1.066E-01,-9.990E+02, 1.000E+00,-9.990E+02, 0.000E+00, 0.000E+00, 0.000E+00, 1.000E+00, 0.000E+00, 0.000E+00, 0.000E+00, 0.000E+00, 2.047E+02, 6.412E+01, 1.429E-03, 0.000E+00, 7.000E+02, 1.147E-03, 1.533E-01
28/02/2019,23:00,9,2.626,3.126,-4.088,.854,.066, 1.005E+03, 1.274E+02, 2.087E-03, 4.731E-02, 0.000E+00, 0.000E+00, 0.000E+00, 0.000E+00,-1.579E+01, 9.734E-01, 2.265E+00, 2.356E-01, 1.037E-01,-9.990E+02, 1.000E+00,-9.990E+02, 0.000E+00, 0.000E+00, 0.000E+00, 1.000E+00, 0.000E+00, 0.000E+00, 0.000E+00, 0.000E+00, 2.108E+02, 6.594E+01, 1.429E-03, 0.000E+00, 7.000E+02, 1.140E-03, 1.704E-01
01/03/2019,00:00,9,2.636,3.136,-4.933,.858,.060, 1.005E+03, 1.262E+02, 3.908E-05, 4.731E-02, 0.000E+00, 0.000E+00, 0.000E+00, 0.000E+00,-8.837E+00, 1.239E+00, 2.263E+00, 1.891E-01, 1.017E-01,-9.990E+02, 1.000E+00,-9.990E+02, 0.000E+00, 0.000E+00, 0.000E+00, 1.000E+00, 0.000E+00, 0.000E+00, 0.000E+00, 0.000E+00, 2.190E+02, 6.724E+01, 1.429E-03, 0.000E+00, 7.000E+02, 1.135E-03, 1.763E-01
01/03/2019,01:00,9,2.636,3.136,-5.084,.838,.068, 1.005E+03, 1.228E+02, 3.908E-05, 4.959E-02, 0.000E+00, 0.000E+00, 0.000E+00, 0.000E+00,-8.837E+00, 1.239E+00, 2.199E+00, 1.891E-01, 1.000E-01,-9.990E+02, 1.000E+00,-9.990E+02, 0.000E+00, 0.000E+00, 0.000E+00, 1.000E+00, 0.000E+00, 0.000E+00, 0.000E+00, 0.000E+00, 2.226E+02, 6.835E+01, 1.429E-03, 0.000E+00, 7.000E+02, 1.131E-03, 2.153E-01
01/03/2019,02:00,9,2.636,3.136,-5.236,.817,.076, 1.006E+03, 1.177E+02, 3.908E-05, 5.188E-02, 0.000E+00, 0.000E+00, 0.000E+00, 0.000E+00,-8.837E+00, 1.239E+00, 2.140E+00, 1.890E-01, 1.000E-01,-9.990E+02, 1.000E+00,-9.990E+02, 0.000E+00, 0.000E+00, 0.000E+00, 1.000E+00, 0.000E+00, 0.000E+00, 0.000E+00, 0.000E+00, 2.227E+02, 6.835E+01, 1.429E-03, 0.000E+00, 7.000E+02, 1.131E-03, 2.577E-01
01/03/2019,03:00,9,2.636,3.136,-5.387,.797,.083, 1.006E+03, 1.112E+02, 5.328E-03, 5.417E-02, 0.000E+00, 0.000E+00, 0.000E+00, 0.000E+00,-4.963E+00, 2.259E+00, 2.086E+00, 2.216E-01, 1.114E-01,-9.990E+02, 1.000E+00,-9.990E+02, 0.000E+00, 0.000E+00, 0.000E+00, 1.000E+00, 0.000E+00, 0.000E+00, 0.000E+00, 0.000E+00, 1.682E+02, 6.137E+01, 1.429E-03, 0.000E+00, 7.000E+02, 1.160E-03, 2.984E-01
01/03/2019,04:00,9,2.636,3.136,-5.105,.794,.086, 1.006E+03, 1.041E+02, 5.328E-03, 5.417E-02, 0.000E+00, 0.000E+00, 0.000E+00, 0.000E+00,-4.963E+00, 2.259E+00, 2.001E+00, 2.216E-01, 1.068E-01,-9.990E+02, 1.000E+00,-9.990E+02, 0.000E+00, 0.000E+00, 0.000E+00, 1.000E+00, 0.000E+00, 0.000E+00, 0.000E+00, 0.000E+00, 1.753E+02, 6.397E+01, 1.429E-03, 0.000E+00, 7.000E+02, 1.151E-03, 3.180E-01
01/03/2019,05:00,9,2.636,3.136,-4.822,.792,.089, 1.007E+03, 9.659E+01, 5.328E-03, 5.417E-02, 0.000E+00, 0.000E+00, 0.000E+00, 0.000E+00,-4.963E+00, 2.259E+00, 1.942E+00, 2.217E-01, 1.037E-01,-9.990E+02, 1.000E+00,-9.990E+02, 0.000E+00, 0.000E+00, 0.000E+00, 1.000E+00, 0.000E+00, 0.000E+00, 0.000E+00, 0.000E+00, 1.806E+02, 6.592E+01, 1.429E-03, 0.000E+00, 7.000E+02, 1.144E-03, 3.368E-01
01/03/2019,06:00,9,2.636,3.136,-4.540,.789,.092, 1.007E+03, 8.921E+01, 4.164E-03, 5.417E-02, 1.298E-05, 3.255E+00, 0.000E+00, 0.000E+00, 2.915E+01, 6.698E+00, 1.911E+00, 2.581E-01, 1.295E-01,-9.990E+02, 1.000E+00,-9.990E+02, 0.000E+00, 0.000E+00, 0.000E+00, 1.000E+00, 0.000E+00, 0.000E+00, 0.000E+00, 0.000E+00, 1.022E+02, 5.279E+01, 1.429E-03, 0.000E+00, 7.000E+02, 1.202E-03, 3.825E-01
01/03/2019,07:00,9,2.636,3.136,-3.691,.751,.116, 1.008E+03, 8.230E+01, 4.164E-03, 5.417E-02, 2.002E+01, 3.056E+01, 8.717E+01, 1.243E+01, 2.915E+01, 6.698E+00, 1.695E+00, 2.585E-01, 1.148E-01, 1.016E-01, 1.000E+00, 4.584E-01, 9.723E-01, 1.000E-02, 1.000E+00, 1.000E+00, 4.584E-03, 2.773E-05, 5.881E-05, 0.000E+00, 1.153E+02, 5.954E+01, 1.429E-03, 1.003E-04, 6.541E+02, 1.245E-03, 3.627E-01
01/03/2019,08:00,9,2.636,3.136,-2.841,.712,.143, 1.008E+03, 7.627E+01, 4.164E-03, 5.417E-02, 6.459E+01, 4.996E+01, 1.576E+02, 2.163E+01, 2.915E+01, 6.698E+00, 1.482E+00, 2.588E-01, 1.004E-01, 1.794E-01, 1.000E+00, 6.626E-01, 9.985E-01, 1.000E-02, 1.000E+00, 1.000E+00, 6.626E-03, 4.021E-05, 6.059E-05, 0.000E+00, 1.320E+02, 6.810E+01, 1.429E-03, 1.454E-04, 6.354E+02, 1.241E-03, 3.293E-01
01/03/2019,09:00,9,2.636,3.136,-1.991,.673,.173, 1.008E+03, 7.150E+01, 3.908E-05, 5.417E-02, 8.322E+01, 6.485E+01, 1.589E+02, 2.775E+01, 1.069E+02, 2.509E+01, 1.275E+00, 4.497E-01, 1.000E-01, 2.369E-01, 1.000E+00, 7.560E-01, 9.985E-01, 1.000E-02, 1.000E+00, 1.000E+00, 7.560E-03, 4.602E-05, 6.078E-05, 0.000E+00, 1.382E+02, 6.835E+01, 1.429E-03, 1.664E-04, 6.270E+02, 1.250E-03, 3.578E-01
01/03/2019,10:00,9,2.636,3.136,-1.229,.623,.211, 1.008E+03, 6.840E+01, 3.908E-05, 5.392E-02, 1.046E+02, 7.268E+01, 1.734E+02, 3.137E+01, 1.069E+02, 2.509E+01, 1.789E+00, 4.503E-01, 1.182E-01, 2.715E-01, 1.000E+00, 7.992E-01, 9.992E-01, 1.000E-02, 1.000E+00, 1.000E+00, 7.992E-03, 4.879E-05, 6.099E-05, 0.000E+00, 1.170E+02, 5.783E+01, 1.429E-03, 1.764E-04, 6.231E+02, 1.300E-03, 3.280E-01
01/03/2019,11:00,9,2.636,3.136,-.466,.572,.253, 1.008E+03, 6.727E+01, 3.908E-05, 5.366E-02, 1.124E+02, 7.525E+01, 1.780E+02, 3.256E+01, 1.069E+02, 2.509E+01, 2.308E+00, 4.510E-01, 1.525E-01, 2.834E-01, 1.000E+00, 8.120E-01, 9.993E-01, 1.000E-02, 1.000E+00, 1.000E+00, 8.120E-03, 4.971E-05, 6.117E-05, 0.000E+00, 9.073E+01, 4.483E+01, 5.792E-03, 1.797E-04, 1.675E+02, 3.559E-03, 2.413E-01
01/03/2019,12:00,9,2.636,3.136,.296,.522,.299, 1.008E+03, 6.823E+01, 3.908E-05, 5.341E-02, 8.406E+01, 8.295E+01, 1.477E+02, 3.436E+01, 3.974E+01, 3.198E+01, 2.830E+00, 4.663E-01, 1.770E-01, 2.733E-01, 1.000E+00, 8.225E-01, 9.977E-01, 1.000E-02, 1.000E+00, 1.000E+00, 8.225E-03, 5.049E-05, 6.124E-05, 0.000E+00, 8.616E+01, 3.861E+01, 8.384E-03, 1.825E-04, 1.167E+02, 4.618E-03, 2.231E-01
01/03/2019,13:00,9,2.636,3.136,.471,.539,.292, 1.008E+03, 7.118E+01, 3.908E-05, 5.290E-02, 6.792E+01, 7.326E+01, 1.355E+02, 3.022E+01, 3.974E+01, 3.198E+01, 2.618E+00, 4.666E-01, 1.637E-01, 2.406E-01, 1.000E+00, 7.800E-01, 9.962E-01, 1.000E-02, 1.000E+00, 1.000E+00, 7.800E-03, 4.791E-05, 6.119E-05, 0.000E+00, 9.316E+01, 4.175E+01, 9.343E-03, 1.732E-04, 1.051E+02, 4.694E-03, 2.227E-01
01/03/2019,14:00,9,2.636,3.136,.646,.556,.284, 1.007E+03, 7.582E+01, 3.908E-05, 5.239E-02, 4.307E+01, 5.615E+01, 1.108E+02, 2.293E+01, 3.974E+01, 3.198E+01, 2.460E+00, 4.668E-01, 1.539E-01, 1.850E-01, 1.000E+00, 6.807E-01, 9.895E-01, 1.000E-02, 1.000E+00, 1.000E+00, 6.807E-03, 4.184E-05, 6.082E-05, 0.000E+00, 9.915E+01, 4.443E+01, 1.055E-02, 1.513E-04, 9.345E+01, 4.801E-03, 2.159E-01
01/03/2019,15:00,9,2.636,3.136,.821,.573,.277, 1.007E+03, 8.176E+01, 7.254E-04, 5.188E-02, 2.190E+01, 3.035E+01, 8.883E+01, 1.244E+01,-3.214E+01, 7.595E+00, 2.368E+00, 2.419E-01, 1.000E-01, 1.087E-01, 1.000E+00, 4.629E-01, 9.741E-01, 1.000E-02, 1.000E+00, 1.000E+00, 4.629E-03, 2.847E-05, 5.991E-05, 0.000E+00, 2.624E+02, 6.835E+01, 1.212E-02, 1.029E-04, 8.185E+01, 3.710E-03, 2.066E-01
01/03/2019,16:00,9,2.636,3.136,.071,.601,.245, 1.007E+03, 8.860E+01, 7.254E-04, 5.188E-02, 7.466E-03, 5.406E+00, 2.171E+00, 2.018E+00,-3.214E+01, 7.595E+00, 2.397E+00, 2.416E-01, 1.000E-01, 1.860E-02, 1.000E+00, 7.977E-02, 8.541E-02, 1.000E-02, 1.000E+00, 1.000E+00, 7.977E-04, 4.893E-06, 5.239E-06, 0.000E+00, 2.628E+02, 6.835E+01, 7.405E-03, 1.769E-05, 1.347E+02, 3.101E-03, 2.043E-01
01/03/2019,17:00,9,2.636,3.136,-.679,.630,.215, 1.007E+03, 9.593E+01, 7.254E-04, 5.188E-02, 0.000E+00, 0.000E+00, 0.000E+00, 0.000E+00,-3.214E+01, 7.595E+00, 2.775E+00, 2.413E-01, 1.054E-01,-9.990E+02, 1.000E+00,-9.990E+02, 0.000E+00, 0.000E+00, 0.000E+00, 1.000E+00, 0.000E+00, 0.000E+00, 0.000E+00, 0.000E+00, 2.496E+02, 6.483E+01, 5.332E-03, 0.000E+00, 1.876E+02, 2.735E-03, 1.791E-01
01/03/2019,18:00,9,2.636,3.136,-1.430,.659,.188, 1.007E+03, 1.034E+02, 2.399E-03, 5.188E-02, 0.000E+00, 0.000E+00, 0.000E+00, 0.000E+00,-4.557E+01, 6.085E+00, 3.386E+00, 3.418E-01, 1.570E-01,-9.990E+02, 1.000E+00,-9.990E+02, 0.000E+00, 0.000E+00, 0.000E+00, 1.000E+00, 0.000E+00, 0.000E+00, 0.000E+00, 0.000E+00, 1.374E+02, 4.354E+01, 1.429E-03, 0.000E+00, 7.000E+02, 1.224E-03, 2.371E-01
01/03/2019,19:00,9,2.636,3.136,-1.778,.705,.158, 1.007E+03, 1.106E+02, 2.399E-03, 5.188E-02, 0.000E+00, 0.000E+00, 0.000E+00, 0.000E+00,-4.557E+01, 6.085E+00, 3.211E+00, 3.416E-01, 1.488E-01,-9.990E+02, 1.000E+00,-9.990E+02, 0.000E+00, 0.000E+00, 0.000E+00, 1.000E+00, 0.000E+00, 0.000E+00, 0.000E+00, 0.000E+00, 1.450E+02, 4.593E+01, 1.429E-03, 0.000E+00, 7.000E+02, 1.215E-03, 2.540E-01
01/03/2019,20:00,9,2.636,3.136,-2.126,.751,.130, 1.006E+03, 1.170E+02, 2.399E-03, 5.188E-02, 0.000E+00, 0.000E+00, 0.000E+00, 0.000E+00,-4.557E+01, 6.085E+00, 3.166E+00, 3.415E-01, 1.467E-01,-9.990E+02, 1.000E+00,-9.990E+02, 0.000E+00, 0.000E+00, 0.000E+00, 1.000E+00, 0.000E+00, 0.000E+00, 0.000E+00, 0.000E+00, 1.471E+02, 4.660E+01, 1.429E-03, 0.000E+00, 7.000E+02, 1.212E-03, 2.087E-01
01/03/2019,21:00,9,2.636,3.136,-2.474,.797,.103, 1.006E+03, 1.222E+02, 0.000E+00, 5.188E-02, 0.000E+00, 0.000E+00, 0.000E+00, 0.000E+00,-4.186E+01,-2.038E+00, 3.256E+00, 3.170E-01, 1.461E-01,-9.990E+02, 1.000E+00,-9.990E+02, 0.000E+00, 0.000E+00, 0.000E+00, 1.000E+00, 0.000E+00, 0.000E+00, 0.000E+00, 0.000E+00, 1.526E+02, 4.679E+01, 1.429E-03, 0.000E+00, 7.000E+02, 1.211E-03, 1.925E-01
01/03/2019,22:00,9,2.636,3.136,-2.967,.814,.091, 1.006E+03, 1.257E+02, 0.000E+00, 5.188E-02, 0.000E+00, 0.000E+00, 0.000E+00, 0.000E+00,-4.186E+01,-2.038E+00, 3.210E+00, 3.167E-01, 1.439E-01,-9.990E+02, 1.000E+00,-9.990E+02, 0.000E+00, 0.000E+00, 0.000E+00, 1.000E+00, 0.000E+00, 0.000E+00, 0.000E+00, 0.000E+00, 1.550E+02, 4.749E+01, 1.429E-03, 0.000E+00, 7.000E+02, 1.208E-03, 2.204E-01
01/03/2019,23:00,9,2.636,3.136,-3.460,.831,.080, 1.005E+03, 1.270E+02, 0.000E+00, 5.188E-02, 0.000E+00, 0.000E+00, 0.000E+00, 0.000E+00,-4.186E+01,-2.038E+00, 3.170E+00, 3.165E-01, 1.421E-01,-9.990E+02, 1.000E+00,-9.990E+02, 0.000E+00, 0.000E+00, 0.000E+00, 1.000E+00, 0.000E+00, 0.000E+00, 0.000E+00, 0.000E+00, 1.571E+02, 4.811E+01, 1.429E-03, 0.000E+00, 7.000E+02, 1.205E-03, 2.435E-01
02/03/2019,00:00,9,2.647,3.147,-3.953,.848,.069, 1.005E+03, 1.258E+02, 0.000E+00, 5.188E-02, 0.000E+00, 0.000E+00, 0.000E+00, 0.000E+00,-4.221E+01,-3.105E+00, 3.138E+00, 3.418E-01, 1.479E-01,-9.990E+02, 1.000E+00,-9.990E+02, 0.000E+00, 0.000E+00, 0.000E+00, 1.000E+00, 0.000E+00, 0.000E+00, 0.000E+00, 0.000E+00, 1.436E+02, 4.623E+01, 1.429E-03, 0.000E+00, 7.000E+02, 1.214E-03, 2.493E-01
02/03/2019,01:00,9,2.647,3.147,-4.029,.852,.067, 1.004E+03, 1.225E+02, 0.000E+00, 5.315E-02, 0.000E+00, 0.000E+00, 0.000E+00, 0.000E+00,-4.221E+01,-3.105E+00, 3.127E+00, 3.419E-01, 1.474E-01,-9.990E+02, 1.000E+00,-9.990E+02, 0.000E+00, 0.000E+00, 0.000E+00, 1.000E+00, 0.000E+00, 0.000E+00, 0.000E+00, 0.000E+00, 1.440E+02, 4.639E+01, 1.429E-03, 0.000E+00, 7.000E+02, 1.213E-03, 2.280E-01
02/03/2019,02:00,9,2.647,3.147,-4.105,.856,.065, 1.004E+03, 1.173E+02, 0.000E+00, 5.443E-02, 0.000E+00, 0.000E+00, 0.000E+00, 0.000E+00,-4.221E+01,-3.105E+00, 3.218E+00, 3.420E-01, 1.516E-01,-9.990E+02, 1.000E+00,-9.990E+02, 0.000E+00, 0.000E+00, 0.000E+00, 1.000E+00, 0.000E+00, 0.000E+00, 0.000E+00, 0.000E+00, 1.400E+02, 4.508E+01, 1.429E-03, 0.000E+00, 7.000E+02, 1.218E-03, 2.006E-01
02/03/2019,03:00,9,2.647,3.147,-4.181,.859,.063, 1.003E+03, 1.109E+02, 0.000E+00, 5.570E-02, 0.000E+00, 0.000E+00, 0.000E+00, 0.000E+00,-5.712E+01, 3.110E+00, 3.402E+00, 4.536E-01, 1.755E-01,-9.990E+02, 1.000E+00,-9.990E+02, 0.000E+00, 0.000E+00, 0.000E+00, 1.000E+00, 0.000E+00, 0.000E+00, 0.000E+00, 0.000E+00, 1.105E+02, 3.895E+01, 1.429E-03, 0.000E+00, 7.000E+02, 1.245E-03, 2.047E-01
02/03/2019,04:00,9,2.647,3.147,-3.875,.831,.077, 1.002E+03, 1.037E+02, 0.000E+00, 5.570E-02, 0.000E+00, 0.000E+00, 0.000E+00, 0.000E+00,-5.712E+01, 3.110E+00, 3.718E+00, 4.540E-01, 1.919E-01,-9.990E+02, 1.000E+00,-9.990E+02, 0.000E+00, 0.000E+00, 0.000E+00, 1.000E+00, 0.000E+00, 0.000E+00, 0.000E+00, 0.000E+00, 1.010E+02, 3.563E+01, 1.429E-03, 0.000E+00, 7.000E+02, 1.259E-03, 2.267E-01
02/03/2019,05:00,9,2.647,3.147,-3.570,.803,.092, 1.001E+03, 9.624E+01, 0.000E+00, 5.570E-02, 0.000E+00, 0.000E+00, 0.000E+00, 0.000E+00,-5.712E+01, 3.110E+00, 4.041E+00, 4.545E-01, 2.086E-01,-9.990E+02, 1.000E+00,-9.990E+02, 0.000E+00, 0.000E+00, 0.000E+00, 1.000E+00, 0.000E+00, 0.000E+00, 0.000E+00, 0.000E+00, 9.288E+01, 3.277E+01, 1.429E-03, 0.000E+00, 7.000E+02, 1.271E-03, 2.429E-01
02/03/2019,06:00,9,2.647,3.147,-3.264,.775,.108, 1.000E+03, 8.885E+01, 0.000E+00, 5.570E-02, 1.326E-03, 4.802E+00, 1.820E+00, 1.787E+00, 6.920E+00, 1.076E+01, 4.369E+00, 6.722E-01, 2.606E-01, 1.515E-02, 1.000E+00, 7.090E-02, 7.214E-02, 1.000E-02, 1.000E+00, 1.000E+00, 7.090E-04, 4.295E-06, 4.371E-06, 0.000E+00, 6.405E+01, 2.623E+01, 1.429E-03, 1.559E-05, 6.924E+02, 1.314E-03, 2.559E-01
02/03/2019,07:00,9,2.647,3.147,-1.756,.737,.141, 9.993E+02, 8.194E+01, 0.000E+00, 5.570E-02, 2.286E+01, 3.231E+01, 9.468E+01, 1.319E+01, 6.920E+00, 1.076E+01, 4.571E+00, 6.743E-01, 2.727E-01, 1.059E-01, 1.000E+00, 4.781E-01, 9.796E-01, 1.000E-02, 1.000E+00, 1.000E+00, 4.781E-03, 2.913E-05, 5.968E-05, 0.000E+00, 6.122E+01, 2.507E+01, 1.429E-03, 1.057E-04, 6.518E+02, 1.394E-03, 2.115E-01
02/03/2019,08:00,9,2.647,3.147,-.247,.699,.180, 9.987E+02, 7.589E+01, 0.000E+00, 5.570E-02, 6.909E+01, 5.166E+01, 1.641E+02, 2.239E+01, 6.920E+00, 1.076E+01, 4.791E+00, 6.764E-01, 2.858E-01, 1.834E-01, 1.000E+00, 6.747E-01, 9.988E-01, 1.000E-02, 1.000E+00, 1.000E+00, 6.747E-03, 4.133E-05, 6.119E-05, 0.000E+00, 5.842E+01, 2.392E+01, 6.357E-03, 1.500E-04, 1.537E+02, 4.624E-03, 2.452E-01
02/03/2019,09:00,9,2.647,3.147,1.261,.661,.227, 9.980E+02, 7.112E+01, 0.000E+00, 5.570E-02, 1.086E+02, 6.226E+01, 1.956E+02, 2.777E+01, 9.576E+01, 2.733E+01, 5.026E+00, 8.283E-01, 3.067E-01, 2.404E-01, 1.000E+00, 7.575E-01, 9.997E-01, 1.000E-02, 1.000E+00, 1.000E+00, 7.575E-03, 4.666E-05, 6.158E-05, 0.000E+00, 5.209E+01, 2.229E+01, 1.429E-02, 1.694E-04, 6.918E+01, 7.861E-03, 2.839E-01
02/03/2019,10:00,9,2.647,3.147,2.469,.606,.288, 9.976E+02, 6.802E+01, 0.000E+00, 5.544E-02, 1.357E+02, 6.797E+01, 2.120E+02, 3.075E+01, 9.576E+01, 2.733E+01, 5.109E+00, 8.303E-01, 3.117E-01, 2.746E-01, 1.000E+00, 7.952E-01, 9.998E-01, 1.000E-02, 1.000E+00, 1.000E+00, 7.952E-03, 4.920E-05, 6.186E-05, 0.000E+00, 5.127E+01, 2.193E+01, 1.429E-02, 1.786E-04, 6.914E+01, 7.922E-03, 2.876E-01
02/03/2019,11:00,9,2.647,3.147,3.677,.550,.358, 9.971E+02, 6.689E+01, 0.000E+00, 5.519E-02, 1.455E+02, 6.972E+01, 2.171E+02, 3.170E+01, 9.576E+01, 2.733E+01, 5.209E+00, 8.323E-01, 3.178E-01, 2.864E-01, 1.000E+00, 8.062E-01, 9.999E-01, 1.000E-02, 1.000E+00, 1.000E+00, 8.062E-03, 5.010E-05, 6.214E-05, 0.000E+00, 5.030E+01, 2.151E+01, 1.429E-02, 1.819E-04, 6.912E+01, 7.992E-03, 2.671E-01
02/03/2019,12:00,9,2.647,3.147,4.885,.494,.438, 9.967E+02, 6.786E+01, 0.000E+00, 5.493E-02, 1.390E+02, 6.916E+01, 2.157E+02, 3.131E+01, 1.073E+01, 2.890E+01, 5.326E+00, 7.919E-01, 3.176E-01, 2.762E-01, 1.000E+00, 8.003E-01, 9.999E-01, 1.000E-02, 1.000E+00, 1.000E+00, 8.003E-03, 4.995E-05, 6.241E-05, 0.000E+00, 5.257E+01, 2.152E+01, 1.429E-02, 1.813E-04, 6.912E+01, 7.973E-03, 2.555E-01
02/03/2019,13:00,9,2.647,3.147,4.726,.508,.421, 9.962E+02, 7.082E+01, 0.000E+00, 5.341E-02, 1.128E+02, 6.371E+01, 2.002E+02, 2.847E+01, 1.073E+01, 2.890E+01, 5.131E+00, 7.919E-01, 3.060E-01, 2.438E-01, 1.000E+00, 7.654E-01, 9.997E-01, 1.000E-02, 1.000E+00, 1.000E+00, 7.654E-03, 4.775E-05, 6.236E-05, 0.000E+00, 5.457E+01, 2.234E+01, 1.429E-02, 1.733E-04, 6.916E+01, 7.837E-03, 2.417E-01
02/03/2019,14:00,9,2.647,3.147,4.566,.522,.405, 9.958E+02, 7.548E+01, 0.000E+00, 5.188E-02, 7.257E+01, 5.267E+01, 1.676E+02, 2.291E+01, 1.073E+01, 2.890E+01, 4.937E+00, 7.918E-01, 2.944E-01, 1.885E-01, 1.000E+00, 6.835E-01, 9.990E-01, 1.000E-02, 1.000E+00, 1.000E+00, 6.835E-03, 4.261E-05, 6.228E-05, 0.000E+00, 5.671E+01, 2.322E+01, 1.429E-02, 1.547E-04, 6.925E+01, 7.693E-03, 2.282E-01
02/03/2019,15:00,9,2.647,3.147,4.406,.535,.389, 9.953E+02, 8.144E+01, 0.000E+00, 5.036E-02, 1.065E+01, 3.201E+01, 4.823E+01, 1.245E+01,-8.289E+01, 1.370E+01, 4.742E+00, 5.235E-01, 2.463E-01, 1.125E-01, 1.000E+00, 4.527E-01, 8.624E-01, 1.000E-02, 1.000E+00, 1.000E+00, 4.527E-03, 2.821E-05, 5.374E-05, 0.000E+00, 7.820E+01, 2.776E+01, 1.429E-02, 1.024E-04, 6.950E+01, 6.989E-03, 2.385E-01
02/03/2019,16:00,9,2.647,3.147,3.241,.612,.299, 9.955E+02, 8.828E+01, 0.000E+00, 5.036E-02, 1.673E-02, 5.077E+00, 2.170E+00, 1.891E+00,-8.289E+01, 1.370E+01, 4.404E+00, 5.224E-01, 2.285E-01, 2.262E-02, 1.000E+00, 7.506E-02, 8.539E-02, 1.000E-02, 1.000E+00, 1.000E+00, 7.506E-04, 4.657E-06, 5.298E-06, 0.000E+00, 8.435E+01, 2.991E+01, 1.429E-02, 1.690E-05, 6.992E+01, 6.701E-03, 2.913E-01
02/03/2019,17:00,9,2.647,3.147,2.075,.688,.221, 9.956E+02, 9.563E+01, 0.000E+00, 5.036E-02, 0.000E+00, 0.000E+00, 0.000E+00, 0.000E+00,-8.289E+01, 1.370E+01, 4.068E+00, 5.213E-01, 2.109E-01,-9.990E+02, 1.000E+00,-9.990E+02, 0.000E+00, 0.000E+00, 0.000E+00, 1.000E+00, 0.000E+00, 0.000E+00, 0.000E+00, 0.000E+00, 9.147E+01, 3.241E+01, 1.429E-02, 0.000E+00, 7.000E+01, 6.412E-03, 3.094E-01
02/03/2019,18:00,9,2.647,3.147,.910,.765,.153, 9.958E+02, 1.031E+02, 5.440E-02, 5.036E-02, 0.000E+00, 0.000E+00, 0.000E+00, 0.000E+00,-3.629E+01, 3.714E+00, 3.734E+00, 3.171E-01, 1.728E-01,-9.990E+02, 1.000E+00,-9.990E+02, 0.000E+00, 0.000E+00, 0.000E+00, 1.000E+00, 0.000E+00, 0.000E+00, 0.000E+00, 0.000E+00, 1.250E+02, 3.955E+01, 1.310E-02, 0.000E+00, 7.633E+01, 5.481E-03, 2.790E-01
02/03/2019,19:00,9,2.647,3.147,.613,.815,.118, 9.958E+02, 1.102E+02, 5.440E-02, 5.061E-02, 0.000E+00, 0.000E+00, 0.000E+00, 0.000E+00,-3.629E+01, 3.714E+00, 3.314E+00, 3.170E-01, 1.534E-01,-9.990E+02, 1.000E+00,-9.990E+02, 0.000E+00, 0.000E+00, 0.000E+00, 1.000E+00, 0.000E+00, 0.000E+00, 0.000E+00, 0.000E+00, 1.409E+02, 4.457E+01, 1.030E-02, 0.000E+00, 9.708E+01, 4.615E-03, 2.336E-01
02/03/2019,20:00,9,2.647,3.147,.317,.865,.084, 9.958E+02, 1.167E+02, 5.440E-02, 5.087E-02, 0.000E+00, 0.000E+00, 0.000E+00, 0.000E+00,-3.629E+01, 3.714E+00, 2.906E+00, 3.168E-01, 1.344E-01,-9.990E+02, 1.000E+00,-9.990E+02, 0.000E+00, 0.000E+00, 0.000E+00, 1.000E+00, 0.000E+00, 0.000E+00, 0.000E+00, 0.000E+00, 1.608E+02, 5.085E+01, 8.487E-03, 0.000E+00, 1.178E+02, 3.933E-03, 1.930E-01
02/03/2019,21:00,9,2.647,3.147,.020,.915,.052, 9.959E+02, 1.219E+02, 1.398E-01, 5.112E-02, 0.000E+00, 0.000E+00, 0.000E+00, 0.000E+00,-1.555E+01,-7.608E-01, 2.514E+00, 2.049E-01, 1.030E-01,-9.990E+02, 1.000E+00,-9.990E+02, 0.000E+00, 0.000E+00, 0.000E+00, 1.000E+00, 0.000E+00, 0.000E+00, 0.000E+00, 0.000E+00, 2.369E+02, 6.636E+01, 7.216E-03, 0.000E+00, 1.386E+02, 3.133E-03, 1.609E-01
02/03/2019,22:00,9,2.647,3.147,-.225,.930,.042, 9.957E+02, 1.254E+02, 1.398E-01, 5.188E-02, 0.000E+00, 0.000E+00, 0.000E+00, 0.000E+00,-1.555E+01,-7.608E-01, 2.165E+00, 2.049E-01, 1.000E-01,-9.990E+02, 1.000E+00,-9.990E+02, 0.000E+00, 0.000E+00, 0.000E+00, 1.000E+00, 0.000E+00, 0.000E+00, 0.000E+00, 0.000E+00, 2.441E+02, 6.835E+01, 6.420E-03, 0.000E+00, 1.558E+02, 2.926E-03, 1.332E-01
02/03/2019,23:00,9,2.647,3.147,-.471,.945,.033, 9.955E+02, 1.266E+02, 1.398E-01, 5.265E-02, 0.000E+00, 0.000E+00, 0.000E+00, 0.000E+00,-1.555E+01,-7.608E-01, 1.819E+00, 2.048E-01, 1.000E-01,-9.990E+02, 1.000E+00,-9.990E+02, 0.000E+00, 0.000E+00, 0.000E+00, 1.000E+00, 0.000E+00, 0.000E+00, 0.000E+00, 0.000E+00, 2.442E+02, 6.835E+01, 5.781E-03, 0.000E+00, 1.730E+02, 2.786E-03, 1.455E-01
03/03/2019,00:00,9,2.658,3.158,-.717,.960,.023, 9.953E+02, 1.255E+02, 8.294E-02, 5.341E-02, 0.000E+00, 0.000E+00, 0.000E+00, 0.000E+00,-4.536E+00,-5.121E-01, 1.477E+00, 1.599E-01, 1.000E-01,-9.990E+02, 1.000E+00,-9.990E+02, 0.000E+00, 0.000E+00, 0.000E+00, 1.000E+00, 0.000E+00, 0.000E+00, 0.000E+00, 0.000E+00, 2.148E+02, 6.835E+01, 5.258E-03, 0.000E+00, 1.902E+02, 2.678E-03, 1.632E-01
03/03/2019,01:00,9,2.658,3.158,-.748,.963,.021, 9.951E+02, 1.221E+02, 8.294E-02, 5.087E-02, 0.000E+00, 0.000E+00, 0.000E+00, 0.000E+00,-4.536E+00,-5.121E-01, 1.418E-01, 1.599E-01, 1.000E-01,-9.990E+02, 1.000E+00,-9.990E+02, 0.000E+00, 0.000E+00, 0.000E+00, 1.000E+00, 0.000E+00, 0.000E+00, 0.000E+00, 0.000E+00, 2.148E+02, 6.835E+01, 5.199E-03, 0.000E+00, 1.923E+02, 2.662E-03, 2.202E-01
03/03/2019,02:00,9,2.658,3.158,-.779,.966,.019, 9.949E+02, 1.169E+02, 8.294E-02, 4.832E-02, 0.000E+00, 0.000E+00, 0.000E+00, 0.000E+00,-4.536E+00,-5.121E-01, 1.246E+00, 1.600E-01, 1.000E-01,-9.990E+02, 1.000E+00,-9.990E+02, 0.000E+00, 0.000E+00, 0.000E+00, 1.000E+00, 0.000E+00, 0.000E+00, 0.000E+00, 0.000E+00, 2.148E+02, 6.835E+01, 5.141E-03, 0.000E+00, 1.945E+02, 2.647E-03, 3.461E-01
03/03/2019,03:00,9,2.658,3.158,-.810,.970,.017, 9.947E+02, 1.105E+02, 1.520E-01, 4.578E-02, 0.000E+00, 0.000E+00, 0.000E+00, 0.000E+00,-3.412E+00, 4.534E+00, 2.604E+00, 5.044E-01, 1.536E-01,-9.990E+02, 1.000E+00,-9.990E+02, 0.000E+00, 0.000E+00, 0.000E+00, 1.000E+00, 0.000E+00, 0.000E+00, 0.000E+00, 0.000E+00, 1.103E+02, 4.450E+01, 5.085E-03, 0.000E+00, 1.967E+02, 3.192E-03, 3.832E-01
03/03/2019,04:00,9,2.658,3.158,-.991,.949,.029, 9.942E+02, 1.034E+02, 1.520E-01, 4.654E-02, 0.000E+00, 0.000E+00, 0.000E+00, 0.000E+00,-3.412E+00, 4.534E+00, 3.067E+00, 5.044E-01, 1.810E-01,-9.990E+02, 1.000E+00,-9.990E+02, 0.000E+00, 0.000E+00, 0.000E+00, 1.000E+00, 0.000E+00, 0.000E+00, 0.000E+00, 0.000E+00, 9.365E+01, 3.777E+01, 4.776E-03, 0.000E+00, 2.094E+02, 3.243E-03, 2.109E-01
03/03/2019,05:00,9,2.658,3.158,-1.173,.929,.040, 9.936E+02, 9.588E+01, 1.520E-01, 4.731E-02, 0.000E+00, 0.000E+00, 0.000E+00, 0.000E+00,-3.412E+00, 4.534E+00, 3.539E+00, 5.044E-01, 2.088E-01,-9.990E+02, 1.000E+00,-9.990E+02, 0.000E+00, 0.000E+00, 0.000E+00, 1.000E+00, 0.000E+00, 0.000E+00, 0.000E+00, 0.000E+00, 8.117E+01, 3.274E+01, 1.429E-03, 0.000E+00, 7.000E+02, 1.273E-03, 1.363E-01
03/03/2019,06:00,9,2.658,3.158,-1.355,.908,.051, 9.930E+02, 8.849E+01, 2.638E-01, 4.807E-02, 1.955E-04, 1.585E+00, 5.920E-01, 5.883E-01, 1.515E+01, 1.169E+01, 4.015E+00, 6.958E-01, 2.405E-01, 1.983E-02, 1.000E+00, 2.391E-02, 2.405E-02, 1.000E-02, 1.000E+00, 1.000E+00, 2.391E-04, 1.459E-06, 1.468E-06, 0.000E+00, 6.886E+01, 2.842E+01, 1.429E-03, 5.316E-06, 6.974E+02, 1.296E-03, 1.408E-01
03/03/2019,07:00,9,2.658,3.158,-1.503,.883,.064, 9.924E+02, 8.157E+01, 2.638E-01, 4.909E-02, 3.079E-01, 1.450E+01, 6.447E+00, 5.397E+00, 1.515E+01, 1.169E+01, 4.393E+00, 6.958E-01, 2.631E-01, 1.103E-01, 1.000E+00, 2.028E-01, 2.329E-01, 1.000E-02, 1.000E+00, 1.000E+00, 2.028E-03, 1.237E-05, 1.420E-05, 0.000E+00, 6.293E+01, 2.598E+01, 1.429E-03, 4.507E-05, 6.786E+02, 1.340E-03, 8.726E-02
03/03/2019,08:00,9,2.658,3.158,-1.652,.858,.077, 9.918E+02, 7.551E+01, 2.638E-01, 5.010E-02, 8.768E-01, 3.050E+01, 1.311E+01, 1.136E+01, 1.515E+01, 1.169E+01, 4.771E+00, 6.958E-01, 2.858E-01, 1.873E-01, 1.000E+00, 3.814E-01, 4.169E-01, 1.000E-02, 1.000E+00, 1.000E+00, 3.814E-03, 2.325E-05, 2.541E-05, 0.000E+00, 5.795E+01, 2.392E+01, 1.429E-03, 8.473E-05, 6.608E+02, 1.382E-03, 1.248E-01
03/03/2019,09:00,9,2.658,3.158,-1.800,.832,.090, 9.912E+02, 7.074E+01, 7.341E-01, 5.112E-02, 2.297E+00, 4.682E+01, 2.095E+01, 1.747E+01, 2.661E+01, 1.492E+01, 5.150E+00, 7.971E-01, 3.088E-01, 2.439E-01, 1.000E+00, 5.284E-01, 5.776E-01, 1.000E-02, 1.000E+00, 1.000E+00, 5.284E-03, 3.219E-05, 3.518E-05, 0.000E+00, 5.348E+01, 2.213E+01, 1.429E-03, 1.173E-04, 6.469E+02, 1.419E-03, 1.691E-01
03/03/2019,10:00,9,2.658,3.158,-1.700,.837,.088, 9.902E+02, 6.763E+01, 7.341E-01, 5.493E-02, 2.851E+00, 5.541E+01, 2.443E+01, 2.068E+01, 2.661E+01, 1.492E+01, 5.162E+00, 7.976E-01, 3.096E-01, 2.777E-01, 1.000E+00, 5.898E-01, 6.338E-01, 1.000E-02, 1.000E+00, 1.000E+00, 5.898E-03, 3.594E-05, 3.862E-05, 0.000E+00, 5.335E+01, 2.208E+01, 1.429E-03, 1.310E-04, 6.412E+02, 1.431E-03, 1.724E-01
03/03/2019,11:00,9,2.658,3.158,-1.600,.841,.086, 9.891E+02, 6.651E+01, 7.341E-01, 5.875E-02, 3.053E+00, 5.844E+01, 2.564E+01, 2.181E+01, 2.661E+01, 1.492E+01, 5.187E+00, 7.982E-01, 3.111E-01, 2.893E-01, 1.000E+00, 6.094E-01, 6.517E-01, 1.000E-02, 1.000E+00, 1.000E+00, 6.094E-03, 3.715E-05, 3.972E-05, 0.000E+00, 5.310E+01, 2.197E+01, 1.429E-03, 1.354E-04, 6.394E+02, 1.435E-03, 1.698E-01
03/03/2019,12:00,9,2.658,3.158,-1.501,.846,.085, 9.881E+02, 6.749E+01, 8.709E-01, 6.256E-02, 2.879E+00, 5.582E+01, 2.459E+01, 2.083E+01, 1.440E+01, 1.241E+01, 5.224E+00, 6.817E-01, 3.129E-01, 2.792E-01, 1.000E+00, 5.925E-01, 6.363E-01, 1.000E-02, 1.000E+00, 1.000E+00, 5.925E-03, 3.613E-05, 3.881E-05, 0.000E+00, 5.291E+01, 2.184E+01, 1.429E-03, 1.317E-04, 6.409E+02, 1.433E-03, 1.955E-01
03/03/2019,13:00,9,2.658,3.158,-1.569,.863,.075, 9.876E+02, 7.047E+01, 8.709E-01, 6.511E-02, 2.349E+00, 4.762E+01, 2.129E+01, 1.777E+01, 1.440E+01, 1.241E+01, 4.688E+00, 6.818E-01, 2.808E-01, 2.469E-01, 1.000E+00, 5.346E-01, 5.833E-01, 1.000E-02, 1.000E+00, 1.000E+00, 5.346E-03, 3.259E-05, 3.556E-05, 0.000E+00, 5.896E+01, 2.434E+01, 1.429E-03, 1.188E-04, 6.463E+02, 1.409E-03, 2.091E-01
03/03/2019,14:00,9,2.658,3.158,-1.637,.880,.065, 9.871E+02, 7.514E+01, 8.709E-01, 6.765E-02, 1.530E+00, 3.422E+01, 1.575E+01, 1.277E+01, 1.440E+01, 1.241E+01, 4.229E+00, 6.819E-01, 2.533E-01, 1.919E-01, 1.000E+00, 4.217E-01, 4.769E-01, 1.000E-02, 1.000E+00, 1.000E+00, 4.217E-03, 2.570E-05, 2.907E-05, 0.000E+00, 6.535E+01, 2.698E+01, 1.429E-03, 9.368E-05, 6.569E+02, 1.375E-03, 1.854E-01
03/03/2019,15:00,9,2.658,3.158,-1.705,.897,.056, 9.866E+02, 8.111E+01, 4.116E-01, 7.019E-02, 5.796E-01, 1.707E+01, 8.243E+00, 6.367E+00,-1.913E+00, 8.391E+00, 3.875E+00, 5.502E-01, 2.295E-01, 1.162E-01, 1.000E+00, 2.370E-01, 2.875E-01, 1.000E-02, 1.000E+00, 1.000E+00, 2.370E-03, 1.444E-05, 1.752E-05, 0.000E+00, 7.358E+01, 2.978E+01, 1.429E-03, 5.264E-05, 6.751E+02, 1.328E-03, 1.513E-01
03/03/2019,16:00,9,2.658,3.158,-1.960,.900,.053, 9.869E+02, 8.797E+01, 4.116E-01, 7.223E-02, 2.605E-03, 2.368E+00, 9.159E-01, 8.791E-01,-1.913E+00, 8.391E+00, 3.643E+00, 5.499E-01, 2.157E-01, 2.661E-02, 1.000E+00, 3.555E-02, 3.697E-02, 1.000E-02, 1.000E+00, 1.000E+00, 3.555E-04, 2.164E-06, 2.251E-06, 0.000E+00, 7.828E+01, 3.169E+01, 1.429E-03, 7.888E-06, 6.962E+02, 1.283E-03, 1.339E-01
03/03/2019,17:00,9,2.658,3.158,-2.215,.902,.051, 9.872E+02, 9.532E+01, 4.116E-01, 7.426E-02, 0.000E+00, 0.000E+00, 0.000E+00, 0.000E+00,-1.913E+00, 8.391E+00, 3.433E+00, 5.495E-01, 2.033E-01,-9.990E+02, 1.000E+00,-9.990E+02, 0.000E+00, 0.000E+00, 0.000E+00, 1.000E+00, 0.000E+00, 0.000E+00, 0.000E+00, 0.000E+00, 8.305E+01, 3.362E+01, 1.429E-03, 0.000E+00, 7.000E+02, 1.269E-03, 1.227E-01
03/03/2019,18:00,9,2.658,3.158,-2.470,.905,.049, 9.876E+02, 1.028E+02, 1.358E-01, 7.630E-02, 0.000E+00, 0.000E+00, 0.000E+00, 0.000E+00,-2.129E+00, 6.639E+00, 3.252E+00, 3.918E-01, 1.915E-01,-9.990E+02, 1.000E+00,-9.990E+02, 0.000E+00, 0.000E+00, 0.000E+00, 1.000E+00, 0.000E+00, 0.000E+00, 0.000E+00, 0.000E+00, 8.873E+01, 3.570E+01, 1.429E-03, 0.000E+00, 7.000E+02, 1.260E-03, 1.123E-01
03/03/2019,19:00,9,2.658,3.158,-2.639,.904,.048, 9.878E+02, 1.099E+02, 1.358E-01, 7.706E-02, 0.000E+00, 0.000E+00, 0.000E+00, 0.000E+00,-2.129E+00, 6.639E+00, 2.947E+00, 3.917E-01, 1.735E-01,-9.990E+02, 1.000E+00,-9.990E+02, 0.000E+00, 0.000E+00, 0.000E+00, 1.000E+00, 0.000E+00, 0.000E+00, 0.000E+00, 0.000E+00, 9.793E+01, 3.941E+01, 1.429E-03, 0.000E+00, 7.000E+02, 1.245E-03, 7.540E-02
03/03/2019,20:00,9,2.658,3.158,-2.808,.904,.048, 9.880E+02, 1.164E+02, 1.358E-01, 7.782E-02, 0.000E+00, 0.000E+00, 0.000E+00, 0.000E+00,-2.129E+00, 6.639E+00, 2.641E+00, 3.915E-01, 1.555E-01,-9.990E+02, 1.000E+00,-9.990E+02, 0.000E+00, 0.000E+00, 0.000E+00, 1.000E+00, 0.000E+00, 0.000E+00, 0.000E+00, 0.000E+00, 1.093E+02, 4.396E+01, 1.429E-03, 0.000E+00, 7.000E+02, 1.227E-03, 6.556E-02
03/03/2019,21:00,9,2.658,3.158,-2.977,.903,.048, 9.882E+02, 1.215E+02, 8.816E-02, 7.859E-02, 0.000E+00, 0.000E+00, 0.000E+00, 0.000E+00,-6.753E-01, 5.399E+00, 2.336E+00, 2.970E-01, 1.378E-01,-9.990E+02, 1.000E+00,-9.990E+02, 0.000E+00, 0.000E+00, 0.000E+00, 1.000E+00, 0.000E+00, 0.000E+00, 0.000E+00, 0.000E+00, 1.229E+02, 4.959E+01, 1.429E-03, 0.000E+00, 7.000E+02, 1.205E-03, 6.649E-02
03/03/2019,22:00,9,2.658,3.158,-3.016,.904,.047, 9.882E+02, 1.250E+02, 8.816E-02, 7.884E-02, 0.000E+00, 0.000E+00, 0.000E+00, 0.000E+00,-6.753E-01, 5.399E+00, 2.159E+00, 2.970E-01, 1.274E-01,-9.990E+02, 1.000E+00,-9.990E+02, 0.000E+00, 0.000E+00, 0.000E+00, 1.000E+00, 0.000E+00, 0.000E+00, 0.000E+00, 0.000E+00, 1.330E+02, 5.364E+01, 1.429E-03, 0.000E+00, 7.000E+02, 1.190E-03, 6.352E-02
03/03/2019,23:00,9,2.658,3.158,-3.056,.905,.047, 9.883E+02, 1.262E+02, 8.816E-02, 7.910E-02, 0.000E+00, 0.000E+00, 0.000E+00, 0.000E+00,-6.753E-01, 5.399E+00, 2.003E+00, 2.970E-01, 1.182E-01,-9.990E+02, 1.000E+00,-9.990E+02, 0.000E+00, 0.000E+00, 0.000E+00, 1.000E+00, 0.000E+00, 0.000E+00, 0.000E+00, 0.000E+00, 1.433E+02, 5.782E+01, 1.429E-03, 0.000E+00, 7.000E+02, 1.174E-03, 5.937E-02
04/03/2019,00:00,9,2.668,3.168,-3.096,.905,.046, 9.884E+02, 1.251E+02, 1.800E-02, 7.935E-02, 0.000E+00, 0.000E+00, 0.000E+00, 0.000E+00,-9.363E-01, 3.713E+00, 1.873E+00, 2.713E-01, 1.099E-01,-9.990E+02, 1.000E+00,-9.990E+02, 0.000E+00, 0.000E+00, 0.000E+00, 1.000E+00, 0.000E+00, 0.000E+00, 0.000E+00, 0.000E+00, 1.549E+02, 6.217E+01, 1.429E-03, 0.000E+00, 7.000E+02, 1.159E-03, 5.343E-02
04/03/2019,01:00,9,2.668,3.168,-3.053,.908,.045, 9.879E+02, 1.217E+02, 1.800E-02, 7.630E-02, 0.000E+00, 0.000E+00, 0.000E+00, 0.000E+00,-9.363E-01, 3.713E+00, 1.740E+00, 2.714E-01, 1.021E-01,-9.990E+02, 1.000E+00,-9.990E+02, 0.000E+00, 0.000E+00, 0.000E+00, 1.000E+00, 0.000E+00, 0.000E+00, 0.000E+00, 0.000E+00, 1.668E+02, 6.693E+01, 1.429E-03, 0.000E+00, 7.000E+02, 1.142E-03, 4.293E-02
04/03/2019,02:00,9,2.668,3.168,-3.010,.911,.044, 9.875E+02, 1.165E+02, 1.800E-02, 7.325E-02, 0.000E+00, 0.000E+00, 0.000E+00, 0.000E+00,-9.363E-01, 3.713E+00, 1.843E+00, 2.715E-01, 1.082E-01,-9.990E+02, 1.000E+00,-9.990E+02, 0.000E+00, 0.000E+00, 0.000E+00, 1.000E+00, 0.000E+00, 0.000E+00, 0.000E+00, 0.000E+00, 1.575E+02, 6.319E+01, 1.429E-03, 0.000E+00, 7.000E+02, 1.155E-03, 2.778E-02
04/03/2019,03:00,9,2.668,3.168,-2.967,.913,.043, 9.871E+02, 1.101E+02, 2.755E-02, 7.019E-02, 0.000E+00, 0.000E+00, 0.000E+00, 0.000E+00,-1.573E+00, 3.053E+00, 2.148E+00, 3.067E-01, 1.259E-01,-9.990E+02, 1.000E+00,-9.990E+02, 0.000E+00, 0.000E+00, 0.000E+00, 1.000E+00, 0.000E+00, 0.000E+00, 0.000E+00, 0.000E+00, 1.356E+02, 5.431E+01, 1.429E-03, 0.000E+00, 7.000E+02, 1.187E-03, 2.274E-02
04/03/2019,04:00,9,2.668,3.168,-2.711,.920,.040, 9.863E+02, 1.030E+02, 2.755E-02, 7.045E-02, 0.000E+00, 0.000E+00, 0.000E+00, 0.000E+00,-1.573E+00, 3.053E+00, 2.087E+00, 3.070E-01, 1.223E-01,-9.990E+02, 1.000E+00,-9.990E+02, 0.000E+00, 0.000E+00, 0.000E+00, 1.000E+00, 0.000E+00, 0.000E+00, 0.000E+00, 0.000E+00, 1.396E+02, 5.589E+01, 1.429E-03, 0.000E+00, 7.000E+02, 1.181E-03, 1.436E-02
04/03/2019,05:00,9,2.668,3.168,-2.455,.926,.038, 9.855E+02, 9.552E+01, 2.755E-02, 7.070E-02, 0.000E+00, 0.000E+00, 0.000E+00, 0.000E+00,-1.573E+00, 3.053E+00, 2.063E+00, 3.072E-01, 1.209E-01,-9.990E+02, 1.000E+00,-9.990E+02, 0.000E+00, 0.000E+00, 0.000E+00, 1.000E+00, 0.000E+00, 0.000E+00, 0.000E+00, 0.000E+00, 1.412E+02, 5.655E+01, 1.429E-03, 0.000E+00, 7.000E+02, 1.179E-03, 3.978E-02
04/03/2019,06:00,9,2.668,3.168,-2.199,.933,.035, 9.847E+02, 8.813E+01, 7.717E-02, 7.096E-02, 9.661E-04, 1.981E+00, 7.479E-01, 7.331E-01, 7.838E+00, 4.215E+00, 2.077E+00, 4.252E-01, 1.256E-01, 2.451E-02, 1.000E+00, 2.972E-02, 3.029E-02, 1.000E-02, 1.000E+00, 1.000E+00, 2.972E-04, 1.808E-06, 1.843E-06, 0.000E+00, 1.295E+02, 5.444E+01, 1.429E-03, 6.614E-06, 6.968E+02, 1.192E-03, 5.492E-02
04/03/2019,07:00,9,2.668,3.168,-1.509,.913,.047, 9.842E+02, 8.120E+01, 7.717E-02, 7.121E-02, 3.416E-01, 1.549E+01, 6.867E+00, 5.751E+00, 7.838E+00, 4.215E+00, 2.516E+00, 4.259E-01, 1.521E-01, 1.146E-01, 1.000E+00, 2.147E-01, 2.461E-01, 1.000E-02, 1.000E+00, 1.000E+00, 2.147E-03, 1.309E-05, 1.501E-05, 0.000E+00, 1.069E+02, 4.494E+01, 1.429E-03, 4.791E-05, 6.773E+02, 1.259E-03, 1.184E-01
04/03/2019,08:00,9,2.668,3.168,-.820,.894,.061, 9.836E+02, 7.514E+01, 7.717E-02, 7.147E-02, 9.209E-01, 3.161E+01, 1.354E+01, 1.174E+01, 7.838E+00, 4.215E+00, 2.972E+00, 4.266E-01, 1.797E-01, 1.912E-01, 1.000E+00, 3.914E-01, 4.270E-01, 1.000E-02, 1.000E+00, 1.000E+00, 3.914E-03, 2.393E-05, 2.610E-05, 0.000E+00, 9.051E+01, 3.804E+01, 5.066E-03, 8.757E-05, 1.940E+02, 3.410E-03, 1.398E-01
04/03/2019,09:00,9,2.668,3.168,-.130,.875,.076, 9.831E+02, 7.035E+01, 4.986E-01, 7.172E-02, 2.376E+00, 4.801E+01, 2.140E+01, 1.787E+01, 1.904E+01, 9.165E+00, 3.440E+00, 5.642E-01, 2.081E-01, 2.473E-01, 1.000E+00, 5.365E-01, 5.853E-01, 1.000E-02, 1.000E+00, 1.000E+00, 5.365E-03, 3.288E-05, 3.587E-05, 0.000E+00, 7.803E+01, 3.285E+01, 6.705E-03, 1.203E-04, 1.465E+02, 4.307E-03, 2.007E-01
04/03/2019,10:00,9,2.668,3.168,.190,.870,.081, 9.823E+02, 6.724E+01, 4.986E-01, 7.426E-02, 2.931E+00, 5.658E+01, 2.485E+01, 2.106E+01, 1.904E+01, 9.165E+00, 3.798E+00, 5.648E-01, 2.298E-01, 2.807E-01, 1.000E+00, 5.964E-01, 6.401E-01, 1.000E-02, 1.000E+00, 1.000E+00, 5.964E-03, 3.660E-05, 3.928E-05, 0.000E+00, 7.068E+01, 2.975E+01, 7.894E-03, 1.339E-04, 1.246E+02, 4.946E-03, 2.015E-01
04/03/2019,11:00,9,2.668,3.168,.511,.865,.086, 9.816E+02, 6.612E+01, 4.986E-01, 7.681E-02, 3.132E+00, 5.958E+01, 2.604E+01, 2.217E+01, 1.904E+01, 9.165E+00, 4.156E+00, 5.653E-01, 2.514E-01, 2.922E-01, 1.000E+00, 6.155E-01, 6.574E-01, 1.000E-02, 1.000E+00, 1.000E+00, 6.155E-03, 3.781E-05, 4.038E-05, 0.000E+00, 6.460E+01, 2.719E+01, 9.594E-03, 1.384E-04, 1.028E+02, 5.758E-03, 2.481E-01
04/03/2019,12:00,9,2.668,3.168,.832,.860,.091, 9.808E+02, 6.712E+01, 2.967E-01, 7.935E-02, 1.316E+01, 7.694E+01, 4.592E+01, 2.900E+01, 1.145E+01, 1.057E+01, 4.514E+00, 5.409E-01, 2.717E-01, 2.820E-01, 1.000E+00, 7.395E-01, 8.487E-01, 1.000E-02, 1.000E+00, 1.000E+00, 7.395E-03, 4.548E-05, 5.220E-05, 0.000E+00, 6.039E+01, 2.516E+01, 1.223E-02, 1.664E-04, 8.068E+01, 6.831E-03, 2.662E-01
04/03/2019,13:00,9,2.668,3.168,.651,.872,.082, 9.801E+02, 7.011E+01, 2.967E-01, 8.266E-02, 1.078E+01, 6.616E+01, 4.078E+01, 2.494E+01, 1.145E+01, 1.057E+01, 3.971E+00, 5.409E-01, 2.390E-01, 2.500E-01, 1.000E+00, 6.844E-01, 8.131E-01, 1.000E-02, 1.000E+00, 1.000E+00, 6.844E-03, 4.206E-05, 4.998E-05, 0.000E+00, 6.865E+01, 2.860E+01, 1.059E-02, 1.539E-04, 9.305E+01, 5.961E-03, 2.809E-01
04/03/2019,14:00,9,2.668,3.168,.471,.884,.074, 9.795E+02, 7.480E+01, 2.967E-01, 8.596E-02, 7.107E+00, 4.840E+01, 3.179E+01, 1.824E+01, 1.145E+01, 1.057E+01, 3.528E+00, 5.410E-01, 2.123E-01, 1.953E-01, 1.000E+00, 5.671E-01, 7.295E-01, 1.000E-02, 1.000E+00, 1.000E+00, 5.671E-03, 3.483E-05, 4.481E-05, 0.000E+00, 7.726E+01, 3.219E+01, 9.343E-03, 1.275E-04, 1.056E+02, 5.273E-03, 2.942E-01
04/03/2019,15:00,9,2.668,3.168,.291,.895,.065, 9.788E+02, 8.079E+01, 1.762E-01, 8.927E-02, 9.180E-01, 1.941E+01, 1.010E+01, 7.231E+00,-8.449E+00, 7.198E+00, 3.229E+00, 5.390E-01, 1.892E-01, 1.199E-01, 1.000E+00, 2.672E-01, 3.399E-01, 1.000E-02, 1.000E+00, 1.000E+00, 2.672E-03, 1.640E-05, 2.087E-05, 0.000E+00, 9.021E+01, 3.613E+01, 8.357E-03, 6.001E-05, 1.188E+02, 4.684E-03, 2.661E-01
04/03/2019,16:00,9,2.668,3.168,.037,.909,.056, 9.779E+02, 8.766E+01, 1.762E-01, 9.003E-02, 8.969E-03, 3.016E+00, 1.227E+00, 1.117E+00,-8.449E+00, 7.198E+00, 3.462E+00, 5.390E-01, 2.028E-01, 3.057E-02, 1.000E+00, 4.503E-02, 4.921E-02, 1.000E-02, 1.000E+00, 1.000E+00, 4.503E-04, 2.762E-06, 3.018E-06, 0.000E+00, 8.414E+01, 3.370E+01, 7.279E-03, 1.011E-05, 1.372E+02, 4.434E-03, 2.348E-01
04/03/2019,17:00,9,2.668,3.168,-.216,.922,.047, 9.771E+02, 9.501E+01, 1.762E-01, 9.080E-02, 0.000E+00, 0.000E+00, 0.000E+00, 0.000E+00,-8.449E+00, 7.198E+00, 3.779E+00, 5.390E-01, 2.214E-01,-9.990E+02, 1.000E+00,-9.990E+02, 0.000E+00, 0.000E+00, 0.000E+00, 1.000E+00, 0.000E+00, 0.000E+00, 0.000E+00, 0.000E+00, 7.709E+01, 3.087E+01, 6.447E-03, 0.000E+00, 1.551E+02, 4.236E-03, 1.846E-01
04/03/2019,18:00,9,2.668,3.168,-.469,.935,.038, 9.763E+02, 1.025E+02, 1.387E-01, 9.156E-02, 0.000E+00, 0.000E+00, 0.000E+00, 0.000E+00,-7.983E+00, 7.812E+00, 4.160E+00, 6.928E-01, 2.456E-01,-9.990E+02, 1.000E+00,-9.990E+02, 0.000E+00, 0.000E+00, 0.000E+00, 1.000E+00, 0.000E+00, 0.000E+00, 0.000E+00, 0.000E+00, 6.898E+01, 2.783E+01, 5.785E-03, 0.000E+00, 1.728E+02, 4.069E-03, 1.377E-01
04/03/2019,19:00,9,2.668,3.168,-.652,.931,.040, 9.759E+02, 1.096E+02, 1.387E-01, 9.232E-02, 0.000E+00, 0.000E+00, 0.000E+00, 0.000E+00,-7.983E+00, 7.812E+00, 4.378E+00, 6.927E-01, 2.585E-01,-9.990E+02, 1.000E+00,-9.990E+02, 0.000E+00, 0.000E+00, 0.000E+00, 1.000E+00, 0.000E+00, 0.000E+00, 0.000E+00, 0.000E+00, 6.554E+01, 2.645E+01, 5.387E-03, 0.000E+00, 1.856E+02, 3.923E-03, 5.237E-02
04/03/2019,20:00,9,2.668,3.168,-.834,.927,.042, 9.756E+02, 1.160E+02, 1.387E-01, 9.308E-02, 0.000E+00, 0.000E+00, 0.000E+00, 0.000E+00,-7.983E+00, 7.812E+00, 4.642E+00, 6.925E-01, 2.740E-01,-9.990E+02, 1.000E+00,-9.990E+02, 0.000E+00, 0.000E+00, 0.000E+00, 1.000E+00, 0.000E+00, 0.000E+00, 0.000E+00, 0.000E+00, 6.182E+01, 2.494E+01, 5.041E-03, 0.000E+00, 1.984E+02, 3.792E-03, 5.900E-02
04/03/2019,21:00,9,2.668,3.168,-1.017,.923,.044, 9.753E+02, 1.212E+02, 9.279E-02, 9.385E-02, 0.000E+00, 0.000E+00, 0.000E+00, 0.000E+00,-9.029E+00, 1.353E+01, 4.943E+00, 8.431E-01, 2.925E-01,-9.990E+02, 1.000E+00,-9.990E+02, 0.000E+00, 0.000E+00, 0.000E+00, 1.000E+00, 0.000E+00, 0.000E+00, 0.000E+00, 0.000E+00, 5.779E+01, 2.337E+01, 1.429E-03, 0.000E+00, 7.000E+02, 1.314E-03, 4.848E-02
04/03/2019,22:00,9,2.668,3.168,-1.194,.908,.052, 9.756E+02, 1.246E+02, 9.279E-02, 9.410E-02, 0.000E+00, 0.000E+00, 0.000E+00, 0.000E+00,-9.029E+00, 1.353E+01, 5.240E+00, 8.427E-01, 3.100E-01,-9.990E+02, 1.000E+00,-9.990E+02, 0.000E+00, 0.000E+00, 0.000E+00, 1.000E+00, 0.000E+00, 0.000E+00, 0.000E+00, 0.000E+00, 5.452E+01, 2.205E+01, 1.429E-03, 0.000E+00, 7.000E+02, 1.320E-03, 3.079E-02
04/03/2019,23:00,9,2.668,3.168,-1.372,.892,.059, 9.760E+02, 1.258E+02, 9.279E-02, 9.436E-02, 0.000E+00, 0.000E+00, 0.000E+00, 0.000E+00,-9.029E+00, 1.353E+01, 5.609E+00, 8.423E-01, 3.319E-01,-9.990E+02, 1.000E+00,-9.990E+02, 0.000E+00, 0.000E+00, 0.000E+00, 1.000E+00, 0.000E+00, 0.000E+00, 0.000E+00, 0.000E+00, 5.093E+01, 2.060E+01, 1.429E-03, 0.000E+00, 7.000E+02, 1.326E-03, 6.063E-03
05/03/2019,00:00,9,2.679,3.179,-1.550,.877,.067, 9.763E+02, 1.247E+02, 3.698E-02, 9.461E-02, 0.000E+00, 0.000E+00, 0.000E+00, 0.000E+00,-1.528E+01, 2.110E+01, 6.038E+00, 9.185E-01, 3.568E-01,-9.990E+02, 1.000E+00,-9.990E+02, 0.000E+00, 0.000E+00, 0.000E+00, 1.000E+00, 0.000E+00, 0.000E+00, 0.000E+00, 0.000E+00, 4.742E+01, 1.916E+01, 1.429E-03, 0.000E+00, 7.000E+02, 1.333E-03, 1.821E-02
05/03/2019,01:00,9,2.679,3.179,-1.852,.861,.074, 9.776E+02, 1.213E+02, 3.698E-02, 9.995E-02, 0.000E+00, 0.000E+00, 0.000E+00, 0.000E+00,-1.528E+01, 2.110E+01, 6.060E+00, 9.173E-01, 3.581E-01,-9.990E+02, 1.000E+00,-9.990E+02, 0.000E+00, 0.000E+00, 0.000E+00, 1.000E+00, 0.000E+00, 0.000E+00, 0.000E+00, 0.000E+00, 4.725E+01, 1.909E+01, 1.429E-03, 0.000E+00, 7.000E+02, 1.333E-03, 1.072E-02
05/03/2019,02:00,9,2.679,3.179,-2.153,.845,.081, 9.789E+02, 1.162E+02, 3.698E-02, 1.053E-01, 0.000E+00, 0.000E+00, 0.000E+00, 0.000E+00,-1.528E+01, 2.110E+01, 6.098E+00, 9.162E-01, 3.603E-01,-9.990E+02, 1.000E+00,-9.990E+02, 0.000E+00, 0.000E+00, 0.000E+00, 1.000E+00, 0.000E+00, 0.000E+00, 0.000E+00, 0.000E+00, 4.696E+01, 1.897E+01, 1.429E-03, 0.000E+00, 7.000E+02, 1.334E-03, 2.609E-02
05/03/2019,03:00,9,2.679,3.179,-2.455,.828,.088, 9.802E+02, 1.098E+02, 1.562E-02, 1.106E-01, 0.000E+00, 0.000E+00, 0.000E+00, 0.000E+00,-2.307E+01, 2.201E+01, 6.149E+00, 9.206E-01, 3.625E-01,-9.990E+02, 1.000E+00,-9.990E+02, 0.000E+00, 0.000E+00, 0.000E+00, 1.000E+00, 0.000E+00, 0.000E+00, 0.000E+00, 0.000E+00, 4.679E+01, 1.886E+01, 1.429E-03, 0.000E+00, 7.000E+02, 1.334E-03, 3.513E-02
05/03/2019,04:00,9,2.679,3.179,-2.936,.813,.092, 9.814E+02, 1.026E+02, 1.562E-02, 1.106E-01, 0.000E+00, 0.000E+00, 0.000E+00, 0.000E+00,-2.307E+01, 2.201E+01, 6.057E+00, 9.193E-01, 3.571E-01,-9.990E+02, 1.000E+00,-9.990E+02, 0.000E+00, 0.000E+00, 0.000E+00, 1.000E+00, 0.000E+00, 0.000E+00, 0.000E+00, 0.000E+00, 4.751E+01, 1.914E+01, 1.429E-03, 0.000E+00, 7.000E+02, 1.333E-03, 4.183E-02
05/03/2019,05:00,9,2.679,3.179,-3.417,.798,.096, 9.825E+02, 9.515E+01, 1.562E-02, 1.106E-01, 0.000E+00, 0.000E+00, 0.000E+00, 0.000E+00,-2.307E+01, 2.201E+01, 5.965E+00, 9.179E-01, 3.517E-01,-9.990E+02, 1.000E+00,-9.990E+02, 0.000E+00, 0.000E+00, 0.000E+00, 1.000E+00, 0.000E+00, 0.000E+00, 0.000E+00, 0.000E+00, 4.824E+01, 1.944E+01, 1.429E-03, 0.000E+00, 7.000E+02, 1.332E-03, 9.758E-02
05/03/2019,06:00,9,2.679,3.179,-3.899,.783,.100, 9.836E+02, 8.776E+01, 1.660E-02, 1.106E-01, 1.057E-01, 6.916E+00, 3.911E+00, 2.559E+00, 4.634E+00, 2.891E+01, 5.874E+00, 9.413E-01, 3.493E-01, 2.917E-02, 1.000E+00, 1.013E-01, 1.486E-01, 1.000E-02, 1.000E+00, 1.000E+00, 1.013E-03, 6.124E-06, 8.981E-06, 0.000E+00, 4.810E+01, 1.957E+01, 1.429E-03, 2.250E-05, 6.891E+02, 1.351E-03, 1.131E-01
05/03/2019,07:00,9,2.679,3.179,-3.789,.737,.121, 9.849E+02, 8.083E+01, 1.660E-02, 1.104E-01, 1.383E+01, 3.529E+01, 5.708E+01, 1.371E+01, 4.634E+00, 2.891E+01, 6.214E+00, 9.409E-01, 3.695E-01, 1.190E-01, 1.000E+00, 4.873E-01, 9.044E-01, 1.000E-02, 1.000E+00, 1.000E+00, 4.873E-03, 2.947E-05, 5.469E-05, 0.000E+00, 4.547E+01, 1.850E+01, 1.429E-03, 1.083E-04, 6.507E+02, 1.430E-03, 6.283E-02
05/03/2019,08:00,9,2.679,3.179,-3.680,.692,.143, 9.863E+02, 7.476E+01, 1.660E-02, 1.101E-01, 3.553E+01, 6.256E+01, 9.225E+01, 2.468E+01, 4.634E+00, 2.891E+01, 6.556E+00, 9.404E-01, 3.898E-01, 1.951E-01, 1.000E+00, 7.039E-01, 9.775E-01, 1.000E-02, 1.000E+00, 1.000E+00, 7.039E-03, 4.258E-05, 5.913E-05, 0.000E+00, 4.309E+01, 1.753E+01, 1.429E-03, 1.564E-04, 6.309E+02, 1.478E-03, 3.658E-02
05/03/2019,09:00,9,2.679,3.179,-3.571,.647,.166, 9.877E+02, 6.996E+01, 7.762E-03, 1.099E-01, 2.439E+00, 4.903E+01, 2.176E+01, 1.820E+01, 4.436E+01, 4.127E+01, 6.902E+00, 1.020E+00, 4.132E-01, 2.507E-01, 1.000E+00, 5.431E-01, 5.914E-01, 1.000E-02, 1.000E+00, 1.000E+00, 5.431E-03, 3.287E-05, 3.579E-05, 0.000E+00, 4.012E+01, 1.654E+01, 1.429E-03, 1.207E-04, 6.454E+02, 1.452E-03, 3.491E-02
05/03/2019,10:00,9,2.679,3.179,-3.717,.649,.163, 9.892E+02, 6.685E+01, 7.762E-03, 1.096E-01, 2.992E+00, 5.753E+01, 2.516E+01, 2.135E+01, 4.436E+01, 4.127E+01, 6.701E+00, 1.019E+00, 4.012E-01, 2.838E-01, 1.000E+00, 6.015E-01, 6.447E-01, 1.000E-02, 1.000E+00, 1.000E+00, 6.015E-03, 3.638E-05, 3.899E-05, 0.000E+00, 4.132E+01, 1.704E+01, 1.429E-03, 1.337E-04, 6.401E+02, 1.461E-03, 4.887E-02
05/03/2019,11:00,9,2.679,3.179,-3.862,.650,.161, 9.907E+02, 6.574E+01, 7.762E-03, 1.094E-01, 3.188E+00, 6.046E+01, 2.632E+01, 2.244E+01, 4.436E+01, 4.127E+01, 6.504E+00, 1.018E+00, 3.893E-01, 2.950E-01, 1.000E+00, 6.200E-01, 6.613E-01, 1.000E-02, 1.000E+00, 1.000E+00, 6.200E-03, 3.748E-05, 3.997E-05, 0.000E+00, 4.258E+01, 1.756E+01, 1.429E-03, 1.377E-04, 6.385E+02, 1.461E-03, 1.689E-02
05/03/2019,12:00,9,2.679,3.179,-4.008,.652,.158, 9.922E+02, 6.674E+01, 2.958E-03, 1.091E-01, 3.913E+01, 9.383E+01, 8.571E+01, 3.617E+01, 3.892E+01, 3.908E+01, 6.309E+00, 9.061E-01, 3.783E-01, 2.849E-01, 1.000E+00, 8.301E-01, 9.706E-01, 1.000E-02, 1.000E+00, 1.000E+00, 8.301E-03, 5.015E-05, 5.864E-05, 0.000E+00, 4.366E+01, 1.807E+01, 1.429E-03, 1.842E-04, 6.200E+02, 1.499E-03, 6.534E-02
05/03/2019,13:00,9,2.679,3.179,-4.454,.632,.162, 9.936E+02, 6.975E+01, 2.958E-03, 1.043E-01, 3.212E+01, 8.164E+01, 7.786E+01, 3.146E+01, 3.892E+01, 3.908E+01, 5.873E+00, 9.047E-01, 3.522E-01, 2.530E-01, 1.000E+00, 7.849E-01, 9.593E-01, 1.000E-02, 1.000E+00, 1.000E+00, 7.849E-03, 4.734E-05, 5.787E-05, 0.000E+00, 4.690E+01, 1.941E+01, 1.429E-03, 1.739E-04, 6.240E+02, 1.482E-03, 8.539E-02
05/03/2019,14:00,9,2.679,3.179,-4.901,.611,.165, 9.950E+02, 7.446E+01, 2.958E-03, 9.944E-02, 2.131E+01, 6.123E+01, 6.333E+01, 2.355E+01, 3.892E+01, 3.908E+01, 5.447E+00, 9.033E-01, 3.267E-01, 1.986E-01, 1.000E+00, 6.811E-01, 9.261E-01, 1.000E-02, 1.000E+00, 1.000E+00, 6.811E-03, 4.101E-05, 5.577E-05, 0.000E+00, 5.056E+01, 2.092E+01, 1.429E-03, 1.507E-04, 6.332E+02, 1.454E-03, 1.652E-01
05/03/2019,15:00,9,2.679,3.179,-5.348,.591,.168, 9.964E+02, 8.047E+01, 5.083E-03, 9.461E-02, 2.428E+01, 3.651E+01, 8.799E+01, 1.467E+01,-3.075E+01, 2.169E+01, 5.034E+00, 5.680E-01, 2.870E-01, 1.236E-01, 1.000E+00, 5.174E-01, 9.732E-01, 1.000E-02, 1.000E+00, 1.000E+00, 5.174E-03, 3.110E-05, 5.851E-05, 0.000E+00, 6.111E+01, 2.382E+01, 1.429E-03, 1.143E-04, 6.482E+02, 1.407E-03, 1.924E-01
05/03/2019,16:00,9,2.679,3.179,-5.984,.635,.143, 9.975E+02, 8.735E+01, 5.083E-03, 9.461E-02, 3.950E-01, 9.603E+00, 7.840E+00, 3.567E+00,-3.075E+01, 2.169E+01, 4.382E+00, 5.670E-01, 2.498E-01, 3.451E-02, 1.000E+00, 1.412E-01, 2.756E-01, 1.000E-02, 1.000E+00, 1.000E+00, 1.412E-03, 8.471E-06, 1.653E-05, 0.000E+00, 7.023E+01, 2.736E+01, 1.429E-03, 3.112E-05, 6.851E+02, 1.321E-03, 1.670E-01
05/03/2019,17:00,9,2.679,3.179,-6.620,.679,.120, 9.987E+02, 9.471E+01, 5.083E-03, 9.461E-02, 0.000E+00, 0.000E+00, 0.000E+00, 0.000E+00,-3.075E+01, 2.169E+01, 3.747E+00, 5.660E-01, 2.136E-01,-9.990E+02, 1.000E+00,-9.990E+02, 0.000E+00, 0.000E+00, 0.000E+00, 1.000E+00, 0.000E+00, 0.000E+00, 0.000E+00, 0.000E+00, 8.216E+01, 3.201E+01, 1.429E-03, 0.000E+00, 7.000E+02, 1.275E-03, 1.489E-01
05/03/2019,18:00,9,2.679,3.179,-7.255,.723,.098, 9.999E+02, 1.022E+02, 5.575E-03, 9.461E-02, 0.000E+00, 0.000E+00, 0.000E+00, 0.000E+00,-2.570E+01, 4.580E+00, 3.139E+00, 2.851E-01, 1.462E-01,-9.990E+02, 1.000E+00,-9.990E+02, 0.000E+00, 0.000E+00, 0.000E+00, 1.000E+00, 0.000E+00, 0.000E+00, 0.000E+00, 0.000E+00, 1.468E+02, 4.675E+01, 1.429E-03, 0.000E+00, 7.000E+02, 1.212E-03, 1.401E-01
05/03/2019,19:00,9,2.679,3.179,-8.169,.755,.081, 1.001E+03, 1.093E+02, 5.575E-03, 9.461E-02, 0.000E+00, 0.000E+00, 0.000E+00, 0.000E+00,-2.570E+01, 4.580E+00, 2.889E+00, 2.845E-01, 1.344E-01,-9.990E+02, 1.000E+00,-9.990E+02, 0.000E+00, 0.000E+00, 0.000E+00, 1.000E+00, 0.000E+00, 0.000E+00, 0.000E+00, 0.000E+00, 1.599E+02, 5.085E+01, 1.429E-03, 0.000E+00, 7.000E+02, 1.196E-03, 1.288E-01
05/03/2019,20:00,9,2.679,3.179,-9.082,.787,.066, 1.002E+03, 1.157E+02, 5.575E-03, 9.461E-02, 0.000E+00, 0.000E+00, 0.000E+00, 0.000E+00,-2.570E+01, 4.580E+00, 2.712E+00, 2.838E-01, 1.260E-01,-9.990E+02, 1.000E+00,-9.990E+02, 0.000E+00, 0.000E+00, 0.000E+00, 1.000E+00, 0.000E+00, 0.000E+00, 0.000E+00, 0.000E+00, 1.707E+02, 5.423E+01, 1.429E-03, 0.000E+00, 7.000E+02, 1.183E-03, 1.186E-01
05/03/2019,21:00,9,2.679,3.179,-9.996,.819,.052, 1.002E+03, 1.208E+02, 6.120E-04, 9.461E-02, 0.000E+00, 0.000E+00, 0.000E+00, 0.000E+00,-1.740E+01,-3.414E+00, 2.623E+00, 2.007E-01, 1.017E-01,-9.990E+02, 1.000E+00,-9.990E+02, 0.000E+00, 0.000E+00, 0.000E+00, 1.000E+00, 0.000E+00, 0.000E+00, 0.000E+00, 0.000E+00, 2.536E+02, 6.721E+01, 1.429E-03, 0.000E+00, 7.000E+02, 1.131E-03, 1.269E-01
05/03/2019,22:00,9,2.679,3.179,-11.510,.828,.044, 1.003E+03, 1.242E+02, 6.120E-04, 9.461E-02, 0.000E+00, 0.000E+00, 0.000E+00, 0.000E+00,-1.740E+01,-3.414E+00, 2.505E+00, 2.001E-01, 1.000E-01,-9.990E+02, 1.000E+00,-9.990E+02, 0.000E+00, 0.000E+00, 0.000E+00, 1.000E+00, 0.000E+00, 0.000E+00, 0.000E+00, 0.000E+00, 2.587E+02, 6.835E+01, 1.429E-03, 0.000E+00, 7.000E+02, 1.127E-03, 1.573E-01
05/03/2019,23:00,9,2.679,3.179,-13.024,.837,.037, 1.004E+03, 1.254E+02, 6.120E-04, 9.461E-02, 0.000E+00, 0.000E+00, 0.000E+00, 0.000E+00,-1.740E+01,-3.414E+00, 2.502E+00, 1.994E-01, 1.000E-01,-9.990E+02, 1.000E+00,-9.990E+02, 0.000E+00, 0.000E+00, 0.000E+00, 1.000E+00, 0.000E+00, 0.000E+00, 0.000E+00, 0.000E+00, 2.596E+02, 6.835E+01, 1.429E-03, 0.000E+00, 7.000E+02, 1.127E-03, 1.833E-01
06/03/2019,00:00,9,2.690,3.190,-14.538,.845,.031, 1.004E+03, 1.243E+02, 3.810E-04, 9.461E-02, 0.000E+00, 0.000E+00, 0.000E+00, 0.000E+00,-1.009E+01,-1.794E+00, 2.616E+00, 1.196E-01, 1.000E-01,-9.990E+02, 1.000E+00,-9.990E+02, 0.000E+00, 0.000E+00, 0.000E+00, 1.000E+00, 0.000E+00, 0.000E+00, 0.000E+00, 0.000E+00, 4.132E+02, 6.835E+01, 1.429E-03, 0.000E+00, 7.000E+02, 1.109E-03, 2.149E-01
06/03/2019,01:00,9,2.690,3.190,-14.585,.834,.033, 1.004E+03, 1.209E+02, 3.810E-04, 9.944E-02, 0.000E+00, 0.000E+00, 0.000E+00, 0.000E+00,-1.009E+01,-1.794E+00, 2.192E+00, 1.196E-01, 1.000E-01,-9.990E+02, 1.000E+00,-9.990E+02, 0.000E+00, 0.000E+00, 0.000E+00, 1.000E+00, 0.000E+00, 0.000E+00, 0.000E+00, 0.000E+00, 4.132E+02, 6.835E+01, 1.429E-03, 0.000E+00, 7.000E+02, 1.109E-03, 2.719E-01
06/03/2019,02:00,9,2.690,3.190,-14.633,.823,.035, 1.005E+03, 1.158E+02, 3.810E-04, 1.043E-01, 0.000E+00, 0.000E+00, 0.000E+00, 0.000E+00,-1.009E+01,-1.794E+00, 1.817E+00, 1.196E-01, 1.000E-01,-9.990E+02, 1.000E+00,-9.990E+02, 0.000E+00, 0.000E+00, 0.000E+00, 1.000E+00, 0.000E+00, 0.000E+00, 0.000E+00, 0.000E+00, 4.133E+02, 6.835E+01, 1.429E-03, 0.000E+00, 7.000E+02, 1.109E-03, 3.270E-01
06/03/2019,03:00,9,2.690,3.190,-14.680,.811,.037, 1.005E+03, 1.094E+02, 3.740E-05, 1.091E-01, 0.000E+00, 0.000E+00, 0.000E+00, 0.000E+00,-7.433E+00,-1.097E+00, 1.530E+00, 1.000E-01, 1.000E-01,-9.990E+02, 1.000E+00,-9.990E+02, 0.000E+00, 0.000E+00, 0.000E+00, 1.000E+00, 0.000E+00, 0.000E+00, 0.000E+00, 0.000E+00, 4.770E+02, 6.835E+01, 1.429E-03, 0.000E+00, 7.000E+02, 1.102E-03, 3.838E-01
06/03/2019,04:00,9,2.690,3.190,-15.308,.820,.034, 1.005E+03, 1.023E+02, 3.740E-05, 1.091E-01, 0.000E+00, 0.000E+00, 0.000E+00, 0.000E+00,-7.433E+00,-1.097E+00, 1.410E+00, 1.000E-01, 1.000E-01,-9.990E+02, 1.000E+00,-9.990E+02, 0.000E+00, 0.000E+00, 0.000E+00, 1.000E+00, 0.000E+00, 0.000E+00, 0.000E+00, 0.000E+00, 4.770E+02, 6.835E+01, 1.429E-03, 0.000E+00, 7.000E+02, 1.102E-03, 4.760E-01
06/03/2019,05:00,9,2.690,3.190,-15.935,.829,.031, 1.005E+03, 9.479E+01, 3.740E-05, 1.091E-01, 0.000E+00, 0.000E+00, 0.000E+00, 0.000E+00,-7.433E+00,-1.097E+00, 1.877E+00, 1.000E-01, 1.000E-01,-9.990E+02, 1.000E+00,-9.990E+02, 0.000E+00, 0.000E+00, 0.000E+00, 1.000E+00, 0.000E+00, 0.000E+00, 0.000E+00, 0.000E+00, 4.769E+02, 6.835E+01, 1.429E-03, 0.000E+00, 7.000E+02, 1.102E-03, 6.699E-01
06/03/2019,06:00,9,2.690,3.190,-16.563,.837,.028, 1.005E+03, 8.739E+01, 8.200E-04, 1.091E-01, 4.488E-01, 1.013E+01, 8.688E+00, 3.755E+00, 1.040E+01, 1.098E+00, 2.635E+00, 3.324E-01, 1.630E-01, 3.383E-02, 1.000E+00, 1.484E-01, 3.005E-01, 1.000E-02, 1.000E+00, 1.000E+00, 1.484E-03, 8.550E-06, 1.731E-05, 0.000E+00, 9.552E+01, 4.193E+01, 1.429E-03, 3.154E-05, 6.849E+02, 1.260E-03, 9.678E-01
06/03/2019,07:00,9,2.690,3.190,-12.830,.780,.051, 1.005E+03, 8.045E+01, 8.200E-04, 1.091E-01, 3.057E+01, 3.495E+01, 1.065E+02, 1.437E+01, 1.040E+01, 1.098E+00, 2.703E+00, 3.348E-01, 1.671E-01, 1.233E-01, 1.000E+00, 5.130E-01, 9.875E-01, 1.000E-02, 1.000E+00, 1.000E+00, 5.130E-03, 2.998E-05, 5.771E-05, 0.000E+00, 9.328E+01, 4.090E+01, 1.429E-03, 1.106E-04, 6.497E+02, 1.323E-03, 1.140E+00
06/03/2019,08:00,9,2.690,3.190,-9.098,.723,.086, 1.005E+03, 7.437E+01, 8.200E-04, 1.091E-01, 7.597E+01, 5.187E+01, 1.635E+02, 2.247E+01, 1.040E+01, 1.098E+00, 2.801E+00, 3.372E-01, 1.730E-01, 1.989E-01, 1.000E+00, 6.818E-01, 9.988E-01, 1.000E-02, 1.000E+00, 1.000E+00, 6.818E-03, 4.042E-05, 5.921E-05, 0.000E+00, 9.020E+01, 3.950E+01, 1.429E-03, 1.491E-04, 6.339E+02, 1.358E-03, 1.128E+00
06/03/2019,09:00,9,2.690,3.190,-5.365,.665,.137, 1.005E+03, 6.957E+01, 9.103E-03, 1.091E-01, 4.744E+01, 8.415E+01, 1.009E+02, 3.292E+01, 7.557E+01, 2.218E+01, 2.925E+00, 6.090E-01, 1.819E-01, 2.540E-01, 1.000E+00, 8.034E-01, 9.842E-01, 1.000E-02, 1.000E+00, 1.000E+00, 8.034E-03, 4.830E-05, 5.917E-05, 0.000E+00, 8.470E+01, 3.757E+01, 1.429E-03, 1.781E-04, 6.224E+02, 1.389E-03, 1.014E+00
06/03/2019,10:00,9,2.690,3.190,-4.232,.680,.143, 1.004E+03, 6.646E+01, 9.103E-03, 1.091E-01, 5.803E+01, 9.626E+01, 1.103E+02, 3.769E+01, 7.557E+01, 2.218E+01, 3.157E+00, 6.104E-01, 1.963E-01, 2.868E-01, 1.000E+00, 8.456E-01, 9.893E-01, 1.000E-02, 1.000E+00, 1.000E+00, 8.456E-03, 5.105E-05, 5.972E-05, 0.000E+00, 7.854E+01, 3.482E+01, 1.429E-03, 1.883E-04, 6.185E+02, 1.411E-03, 3.006E-01
06/03/2019,11:00,9,2.690,3.190,-3.099,.694,.149, 1.004E+03, 6.535E+01, 9.103E-03, 1.091E-01, 6.180E+01, 1.004E+02, 1.134E+02, 3.931E+01, 7.557E+01, 2.218E+01, 3.390E+00, 6.119E-01, 2.108E-01, 2.978E-01, 1.000E+00, 8.578E-01, 9.906E-01, 1.000E-02, 1.000E+00, 1.000E+00, 8.578E-03, 5.200E-05, 6.005E-05, 0.000E+00, 7.317E+01, 3.243E+01, 1.429E-03, 1.918E-04, 6.171E+02, 1.426E-03, 2.583E-01
06/03/2019,12:00,9,2.690,3.190,-1.966,.709,.154, 1.003E+03, 6.636E+01, 2.391E-02, 1.091E-01, 9.543E+00, 7.338E+01, 3.928E+01, 2.738E+01, 1.980E+01, 1.634E+01, 3.626E+00, 5.204E-01, 2.204E-01, 2.877E-01, 1.000E+00, 7.119E-01, 8.013E-01, 1.000E-02, 1.000E+00, 1.000E+00, 7.119E-03, 4.334E-05, 4.878E-05, 0.000E+00, 7.303E+01, 3.102E+01, 1.429E-03, 1.598E-04, 6.296E+02, 1.408E-03, 2.604E-01
06/03/2019,13:00,9,2.690,3.190,-1.681,.745,.138, 1.003E+03, 6.939E+01, 2.391E-02, 1.068E-01, 7.863E+00, 6.329E+01, 3.479E+01, 2.362E+01, 1.980E+01, 1.634E+01, 3.498E+00, 5.207E-01, 2.126E-01, 2.560E-01, 1.000E+00, 6.572E-01, 7.609E-01, 1.000E-02, 1.000E+00, 1.000E+00, 6.572E-03, 4.005E-05, 4.637E-05, 0.000E+00, 7.571E+01, 3.215E+01, 1.429E-03, 1.477E-04, 6.344E+02, 1.392E-03, 2.536E-01
06/03/2019,14:00,9,2.690,3.190,-1.397,.781,.121, 1.003E+03, 7.412E+01, 2.391E-02, 1.045E-01, 5.266E+00, 4.673E+01, 2.706E+01, 1.743E+01, 1.980E+01, 1.634E+01, 3.371E+00, 5.211E-01, 2.049E-01, 2.019E-01, 1.000E+00, 5.440E-01, 6.714E-01, 1.000E-02, 1.000E+00, 1.000E+00, 5.440E-03, 3.319E-05, 4.096E-05, 0.000E+00, 7.857E+01, 3.336E+01, 1.429E-03, 1.224E-04, 6.448E+02, 1.367E-03, 2.696E-01
06/03/2019,15:00,9,2.690,3.190,-1.112,.816,.103, 1.002E+03, 8.015E+01, 5.544E-03, 1.022E-01, 1.030E+00, 2.113E+01, 1.083E+01, 7.826E+00,-7.623E+00, 4.829E+00, 3.245E+00, 2.360E-01, 1.686E-01, 1.272E-01, 1.000E+00, 2.860E-01, 3.596E-01, 1.000E-02, 1.000E+00, 1.000E+00, 2.860E-03, 1.746E-05, 2.196E-05, 0.000E+00, 1.142E+02, 4.055E+01, 1.429E-03, 6.441E-05, 6.698E+02, 1.286E-03, 2.789E-01
06/03/2019,16:00,9,2.690,3.190,-1.355,.845,.086, 1.002E+03, 8.704E+01, 5.544E-03, 1.022E-01, 2.619E-02, 3.954E+00, 1.710E+00, 1.457E+00,-7.623E+00, 4.829E+00, 2.680E+00, 2.359E-01, 1.392E-01, 3.841E-02, 1.000E+00, 5.853E-02, 6.792E-02, 1.000E-02, 1.000E+00, 1.000E+00, 5.853E-04, 3.571E-06, 4.144E-06, 0.000E+00, 1.383E+02, 4.911E+01, 1.429E-03, 1.317E-05, 6.936E+02, 1.214E-03, 2.804E-01
06/03/2019,17:00,9,2.690,3.190,-1.599,.874,.068, 1.002E+03, 9.440E+01, 5.544E-03, 1.022E-01, 0.000E+00, 0.000E+00, 0.000E+00, 0.000E+00,-7.623E+00, 4.829E+00, 2.135E+00, 2.358E-01, 1.109E-01,-9.990E+02, 1.000E+00,-9.990E+02, 0.000E+00, 0.000E+00, 0.000E+00, 1.000E+00, 0.000E+00, 0.000E+00, 0.000E+00, 0.000E+00, 1.736E+02, 6.164E+01, 1.429E-03, 0.000E+00, 7.000E+02, 1.158E-03, 2.756E-01
06/03/2019,18:00,9,2.690,3.190,-1.843,.903,.052, 1.002E+03, 1.018E+02, 7.038E-03, 1.022E-01, 0.000E+00, 0.000E+00, 0.000E+00, 0.000E+00,-9.942E+00,-1.442E+00, 1.633E+00, 1.688E-01, 1.000E-01,-9.990E+02, 1.000E+00,-9.990E+02, 0.000E+00, 0.000E+00, 0.000E+00, 1.000E+00, 0.000E+00, 0.000E+00, 0.000E+00, 0.000E+00, 2.544E+02, 6.835E+01, 1.429E-03, 0.000E+00, 7.000E+02, 1.127E-03, 3.050E-01
06/03/2019,19:00,9,2.690,3.190,-1.884,.916,.045, 1.001E+03, 1.090E+02, 7.038E-03, 1.022E-01, 0.000E+00, 0.000E+00, 0.000E+00, 0.000E+00,-9.942E+00,-1.442E+00, 1.666E+00, 1.688E-01, 1.000E-01,-9.990E+02, 1.000E+00,-9.990E+02, 0.000E+00, 0.000E+00, 0.000E+00, 1.000E+00, 0.000E+00, 0.000E+00, 0.000E+00, 0.000E+00, 2.544E+02, 6.835E+01, 1.429E-03, 0.000E+00, 7.000E+02, 1.127E-03, 3.198E-01
06/03/2019,20:00,9,2.690,3.190,-1.926,.928,.038, 1.001E+03, 1.154E+02, 7.038E-03, 1.022E-01, 0.000E+00, 0.000E+00, 0.000E+00, 0.000E+00,-9.942E+00,-1.442E+00, 1.838E+00, 1.689E-01, 1.000E-01,-9.990E+02, 1.000E+00,-9.990E+02, 0.000E+00, 0.000E+00, 0.000E+00, 1.000E+00, 0.000E+00, 0.000E+00, 0.000E+00, 0.000E+00, 2.544E+02, 6.835E+01, 1.429E-03, 0.000E+00, 7.000E+02, 1.127E-03, 3.145E-01
06/03/2019,21:00,9,2.690,3.190,-1.968,.941,.031, 1.000E+03, 1.205E+02, 1.642E-01, 1.022E-01, 0.000E+00, 0.000E+00, 0.000E+00, 0.000E+00,-1.357E+01,-1.155E+00, 2.116E+00, 3.315E-01, 1.151E-01,-9.990E+02, 1.000E+00,-9.990E+02, 0.000E+00, 0.000E+00, 0.000E+00, 1.000E+00, 0.000E+00, 0.000E+00, 0.000E+00, 0.000E+00, 1.598E+02, 5.940E+01, 1.429E-03, 0.000E+00, 7.000E+02, 1.167E-03, 3.201E-01
06/03/2019,22:00,9,2.690,3.190,-1.514,.949,.028, 9.995E+02, 1.239E+02, 1.642E-01, 1.030E-01, 0.000E+00, 0.000E+00, 0.000E+00, 0.000E+00,-1.357E+01,-1.155E+00, 2.359E+00, 3.319E-01, 1.283E-01,-9.990E+02, 1.000E+00,-9.990E+02, 0.000E+00, 0.000E+00, 0.000E+00, 1.000E+00, 0.000E+00, 0.000E+00, 0.000E+00, 0.000E+00, 1.433E+02, 5.327E+01, 1.429E-03, 0.000E+00, 7.000E+02, 1.190E-03, 2.938E-01
06/03/2019,23:00,9,2.690,3.190,-1.060,.957,.024, 9.987E+02, 1.251E+02, 1.642E-01, 1.038E-01, 0.000E+00, 0.000E+00, 0.000E+00, 0.000E+00,-1.357E+01,-1.155E+00, 2.606E+00, 3.323E-01, 1.418E-01,-9.990E+02, 1.000E+00,-9.990E+02, 0.000E+00, 0.000E+00, 0.000E+00, 1.000E+00, 0.000E+00, 0.000E+00, 0.000E+00, 0.000E+00, 1.297E+02, 4.822E+01, 1.429E-03, 0.000E+00, 7.000E+02, 1.209E-03, 4.297E-02
07/03/2019,00:00,9,2.700,3.200,-.606,.965,.020, 9.979E+02, 1.239E+02, 3.073E-01, 1.045E-01, 0.000E+00, 0.000E+00, 0.000E+00, 0.000E+00,-1.623E+01,-4.630E+00, 2.854E+00, 4.660E-01, 1.630E-01,-9.990E+02, 1.000E+00,-9.990E+02, 0.000E+00, 0.000E+00, 0.000E+00, 1.000E+00, 0.000E+00, 0.000E+00, 0.000E+00, 0.000E+00, 1.074E+02, 4.193E+01, 5.481E-03, 0.000E+00, 1.825E+02, 3.418E-03, 4.027E-02
07/03/2019,01:00,9,2.700,3.200,-.274,.964,.021, 9.966E+02, 1.205E+02, 3.073E-01, 1.091E-01, 0.000E+00, 0.000E+00, 0.000E+00, 0.000E+00,-1.623E+01,-4.630E+00, 3.145E+00, 4.666E-01, 1.797E-01,-9.990E+02, 1.000E+00,-9.990E+02, 0.000E+00, 0.000E+00, 0.000E+00, 1.000E+00, 0.000E+00, 0.000E+00, 0.000E+00, 0.000E+00, 9.744E+01, 3.805E+01, 6.282E-03, 0.000E+00, 1.592E+02, 3.859E-03, 2.122E-02
07/03/2019,02:00,9,2.700,3.200,.058,.963,.022, 9.954E+02, 1.154E+02, 3.073E-01, 1.137E-01, 0.000E+00, 0.000E+00, 0.000E+00, 0.000E+00,-1.623E+01,-4.630E+00, 3.447E+00, 4.671E-01, 1.969E-01,-9.990E+02, 1.000E+00,-9.990E+02, 0.000E+00, 0.000E+00, 0.000E+00, 1.000E+00, 0.000E+00, 0.000E+00, 0.000E+00, 0.000E+00, 8.889E+01, 3.471E+01, 7.356E-03, 0.000E+00, 1.359E+02, 4.403E-03, 7.698E-03
07/03/2019,03:00,9,2.700,3.200,.390,.963,.023, 9.942E+02, 1.090E+02, 7.889E-01, 1.183E-01, 0.000E+00, 0.000E+00, 0.000E+00, 0.000E+00,-1.822E+01,-2.921E+00, 3.758E+00, 6.111E-01, 2.188E-01,-9.990E+02, 1.000E+00,-9.990E+02, 0.000E+00, 0.000E+00, 0.000E+00, 1.000E+00, 0.000E+00, 0.000E+00, 0.000E+00, 0.000E+00, 7.847E+01, 3.123E+01, 8.875E-03, 0.000E+00, 1.127E+02, 5.139E-03, 6.527E-02
07/03/2019,04:00,9,2.700,3.200,.583,.962,.024, 9.928E+02, 1.019E+02, 7.889E-01, 1.218E-01, 0.000E+00, 0.000E+00, 0.000E+00, 0.000E+00,-1.822E+01,-2.921E+00, 3.958E+00, 6.117E-01, 2.305E-01,-9.990E+02, 1.000E+00,-9.990E+02, 0.000E+00, 0.000E+00, 0.000E+00, 1.000E+00, 0.000E+00, 0.000E+00, 0.000E+00, 0.000E+00, 7.449E+01, 2.965E+01, 1.008E-02, 0.000E+00, 9.922E+01, 5.650E-03, 5.160E-02
07/03/2019,05:00,9,2.700,3.200,.775,.962,.024, 9.915E+02, 9.442E+01, 7.889E-01, 1.254E-01, 0.000E+00, 0.000E+00, 0.000E+00, 0.000E+00,-1.822E+01,-2.921E+00, 4.159E+00, 6.123E-01, 2.422E-01,-9.990E+02, 1.000E+00,-9.990E+02, 0.000E+00, 0.000E+00, 0.000E+00, 1.000E+00, 0.000E+00, 0.000E+00, 0.000E+00, 0.000E+00, 7.090E+01, 2.822E+01, 1.166E-02, 0.000E+00, 8.577E+01, 6.258E-03, 2.109E-02
07/03/2019,06:00,9,2.700,3.200,.967,.962,.025, 9.901E+02, 8.702E+01, 4.031E-01, 1.289E-01, 1.155E-02, 3.339E+00, 1.338E+00, 1.226E+00, 1.881E+00,-2.588E+00, 4.359E+00, 5.889E-01, 2.594E-01, 3.847E-02, 1.000E+00, 4.936E-02, 5.353E-02, 1.000E-02, 1.000E+00, 1.000E+00, 4.936E-04, 3.037E-06, 3.294E-06, 0.000E+00, 6.468E+01, 2.635E+01, 1.383E-02, 1.125E-05, 7.226E+01, 7.080E-03, 3.221E-02
07/03/2019,07:00,9,2.700,3.200,1.173,.949,.034, 9.894E+02, 8.008E+01, 4.031E-01, 1.295E-01, 4.366E-01, 1.833E+01, 8.018E+00, 6.751E+00, 1.881E+00,-2.588E+00, 3.992E+00, 5.893E-01, 2.375E-01, 1.276E-01, 1.000E+00, 2.474E-01, 2.809E-01, 1.000E-02, 1.000E+00, 1.000E+00, 2.474E-03, 1.523E-05, 1.730E-05, 0.000E+00, 7.062E+01, 2.878E+01, 1.429E-02, 5.641E-05, 6.972E+01, 6.895E-03, 8.292E-02
07/03/2019,08:00,9,2.700,3.200,1.380,.937,.043, 9.888E+02, 7.399E+01, 4.031E-01, 1.300E-01, 1.036E+00, 3.464E+01, 1.464E+01, 1.276E+01, 1.881E+00,-2.588E+00, 3.653E+00, 5.897E-01, 2.174E-01, 2.028E-01, 1.000E+00, 4.173E-01, 4.523E-01, 1.000E-02, 1.000E+00, 1.000E+00, 4.173E-03, 2.572E-05, 2.788E-05, 0.000E+00, 7.718E+01, 3.145E+01, 1.429E-02, 9.523E-05, 6.954E+01, 6.586E-03, 1.029E-01
07/03/2019,09:00,9,2.700,3.200,1.586,.924,.052, 9.882E+02, 6.918E+01, 2.886E-02, 1.305E-01, 1.547E+00, 4.730E+01, 1.960E+01, 1.743E+01, 3.162E+01,-3.763E+00, 3.350E+00, 5.339E-01, 2.055E-01, 2.573E-01, 1.000E+00, 5.224E-01, 5.535E-01, 1.000E-02, 1.000E+00, 1.000E+00, 5.224E-03, 3.222E-05, 3.414E-05, 0.000E+00, 7.695E+01, 3.326E+01, 1.429E-02, 1.193E-04, 6.942E+01, 6.415E-03, 1.997E-01
07/03/2019,10:00,9,2.700,3.200,2.008,.915,.060, 9.874E+02, 6.606E+01, 2.886E-02, 1.284E-01, 1.881E+00, 5.515E+01, 2.263E+01, 2.032E+01, 3.162E+01,-3.763E+00, 3.189E+00, 5.346E-01, 1.956E-01, 2.897E-01, 1.000E+00, 5.778E-01, 6.058E-01, 1.000E-02, 1.000E+00, 1.000E+00, 5.778E-03, 3.569E-05, 3.742E-05, 0.000E+00, 8.086E+01, 3.494E+01, 1.429E-02, 1.322E-04, 6.936E+01, 6.242E-03, 1.938E-01
07/03/2019,11:00,9,2.700,3.200,2.431,.905,.069, 9.866E+02, 6.496E+01, 2.886E-02, 1.264E-01, 2.000E+00, 5.786E+01, 2.368E+01, 2.131E+01, 3.162E+01,-3.763E+00, 3.043E+00, 5.352E-01, 1.866E-01, 3.006E-01, 1.000E+00, 5.954E-01, 6.223E-01, 1.000E-02, 1.000E+00, 1.000E+00, 5.954E-03, 3.683E-05, 3.850E-05, 0.000E+00, 8.476E+01, 3.662E+01, 1.429E-02, 1.364E-04, 6.934E+01, 6.077E-03, 2.492E-01
07/03/2019,12:00,9,2.700,3.200,2.853,.896,.078, 9.858E+02, 6.599E+01, 2.880E-03, 1.244E-01, 9.829E+00, 7.491E+01, 3.995E+01, 2.788E+01, 3.103E+01,-1.028E+01, 2.914E+00, 3.680E-01, 1.861E-01, 2.905E-01, 1.000E+00, 7.184E-01, 8.067E-01, 1.000E-02, 1.000E+00, 1.000E+00, 7.184E-03, 4.451E-05, 4.998E-05, 0.000E+00, 7.890E+01, 3.673E+01, 1.429E-02, 1.648E-04, 6.920E+01, 6.117E-03, 2.307E-01
07/03/2019,13:00,9,2.700,3.200,2.883,.902,.074, 9.853E+02, 6.903E+01, 2.880E-03, 1.206E-01, 8.135E+00, 6.481E+01, 3.549E+01, 2.412E+01, 3.103E+01,-1.028E+01, 2.534E+00, 3.682E-01, 1.619E-01, 2.589E-01, 1.000E+00, 6.651E-01, 7.677E-01, 1.000E-02, 1.000E+00, 1.000E+00, 6.651E-03, 4.121E-05, 4.757E-05, 0.000E+00, 9.073E+01, 4.223E+01, 1.429E-02, 1.526E-04, 6.926E+01, 5.629E-03, 1.975E-01
07/03/2019,14:00,9,2.700,3.200,2.914,.908,.070, 9.849E+02, 7.378E+01, 2.880E-03, 1.167E-01, 5.514E+00, 4.822E+01, 2.781E+01, 1.794E+01, 3.103E+01,-1.028E+01, 2.171E+00, 3.683E-01, 1.386E-01, 2.052E-01, 1.000E+00, 5.546E-01, 6.814E-01, 1.000E-02, 1.000E+00, 1.000E+00, 5.546E-03, 3.437E-05, 4.223E-05, 0.000E+00, 1.059E+02, 4.930E+01, 1.429E-02, 1.273E-04, 6.938E+01, 5.103E-03, 2.591E-01
07/03/2019,15:00,9,2.700,3.200,2.945,.914,.065, 9.844E+02, 7.982E+01, 2.114E-03, 1.129E-01, 4.620E-01, 1.905E+01, 8.321E+00, 7.014E+00,-1.190E+01,-5.863E+00, 1.832E+00, 1.759E-01, 1.000E-01, 1.308E-01, 1.000E+00, 2.557E-01, 2.898E-01, 1.000E-02, 1.000E+00, 1.000E+00, 2.557E-03, 1.585E-05, 1.796E-05, 0.000E+00, 2.610E+02, 6.835E+01, 1.429E-02, 5.870E-05, 6.971E+01, 3.887E-03, 2.503E-01
07/03/2019,16:00,9,2.700,3.200,2.566,.940,.044, 9.840E+02, 8.673E+01, 2.114E-03, 1.119E-01, 1.773E-02, 3.767E+00, 1.539E+00, 1.384E+00,-1.190E+01,-5.863E+00, 1.881E+00, 1.759E-01, 1.000E-01, 4.229E-02, 1.000E+00, 5.558E-02, 6.134E-02, 1.000E-02, 1.000E+00, 1.000E+00, 5.558E-04, 3.440E-06, 3.797E-06, 0.000E+00, 2.612E+02, 6.835E+01, 1.429E-02, 1.274E-05, 6.994E+01, 3.883E-03, 1.412E-01
07/03/2019,17:00,9,2.700,3.200,2.186,.967,.024, 9.837E+02, 9.409E+01, 2.114E-03, 1.109E-01, 0.000E+00, 0.000E+00, 0.000E+00, 0.000E+00,-1.190E+01,-5.863E+00, 2.098E+00, 1.758E-01, 1.000E-01,-9.990E+02, 1.000E+00,-9.990E+02, 0.000E+00, 0.000E+00, 0.000E+00, 1.000E+00, 0.000E+00, 0.000E+00, 0.000E+00, 0.000E+00, 2.613E+02, 6.835E+01, 1.429E-02, 0.000E+00, 7.000E+01, 3.882E-03, 8.768E-02
07/03/2019,18:00,9,2.700,3.200,1.806,.993,.005, 9.833E+02, 1.015E+02, 3.161E-01, 1.099E-01, 0.000E+00, 0.000E+00, 0.000E+00, 0.000E+00,-1.515E+01,-8.029E+00, 2.437E+00, 2.854E-01, 1.243E-01,-9.990E+02, 1.000E+00,-9.990E+02, 0.000E+00, 0.000E+00, 0.000E+00, 1.000E+00, 0.000E+00, 0.000E+00, 0.000E+00, 0.000E+00, 1.577E+02, 5.499E+01, 1.429E-02, 0.000E+00, 7.000E+01, 4.629E-03, 1.507E-02
07/03/2019,19:00,9,2.700,3.200,1.697,.994,.004, 9.825E+02, 1.087E+02, 3.161E-01, 1.089E-01, 0.000E+00, 0.000E+00, 0.000E+00, 0.000E+00,-1.515E+01,-8.029E+00, 2.447E+00, 2.855E-01, 1.248E-01,-9.990E+02, 1.000E+00,-9.990E+02, 0.000E+00, 0.000E+00, 0.000E+00, 1.000E+00, 0.000E+00, 0.000E+00, 0.000E+00, 0.000E+00, 1.570E+02, 5.475E+01, 1.429E-02, 0.000E+00, 7.000E+01, 4.642E-03, 1.290E-02
07/03/2019,20:00,9,2.700,3.200,1.588,.994,.004, 9.817E+02, 1.150E+02, 3.161E-01, 1.078E-01, 0.000E+00, 0.000E+00, 0.000E+00, 0.000E+00,-1.515E+01,-8.029E+00, 2.479E+00, 2.855E-01, 1.264E-01,-9.990E+02, 1.000E+00,-9.990E+02, 0.000E+00, 0.000E+00, 0.000E+00, 1.000E+00, 0.000E+00, 0.000E+00, 0.000E+00, 0.000E+00, 1.550E+02, 5.406E+01, 1.429E-02, 0.000E+00, 7.000E+01, 4.682E-03, 7.979E-03
07/03/2019,21:00,9,2.700,3.200,1.479,.994,.004, 9.810E+02, 1.201E+02, 2.710E-01, 1.068E-01, 0.000E+00, 0.000E+00, 0.000E+00, 0.000E+00,-2.735E+01,-1.059E+01, 2.530E+00, 4.506E-01, 1.397E-01,-9.990E+02, 1.000E+00,-9.990E+02, 0.000E+00, 0.000E+00, 0.000E+00, 1.000E+00, 0.000E+00, 0.000E+00, 0.000E+00, 0.000E+00, 1.296E+02, 4.892E+01, 1.429E-02, 0.000E+00, 7.000E+01, 5.027E-03, 5.754E-03
07/03/2019,22:00,9,2.700,3.200,2.234,.968,.023, 9.806E+02, 1.235E+02, 2.710E-01, 1.053E-01, 0.000E+00, 0.000E+00, 0.000E+00, 0.000E+00,-2.735E+01,-1.059E+01, 2.780E+00, 4.513E-01, 1.535E-01,-9.990E+02, 1.000E+00,-9.990E+02, 0.000E+00, 0.000E+00, 0.000E+00, 1.000E+00, 0.000E+00, 0.000E+00, 0.000E+00, 0.000E+00, 1.179E+02, 4.452E+01, 1.429E-02, 0.000E+00, 7.000E+01, 5.338E-03, 1.672E-02
07/03/2019,23:00,9,2.700,3.200,2.989,.941,.045, 9.803E+02, 1.247E+02, 2.710E-01, 1.038E-01, 0.000E+00, 0.000E+00, 0.000E+00, 0.000E+00,-2.735E+01,-1.059E+01, 3.834E+00, 4.519E-01, 2.119E-01,-9.990E+02, 1.000E+00,-9.990E+02, 0.000E+00, 0.000E+00, 0.000E+00, 1.000E+00, 0.000E+00, 0.000E+00, 0.000E+00, 0.000E+00, 8.543E+01, 3.226E+01, 1.429E-02, 0.000E+00, 7.000E+01, 6.450E-03, 1.691E-02
08/03/2019,00:00,9,2.711,3.211,3.744,.915,.068, 9.799E+02, 1.235E+02, 1.168E-02, 1.022E-01, 0.000E+00, 0.000E+00, 0.000E+00, 0.000E+00,-6.672E+01,-7.725E+00, 5.227E+00, 7.435E-01, 2.982E-01,-9.990E+02, 1.000E+00,-9.990E+02, 0.000E+00, 0.000E+00, 0.000E+00, 1.000E+00, 0.000E+00, 0.000E+00, 0.000E+00, 0.000E+00, 5.878E+01, 2.292E+01, 1.429E-02, 0.000E+00, 7.000E+01, 7.679E-03, 1.777E-01
08/03/2019,01:00,9,2.711,3.211,3.350,.919,.063, 9.796E+02, 1.201E+02, 1.168E-02, 9.690E-02, 0.000E+00, 0.000E+00, 0.000E+00, 0.000E+00,-6.672E+01,-7.725E+00, 5.140E+00, 7.431E-01, 2.932E-01,-9.990E+02, 1.000E+00,-9.990E+02, 0.000E+00, 0.000E+00, 0.000E+00, 1.000E+00, 0.000E+00, 0.000E+00, 0.000E+00, 0.000E+00, 5.978E+01, 2.331E+01, 1.429E-02, 0.000E+00, 7.000E+01, 7.619E-03, 1.636E-01
08/03/2019,02:00,9,2.711,3.211,2.956,.923,.058, 9.793E+02, 1.150E+02, 1.168E-02, 9.156E-02, 0.000E+00, 0.000E+00, 0.000E+00, 0.000E+00,-6.672E+01,-7.725E+00, 5.104E+00, 7.427E-01, 2.911E-01,-9.990E+02, 1.000E+00,-9.990E+02, 0.000E+00, 0.000E+00, 0.000E+00, 1.000E+00, 0.000E+00, 0.000E+00, 0.000E+00, 0.000E+00, 6.022E+01, 2.348E+01, 1.429E-02, 0.000E+00, 7.000E+01, 7.593E-03, 1.075E-01
08/03/2019,03:00,9,2.711,3.211,2.562,.927,.054, 9.790E+02, 1.087E+02, 3.700E-01, 8.622E-02, 0.000E+00, 0.000E+00, 0.000E+00, 0.000E+00,-7.310E+01,-1.722E+00, 5.118E+00, 7.481E-01, 2.911E-01,-9.990E+02, 1.000E+00,-9.990E+02, 0.000E+00, 0.000E+00, 0.000E+00, 1.000E+00, 0.000E+00, 0.000E+00, 0.000E+00, 0.000E+00, 6.039E+01, 2.348E+01, 1.429E-02, 0.000E+00, 7.000E+01, 7.592E-03, 1.619E-01
08/03/2019,04:00,9,2.711,3.211,2.162,.937,.045, 9.787E+02, 1.015E+02, 3.700E-01, 8.520E-02, 0.000E+00, 0.000E+00, 0.000E+00, 0.000E+00,-7.310E+01,-1.722E+00, 5.145E+00, 7.477E-01, 2.926E-01,-9.990E+02, 1.000E+00,-9.990E+02, 0.000E+00, 0.000E+00, 0.000E+00, 1.000E+00, 0.000E+00, 0.000E+00, 0.000E+00, 0.000E+00, 6.009E+01, 2.336E+01, 1.429E-02, 0.000E+00, 7.000E+01, 7.610E-03, 2.080E-01
08/03/2019,05:00,9,2.711,3.211,1.762,.948,.036, 9.783E+02, 9.405E+01, 3.700E-01, 8.418E-02, 0.000E+00, 0.000E+00, 0.000E+00, 0.000E+00,-7.310E+01,-1.722E+00, 5.191E+00, 7.473E-01, 2.952E-01,-9.990E+02, 1.000E+00,-9.990E+02, 0.000E+00, 0.000E+00, 0.000E+00, 1.000E+00, 0.000E+00, 0.000E+00, 0.000E+00, 0.000E+00, 5.956E+01, 2.315E+01, 1.429E-02, 0.000E+00, 7.000E+01, 7.642E-03, 1.434E-01
08/03/2019,06:00,9,2.711,3.211,1.361,.959,.028, 9.779E+02, 8.665E+01, 5.966E-01, 8.317E-02, 2.498E-01, 7.491E+00, 4.894E+00, 2.756E+00,-2.333E+01, 8.225E+00, 5.257E+00, 7.246E-01, 3.074E-01, 4.309E-02, 1.000E+00, 1.104E-01, 1.823E-01, 1.000E-02, 1.000E+00, 1.000E+00, 1.104E-03, 6.803E-06, 1.124E-05, 0.000E+00, 5.562E+01, 2.223E+01, 1.429E-02, 2.529E-05, 6.988E+01, 7.802E-03, 1.533E-01
08/03/2019,07:00,9,2.711,3.211,1.627,.956,.030, 9.775E+02, 7.970E+01, 5.966E-01, 8.266E-02, 5.993E+00, 3.344E+01, 2.929E+01, 1.253E+01,-2.333E+01, 8.225E+00, 4.909E+00, 7.251E-01, 2.871E-01, 1.318E-01, 1.000E+00, 4.420E-01, 7.002E-01, 1.000E-02, 1.000E+00, 1.000E+00, 4.420E-03, 2.726E-05, 4.319E-05, 0.000E+00, 5.955E+01, 2.381E+01, 1.429E-02, 1.014E-04, 6.951E+01, 7.580E-03, 1.285E-01
08/03/2019,08:00,9,2.711,3.211,1.892,.954,.032, 9.771E+02, 7.360E+01, 5.966E-01, 8.215E-02, 1.365E+01, 5.946E+01, 4.654E+01, 2.236E+01,-2.333E+01, 8.225E+00, 4.565E+00, 7.256E-01, 2.670E-01, 2.065E-01, 1.000E+00, 6.533E-01, 8.525E-01, 1.000E-02, 1.000E+00, 1.000E+00, 6.533E-03, 4.034E-05, 5.264E-05, 0.000E+00, 6.404E+01, 2.560E+01, 1.429E-02, 1.500E-04, 6.927E+01, 7.332E-03, 1.446E-01
08/03/2019,09:00,9,2.711,3.211,2.157,.952,.034, 9.767E+02, 6.879E+01, 4.426E-01, 8.164E-02, 1.598E+00, 4.846E+01, 2.001E+01, 1.780E+01,-1.258E+01, 4.953E+00, 4.225E+00, 6.097E-01, 2.474E-01, 2.606E-01, 1.000E+00, 5.301E-01, 5.609E-01, 1.000E-02, 1.000E+00, 1.000E+00, 5.301E-03, 3.276E-05, 3.467E-05, 0.000E+00, 6.901E+01, 2.762E+01, 1.429E-02, 1.218E-04, 6.941E+01, 7.051E-03, 1.528E-01
08/03/2019,10:00,9,2.711,3.211,2.606,.942,.043, 9.763E+02, 6.567E+01, 4.426E-01, 8.011E-02, 1.933E+00, 5.627E+01, 2.302E+01, 2.067E+01,-1.258E+01, 4.953E+00, 4.053E+00, 6.103E-01, 2.374E-01, 2.926E-01, 1.000E+00, 5.842E-01, 6.120E-01, 1.000E-02, 1.000E+00, 1.000E+00, 5.842E-03, 3.616E-05, 3.789E-05, 0.000E+00, 7.193E+01, 2.880E+01, 1.429E-02, 1.345E-04, 6.935E+01, 6.904E-03, 2.355E-01
08/03/2019,11:00,9,2.711,3.211,3.056,.932,.052, 9.759E+02, 6.457E+01, 4.426E-01, 7.859E-02, 2.051E+00, 5.895E+01, 2.404E+01, 2.165E+01,-1.258E+01, 4.953E+00, 3.890E+00, 6.109E-01, 2.278E-01, 3.033E-01, 1.000E+00, 6.013E-01, 6.280E-01, 1.000E-02, 1.000E+00, 1.000E+00, 6.013E-03, 3.728E-05, 3.894E-05, 0.000E+00, 7.494E+01, 3.000E+01, 1.429E-02, 1.386E-04, 6.933E+01, 6.758E-03, 2.321E-01
08/03/2019,12:00,9,2.711,3.211,3.506,.922,.061, 9.755E+02, 6.561E+01, 4.053E-01, 7.706E-02, 1.940E+00, 5.643E+01, 2.308E+01, 2.073E+01,-1.179E+01,-7.432E+00, 3.738E+00, 3.008E-01, 2.000E-01, 2.932E-01, 1.000E+00, 5.852E-01, 6.130E-01, 1.000E-02, 1.000E+00, 1.000E+00, 5.852E-03, 3.635E-05, 3.807E-05, 0.000E+00, 9.344E+01, 3.417E+01, 1.429E-02, 1.351E-04, 6.934E+01, 6.262E-03, 3.300E-01
08/03/2019,13:00,9,2.711,3.211,2.953,.942,.044, 9.753E+02, 6.867E+01, 4.053E-01, 7.223E-02, 1.612E+00, 4.878E+01, 2.013E+01, 1.792E+01,-1.179E+01,-7.432E+00, 2.614E+00, 3.005E-01, 1.398E-01, 2.618E-01, 1.000E+00, 5.324E-01, 5.631E-01, 1.000E-02, 1.000E+00, 1.000E+00, 5.324E-03, 3.300E-05, 3.490E-05, 0.000E+00, 1.337E+02, 4.889E+01, 1.429E-02, 1.227E-04, 6.940E+01, 5.034E-03, 3.534E-01
08/03/2019,14:00,9,2.711,3.211,2.401,.961,.028, 9.752E+02, 7.344E+01, 4.053E-01, 6.740E-02, 1.103E+00, 3.627E+01, 1.526E+01, 1.333E+01,-1.179E+01,-7.432E+00, 2.078E+00, 3.002E-01, 1.111E-01, 2.084E-01, 1.000E+00, 4.312E-01, 4.662E-01, 1.000E-02, 1.000E+00, 1.000E+00, 4.312E-03, 2.667E-05, 2.884E-05, 0.000E+00, 1.683E+02, 6.151E+01, 1.429E-02, 9.916E-05, 6.952E+01, 4.308E-03, 2.628E-01
08/03/2019,15:00,9,2.711,3.211,1.849,.981,.013, 9.750E+02, 7.950E+01, 8.672E-01, 6.256E-02, 8.268E-01, 2.172E+01, 1.026E+01, 7.989E+00,-3.072E+01, 3.698E+01, 2.537E+00, 8.217E-01, 1.486E-01, 1.344E-01, 1.000E+00, 2.887E-01, 3.442E-01, 1.000E-02, 1.000E+00, 1.000E+00, 2.887E-03, 1.782E-05, 2.125E-05, 0.000E+00, 1.149E+02, 4.600E+01, 1.429E-02, 6.626E-05, 6.968E+01, 5.256E-03, 2.678E-01
08/03/2019,16:00,9,2.711,3.211,.798,.942,.037, 9.767E+02, 8.642E+01, 8.672E-01, 6.587E-02, 4.346E-02, 4.667E+00, 2.058E+00, 1.711E+00,-3.072E+01, 3.698E+01, 3.442E+00, 8.194E-01, 2.016E-01, 4.613E-02, 1.000E+00, 6.855E-02, 8.117E-02, 1.000E-02, 1.000E+00, 1.000E+00, 6.855E-04, 4.216E-06, 4.992E-06, 0.000E+00, 8.471E+01, 3.391E+01, 1.188E-02, 1.567E-05, 8.405E+01, 5.782E-03, 2.157E-01
08/03/2019,17:00,9,2.711,3.211,-.253,.904,.058, 9.784E+02, 9.379E+01, 8.672E-01, 6.918E-02, 0.000E+00, 0.000E+00, 0.000E+00, 0.000E+00,-3.072E+01, 3.698E+01, 4.543E+00, 8.171E-01, 2.660E-01,-9.990E+02, 1.000E+00,-9.990E+02, 0.000E+00, 0.000E+00, 0.000E+00, 1.000E+00, 0.000E+00, 0.000E+00, 0.000E+00, 0.000E+00, 6.420E+01, 2.570E+01, 6.340E-03, 0.000E+00, 1.577E+02, 4.443E-03, 1.293E-01
08/03/2019,18:00,9,2.711,3.211,-1.304,.865,.075, 9.801E+02, 1.012E+02, 2.803E-01, 7.248E-02, 0.000E+00, 0.000E+00, 0.000E+00, 0.000E+00,-4.408E+01, 4.018E+01, 5.727E+00, 8.050E-01, 3.330E-01,-9.990E+02, 1.000E+00,-9.990E+02, 0.000E+00, 0.000E+00, 0.000E+00, 1.000E+00, 0.000E+00, 0.000E+00, 0.000E+00, 0.000E+00, 5.164E+01, 2.052E+01, 1.429E-03, 0.000E+00, 7.000E+02, 1.327E-03, 1.257E-01
08/03/2019,19:00,9,2.711,3.211,-1.286,.829,.095, 9.815E+02, 1.083E+02, 2.803E-01, 7.350E-02, 0.000E+00, 0.000E+00, 0.000E+00, 0.000E+00,-4.408E+01, 4.018E+01, 5.405E+00, 8.044E-01, 3.143E-01,-9.990E+02, 1.000E+00,-9.990E+02, 0.000E+00, 0.000E+00, 0.000E+00, 1.000E+00, 0.000E+00, 0.000E+00, 0.000E+00, 0.000E+00, 5.471E+01, 2.175E+01, 1.429E-03, 0.000E+00, 7.000E+02, 1.321E-03, 1.289E-01
08/03/2019,20:00,9,2.711,3.211,-1.267,.794,.115, 9.830E+02, 1.147E+02, 2.803E-01, 7.452E-02, 0.000E+00, 0.000E+00, 0.000E+00, 0.000E+00,-4.408E+01, 4.018E+01, 5.158E+00, 8.039E-01, 2.999E-01,-9.990E+02, 1.000E+00,-9.990E+02, 0.000E+00, 0.000E+00, 0.000E+00, 1.000E+00, 0.000E+00, 0.000E+00, 0.000E+00, 0.000E+00, 5.734E+01, 2.279E+01, 1.429E-03, 0.000E+00, 7.000E+02, 1.316E-03, 9.846E-02
08/03/2019,21:00,9,2.711,3.211,-1.249,.758,.135, 9.844E+02, 1.198E+02, 2.741E-03, 7.554E-02, 0.000E+00, 0.000E+00, 0.000E+00, 0.000E+00,-8.137E+01, 3.252E+01, 4.997E+00, 7.321E-01, 2.821E-01,-9.990E+02, 1.000E+00,-9.990E+02, 0.000E+00, 0.000E+00, 0.000E+00, 1.000E+00, 0.000E+00, 0.000E+00, 0.000E+00, 0.000E+00, 6.281E+01, 2.423E+01, 1.429E-03, 0.000E+00, 7.000E+02, 1.309E-03, 7.828E-02
08/03/2019,22:00,9,2.711,3.211,-1.515,.739,.143, 9.852E+02, 1.231E+02, 2.741E-03, 7.554E-02, 0.000E+00, 0.000E+00, 0.000E+00, 0.000E+00,-8.137E+01, 3.252E+01, 4.916E+00, 7.314E-01, 2.774E-01,-9.990E+02, 1.000E+00,-9.990E+02, 0.000E+00, 0.000E+00, 0.000E+00, 1.000E+00, 0.000E+00, 0.000E+00, 0.000E+00, 0.000E+00, 6.386E+01, 2.464E+01, 1.429E-03, 0.000E+00, 7.000E+02, 1.308E-03, 9.861E-02
08/03/2019,23:00,9,2.711,3.211,-1.782,.720,.150, 9.861E+02, 1.243E+02, 2.741E-03, 7.554E-02, 0.000E+00, 0.000E+00, 0.000E+00, 0.000E+00,-8.137E+01, 3.252E+01, 4.895E+00, 7.308E-01, 2.762E-01,-9.990E+02, 1.000E+00,-9.990E+02, 0.000E+00, 0.000E+00, 0.000E+00, 1.000E+00, 0.000E+00, 0.000E+00, 0.000E+00, 0.000E+00, 6.415E+01, 2.475E+01, 1.429E-03, 0.000E+00, 7.000E+02, 1.307E-03, 1.214E-01
09/03/2019,00:00,9,2.722,3.222,-2.048,.701,.157, 9.869E+02, 1.231E+02, 0.000E+00, 7.554E-02, 0.000E+00, 0.000E+00, 0.000E+00, 0.000E+00,-8.437E+01, 1.722E+01, 4.935E+00, 5.863E-01, 2.652E-01,-9.990E+02, 1.000E+00,-9.990E+02, 0.000E+00, 0.000E+00, 0.000E+00, 1.000E+00, 0.000E+00, 0.000E+00, 0.000E+00, 0.000E+00, 7.016E+01, 2.577E+01, 1.429E-03, 0.000E+00, 7.000E+02, 1.302E-03, 1.120E-01
09/03/2019,01:00,9,2.722,3.222,-2.741,.709,.145, 9.874E+02, 1.197E+02, 0.000E+00, 7.019E-02, 0.000E+00, 0.000E+00, 0.000E+00, 0.000E+00,-8.437E+01, 1.722E+01, 4.629E+00, 5.854E-01, 2.487E-01,-9.990E+02, 1.000E+00,-9.990E+02, 0.000E+00, 0.000E+00, 0.000E+00, 1.000E+00, 0.000E+00, 0.000E+00, 0.000E+00, 0.000E+00, 7.485E+01, 2.749E+01, 1.429E-03, 0.000E+00, 7.000E+02, 1.294E-03, 1.062E-01
09/03/2019,02:00,9,2.722,3.222,-3.433,.717,.134, 9.878E+02, 1.146E+02, 0.000E+00, 6.485E-02, 0.000E+00, 0.000E+00, 0.000E+00, 0.000E+00,-8.437E+01, 1.722E+01, 4.459E+00, 5.846E-01, 2.395E-01,-9.990E+02, 1.000E+00,-9.990E+02, 0.000E+00, 0.000E+00, 0.000E+00, 1.000E+00, 0.000E+00, 0.000E+00, 0.000E+00, 0.000E+00, 7.775E+01, 2.854E+01, 1.429E-03, 0.000E+00, 7.000E+02, 1.290E-03, 1.359E-01
09/03/2019,03:00,9,2.722,3.222,-4.126,.725,.124, 9.883E+02, 1.083E+02, 0.000E+00, 5.951E-02, 0.000E+00, 0.000E+00, 0.000E+00, 0.000E+00,-6.485E+01, 8.706E+00, 4.443E+00, 5.116E-01, 2.353E-01,-9.990E+02, 1.000E+00,-9.990E+02, 0.000E+00, 0.000E+00, 0.000E+00, 1.000E+00, 0.000E+00, 0.000E+00, 0.000E+00, 0.000E+00, 8.025E+01, 2.905E+01, 1.429E-03, 0.000E+00, 7.000E+02, 1.287E-03, 1.914E-01
09/03/2019,04:00,9,2.722,3.222,-4.559,.751,.109, 9.884E+02, 1.011E+02, 0.000E+00, 5.951E-02, 0.000E+00, 0.000E+00, 0.000E+00, 0.000E+00,-6.485E+01, 8.706E+00, 4.127E+00, 5.111E-01, 2.185E-01,-9.990E+02, 1.000E+00,-9.990E+02, 0.000E+00, 0.000E+00, 0.000E+00, 1.000E+00, 0.000E+00, 0.000E+00, 0.000E+00, 0.000E+00, 8.644E+01, 3.128E+01, 1.429E-03, 0.000E+00, 7.000E+02, 1.278E-03, 1.729E-01
09/03/2019,05:00,9,2.722,3.222,-4.993,.778,.094, 9.884E+02, 9.368E+01, 0.000E+00, 5.951E-02, 0.000E+00, 0.000E+00, 0.000E+00, 0.000E+00,-6.485E+01, 8.706E+00, 3.812E+00, 5.107E-01, 2.018E-01,-9.990E+02, 1.000E+00,-9.990E+02, 0.000E+00, 0.000E+00, 0.000E+00, 1.000E+00, 0.000E+00, 0.000E+00, 0.000E+00, 0.000E+00, 9.363E+01, 3.388E+01, 1.429E-03, 0.000E+00, 7.000E+02, 1.266E-03, 1.704E-01
09/03/2019,06:00,9,2.722,3.222,-5.426,.804,.080, 9.885E+02, 8.628E+01, 0.000E+00, 5.951E-02, 2.176E+00, 1.399E+01, 2.199E+01, 5.225E+00, 4.072E+01, 1.282E+01, 3.498E+00, 4.778E-01, 2.185E-01, 4.770E-02, 1.000E+00, 2.126E-01, 5.952E-01, 1.000E-02, 1.000E+00, 1.000E+00, 2.126E-03, 1.277E-05, 3.577E-05, 0.000E+00, 6.993E+01, 3.128E+01, 1.429E-03, 4.768E-05, 6.774E+02, 1.319E-03, 1.898E-01
09/03/2019,07:00,9,2.722,3.222,-3.716,.739,.121, 9.883E+02, 7.932E+01, 0.000E+00, 5.926E-02, 3.785E+01, 3.730E+01, 1.176E+02, 1.544E+01, 4.072E+01, 1.282E+01, 3.200E+00, 4.794E-01, 1.999E-01, 1.361E-01, 1.000E+00, 5.411E-01, 9.921E-01, 1.000E-02, 1.000E+00, 1.000E+00, 5.411E-03, 3.273E-05, 6.000E-05, 0.000E+00, 7.651E+01, 3.420E+01, 1.429E-03, 1.222E-04, 6.449E+02, 1.364E-03, 2.149E-01
09/03/2019,08:00,9,2.722,3.222,-2.006,.674,.172, 9.881E+02, 7.322E+01, 0.000E+00, 5.900E-02, 8.363E+01, 5.283E+01, 1.677E+02, 2.292E+01, 4.072E+01, 1.282E+01, 2.910E+00, 4.809E-01, 1.817E-01, 2.103E-01, 1.000E+00, 6.921E-01, 9.990E-01, 1.000E-02, 1.000E+00, 1.000E+00, 6.921E-03, 4.213E-05, 6.081E-05, 0.000E+00, 8.422E+01, 3.762E+01, 1.429E-03, 1.572E-04, 6.306E+02, 1.374E-03, 2.611E-01
09/03/2019,09:00,9,2.722,3.222,-.296,.609,.234, 9.880E+02, 6.839E+01, 5.348E-02, 5.875E-02, 6.844E+00, 6.391E+01, 3.290E+01, 2.360E+01, 7.991E+01, 2.358E+01, 2.630E+00, 4.308E-01, 1.723E-01, 2.639E-01, 1.000E+00, 6.530E-01, 7.415E-01, 1.000E-02, 1.000E+00, 1.000E+00, 6.530E-03, 4.000E-05, 4.542E-05, 0.000E+00, 8.143E+01, 3.966E+01, 6.222E-03, 1.493E-04, 1.570E+02, 3.880E-03, 3.211E-01
09/03/2019,10:00,9,2.722,3.222,.554,.607,.250, 9.872E+02, 6.527E+01, 5.348E-02, 5.900E-02, 8.247E+00, 7.376E+01, 3.710E+01, 2.724E+01, 7.991E+01, 2.358E+01, 2.588E+00, 4.316E-01, 1.695E-01, 2.955E-01, 1.000E+00, 7.060E-01, 7.826E-01, 1.000E-02, 1.000E+00, 1.000E+00, 7.060E-03, 4.338E-05, 4.808E-05, 0.000E+00, 8.284E+01, 4.033E+01, 9.879E-03, 1.619E-04, 9.959E+01, 4.949E-03, 3.877E-01
09/03/2019,11:00,9,2.722,3.222,1.404,.605,.267, 9.865E+02, 6.418E+01, 5.348E-02, 5.926E-02, 8.739E+00, 7.711E+01, 3.851E+01, 2.848E+01, 7.991E+01, 2.358E+01, 2.677E+00, 4.325E-01, 1.753E-01, 3.060E-01, 1.000E+00, 7.221E-01, 7.948E-01, 1.000E-02, 1.000E+00, 1.000E+00, 7.221E-03, 4.450E-05, 4.899E-05, 0.000E+00, 8.014E+01, 3.899E+01, 1.429E-02, 1.661E-04, 6.920E+01, 5.942E-03, 4.172E-01
09/03/2019,12:00,9,2.722,3.222,2.254,.604,.285, 9.858E+02, 6.523E+01, 1.477E-01, 5.951E-02, 1.462E+01, 8.338E+01, 4.844E+01, 3.099E+01, 5.630E+00, 1.086E+01, 2.886E+00, 1.362E-01, 2.000E-01, 2.959E-01, 1.000E+00, 7.629E-01, 8.636E-01, 1.000E-02, 1.000E+00, 1.000E+00, 7.629E-03, 4.716E-05, 5.339E-05, 0.000E+00, 6.362E+01, 3.417E+01, 1.429E-02, 1.760E-04, 6.915E+01, 6.513E-03, 4.303E-01
09/03/2019,13:00,9,2.722,3.222,1.511,.662,.230, 9.851E+02, 6.831E+01, 1.477E-01, 5.824E-02, 1.218E+01, 7.261E+01, 4.347E+01, 2.699E+01, 5.630E+00, 1.086E+01, 1.187E+00, 1.360E-01, 1.000E-01, 2.647E-01, 1.000E+00, 7.134E-01, 8.327E-01, 1.000E-02, 1.000E+00, 1.000E+00, 7.134E-03, 4.399E-05, 5.134E-05, 0.000E+00, 1.272E+02, 6.835E+01, 1.429E-02, 1.642E-04, 6.920E+01, 4.202E-03, 4.033E-01
09/03/2019,14:00,9,2.722,3.222,.768,.720,.181, 9.845E+02, 7.310E+01, 1.477E-01, 5.697E-02, 8.400E+00, 5.486E+01, 3.484E+01, 2.039E+01, 5.630E+00, 1.086E+01, 7.052E-01, 1.359E-01, 1.000E-01, 2.116E-01, 1.000E+00, 6.087E-01, 7.614E-01, 1.000E-02, 1.000E+00, 1.000E+00, 6.087E-03, 3.743E-05, 4.682E-05, 0.000E+00, 1.271E+02, 6.835E+01, 1.159E-02, 1.397E-04, 8.524E+01, 3.937E-03, 3.981E-01
09/03/2019,15:00,9,2.722,3.222,.024,.779,.135, 9.838E+02, 7.917E+01, 1.021E-01, 5.570E-02, 1.391E+01, 4.132E+01, 5.277E+01, 1.575E+01,-1.110E+01, 9.016E+00, 2.366E+00, 3.891E-01, 1.342E-01, 1.379E-01, 1.000E+00, 5.332E-01, 8.859E-01, 1.000E-02, 1.000E+00, 1.000E+00, 5.332E-03, 3.270E-05, 5.433E-05, 0.000E+00, 1.315E+02, 5.095E+01, 7.231E-03, 1.221E-04, 1.360E+02, 3.704E-03, 3.599E-01
09/03/2019,16:00,9,2.722,3.222,-.493,.791,.123, 9.835E+02, 8.610E+01, 1.021E-01, 5.621E-02, 9.320E-01, 1.148E+01, 1.110E+01, 4.242E+00,-1.110E+01, 9.016E+00, 2.612E+00, 3.887E-01, 1.481E-01, 4.994E-02, 1.000E+00, 1.704E-01, 3.665E-01, 1.000E-02, 1.000E+00, 1.000E+00, 1.704E-03, 1.043E-05, 2.243E-05, 0.000E+00, 1.191E+02, 4.615E+01, 5.729E-03, 3.893E-05, 1.734E+02, 3.393E-03, 3.219E-01
09/03/2019,17:00,9,2.722,3.222,-1.011,.802,.112, 9.832E+02, 9.348E+01, 1.021E-01, 5.672E-02, 0.000E+00, 0.000E+00, 0.000E+00, 0.000E+00,-1.110E+01, 9.016E+00, 2.872E+00, 3.884E-01, 1.628E-01,-9.990E+02, 1.000E+00,-9.990E+02, 0.000E+00, 0.000E+00, 0.000E+00, 1.000E+00, 0.000E+00, 0.000E+00, 0.000E+00, 0.000E+00, 1.084E+02, 4.199E+01, 1.429E-03, 0.000E+00, 7.000E+02, 1.234E-03, 2.785E-01
09/03/2019,18:00,9,2.722,3.222,-1.529,.814,.101, 9.829E+02, 1.009E+02, 4.441E-02, 5.722E-02, 0.000E+00, 0.000E+00, 0.000E+00, 0.000E+00,-1.040E+01, 7.112E+00, 3.141E+00, 4.137E-01, 1.799E-01,-9.990E+02, 1.000E+00,-9.990E+02, 0.000E+00, 0.000E+00, 0.000E+00, 1.000E+00, 0.000E+00, 0.000E+00, 0.000E+00, 0.000E+00, 9.707E+01, 3.800E+01, 1.429E-03, 0.000E+00, 7.000E+02, 1.250E-03, 2.487E-01
09/03/2019,19:00,9,2.722,3.222,-1.759,.817,.098, 9.827E+02, 1.080E+02, 4.441E-02, 5.748E-02, 0.000E+00, 0.000E+00, 0.000E+00, 0.000E+00,-1.040E+01, 7.112E+00, 3.022E+00, 4.135E-01, 1.731E-01,-9.990E+02, 1.000E+00,-9.990E+02, 0.000E+00, 0.000E+00, 0.000E+00, 1.000E+00, 0.000E+00, 0.000E+00, 0.000E+00, 0.000E+00, 1.009E+02, 3.949E+01, 1.429E-03, 0.000E+00, 7.000E+02, 1.244E-03, 2.076E-01
09/03/2019,20:00,9,2.722,3.222,-1.990,.820,.095, 9.826E+02, 1.143E+02, 4.441E-02, 5.773E-02, 0.000E+00, 0.000E+00, 0.000E+00, 0.000E+00,-1.040E+01, 7.112E+00, 2.937E+00, 4.134E-01, 1.682E-01,-9.990E+02, 1.000E+00,-9.990E+02, 0.000E+00, 0.000E+00, 0.000E+00, 1.000E+00, 0.000E+00, 0.000E+00, 0.000E+00, 0.000E+00, 1.038E+02, 4.064E+01, 1.429E-03, 0.000E+00, 7.000E+02, 1.240E-03, 1.932E-01
09/03/2019,21:00,9,2.722,3.222,-2.221,.823,.092, 9.825E+02, 1.194E+02, 7.358E-03, 5.799E-02, 0.000E+00, 0.000E+00, 0.000E+00, 0.000E+00,-1.261E+01, 5.772E+00, 2.887E+00, 3.478E-01, 1.594E-01,-9.990E+02, 1.000E+00,-9.990E+02, 0.000E+00, 0.000E+00, 0.000E+00, 1.000E+00, 0.000E+00, 0.000E+00, 0.000E+00, 0.000E+00, 1.136E+02, 4.287E+01, 1.429E-03, 0.000E+00, 7.000E+02, 1.230E-03, 1.986E-01
09/03/2019,22:00,9,2.722,3.222,-2.490,.833,.085, 9.828E+02, 1.227E+02, 7.358E-03, 5.799E-02, 0.000E+00, 0.000E+00, 0.000E+00, 0.000E+00,-1.261E+01, 5.772E+00, 2.617E+00, 3.476E-01, 1.445E-01,-9.990E+02, 1.000E+00,-9.990E+02, 0.000E+00, 0.000E+00, 0.000E+00, 1.000E+00, 0.000E+00, 0.000E+00, 0.000E+00, 0.000E+00, 1.254E+02, 4.731E+01, 1.429E-03, 0.000E+00, 7.000E+02, 1.213E-03, 1.777E-01
09/03/2019,23:00,9,2.722,3.222,-2.759,.843,.078, 9.831E+02, 1.239E+02, 7.358E-03, 5.799E-02, 0.000E+00, 0.000E+00, 0.000E+00, 0.000E+00,-1.261E+01, 5.772E+00, 2.460E+00, 3.473E-01, 1.358E-01,-9.990E+02, 1.000E+00,-9.990E+02, 0.000E+00, 0.000E+00, 0.000E+00, 1.000E+00, 0.000E+00, 0.000E+00, 0.000E+00, 0.000E+00, 1.334E+02, 5.033E+01, 1.429E-03, 0.000E+00, 7.000E+02, 1.201E-03, 2.260E-01
10/03/2019,00:00,9,2.732,3.232,-3.027,.853,.072, 9.834E+02, 1.227E+02, 3.735E-04, 5.799E-02, 0.000E+00, 0.000E+00, 0.000E+00, 0.000E+00,-3.257E+01, 3.615E+00, 2.440E+00, 3.461E-01, 1.210E-01,-9.990E+02, 1.000E+00,-9.990E+02, 0.000E+00, 0.000E+00, 0.000E+00, 1.000E+00, 0.000E+00, 0.000E+00, 0.000E+00, 0.000E+00, 1.667E+02, 5.649E+01, 1.429E-03, 0.000E+00, 7.000E+02, 1.176E-03, 2.711E-01
10/03/2019,01:00,9,2.732,3.232,-4.548,.860,.061, 9.840E+02, 1.194E+02, 3.735E-04, 6.129E-02, 0.000E+00, 0.000E+00, 0.000E+00, 0.000E+00,-3.257E+01, 3.615E+00, 2.674E+00, 3.451E-01, 1.324E-01,-9.990E+02, 1.000E+00,-9.990E+02, 0.000E+00, 0.000E+00, 0.000E+00, 1.000E+00, 0.000E+00, 0.000E+00, 0.000E+00, 0.000E+00, 1.526E+02, 5.163E+01, 1.429E-03, 0.000E+00, 7.000E+02, 1.194E-03, 1.753E-01
10/03/2019,02:00,9,2.732,3.232,-6.069,.866,.052, 9.846E+02, 1.143E+02, 3.735E-04, 6.460E-02, 0.000E+00, 0.000E+00, 0.000E+00, 0.000E+00,-3.257E+01, 3.615E+00, 2.908E+00, 3.440E-01, 1.438E-01,-9.990E+02, 1.000E+00,-9.990E+02, 0.000E+00, 0.000E+00, 0.000E+00, 1.000E+00, 0.000E+00, 0.000E+00, 0.000E+00, 0.000E+00, 1.407E+02, 4.755E+01, 1.429E-03, 0.000E+00, 7.000E+02, 1.210E-03, 1.822E-01
10/03/2019,03:00,9,2.732,3.232,-7.591,.872,.044, 9.852E+02, 1.079E+02, 0.000E+00, 6.791E-02, 0.000E+00, 0.000E+00, 0.000E+00, 0.000E+00,-3.341E+01,-3.145E+00, 3.141E+00, 3.397E-01, 1.536E-01,-9.990E+02, 1.000E+00,-9.990E+02, 0.000E+00, 0.000E+00, 0.000E+00, 1.000E+00, 0.000E+00, 0.000E+00, 0.000E+00, 0.000E+00, 1.331E+02, 4.449E+01, 1.429E-03, 0.000E+00, 7.000E+02, 1.221E-03, 2.011E-01
10/03/2019,04:00,9,2.732,3.232,-8.201,.863,.045, 9.859E+02, 1.008E+02, 0.000E+00, 6.791E-02, 0.000E+00, 0.000E+00, 0.000E+00, 0.000E+00,-3.341E+01,-3.145E+00, 3.026E+00, 3.392E-01, 1.479E-01,-9.990E+02, 1.000E+00,-9.990E+02, 0.000E+00, 0.000E+00, 0.000E+00, 1.000E+00, 0.000E+00, 0.000E+00, 0.000E+00, 0.000E+00, 1.384E+02, 4.622E+01, 1.429E-03, 0.000E+00, 7.000E+02, 1.215E-03, 1.965E-01
10/03/2019,05:00,9,2.732,3.232,-8.812,.854,.046, 9.866E+02, 9.331E+01, 0.000E+00, 6.791E-02, 0.000E+00, 0.000E+00, 0.000E+00, 0.000E+00,-3.341E+01,-3.145E+00, 3.010E+00, 3.386E-01, 1.470E-01,-9.990E+02, 1.000E+00,-9.990E+02, 0.000E+00, 0.000E+00, 0.000E+00, 1.000E+00, 0.000E+00, 0.000E+00, 0.000E+00, 0.000E+00, 1.393E+02, 4.649E+01, 1.429E-03, 0.000E+00, 7.000E+02, 1.214E-03, 2.348E-01
10/03/2019,06:00,9,2.732,3.232,-9.423,.845,.047, 9.873E+02, 8.590E+01, 2.460E-04, 6.791E-02, 3.434E+00, 1.704E+01, 3.043E+01, 6.390E+00, 6.021E+01, 8.005E+00, 3.095E+00, 4.821E-01, 1.963E-01, 5.228E-02, 1.000E+00, 2.564E-01, 7.139E-01, 1.000E-02, 1.000E+00, 1.000E+00, 2.564E-03, 1.518E-05, 4.227E-05, 0.000E+00, 7.574E+01, 3.482E+01, 1.429E-03, 5.687E-05, 6.732E+02, 1.311E-03, 2.839E-01
10/03/2019,07:00,9,2.732,3.232,-7.833,.774,.077, 9.874E+02, 7.894E+01, 2.460E-04, 6.791E-02, 4.496E+01, 4.259E+01, 1.348E+02, 1.765E+01, 6.021E+01, 8.005E+00, 3.082E+00, 4.836E-01, 1.954E-01, 1.403E-01, 1.000E+00, 5.835E-01, 9.961E-01, 1.000E-02, 1.000E+00, 1.000E+00, 5.835E-03, 3.475E-05, 5.933E-05, 0.000E+00, 7.615E+01, 3.498E+01, 1.429E-03, 1.302E-04, 6.415E+02, 1.367E-03, 2.382E-01
10/03/2019,08:00,9,2.732,3.232,-6.244,.703,.114, 9.876E+02, 7.283E+01, 2.460E-04, 6.791E-02, 9.616E+01, 5.950E+01, 1.887E+02, 2.580E+01, 6.021E+01, 8.005E+00, 3.085E+00, 4.850E-01, 1.955E-01, 2.140E-01, 1.000E+00, 7.279E-01, 9.996E-01, 1.000E-02, 1.000E+00, 1.000E+00, 7.279E-03, 4.362E-05, 5.989E-05, 0.000E+00, 7.616E+01, 3.496E+01, 1.429E-03, 1.634E-04, 6.281E+02, 1.393E-03, 2.422E-01
10/03/2019,09:00,9,2.732,3.232,-4.655,.633,.159, 9.878E+02, 6.800E+01, 3.503E-05, 6.791E-02, 1.389E+02, 6.910E+01, 2.160E+02, 3.068E+01, 1.624E+02, 2.877E+01, 3.103E+00, 6.611E-01, 1.973E-01, 2.671E-01, 1.000E+00, 7.924E-01, 9.999E-01, 1.000E-02, 1.000E+00, 1.000E+00, 7.924E-03, 4.776E-05, 6.027E-05, 0.000E+00, 7.511E+01, 3.465E+01, 1.429E-03, 1.790E-04, 6.221E+02, 1.406E-03, 2.695E-01
10/03/2019,10:00,9,2.732,3.232,-3.565,.576,.199, 9.877E+02, 6.487E+01, 3.503E-05, 6.791E-02, 1.666E+02, 7.361E+01, 2.293E+02, 3.310E+01, 1.624E+02, 2.877E+01, 3.587E+00, 6.625E-01, 2.279E-01, 2.983E-01, 1.000E+00, 8.202E-01, 9.999E-01, 1.000E-02, 1.000E+00, 1.000E+00, 8.202E-03, 4.963E-05, 6.051E-05, 0.000E+00, 6.504E+01, 2.999E+01, 1.429E-03, 1.860E-04, 6.194E+02, 1.436E-03, 2.785E-01
10/03/2019,11:00,9,2.732,3.232,-2.475,.518,.246, 9.876E+02, 6.378E+01, 3.503E-05, 6.791E-02, 1.762E+02, 7.489E+01, 2.333E+02, 3.382E+01, 1.624E+02, 2.877E+01, 4.071E+00, 6.638E-01, 2.586E-01, 3.087E-01, 1.000E+00, 8.279E-01, 9.999E-01, 1.000E-02, 1.000E+00, 1.000E+00, 8.279E-03, 5.031E-05, 6.076E-05, 0.000E+00, 5.734E+01, 2.643E+01, 1.429E-03, 1.885E-04, 6.184E+02, 1.457E-03, 2.967E-01
10/03/2019,12:00,9,2.732,3.232,-1.384,.461,.298, 9.875E+02, 6.485E+01, 3.503E-05, 6.791E-02, 3.410E+01, 9.836E+01, 7.722E+01, 3.709E+01, 6.624E+01, 2.852E+01, 4.556E+00, 8.684E-01, 2.754E-01, 2.986E-01, 1.000E+00, 8.350E-01, 9.582E-01, 1.000E-02, 1.000E+00, 1.000E+00, 8.350E-03, 5.094E-05, 5.846E-05, 0.000E+00, 5.905E+01, 2.482E+01, 1.429E-03, 1.909E-04, 6.175E+02, 1.466E-03, 2.982E-01
10/03/2019,13:00,9,2.732,3.232,-1.459,.472,.290, 9.876E+02, 6.795E+01, 3.503E-05, 6.053E-02, 2.848E+01, 8.637E+01, 7.051E+01, 3.257E+01, 6.624E+01, 2.852E+01, 4.304E+00, 8.682E-01, 2.602E-01, 2.675E-01, 1.000E+00, 7.934E-01, 9.450E-01, 1.000E-02, 1.000E+00, 1.000E+00, 7.934E-03, 4.839E-05, 5.764E-05, 0.000E+00, 6.251E+01, 2.627E+01, 1.429E-03, 1.813E-04, 6.212E+02, 1.450E-03, 2.630E-01
10/03/2019,14:00,9,2.732,3.232,-1.534,.484,.282, 9.877E+02, 7.276E+01, 3.503E-05, 5.315E-02, 1.978E+01, 6.639E+01, 5.839E+01, 2.502E+01, 6.624E+01, 2.852E+01, 4.109E+00, 8.681E-01, 2.484E-01, 2.148E-01, 1.000E+00, 6.999E-01, 9.094E-01, 1.000E-02, 1.000E+00, 1.000E+00, 6.999E-03, 4.268E-05, 5.545E-05, 0.000E+00, 6.547E+01, 2.752E+01, 1.429E-03, 1.599E-04, 6.295E+02, 1.426E-03, 2.194E-01
10/03/2019,15:00,9,2.732,3.232,-1.609,.495,.274, 9.878E+02, 7.885E+01, 2.461E-03, 4.578E-02, 2.633E+01, 4.430E+01, 8.546E+01, 1.738E+01,-3.412E+01, 1.286E+01, 3.980E+00, 4.500E-01, 2.161E-01, 1.414E-01, 1.000E+00, 5.758E-01, 9.702E-01, 1.000E-02, 1.000E+00, 1.000E+00, 5.758E-03, 3.510E-05, 5.914E-05, 0.000E+00, 8.524E+01, 3.163E+01, 1.429E-03, 1.315E-04, 6.410E+02, 1.380E-03, 1.803E-01
10/03/2019,16:00,9,2.732,3.232,-2.369,.550,.231, 9.880E+02, 8.579E+01, 2.461E-03, 4.578E-02, 2.173E+00, 1.480E+01, 2.031E+01, 5.504E+00,-3.412E+01, 1.286E+01, 3.721E+00, 4.493E-01, 2.019E-01, 5.372E-02, 1.000E+00, 2.221E-01, 5.663E-01, 1.000E-02, 1.000E+00, 1.000E+00, 2.221E-03, 1.350E-05, 3.442E-05, 0.000E+00, 9.124E+01, 3.385E+01, 1.429E-03, 5.060E-05, 6.761E+02, 1.306E-03, 1.491E-01
10/03/2019,17:00,9,2.732,3.232,-3.129,.605,.192, 9.883E+02, 9.317E+01, 2.461E-03, 4.578E-02, 0.000E+00, 0.000E+00, 0.000E+00, 0.000E+00,-3.412E+01, 1.286E+01, 3.466E+00, 4.486E-01, 1.880E-01,-9.990E+02, 1.000E+00,-9.990E+02, 0.000E+00, 0.000E+00, 0.000E+00, 1.000E+00, 0.000E+00, 0.000E+00, 0.000E+00, 0.000E+00, 9.802E+01, 3.635E+01, 1.429E-03, 0.000E+00, 7.000E+02, 1.256E-03, 1.292E-01
10/03/2019,18:00,9,2.732,3.232,-3.889,.661,.156, 9.886E+02, 1.006E+02, 1.195E-03, 4.578E-02, 0.000E+00, 0.000E+00, 0.000E+00, 0.000E+00,-4.023E+01, 1.986E+00, 3.216E+00, 3.578E-01, 1.566E-01,-9.990E+02, 1.000E+00,-9.990E+02, 0.000E+00, 0.000E+00, 0.000E+00, 1.000E+00, 0.000E+00, 0.000E+00, 0.000E+00, 0.000E+00, 1.312E+02, 4.366E+01, 1.429E-03, 0.000E+00, 7.000E+02, 1.225E-03, 1.240E-01
10/03/2019,19:00,9,2.732,3.232,-4.835,.713,.122, 9.887E+02, 1.077E+02, 1.195E-03, 4.578E-02, 0.000E+00, 0.000E+00, 0.000E+00, 0.000E+00,-4.023E+01, 1.986E+00, 3.292E+00, 3.572E-01, 1.601E-01,-9.990E+02, 1.000E+00,-9.990E+02, 0.000E+00, 0.000E+00, 0.000E+00, 1.000E+00, 0.000E+00, 0.000E+00, 0.000E+00, 0.000E+00, 1.285E+02, 4.270E+01, 1.429E-03, 0.000E+00, 7.000E+02, 1.229E-03, 1.207E-01
10/03/2019,20:00,9,2.732,3.232,-5.781,.766,.093, 9.889E+02, 1.140E+02, 1.195E-03, 4.578E-02, 0.000E+00, 0.000E+00, 0.000E+00, 0.000E+00,-4.023E+01, 1.986E+00, 3.368E+00, 3.565E-01, 1.636E-01,-9.990E+02, 1.000E+00,-9.990E+02, 0.000E+00, 0.000E+00, 0.000E+00, 1.000E+00, 0.000E+00, 0.000E+00, 0.000E+00, 0.000E+00, 1.258E+02, 4.177E+01, 1.429E-03, 0.000E+00, 7.000E+02, 1.232E-03, 1.206E-01
10/03/2019,21:00,9,2.732,3.232,-6.728,.819,.067, 9.891E+02, 1.191E+02, 0.000E+00, 4.578E-02, 0.000E+00, 0.000E+00, 0.000E+00, 0.000E+00,-4.078E+01,-1.188E+00, 3.446E+00, 4.255E-01, 1.807E-01,-9.990E+02, 1.000E+00,-9.990E+02, 0.000E+00, 0.000E+00, 0.000E+00, 1.000E+00, 0.000E+00, 0.000E+00, 0.000E+00, 0.000E+00, 1.055E+02, 3.782E+01, 1.429E-03, 0.000E+00, 7.000E+02, 1.250E-03, 1.292E-01
10/03/2019,22:00,9,2.732,3.232,-7.130,.831,.061, 9.897E+02, 1.224E+02, 0.000E+00, 4.578E-02, 0.000E+00, 0.000E+00, 0.000E+00, 0.000E+00,-4.078E+01,-1.188E+00, 3.500E+00, 4.250E-01, 1.835E-01,-9.990E+02, 1.000E+00,-9.990E+02, 0.000E+00, 0.000E+00, 0.000E+00, 1.000E+00, 0.000E+00, 0.000E+00, 0.000E+00, 0.000E+00, 1.040E+02, 3.726E+01, 1.429E-03, 0.000E+00, 7.000E+02, 1.252E-03, 1.345E-01
10/03/2019,23:00,9,2.732,3.232,-7.533,.843,.055, 9.903E+02, 1.235E+02, 0.000E+00, 4.578E-02, 0.000E+00, 0.000E+00, 0.000E+00, 0.000E+00,-4.078E+01,-1.188E+00, 3.553E+00, 4.246E-01, 1.862E-01,-9.990E+02, 1.000E+00,-9.990E+02, 0.000E+00, 0.000E+00, 0.000E+00, 1.000E+00, 0.000E+00, 0.000E+00, 0.000E+00, 0.000E+00, 1.025E+02, 3.671E+01, 1.429E-03, 0.000E+00, 7.000E+02, 1.254E-03, 1.359E-01
11/03/2019,00:00,9,2.743,3.243,-7.935,.856,.049, 9.908E+02, 1.223E+02, 1.750E-04, 4.578E-02, 0.000E+00, 0.000E+00, 0.000E+00, 0.000E+00,-5.139E+01, 2.174E-01, 3.606E+00, 5.089E-01, 1.951E-01,-9.990E+02, 1.000E+00,-9.990E+02, 0.000E+00, 0.000E+00, 0.000E+00, 1.000E+00, 0.000E+00, 0.000E+00, 0.000E+00, 0.000E+00, 9.469E+01, 3.503E+01, 1.429E-03, 0.000E+00, 7.000E+02, 1.262E-03, 1.269E-01
11/03/2019,01:00,9,2.743,3.243,-8.062,.860,.047, 9.914E+02, 1.190E+02, 1.750E-04, 5.061E-02, 0.000E+00, 0.000E+00, 0.000E+00, 0.000E+00,-5.139E+01, 2.174E-01, 3.709E+00, 5.087E-01, 2.007E-01,-9.990E+02, 1.000E+00,-9.990E+02, 0.000E+00, 0.000E+00, 0.000E+00, 1.000E+00, 0.000E+00, 0.000E+00, 0.000E+00, 0.000E+00, 9.206E+01, 3.405E+01, 1.429E-03, 0.000E+00, 7.000E+02, 1.266E-03, 1.234E-01
11/03/2019,02:00,9,2.743,3.243,-8.188,.864,.045, 9.920E+02, 1.139E+02, 1.750E-04, 5.544E-02, 0.000E+00, 0.000E+00, 0.000E+00, 0.000E+00,-5.139E+01, 2.174E-01, 3.815E+00, 5.084E-01, 2.064E-01,-9.990E+02, 1.000E+00,-9.990E+02, 0.000E+00, 0.000E+00, 0.000E+00, 1.000E+00, 0.000E+00, 0.000E+00, 0.000E+00, 0.000E+00, 8.954E+01, 3.312E+01, 1.429E-03, 0.000E+00, 7.000E+02, 1.270E-03, 1.214E-01
11/03/2019,03:00,9,2.743,3.243,-8.315,.869,.043, 9.926E+02, 1.075E+02, 0.000E+00, 6.028E-02, 0.000E+00, 0.000E+00, 0.000E+00, 0.000E+00,-4.605E+01,-1.067E+00, 3.922E+00, 5.029E-01, 2.136E-01,-9.990E+02, 1.000E+00,-9.990E+02, 0.000E+00, 0.000E+00, 0.000E+00, 1.000E+00, 0.000E+00, 0.000E+00, 0.000E+00, 0.000E+00, 8.593E+01, 3.200E+01, 1.429E-03, 0.000E+00, 7.000E+02, 1.275E-03, 1.173E-01
11/03/2019,04:00,9,2.743,3.243,-8.426,.864,.044, 9.932E+02, 1.004E+02, 0.000E+00, 6.028E-02, 0.000E+00, 0.000E+00, 0.000E+00, 0.000E+00,-4.605E+01,-1.067E+00, 3.867E+00, 5.027E-01, 2.106E-01,-9.990E+02, 1.000E+00,-9.990E+02, 0.000E+00, 0.000E+00, 0.000E+00, 1.000E+00, 0.000E+00, 0.000E+00, 0.000E+00, 0.000E+00, 8.717E+01, 3.245E+01, 1.429E-03, 0.000E+00, 7.000E+02, 1.273E-03, 1.152E-01
11/03/2019,05:00,9,2.743,3.243,-8.537,.860,.045, 9.938E+02, 9.294E+01, 0.000E+00, 6.028E-02, 0.000E+00, 0.000E+00, 0.000E+00, 0.000E+00,-4.605E+01,-1.067E+00, 3.814E+00, 5.024E-01, 2.077E-01,-9.990E+02, 1.000E+00,-9.990E+02, 0.000E+00, 0.000E+00, 0.000E+00, 1.000E+00, 0.000E+00, 0.000E+00, 0.000E+00, 0.000E+00, 8.839E+01, 3.290E+01, 1.429E-03, 0.000E+00, 7.000E+02, 1.271E-03, 1.265E-01
11/03/2019,06:00,9,2.743,3.243,-8.648,.856,.046, 9.944E+02, 8.553E+01, 0.000E+00, 6.028E-02, 4.555E+00, 1.857E+01, 3.620E+01, 6.985E+00, 6.496E+01, 7.836E+00, 3.763E+00, 6.353E-01, 2.321E-01, 5.685E-02, 1.000E+00, 2.795E-01, 7.744E-01, 1.000E-02, 1.000E+00, 1.000E+00, 2.795E-03, 1.660E-05, 4.598E-05, 0.000E+00, 6.746E+01, 2.945E+01, 1.429E-03, 6.244E-05, 6.707E+02, 1.338E-03, 1.544E-01
11/03/2019,07:00,9,2.743,3.243,-7.305,.777,.079, 9.950E+02, 7.856E+01, 0.000E+00, 6.028E-02, 4.762E+01, 4.383E+01, 1.382E+02, 1.817E+01, 6.496E+01, 7.836E+00, 4.013E+00, 6.367E-01, 2.474E-01, 1.445E-01, 1.000E+00, 5.943E-01, 9.966E-01, 1.000E-02, 1.000E+00, 1.000E+00, 5.943E-03, 3.547E-05, 5.948E-05, 0.000E+00, 6.331E+01, 2.763E+01, 1.429E-03, 1.334E-04, 6.402E+02, 1.405E-03, 1.728E-01
11/03/2019,08:00,9,2.743,3.243,-5.962,.697,.119, 9.957E+02, 7.244E+01, 0.000E+00, 6.028E-02, 9.909E+01, 6.045E+01, 1.904E+02, 2.618E+01, 6.496E+01, 7.836E+00, 4.278E+00, 6.381E-01, 2.637E-01, 2.177E-01, 1.000E+00, 7.334E-01, 9.996E-01, 1.000E-02, 1.000E+00, 1.000E+00, 7.334E-03, 4.399E-05, 5.996E-05, 0.000E+00, 5.942E+01, 2.592E+01, 1.429E-03, 1.655E-04, 6.273E+02, 1.440E-03, 1.815E-01
11/03/2019,09:00,9,2.743,3.243,-4.620,.618,.166, 9.963E+02, 6.760E+01, 0.000E+00, 6.028E-02, 1.418E+02, 6.982E+01, 2.170E+02, 3.094E+01, 1.794E+02, 2.839E+01, 4.557E+00, 8.401E-01, 2.826E-01, 2.702E-01, 1.000E+00, 7.956E-01, 9.999E-01, 1.000E-02, 1.000E+00, 1.000E+00, 7.956E-03, 4.796E-05, 6.027E-05, 0.000E+00, 5.485E+01, 2.419E+01, 1.429E-03, 1.804E-04, 6.215E+02, 1.462E-03, 1.898E-01
11/03/2019,10:00,9,2.743,3.243,-3.841,.568,.199, 9.967E+02, 6.448E+01, 0.000E+00, 6.002E-02, 1.694E+02, 7.419E+01, 2.299E+02, 3.330E+01, 1.794E+02, 2.839E+01, 5.007E+00, 8.412E-01, 3.105E-01, 3.011E-01, 1.000E+00, 8.223E-01, 9.999E-01, 1.000E-02, 1.000E+00, 1.000E+00, 8.223E-03, 4.971E-05, 6.045E-05, 0.000E+00, 4.993E+01, 2.202E+01, 1.429E-03, 1.870E-04, 6.190E+02, 1.479E-03, 1.813E-01
11/03/2019,11:00,9,2.743,3.243,-3.062,.517,.236, 9.970E+02, 6.339E+01, 0.000E+00, 5.977E-02, 1.789E+02, 7.542E+01, 2.337E+02, 3.399E+01, 1.794E+02, 2.839E+01, 5.460E+00, 8.422E-01, 3.385E-01, 3.113E-01, 1.000E+00, 8.298E-01, 9.999E-01, 1.000E-02, 1.000E+00, 1.000E+00, 8.298E-03, 5.031E-05, 6.063E-05, 0.000E+00, 4.581E+01, 2.019E+01, 1.429E-03, 1.893E-04, 6.181E+02, 1.492E-03, 1.688E-01
11/03/2019,12:00,9,2.743,3.243,-2.283,.467,.276, 9.974E+02, 6.447E+01, 0.000E+00, 5.951E-02, 7.935E+01, 1.016E+02, 1.319E+02, 3.988E+01, 7.831E+01, 3.040E+01, 5.914E+00, 9.173E-01, 3.575E-01, 3.012E-01, 1.000E+00, 8.631E-01, 9.956E-01, 1.000E-02, 1.000E+00, 1.000E+00, 8.631E-03, 5.248E-05, 6.054E-05, 0.000E+00, 4.551E+01, 1.912E+01, 1.429E-03, 1.974E-04, 6.150E+02, 1.504E-03, 1.678E-01
11/03/2019,13:00,9,2.743,3.243,-2.150,.469,.277, 9.980E+02, 6.759E+01, 0.000E+00, 5.722E-02, 6.640E+01, 9.081E+01, 1.227E+02, 3.559E+01, 7.831E+01, 3.040E+01, 5.655E+00, 9.173E-01, 3.418E-01, 2.703E-01, 1.000E+00, 8.294E-01, 9.936E-01, 1.000E-02, 1.000E+00, 1.000E+00, 8.294E-03, 5.046E-05, 6.044E-05, 0.000E+00, 4.759E+01, 2.000E+01, 1.429E-03, 1.898E-04, 6.179E+02, 1.492E-03, 1.749E-01
11/03/2019,14:00,9,2.743,3.243,-2.016,.472,.278, 9.986E+02, 7.242E+01, 0.000E+00, 5.493E-02, 4.640E+01, 7.215E+01, 1.050E+02, 2.817E+01, 7.831E+01, 3.040E+01, 5.399E+00, 9.172E-01, 3.263E-01, 2.179E-01, 1.000E+00, 7.516E-01, 9.867E-01, 1.000E-02, 1.000E+00, 1.000E+00, 7.516E-03, 4.575E-05, 6.006E-05, 0.000E+00, 4.986E+01, 2.095E+01, 1.429E-03, 1.721E-04, 6.247E+02, 1.472E-03, 1.814E-01
11/03/2019,15:00,9,2.743,3.243,-1.883,.474,.280, 9.992E+02, 7.853E+01, 0.000E+00, 5.265E-02, 4.761E+01, 4.388E+01, 1.379E+02, 1.818E+01,-3.830E+01, 1.685E+01, 5.145E+00, 5.662E-01, 2.904E-01, 1.449E-01, 1.000E+00, 5.947E-01, 9.966E-01, 1.000E-02, 1.000E+00, 1.000E+00, 5.947E-03, 3.622E-05, 6.069E-05, 0.000E+00, 6.102E+01, 2.354E+01, 1.429E-03, 1.362E-04, 6.391E+02, 1.427E-03, 1.847E-01
11/03/2019,16:00,9,2.743,3.243,-2.490,.515,.247, 9.998E+02, 8.548E+01, 0.000E+00, 5.265E-02, 4.657E+00, 1.874E+01, 3.659E+01, 7.053E+00,-3.830E+01, 1.685E+01, 4.768E+00, 5.654E-01, 2.690E-01, 5.747E-02, 1.000E+00, 2.820E-01, 7.780E-01, 1.000E-02, 1.000E+00, 1.000E+00, 2.820E-03, 1.714E-05, 4.727E-05, 0.000E+00, 6.587E+01, 2.541E+01, 1.429E-03, 6.446E-05, 6.698E+02, 1.358E-03, 1.667E-01
11/03/2019,17:00,9,2.743,3.243,-3.097,.556,.216, 1.000E+03, 9.287E+01, 0.000E+00, 5.265E-02, 0.000E+00, 0.000E+00, 0.000E+00, 0.000E+00,-3.830E+01, 1.685E+01, 4.397E+00, 5.645E-01, 2.481E-01,-9.990E+02, 1.000E+00,-9.990E+02, 0.000E+00, 0.000E+00, 0.000E+00, 1.000E+00, 0.000E+00, 0.000E+00, 0.000E+00, 0.000E+00, 7.145E+01, 2.756E+01, 1.429E-03, 0.000E+00, 7.000E+02, 1.295E-03, 1.462E-01
11/03/2019,18:00,9,2.743,3.243,-3.704,.597,.187, 1.001E+03, 1.003E+02, 0.000E+00, 5.265E-02, 0.000E+00, 0.000E+00, 0.000E+00, 0.000E+00,-6.624E+01, 1.056E+01, 4.034E+00, 5.769E-01, 2.208E-01,-9.990E+02, 1.000E+00,-9.990E+02, 0.000E+00, 0.000E+00, 0.000E+00, 1.000E+00, 0.000E+00, 0.000E+00, 0.000E+00, 0.000E+00, 8.278E+01, 3.096E+01, 1.429E-03, 0.000E+00, 7.000E+02, 1.279E-03, 1.391E-01
11/03/2019,19:00,9,2.743,3.243,-4.658,.628,.161, 1.002E+03, 1.074E+02, 0.000E+00, 5.239E-02, 0.000E+00, 0.000E+00, 0.000E+00, 0.000E+00,-6.624E+01, 1.056E+01, 4.085E+00, 5.757E-01, 2.234E-01,-9.990E+02, 1.000E+00,-9.990E+02, 0.000E+00, 0.000E+00, 0.000E+00, 1.000E+00, 0.000E+00, 0.000E+00, 0.000E+00, 0.000E+00, 8.183E+01, 3.059E+01, 1.429E-03, 0.000E+00, 7.000E+02, 1.281E-03, 1.305E-01
11/03/2019,20:00,9,2.743,3.243,-5.612,.658,.138, 1.002E+03, 1.137E+02, 0.000E+00, 5.214E-02, 0.000E+00, 0.000E+00, 0.000E+00, 0.000E+00,-6.624E+01, 1.056E+01, 4.139E+00, 5.745E-01, 2.263E-01,-9.990E+02, 1.000E+00,-9.990E+02, 0.000E+00, 0.000E+00, 0.000E+00, 1.000E+00, 0.000E+00, 0.000E+00, 0.000E+00, 0.000E+00, 8.083E+01, 3.021E+01, 1.429E-03, 0.000E+00, 7.000E+02, 1.283E-03, 1.306E-01
11/03/2019,21:00,9,2.743,3.243,-6.566,.689,.117, 1.003E+03, 1.187E+02, 0.000E+00, 5.188E-02, 0.000E+00, 0.000E+00, 0.000E+00, 0.000E+00,-5.618E+01, 5.965E+00, 4.196E+00, 5.199E-01, 2.268E-01,-9.990E+02, 1.000E+00,-9.990E+02, 0.000E+00, 0.000E+00, 0.000E+00, 1.000E+00, 0.000E+00, 0.000E+00, 0.000E+00, 0.000E+00, 8.156E+01, 3.014E+01, 1.429E-03, 0.000E+00, 7.000E+02, 1.283E-03, 1.313E-01
11/03/2019,22:00,9,2.743,3.243,-7.133,.712,.103, 1.003E+03, 1.220E+02, 0.000E+00, 5.188E-02, 0.000E+00, 0.000E+00, 0.000E+00, 0.000E+00,-5.618E+01, 5.965E+00, 4.070E+00, 5.192E-01, 2.199E-01,-9.990E+02, 1.000E+00,-9.990E+02, 0.000E+00, 0.000E+00, 0.000E+00, 1.000E+00, 0.000E+00, 0.000E+00, 0.000E+00, 0.000E+00, 8.415E+01, 3.108E+01, 1.429E-03, 0.000E+00, 7.000E+02, 1.279E-03, 1.326E-01
11/03/2019,23:00,9,2.743,3.243,-7.701,.736,.091, 1.004E+03, 1.231E+02, 0.000E+00, 5.188E-02, 0.000E+00, 0.000E+00, 0.000E+00, 0.000E+00,-5.618E+01, 5.965E+00, 3.947E+00, 5.185E-01, 2.132E-01,-9.990E+02, 1.000E+00,-9.990E+02, 0.000E+00, 0.000E+00, 0.000E+00, 1.000E+00, 0.000E+00, 0.000E+00, 0.000E+00, 0.000E+00, 8.683E+01, 3.206E+01, 1.429E-03, 0.000E+00, 7.000E+02, 1.274E-03, 1.364E-01
12/03/2019,00:00,9,2.754,3.254,-8.269,.759,.079, 1.005E+03, 1.219E+02, 0.000E+00, 5.188E-02, 0.000E+00, 0.000E+00, 0.000E+00, 0.000E+00,-4.684E+01, 2.566E+00, 3.827E+00, 4.663E-01, 2.041E-01,-9.990E+02, 1.000E+00,-9.990E+02, 0.000E+00, 0.000E+00, 0.000E+00, 1.000E+00, 0.000E+00, 0.000E+00, 0.000E+00, 0.000E+00, 9.191E+01, 3.350E+01, 1.429E-03, 0.000E+00, 7.000E+02, 1.268E-03, 1.387E-01
12/03/2019,01:00,9,2.754,3.254,-8.704,.782,.069, 1.005E+03, 1.186E+02, 0.000E+00, 5.544E-02, 0.000E+00, 0.000E+00, 0.000E+00, 0.000E+00,-4.684E+01, 2.566E+00, 3.733E+00, 4.658E-01, 1.990E-01,-9.990E+02, 1.000E+00,-9.990E+02, 0.000E+00, 0.000E+00, 0.000E+00, 1.000E+00, 0.000E+00, 0.000E+00, 0.000E+00, 0.000E+00, 9.428E+01, 3.435E+01, 1.429E-03, 0.000E+00, 7.000E+02, 1.264E-03, 1.427E-01
12/03/2019,02:00,9,2.754,3.254,-9.139,.805,.060, 1.006E+03, 1.135E+02, 0.000E+00, 5.900E-02, 0.000E+00, 0.000E+00, 0.000E+00, 0.000E+00,-4.684E+01, 2.566E+00, 3.640E+00, 4.653E-01, 1.940E-01,-9.990E+02, 1.000E+00,-9.990E+02, 0.000E+00, 0.000E+00, 0.000E+00, 1.000E+00, 0.000E+00, 0.000E+00, 0.000E+00, 0.000E+00, 9.674E+01, 3.524E+01, 1.429E-03, 0.000E+00, 7.000E+02, 1.261E-03, 1.414E-01
12/03/2019,03:00,9,2.754,3.254,-9.574,.828,.051, 1.006E+03, 1.071E+02, 0.000E+00, 6.256E-02, 0.000E+00, 0.000E+00, 0.000E+00, 0.000E+00,-3.732E+01,-9.400E-01, 3.548E+00, 3.845E-01, 1.814E-01,-9.990E+02, 1.000E+00,-9.990E+02, 0.000E+00, 0.000E+00, 0.000E+00, 1.000E+00, 0.000E+00, 0.000E+00, 0.000E+00, 0.000E+00, 1.078E+02, 3.768E+01, 1.429E-03, 0.000E+00, 7.000E+02, 1.250E-03, 1.452E-01
12/03/2019,04:00,9,2.754,3.254,-9.914,.819,.052, 1.006E+03, 1.000E+02, 0.000E+00, 6.256E-02, 0.000E+00, 0.000E+00, 0.000E+00, 0.000E+00,-3.732E+01,-9.400E-01, 3.345E+00, 3.842E-01, 1.710E-01,-9.990E+02, 1.000E+00,-9.990E+02, 0.000E+00, 0.000E+00, 0.000E+00, 1.000E+00, 0.000E+00, 0.000E+00, 0.000E+00, 0.000E+00, 1.144E+02, 3.998E+01, 1.429E-03, 0.000E+00, 7.000E+02, 1.240E-03, 1.516E-01
12/03/2019,05:00,9,2.754,3.254,-10.254,.810,.054, 1.007E+03, 9.256E+01, 0.000E+00, 6.256E-02, 0.000E+00, 0.000E+00, 0.000E+00, 0.000E+00,-3.732E+01,-9.400E-01, 3.145E+00, 3.839E-01, 1.607E-01,-9.990E+02, 1.000E+00,-9.990E+02, 0.000E+00, 0.000E+00, 0.000E+00, 1.000E+00, 0.000E+00, 0.000E+00, 0.000E+00, 0.000E+00, 1.218E+02, 4.253E+01, 1.429E-03, 0.000E+00, 7.000E+02, 1.230E-03, 1.771E-01
12/03/2019,06:00,9,2.754,3.254,-10.594,.801,.055, 1.007E+03, 8.515E+01, 0.000E+00, 6.256E-02, 5.756E+00, 2.009E+01, 4.163E+01, 7.579E+00, 7.454E+01, 6.400E+00, 2.950E+00, 4.137E-01, 1.936E-01, 6.139E-02, 1.000E+00, 3.017E-01, 8.195E-01, 1.000E-02, 1.000E+00, 1.000E+00, 3.017E-03, 1.778E-05, 4.830E-05, 0.000E+00, 7.222E+01, 3.530E+01, 1.429E-03, 6.715E-05, 6.686E+02, 1.319E-03, 2.230E-01
12/03/2019,07:00,9,2.754,3.254,-8.784,.726,.086, 1.007E+03, 7.818E+01, 0.000E+00, 6.231E-02, 5.009E+01, 4.507E+01, 1.409E+02, 1.867E+01, 7.454E+01, 6.400E+00, 2.598E+00, 4.151E-01, 1.705E-01, 1.486E-01, 1.000E+00, 6.046E-01, 9.970E-01, 1.000E-02, 1.000E+00, 1.000E+00, 6.046E-03, 3.588E-05, 5.917E-05, 0.000E+00, 8.213E+01, 4.010E+01, 1.429E-03, 1.355E-04, 6.394E+02, 1.349E-03, 2.566E-01
12/03/2019,08:00,9,2.754,3.254,-6.974,.652,.126, 1.008E+03, 7.205E+01, 0.000E+00, 6.206E-02, 1.018E+02, 6.142E+01, 1.917E+02, 2.655E+01, 7.454E+01, 6.400E+00, 2.255E+00, 4.165E-01, 1.479E-01, 2.213E-01, 1.000E+00, 7.387E-01, 9.996E-01, 1.000E-02, 1.000E+00, 1.000E+00, 7.387E-03, 4.414E-05, 5.973E-05, 0.000E+00, 9.479E+01, 4.623E+01, 1.429E-03, 1.667E-04, 6.269E+02, 1.344E-03, 2.839E-01
12/03/2019,09:00,9,2.754,3.254,-5.164,.578,.176, 1.008E+03, 6.721E+01, 0.000E+00, 6.180E-02, 1.446E+02, 7.058E+01, 2.178E+02, 3.122E+01, 1.910E+02, 1.685E+01, 1.925E+00, 3.727E-01, 1.391E-01, 2.733E-01, 1.000E+00, 7.987E-01, 9.999E-01, 1.000E-02, 1.000E+00, 1.000E+00, 7.987E-03, 4.805E-05, 6.015E-05, 0.000E+00, 8.521E+01, 4.915E+01, 1.429E-03, 1.815E-04, 6.211E+02, 1.352E-03, 3.078E-01
12/03/2019,10:00,9,2.754,3.254,-4.023,.550,.204, 1.008E+03, 6.408E+01, 0.000E+00, 6.180E-02, 1.722E+02, 7.481E+01, 2.304E+02, 3.350E+01, 1.910E+02, 1.685E+01, 1.681E+00, 3.735E-01, 1.214E-01, 3.039E-01, 1.000E+00, 8.245E-01, 9.999E-01, 1.000E-02, 1.000E+00, 1.000E+00, 8.245E-03, 4.981E-05, 6.041E-05, 0.000E+00, 9.773E+01, 5.631E+01, 1.429E-03, 1.881E-04, 6.186E+02, 1.326E-03, 2.875E-01
12/03/2019,11:00,9,2.754,3.254,-2.881,.522,.236, 1.007E+03, 6.300E+01, 0.000E+00, 6.180E-02, 1.817E+02, 7.598E+01, 2.342E+02, 3.416E+01, 1.910E+02, 1.685E+01, 1.443E+00, 3.744E-01, 1.041E-01, 3.139E-01, 1.000E+00, 8.317E-01, 9.999E-01, 1.000E-02, 1.000E+00, 1.000E+00, 8.317E-03, 5.046E-05, 6.067E-05, 0.000E+00, 1.140E+02, 6.563E+01, 1.429E-03, 1.906E-04, 6.176E+02, 1.289E-03, 2.720E-01
12/03/2019,12:00,9,2.754,3.254,-1.740,.494,.272, 1.007E+03, 6.409E+01, 0.000E+00, 6.180E-02, 2.051E+01, 9.200E+01, 5.754E+01, 3.407E+01, 1.016E+02, 1.729E+01, 1.215E+00, 2.419E-01, 1.000E-01, 3.037E-01, 1.000E+00, 8.000E-01, 9.062E-01, 1.000E-02, 1.000E+00, 1.000E+00, 8.000E-03, 4.875E-05, 5.521E-05, 0.000E+00, 1.055E+02, 6.835E+01, 1.429E-03, 1.841E-04, 6.201E+02, 1.287E-03, 2.605E-01
12/03/2019,13:00,9,2.754,3.254,-1.605,.497,.274, 1.007E+03, 6.723E+01, 0.000E+00, 6.129E-02, 1.721E+01, 8.074E+01, 5.214E+01, 2.990E+01, 1.016E+02, 1.729E+01, 7.717E-01, 2.420E-01, 1.000E-01, 2.731E-01, 1.000E+00, 7.555E-01, 8.829E-01, 1.000E-02, 1.000E+00, 1.000E+00, 7.555E-03, 4.606E-05, 5.382E-05, 0.000E+00, 1.055E+02, 6.835E+01, 1.429E-03, 1.739E-04, 6.240E+02, 1.280E-03, 2.208E-01
12/03/2019,14:00,9,2.754,3.254,-1.470,.499,.275, 1.006E+03, 7.208E+01, 0.000E+00, 6.078E-02, 1.211E+01, 6.215E+01, 4.269E+01, 2.301E+01, 1.016E+02, 1.729E+01, 4.640E-01, 2.421E-01, 1.000E-01, 2.209E-01, 1.000E+00, 6.595E-01, 8.272E-01, 1.000E-02, 1.000E+00, 1.000E+00, 6.595E-03, 4.022E-05, 5.045E-05, 0.000E+00, 1.055E+02, 6.835E+01, 1.429E-03, 1.519E-04, 6.327E+02, 1.266E-03, 2.156E-01
12/03/2019,15:00,9,2.754,3.254,-1.335,.502,.276, 1.006E+03, 7.820E+01, 0.000E+00, 6.028E-02, 1.003E+00, 2.512E+01, 1.159E+01, 9.140E+00,-2.022E+01, 2.914E+00, 5.791E-01, 2.112E-01, 1.000E-01, 1.483E-01, 1.000E+00, 3.231E-01, 3.792E-01, 1.000E-02, 1.000E+00, 1.000E+00, 3.231E-03, 1.972E-05, 2.314E-05, 0.000E+00, 2.573E+02, 6.835E+01, 1.429E-03, 7.446E-05, 6.653E+02, 1.173E-03, 2.400E-01
12/03/2019,16:00,9,2.754,3.254,-2.634,.588,.208, 1.005E+03, 8.517E+01, 0.000E+00, 6.028E-02, 1.148E-01, 6.970E+00, 3.211E+00, 2.529E+00,-2.022E+01, 2.914E+00, 1.324E+00, 2.108E-01, 1.000E-01, 6.119E-02, 1.000E+00, 1.003E-01, 1.237E-01, 1.000E-02, 1.000E+00, 1.000E+00, 1.003E-03, 6.092E-06, 7.512E-06, 0.000E+00, 2.579E+02, 6.835E+01, 1.429E-03, 2.301E-05, 6.889E+02, 1.141E-03, 2.631E-01
12/03/2019,17:00,9,2.754,3.254,-3.934,.673,.149, 1.005E+03, 9.256E+01, 0.000E+00, 6.028E-02, 0.000E+00, 0.000E+00, 0.000E+00, 0.000E+00,-2.022E+01, 2.914E+00, 2.164E+00, 2.104E-01, 1.000E-01,-9.990E+02, 1.000E+00,-9.990E+02, 0.000E+00, 0.000E+00, 0.000E+00, 1.000E+00, 0.000E+00, 0.000E+00, 0.000E+00, 0.000E+00, 2.586E+02, 6.835E+01, 1.429E-03, 0.000E+00, 7.000E+02, 1.127E-03, 2.773E-01
12/03/2019,18:00,9,2.754,3.254,-5.234,.759,.100, 1.004E+03, 9.999E+01, 0.000E+00, 6.028E-02, 0.000E+00, 0.000E+00, 0.000E+00, 0.000E+00,-4.341E+01, 1.156E+00, 3.020E+00, 3.658E-01, 1.472E-01,-9.990E+02, 1.000E+00,-9.990E+02, 0.000E+00, 0.000E+00, 0.000E+00, 1.000E+00, 0.000E+00, 0.000E+00, 0.000E+00, 0.000E+00, 1.394E+02, 4.645E+01, 1.429E-03, 0.000E+00, 7.000E+02, 1.214E-03, 2.951E-01
12/03/2019,19:00,9,2.754,3.254,-5.531,.758,.098, 1.003E+03, 1.071E+02, 0.000E+00, 6.028E-02, 0.000E+00, 0.000E+00, 0.000E+00, 0.000E+00,-4.341E+01, 1.156E+00, 3.069E+00, 3.657E-01, 1.495E-01,-9.990E+02, 1.000E+00,-9.990E+02, 0.000E+00, 0.000E+00, 0.000E+00, 1.000E+00, 0.000E+00, 0.000E+00, 0.000E+00, 0.000E+00, 1.373E+02, 4.572E+01, 1.429E-03, 0.000E+00, 7.000E+02, 1.217E-03, 3.828E-01
12/03/2019,20:00,9,2.754,3.254,-5.829,.758,.096, 1.002E+03, 1.133E+02, 0.000E+00, 6.028E-02, 0.000E+00, 0.000E+00, 0.000E+00, 0.000E+00,-4.341E+01, 1.156E+00, 3.234E+00, 3.657E-01, 1.575E-01,-9.990E+02, 1.000E+00,-9.990E+02, 0.000E+00, 0.000E+00, 0.000E+00, 1.000E+00, 0.000E+00, 0.000E+00, 0.000E+00, 0.000E+00, 1.304E+02, 4.340E+01, 1.429E-03, 0.000E+00, 7.000E+02, 1.226E-03, 4.419E-01
12/03/2019,21:00,9,2.754,3.254,-6.127,.758,.094, 1.002E+03, 1.183E+02, 2.310E-03, 6.028E-02, 0.000E+00, 0.000E+00, 0.000E+00, 0.000E+00,-3.939E+01, 8.158E+00, 3.498E+00, 5.216E-01, 1.944E-01,-9.990E+02, 1.000E+00,-9.990E+02, 0.000E+00, 0.000E+00, 0.000E+00, 1.000E+00, 0.000E+00, 0.000E+00, 0.000E+00, 0.000E+00, 9.255E+01, 3.516E+01, 1.429E-03, 0.000E+00, 7.000E+02, 1.262E-03, 4.402E-01
12/03/2019,22:00,9,2.754,3.254,-5.487,.737,.107, 1.001E+03, 1.216E+02, 2.310E-03, 6.028E-02, 0.000E+00, 0.000E+00, 0.000E+00, 0.000E+00,-3.939E+01, 8.158E+00, 3.836E+00, 5.226E-01, 2.132E-01,-9.990E+02, 1.000E+00,-9.990E+02, 0.000E+00, 0.000E+00, 0.000E+00, 1.000E+00, 0.000E+00, 0.000E+00, 0.000E+00, 0.000E+00, 8.435E+01, 3.205E+01, 1.429E-03, 0.000E+00, 7.000E+02, 1.275E-03, 3.366E-01
12/03/2019,23:00,9,2.754,3.254,-4.848,.716,.121, 9.994E+02, 1.227E+02, 2.310E-03, 6.028E-02, 0.000E+00, 0.000E+00, 0.000E+00, 0.000E+00,-3.939E+01, 8.158E+00, 4.177E+00, 5.235E-01, 2.322E-01,-9.990E+02, 1.000E+00,-9.990E+02, 0.000E+00, 0.000E+00, 0.000E+00, 1.000E+00, 0.000E+00, 0.000E+00, 0.000E+00, 0.000E+00, 7.743E+01, 2.943E+01, 1.429E-03, 0.000E+00, 7.000E+02, 1.286E-03, 3.604E-01
13/03/2019,00:00,9,2.765,3.265,-4.209,.695,.137, 9.982E+02, 1.215E+02, 1.516E-01, 6.028E-02, 0.000E+00, 0.000E+00, 0.000E+00, 0.000E+00,-3.073E+01, 1.132E+01, 4.520E+00, 7.460E-01, 2.636E-01,-9.990E+02, 1.000E+00,-9.990E+02, 0.000E+00, 0.000E+00, 0.000E+00, 1.000E+00, 0.000E+00, 0.000E+00, 0.000E+00, 0.000E+00, 6.505E+01, 2.593E+01, 1.429E-03, 0.000E+00, 7.000E+02, 1.302E-03, 2.379E-01
13/03/2019,01:00,9,2.765,3.265,-3.362,.725,.131, 9.970E+02, 1.182E+02, 1.516E-01, 6.206E-02, 0.000E+00, 0.000E+00, 0.000E+00, 0.000E+00,-3.073E+01, 1.132E+01, 4.897E+00, 7.476E-01, 2.856E-01,-9.990E+02, 1.000E+00,-9.990E+02, 0.000E+00, 0.000E+00, 0.000E+00, 1.000E+00, 0.000E+00, 0.000E+00, 0.000E+00, 0.000E+00, 6.003E+01, 2.393E+01, 1.429E-03, 0.000E+00, 7.000E+02, 1.311E-03, 1.619E-01
13/03/2019,02:00,9,2.765,3.265,-2.516,.756,.124, 9.959E+02, 1.131E+02, 1.516E-01, 6.384E-02, 0.000E+00, 0.000E+00, 0.000E+00, 0.000E+00,-3.073E+01, 1.132E+01, 5.274E+00, 7.492E-01, 3.077E-01,-9.990E+02, 1.000E+00,-9.990E+02, 0.000E+00, 0.000E+00, 0.000E+00, 1.000E+00, 0.000E+00, 0.000E+00, 0.000E+00, 0.000E+00, 5.572E+01, 2.222E+01, 1.429E-03, 0.000E+00, 7.000E+02, 1.319E-03, 1.719E-01
13/03/2019,03:00,9,2.765,3.265,-1.669,.787,.115, 9.947E+02, 1.068E+02, 4.975E-01, 6.562E-02, 0.000E+00, 0.000E+00, 0.000E+00, 0.000E+00,-2.956E+01, 7.448E+00, 5.652E+00, 9.045E-01, 3.324E-01,-9.990E+02, 1.000E+00,-9.990E+02, 0.000E+00, 0.000E+00, 0.000E+00, 1.000E+00, 0.000E+00, 0.000E+00, 0.000E+00, 0.000E+00, 5.116E+01, 2.057E+01, 1.429E-03, 0.000E+00, 7.000E+02, 1.326E-03, 1.427E-01
13/03/2019,04:00,9,2.765,3.265,-1.085,.822,.101, 9.937E+02, 9.965E+01, 4.975E-01, 6.791E-02, 0.000E+00, 0.000E+00, 0.000E+00, 0.000E+00,-2.956E+01, 7.448E+00, 5.877E+00, 9.059E-01, 3.456E-01,-9.990E+02, 1.000E+00,-9.990E+02, 0.000E+00, 0.000E+00, 0.000E+00, 1.000E+00, 0.000E+00, 0.000E+00, 0.000E+00, 0.000E+00, 4.920E+01, 1.978E+01, 1.429E-03, 0.000E+00, 7.000E+02, 1.330E-03, 1.041E-01
13/03/2019,05:00,9,2.765,3.265,-.501,.857,.084, 9.927E+02, 9.219E+01, 4.975E-01, 7.019E-02, 0.000E+00, 0.000E+00, 0.000E+00, 0.000E+00,-2.956E+01, 7.448E+00, 6.105E+00, 9.073E-01, 3.591E-01,-9.990E+02, 1.000E+00,-9.990E+02, 0.000E+00, 0.000E+00, 0.000E+00, 1.000E+00, 0.000E+00, 0.000E+00, 0.000E+00, 0.000E+00, 4.735E+01, 1.904E+01, 5.712E-03, 0.000E+00, 1.751E+02, 4.445E-03, 1.114E-01
13/03/2019,06:00,9,2.765,3.265,.083,.892,.066, 9.917E+02, 8.477E+01, 7.959E-01, 7.248E-02, 9.022E-02, 7.179E+00, 3.092E+00, 2.597E+00,-1.542E+01, 4.132E+00, 6.336E+00, 9.239E-01, 3.745E-01, 6.591E-02, 1.000E+00, 1.025E-01, 1.194E-01, 1.000E-02, 1.000E+00, 1.000E+00, 1.025E-03, 6.286E-06, 7.324E-06, 0.000E+00, 4.518E+01, 1.825E+01, 7.453E-03, 2.383E-05, 1.337E+02, 5.508E-03, 1.035E-01
13/03/2019,07:00,9,2.765,3.265,.494,.902,.062, 9.910E+02, 7.779E+01, 7.959E-01, 7.604E-02, 6.497E-01, 2.438E+01, 1.037E+01, 8.830E+00,-1.542E+01, 4.132E+00, 6.403E+00, 9.249E-01, 3.784E-01, 1.528E-01, 1.000E+00, 3.111E-01, 3.471E-01, 1.000E-02, 1.000E+00, 1.000E+00, 3.111E-03, 1.911E-05, 2.132E-05, 0.000E+00, 4.471E+01, 1.806E+01, 9.487E-03, 7.244E-05, 1.046E+02, 6.583E-03, 1.718E-01
13/03/2019,08:00,9,2.765,3.265,.905,.912,.058, 9.903E+02, 7.166E+01, 7.959E-01, 7.960E-02, 1.281E+00, 4.083E+01, 1.683E+01, 1.479E+01,-1.542E+01, 4.132E+00, 6.473E+00, 9.259E-01, 3.826E-01, 2.249E-01, 1.000E+00, 4.656E-01, 4.995E-01, 1.000E-02, 1.000E+00, 1.000E+00, 4.656E-03, 2.865E-05, 3.073E-05, 0.000E+00, 4.422E+01, 1.787E+01, 1.305E-02, 1.086E-04, 7.600E+01, 8.143E-03, 1.619E-01
13/03/2019,09:00,9,2.765,3.265,1.316,.922,.053, 9.896E+02, 6.681E+01, 7.230E-01, 8.317E-02, 1.800E+00, 5.328E+01, 2.159E+01, 1.931E+01, 4.605E+00, 1.217E+01, 6.545E+00, 9.321E-01, 3.892E-01, 2.764E-01, 1.000E+00, 5.592E-01, 5.885E-01, 1.000E-02, 1.000E+00, 1.000E+00, 5.592E-03, 3.445E-05, 3.626E-05, 0.000E+00, 4.316E+01, 1.756E+01, 1.429E-02, 1.306E-04, 6.937E+01, 8.670E-03, 8.449E-02
13/03/2019,10:00,9,2.765,3.265,1.392,.923,.052, 9.891E+02, 6.368E+01, 7.230E-01, 8.495E-02, 2.134E+00, 6.088E+01, 2.446E+01, 2.206E+01, 4.605E+00, 1.217E+01, 6.736E+00, 9.325E-01, 4.005E-01, 3.066E-01, 1.000E+00, 6.080E-01, 6.344E-01, 1.000E-02, 1.000E+00, 1.000E+00, 6.080E-03, 3.747E-05, 3.910E-05, 0.000E+00, 4.195E+01, 1.707E+01, 1.429E-02, 1.421E-04, 6.931E+01, 8.773E-03, 6.688E-02
13/03/2019,11:00,9,2.765,3.265,1.468,.924,.052, 9.885E+02, 6.260E+01, 7.230E-01, 8.673E-02, 2.248E+00, 6.341E+01, 2.541E+01, 2.297E+01, 4.605E+00, 1.217E+01, 6.932E+00, 9.329E-01, 4.122E-01, 3.164E-01, 1.000E+00, 6.230E-01, 6.484E-01, 1.000E-02, 1.000E+00, 1.000E+00, 6.230E-03, 3.841E-05, 3.997E-05, 0.000E+00, 4.076E+01, 1.658E+01, 1.429E-02, 1.456E-04, 6.929E+01, 8.873E-03, 1.556E-01
13/03/2019,12:00,9,2.765,3.265,1.543,.925,.051, 9.879E+02, 6.371E+01, 4.428E-01, 8.851E-02, 3.550E+00, 6.574E+01, 2.787E+01, 2.386E+01,-4.817E+00, 2.789E+00, 7.134E+00, 7.107E-01, 4.223E-01, 3.063E-01, 1.000E+00, 6.427E-01, 6.822E-01, 1.000E-02, 1.000E+00, 1.000E+00, 6.427E-03, 3.963E-05, 4.207E-05, 0.000E+00, 4.001E+01, 1.619E+01, 1.429E-02, 1.503E-04, 6.927E+01, 8.955E-03, 1.750E-01
13/03/2019,13:00,9,2.765,3.265,1.407,.938,.042, 9.879E+02, 6.687E+01, 4.428E-01, 8.902E-02, 2.990E+00, 5.749E+01, 2.468E+01, 2.087E+01,-4.817E+00, 2.789E+00, 5.987E+00, 7.106E-01, 3.544E-01, 2.758E-01, 1.000E+00, 5.931E-01, 6.376E-01, 1.000E-02, 1.000E+00, 1.000E+00, 5.931E-03, 3.656E-05, 3.930E-05, 0.000E+00, 4.767E+01, 1.929E+01, 1.429E-02, 1.386E-04, 6.933E+01, 8.344E-03, 1.417E-01
13/03/2019,14:00,9,2.765,3.265,1.271,.951,.033, 9.878E+02, 7.174E+01, 4.428E-01, 8.952E-02, 2.123E+00, 4.402E+01, 1.937E+01, 1.598E+01,-4.817E+00, 2.789E+00, 4.903E+00, 7.104E-01, 2.902E-01, 2.239E-01, 1.000E+00, 4.969E-01, 5.492E-01, 1.000E-02, 1.000E+00, 1.000E+00, 4.969E-03, 3.061E-05, 3.383E-05, 0.000E+00, 5.821E+01, 2.355E+01, 1.429E-02, 1.160E-04, 6.944E+01, 7.627E-03, 1.656E-01
13/03/2019,15:00,9,2.765,3.265,1.134,.963,.024, 9.877E+02, 7.788E+01, 8.583E-03, 9.003E-02, 5.332E+01, 4.588E+01, 1.460E+02, 1.906E+01,-2.232E+01,-5.832E+00, 3.933E+00, 4.540E-01, 2.204E-01, 1.517E-01, 1.000E+00, 6.122E-01, 9.975E-01, 1.000E-02, 1.000E+00, 1.000E+00, 6.122E-03, 3.770E-05, 6.142E-05, 0.000E+00, 8.096E+01, 3.101E+01, 1.429E-02, 1.429E-04, 6.931E+01, 6.626E-03, 1.681E-01
13/03/2019,16:00,9,2.765,3.265,.893,.969,.020, 9.879E+02, 8.486E+01, 8.583E-03, 8.952E-02, 7.189E+00, 2.125E+01, 4.814E+01, 8.050E+00,-2.232E+01,-5.832E+00, 3.710E+00, 4.538E-01, 2.079E-01, 6.487E-02, 1.000E+00, 3.195E-01, 8.619E-01, 1.000E-02, 1.000E+00, 1.000E+00, 3.195E-03, 1.966E-05, 5.303E-05, 0.000E+00, 8.585E+01, 3.288E+01, 1.290E-02, 7.452E-05, 7.705E+01, 6.113E-03, 1.611E-01
13/03/2019,17:00,9,2.765,3.265,.651,.975,.016, 9.880E+02, 9.225E+01, 8.583E-03, 8.902E-02, 0.000E+00, 0.000E+00, 0.000E+00, 0.000E+00,-2.232E+01,-5.832E+00, 3.499E+00, 4.535E-01, 1.960E-01,-9.990E+02, 1.000E+00,-9.990E+02, 0.000E+00, 0.000E+00, 0.000E+00, 1.000E+00, 0.000E+00, 0.000E+00, 0.000E+00, 0.000E+00, 9.105E+01, 3.487E+01, 1.059E-02, 0.000E+00, 9.441E+01, 5.371E-03, 1.506E-01
13/03/2019,18:00,9,2.765,3.265,.410,.981,.012, 9.881E+02, 9.968E+01, 9.964E-02, 8.851E-02, 0.000E+00, 0.000E+00, 0.000E+00, 0.000E+00,-3.355E+01,-2.426E+00, 3.301E+00, 4.276E-01, 1.770E-01,-9.990E+02, 1.000E+00,-9.990E+02, 0.000E+00, 0.000E+00, 0.000E+00, 1.000E+00, 0.000E+00, 0.000E+00, 0.000E+00, 0.000E+00, 1.053E+02, 3.861E+01, 8.983E-03, 0.000E+00, 1.113E+02, 4.687E-03, 1.256E-01
13/03/2019,19:00,9,2.765,3.265,.342,.977,.014, 9.881E+02, 1.067E+02, 9.964E-02, 8.902E-02, 0.000E+00, 0.000E+00, 0.000E+00, 0.000E+00,-3.355E+01,-2.426E+00, 3.320E+00, 4.276E-01, 1.780E-01,-9.990E+02, 1.000E+00,-9.990E+02, 0.000E+00, 0.000E+00, 0.000E+00, 1.000E+00, 0.000E+00, 0.000E+00, 0.000E+00, 0.000E+00, 1.047E+02, 3.839E+01, 8.617E-03, 0.000E+00, 1.160E+02, 4.597E-03, 8.688E-02
13/03/2019,20:00,9,2.765,3.265,.275,.973,.017, 9.880E+02, 1.130E+02, 9.964E-02, 8.952E-02, 0.000E+00, 0.000E+00, 0.000E+00, 0.000E+00,-3.355E+01,-2.426E+00, 3.343E+00, 4.275E-01, 1.793E-01,-9.990E+02, 1.000E+00,-9.990E+02, 0.000E+00, 0.000E+00, 0.000E+00, 1.000E+00, 0.000E+00, 0.000E+00, 0.000E+00, 0.000E+00, 1.040E+02, 3.813E+01, 8.280E-03, 0.000E+00, 1.208E+02, 4.514E-03, 6.083E-02
13/03/2019,21:00,9,2.765,3.265,.207,.970,.019, 9.880E+02, 1.180E+02, 2.463E-02, 9.003E-02, 0.000E+00, 0.000E+00, 0.000E+00, 0.000E+00,-4.147E+01,-8.034E+00, 3.371E+00, 4.312E-01, 1.772E-01,-9.990E+02, 1.000E+00,-9.990E+02, 0.000E+00, 0.000E+00, 0.000E+00, 1.000E+00, 0.000E+00, 0.000E+00, 0.000E+00, 0.000E+00, 1.073E+02, 3.857E+01, 7.968E-03, 0.000E+00, 1.255E+02, 4.393E-03, 6.932E-02
13/03/2019,22:00,9,2.765,3.265,.291,.972,.017, 9.876E+02, 1.212E+02, 2.463E-02, 9.003E-02, 0.000E+00, 0.000E+00, 0.000E+00, 0.000E+00,-4.147E+01,-8.034E+00, 3.468E+00, 4.314E-01, 1.823E-01,-9.990E+02, 1.000E+00,-9.990E+02, 0.000E+00, 0.000E+00, 0.000E+00, 1.000E+00, 0.000E+00, 0.000E+00, 0.000E+00, 0.000E+00, 1.043E+02, 3.749E+01, 8.359E-03, 0.000E+00, 1.196E+02, 4.568E-03, 8.158E-02
13/03/2019,23:00,9,2.765,3.265,.375,.975,.016, 9.872E+02, 1.223E+02, 2.463E-02, 9.003E-02, 0.000E+00, 0.000E+00, 0.000E+00, 0.000E+00,-4.147E+01,-8.034E+00, 3.564E+00, 4.315E-01, 1.874E-01,-9.990E+02, 1.000E+00,-9.990E+02, 0.000E+00, 0.000E+00, 0.000E+00, 1.000E+00, 0.000E+00, 0.000E+00, 0.000E+00, 0.000E+00, 1.015E+02, 3.647E+01, 8.789E-03, 0.000E+00, 1.138E+02, 4.754E-03, 8.608E-02
14/03/2019,00:00,9,2.775,3.275,.458,.978,.014, 9.869E+02, 1.211E+02, 1.129E-01, 9.003E-02, 0.000E+00, 0.000E+00, 0.000E+00, 0.000E+00,-2.729E+01,-3.331E+00, 3.661E+00, 5.392E-01, 2.083E-01,-9.990E+02, 1.000E+00,-9.990E+02, 0.000E+00, 0.000E+00, 0.000E+00, 1.000E+00, 0.000E+00, 0.000E+00, 0.000E+00, 0.000E+00, 8.435E+01, 3.281E+01, 9.267E-03, 0.000E+00, 1.079E+02, 5.151E-03, 6.850E-02
14/03/2019,01:00,9,2.775,3.275,.574,.980,.013, 9.864E+02, 1.178E+02, 1.129E-01, 8.571E-02, 0.000E+00, 0.000E+00, 0.000E+00, 0.000E+00,-2.729E+01,-3.331E+00, 3.689E+00, 5.394E-01, 2.100E-01,-9.990E+02, 1.000E+00,-9.990E+02, 0.000E+00, 0.000E+00, 0.000E+00, 1.000E+00, 0.000E+00, 0.000E+00, 0.000E+00, 0.000E+00, 8.370E+01, 3.256E+01, 1.002E-02, 0.000E+00, 9.981E+01, 5.394E-03, 3.106E-02
14/03/2019,02:00,9,2.775,3.275,.690,.982,.012, 9.860E+02, 1.127E+02, 1.129E-01, 8.139E-02, 0.000E+00, 0.000E+00, 0.000E+00, 0.000E+00,-2.729E+01,-3.331E+00, 3.718E+00, 5.396E-01, 2.116E-01,-9.990E+02, 1.000E+00,-9.990E+02, 0.000E+00, 0.000E+00, 0.000E+00, 1.000E+00, 0.000E+00, 0.000E+00, 0.000E+00, 0.000E+00, 8.304E+01, 3.230E+01, 1.090E-02, 0.000E+00, 9.170E+01, 5.662E-03, 2.498E-02
14/03/2019,03:00,9,2.775,3.275,.806,.984,.010, 9.856E+02, 1.064E+02, 1.581E-01, 7.706E-02, 0.000E+00, 0.000E+00, 0.000E+00, 0.000E+00,-2.230E+01,-6.222E+00, 3.748E+00, 5.192E-01, 2.140E-01,-9.990E+02, 1.000E+00,-9.990E+02, 0.000E+00, 0.000E+00, 0.000E+00, 1.000E+00, 0.000E+00, 0.000E+00, 0.000E+00, 0.000E+00, 8.182E+01, 3.194E+01, 1.196E-02, 0.000E+00, 8.360E+01, 5.970E-03, 1.104E-02
14/03/2019,04:00,9,2.775,3.275,.984,.984,.011, 9.853E+02, 9.927E+01, 1.581E-01, 7.655E-02, 0.000E+00, 0.000E+00, 0.000E+00, 0.000E+00,-2.230E+01,-6.222E+00, 3.723E+00, 5.194E-01, 2.126E-01,-9.990E+02, 1.000E+00,-9.990E+02, 0.000E+00, 0.000E+00, 0.000E+00, 1.000E+00, 0.000E+00, 0.000E+00, 0.000E+00, 0.000E+00, 8.235E+01, 3.215E+01, 1.406E-02, 0.000E+00, 7.114E+01, 6.426E-03, 1.042E-02
14/03/2019,05:00,9,2.775,3.275,1.162,.983,.011, 9.850E+02, 9.181E+01, 1.581E-01, 7.604E-02, 0.000E+00, 0.000E+00, 0.000E+00, 0.000E+00,-2.230E+01,-6.222E+00, 3.731E+00, 5.197E-01, 2.131E-01,-9.990E+02, 1.000E+00,-9.990E+02, 0.000E+00, 0.000E+00, 0.000E+00, 1.000E+00, 0.000E+00, 0.000E+00, 0.000E+00, 0.000E+00, 8.218E+01, 3.208E+01, 1.429E-02, 0.000E+00, 7.000E+01, 6.481E-03, 1.437E-02
14/03/2019,06:00,9,2.775,3.275,1.339,.983,.011, 9.847E+02, 8.439E+01, 1.366E-01, 7.554E-02, 1.867E-01, 8.724E+00, 4.107E+00, 3.151E+00,-1.017E+01,-3.684E+00, 3.770E+00, 5.243E-01, 2.200E-01, 7.040E-02, 1.000E+00, 1.239E-01, 1.554E-01, 1.000E-02, 1.000E+00, 1.000E+00, 1.239E-03, 7.636E-06, 9.576E-06, 0.000E+00, 7.788E+01, 3.107E+01, 1.429E-02, 2.906E-05, 6.986E+01, 6.608E-03, 5.546E-02
14/03/2019,07:00,9,2.775,3.275,1.623,.977,.016, 9.846E+02, 7.741E+01, 1.366E-01, 7.426E-02, 1.151E+00, 2.765E+01, 1.265E+01, 1.001E+01,-1.017E+01,-3.684E+00, 3.911E+00, 5.246E-01, 2.283E-01, 1.569E-01, 1.000E+00, 3.481E-01, 4.056E-01, 1.000E-02, 1.000E+00, 1.000E+00, 3.481E-03, 2.147E-05, 2.502E-05, 0.000E+00, 7.507E+01, 2.995E+01, 1.429E-02, 8.173E-05, 6.960E+01, 6.751E-03, 4.158E-02
14/03/2019,08:00,9,2.775,3.275,1.907,.971,.020, 9.845E+02, 7.126E+01, 1.366E-01, 7.299E-02, 2.211E+00, 4.541E+01, 1.988E+01, 1.644E+01,-1.017E+01,-3.684E+00, 4.063E+00, 5.249E-01, 2.371E-01, 2.284E-01, 1.000E+00, 5.068E-01, 5.586E-01, 1.000E-02, 1.000E+00, 1.000E+00, 5.068E-03, 3.129E-05, 3.449E-05, 0.000E+00, 7.226E+01, 2.883E+01, 1.429E-02, 1.191E-04, 6.942E+01, 6.896E-03, 3.225E-02
14/03/2019,09:00,9,2.775,3.275,2.191,.965,.025, 9.845E+02, 6.641E+01, 2.659E-01, 7.172E-02, 9.601E+00, 7.356E+01, 3.885E+01, 2.686E+01, 4.769E-01, 1.725E+00, 4.225E+00, 5.315E-01, 2.511E-01, 2.794E-01, 1.000E+00, 7.047E-01, 7.977E-01, 1.000E-02, 1.000E+00, 1.000E+00, 7.047E-03, 4.356E-05, 4.931E-05, 0.000E+00, 6.697E+01, 2.722E+01, 1.429E-02, 1.658E-04, 6.920E+01, 7.119E-03, 2.789E-02
14/03/2019,10:00,9,2.775,3.275,2.172,.963,.027, 9.844E+02, 6.328E+01, 2.659E-01, 7.045E-02, 1.133E+01, 8.350E+01, 4.308E+01, 3.048E+01, 4.769E-01, 1.725E+00, 3.702E+00, 5.315E-01, 2.200E-01, 3.093E-01, 1.000E+00, 7.502E-01, 8.300E-01, 1.000E-02, 1.000E+00, 1.000E+00, 7.502E-03, 4.637E-05, 5.130E-05, 0.000E+00, 7.643E+01, 3.107E+01, 1.429E-02, 1.765E-04, 6.915E+01, 6.645E-03, 4.507E-02
14/03/2019,11:00,9,2.775,3.275,2.154,.961,.028, 9.844E+02, 6.221E+01, 2.659E-01, 6.918E-02, 1.192E+01, 8.676E+01, 4.445E+01, 3.167E+01, 4.769E-01, 1.725E+00, 3.242E+00, 5.315E-01, 1.927E-01, 3.189E-01, 1.000E+00, 7.636E-01, 8.393E-01, 1.000E-02, 1.000E+00, 1.000E+00, 7.636E-03, 4.719E-05, 5.187E-05, 0.000E+00, 8.727E+01, 3.548E+01, 1.429E-02, 1.796E-04, 6.913E+01, 6.173E-03, 7.639E-02
14/03/2019,12:00,9,2.775,3.275,2.135,.958,.030, 9.843E+02, 6.333E+01, 3.761E-02, 6.791E-02, 4.365E+01, 1.061E+02, 8.842E+01, 3.979E+01,-5.571E-01, 1.893E+01, 2.876E+00, 4.414E-01, 1.705E-01, 3.088E-01, 1.000E+00, 8.573E-01, 9.737E-01, 1.000E-02, 1.000E+00, 1.000E+00, 8.573E-03, 5.298E-05, 6.017E-05, 0.000E+00, 9.889E+01, 4.008E+01, 1.429E-02, 2.016E-04, 6.903E+01, 5.747E-03, 1.438E-01
14/03/2019,13:00,9,2.775,3.275,2.558,.943,.042, 9.844E+02, 6.651E+01, 3.761E-02, 6.078E-02, 3.686E+01, 9.410E+01, 8.154E+01, 3.530E+01,-5.571E-01, 1.893E+01, 2.583E+00, 4.418E-01, 1.532E-01, 2.784E-01, 1.000E+00, 8.214E-01, 9.650E-01, 1.000E-02, 1.000E+00, 1.000E+00, 8.214E-03, 5.084E-05, 5.973E-05, 0.000E+00, 1.101E+02, 4.462E+01, 1.429E-02, 1.935E-04, 6.906E+01, 5.379E-03, 2.920E-01
14/03/2019,14:00,9,2.775,3.275,2.980,.927,.055, 9.845E+02, 7.140E+01, 3.761E-02, 5.366E-02, 2.635E+01, 7.409E+01, 6.909E+01, 2.778E+01,-5.571E-01, 1.893E+01, 2.416E+00, 4.421E-01, 1.433E-01, 2.269E-01, 1.000E+00, 7.401E-01, 9.417E-01, 1.000E-02, 1.000E+00, 1.000E+00, 7.401E-03, 4.588E-05, 5.837E-05, 0.000E+00, 1.177E+02, 4.771E+01, 1.429E-02, 1.746E-04, 6.915E+01, 5.152E-03, 3.429E-01
14/03/2019,15:00,9,2.775,3.275,3.403,.911,.069, 9.847E+02, 7.756E+01, 6.096E-02, 4.654E-02, 1.127E+00, 2.721E+01, 1.246E+01, 9.850E+00,-1.734E+01,-3.070E+00, 2.401E+00, 2.300E-01, 1.050E-01, 1.550E-01, 1.000E+00, 3.436E-01, 4.011E-01, 1.000E-02, 1.000E+00, 1.000E+00, 3.436E-03, 2.133E-05, 2.490E-05, 0.000E+00, 2.180E+02, 6.513E+01, 1.429E-02, 8.119E-05, 6.960E+01, 4.074E-03, 4.288E-01
14/03/2019,16:00,9,2.775,3.275,2.911,.931,.052, 9.849E+02, 8.454E+01, 6.096E-02, 4.578E-02, 1.727E-01, 8.384E+00, 3.936E+00, 3.027E+00,-1.734E+01,-3.070E+00, 2.369E+00, 2.298E-01, 1.035E-01, 6.852E-02, 1.000E+00, 1.193E-01, 1.495E-01, 1.000E-02, 1.000E+00, 1.000E+00, 1.193E-03, 7.393E-06, 9.262E-06, 0.000E+00, 2.212E+02, 6.605E+01, 1.429E-02, 2.814E-05, 6.986E+01, 4.028E-03, 3.886E-01
14/03/2019,17:00,9,2.775,3.275,2.419,.951,.036, 9.852E+02, 9.194E+01, 6.096E-02, 4.502E-02, 0.000E+00, 0.000E+00, 0.000E+00, 0.000E+00,-1.734E+01,-3.070E+00, 2.337E+00, 2.295E-01, 1.020E-01,-9.990E+02, 1.000E+00,-9.990E+02, 0.000E+00, 0.000E+00, 0.000E+00, 1.000E+00, 0.000E+00, 0.000E+00, 0.000E+00, 0.000E+00, 2.245E+02, 6.700E+01, 1.429E-02, 0.000E+00, 7.000E+01, 3.985E-03, 4.148E-01
14/03/2019,18:00,9,2.775,3.275,1.926,.970,.021, 9.855E+02, 9.937E+01, 2.310E-02, 4.425E-02, 0.000E+00, 0.000E+00, 0.000E+00, 0.000E+00,-1.361E+01,-3.923E+00, 2.306E+00, 1.941E-01, 1.000E-01,-9.990E+02, 1.000E+00,-9.990E+02, 0.000E+00, 0.000E+00, 0.000E+00, 1.000E+00, 0.000E+00, 0.000E+00, 0.000E+00, 0.000E+00, 2.471E+02, 6.835E+01, 1.429E-02, 0.000E+00, 7.000E+01, 3.902E-03, 3.272E-01
14/03/2019,19:00,9,2.775,3.275,1.632,.975,.017, 9.856E+02, 1.064E+02, 2.310E-02, 4.400E-02, 0.000E+00, 0.000E+00, 0.000E+00, 0.000E+00,-1.361E+01,-3.923E+00, 2.137E+00, 1.940E-01, 1.000E-01,-9.990E+02, 1.000E+00,-9.990E+02, 0.000E+00, 0.000E+00, 0.000E+00, 1.000E+00, 0.000E+00, 0.000E+00, 0.000E+00, 0.000E+00, 2.472E+02, 6.835E+01, 1.429E-02, 0.000E+00, 7.000E+01, 3.902E-03, 1.761E-01
14/03/2019,20:00,9,2.775,3.275,1.337,.981,.013, 9.858E+02, 1.127E+02, 2.310E-02, 4.374E-02, 0.000E+00, 0.000E+00, 0.000E+00, 0.000E+00,-1.361E+01,-3.923E+00, 2.020E+00, 1.939E-01, 1.000E-01,-9.990E+02, 1.000E+00,-9.990E+02, 0.000E+00, 0.000E+00, 0.000E+00, 1.000E+00, 0.000E+00, 0.000E+00, 0.000E+00, 0.000E+00, 2.474E+02, 6.835E+01, 1.429E-02, 0.000E+00, 7.000E+01, 3.902E-03, 1.057E-01
14/03/2019,21:00,9,2.775,3.275,1.042,.986,.009, 9.859E+02, 1.176E+02, 0.000E+00, 4.349E-02, 0.000E+00, 0.000E+00, 0.000E+00, 0.000E+00,-8.018E+00,-8.295E+00, 1.965E+00, 1.763E-01, 1.000E-01,-9.990E+02, 1.000E+00,-9.990E+02, 0.000E+00, 0.000E+00, 0.000E+00, 1.000E+00, 0.000E+00, 0.000E+00, 0.000E+00, 0.000E+00, 2.303E+02, 6.835E+01, 1.429E-02, 0.000E+00, 7.000E+01, 3.926E-03, 7.477E-02
14/03/2019,22:00,9,2.775,3.275,.532,.988,.008, 9.861E+02, 1.208E+02, 0.000E+00, 4.349E-02, 0.000E+00, 0.000E+00, 0.000E+00, 0.000E+00,-8.018E+00,-8.295E+00, 2.001E+00, 1.761E-01, 1.000E-01,-9.990E+02, 1.000E+00,-9.990E+02, 0.000E+00, 0.000E+00, 0.000E+00, 1.000E+00, 0.000E+00, 0.000E+00, 0.000E+00, 0.000E+00, 2.304E+02, 6.835E+01, 9.732E-03, 0.000E+00, 1.028E+02, 3.479E-03, 4.480E-02
14/03/2019,23:00,9,2.775,3.275,.022,.990,.006, 9.863E+02, 1.219E+02, 0.000E+00, 4.349E-02, 0.000E+00, 0.000E+00, 0.000E+00, 0.000E+00,-8.018E+00,-8.295E+00, 2.038E+00, 1.760E-01, 1.000E-01,-9.990E+02, 1.000E+00,-9.990E+02, 0.000E+00, 0.000E+00, 0.000E+00, 1.000E+00, 0.000E+00, 0.000E+00, 0.000E+00, 0.000E+00, 2.306E+02, 6.835E+01, 7.223E-03, 0.000E+00, 1.384E+02, 3.094E-03, 4.608E-02
15/03/2019,00:00,9,2.786,3.286,-.488,.993,.004, 9.865E+02, 1.207E+02, 7.513E-04, 4.349E-02, 0.000E+00, 0.000E+00, 0.000E+00, 0.000E+00,-3.809E+00,-4.523E+00, 2.077E+00, 2.185E-01, 1.130E-01,-9.990E+02, 1.000E+00,-9.990E+02, 0.000E+00, 0.000E+00, 0.000E+00, 1.000E+00, 0.000E+00, 0.000E+00, 0.000E+00, 0.000E+00, 1.627E+02, 6.049E+01, 5.742E-03, 0.000E+00, 1.741E+02, 2.996E-03, 8.773E-02
15/03/2019,01:00,9,2.786,3.286,-.599,.991,.005, 9.867E+02, 1.174E+02, 7.513E-04, 4.425E-02, 0.000E+00, 0.000E+00, 0.000E+00, 0.000E+00,-3.809E+00,-4.523E+00, 1.909E+00, 2.185E-01, 1.039E-01,-9.990E+02, 1.000E+00,-9.990E+02, 0.000E+00, 0.000E+00, 0.000E+00, 1.000E+00, 0.000E+00, 0.000E+00, 0.000E+00, 0.000E+00, 1.770E+02, 6.580E+01, 5.497E-03, 0.000E+00, 1.819E+02, 2.812E-03, 1.565E-01
15/03/2019,02:00,9,2.786,3.286,-.710,.989,.007, 9.868E+02, 1.123E+02, 7.513E-04, 4.502E-02, 0.000E+00, 0.000E+00, 0.000E+00, 0.000E+00,-3.809E+00,-4.523E+00, 1.784E+00, 2.184E-01, 1.000E-01,-9.990E+02, 1.000E+00,-9.990E+02, 0.000E+00, 0.000E+00, 0.000E+00, 1.000E+00, 0.000E+00, 0.000E+00, 0.000E+00, 0.000E+00, 1.838E+02, 6.835E+01, 5.272E-03, 0.000E+00, 1.897E+02, 2.702E-03, 1.380E-01
15/03/2019,03:00,9,2.786,3.286,-.821,.987,.008, 9.870E+02, 1.060E+02, 0.000E+00, 4.578E-02, 0.000E+00, 0.000E+00, 0.000E+00, 0.000E+00,-5.658E+00,-2.512E+00, 1.709E+00, 1.327E-01, 1.000E-01,-9.990E+02, 1.000E+00,-9.990E+02, 0.000E+00, 0.000E+00, 0.000E+00, 1.000E+00, 0.000E+00, 0.000E+00, 0.000E+00, 0.000E+00, 2.706E+02, 6.835E+01, 5.065E-03, 0.000E+00, 1.975E+02, 2.591E-03, 2.626E-02
15/03/2019,04:00,9,2.786,3.286,-1.201,.984,.009, 9.871E+02, 9.889E+01, 0.000E+00, 4.578E-02, 0.000E+00, 0.000E+00, 0.000E+00, 0.000E+00,-5.658E+00,-2.512E+00, 1.428E+00, 1.326E-01, 1.000E-01,-9.990E+02, 1.000E+00,-9.990E+02, 0.000E+00, 0.000E+00, 0.000E+00, 1.000E+00, 0.000E+00, 0.000E+00, 0.000E+00, 0.000E+00, 2.709E+02, 6.835E+01, 1.429E-03, 0.000E+00, 7.000E+02, 1.126E-03, 8.134E-03
15/03/2019,05:00,9,2.786,3.286,-1.581,.982,.010, 9.871E+02, 9.143E+01, 0.000E+00, 4.578E-02, 0.000E+00, 0.000E+00, 0.000E+00, 0.000E+00,-5.658E+00,-2.512E+00, 1.174E+00, 1.325E-01, 1.000E-01,-9.990E+02, 1.000E+00,-9.990E+02, 0.000E+00, 0.000E+00, 0.000E+00, 1.000E+00, 0.000E+00, 0.000E+00, 0.000E+00, 0.000E+00, 2.711E+02, 6.835E+01, 1.429E-03, 0.000E+00, 7.000E+02, 1.125E-03, 2.980E-02
15/03/2019,06:00,9,2.786,3.286,-1.961,.980,.011, 9.871E+02, 8.401E+01, 6.320E-03, 4.578E-02, 6.650E+00, 2.216E+01, 4.019E+01, 8.302E+00, 3.727E+01, 2.396E+01, 9.690E-01, 2.375E-01, 1.000E-01, 7.486E-02, 1.000E+00, 3.281E-01, 8.085E-01, 1.000E-02, 1.000E+00, 1.000E+00, 3.281E-03, 1.998E-05, 4.922E-05, 0.000E+00, 1.233E+02, 6.835E+01, 1.429E-03, 7.632E-05, 6.645E+02, 1.203E-03, 8.226E-02
15/03/2019,07:00,9,2.786,3.286,-.560,.952,.028, 9.871E+02, 7.702E+01, 6.320E-03, 4.578E-02, 3.615E+01, 5.178E+01, 1.007E+02, 2.025E+01, 3.727E+01, 2.396E+01, 1.016E+00, 2.381E-01, 1.000E-01, 1.609E-01, 1.000E+00, 6.327E-01, 9.841E-01, 1.000E-02, 1.000E+00, 1.000E+00, 6.327E-03, 3.871E-05, 6.022E-05, 0.000E+00, 1.235E+02, 6.835E+01, 5.580E-03, 1.479E-04, 1.746E+02, 2.926E-03, 3.076E-01
15/03/2019,08:00,9,2.786,3.286,.841,.924,.050, 9.871E+02, 7.087E+01, 6.320E-03, 4.578E-02, 6.791E+01, 7.524E+01, 1.334E+02, 2.983E+01, 3.727E+01, 2.396E+01, 1.089E+00, 2.387E-01, 1.000E-01, 2.319E-01, 1.000E+00, 7.738E-01, 9.959E-01, 1.000E-02, 1.000E+00, 1.000E+00, 7.738E-03, 4.759E-05, 6.125E-05, 0.000E+00, 1.236E+02, 6.835E+01, 1.232E-02, 1.818E-04, 7.997E+01, 4.046E-03, 5.578E-01
15/03/2019,09:00,9,2.786,3.286,2.242,.896,.075, 9.871E+02, 6.601E+01, 1.458E-01, 4.578E-02, 1.627E+01, 8.325E+01, 5.052E+01, 3.051E+01, 4.331E+01, 3.192E+01, 1.184E+00, 3.580E-01, 1.000E-01, 2.824E-01, 1.000E+00, 7.601E-01, 8.748E-01, 1.000E-02, 1.000E+00, 1.000E+00, 7.601E-03, 4.699E-05, 5.408E-05, 0.000E+00, 1.412E+02, 6.835E+01, 1.429E-02, 1.795E-04, 6.913E+01, 4.114E-03, 7.756E-01
15/03/2019,10:00,9,2.786,3.286,2.296,.896,.075, 9.867E+02, 6.288E+01, 1.458E-01, 4.476E-02, 1.915E+01, 9.402E+01, 5.545E+01, 3.445E+01, 4.331E+01, 3.192E+01, 1.507E+00, 3.581E-01, 1.000E-01, 3.119E-01, 1.000E+00, 8.013E-01, 8.978E-01, 1.000E-02, 1.000E+00, 1.000E+00, 8.013E-03, 4.955E-05, 5.551E-05, 0.000E+00, 1.412E+02, 6.835E+01, 1.429E-02, 1.893E-04, 6.908E+01, 4.115E-03, 3.742E-01
15/03/2019,11:00,9,2.786,3.286,2.349,.896,.075, 9.864E+02, 6.181E+01, 1.458E-01, 4.374E-02, 2.012E+01, 9.752E+01, 5.703E+01, 3.573E+01, 4.331E+01, 3.192E+01, 1.886E+00, 3.582E-01, 1.231E-01, 3.213E-01, 1.000E+00, 8.131E-01, 9.042E-01, 1.000E-02, 1.000E+00, 1.000E+00, 8.131E-03, 5.029E-05, 5.592E-05, 0.000E+00, 1.147E+02, 5.551E+01, 1.429E-02, 1.921E-04, 6.907E+01, 4.755E-03, 3.194E-01
15/03/2019,12:00,9,2.786,3.286,2.403,.897,.075, 9.861E+02, 6.295E+01, 6.409E-01, 4.273E-02, 2.213E+00, 6.263E+01, 2.500E+01, 2.257E+01, 9.934E+00, 2.483E+00, 2.293E+00, 3.467E-01, 1.412E-01, 3.112E-01, 1.000E+00, 6.164E-01, 6.424E-01, 1.000E-02, 1.000E+00, 1.000E+00, 6.164E-03, 3.813E-05, 3.974E-05, 0.000E+00, 1.112E+02, 4.841E+01, 1.429E-02, 1.457E-04, 6.929E+01, 5.127E-03, 3.055E-01
15/03/2019,13:00,9,2.786,3.286,2.149,.929,.051, 9.852E+02, 6.615E+01, 6.409E-01, 4.349E-02, 1.874E+00, 5.497E+01, 2.212E+01, 1.981E+01, 9.934E+00, 2.483E+00, 2.110E+00, 3.467E-01, 1.299E-01, 2.810E-01, 1.000E+00, 5.685E-01, 5.975E-01, 1.000E-02, 1.000E+00, 1.000E+00, 5.685E-03, 3.514E-05, 3.692E-05, 0.000E+00, 1.208E+02, 5.261E+01, 1.429E-02, 1.342E-04, 6.935E+01, 4.855E-03, 2.943E-01
15/03/2019,14:00,9,2.786,3.286,1.894,.961,.027, 9.842E+02, 7.106E+01, 6.409E-01, 4.425E-02, 1.349E+00, 4.248E+01, 1.739E+01, 1.531E+01, 9.934E+00, 2.483E+00, 1.945E+00, 3.467E-01, 1.198E-01, 2.298E-01, 1.000E+00, 4.772E-01, 5.108E-01, 1.000E-02, 1.000E+00, 1.000E+00, 4.772E-03, 2.947E-05, 3.154E-05, 0.000E+00, 1.311E+02, 5.708E+01, 1.429E-02, 1.126E-04, 6.945E+01, 4.594E-03, 3.122E-01
15/03/2019,15:00,9,2.786,3.286,1.640,.993,.005, 9.833E+02, 7.724E+01, 3.418E-01, 4.502E-02, 7.087E-01, 2.595E+01, 1.095E+01, 9.350E+00,-5.506E+00,-3.498E+00, 1.802E+00, 1.316E-01, 1.000E-01, 1.583E-01, 1.000E+00, 3.261E-01, 3.627E-01, 1.000E-02, 1.000E+00, 1.000E+00, 3.261E-03, 2.012E-05, 2.237E-05, 0.000E+00, 2.709E+02, 6.835E+01, 1.429E-02, 7.686E-05, 6.963E+01, 3.874E-03, 3.322E-01
15/03/2019,16:00,9,2.786,3.286,1.373,.995,.003, 9.829E+02, 8.423E+01, 3.418E-01, 4.476E-02, 1.217E-01, 8.331E+00, 3.603E+00, 2.997E+00,-5.506E+00,-3.498E+00, 1.563E+00, 1.316E-01, 1.000E-01, 7.213E-02, 1.000E+00, 1.176E-01, 1.377E-01, 1.000E-02, 1.000E+00, 1.000E+00, 1.176E-03, 7.244E-06, 8.488E-06, 0.000E+00, 2.710E+02, 6.835E+01, 1.429E-02, 2.768E-05, 6.986E+01, 3.871E-03, 3.630E-01
15/03/2019,17:00,9,2.786,3.286,1.105,.997,.002, 9.826E+02, 9.164E+01, 3.418E-01, 4.451E-02, 0.000E+00, 0.000E+00, 0.000E+00, 0.000E+00,-5.506E+00,-3.498E+00, 1.410E+00, 1.315E-01, 1.000E-01,-9.990E+02, 1.000E+00,-9.990E+02, 0.000E+00, 0.000E+00, 0.000E+00, 1.000E+00, 0.000E+00, 0.000E+00, 0.000E+00, 0.000E+00, 2.711E+02, 6.835E+01, 1.429E-02, 0.000E+00, 7.000E+01, 3.868E-03, 3.254E-01
15/03/2019,18:00,9,2.786,3.286,.838,1.000,.000, 9.822E+02, 9.906E+01, 2.581E-01, 4.425E-02, 0.000E+00, 0.000E+00, 0.000E+00, 0.000E+00,-1.304E+00,-8.215E-01, 1.372E+00, 1.000E-01, 1.000E-01,-9.990E+02, 1.000E+00,-9.990E+02, 0.000E+00, 0.000E+00, 0.000E+00, 1.000E+00, 0.000E+00, 0.000E+00, 0.000E+00, 0.000E+00, 2.238E+02, 6.835E+01, 1.229E-02, 0.000E+00, 8.137E+01, 3.767E-03, 2.372E-01
15/03/2019,19:00,9,2.786,3.286,.686,.999,.000, 9.820E+02, 1.061E+02, 2.581E-01, 4.425E-02, 0.000E+00, 0.000E+00, 0.000E+00, 0.000E+00,-1.304E+00,-8.215E-01, 6.805E-01, 1.000E-01, 1.000E-01,-9.990E+02, 1.000E+00,-9.990E+02, 0.000E+00, 0.000E+00, 0.000E+00, 1.000E+00, 0.000E+00, 0.000E+00, 0.000E+00, 0.000E+00, 2.238E+02, 6.835E+01, 1.088E-02, 0.000E+00, 9.195E+01, 3.622E-03, 1.560E-01
15/03/2019,20:00,9,2.786,3.286,.535,.999,.000, 9.818E+02, 1.123E+02, 2.581E-01, 4.425E-02, 0.000E+00, 0.000E+00, 0.000E+00, 0.000E+00,-1.304E+00,-8.215E-01, 4.184E-01, 1.000E-01, 1.000E-01,-9.990E+02, 1.000E+00,-9.990E+02, 0.000E+00, 0.000E+00, 0.000E+00, 1.000E+00, 0.000E+00, 0.000E+00, 0.000E+00, 0.000E+00, 2.238E+02, 6.835E+01, 9.753E-03, 0.000E+00, 1.025E+02, 3.489E-03, 9.686E-02
15/03/2019,21:00,9,2.786,3.286,.384,.999,.000, 9.817E+02, 1.173E+02, 4.191E-02, 4.425E-02, 0.000E+00, 0.000E+00, 0.000E+00, 0.000E+00,-1.538E+00,-1.660E+00, 1.009E+00, 1.681E-01, 1.000E-01,-9.990E+02, 1.000E+00,-9.990E+02, 0.000E+00, 0.000E+00, 0.000E+00, 1.000E+00, 0.000E+00, 0.000E+00, 0.000E+00, 0.000E+00, 1.821E+02, 6.835E+01, 8.841E-03, 0.000E+00, 1.131E+02, 3.409E-03, 5.017E-02
15/03/2019,22:00,9,2.786,3.286,.338,.998,.001, 9.817E+02, 1.205E+02, 4.191E-02, 4.425E-02, 0.000E+00, 0.000E+00, 0.000E+00, 0.000E+00,-1.538E+00,-1.660E+00, 1.250E+00, 1.681E-01, 1.000E-01,-9.990E+02, 1.000E+00,-9.990E+02, 0.000E+00, 0.000E+00, 0.000E+00, 1.000E+00, 0.000E+00, 0.000E+00, 0.000E+00, 0.000E+00, 1.821E+02, 6.835E+01, 8.597E-03, 0.000E+00, 1.163E+02, 3.372E-03, 1.262E-02
15/03/2019,23:00,9,2.786,3.286,.292,.997,.002, 9.818E+02, 1.215E+02, 4.191E-02, 4.425E-02, 0.000E+00, 0.000E+00, 0.000E+00, 0.000E+00,-1.538E+00,-1.660E+00, 1.499E+00, 1.681E-01, 1.000E-01,-9.990E+02, 1.000E+00,-9.990E+02, 0.000E+00, 0.000E+00, 0.000E+00, 1.000E+00, 0.000E+00, 0.000E+00, 0.000E+00, 0.000E+00, 1.821E+02, 6.835E+01, 8.365E-03, 0.000E+00, 1.195E+02, 3.336E-03, 4.877E-02
16/03/2019,00:00,9,2.797,3.297,.246,.996,.003, 9.818E+02, 1.203E+02, 1.901E-01, 4.425E-02, 0.000E+00, 0.000E+00, 0.000E+00, 0.000E+00,-6.375E+00, 4.146E+00, 1.754E+00, 3.677E-01, 1.009E-01,-9.990E+02, 1.000E+00,-9.990E+02, 0.000E+00, 0.000E+00, 0.000E+00, 1.000E+00, 0.000E+00, 0.000E+00, 0.000E+00, 0.000E+00, 1.723E+02, 6.775E+01, 8.147E-03, 0.000E+00, 1.228E+02, 3.326E-03, 5.200E-02
16/03/2019,01:00,9,2.797,3.297,.235,.985,.009, 9.822E+02, 1.170E+02, 1.901E-01, 5.366E-02, 0.000E+00, 0.000E+00, 0.000E+00, 0.000E+00,-6.375E+00, 4.146E+00, 2.159E+00, 3.676E-01, 1.242E-01,-9.990E+02, 1.000E+00,-9.990E+02, 0.000E+00, 0.000E+00, 0.000E+00, 1.000E+00, 0.000E+00, 0.000E+00, 0.000E+00, 0.000E+00, 1.399E+02, 5.503E+01, 8.095E-03, 0.000E+00, 1.235E+02, 3.731E-03, 2.936E-02
16/03/2019,02:00,9,2.797,3.297,.224,.974,.016, 9.827E+02, 1.119E+02, 1.901E-01, 6.307E-02, 0.000E+00, 0.000E+00, 0.000E+00, 0.000E+00,-6.375E+00, 4.146E+00, 2.570E+00, 3.675E-01, 1.478E-01,-9.990E+02, 1.000E+00,-9.990E+02, 0.000E+00, 0.000E+00, 0.000E+00, 1.000E+00, 0.000E+00, 0.000E+00, 0.000E+00, 0.000E+00, 1.176E+02, 4.624E+01, 8.044E-03, 0.000E+00, 1.243E+02, 4.070E-03, 1.089E-02
16/03/2019,03:00,9,2.797,3.297,.213,.963,.023, 9.831E+02, 1.056E+02, 1.067E-01, 7.248E-02, 0.000E+00, 0.000E+00, 0.000E+00, 0.000E+00,-1.051E+01, 9.982E+00, 2.983E+00, 4.504E-01, 1.722E-01,-9.990E+02, 1.000E+00,-9.990E+02, 0.000E+00, 0.000E+00, 0.000E+00, 1.000E+00, 0.000E+00, 0.000E+00, 0.000E+00, 0.000E+00, 1.006E+02, 3.969E+01, 7.994E-03, 0.000E+00, 1.251E+02, 4.361E-03, 1.074E-02
16/03/2019,04:00,9,2.797,3.297,.243,.956,.027, 9.837E+02, 9.851E+01, 1.067E-01, 7.299E-02, 0.000E+00, 0.000E+00, 0.000E+00, 0.000E+00,-1.051E+01, 9.982E+00, 3.099E+00, 4.502E-01, 1.789E-01,-9.990E+02, 1.000E+00,-9.990E+02, 0.000E+00, 0.000E+00, 0.000E+00, 1.000E+00, 0.000E+00, 0.000E+00, 0.000E+00, 0.000E+00, 9.686E+01, 3.821E+01, 8.130E-03, 0.000E+00, 1.230E+02, 4.478E-03, 2.234E-02
16/03/2019,05:00,9,2.797,3.297,.273,.950,.031, 9.843E+02, 9.106E+01, 1.067E-01, 7.350E-02, 0.000E+00, 0.000E+00, 0.000E+00, 0.000E+00,-1.051E+01, 9.982E+00, 3.218E+00, 4.501E-01, 1.857E-01,-9.990E+02, 1.000E+00,-9.990E+02, 0.000E+00, 0.000E+00, 0.000E+00, 1.000E+00, 0.000E+00, 0.000E+00, 0.000E+00, 0.000E+00, 9.328E+01, 3.680E+01, 8.271E-03, 0.000E+00, 1.209E+02, 4.597E-03, 4.511E-02
16/03/2019,06:00,9,2.797,3.297,.303,.943,.036, 9.848E+02, 8.363E+01, 5.961E-02, 7.401E-02, 2.638E-01, 1.051E+01, 4.968E+00, 3.778E+00, 8.938E+00, 3.362E+01, 3.340E+00, 6.702E-01, 1.995E-01, 7.930E-02, 1.000E+00, 1.472E-01, 1.848E-01, 1.000E-02, 1.000E+00, 1.000E+00, 1.472E-03, 9.034E-06, 1.134E-05, 0.000E+00, 8.345E+01, 3.426E+01, 8.416E-03, 3.465E-05, 1.183E+02, 4.809E-03, 6.652E-02
16/03/2019,07:00,9,2.797,3.297,.695,.905,.061, 9.858E+02, 7.664E+01, 5.961E-02, 7.401E-02, 1.278E+00, 2.988E+01, 1.352E+01, 1.076E+01, 8.938E+00, 3.362E+01, 4.023E+00, 6.703E-01, 2.403E-01, 1.649E-01, 1.000E+00, 3.689E-01, 4.266E-01, 1.000E-02, 1.000E+00, 1.000E+00, 3.689E-03, 2.268E-05, 2.623E-05, 0.000E+00, 6.928E+01, 2.845E+01, 1.095E-02, 8.698E-05, 9.061E+01, 6.060E-03, 1.431E-01
16/03/2019,08:00,9,2.797,3.297,1.088,.867,.088, 9.867E+02, 7.048E+01, 5.961E-02, 7.401E-02, 2.348E+00, 4.760E+01, 2.065E+01, 1.714E+01, 8.938E+00, 3.362E+01, 4.709E+00, 6.705E-01, 2.813E-01, 2.353E-01, 1.000E+00, 5.215E-01, 5.724E-01, 1.000E-02, 1.000E+00, 1.000E+00, 5.215E-03, 3.211E-05, 3.524E-05, 0.000E+00, 5.919E+01, 2.430E+01, 1.429E-02, 1.231E-04, 6.940E+01, 7.521E-03, 1.633E-01
16/03/2019,09:00,9,2.797,3.297,1.481,.829,.116, 9.876E+02, 6.561E+01, 0.000E+00, 7.401E-02, 7.497E+01, 9.791E+01, 1.287E+02, 3.791E+01, 2.288E+01, 4.678E+01, 5.397E+00, 6.142E-01, 3.261E-01, 2.853E-01, 1.000E+00, 8.483E-01, 9.950E-01, 1.000E-02, 1.000E+00, 1.000E+00, 8.483E-03, 5.230E-05, 6.134E-05, 0.000E+00, 4.991E+01, 2.096E+01, 1.429E-02, 2.006E-04, 6.903E+01, 8.082E-03, 1.749E-01
16/03/2019,10:00,9,2.797,3.297,2.011,.792,.147, 9.882E+02, 6.247E+01, 0.000E+00, 7.299E-02, 8.787E+01, 1.081E+02, 1.370E+02, 4.189E+01, 2.288E+01, 4.678E+01, 4.786E+00, 6.147E-01, 2.892E-01, 3.145E-01, 1.000E+00, 8.765E-01, 9.964E-01, 1.000E-02, 1.000E+00, 1.000E+00, 8.765E-03, 5.414E-05, 6.155E-05, 0.000E+00, 5.629E+01, 2.364E+01, 1.429E-02, 2.076E-04, 6.900E+01, 7.652E-03, 1.964E-01
16/03/2019,11:00,9,2.797,3.297,2.542,.755,.180, 9.888E+02, 6.142E+01, 0.000E+00, 7.198E-02, 9.216E+01, 1.113E+02, 1.395E+02, 4.314E+01, 2.288E+01, 4.678E+01, 4.177E+00, 6.151E-01, 2.524E-01, 3.237E-01, 1.000E+00, 8.843E-01, 9.968E-01, 1.000E-02, 1.000E+00, 1.000E+00, 8.843E-03, 5.473E-05, 6.169E-05, 0.000E+00, 6.451E+01, 2.709E+01, 1.429E-02, 2.099E-04, 6.899E+01, 7.160E-03, 1.930E-01
16/03/2019,12:00,9,2.797,3.297,3.072,.718,.215, 9.894E+02, 6.257E+01, 1.198E-03, 7.096E-02, 6.765E+01, 1.105E+02, 1.154E+02, 4.202E+01, 4.480E+00, 2.738E+01, 3.570E+00, 3.668E-01, 2.155E-01, 3.136E-01, 1.000E+00, 8.754E-01, 9.913E-01, 1.000E-02, 1.000E+00, 1.000E+00, 8.754E-03, 5.428E-05, 6.147E-05, 0.000E+00, 7.573E+01, 3.173E+01, 1.429E-02, 2.082E-04, 6.899E+01, 6.588E-03, 1.989E-01
16/03/2019,13:00,9,2.797,3.297,3.237,.709,.224, 9.898E+02, 6.579E+01, 1.198E-03, 7.121E-02, 5.737E+01, 9.904E+01, 1.076E+02, 3.765E+01, 4.480E+00, 2.738E+01, 2.763E+00, 3.668E-01, 1.667E-01, 2.836E-01, 1.000E+00, 8.443E-01, 9.880E-01, 1.000E-02, 1.000E+00, 1.000E+00, 8.443E-03, 5.239E-05, 6.130E-05, 0.000E+00, 9.786E+01, 4.100E+01, 1.429E-02, 2.009E-04, 6.903E+01, 5.681E-03, 2.066E-01
16/03/2019,14:00,9,2.797,3.297,3.403,.699,.234, 9.902E+02, 7.072E+01, 1.198E-03, 7.147E-02, 4.151E+01, 7.959E+01, 9.307E+01, 3.021E+01, 4.480E+00, 2.738E+01, 1.959E+00, 3.669E-01, 1.182E-01, 2.327E-01, 1.000E+00, 7.735E-01, 9.782E-01, 1.000E-02, 1.000E+00, 1.000E+00, 7.735E-03, 4.802E-05, 6.073E-05, 0.000E+00, 1.380E+02, 5.781E+01, 1.429E-02, 1.842E-04, 6.911E+01, 4.546E-03, 2.231E-01
16/03/2019,15:00,9,2.797,3.297,3.568,.690,.245, 9.906E+02, 7.691E+01, 0.000E+00, 7.172E-02, 5.732E+01, 4.579E+01, 1.456E+02, 1.902E+01,-5.194E+00, 1.317E+00, 1.167E+00, 1.000E-01, 1.000E-01, 1.616E-01, 1.000E+00, 6.161E-01, 9.975E-01, 1.000E-02, 1.000E+00, 1.000E+00, 6.161E-03, 3.827E-05, 6.196E-05, 0.000E+00, 3.871E+02, 6.835E+01, 1.429E-02, 1.468E-04, 6.929E+01, 3.724E-03, 2.306E-01
16/03/2019,16:00,9,2.797,3.297,2.482,.745,.186, 9.910E+02, 8.392E+01, 0.000E+00, 7.147E-02, 1.078E+01, 2.338E+01, 5.986E+01, 8.929E+00,-5.194E+00, 1.317E+00, 1.156E-01, 1.000E-01, 1.000E-01, 7.572E-02, 1.000E+00, 3.533E-01, 9.147E-01, 1.000E-02, 1.000E+00, 1.000E+00, 3.533E-03, 2.186E-05, 5.660E-05, 0.000E+00, 3.870E+02, 6.835E+01, 1.429E-02, 8.385E-05, 6.959E+01, 3.720E-03, 2.535E-01
16/03/2019,17:00,9,2.797,3.297,1.397,.800,.135, 9.914E+02, 9.133E+01, 0.000E+00, 7.121E-02, 0.000E+00, 0.000E+00, 0.000E+00, 0.000E+00,-5.194E+00, 1.317E+00, 1.028E+00, 1.000E-01, 1.000E-01,-9.990E+02, 1.000E+00,-9.990E+02, 0.000E+00, 0.000E+00, 0.000E+00, 1.000E+00, 0.000E+00, 0.000E+00, 0.000E+00, 0.000E+00, 3.869E+02, 6.835E+01, 1.429E-02, 0.000E+00, 7.000E+01, 3.714E-03, 3.195E-01
16/03/2019,18:00,9,2.797,3.297,.311,.855,.090, 9.917E+02, 9.874E+01, 1.077E-04, 7.096E-02, 0.000E+00, 0.000E+00, 0.000E+00, 0.000E+00,-1.835E+01, 2.240E+00, 2.120E+00, 1.897E-01, 1.000E-01,-9.990E+02, 1.000E+00,-9.990E+02, 0.000E+00, 0.000E+00, 0.000E+00, 1.000E+00, 0.000E+00, 0.000E+00, 0.000E+00, 0.000E+00, 2.814E+02, 6.835E+01, 8.458E-03, 0.000E+00, 1.182E+02, 3.250E-03, 5.033E-01
16/03/2019,19:00,9,2.797,3.297,.203,.866,.083, 9.919E+02, 1.058E+02, 1.077E-04, 7.096E-02, 0.000E+00, 0.000E+00, 0.000E+00, 0.000E+00,-1.835E+01, 2.240E+00, 2.248E+00, 1.897E-01, 1.000E-01,-9.990E+02, 1.000E+00,-9.990E+02, 0.000E+00, 0.000E+00, 0.000E+00, 1.000E+00, 0.000E+00, 0.000E+00, 0.000E+00, 0.000E+00, 2.815E+02, 6.835E+01, 7.948E-03, 0.000E+00, 1.258E+02, 3.172E-03, 6.854E-01
16/03/2019,20:00,9,2.797,3.297,.094,.876,.076, 9.921E+02, 1.120E+02, 1.077E-04, 7.096E-02, 0.000E+00, 0.000E+00, 0.000E+00, 0.000E+00,-1.835E+01, 2.240E+00, 2.381E+00, 1.896E-01, 1.000E-01,-9.990E+02, 1.000E+00,-9.990E+02, 0.000E+00, 0.000E+00, 0.000E+00, 1.000E+00, 0.000E+00, 0.000E+00, 0.000E+00, 0.000E+00, 2.815E+02, 6.835E+01, 7.496E-03, 0.000E+00, 1.334E+02, 3.097E-03, 7.545E-01
16/03/2019,21:00,9,2.797,3.297,-.014,.887,.069, 9.923E+02, 1.169E+02, 1.443E-04, 7.096E-02, 0.000E+00, 0.000E+00, 0.000E+00, 0.000E+00,-2.034E+01, 3.289E+00, 2.518E+00, 2.281E-01, 1.047E-01,-9.990E+02, 1.000E+00,-9.990E+02, 0.000E+00, 0.000E+00, 0.000E+00, 1.000E+00, 0.000E+00, 0.000E+00, 0.000E+00, 0.000E+00, 2.295E+02, 6.526E+01, 7.093E-03, 0.000E+00, 1.410E+02, 3.142E-03, 7.690E-01
16/03/2019,22:00,9,2.797,3.297,-.273,.900,.060, 9.923E+02, 1.201E+02, 1.443E-04, 7.096E-02, 0.000E+00, 0.000E+00, 0.000E+00, 0.000E+00,-2.034E+01, 3.289E+00, 2.474E+00, 2.280E-01, 1.029E-01,-9.990E+02, 1.000E+00,-9.990E+02, 0.000E+00, 0.000E+00, 0.000E+00, 1.000E+00, 0.000E+00, 0.000E+00, 0.000E+00, 0.000E+00, 2.338E+02, 6.644E+01, 6.284E-03, 0.000E+00, 1.591E+02, 2.945E-03, 7.282E-01
16/03/2019,23:00,9,2.797,3.297,-.533,.913,.051, 9.923E+02, 1.211E+02, 1.443E-04, 7.096E-02, 0.000E+00, 0.000E+00, 0.000E+00, 0.000E+00,-2.034E+01, 3.289E+00, 2.436E+00, 2.279E-01, 1.013E-01,-9.990E+02, 1.000E+00,-9.990E+02, 0.000E+00, 0.000E+00, 0.000E+00, 1.000E+00, 0.000E+00, 0.000E+00, 0.000E+00, 0.000E+00, 2.376E+02, 6.750E+01, 5.641E-03, 0.000E+00, 1.773E+02, 2.773E-03, 5.458E-01
17/03/2019,00:00,9,2.807,3.307,-.792,.926,.043, 9.923E+02, 1.199E+02, 0.000E+00, 7.096E-02, 0.000E+00, 0.000E+00, 0.000E+00, 0.000E+00,-2.305E+01, 3.927E+00, 2.405E+00, 3.325E-01, 1.235E-01,-9.990E+02, 1.000E+00,-9.990E+02, 0.000E+00, 0.000E+00, 0.000E+00, 1.000E+00, 0.000E+00, 0.000E+00, 0.000E+00, 0.000E+00, 1.577E+02, 5.536E+01, 5.117E-03, 0.000E+00, 1.954E+02, 2.921E-03, 2.904E-01
17/03/2019,01:00,9,2.807,3.307,-.387,.903,.057, 9.917E+02, 1.166E+02, 0.000E+00, 6.129E-02, 0.000E+00, 0.000E+00, 0.000E+00, 0.000E+00,-2.305E+01, 3.927E+00, 2.600E+00, 3.328E-01, 1.336E-01,-9.990E+02, 1.000E+00,-9.990E+02, 0.000E+00, 0.000E+00, 0.000E+00, 1.000E+00, 0.000E+00, 0.000E+00, 0.000E+00, 0.000E+00, 1.457E+02, 5.118E+01, 5.985E-03, 0.000E+00, 1.671E+02, 3.301E-03, 1.521E-01
17/03/2019,02:00,9,2.807,3.307,.018,.881,.073, 9.912E+02, 1.115E+02, 0.000E+00, 5.163E-02, 0.000E+00, 0.000E+00, 0.000E+00, 0.000E+00,-2.305E+01, 3.927E+00, 2.887E+00, 3.332E-01, 1.483E-01,-9.990E+02, 1.000E+00,-9.990E+02, 0.000E+00, 0.000E+00, 0.000E+00, 1.000E+00, 0.000E+00, 0.000E+00, 0.000E+00, 0.000E+00, 1.312E+02, 4.608E+01, 7.207E-03, 0.000E+00, 1.387E+02, 3.831E-03, 1.134E-01
17/03/2019,03:00,9,2.807,3.307,.423,.858,.090, 9.906E+02, 1.052E+02, 2.055E-01, 4.196E-02, 0.000E+00, 0.000E+00, 0.000E+00, 0.000E+00,-2.867E+01, 3.370E+00, 3.240E+00, 5.708E-01, 1.853E-01,-9.990E+02, 1.000E+00,-9.990E+02, 0.000E+00, 0.000E+00, 0.000E+00, 1.000E+00, 0.000E+00, 0.000E+00, 0.000E+00, 0.000E+00, 9.436E+01, 3.689E+01, 9.057E-03, 0.000E+00, 1.104E+02, 4.824E-03, 2.148E-01
17/03/2019,04:00,9,2.807,3.307,.626,.895,.067, 9.895E+02, 9.813E+01, 2.055E-01, 4.247E-02, 0.000E+00, 0.000E+00, 0.000E+00, 0.000E+00,-2.867E+01, 3.370E+00, 3.751E+00, 5.713E-01, 2.145E-01,-9.990E+02, 1.000E+00,-9.990E+02, 0.000E+00, 0.000E+00, 0.000E+00, 1.000E+00, 0.000E+00, 0.000E+00, 0.000E+00, 0.000E+00, 8.152E+01, 3.187E+01, 1.040E-02, 0.000E+00, 9.619E+01, 5.558E-03, 1.713E-01
17/03/2019,05:00,9,2.807,3.307,.829,.932,.044, 9.885E+02, 9.068E+01, 2.055E-01, 4.298E-02, 0.000E+00, 0.000E+00, 0.000E+00, 0.000E+00,-2.867E+01, 3.370E+00, 4.264E+00, 5.718E-01, 2.439E-01,-9.990E+02, 1.000E+00,-9.990E+02, 0.000E+00, 0.000E+00, 0.000E+00, 1.000E+00, 0.000E+00, 0.000E+00, 0.000E+00, 0.000E+00, 7.169E+01, 2.803E+01, 1.220E-02, 0.000E+00, 8.198E+01, 6.426E-03, 7.265E-02
17/03/2019,06:00,9,2.807,3.307,1.032,.970,.020, 9.874E+02, 8.325E+01, 8.087E-01, 4.349E-02, 1.830E-01, 1.048E+01, 4.532E+00, 3.753E+00,-1.336E+01, 4.048E+00, 4.781E+00, 7.430E-01, 2.816E-01, 8.370E-02, 1.000E+00, 1.453E-01, 1.701E-01, 1.000E-02, 1.000E+00, 1.000E+00, 1.453E-03, 8.943E-06, 1.047E-05, 0.000E+00, 6.027E+01, 2.427E+01, 1.429E-02, 3.443E-05, 6.983E+01, 7.495E-03, 1.483E-02
17/03/2019,07:00,9,2.807,3.307,1.203,.977,.015, 9.864E+02, 7.625E+01, 8.087E-01, 4.425E-02, 8.056E-01, 2.858E+01, 1.194E+01, 1.024E+01,-1.336E+01, 4.048E+00, 5.152E+00, 7.436E-01, 3.035E-01, 1.689E-01, 1.000E+00, 3.512E-01, 3.879E-01, 1.000E-02, 1.000E+00, 1.000E+00, 3.512E-03, 2.163E-05, 2.389E-05, 0.000E+00, 5.593E+01, 2.252E+01, 1.429E-02, 8.327E-05, 6.959E+01, 7.776E-03, 6.883E-02
17/03/2019,08:00,9,2.807,3.307,1.375,.985,.010, 9.854E+02, 7.008E+01, 8.087E-01, 4.502E-02, 1.452E+00, 4.501E+01, 1.826E+01, 1.613E+01,-1.336E+01, 4.048E+00, 5.536E+00, 7.443E-01, 3.261E-01, 2.387E-01, 1.000E+00, 4.952E-01, 5.282E-01, 1.000E-02, 1.000E+00, 1.000E+00, 4.952E-03, 3.052E-05, 3.255E-05, 0.000E+00, 5.205E+01, 2.096E+01, 1.429E-02, 1.175E-04, 6.943E+01, 8.042E-03, 1.179E-01
17/03/2019,09:00,9,2.807,3.307,1.546,.992,.005, 9.843E+02, 6.521E+01, 1.010E+00, 4.578E-02, 1.975E+00, 5.728E+01, 2.288E+01, 2.053E+01,-8.273E-01, 1.356E+01, 5.931E+00, 7.934E-01, 3.521E-01, 2.882E-01, 1.000E+00, 5.816E-01, 6.098E-01, 1.000E-02, 1.000E+00, 1.000E+00, 5.816E-03, 3.586E-05, 3.761E-05, 0.000E+00, 4.784E+01, 1.941E+01, 1.429E-02, 1.381E-04, 6.933E+01, 8.322E-03, 1.608E-01
17/03/2019,10:00,9,2.807,3.307,1.547,.989,.008, 9.832E+02, 6.207E+01, 1.010E+00, 4.731E-02, 2.308E+00, 6.470E+01, 2.565E+01, 2.319E+01,-8.273E-01, 1.356E+01, 5.281E+00, 7.939E-01, 3.135E-01, 3.170E-01, 1.000E+00, 6.264E-01, 6.518E-01, 1.000E-02, 1.000E+00, 1.000E+00, 6.264E-03, 3.863E-05, 4.020E-05, 0.000E+00, 5.372E+01, 2.180E+01, 1.429E-02, 1.487E-04, 6.928E+01, 7.914E-03, 1.815E-01
17/03/2019,11:00,9,2.807,3.307,1.549,.986,.010, 9.821E+02, 6.102E+01, 1.010E+00, 4.883E-02, 2.419E+00, 6.711E+01, 2.654E+01, 2.405E+01,-8.273E-01, 1.356E+01, 4.649E+00, 7.943E-01, 2.760E-01, 3.261E-01, 1.000E+00, 6.399E-01, 6.644E-01, 1.000E-02, 1.000E+00, 1.000E+00, 6.399E-03, 3.946E-05, 4.097E-05, 0.000E+00, 6.103E+01, 2.476E+01, 1.429E-02, 1.519E-04, 6.926E+01, 7.457E-03, 1.972E-01
17/03/2019,12:00,9,2.807,3.307,1.550,.982,.012, 9.810E+02, 6.219E+01, 1.773E-01, 5.036E-02, 2.576E+01, 1.013E+02, 6.470E+01, 3.710E+01,-1.428E+01,-5.635E+00, 4.042E+00, 4.737E-01, 2.322E-01, 3.160E-01, 1.000E+00, 8.292E-01, 9.301E-01, 1.000E-02, 1.000E+00, 1.000E+00, 8.292E-03, 5.113E-05, 5.736E-05, 0.000E+00, 7.497E+01, 2.944E+01, 1.429E-02, 1.969E-04, 6.905E+01, 6.833E-03, 2.134E-01
17/03/2019,13:00,9,2.807,3.307,2.224,.983,.012, 9.807E+02, 6.543E+01, 1.773E-01, 4.858E-02, 2.191E+01, 8.990E+01, 5.927E+01, 3.293E+01,-1.428E+01,-5.635E+00, 3.547E+00, 4.743E-01, 2.038E-01, 2.861E-01, 1.000E+00, 7.908E-01, 9.127E-01, 1.000E-02, 1.000E+00, 1.000E+00, 7.908E-03, 4.888E-05, 5.642E-05, 0.000E+00, 8.541E+01, 3.354E+01, 1.429E-02, 1.882E-04, 6.909E+01, 6.363E-03, 2.689E-01
17/03/2019,14:00,9,2.807,3.307,2.899,.984,.012, 9.805E+02, 7.038E+01, 1.773E-01, 4.680E-02, 1.597E+01, 7.106E+01, 4.980E+01, 2.603E+01,-1.428E+01,-5.635E+00, 3.194E+00, 4.750E-01, 1.835E-01, 2.356E-01, 1.000E+00, 7.076E-01, 8.711E-01, 1.000E-02, 1.000E+00, 1.000E+00, 7.076E-03, 4.385E-05, 5.398E-05, 0.000E+00, 9.483E+01, 3.724E+01, 1.429E-02, 1.688E-04, 6.918E+01, 5.989E-03, 2.524E-01
17/03/2019,15:00,9,2.807,3.307,3.573,.986,.011, 9.802E+02, 7.659E+01, 8.340E-03, 4.502E-02, 6.409E+01, 4.953E+01, 1.588E+02, 2.060E+01,-5.471E+01,-2.262E+01, 3.033E+00, 3.704E-01, 1.416E-01, 1.648E-01, 1.000E+00, 6.418E-01, 9.985E-01, 1.000E-02, 1.000E+00, 1.000E+00, 6.418E-03, 3.987E-05, 6.203E-05, 0.000E+00, 1.513E+02, 4.827E+01, 1.429E-02, 1.535E-04, 6.926E+01, 5.034E-03, 2.640E-01
17/03/2019,16:00,9,2.807,3.307,2.786,.988,.009, 9.803E+02, 8.361E+01, 8.340E-03, 4.451E-02, 1.331E+01, 2.602E+01, 6.980E+01, 9.976E+00,-5.471E+01,-2.262E+01, 3.351E+00, 3.698E-01, 1.563E-01, 7.926E-02, 1.000E+00, 3.846E-01, 9.434E-01, 1.000E-02, 1.000E+00, 1.000E+00, 3.846E-03, 2.383E-05, 5.844E-05, 0.000E+00, 1.372E+02, 4.373E+01, 1.429E-02, 9.173E-05, 6.955E+01, 5.354E-03, 3.558E-01
17/03/2019,17:00,9,2.807,3.307,1.999,.990,.007, 9.804E+02, 9.102E+01, 8.340E-03, 4.400E-02, 0.000E+00, 0.000E+00, 0.000E+00, 0.000E+00,-5.471E+01,-2.262E+01, 3.670E+00, 3.692E-01, 1.710E-01,-9.990E+02, 1.000E+00,-9.990E+02, 0.000E+00, 0.000E+00, 0.000E+00, 1.000E+00, 0.000E+00, 0.000E+00, 0.000E+00, 0.000E+00, 1.255E+02, 3.997E+01, 1.429E-02, 0.000E+00, 7.000E+01, 5.645E-03, 3.639E-01
17/03/2019,18:00,9,2.807,3.307,1.212,.992,.005, 9.806E+02, 9.843E+01, 5.888E-02, 4.349E-02, 0.000E+00, 0.000E+00, 0.000E+00, 0.000E+00,-7.423E+01,-3.688E+00, 3.990E+00, 5.181E-01, 2.088E-01,-9.990E+02, 1.000E+00,-9.990E+02, 0.000E+00, 0.000E+00, 0.000E+00, 1.000E+00, 0.000E+00, 0.000E+00, 0.000E+00, 0.000E+00, 9.150E+01, 3.273E+01, 1.429E-02, 0.000E+00, 7.000E+01, 6.381E-03, 3.713E-01
17/03/2019,19:00,9,2.807,3.307,1.257,.976,.016, 9.807E+02, 1.054E+02, 5.888E-02, 4.324E-02, 0.000E+00, 0.000E+00, 0.000E+00, 0.000E+00,-7.423E+01,-3.688E+00, 4.167E+00, 5.181E-01, 2.181E-01,-9.990E+02, 1.000E+00,-9.990E+02, 0.000E+00, 0.000E+00, 0.000E+00, 1.000E+00, 0.000E+00, 0.000E+00, 0.000E+00, 0.000E+00, 8.761E+01, 3.134E+01, 1.429E-02, 0.000E+00, 7.000E+01, 6.535E-03, 3.526E-01
17/03/2019,20:00,9,2.807,3.307,1.301,.959,.027, 9.809E+02, 1.116E+02, 5.888E-02, 4.298E-02, 0.000E+00, 0.000E+00, 0.000E+00, 0.000E+00,-7.423E+01,-3.688E+00, 4.344E+00, 5.182E-01, 2.274E-01,-9.990E+02, 1.000E+00,-9.990E+02, 0.000E+00, 0.000E+00, 0.000E+00, 1.000E+00, 0.000E+00, 0.000E+00, 0.000E+00, 0.000E+00, 8.403E+01, 3.006E+01, 1.429E-02, 0.000E+00, 7.000E+01, 6.683E-03, 3.383E-01
17/03/2019,21:00,9,2.807,3.307,1.346,.943,.038, 9.810E+02, 1.165E+02, 3.232E-02, 4.273E-02, 0.000E+00, 0.000E+00, 0.000E+00, 0.000E+00,-7.643E+01, 1.039E+01, 4.522E+00, 5.978E-01, 2.463E-01,-9.990E+02, 1.000E+00,-9.990E+02, 0.000E+00, 0.000E+00, 0.000E+00, 1.000E+00, 0.000E+00, 0.000E+00, 0.000E+00, 0.000E+00, 7.453E+01, 2.775E+01, 1.429E-02, 0.000E+00, 7.000E+01, 6.982E-03, 3.141E-01
17/03/2019,22:00,9,2.807,3.307,1.190,.944,.037, 9.812E+02, 1.197E+02, 3.232E-02, 4.247E-02, 0.000E+00, 0.000E+00, 0.000E+00, 0.000E+00,-7.643E+01, 1.039E+01, 4.527E+00, 5.976E-01, 2.466E-01,-9.990E+02, 1.000E+00,-9.990E+02, 0.000E+00, 0.000E+00, 0.000E+00, 1.000E+00, 0.000E+00, 0.000E+00, 0.000E+00, 0.000E+00, 7.446E+01, 2.772E+01, 1.429E-02, 0.000E+00, 7.000E+01, 6.985E-03, 2.946E-01
17/03/2019,23:00,9,2.807,3.307,1.034,.945,.036, 9.814E+02, 1.207E+02, 3.232E-02, 4.222E-02, 0.000E+00, 0.000E+00, 0.000E+00, 0.000E+00,-7.643E+01, 1.039E+01, 4.535E+00, 5.974E-01, 2.470E-01,-9.990E+02, 1.000E+00,-9.990E+02, 0.000E+00, 0.000E+00, 0.000E+00, 1.000E+00, 0.000E+00, 0.000E+00, 0.000E+00, 0.000E+00, 7.434E+01, 2.768E+01, 1.429E-02, 0.000E+00, 7.000E+01, 6.991E-03, 2.898E-01
18/03/2019,00:00,9,2.818,3.318,.878,.945,.036, 9.816E+02, 1.195E+02, 1.510E-01, 4.196E-02, 0.000E+00, 0.000E+00, 0.000E+00, 0.000E+00,-5.919E+01, 1.673E+01, 4.545E+00, 5.615E-01, 2.489E-01,-9.990E+02, 1.000E+00,-9.990E+02, 0.000E+00, 0.000E+00, 0.000E+00, 1.000E+00, 0.000E+00, 0.000E+00, 0.000E+00, 0.000E+00, 7.334E+01, 2.746E+01, 1.273E-02, 0.000E+00, 7.853E+01, 6.625E-03, 2.405E-01
18/03/2019,01:00,9,2.818,3.318,.949,.953,.031, 9.818E+02, 1.162E+02, 1.510E-01, 3.866E-02, 0.000E+00, 0.000E+00, 0.000E+00, 0.000E+00,-5.919E+01, 1.673E+01, 4.378E+00, 5.615E-01, 2.398E-01,-9.990E+02, 1.000E+00,-9.990E+02, 0.000E+00, 0.000E+00, 0.000E+00, 1.000E+00, 0.000E+00, 0.000E+00, 0.000E+00, 0.000E+00, 7.614E+01, 2.851E+01, 1.359E-02, 0.000E+00, 7.360E+01, 6.721E-03, 2.119E-01
18/03/2019,02:00,9,2.818,3.318,1.019,.960,.026, 9.820E+02, 1.111E+02, 1.510E-01, 3.535E-02, 0.000E+00, 0.000E+00, 0.000E+00, 0.000E+00,-5.919E+01, 1.673E+01, 4.216E+00, 5.615E-01, 2.309E-01,-9.990E+02, 1.000E+00,-9.990E+02, 0.000E+00, 0.000E+00, 0.000E+00, 1.000E+00, 0.000E+00, 0.000E+00, 0.000E+00, 0.000E+00, 7.906E+01, 2.960E+01, 1.429E-02, 0.000E+00, 7.000E+01, 6.754E-03, 2.862E-01
18/03/2019,03:00,9,2.818,3.318,1.090,.967,.022, 9.823E+02, 1.048E+02, 1.363E-01, 3.205E-02, 0.000E+00, 0.000E+00, 0.000E+00, 0.000E+00,-4.928E+01, 8.148E+00, 4.061E+00, 4.690E-01, 2.152E-01,-9.990E+02, 1.000E+00,-9.990E+02, 0.000E+00, 0.000E+00, 0.000E+00, 1.000E+00, 0.000E+00, 0.000E+00, 0.000E+00, 0.000E+00, 8.764E+01, 3.176E+01, 1.429E-02, 0.000E+00, 7.000E+01, 6.493E-03, 3.293E-01
18/03/2019,04:00,9,2.818,3.318,1.026,.974,.017, 9.826E+02, 9.775E+01, 1.363E-01, 3.205E-02, 0.000E+00, 0.000E+00, 0.000E+00, 0.000E+00,-4.928E+01, 8.148E+00, 3.765E+00, 4.689E-01, 1.996E-01,-9.990E+02, 1.000E+00,-9.990E+02, 0.000E+00, 0.000E+00, 0.000E+00, 1.000E+00, 0.000E+00, 0.000E+00, 0.000E+00, 0.000E+00, 9.453E+01, 3.425E+01, 1.429E-02, 0.000E+00, 7.000E+01, 6.226E-03, 3.680E-01
18/03/2019,05:00,9,2.818,3.318,.962,.981,.012, 9.829E+02, 9.030E+01, 1.363E-01, 3.205E-02, 0.000E+00, 0.000E+00, 0.000E+00, 0.000E+00,-4.928E+01, 8.148E+00, 3.471E+00, 4.688E-01, 1.840E-01,-9.990E+02, 1.000E+00,-9.990E+02, 0.000E+00, 0.000E+00, 0.000E+00, 1.000E+00, 0.000E+00, 0.000E+00, 0.000E+00, 0.000E+00, 1.026E+02, 3.716E+01, 1.376E-02, 0.000E+00, 7.266E+01, 5.849E-03, 3.609E-01
18/03/2019,06:00,9,2.818,3.318,.898,.989,.007, 9.832E+02, 8.287E+01, 6.265E-02, 3.205E-02, 4.238E+00, 2.294E+01, 2.546E+01, 8.384E+00,-2.527E+00, 2.644E+01, 3.177E+00, 4.012E-01, 1.869E-01, 8.807E-02, 1.000E+00, 3.231E-01, 6.491E-01, 1.000E-02, 1.000E+00, 1.000E+00, 3.231E-03, 1.988E-05, 3.993E-05, 0.000E+00, 9.099E+01, 3.658E+01, 1.297E-02, 7.682E-05, 7.666E+01, 5.796E-03, 4.038E-01
18/03/2019,07:00,9,2.818,3.318,1.707,.956,.030, 9.839E+02, 7.586E+01, 6.265E-02, 3.128E-02, 1.699E+01, 5.442E+01, 5.492E+01, 2.014E+01,-2.527E+00, 2.644E+01, 2.968E+00, 4.016E-01, 1.745E-01, 1.728E-01, 1.000E+00, 6.207E-01, 8.955E-01, 1.000E-02, 1.000E+00, 1.000E+00, 6.207E-03, 3.830E-05, 5.526E-05, 0.000E+00, 9.742E+01, 3.916E+01, 1.429E-02, 1.480E-04, 6.928E+01, 5.817E-03, 4.297E-01
18/03/2019,08:00,9,2.818,3.318,2.516,.924,.056, 9.846E+02, 6.969E+01, 6.265E-02, 3.052E-02, 3.002E+01, 8.129E+01, 7.340E+01, 3.016E+01,-2.527E+00, 2.644E+01, 2.826E+00, 4.021E-01, 1.662E-01, 2.421E-01, 1.000E+00, 7.690E-01, 9.512E-01, 1.000E-02, 1.000E+00, 1.000E+00, 7.690E-03, 4.759E-05, 5.886E-05, 0.000E+00, 1.023E+02, 4.113E+01, 1.429E-02, 1.839E-04, 6.911E+01, 5.653E-03, 4.459E-01
18/03/2019,09:00,9,2.818,3.318,3.325,.891,.084, 9.853E+02, 6.481E+01, 2.160E-01, 2.976E-02, 2.823E+01, 9.573E+01, 6.831E+01, 3.515E+01, 1.781E+01, 4.238E+01, 2.762E+00, 2.168E-01, 1.879E-01, 2.911E-01, 1.000E+00, 8.154E-01, 9.398E-01, 1.000E-02, 1.000E+00, 1.000E+00, 8.154E-03, 5.061E-05, 5.833E-05, 0.000E+00, 6.996E+01, 3.638E+01, 1.429E-02, 1.956E-04, 6.905E+01, 6.257E-03, 4.285E-01
18/03/2019,10:00,9,2.818,3.318,3.570,.892,.085, 9.862E+02, 6.167E+01, 2.160E-01, 2.899E-02, 3.287E+01, 1.069E+02, 7.387E+01, 3.924E+01, 1.781E+01, 4.238E+01, 1.737E+00, 2.168E-01, 1.181E-01, 3.195E-01, 1.000E+00, 8.492E-01, 9.521E-01, 1.000E-02, 1.000E+00, 1.000E+00, 8.492E-03, 5.275E-05, 5.914E-05, 0.000E+00, 1.113E+02, 5.786E+01, 1.429E-02, 2.039E-04, 6.902E+01, 4.686E-03, 4.149E-01
18/03/2019,11:00,9,2.818,3.318,3.815,.893,.086, 9.870E+02, 6.063E+01, 2.160E-01, 2.823E-02, 3.438E+01, 1.104E+02, 7.557E+01, 4.053E+01, 1.781E+01, 4.238E+01, 7.305E-01, 2.168E-01, 1.000E-01, 3.284E-01, 1.000E+00, 8.585E-01, 9.553E-01, 1.000E-02, 1.000E+00, 1.000E+00, 8.585E-03, 5.338E-05, 5.940E-05, 0.000E+00, 1.315E+02, 6.835E+01, 1.429E-02, 2.063E-04, 6.900E+01, 4.174E-03, 4.107E-01
18/03/2019,12:00,9,2.818,3.318,4.061,.893,.087, 9.879E+02, 6.181E+01, 2.242E-01, 2.747E-02, 5.652E+00, 7.537E+01, 3.302E+01, 2.704E+01, 7.604E+00, 6.662E+01, 4.239E-01, 7.119E-01, 1.000E-01, 3.183E-01, 1.000E+00, 6.940E-01, 7.429E-01, 1.000E-02, 1.000E+00, 1.000E+00, 6.940E-03, 4.319E-05, 4.623E-05, 0.000E+00, 1.670E+02, 6.835E+01, 1.429E-02, 1.669E-04, 6.919E+01, 4.032E-03, 4.652E-01
18/03/2019,13:00,9,2.818,3.318,2.978,.896,.079, 9.892E+02, 6.507E+01, 2.242E-01, 2.670E-02, 4.813E+00, 6.657E+01, 2.960E+01, 2.389E+01, 7.604E+00, 6.662E+01, 1.979E+00, 7.101E-01, 1.180E-01, 2.886E-01, 1.000E+00, 6.482E-01, 7.040E-01, 1.000E-02, 1.000E+00, 1.000E+00, 6.482E-03, 4.018E-05, 4.364E-05, 0.000E+00, 1.415E+02, 5.791E+01, 1.429E-02, 1.553E-04, 6.925E+01, 4.530E-03, 4.061E-01
18/03/2019,14:00,9,2.818,3.318,1.894,.899,.071, 9.905E+02, 7.004E+01, 2.242E-01, 2.594E-02, 3.522E+00, 5.224E+01, 2.390E+01, 1.875E+01, 7.604E+00, 6.662E+01, 3.800E+00, 7.082E-01, 2.266E-01, 2.383E-01, 1.000E+00, 5.585E-01, 6.259E-01, 1.000E-02, 1.000E+00, 1.000E+00, 5.585E-03, 3.449E-05, 3.864E-05, 0.000E+00, 7.369E+01, 3.016E+01, 1.429E-02, 1.333E-04, 6.935E+01, 6.744E-03, 2.975E-01
18/03/2019,15:00,9,2.818,3.318,.811,.902,.063, 9.918E+02, 7.627E+01, 2.533E-01, 2.518E-02, 5.019E+00, 4.089E+01, 2.536E+01, 1.479E+01,-3.522E+01, 3.731E+01, 5.634E+00, 8.212E-01, 3.294E-01, 1.680E-01, 1.000E+00, 4.879E-01, 6.477E-01, 1.000E-02, 1.000E+00, 1.000E+00, 4.879E-03, 3.001E-05, 3.983E-05, 0.000E+00, 5.193E+01, 2.075E+01, 1.202E-02, 1.160E-04, 8.241E+01, 7.309E-03, 2.411E-01
18/03/2019,16:00,9,2.818,3.318,.688,.884,.074, 9.931E+02, 8.330E+01, 2.533E-01, 2.645E-02, 1.117E+00, 1.539E+01, 1.033E+01, 5.537E+00,-3.522E+01, 3.731E+01, 5.522E+00, 8.205E-01, 3.228E-01, 8.278E-02, 1.000E+00, 2.155E-01, 3.461E-01, 1.000E-02, 1.000E+00, 1.000E+00, 2.155E-03, 1.325E-05, 2.128E-05, 0.000E+00, 5.299E+01, 2.117E+01, 1.089E-02, 5.118E-05, 9.139E+01, 6.807E-03, 2.029E-01
18/03/2019,17:00,9,2.818,3.318,.565,.866,.085, 9.943E+02, 9.072E+01, 2.533E-01, 2.772E-02, 0.000E+00, 0.000E+00, 0.000E+00, 0.000E+00,-3.522E+01, 3.731E+01, 5.410E+00, 8.198E-01, 3.163E-01,-9.990E+02, 1.000E+00,-9.990E+02, 0.000E+00, 0.000E+00, 0.000E+00, 1.000E+00, 0.000E+00, 0.000E+00, 0.000E+00, 0.000E+00, 5.408E+01, 2.161E+01, 9.958E-03, 0.000E+00, 1.004E+02, 6.366E-03, 1.997E-01
18/03/2019,18:00,9,2.818,3.318,.442,.849,.095, 9.956E+02, 9.812E+01, 7.320E-02, 2.899E-02, 0.000E+00, 0.000E+00, 0.000E+00, 0.000E+00,-3.600E+01, 2.384E+01, 5.299E+00, 7.790E-01, 3.089E-01,-9.990E+02, 1.000E+00,-9.990E+02, 0.000E+00, 0.000E+00, 0.000E+00, 1.000E+00, 0.000E+00, 0.000E+00, 0.000E+00, 0.000E+00, 5.555E+01, 2.213E+01, 9.171E-03, 0.000E+00, 1.090E+02, 5.985E-03, 1.807E-01
18/03/2019,19:00,9,2.818,3.318,.428,.828,.108, 9.966E+02, 1.051E+02, 7.320E-02, 2.925E-02, 0.000E+00, 0.000E+00, 0.000E+00, 0.000E+00,-3.600E+01, 2.384E+01, 5.363E+00, 7.786E-01, 3.126E-01,-9.990E+02, 1.000E+00,-9.990E+02, 0.000E+00, 0.000E+00, 0.000E+00, 1.000E+00, 0.000E+00, 0.000E+00, 0.000E+00, 0.000E+00, 5.489E+01, 2.187E+01, 9.088E-03, 0.000E+00, 1.100E+02, 5.974E-03, 1.578E-01
18/03/2019,20:00,9,2.818,3.318,.414,.808,.121, 9.977E+02, 1.113E+02, 7.320E-02, 2.950E-02, 0.000E+00, 0.000E+00, 0.000E+00, 0.000E+00,-3.600E+01, 2.384E+01, 5.426E+00, 7.782E-01, 3.163E-01,-9.990E+02, 1.000E+00,-9.990E+02, 0.000E+00, 0.000E+00, 0.000E+00, 1.000E+00, 0.000E+00, 0.000E+00, 0.000E+00, 0.000E+00, 5.424E+01, 2.161E+01, 9.006E-03, 0.000E+00, 1.110E+02, 5.963E-03, 1.476E-01
18/03/2019,21:00,9,2.818,3.318,.399,.787,.134, 9.987E+02, 1.162E+02, 3.124E-02, 2.976E-02, 0.000E+00, 0.000E+00, 0.000E+00, 0.000E+00,-3.386E+01, 1.991E+01, 5.490E+00, 8.248E-01, 3.213E-01,-9.990E+02, 1.000E+00,-9.990E+02, 0.000E+00, 0.000E+00, 0.000E+00, 1.000E+00, 0.000E+00, 0.000E+00, 0.000E+00, 0.000E+00, 5.319E+01, 2.128E+01, 8.926E-03, 0.000E+00, 1.120E+02, 5.959E-03, 1.471E-01
18/03/2019,22:00,9,2.818,3.318,.407,.762,.150, 9.997E+02, 1.193E+02, 3.124E-02, 3.001E-02, 0.000E+00, 0.000E+00, 0.000E+00, 0.000E+00,-3.386E+01, 1.991E+01, 5.528E+00, 8.244E-01, 3.235E-01,-9.990E+02, 1.000E+00,-9.990E+02, 0.000E+00, 0.000E+00, 0.000E+00, 1.000E+00, 0.000E+00, 0.000E+00, 0.000E+00, 0.000E+00, 5.283E+01, 2.113E+01, 8.967E-03, 0.000E+00, 1.115E+02, 5.991E-03, 1.441E-01
18/03/2019,23:00,9,2.818,3.318,.414,.737,.166, 1.001E+03, 1.203E+02, 3.124E-02, 3.027E-02, 0.000E+00, 0.000E+00, 0.000E+00, 0.000E+00,-3.386E+01, 1.991E+01, 5.569E+00, 8.241E-01, 3.259E-01,-9.990E+02, 1.000E+00,-9.990E+02, 0.000E+00, 0.000E+00, 0.000E+00, 1.000E+00, 0.000E+00, 0.000E+00, 0.000E+00, 0.000E+00, 5.244E+01, 2.097E+01, 9.008E-03, 0.000E+00, 1.110E+02, 6.024E-03, 1.337E-01
19/03/2019,00:00,9,2.829,3.329,.422,.711,.182, 1.002E+03, 1.191E+02, 8.463E-03, 3.052E-02, 0.000E+00, 0.000E+00, 0.000E+00, 0.000E+00,-4.471E+01, 1.619E+01, 5.613E+00, 7.377E-01, 3.244E-01,-9.990E+02, 1.000E+00,-9.990E+02, 0.000E+00, 0.000E+00, 0.000E+00, 1.000E+00, 0.000E+00, 0.000E+00, 0.000E+00, 0.000E+00, 5.333E+01, 2.107E+01, 9.050E-03, 0.000E+00, 1.105E+02, 6.032E-03, 1.160E-01
19/03/2019,01:00,9,2.829,3.329,.109,.725,.169, 1.003E+03, 1.158E+02, 8.463E-03, 3.052E-02, 0.000E+00, 0.000E+00, 0.000E+00, 0.000E+00,-4.471E+01, 1.619E+01, 5.360E+00, 7.368E-01, 3.098E-01,-9.990E+02, 1.000E+00,-9.990E+02, 0.000E+00, 0.000E+00, 0.000E+00, 1.000E+00, 0.000E+00, 0.000E+00, 0.000E+00, 0.000E+00, 5.585E+01, 2.206E+01, 7.555E-03, 0.000E+00, 1.324E+02, 5.256E-03, 1.002E-01
19/03/2019,02:00,9,2.829,3.329,-.203,.740,.157, 1.004E+03, 1.107E+02, 8.463E-03, 3.052E-02, 0.000E+00, 0.000E+00, 0.000E+00, 0.000E+00,-4.471E+01, 1.619E+01, 5.110E+00, 7.359E-01, 2.953E-01,-9.990E+02, 1.000E+00,-9.990E+02, 0.000E+00, 0.000E+00, 0.000E+00, 1.000E+00, 0.000E+00, 0.000E+00, 0.000E+00, 0.000E+00, 5.859E+01, 2.315E+01, 6.484E-03, 0.000E+00, 1.542E+02, 4.651E-03, 1.056E-01
19/03/2019,03:00,9,2.829,3.329,-.516,.754,.145, 1.005E+03, 1.044E+02, 1.404E-03, 3.052E-02, 0.000E+00, 0.000E+00, 0.000E+00, 0.000E+00,-5.767E+01, 7.223E+00, 4.862E+00, 6.373E-01, 2.737E-01,-9.990E+02, 1.000E+00,-9.990E+02, 0.000E+00, 0.000E+00, 0.000E+00, 1.000E+00, 0.000E+00, 0.000E+00, 0.000E+00, 0.000E+00, 6.488E+01, 2.497E+01, 5.678E-03, 0.000E+00, 1.761E+02, 4.136E-03, 1.102E-01
19/03/2019,04:00,9,2.829,3.329,-.964,.774,.129, 1.006E+03, 9.737E+01, 1.404E-03, 3.052E-02, 0.000E+00, 0.000E+00, 0.000E+00, 0.000E+00,-5.767E+01, 7.223E+00, 4.693E+00, 6.364E-01, 2.642E-01,-9.990E+02, 1.000E+00,-9.990E+02, 0.000E+00, 0.000E+00, 0.000E+00, 1.000E+00, 0.000E+00, 0.000E+00, 0.000E+00, 0.000E+00, 6.725E+01, 2.588E+01, 4.820E-03, 0.000E+00, 2.075E+02, 3.629E-03, 1.212E-01
19/03/2019,05:00,9,2.829,3.329,-1.412,.794,.113, 1.007E+03, 8.992E+01, 1.404E-03, 3.052E-02, 9.056E-58, 3.366E-01, 0.000E+00, 0.000E+00,-5.767E+01, 7.223E+00, 4.526E+00, 6.356E-01, 2.548E-01,-9.990E+02, 1.000E+00,-9.990E+02, 0.000E+00, 0.000E+00, 0.000E+00, 1.000E+00, 0.000E+00, 0.000E+00, 0.000E+00, 0.000E+00, 6.974E+01, 2.683E+01, 1.429E-03, 0.000E+00, 7.000E+02, 1.298E-03, 1.455E-01
19/03/2019,06:00,9,2.829,3.329,-1.859,.815,.099, 1.008E+03, 8.249E+01, 0.000E+00, 3.052E-02, 1.905E+01, 3.019E+01, 8.455E+01, 1.168E+01, 6.796E+01, 3.079E+01, 4.364E+00, 7.538E-01, 2.659E-01, 9.240E-02, 1.000E+00, 4.357E-01, 9.691E-01, 1.000E-02, 1.000E+00, 1.000E+00, 4.357E-03, 2.653E-05, 5.902E-05, 0.000E+00, 6.026E+01, 2.571E+01, 1.429E-03, 1.029E-04, 6.530E+02, 1.389E-03, 1.730E-01
19/03/2019,07:00,9,2.829,3.329,-.723,.742,.150, 1.009E+03, 7.548E+01, 0.000E+00, 3.027E-02, 7.173E+01, 5.264E+01, 1.649E+02, 2.189E+01, 6.796E+01, 3.079E+01, 4.937E+00, 7.550E-01, 3.008E-01, 1.767E-01, 1.000E+00, 6.651E-01, 9.989E-01, 1.000E-02, 1.000E+00, 1.000E+00, 6.651E-03, 4.068E-05, 6.109E-05, 0.000E+00, 5.328E+01, 2.273E+01, 5.246E-03, 1.578E-04, 1.851E+02, 4.094E-03, 2.306E-01
19/03/2019,08:00,9,2.829,3.329,.413,.669,.209, 1.010E+03, 6.930E+01, 0.000E+00, 3.001E-02, 1.251E+02, 6.666E+01, 2.057E+02, 2.870E+01, 6.796E+01, 3.079E+01, 5.612E+00, 7.562E-01, 3.419E-01, 2.454E-01, 1.000E+00, 7.682E-01, 9.998E-01, 1.000E-02, 1.000E+00, 1.000E+00, 7.682E-03, 4.717E-05, 6.140E-05, 0.000E+00, 4.689E+01, 1.999E+01, 9.000E-03, 1.830E-04, 1.089E+02, 6.212E-03, 2.928E-01
19/03/2019,09:00,9,2.829,3.329,1.549,.596,.276, 1.011E+03, 6.441E+01, 0.000E+00, 2.976E-02, 1.687E+02, 7.433E+01, 2.279E+02, 3.266E+01, 1.467E+02, 6.935E+01, 6.356E+00, 8.330E-01, 3.918E-01, 2.939E-01, 1.000E+00, 8.157E-01, 9.999E-01, 1.000E-02, 1.000E+00, 1.000E+00, 8.157E-03, 5.030E-05, 6.166E-05, 0.000E+00, 3.999E+01, 1.744E+01, 1.429E-02, 1.951E-04, 6.906E+01, 8.745E-03, 2.911E-01
19/03/2019,10:00,9,2.829,3.329,2.457,.556,.323, 1.012E+03, 6.127E+01, 0.000E+00, 2.976E-02, 1.960E+02, 7.747E+01, 2.383E+02, 3.444E+01, 1.467E+02, 6.935E+01, 5.754E+00, 8.342E-01, 3.547E-01, 3.220E-01, 1.000E+00, 8.355E-01, 9.999E-01, 1.000E-02, 1.000E+00, 1.000E+00, 8.355E-03, 5.170E-05, 6.187E-05, 0.000E+00, 4.419E+01, 1.927E+01, 1.429E-02, 2.005E-04, 6.903E+01, 8.398E-03, 2.718E-01
19/03/2019,11:00,9,2.829,3.329,3.365,.517,.375, 1.012E+03, 6.023E+01, 0.000E+00, 2.976E-02, 2.049E+02, 7.825E+01, 2.413E+02, 3.492E+01, 1.467E+02, 6.935E+01, 5.171E+00, 8.353E-01, 3.187E-01, 3.307E-01, 1.000E+00, 8.408E-01, 1.000E+00, 1.000E-02, 1.000E+00, 1.000E+00, 8.408E-03, 5.219E-05, 6.207E-05, 0.000E+00, 4.920E+01, 2.145E+01, 1.429E-02, 2.025E-04, 6.902E+01, 8.018E-03, 2.744E-01
19/03/2019,12:00,9,2.829,3.329,4.274,.478,.433, 1.013E+03, 6.143E+01, 0.000E+00, 2.976E-02, 1.940E+02, 7.715E+01, 2.372E+02, 3.428E+01, 6.313E+01, 6.676E+01, 4.615E+00, 6.893E-01, 2.824E-01, 3.206E-01, 1.000E+00, 8.341E-01, 9.999E-01, 1.000E-02, 1.000E+00, 1.000E+00, 8.341E-03, 5.195E-05, 6.227E-05, 0.000E+00, 5.627E+01, 2.420E+01, 1.429E-02, 2.015E-04, 6.903E+01, 7.576E-03, 3.021E-01
19/03/2019,13:00,9,2.829,3.329,4.491,.480,.438, 1.013E+03, 6.471E+01, 0.000E+00, 2.721E-02, 1.655E+02, 7.380E+01, 2.261E+02, 3.238E+01, 6.313E+01, 6.676E+01, 3.998E+00, 6.895E-01, 2.446E-01, 2.910E-01, 1.000E+00, 8.128E-01, 9.999E-01, 1.000E-02, 1.000E+00, 1.000E+00, 8.128E-03, 5.066E-05, 6.232E-05, 0.000E+00, 6.495E+01, 2.794E+01, 1.429E-02, 1.965E-04, 6.905E+01, 7.055E-03, 3.012E-01
19/03/2019,14:00,9,2.829,3.329,4.708,.482,.443, 1.013E+03, 6.971E+01, 0.000E+00, 2.467E-02, 1.215E+02, 6.602E+01, 2.035E+02, 2.836E+01, 6.313E+01, 6.676E+01, 3.386E+00, 6.897E-01, 2.072E-01, 2.411E-01, 1.000E+00, 7.636E-01, 9.998E-01, 1.000E-02, 1.000E+00, 1.000E+00, 7.636E-03, 4.763E-05, 6.236E-05, 0.000E+00, 7.671E+01, 3.299E+01, 1.429E-02, 1.847E-04, 6.911E+01, 6.454E-03, 2.836E-01
19/03/2019,15:00,9,2.829,3.329,4.925,.484,.448, 1.014E+03, 7.595E+01, 0.000E+00, 2.213E-02, 6.794E+01, 5.166E+01, 1.613E+02, 2.140E+01,-1.469E+01, 8.731E+00, 2.781E+00, 1.510E-01, 1.000E-01, 1.711E-01, 1.000E+00, 6.560E-01, 9.987E-01, 1.000E-02, 1.000E+00, 1.000E+00, 6.560E-03, 4.095E-05, 6.234E-05, 0.000E+00, 3.440E+02, 6.835E+01, 1.429E-02, 1.588E-04, 6.923E+01, 3.781E-03, 2.688E-01
19/03/2019,16:00,9,2.829,3.329,2.784,.579,.314, 1.014E+03, 8.299E+01, 0.000E+00, 2.213E-02, 1.603E+01, 2.850E+01, 7.664E+01, 1.093E+01,-1.469E+01, 8.731E+00, 1.930E+00, 1.504E-01, 1.000E-01, 8.625E-02, 1.000E+00, 4.134E-01, 9.572E-01, 1.000E-02, 1.000E+00, 1.000E+00, 4.134E-03, 2.561E-05, 5.930E-05, 0.000E+00, 3.461E+02, 6.835E+01, 1.429E-02, 9.934E-05, 6.952E+01, 3.774E-03, 2.423E-01
19/03/2019,17:00,9,2.829,3.329,.643,.675,.208, 1.015E+03, 9.041E+01, 0.000E+00, 2.213E-02, 0.000E+00, 0.000E+00, 0.000E+00, 0.000E+00,-1.469E+01, 8.731E+00, 1.325E+00, 1.497E-01, 1.000E-01,-9.990E+02, 1.000E+00,-9.990E+02, 0.000E+00, 0.000E+00, 0.000E+00, 1.000E+00, 0.000E+00, 0.000E+00, 0.000E+00, 0.000E+00, 3.482E+02, 6.835E+01, 1.053E-02, 0.000E+00, 9.499E+01, 3.441E-03, 2.209E-01
19/03/2019,18:00,9,2.829,3.329,-1.498,.770,.126, 1.016E+03, 9.781E+01, 0.000E+00, 2.213E-02, 0.000E+00, 0.000E+00, 0.000E+00, 0.000E+00,-1.734E+01, 2.989E-03, 1.351E+00, 1.288E-01, 1.000E-01,-9.990E+02, 1.000E+00,-9.990E+02, 0.000E+00, 0.000E+00, 0.000E+00, 1.000E+00, 0.000E+00, 0.000E+00, 0.000E+00, 0.000E+00, 5.016E+02, 6.835E+01, 1.429E-03, 0.000E+00, 7.000E+02, 1.099E-03, 2.648E-01
19/03/2019,19:00,9,2.829,3.329,-1.915,.754,.130, 1.016E+03, 1.048E+02, 0.000E+00, 2.213E-02, 0.000E+00, 0.000E+00, 0.000E+00, 0.000E+00,-1.734E+01, 2.989E-03, 1.811E+00, 1.287E-01, 1.000E-01,-9.990E+02, 1.000E+00,-9.990E+02, 0.000E+00, 0.000E+00, 0.000E+00, 1.000E+00, 0.000E+00, 0.000E+00, 0.000E+00, 0.000E+00, 5.024E+02, 6.835E+01, 1.429E-03, 0.000E+00, 7.000E+02, 1.099E-03, 3.008E-01
19/03/2019,20:00,9,2.829,3.329,-2.332,.739,.134, 1.015E+03, 1.110E+02, 0.000E+00, 2.213E-02, 0.000E+00, 0.000E+00, 0.000E+00, 0.000E+00,-1.734E+01, 2.989E-03, 2.276E+00, 1.286E-01, 1.000E-01,-9.990E+02, 1.000E+00,-9.990E+02, 0.000E+00, 0.000E+00, 0.000E+00, 1.000E+00, 0.000E+00, 0.000E+00, 0.000E+00, 0.000E+00, 5.032E+02, 6.835E+01, 1.429E-03, 0.000E+00, 7.000E+02, 1.099E-03, 2.668E-01
19/03/2019,21:00,9,2.829,3.329,-2.748,.724,.138, 1.015E+03, 1.158E+02, 0.000E+00, 2.213E-02, 0.000E+00, 0.000E+00, 0.000E+00, 0.000E+00,-4.386E+01, 1.565E+00, 2.744E+00, 3.107E-01, 1.201E-01,-9.990E+02, 1.000E+00,-9.990E+02, 0.000E+00, 0.000E+00, 0.000E+00, 1.000E+00, 0.000E+00, 0.000E+00, 0.000E+00, 0.000E+00, 1.902E+02, 5.690E+01, 1.429E-03, 0.000E+00, 7.000E+02, 1.171E-03, 2.896E-01
19/03/2019,22:00,9,2.829,3.329,-2.713,.724,.138, 1.015E+03, 1.189E+02, 0.000E+00, 2.213E-02, 0.000E+00, 0.000E+00, 0.000E+00, 0.000E+00,-4.386E+01, 1.565E+00, 3.005E+00, 3.108E-01, 1.316E-01,-9.990E+02, 1.000E+00,-9.990E+02, 0.000E+00, 0.000E+00, 0.000E+00, 1.000E+00, 0.000E+00, 0.000E+00, 0.000E+00, 0.000E+00, 1.736E+02, 5.195E+01, 1.429E-03, 0.000E+00, 7.000E+02, 1.190E-03, 3.263E-01
19/03/2019,23:00,9,2.829,3.329,-2.677,.725,.138, 1.015E+03, 1.199E+02, 0.000E+00, 2.213E-02, 0.000E+00, 0.000E+00, 0.000E+00, 0.000E+00,-4.386E+01, 1.565E+00, 3.330E+00, 3.108E-01, 1.458E-01,-9.990E+02, 1.000E+00,-9.990E+02, 0.000E+00, 0.000E+00, 0.000E+00, 1.000E+00, 0.000E+00, 0.000E+00, 0.000E+00, 0.000E+00, 1.567E+02, 4.689E+01, 1.429E-03, 0.000E+00, 7.000E+02, 1.210E-03, 3.900E-01
20/03/2019,00:00,9,2.839,3.339,-2.641,.725,.138, 1.015E+03, 1.187E+02, 0.000E+00, 2.213E-02, 0.000E+00, 0.000E+00, 0.000E+00, 0.000E+00,-5.272E+01, 2.944E+00, 3.701E+00, 4.493E-01, 1.925E-01,-9.990E+02, 1.000E+00,-9.990E+02, 0.000E+00, 0.000E+00, 0.000E+00, 1.000E+00, 0.000E+00, 0.000E+00, 0.000E+00, 0.000E+00, 9.989E+01, 3.551E+01, 1.429E-03, 0.000E+00, 7.000E+02, 1.259E-03, 5.009E-01
20/03/2019,01:00,9,2.839,3.339,-2.481,.745,.130, 1.014E+03, 1.154E+02, 0.000E+00, 2.950E-02, 0.000E+00, 0.000E+00, 0.000E+00, 0.000E+00,-5.272E+01, 2.944E+00, 3.861E+00, 4.496E-01, 2.008E-01,-9.990E+02, 1.000E+00,-9.990E+02, 0.000E+00, 0.000E+00, 0.000E+00, 1.000E+00, 0.000E+00, 0.000E+00, 0.000E+00, 0.000E+00, 9.572E+01, 3.403E+01, 1.429E-03, 0.000E+00, 7.000E+02, 1.265E-03, 5.290E-01
20/03/2019,02:00,9,2.839,3.339,-2.320,.766,.121, 1.014E+03, 1.103E+02, 0.000E+00, 3.688E-02, 0.000E+00, 0.000E+00, 0.000E+00, 0.000E+00,-5.272E+01, 2.944E+00, 4.043E+00, 4.498E-01, 2.103E-01,-9.990E+02, 1.000E+00,-9.990E+02, 0.000E+00, 0.000E+00, 0.000E+00, 1.000E+00, 0.000E+00, 0.000E+00, 0.000E+00, 0.000E+00, 9.139E+01, 3.250E+01, 1.429E-03, 0.000E+00, 7.000E+02, 1.272E-03, 5.327E-01
20/03/2019,03:00,9,2.839,3.339,-2.159,.786,.112, 1.013E+03, 1.041E+02, 7.276E-02, 4.425E-02, 0.000E+00, 0.000E+00, 0.000E+00, 0.000E+00,-3.727E+01, 4.716E+00, 4.243E+00, 6.603E-01, 2.442E-01,-9.990E+02, 1.000E+00,-9.990E+02, 0.000E+00, 0.000E+00, 0.000E+00, 1.000E+00, 0.000E+00, 0.000E+00, 0.000E+00, 0.000E+00, 7.112E+01, 2.799E+01, 1.429E-03, 0.000E+00, 7.000E+02, 1.293E-03, 4.898E-01
20/03/2019,04:00,9,2.839,3.339,-1.167,.818,.102, 1.012E+03, 9.699E+01, 7.276E-02, 4.451E-02, 0.000E+00, 0.000E+00, 0.000E+00, 0.000E+00,-3.727E+01, 4.716E+00, 4.507E+00, 6.619E-01, 2.595E-01,-9.990E+02, 1.000E+00,-9.990E+02, 0.000E+00, 0.000E+00, 0.000E+00, 1.000E+00, 0.000E+00, 0.000E+00, 0.000E+00, 0.000E+00, 6.692E+01, 2.634E+01, 1.429E-03, 0.000E+00, 7.000E+02, 1.300E-03, 2.630E-01
20/03/2019,05:00,9,2.839,3.339,-.174,.850,.090, 1.011E+03, 8.954E+01, 7.276E-02, 4.476E-02, 1.089E-10, 1.095E+00, 0.000E+00, 0.000E+00,-3.727E+01, 4.716E+00, 4.777E+00, 6.634E-01, 2.751E-01,-9.990E+02, 1.000E+00,-9.990E+02, 0.000E+00, 0.000E+00, 0.000E+00, 1.000E+00, 0.000E+00, 0.000E+00, 0.000E+00, 0.000E+00, 6.311E+01, 2.484E+01, 6.570E-03, 0.000E+00, 1.522E+02, 4.599E-03, 1.810E-01
20/03/2019,06:00,9,2.839,3.339,.818,.883,.076, 1.010E+03, 8.211E+01, 6.842E-02, 4.502E-02, 6.278E-01, 1.534E+01, 7.749E+00, 5.463E+00,-8.354E+00, 4.716E+00, 5.052E+00, 7.470E-01, 2.986E-01, 9.670E-02, 1.000E+00, 2.082E-01, 2.729E-01, 1.000E-02, 1.000E+00, 1.000E+00, 2.082E-03, 1.280E-05, 1.679E-05, 0.000E+00, 5.667E+01, 2.289E+01, 1.209E-02, 4.985E-05, 8.241E+01, 7.024E-03, 1.855E-01
20/03/2019,07:00,9,2.839,3.339,1.688,.879,.083, 1.010E+03, 7.509E+01, 6.842E-02, 4.476E-02, 2.203E+00, 3.659E+01, 1.734E+01, 1.306E+01,-8.354E+00, 4.716E+00, 4.781E+00, 7.483E-01, 2.826E-01, 1.805E-01, 1.000E+00, 4.325E-01, 5.098E-01, 1.000E-02, 1.000E+00, 1.000E+00, 4.325E-03, 2.669E-05, 3.146E-05, 0.000E+00, 5.987E+01, 2.419E+01, 1.429E-02, 1.039E-04, 6.949E+01, 7.527E-03, 2.307E-01
20/03/2019,08:00,9,2.839,3.339,2.558,.876,.091, 1.009E+03, 6.890E+01, 6.842E-02, 4.451E-02, 3.781E+00, 5.533E+01, 2.500E+01, 1.975E+01,-8.354E+00, 4.716E+00, 4.605E+00, 7.496E-01, 2.722E-01, 2.487E-01, 1.000E+00, 5.775E-01, 6.423E-01, 1.000E-02, 1.000E+00, 1.000E+00, 5.775E-03, 3.575E-05, 3.976E-05, 0.000E+00, 6.217E+01, 2.512E+01, 1.429E-02, 1.392E-04, 6.932E+01, 7.401E-03, 2.819E-01
20/03/2019,09:00,9,2.839,3.339,3.427,.872,.100, 1.009E+03, 6.401E+01, 9.771E-03, 4.425E-02, 1.439E+02, 7.619E+01, 1.965E+02, 3.229E+01, 4.343E+00, 1.086E+01, 4.533E+00, 7.709E-01, 2.697E-01, 2.966E-01, 1.000E+00, 8.135E-01, 9.997E-01, 1.000E-02, 1.000E+00, 1.000E+00, 8.135E-03, 5.051E-05, 6.207E-05, 0.000E+00, 6.220E+01, 2.534E+01, 1.429E-02, 1.967E-04, 6.905E+01, 7.386E-03, 3.188E-01
20/03/2019,10:00,9,2.839,3.339,4.424,.813,.157, 1.009E+03, 6.087E+01, 9.771E-03, 4.273E-02, 1.668E+02, 8.035E+01, 2.056E+02, 3.431E+01, 4.343E+00, 1.086E+01, 3.990E+00, 7.723E-01, 2.374E-01, 3.244E-01, 1.000E+00, 8.352E-01, 9.998E-01, 1.000E-02, 1.000E+00, 1.000E+00, 8.352E-03, 5.204E-05, 6.230E-05, 0.000E+00, 7.066E+01, 2.879E+01, 1.429E-02, 2.026E-04, 6.902E+01, 6.926E-03, 4.051E-01
20/03/2019,11:00,9,2.839,3.339,5.420,.753,.222, 1.009E+03, 5.984E+01, 9.771E-03, 4.120E-02, 1.741E+02, 8.148E+01, 2.082E+02, 3.487E+01, 4.343E+00, 1.086E+01, 3.945E+00, 7.737E-01, 2.347E-01, 3.329E-01, 1.000E+00, 8.410E-01, 9.998E-01, 1.000E-02, 1.000E+00, 1.000E+00, 8.410E-03, 5.259E-05, 6.252E-05, 0.000E+00, 7.147E+01, 2.912E+01, 1.429E-02, 2.048E-04, 6.901E+01, 6.886E-03, 4.630E-01
20/03/2019,12:00,9,2.839,3.339,6.417,.694,.295, 1.009E+03, 6.105E+01, 0.000E+00, 3.968E-02, 1.984E+02, 7.774E+01, 2.395E+02, 3.452E+01, 5.956E+01, 1.457E+01, 4.413E+00, 6.860E-01, 2.698E-01, 3.228E-01, 1.000E+00, 8.362E-01, 9.999E-01, 1.000E-02, 1.000E+00, 1.000E+00, 8.362E-03, 5.248E-05, 6.276E-05, 0.000E+00, 5.900E+01, 2.534E+01, 1.429E-02, 2.043E-04, 6.901E+01, 7.411E-03, 5.128E-01
20/03/2019,13:00,9,2.839,3.339,7.184,.648,.358, 1.010E+03, 6.435E+01, 0.000E+00, 3.408E-02, 1.696E+02, 7.451E+01, 2.286E+02, 3.267E+01, 5.956E+01, 1.457E+01, 4.096E+00, 6.867E-01, 2.504E-01, 2.934E-01, 1.000E+00, 8.157E-01, 9.999E-01, 1.000E-02, 1.000E+00, 1.000E+00, 8.157E-03, 5.133E-05, 6.293E-05, 0.000E+00, 6.359E+01, 2.730E+01, 1.429E-02, 1.999E-04, 6.903E+01, 7.139E-03, 5.251E-01
20/03/2019,14:00,9,2.839,3.339,7.951,.602,.427, 1.010E+03, 6.937E+01, 0.000E+00, 2.848E-02, 1.252E+02, 6.692E+01, 2.064E+02, 2.873E+01, 5.956E+01, 1.457E+01, 3.829E+00, 6.875E-01, 2.340E-01, 2.438E-01, 1.000E+00, 7.679E-01, 9.998E-01, 1.000E-02, 1.000E+00, 1.000E+00, 7.679E-03, 4.846E-05, 6.309E-05, 0.000E+00, 6.804E+01, 2.921E+01, 1.429E-02, 1.887E-04, 6.909E+01, 6.892E-03, 4.558E-01
20/03/2019,15:00,9,2.839,3.339,8.719,.556,.501, 1.011E+03, 7.563E+01, 0.000E+00, 2.289E-02, 6.860E+01, 5.093E+01, 1.593E+02, 2.109E+01,-8.613E+01, 6.592E+00, 3.624E+00, 4.128E-01, 1.656E-01, 1.742E-01, 1.000E+00, 6.530E-01, 9.986E-01, 1.000E-02, 1.000E+00, 1.000E+00, 6.530E-03, 4.132E-05, 6.319E-05, 0.000E+00, 1.322E+02, 4.129E+01, 1.429E-02, 1.609E-04, 6.922E+01, 5.551E-03, 3.818E-01
20/03/2019,16:00,9,2.839,3.339,6.819,.612,.384, 1.012E+03, 8.268E+01, 0.000E+00, 2.264E-02, 1.736E+01, 2.874E+01, 7.921E+01, 1.105E+01,-8.613E+01, 6.592E+00, 3.747E+00, 4.113E-01, 1.708E-01, 8.970E-02, 1.000E+00, 4.188E-01, 9.615E-01, 1.000E-02, 1.000E+00, 1.000E+00, 4.188E-03, 2.632E-05, 6.043E-05, 0.000E+00, 1.285E+02, 4.003E+01, 1.429E-02, 1.025E-04, 6.950E+01, 5.647E-03, 3.119E-01
20/03/2019,17:00,9,2.839,3.339,4.918,.669,.287, 1.012E+03, 9.011E+01, 0.000E+00, 2.238E-02, 0.000E+00, 0.000E+00, 0.000E+00, 0.000E+00,-8.613E+01, 6.592E+00, 3.872E+00, 4.097E-01, 1.760E-01,-9.990E+02, 1.000E+00,-9.990E+02, 0.000E+00, 0.000E+00, 0.000E+00, 1.000E+00, 0.000E+00, 0.000E+00, 0.000E+00, 0.000E+00, 1.249E+02, 3.883E+01, 1.429E-02, 0.000E+00, 7.000E+01, 5.734E-03, 2.664E-01
20/03/2019,18:00,9,2.839,3.339,3.018,.726,.208, 1.013E+03, 9.751E+01, 0.000E+00, 2.213E-02, 0.000E+00, 0.000E+00, 0.000E+00, 0.000E+00,-9.002E+01, 4.820E+00, 3.999E+00, 4.089E-01, 1.796E-01,-9.990E+02, 1.000E+00,-9.990E+02, 0.000E+00, 0.000E+00, 0.000E+00, 1.000E+00, 0.000E+00, 0.000E+00, 0.000E+00, 0.000E+00, 1.239E+02, 3.805E+01, 1.429E-02, 0.000E+00, 7.000E+01, 5.800E-03, 2.659E-01
20/03/2019,19:00,9,2.839,3.339,2.551,.737,.193, 1.014E+03, 1.045E+02, 0.000E+00, 2.213E-02, 0.000E+00, 0.000E+00, 0.000E+00, 0.000E+00,-9.002E+01, 4.820E+00, 3.921E+00, 4.085E-01, 1.760E-01,-9.990E+02, 1.000E+00,-9.990E+02, 0.000E+00, 0.000E+00, 0.000E+00, 1.000E+00, 0.000E+00, 0.000E+00, 0.000E+00, 0.000E+00, 1.265E+02, 3.883E+01, 1.429E-02, 0.000E+00, 7.000E+01, 5.730E-03, 2.599E-01
20/03/2019,20:00,9,2.839,3.339,2.084,.749,.178, 1.014E+03, 1.106E+02, 0.000E+00, 2.213E-02, 0.000E+00, 0.000E+00, 0.000E+00, 0.000E+00,-9.002E+01, 4.820E+00, 3.858E+00, 4.080E-01, 1.731E-01,-9.990E+02, 1.000E+00,-9.990E+02, 0.000E+00, 0.000E+00, 0.000E+00, 1.000E+00, 0.000E+00, 0.000E+00, 0.000E+00, 0.000E+00, 1.288E+02, 3.949E+01, 1.429E-02, 0.000E+00, 7.000E+01, 5.671E-03, 2.625E-01
20/03/2019,21:00,9,2.839,3.339,1.617,.760,.165, 1.015E+03, 1.155E+02, 5.501E-04, 2.213E-02, 0.000E+00, 0.000E+00, 0.000E+00, 0.000E+00,-4.974E+01, 1.864E+00, 3.808E+00, 2.847E-01, 1.482E-01,-9.990E+02, 1.000E+00,-9.990E+02, 0.000E+00, 0.000E+00, 0.000E+00, 1.000E+00, 0.000E+00, 0.000E+00, 0.000E+00, 0.000E+00, 1.735E+02, 4.613E+01, 1.429E-02, 0.000E+00, 7.000E+01, 5.093E-03, 2.716E-01
20/03/2019,22:00,9,2.839,3.339,1.329,.792,.140, 1.015E+03, 1.186E+02, 5.501E-04, 2.213E-02, 0.000E+00, 0.000E+00, 0.000E+00, 0.000E+00,-4.974E+01, 1.864E+00, 3.174E+00, 2.845E-01, 1.234E-01,-9.990E+02, 1.000E+00,-9.990E+02, 0.000E+00, 0.000E+00, 0.000E+00, 1.000E+00, 0.000E+00, 0.000E+00, 0.000E+00, 0.000E+00, 2.084E+02, 5.539E+01, 1.429E-02, 0.000E+00, 7.000E+01, 4.510E-03, 2.670E-01
20/03/2019,23:00,9,2.839,3.339,1.040,.823,.117, 1.015E+03, 1.195E+02, 5.501E-04, 2.213E-02, 0.000E+00, 0.000E+00, 0.000E+00, 0.000E+00,-4.974E+01, 1.864E+00, 2.835E+00, 2.843E-01, 1.101E-01,-9.990E+02, 1.000E+00,-9.990E+02, 0.000E+00, 0.000E+00, 0.000E+00, 1.000E+00, 0.000E+00, 0.000E+00, 0.000E+00, 0.000E+00, 2.337E+02, 6.206E+01, 1.429E-02, 0.000E+00, 7.000E+01, 4.167E-03, 2.514E-01
21/03/2019,00:00,9,2.850,3.350,.751,.854,.094, 1.015E+03, 1.183E+02, 5.388E-06, 2.213E-02, 0.000E+00, 0.000E+00, 0.000E+00, 0.000E+00,-4.894E+01,-1.369E+00, 2.896E+00, 3.645E-01, 1.380E-01,-9.990E+02, 1.000E+00,-9.990E+02, 0.000E+00, 0.000E+00, 0.000E+00, 1.000E+00, 0.000E+00, 0.000E+00, 0.000E+00, 0.000E+00, 1.521E+02, 4.954E+01, 1.144E-02, 0.000E+00, 8.741E+01, 4.547E-03, 2.606E-01
21/03/2019,01:00,9,2.850,3.350,.383,.877,.078, 1.015E+03, 1.150E+02, 5.388E-06, 2.289E-02, 0.000E+00, 0.000E+00, 0.000E+00, 0.000E+00,-4.894E+01,-1.369E+00, 3.183E+00, 3.643E-01, 1.516E-01,-9.990E+02, 1.000E+00,-9.990E+02, 0.000E+00, 0.000E+00, 0.000E+00, 1.000E+00, 0.000E+00, 0.000E+00, 0.000E+00, 0.000E+00, 1.385E+02, 4.508E+01, 8.835E-03, 0.000E+00, 1.132E+02, 4.278E-03, 2.742E-01
21/03/2019,02:00,9,2.850,3.350,.015,.899,.062, 1.014E+03, 1.099E+02, 5.388E-06, 2.365E-02, 0.000E+00, 0.000E+00, 0.000E+00, 0.000E+00,-4.894E+01,-1.369E+00, 3.479E+00, 3.642E-01, 1.656E-01,-9.990E+02, 1.000E+00,-9.990E+02, 0.000E+00, 0.000E+00, 0.000E+00, 1.000E+00, 0.000E+00, 0.000E+00, 0.000E+00, 0.000E+00, 1.268E+02, 4.127E+01, 7.197E-03, 0.000E+00, 1.390E+02, 4.010E-03, 2.729E-01
21/03/2019,03:00,9,2.850,3.350,-.353,.921,.047, 1.014E+03, 1.037E+02, 5.388E-06, 2.442E-02, 0.000E+00, 0.000E+00, 0.000E+00, 0.000E+00,-5.176E+01,-7.355E-01, 3.780E+00, 5.143E-01, 2.054E-01,-9.990E+02, 1.000E+00,-9.990E+02, 0.000E+00, 0.000E+00, 0.000E+00, 1.000E+00, 0.000E+00, 0.000E+00, 0.000E+00, 0.000E+00, 8.959E+01, 3.328E+01, 6.071E-03, 0.000E+00, 1.647E+02, 3.959E-03, 3.033E-01
21/03/2019,04:00,9,2.850,3.350,.309,.918,.051, 1.013E+03, 9.661E+01, 5.388E-06, 2.442E-02, 0.000E+00, 0.000E+00, 0.000E+00, 0.000E+00,-5.176E+01,-7.355E-01, 3.954E+00, 5.152E-01, 2.149E-01,-9.990E+02, 1.000E+00,-9.990E+02, 0.000E+00, 0.000E+00, 0.000E+00, 1.000E+00, 0.000E+00, 0.000E+00, 0.000E+00, 0.000E+00, 8.560E+01, 3.181E+01, 8.449E-03, 0.000E+00, 1.184E+02, 4.943E-03, 3.100E-01
21/03/2019,05:00,9,2.850,3.350,.972,.916,.055, 1.012E+03, 8.916E+01, 5.388E-06, 2.442E-02, 2.422E-05, 3.125E+00, 0.000E+00, 0.000E+00,-5.176E+01,-7.355E-01, 4.127E+00, 5.160E-01, 2.244E-01,-9.990E+02, 1.000E+00,-9.990E+02, 0.000E+00, 0.000E+00, 0.000E+00, 1.000E+00, 0.000E+00, 0.000E+00, 0.000E+00, 0.000E+00, 8.195E+01, 3.046E+01, 1.389E-02, 0.000E+00, 7.198E+01, 6.563E-03, 1.959E-01
21/03/2019,06:00,9,2.850,3.350,1.634,.913,.060, 1.011E+03, 8.173E+01, 4.834E-02, 2.442E-02, 6.986E-01, 1.641E+01, 8.258E+00, 5.830E+00, 1.491E+01, 1.412E+01, 4.300E+00, 5.878E-01, 2.587E-01, 1.010E-01, 1.000E+00, 2.208E-01, 2.880E-01, 1.000E-02, 1.000E+00, 1.000E+00, 2.208E-03, 1.362E-05, 1.776E-05, 0.000E+00, 6.343E+01, 2.642E+01, 1.429E-02, 5.322E-05, 6.974E+01, 7.208E-03, 1.953E-01
21/03/2019,07:00,9,2.850,3.350,3.095,.903,.074, 1.011E+03, 7.470E+01, 4.834E-02, 2.365E-02, 2.298E+00, 3.778E+01, 1.780E+01, 1.344E+01, 1.491E+01, 1.412E+01, 4.008E+00, 5.895E-01, 2.411E-01, 1.843E-01, 1.000E+00, 4.421E-01, 5.190E-01, 1.000E-02, 1.000E+00, 1.000E+00, 4.421E-03, 2.742E-05, 3.219E-05, 0.000E+00, 6.808E+01, 2.835E+01, 1.429E-02, 1.072E-04, 6.948E+01, 6.968E-03, 1.719E-01
21/03/2019,08:00,9,2.850,3.350,4.556,.893,.090, 1.010E+03, 6.851E+01, 4.834E-02, 2.289E-02, 3.882E+00, 5.648E+01, 2.540E+01, 2.010E+01, 1.491E+01, 1.412E+01, 3.726E+00, 5.913E-01, 2.242E-01, 2.519E-01, 1.000E+00, 5.841E-01, 6.482E-01, 1.000E-02, 1.000E+00, 1.000E+00, 5.841E-03, 3.641E-05, 4.041E-05, 0.000E+00, 7.325E+01, 3.049E+01, 1.429E-02, 1.423E-04, 6.931E+01, 6.713E-03, 2.027E-01
21/03/2019,09:00,9,2.850,3.350,6.017,.884,.109, 1.009E+03, 6.361E+01, 3.288E-02, 2.213E-02, 1.292E+02, 8.720E+01, 1.808E+02, 3.552E+01, 8.629E+00, 2.556E+01, 3.457E+00, 7.131E-01, 2.063E-01, 2.993E-01, 1.000E+00, 8.373E-01, 9.994E-01, 1.000E-02, 1.000E+00, 1.000E+00, 8.373E-03, 5.247E-05, 6.263E-05, 0.000E+00, 8.090E+01, 3.314E+01, 1.429E-02, 2.051E-04, 6.901E+01, 6.422E-03, 2.487E-01
21/03/2019,10:00,9,2.850,3.350,7.095,.851,.150, 1.009E+03, 6.047E+01, 3.288E-02, 2.111E-02, 1.493E+02, 9.310E+01, 1.895E+02, 3.808E+01, 8.629E+00, 2.556E+01, 3.845E+00, 7.146E-01, 2.294E-01, 3.267E-01, 1.000E+00, 8.593E-01, 9.996E-01, 1.000E-02, 1.000E+00, 1.000E+00, 8.593E-03, 5.406E-05, 6.289E-05, 0.000E+00, 7.276E+01, 2.980E+01, 1.429E-02, 2.113E-04, 6.898E+01, 6.805E-03, 3.356E-01
21/03/2019,11:00,9,2.850,3.350,8.172,.819,.197, 1.009E+03, 5.944E+01, 3.288E-02, 2.009E-02, 1.557E+02, 9.478E+01, 1.920E+02, 3.882E+01, 8.629E+00, 2.556E+01, 4.674E+00, 7.161E-01, 2.788E-01, 3.351E-01, 1.000E+00, 8.652E-01, 9.996E-01, 1.000E-02, 1.000E+00, 1.000E+00, 8.652E-03, 5.464E-05, 6.313E-05, 0.000E+00, 5.986E+01, 2.452E+01, 1.429E-02, 2.135E-04, 6.897E+01, 7.513E-03, 4.261E-01
21/03/2019,12:00,9,2.850,3.350,9.250,.786,.250, 1.008E+03, 6.067E+01, 5.388E-06, 1.907E-02, 2.018E+02, 7.801E+01, 2.406E+02, 3.460E+01, 1.532E+01, 3.843E+01, 5.757E+00, 6.889E-01, 3.449E-01, 3.250E-01, 1.000E+00, 8.373E-01, 9.999E-01, 1.000E-02, 1.000E+00, 1.000E+00, 8.373E-03, 5.308E-05, 6.339E-05, 0.000E+00, 4.800E+01, 1.982E+01, 1.429E-02, 2.075E-04, 6.900E+01, 8.277E-03, 5.256E-01
21/03/2019,13:00,9,2.850,3.350,10.007,.750,.308, 1.008E+03, 6.400E+01, 5.388E-06, 1.602E-02, 1.728E+02, 7.491E+01, 2.299E+02, 3.281E+01, 1.532E+01, 3.843E+01, 4.949E+00, 6.897E-01, 2.965E-01, 2.957E-01, 1.000E+00, 8.173E-01, 9.999E-01, 1.000E-02, 1.000E+00, 1.000E+00, 8.173E-03, 5.196E-05, 6.356E-05, 0.000E+00, 5.584E+01, 2.306E+01, 1.429E-02, 2.031E-04, 6.902E+01, 7.735E-03, 5.444E-01
21/03/2019,14:00,9,2.850,3.350,10.764,.713,.372, 1.009E+03, 6.903E+01, 5.388E-06, 1.297E-02, 1.283E+02, 6.751E+01, 2.082E+02, 2.896E+01, 1.532E+01, 3.843E+01, 4.168E+00, 6.905E-01, 2.497E-01, 2.464E-01, 1.000E+00, 7.710E-01, 9.998E-01, 1.000E-02, 1.000E+00, 1.000E+00, 7.710E-03, 4.914E-05, 6.372E-05, 0.000E+00, 6.630E+01, 2.738E+01, 1.305E-02, 1.920E-04, 7.552E+01, 6.799E-03, 5.029E-01
21/03/2019,15:00,9,2.850,3.350,11.520,.677,.441, 1.009E+03, 7.531E+01, 1.649E-01, 9.919E-03, 4.728E+01, 5.765E+01, 1.157E+02, 2.245E+01,-4.302E+01, 1.180E+01, 3.432E+00, 3.248E-01, 1.558E-01, 1.773E-01, 1.000E+00, 6.718E-01, 9.914E-01, 1.000E-02, 1.000E+00, 1.000E+00, 6.718E-03, 4.293E-05, 6.336E-05, 0.000E+00, 1.413E+02, 4.386E+01, 1.116E-02, 1.678E-04, 8.831E+01, 4.848E-03, 4.655E-01
21/03/2019,16:00,9,2.850,3.350,9.917,.722,.341, 1.010E+03, 8.238E+01, 1.649E-01, 9.410E-03, 1.274E+01, 2.909E+01, 5.891E+01, 1.091E+01,-4.302E+01, 1.180E+01, 3.714E+00, 3.237E-01, 1.683E-01, 9.310E-02, 1.000E+00, 4.128E-01, 9.114E-01, 1.000E-02, 1.000E+00, 1.000E+00, 4.128E-03, 2.623E-05, 5.791E-05, 0.000E+00, 1.312E+02, 4.062E+01, 1.084E-02, 1.025E-04, 9.139E+01, 4.984E-03, 3.823E-01
21/03/2019,17:00,9,2.850,3.350,8.313,.767,.256, 1.012E+03, 8.980E+01, 1.649E-01, 8.902E-03, 8.169E-24, 6.857E-01, 0.000E+00, 0.000E+00,-4.302E+01, 1.180E+01, 4.444E+00, 3.226E-01, 2.009E-01,-9.990E+02, 1.000E+00,-9.990E+02, 0.000E+00, 0.000E+00, 0.000E+00, 1.000E+00, 0.000E+00, 0.000E+00, 0.000E+00, 0.000E+00, 1.101E+02, 3.402E+01, 1.052E-02, 0.000E+00, 9.502E+01, 5.361E-03, 2.980E-01
21/03/2019,18:00,9,2.850,3.350,6.709,.812,.185, 1.013E+03, 9.720E+01, 1.295E-01, 8.393E-03, 0.000E+00, 0.000E+00, 0.000E+00, 0.000E+00,-9.007E+01, 5.274E+01, 5.445E+00, 5.341E-01, 2.825E-01,-9.990E+02, 1.000E+00,-9.990E+02, 0.000E+00, 0.000E+00, 0.000E+00, 1.000E+00, 0.000E+00, 0.000E+00, 0.000E+00, 0.000E+00, 6.822E+01, 2.419E+01, 1.021E-02, 0.000E+00, 9.796E+01, 6.169E-03, 2.306E-01
21/03/2019,19:00,9,2.850,3.350,5.782,.782,.201, 1.015E+03, 1.042E+02, 1.295E-01, 8.139E-03, 0.000E+00, 0.000E+00, 0.000E+00, 0.000E+00,-9.007E+01, 5.274E+01, 5.048E+00, 5.327E-01, 2.617E-01,-9.990E+02, 1.000E+00,-9.990E+02, 0.000E+00, 0.000E+00, 0.000E+00, 1.000E+00, 0.000E+00, 0.000E+00, 0.000E+00, 0.000E+00, 7.369E+01, 2.611E+01, 1.005E-02, 0.000E+00, 9.949E+01, 5.926E-03, 1.792E-01
21/03/2019,20:00,9,2.850,3.350,4.855,.752,.214, 1.016E+03, 1.103E+02, 1.295E-01, 7.884E-03, 0.000E+00, 0.000E+00, 0.000E+00, 0.000E+00,-9.007E+01, 5.274E+01, 4.676E+00, 5.314E-01, 2.423E-01,-9.990E+02, 1.000E+00,-9.990E+02, 0.000E+00, 0.000E+00, 0.000E+00, 1.000E+00, 0.000E+00, 0.000E+00, 0.000E+00, 0.000E+00, 7.966E+01, 2.821E+01, 9.893E-03, 0.000E+00, 1.011E+02, 5.685E-03, 1.354E-01
21/03/2019,21:00,9,2.850,3.350,3.928,.722,.225, 1.018E+03, 1.151E+02, 5.388E-06, 7.630E-03, 0.000E+00, 0.000E+00, 0.000E+00, 0.000E+00,-9.135E+01, 2.317E+01, 4.336E+00, 5.071E-01, 2.200E-01,-9.990E+02, 1.000E+00,-9.990E+02, 0.000E+00, 0.000E+00, 0.000E+00, 1.000E+00, 0.000E+00, 0.000E+00, 0.000E+00, 0.000E+00, 8.958E+01, 3.107E+01, 9.735E-03, 0.000E+00, 1.027E+02, 5.397E-03, 1.409E-01
21/03/2019,22:00,9,2.850,3.350,2.518,.746,.186, 1.019E+03, 1.182E+02, 5.388E-06, 7.630E-03, 0.000E+00, 0.000E+00, 0.000E+00, 0.000E+00,-9.135E+01, 2.317E+01, 4.102E+00, 5.055E-01, 2.079E-01,-9.990E+02, 1.000E+00,-9.990E+02, 0.000E+00, 0.000E+00, 0.000E+00, 1.000E+00, 0.000E+00, 0.000E+00, 0.000E+00, 0.000E+00, 9.491E+01, 3.288E+01, 9.735E-03, 0.000E+00, 1.027E+02, 5.260E-03, 1.400E-01
21/03/2019,23:00,9,2.850,3.350,1.107,.771,.152, 1.021E+03, 1.191E+02, 5.388E-06, 7.630E-03, 0.000E+00, 0.000E+00, 0.000E+00, 0.000E+00,-9.135E+01, 2.317E+01, 3.871E+00, 5.038E-01, 1.959E-01,-9.990E+02, 1.000E+00,-9.990E+02, 0.000E+00, 0.000E+00, 0.000E+00, 1.000E+00, 0.000E+00, 0.000E+00, 0.000E+00, 0.000E+00, 1.008E+02, 3.489E+01, 9.735E-03, 0.000E+00, 1.027E+02, 5.116E-03, 1.405E-01
22/03/2019,00:00,9,2.861,3.361,-.304,.795,.122, 1.022E+03, 1.179E+02, 1.820E-05, 7.630E-03, 0.000E+00, 0.000E+00, 0.000E+00, 0.000E+00,-5.666E+01, 2.615E+00, 3.642E+00, 3.475E-01, 1.630E-01,-9.990E+02, 1.000E+00,-9.990E+02, 0.000E+00, 0.000E+00, 0.000E+00, 1.000E+00, 0.000E+00, 0.000E+00, 0.000E+00, 0.000E+00, 1.371E+02, 4.194E+01, 8.063E-03, 0.000E+00, 1.240E+02, 4.220E-03, 1.437E-01
22/03/2019,01:00,9,2.861,3.361,-.888,.818,.104, 1.023E+03, 1.146E+02, 1.820E-05, 1.043E-02, 0.000E+00, 0.000E+00, 0.000E+00, 0.000E+00,-5.666E+01, 2.615E+00, 3.396E+00, 3.470E-01, 1.518E-01,-9.990E+02, 1.000E+00,-9.990E+02, 0.000E+00, 0.000E+00, 0.000E+00, 1.000E+00, 0.000E+00, 0.000E+00, 0.000E+00, 0.000E+00, 1.473E+02, 4.502E+01, 6.478E-03, 0.000E+00, 1.544E+02, 3.628E-03, 1.536E-01
22/03/2019,02:00,9,2.861,3.361,-1.472,.841,.087, 1.024E+03, 1.096E+02, 1.820E-05, 1.323E-02, 0.000E+00, 0.000E+00, 0.000E+00, 0.000E+00,-5.666E+01, 2.615E+00, 3.216E+00, 3.465E-01, 1.437E-01,-9.990E+02, 1.000E+00,-9.990E+02, 0.000E+00, 0.000E+00, 0.000E+00, 1.000E+00, 0.000E+00, 0.000E+00, 0.000E+00, 0.000E+00, 1.558E+02, 4.758E+01, 2.319E-03, 0.000E+00, 4.312E+02, 1.788E-03, 1.676E-01
22/03/2019,03:00,9,2.861,3.361,-2.057,.863,.072, 1.025E+03, 1.033E+02, 1.820E-05, 1.602E-02, 0.000E+00, 0.000E+00, 0.000E+00, 0.000E+00,-3.374E+01, 1.511E+00, 3.114E+00, 3.010E-01, 1.424E-01,-9.990E+02, 1.000E+00,-9.990E+02, 0.000E+00, 0.000E+00, 0.000E+00, 1.000E+00, 0.000E+00, 0.000E+00, 0.000E+00, 0.000E+00, 1.536E+02, 4.801E+01, 1.429E-03, 0.000E+00, 7.000E+02, 1.206E-03, 1.924E-01
22/03/2019,04:00,9,2.861,3.361,-1.926,.852,.079, 1.025E+03, 9.623E+01, 1.820E-05, 1.602E-02, 0.000E+00, 0.000E+00, 0.000E+00, 0.000E+00,-3.374E+01, 1.511E+00, 2.854E+00, 3.010E-01, 1.305E-01,-9.990E+02, 1.000E+00,-9.990E+02, 0.000E+00, 0.000E+00, 0.000E+00, 1.000E+00, 0.000E+00, 0.000E+00, 0.000E+00, 0.000E+00, 1.676E+02, 5.239E+01, 1.429E-03, 0.000E+00, 7.000E+02, 1.189E-03, 2.244E-01
22/03/2019,05:00,9,2.861,3.361,-1.795,.840,.086, 1.026E+03, 8.878E+01, 1.820E-05, 1.602E-02, 1.437E-04, 2.003E+00, 7.088E-01, 7.055E-01,-3.374E+01, 1.511E+00, 2.596E+00, 3.009E-01, 1.187E-01, 1.487E-02, 1.000E+00, 2.860E-02, 2.873E-02, 1.000E-02, 1.000E+00, 1.000E+00, 2.860E-04, 1.742E-06, 1.750E-06, 0.000E+00, 1.843E+02, 5.759E+01, 1.429E-03, 6.835E-06, 6.967E+02, 1.175E-03, 2.912E-01
22/03/2019,06:00,9,2.861,3.361,-1.664,.828,.093, 1.027E+03, 8.135E+01, 1.820E-05, 1.602E-02, 1.727E+01, 3.329E+01, 6.995E+01, 1.257E+01, 6.050E+01, 3.141E+01, 2.340E+00, 3.142E-01, 1.600E-01, 1.052E-01, 1.000E+00, 4.605E-01, 9.437E-01, 1.000E-02, 1.000E+00, 1.000E+00, 4.605E-03, 2.807E-05, 5.751E-05, 0.000E+00, 8.142E+01, 4.272E+01, 1.429E-03, 1.101E-04, 6.499E+02, 1.322E-03, 3.800E-01
22/03/2019,07:00,9,2.861,3.361,.505,.741,.164, 1.027E+03, 7.431E+01, 1.820E-05, 1.602E-02, 5.391E+01, 6.070E+01, 1.234E+02, 2.372E+01, 6.050E+01, 3.141E+01, 1.975E+00, 3.154E-01, 1.349E-01, 1.881E-01, 1.000E+00, 6.928E-01, 9.938E-01, 1.000E-02, 1.000E+00, 1.000E+00, 6.928E-03, 4.256E-05, 6.105E-05, 0.000E+00, 9.672E+01, 5.067E+01, 9.559E-03, 1.670E-04, 1.028E+02, 4.367E-03, 4.352E-01
22/03/2019,08:00,9,2.861,3.361,2.675,.654,.257, 1.028E+03, 6.811E+01, 1.820E-05, 1.602E-02, 8.993E+01, 8.094E+01, 1.527E+02, 3.204E+01, 6.050E+01, 3.141E+01, 1.714E+00, 3.166E-01, 1.170E-01, 2.550E-01, 1.000E+00, 8.001E-01, 9.981E-01, 1.000E-02, 1.000E+00, 1.000E+00, 8.001E-03, 4.954E-05, 6.180E-05, 0.000E+00, 1.117E+02, 5.843E+01, 1.429E-02, 1.943E-04, 6.906E+01, 4.660E-03, 4.521E-01
22/03/2019,09:00,9,2.861,3.361,4.845,.566,.375, 1.028E+03, 6.321E+01, 1.820E-05, 1.602E-02, 1.349E+01, 8.630E+01, 4.584E+01, 3.089E+01, 1.114E+02, 9.092E+01, 1.610E+00, 5.264E-01, 1.037E-01, 3.020E-01, 1.000E+00, 7.582E-01, 8.483E-01, 1.000E-02, 1.000E+00, 1.000E+00, 7.582E-03, 4.732E-05, 5.294E-05, 0.000E+00, 1.396E+02, 6.594E+01, 1.429E-02, 1.856E-04, 6.910E+01, 4.204E-03, 4.805E-01
22/03/2019,10:00,9,2.861,3.361,6.008,.500,.469, 1.027E+03, 6.006E+01, 1.820E-05, 1.577E-02, 1.555E+01, 9.600E+01, 4.993E+01, 3.435E+01, 1.114E+02, 9.092E+01, 2.279E+00, 5.277E-01, 1.467E-01, 3.290E-01, 1.000E+00, 7.944E-01, 8.717E-01, 1.000E-02, 1.000E+00, 1.000E+00, 7.944E-03, 4.979E-05, 5.463E-05, 0.000E+00, 9.867E+01, 4.658E+01, 1.429E-02, 1.953E-04, 6.906E+01, 5.311E-03, 4.092E-01
22/03/2019,11:00,9,2.861,3.361,7.170,.433,.575, 1.026E+03, 5.905E+01, 1.820E-05, 1.551E-02, 1.621E+01, 9.900E+01, 5.118E+01, 3.542E+01, 1.114E+02, 9.092E+01, 3.094E+00, 5.291E-01, 1.991E-01, 3.373E-01, 1.000E+00, 8.045E-01, 8.782E-01, 1.000E-02, 1.000E+00, 1.000E+00, 8.045E-03, 5.063E-05, 5.526E-05, 0.000E+00, 7.277E+01, 3.433E+01, 1.429E-02, 1.986E-04, 6.904E+01, 6.373E-03, 4.394E-01
22/03/2019,12:00,9,2.861,3.361,8.333,.367,.696, 1.025E+03, 6.030E+01, 1.820E-05, 1.526E-02, 2.027E+02, 7.814E+01, 2.391E+02, 3.456E+01, 4.107E+01, 9.170E+01, 3.965E+00, 6.717E-01, 2.407E-01, 3.271E-01, 1.000E+00, 8.376E-01, 9.999E-01, 1.000E-02, 1.000E+00, 1.000E+00, 8.376E-03, 5.293E-05, 6.319E-05, 0.000E+00, 6.700E+01, 2.839E+01, 1.429E-02, 2.076E-04, 6.900E+01, 6.993E-03, 5.396E-01
22/03/2019,13:00,9,2.861,3.361,8.247,.389,.668, 1.024E+03, 6.364E+01, 1.820E-05, 1.526E-02, 1.739E+02, 7.513E+01, 2.287E+02, 3.282E+01, 4.107E+01, 9.170E+01, 3.919E+00, 6.718E-01, 2.379E-01, 2.980E-01, 1.000E+00, 8.180E-01, 9.999E-01, 1.000E-02, 1.000E+00, 1.000E+00, 8.180E-03, 5.167E-05, 6.317E-05, 0.000E+00, 6.779E+01, 2.873E+01, 1.429E-02, 2.027E-04, 6.902E+01, 6.949E-03, 5.413E-01
22/03/2019,14:00,9,2.861,3.361,8.160,.412,.639, 1.024E+03, 6.870E+01, 1.820E-05, 1.526E-02, 1.296E+02, 6.791E+01, 2.075E+02, 2.906E+01, 4.107E+01, 9.170E+01, 3.907E+00, 6.719E-01, 2.372E-01, 2.490E-01, 1.000E+00, 7.727E-01, 9.998E-01, 1.000E-02, 1.000E+00, 1.000E+00, 7.727E-03, 4.879E-05, 6.314E-05, 0.000E+00, 6.800E+01, 2.882E+01, 1.429E-02, 1.914E-04, 6.907E+01, 6.935E-03, 5.225E-01
22/03/2019,15:00,9,2.861,3.361,8.074,.434,.611, 1.023E+03, 7.499E+01, 1.820E-05, 1.526E-02, 3.374E+01, 6.111E+01, 8.816E+01, 2.301E+01,-8.202E+01, 3.437E+01, 3.929E+00, 6.492E-01, 2.176E-01, 1.803E-01, 1.000E+00, 6.770E-01, 9.734E-01, 1.000E-02, 1.000E+00, 1.000E+00, 6.770E-03, 4.274E-05, 6.145E-05, 0.000E+00, 8.301E+01, 3.142E+01, 1.429E-02, 1.677E-04, 6.919E+01, 6.580E-03, 5.533E-01
22/03/2019,16:00,9,2.861,3.361,6.767,.452,.541, 1.022E+03, 8.207E+01, 1.820E-05, 1.526E-02, 9.568E+00, 2.941E+01, 4.550E+01, 1.083E+01,-8.202E+01, 3.437E+01, 4.398E+00, 6.480E-01, 2.434E-01, 9.647E-02, 1.000E+00, 4.065E-01, 8.461E-01, 1.000E-02, 1.000E+00, 1.000E+00, 4.065E-03, 2.554E-05, 5.317E-05, 0.000E+00, 7.422E+01, 2.808E+01, 1.429E-02, 1.002E-04, 6.951E+01, 6.969E-03, 5.709E-01
22/03/2019,17:00,9,2.861,3.361,5.461,.469,.479, 1.021E+03, 8.950E+01, 1.820E-05, 1.526E-02, 1.375E-09, 1.537E+00, 0.000E+00, 0.000E+00,-8.202E+01, 3.437E+01, 4.903E+00, 6.468E-01, 2.712E-01,-9.990E+02, 1.000E+00,-9.990E+02, 0.000E+00, 0.000E+00, 0.000E+00, 1.000E+00, 0.000E+00, 0.000E+00, 0.000E+00, 0.000E+00, 6.664E+01, 2.520E+01, 1.429E-02, 0.000E+00, 7.000E+01, 7.331E-03, 4.870E-01
22/03/2019,18:00,9,2.861,3.361,4.154,.486,.422, 1.020E+03, 9.689E+01, 1.820E-05, 1.526E-02, 0.000E+00, 0.000E+00, 0.000E+00, 0.000E+00,-8.049E+01, 1.434E+01, 5.433E+00, 8.121E-01, 3.113E-01,-9.990E+02, 1.000E+00,-9.990E+02, 0.000E+00, 0.000E+00, 0.000E+00, 1.000E+00, 0.000E+00, 0.000E+00, 0.000E+00, 0.000E+00, 5.606E+01, 2.196E+01, 1.429E-02, 0.000E+00, 7.000E+01, 7.832E-03, 4.252E-01
22/03/2019,19:00,9,2.861,3.361,4.214,.572,.353, 1.019E+03, 1.038E+02, 1.820E-05, 1.501E-02, 0.000E+00, 0.000E+00, 0.000E+00, 0.000E+00,-8.049E+01, 1.434E+01, 5.541E+00, 8.126E-01, 3.175E-01,-9.990E+02, 1.000E+00,-9.990E+02, 0.000E+00, 0.000E+00, 0.000E+00, 1.000E+00, 0.000E+00, 0.000E+00, 0.000E+00, 0.000E+00, 5.496E+01, 2.153E+01, 1.429E-02, 0.000E+00, 7.000E+01, 7.902E-03, 3.671E-01
22/03/2019,20:00,9,2.861,3.361,4.274,.658,.283, 1.018E+03, 1.099E+02, 1.820E-05, 1.475E-02, 0.000E+00, 0.000E+00, 0.000E+00, 0.000E+00,-8.049E+01, 1.434E+01, 5.698E+00, 8.131E-01, 3.265E-01,-9.990E+02, 1.000E+00,-9.990E+02, 0.000E+00, 0.000E+00, 0.000E+00, 1.000E+00, 0.000E+00, 0.000E+00, 0.000E+00, 0.000E+00, 5.344E+01, 2.093E+01, 1.415E-02, 0.000E+00, 7.065E+01, 7.960E-03, 4.352E-01
22/03/2019,21:00,9,2.861,3.361,4.334,.744,.213, 1.017E+03, 1.147E+02, 1.820E-05, 1.450E-02, 0.000E+00, 0.000E+00, 0.000E+00, 0.000E+00,-8.049E+01, 2.912E+00, 5.899E+00, 8.740E-01, 3.404E-01,-9.990E+02, 1.000E+00,-9.990E+02, 0.000E+00, 0.000E+00, 0.000E+00, 1.000E+00, 0.000E+00, 0.000E+00, 0.000E+00, 0.000E+00, 5.092E+01, 2.008E+01, 1.400E-02, 0.000E+00, 7.145E+01, 8.054E-03, 5.232E-01
22/03/2019,22:00,9,2.861,3.361,4.742,.775,.193, 1.016E+03, 1.178E+02, 1.820E-05, 1.399E-02, 0.000E+00, 0.000E+00, 0.000E+00, 0.000E+00,-8.049E+01, 2.912E+00, 5.946E+00, 8.751E-01, 3.431E-01,-9.990E+02, 1.000E+00,-9.990E+02, 0.000E+00, 0.000E+00, 0.000E+00, 1.000E+00, 0.000E+00, 0.000E+00, 0.000E+00, 0.000E+00, 5.051E+01, 1.992E+01, 1.368E-02, 0.000E+00, 7.309E+01, 7.975E-03, 5.199E-01
22/03/2019,23:00,9,2.861,3.361,5.150,.806,.171, 1.014E+03, 1.187E+02, 1.820E-05, 1.348E-02, 0.000E+00, 0.000E+00, 0.000E+00, 0.000E+00,-8.049E+01, 2.912E+00, 6.007E+00, 8.762E-01, 3.467E-01,-9.990E+02, 1.000E+00,-9.990E+02, 0.000E+00, 0.000E+00, 0.000E+00, 1.000E+00, 0.000E+00, 0.000E+00, 0.000E+00, 0.000E+00, 4.999E+01, 1.972E+01, 1.337E-02, 0.000E+00, 7.482E+01, 7.900E-03, 4.748E-01
23/03/2019,00:00,9,2.871,3.371,5.558,.838,.147, 1.013E+03, 1.175E+02, 4.815E-03, 1.297E-02, 0.000E+00, 0.000E+00, 0.000E+00, 0.000E+00,-5.178E+01,-2.627E+00, 6.082E+00, 9.075E-01, 3.552E-01,-9.990E+02, 1.000E+00,-9.990E+02, 0.000E+00, 0.000E+00, 0.000E+00, 1.000E+00, 0.000E+00, 0.000E+00, 0.000E+00, 0.000E+00, 4.820E+01, 1.924E+01, 1.305E-02, 0.000E+00, 7.663E+01, 7.869E-03, 5.027E-01
23/03/2019,01:00,9,2.871,3.371,5.675,.843,.143, 1.012E+03, 1.142E+02, 4.815E-03, 1.475E-02, 0.000E+00, 0.000E+00, 0.000E+00, 0.000E+00,-5.178E+01,-2.627E+00, 6.207E+00, 9.083E-01, 3.625E-01,-9.990E+02, 1.000E+00,-9.990E+02, 0.000E+00, 0.000E+00, 0.000E+00, 1.000E+00, 0.000E+00, 0.000E+00, 0.000E+00, 0.000E+00, 4.723E+01, 1.886E+01, 1.416E-02, 0.000E+00, 7.063E+01, 8.328E-03, 4.746E-01
23/03/2019,02:00,9,2.871,3.371,5.792,.849,.139, 1.011E+03, 1.092E+02, 4.815E-03, 1.653E-02, 0.000E+00, 0.000E+00, 0.000E+00, 0.000E+00,-5.178E+01,-2.627E+00, 6.350E+00, 9.091E-01, 3.709E-01,-9.990E+02, 1.000E+00,-9.990E+02, 0.000E+00, 0.000E+00, 0.000E+00, 1.000E+00, 0.000E+00, 0.000E+00, 0.000E+00, 0.000E+00, 4.616E+01, 1.843E+01, 1.429E-02, 0.000E+00, 7.000E+01, 8.451E-03, 4.853E-01
23/03/2019,03:00,9,2.871,3.371,5.909,.855,.135, 1.009E+03, 1.029E+02, 1.727E-02, 1.831E-02, 0.000E+00, 0.000E+00, 0.000E+00, 0.000E+00,-5.503E+01,-6.111E-01, 6.511E+00, 9.596E-01, 3.809E-01,-9.990E+02, 1.000E+00,-9.990E+02, 0.000E+00, 0.000E+00, 0.000E+00, 1.000E+00, 0.000E+00, 0.000E+00, 0.000E+00, 0.000E+00, 4.488E+01, 1.794E+01, 1.429E-02, 0.000E+00, 7.000E+01, 8.544E-03, 4.360E-01
23/03/2019,04:00,9,2.871,3.371,6.132,.860,.133, 1.008E+03, 9.584E+01, 1.727E-02, 1.729E-02, 0.000E+00, 0.000E+00, 0.000E+00, 0.000E+00,-5.503E+01,-6.111E-01, 6.411E+00, 9.604E-01, 3.750E-01,-9.990E+02, 1.000E+00,-9.990E+02, 0.000E+00, 0.000E+00, 0.000E+00, 1.000E+00, 0.000E+00, 0.000E+00, 0.000E+00, 0.000E+00, 4.558E+01, 1.823E+01, 1.429E-02, 0.000E+00, 7.000E+01, 8.490E-03, 3.565E-01
23/03/2019,05:00,9,2.871,3.371,6.356,.864,.131, 1.008E+03, 8.840E+01, 1.727E-02, 1.628E-02, 4.567E-04, 1.847E+00, 6.571E-01, 6.489E-01,-5.503E+01,-6.111E-01, 6.332E+00, 9.611E-01, 3.705E-01, 1.942E-02, 1.000E+00, 2.634E-02, 2.666E-02, 1.000E-02, 1.000E+00, 1.000E+00, 2.634E-04, 1.653E-06, 1.673E-06, 0.000E+00, 4.614E+01, 1.845E+01, 1.429E-02, 6.508E-06, 6.997E+01, 8.450E-03, 5.323E-01
23/03/2019,06:00,9,2.871,3.371,6.580,.868,.129, 1.007E+03, 8.096E+01, 1.627E-02, 1.526E-02, 2.832E+01, 3.476E+01, 1.038E+02, 1.359E+01,-1.515E+01, 1.665E+01, 6.277E+00, 1.029E+00, 3.715E-01, 1.094E-01, 1.000E+00, 4.891E-01, 9.860E-01, 1.000E-02, 1.000E+00, 1.000E+00, 4.891E-03, 3.072E-05, 6.192E-05, 0.000E+00, 4.547E+01, 1.840E+01, 1.429E-02, 1.209E-04, 6.941E+01, 8.504E-03, 6.883E-01
23/03/2019,07:00,9,2.871,3.371,7.087,.836,.165, 1.007E+03, 7.393E+01, 1.627E-02, 1.424E-02, 8.289E+01, 5.523E+01, 1.727E+02, 2.298E+01,-1.515E+01, 1.665E+01, 6.404E+00, 1.030E+00, 3.790E-01, 1.918E-01, 1.000E+00, 6.857E-01, 9.992E-01, 1.000E-02, 1.000E+00, 1.000E+00, 6.857E-03, 4.314E-05, 6.286E-05, 0.000E+00, 4.457E+01, 1.803E+01, 1.384E-02, 1.699E-04, 7.138E+01, 8.431E-03, 6.477E-01
23/03/2019,08:00,9,2.871,3.371,7.594,.804,.205, 1.006E+03, 6.772E+01, 1.627E-02, 1.323E-02, 1.358E+02, 6.762E+01, 2.082E+02, 2.904E+01,-1.515E+01, 1.665E+01, 6.626E+00, 1.031E+00, 3.922E-01, 2.581E-01, 1.000E+00, 7.753E-01, 9.998E-01, 1.000E-02, 1.000E+00, 1.000E+00, 7.753E-03, 4.886E-05, 6.301E-05, 0.000E+00, 4.307E+01, 1.743E+01, 1.321E-02, 1.924E-04, 7.463E+01, 8.315E-03, 5.835E-01
23/03/2019,09:00,9,2.871,3.371,8.102,.772,.246, 1.006E+03, 6.281E+01, 0.000E+00, 1.221E-02, 1.834E+02, 7.615E+01, 2.340E+02, 3.335E+01, 1.258E+02, 8.055E+01, 6.936E+00, 1.087E+00, 4.190E-01, 3.046E-01, 1.000E+00, 8.236E-01, 9.999E-01, 1.000E-02, 1.000E+00, 1.000E+00, 8.236E-03, 5.200E-05, 6.313E-05, 0.000E+00, 3.888E+01, 1.632E+01, 1.258E-02, 2.048E-04, 7.824E+01, 8.277E-03, 5.746E-01
23/03/2019,10:00,9,2.871,3.371,8.817,.673,.372, 1.006E+03, 5.966E+01, 0.000E+00, 1.144E-02, 2.106E+02, 7.866E+01, 2.434E+02, 3.486E+01, 1.258E+02, 8.055E+01, 6.896E+00, 1.089E+00, 4.165E-01, 3.313E-01, 1.000E+00, 8.406E-01, 1.000E+00, 1.000E-02, 1.000E+00, 1.000E+00, 8.406E-03, 5.321E-05, 6.330E-05, 0.000E+00, 3.911E+01, 1.641E+01, 1.210E-02, 2.095E-04, 8.122E+01, 8.061E-03, 6.879E-01
23/03/2019,11:00,9,2.871,3.371,9.532,.573,.509, 1.006E+03, 5.866E+01, 0.000E+00, 1.068E-02, 2.193E+02, 7.921E+01, 2.460E+02, 3.524E+01, 1.258E+02, 8.055E+01, 6.870E+00, 1.090E+00, 4.149E-01, 3.394E-01, 1.000E+00, 8.449E-01, 1.000E+00, 1.000E-02, 1.000E+00, 1.000E+00, 8.449E-03, 5.362E-05, 6.346E-05, 0.000E+00, 3.926E+01, 1.647E+01, 1.163E-02, 2.111E-04, 8.446E+01, 7.846E-03, 5.575E-01
23/03/2019,12:00,9,2.871,3.371,10.247,.474,.658, 1.005E+03, 5.992E+01, 0.000E+00, 9.919E-03, 2.045E+02, 7.699E+01, 2.381E+02, 3.409E+01, 4.150E+01, 1.134E+02, 6.859E+00, 1.065E+00, 4.100E-01, 3.292E-01, 1.000E+00, 8.349E-01, 9.999E-01, 1.000E-02, 1.000E+00, 1.000E+00, 8.349E-03, 5.312E-05, 6.362E-05, 0.000E+00, 4.054E+01, 1.667E+01, 1.116E-02, 2.092E-04, 8.799E+01, 7.599E-03, 4.053E-01
23/03/2019,13:00,9,2.871,3.371,10.062,.429,.705, 1.005E+03, 6.328E+01, 0.000E+00, 8.139E-03, 1.759E+02, 7.420E+01, 2.281E+02, 3.245E+01, 4.150E+01, 1.134E+02, 6.941E+00, 1.065E+00, 4.149E-01, 3.003E-01, 1.000E+00, 8.158E-01, 9.999E-01, 1.000E-02, 1.000E+00, 1.000E+00, 8.158E-03, 5.186E-05, 6.357E-05, 0.000E+00, 4.006E+01, 1.647E+01, 1.005E-02, 2.042E-04, 9.751E+01, 7.113E-03, 2.988E-01
23/03/2019,14:00,9,2.871,3.371,9.877,.385,.751, 1.005E+03, 6.836E+01, 0.000E+00, 6.358E-03, 1.319E+02, 6.735E+01, 2.077E+02, 2.885E+01, 4.150E+01, 1.134E+02, 7.049E+00, 1.064E+00, 4.214E-01, 2.516E-01, 1.000E+00, 7.715E-01, 9.998E-01, 1.000E-02, 1.000E+00, 1.000E+00, 7.715E-03, 4.902E-05, 6.352E-05, 0.000E+00, 3.945E+01, 1.622E+01, 8.946E-03, 1.930E-04, 1.094E+02, 6.586E-03, 2.548E-01
23/03/2019,15:00,9,2.871,3.371,9.692,.340,.796, 1.005E+03, 7.468E+01, 0.000E+00, 4.578E-03, 7.916E+01, 5.506E+01, 1.726E+02, 2.280E+01,-1.054E+02, 4.368E+01, 7.181E+00, 9.293E-01, 4.131E-01, 1.833E-01, 1.000E+00, 6.801E-01, 9.992E-01, 1.000E-02, 1.000E+00, 1.000E+00, 6.801E-03, 4.318E-05, 6.344E-05, 0.000E+00, 4.207E+01, 1.654E+01, 7.841E-03, 1.700E-04, 1.248E+02, 5.943E-03, 2.302E-01
23/03/2019,16:00,9,2.871,3.371,8.453,.386,.681, 1.005E+03, 8.176E+01, 0.000E+00, 4.578E-03, 2.387E+01, 3.302E+01, 9.607E+01, 1.278E+01,-1.054E+02, 4.368E+01, 6.729E+00, 9.272E-01, 3.871E-01, 9.980E-02, 1.000E+00, 4.658E-01, 9.808E-01, 1.000E-02, 1.000E+00, 1.000E+00, 4.658E-03, 2.945E-05, 6.200E-05, 0.000E+00, 4.492E+01, 1.766E+01, 7.841E-03, 1.160E-04, 1.257E+02, 5.812E-03, 2.047E-01
23/03/2019,17:00,9,2.871,3.371,7.213,.431,.579, 1.006E+03, 8.919E+01, 0.000E+00, 4.578E-03, 1.814E-05, 3.377E+00, 0.000E+00, 0.000E+00,-1.054E+02, 4.368E+01, 6.315E+00, 9.250E-01, 3.632E-01,-9.990E+02, 1.000E+00,-9.990E+02, 0.000E+00, 0.000E+00, 0.000E+00, 1.000E+00, 0.000E+00, 0.000E+00, 0.000E+00, 0.000E+00, 4.788E+01, 1.882E+01, 7.841E-03, 0.000E+00, 1.275E+02, 5.651E-03, 1.896E-01
23/03/2019,18:00,9,2.871,3.371,5.974,.477,.489, 1.006E+03, 9.658E+01, 0.000E+00, 4.578E-03, 0.000E+00, 0.000E+00, 0.000E+00, 0.000E+00,-1.200E+02, 1.777E+01, 5.948E+00, 9.207E-01, 3.404E-01,-9.990E+02, 1.000E+00,-9.990E+02, 0.000E+00, 0.000E+00, 0.000E+00, 1.000E+00, 0.000E+00, 0.000E+00, 0.000E+00, 0.000E+00, 5.134E+01, 2.008E+01, 7.841E-03, 0.000E+00, 1.275E+02, 5.547E-03, 1.846E-01
23/03/2019,19:00,9,2.871,3.371,5.546,.487,.465, 1.006E+03, 1.035E+02, 0.000E+00, 4.578E-03, 0.000E+00, 0.000E+00, 0.000E+00, 0.000E+00,-1.200E+02, 1.777E+01, 6.131E+00, 9.200E-01, 3.508E-01,-9.990E+02, 1.000E+00,-9.990E+02, 0.000E+00, 0.000E+00, 0.000E+00, 1.000E+00, 0.000E+00, 0.000E+00, 0.000E+00, 0.000E+00, 4.982E+01, 1.948E+01, 7.841E-03, 0.000E+00, 1.275E+02, 5.595E-03, 1.716E-01
23/03/2019,20:00,9,2.871,3.371,5.118,.497,.442, 1.006E+03, 1.096E+02, 0.000E+00, 4.578E-03, 0.000E+00, 0.000E+00, 0.000E+00, 0.000E+00,-1.200E+02, 1.777E+01, 6.360E+00, 9.192E-01, 3.639E-01,-9.990E+02, 1.000E+00,-9.990E+02, 0.000E+00, 0.000E+00, 0.000E+00, 1.000E+00, 0.000E+00, 0.000E+00, 0.000E+00, 0.000E+00, 4.803E+01, 1.878E+01, 7.841E-03, 0.000E+00, 1.275E+02, 5.654E-03, 1.558E-01
23/03/2019,21:00,9,2.871,3.371,4.690,.508,.420, 1.006E+03, 1.144E+02, 0.000E+00, 4.578E-03, 0.000E+00, 0.000E+00, 0.000E+00, 0.000E+00,-1.134E+02, 1.758E+01, 6.630E+00, 9.059E-01, 3.795E-01,-9.990E+02, 1.000E+00,-9.990E+02, 0.000E+00, 0.000E+00, 0.000E+00, 1.000E+00, 0.000E+00, 0.000E+00, 0.000E+00, 0.000E+00, 4.603E+01, 1.801E+01, 7.841E-03, 0.000E+00, 1.275E+02, 5.719E-03, 1.420E-01
23/03/2019,22:00,9,2.871,3.371,4.042,.507,.402, 1.007E+03, 1.174E+02, 0.000E+00, 4.324E-03, 0.000E+00, 0.000E+00, 0.000E+00, 0.000E+00,-1.134E+02, 1.758E+01, 6.264E+00, 9.045E-01, 3.585E-01,-9.990E+02, 1.000E+00,-9.990E+02, 0.000E+00, 0.000E+00, 0.000E+00, 1.000E+00, 0.000E+00, 0.000E+00, 0.000E+00, 0.000E+00, 4.874E+01, 1.907E+01, 7.683E-03, 0.000E+00, 1.302E+02, 5.548E-03, 1.307E-01
23/03/2019,23:00,9,2.871,3.371,3.394,.506,.385, 1.007E+03, 1.184E+02, 0.000E+00, 4.069E-03, 0.000E+00, 0.000E+00, 0.000E+00, 0.000E+00,-1.134E+02, 1.758E+01, 5.942E+00, 9.032E-01, 3.400E-01,-9.990E+02, 1.000E+00,-9.990E+02, 0.000E+00, 0.000E+00, 0.000E+00, 1.000E+00, 0.000E+00, 0.000E+00, 0.000E+00, 0.000E+00, 5.139E+01, 2.010E+01, 7.525E-03, 0.000E+00, 1.329E+02, 5.385E-03, 1.240E-01
24/03/2019,00:00,9,2.882,3.382,2.747,.505,.368, 1.008E+03, 1.171E+02, 3.508E-06, 3.815E-03, 0.000E+00, 0.000E+00, 0.000E+00, 0.000E+00,-9.985E+01, 1.646E+01, 5.673E+00, 7.620E-01, 3.192E-01,-9.990E+02, 1.000E+00,-9.990E+02, 0.000E+00, 0.000E+00, 0.000E+00, 1.000E+00, 0.000E+00, 0.000E+00, 0.000E+00, 0.000E+00, 5.567E+01, 2.141E+01, 7.368E-03, 0.000E+00, 1.357E+02, 5.206E-03, 1.251E-01
24/03/2019,01:00,9,2.882,3.382,2.261,.527,.340, 1.009E+03, 1.138E+02, 3.508E-06, 7.376E-03, 0.000E+00, 0.000E+00, 0.000E+00, 0.000E+00,-9.985E+01, 1.646E+01, 5.545E+00, 7.611E-01, 3.120E-01,-9.990E+02, 1.000E+00,-9.990E+02, 0.000E+00, 0.000E+00, 0.000E+00, 1.000E+00, 0.000E+00, 0.000E+00, 0.000E+00, 0.000E+00, 5.697E+01, 2.191E+01, 9.577E-03, 0.000E+00, 1.044E+02, 6.170E-03, 1.264E-01
24/03/2019,02:00,9,2.882,3.382,1.775,.548,.314, 1.009E+03, 1.088E+02, 3.508E-06, 1.094E-02, 0.000E+00, 0.000E+00, 0.000E+00, 0.000E+00,-9.985E+01, 1.646E+01, 5.431E+00, 7.603E-01, 3.055E-01,-9.990E+02, 1.000E+00,-9.990E+02, 0.000E+00, 0.000E+00, 0.000E+00, 1.000E+00, 0.000E+00, 0.000E+00, 0.000E+00, 0.000E+00, 5.818E+01, 2.237E+01, 1.179E-02, 0.000E+00, 8.484E+01, 6.959E-03, 1.264E-01
24/03/2019,03:00,9,2.882,3.382,1.290,.570,.288, 1.009E+03, 1.025E+02, 3.508E-06, 1.450E-02, 0.000E+00, 0.000E+00, 0.000E+00, 0.000E+00,-8.257E+01, 1.718E+01, 5.333E+00, 7.279E-01, 3.009E-01,-9.990E+02, 1.000E+00,-9.990E+02, 0.000E+00, 0.000E+00, 0.000E+00, 1.000E+00, 0.000E+00, 0.000E+00, 0.000E+00, 0.000E+00, 5.889E+01, 2.271E+01, 1.400E-02, 0.000E+00, 7.145E+01, 7.623E-03, 1.289E-01
24/03/2019,04:00,9,2.882,3.382,1.324,.577,.284, 1.010E+03, 9.546E+01, 3.508E-06, 1.450E-02, 0.000E+00, 0.000E+00, 0.000E+00, 0.000E+00,-8.257E+01, 1.718E+01, 5.220E+00, 7.279E-01, 2.946E-01,-9.990E+02, 1.000E+00,-9.990E+02, 0.000E+00, 0.000E+00, 0.000E+00, 1.000E+00, 0.000E+00, 0.000E+00, 0.000E+00, 0.000E+00, 6.017E+01, 2.321E+01, 1.400E-02, 0.000E+00, 7.145E+01, 7.548E-03, 1.373E-01
24/03/2019,05:00,9,2.882,3.382,1.359,.584,.280, 1.010E+03, 8.802E+01, 3.508E-06, 1.450E-02, 9.858E-02, 8.276E+00, 4.334E+00, 2.904E+00,-8.257E+01, 1.718E+01, 5.116E+00, 7.279E-01, 2.887E-01, 2.393E-02, 1.000E+00, 1.138E-01, 1.633E-01, 1.000E-02, 1.000E+00, 1.000E+00, 1.138E-03, 7.014E-06, 1.006E-05, 0.000E+00, 6.139E+01, 2.368E+01, 1.400E-02, 2.772E-05, 7.130E+01, 7.486E-03, 1.534E-01
24/03/2019,06:00,9,2.882,3.382,1.393,.591,.276, 1.010E+03, 8.058E+01, 3.508E-06, 1.450E-02, 3.179E+01, 3.718E+01, 1.117E+02, 1.456E+01, 6.079E+01, 5.830E+01, 5.022E+00, 7.056E-01, 3.066E-01, 1.135E-01, 1.000E+00, 5.118E-01, 9.899E-01, 1.000E-02, 1.000E+00, 1.000E+00, 5.118E-03, 3.154E-05, 6.101E-05, 0.000E+00, 5.207E+01, 2.230E+01, 1.400E-02, 1.247E-04, 7.081E+01, 7.761E-03, 1.787E-01
24/03/2019,07:00,9,2.882,3.382,2.984,.560,.333, 1.010E+03, 7.354E+01, 3.508E-06, 1.450E-02, 8.867E+01, 5.795E+01, 1.806E+02, 2.409E+01, 6.079E+01, 5.830E+01, 4.859E+00, 7.078E-01, 2.965E-01, 1.954E-01, 1.000E+00, 7.012E-01, 9.994E-01, 1.000E-02, 1.000E+00, 1.000E+00, 7.012E-03, 4.347E-05, 6.195E-05, 0.000E+00, 5.386E+01, 2.305E+01, 1.400E-02, 1.718E-04, 7.058E+01, 7.657E-03, 2.056E-01
24/03/2019,08:00,9,2.882,3.382,4.574,.528,.399, 1.009E+03, 6.733E+01, 3.508E-06, 1.450E-02, 1.434E+02, 7.041E+01, 2.162E+02, 3.021E+01, 6.079E+01, 5.830E+01, 4.702E+00, 7.099E-01, 2.869E-01, 2.611E-01, 1.000E+00, 7.866E-01, 9.999E-01, 1.000E-02, 1.000E+00, 1.000E+00, 7.866E-03, 4.904E-05, 6.234E-05, 0.000E+00, 5.569E+01, 2.383E+01, 1.400E-02, 1.938E-04, 7.047E+01, 7.547E-03, 2.425E-01
24/03/2019,09:00,9,2.882,3.382,6.165,.497,.476, 1.009E+03, 6.241E+01, 3.508E-06, 1.450E-02, 1.867E+02, 7.657E+01, 2.350E+02, 3.350E+01, 1.493E+02, 1.046E+02, 4.552E+00, 8.066E-01, 2.816E-01, 3.071E-01, 1.000E+00, 8.253E-01, 9.999E-01, 1.000E-02, 1.000E+00, 1.000E+00, 8.253E-03, 5.175E-05, 6.270E-05, 0.000E+00, 5.528E+01, 2.427E+01, 1.400E-02, 2.045E-04, 7.042E+01, 7.498E-03, 2.654E-01
24/03/2019,10:00,9,2.882,3.382,7.227,.472,.538, 1.008E+03, 5.926E+01, 3.508E-06, 1.399E-02, 2.139E+02, 7.893E+01, 2.442E+02, 3.494E+01, 1.493E+02, 1.046E+02, 4.830E+00, 8.085E-01, 2.987E-01, 3.335E-01, 1.000E+00, 8.416E-01, 1.000E+00, 1.000E-02, 1.000E+00, 1.000E+00, 8.416E-03, 5.297E-05, 6.294E-05, 0.000E+00, 5.213E+01, 2.288E+01, 1.368E-02, 2.094E-04, 7.199E+01, 7.613E-03, 2.796E-01
24/03/2019,11:00,9,2.882,3.382,8.290,.446,.607, 1.007E+03, 5.826E+01, 3.508E-06, 1.348E-02, 2.225E+02, 7.943E+01, 2.468E+02, 3.530E+01, 1.493E+02, 1.046E+02, 5.117E+00, 8.104E-01, 3.164E-01, 3.414E-01, 1.000E+00, 8.458E-01, 1.000E+00, 1.000E-02, 1.000E+00, 1.000E+00, 8.458E-03, 5.344E-05, 6.318E-05, 0.000E+00, 4.924E+01, 2.160E+01, 1.337E-02, 2.112E-04, 7.366E+01, 7.710E-03, 2.935E-01
24/03/2019,12:00,9,2.882,3.382,9.353,.420,.683, 1.006E+03, 5.954E+01, 3.508E-06, 1.297E-02, 2.116E+02, 7.874E+01, 2.436E+02, 3.483E+01, 7.326E+01, 9.954E+01, 5.411E+00, 9.797E-01, 3.258E-01, 3.313E-01, 1.000E+00, 8.403E-01, 1.000E+00, 1.000E-02, 1.000E+00, 1.000E+00, 8.403E-03, 5.329E-05, 6.342E-05, 0.000E+00, 5.030E+01, 2.098E+01, 1.305E-02, 2.106E-04, 7.541E+01, 7.680E-03, 3.128E-01
24/03/2019,13:00,9,2.882,3.382,9.158,.451,.638, 1.006E+03, 6.293E+01, 3.508E-06, 1.017E-02, 1.824E+02, 7.602E+01, 2.336E+02, 3.320E+01, 7.326E+01, 9.954E+01, 5.474E+00, 9.797E-01, 3.296E-01, 3.025E-01, 1.000E+00, 8.220E-01, 9.999E-01, 1.000E-02, 1.000E+00, 1.000E+00, 8.220E-03, 5.209E-05, 6.337E-05, 0.000E+00, 4.972E+01, 2.074E+01, 1.131E-02, 2.059E-04, 8.681E+01, 7.094E-03, 3.116E-01
24/03/2019,14:00,9,2.882,3.382,8.964,.482,.595, 1.005E+03, 6.803E+01, 3.508E-06, 7.376E-03, 1.375E+02, 6.922E+01, 2.133E+02, 2.962E+01, 7.326E+01, 9.954E+01, 5.538E+00, 9.797E-01, 3.335E-01, 2.541E-01, 1.000E+00, 7.794E-01, 9.998E-01, 1.000E-02, 1.000E+00, 1.000E+00, 7.794E-03, 4.936E-05, 6.332E-05, 0.000E+00, 4.914E+01, 2.050E+01, 9.577E-03, 1.951E-04, 1.023E+02, 6.416E-03, 2.984E-01
24/03/2019,15:00,9,2.882,3.382,8.769,.512,.552, 1.004E+03, 7.436E+01, 3.508E-06, 4.578E-03, 6.201E+01, 5.759E+01, 1.379E+02, 2.287E+01,-7.041E+01, 3.035E+01, 5.603E+00, 6.460E-01, 3.126E-01, 1.862E-01, 1.000E+00, 6.816E-01, 9.966E-01, 1.000E-02, 1.000E+00, 1.000E+00, 6.816E-03, 4.314E-05, 6.307E-05, 0.000E+00, 5.733E+01, 2.187E+01, 7.841E-03, 1.705E-04, 1.248E+02, 5.483E-03, 2.789E-01
24/03/2019,16:00,9,2.882,3.382,7.480,.551,.465, 1.004E+03, 8.146E+01, 3.508E-06, 4.324E-03, 1.964E+01, 3.249E+01, 7.845E+01, 1.235E+01,-7.041E+01, 3.035E+01, 5.102E+00, 6.447E-01, 2.845E-01, 1.031E-01, 1.000E+00, 4.561E-01, 9.603E-01, 1.000E-02, 1.000E+00, 1.000E+00, 4.561E-03, 2.873E-05, 6.050E-05, 0.000E+00, 6.301E+01, 2.402E+01, 7.683E-03, 1.136E-04, 1.283E+02, 5.222E-03, 2.606E-01
24/03/2019,17:00,9,2.882,3.382,6.192,.590,.388, 1.003E+03, 8.889E+01, 3.508E-06, 4.069E-03, 6.822E-04, 4.034E+00, 1.431E+00, 1.413E+00,-7.041E+01, 3.035E+01, 4.602E+00, 6.433E-01, 2.566E-01, 1.344E-02, 1.000E+00, 5.647E-02, 5.714E-02, 1.000E-02, 1.000E+00, 1.000E+00, 5.647E-04, 3.541E-06, 3.583E-06, 0.000E+00, 6.991E+01, 2.664E+01, 7.525E-03, 1.400E-05, 1.326E+02, 4.931E-03, 2.485E-01
24/03/2019,18:00,9,2.882,3.382,4.903,.629,.321, 1.003E+03, 9.627E+01, 3.508E-06, 3.815E-03, 0.000E+00, 0.000E+00, 0.000E+00, 0.000E+00,-6.808E+01, 5.961E+00, 4.105E+00, 4.737E-01, 2.105E-01,-9.990E+02, 1.000E+00,-9.990E+02, 0.000E+00, 0.000E+00, 0.000E+00, 1.000E+00, 0.000E+00, 0.000E+00, 0.000E+00, 0.000E+00, 9.264E+01, 3.247E+01, 7.368E-03, 0.000E+00, 1.357E+02, 4.506E-03, 2.442E-01
24/03/2019,19:00,9,2.882,3.382,3.895,.689,.251, 1.003E+03, 1.032E+02, 3.508E-06, 3.815E-03, 0.000E+00, 0.000E+00, 0.000E+00, 0.000E+00,-6.808E+01, 5.961E+00, 3.978E+00, 4.729E-01, 2.039E-01,-9.990E+02, 1.000E+00,-9.990E+02, 0.000E+00, 0.000E+00, 0.000E+00, 1.000E+00, 0.000E+00, 0.000E+00, 0.000E+00, 0.000E+00, 9.574E+01, 3.353E+01, 7.368E-03, 0.000E+00, 1.357E+02, 4.450E-03, 2.394E-01
24/03/2019,20:00,9,2.882,3.382,2.888,.748,.190, 1.002E+03, 1.093E+02, 3.508E-06, 3.815E-03, 0.000E+00, 0.000E+00, 0.000E+00, 0.000E+00,-6.808E+01, 5.961E+00, 3.853E+00, 4.721E-01, 1.973E-01,-9.990E+02, 1.000E+00,-9.990E+02, 0.000E+00, 0.000E+00, 0.000E+00, 1.000E+00, 0.000E+00, 0.000E+00, 0.000E+00, 0.000E+00, 9.899E+01, 3.464E+01, 7.368E-03, 0.000E+00, 1.357E+02, 4.392E-03, 2.314E-01
24/03/2019,21:00,9,2.882,3.382,1.880,.807,.135, 1.002E+03, 1.140E+02, 3.508E-06, 3.815E-03, 0.000E+00, 0.000E+00, 0.000E+00, 0.000E+00,-5.020E+01, 1.091E+00, 3.730E+00, 3.839E-01, 1.817E-01,-9.990E+02, 1.000E+00,-9.990E+02, 0.000E+00, 0.000E+00, 0.000E+00, 1.000E+00, 0.000E+00, 0.000E+00, 0.000E+00, 0.000E+00, 1.130E+02, 3.762E+01, 7.564E-03, 0.000E+00, 1.322E+02, 4.299E-03, 2.411E-01
24/03/2019,22:00,9,2.882,3.382,1.221,.852,.099, 1.002E+03, 1.170E+02, 3.508E-06, 3.815E-03, 0.000E+00, 0.000E+00, 0.000E+00, 0.000E+00,-5.020E+01, 1.091E+00, 3.511E+00, 3.835E-01, 1.709E-01,-9.990E+02, 1.000E+00,-9.990E+02, 0.000E+00, 0.000E+00, 0.000E+00, 1.000E+00, 0.000E+00, 0.000E+00, 0.000E+00, 0.000E+00, 1.202E+02, 4.000E+01, 1.293E-02, 0.000E+00, 7.736E+01, 5.432E-03, 2.449E-01
24/03/2019,23:00,9,2.882,3.382,.562,.897,.066, 1.002E+03, 1.180E+02, 3.508E-06, 3.815E-03, 0.000E+00, 0.000E+00, 0.000E+00, 0.000E+00,-5.020E+01, 1.091E+00, 3.317E+00, 3.831E-01, 1.614E-01,-9.990E+02, 1.000E+00,-9.990E+02, 0.000E+00, 0.000E+00, 0.000E+00, 1.000E+00, 0.000E+00, 0.000E+00, 0.000E+00, 0.000E+00, 1.274E+02, 4.235E+01, 2.297E-02, 0.000E+00, 4.353E+01, 6.388E-03, 2.118E-01
25/03/2019,00:00,9,2.893,3.393,-.097,.942,.035, 1.001E+03, 1.167E+02, 0.000E+00, 3.815E-03, 0.000E+00, 0.000E+00, 0.000E+00, 0.000E+00,-3.484E+01,-5.293E+00, 3.155E+00, 3.042E-01, 1.435E-01,-9.990E+02, 1.000E+00,-9.990E+02, 0.000E+00, 0.000E+00, 0.000E+00, 1.000E+00, 0.000E+00, 0.000E+00, 0.000E+00, 0.000E+00, 1.533E+02, 4.764E+01, 9.187E-03, 0.000E+00, 1.088E+02, 4.221E-03, 1.461E-01
25/03/2019,01:00,9,2.893,3.393,-.589,.948,.031, 1.002E+03, 1.134E+02, 0.000E+00, 9.664E-03, 0.000E+00, 0.000E+00, 0.000E+00, 0.000E+00,-3.484E+01,-5.293E+00, 2.829E+00, 3.039E-01, 1.286E-01,-9.990E+02, 1.000E+00,-9.990E+02, 0.000E+00, 0.000E+00, 0.000E+00, 1.000E+00, 0.000E+00, 0.000E+00, 0.000E+00, 0.000E+00, 1.712E+02, 5.317E+01, 7.105E-03, 0.000E+00, 1.408E+02, 3.525E-03, 2.036E-01
25/03/2019,02:00,9,2.893,3.393,-1.082,.953,.026, 1.002E+03, 1.084E+02, 0.000E+00, 1.551E-02, 0.000E+00, 0.000E+00, 0.000E+00, 0.000E+00,-3.484E+01,-5.293E+00, 2.689E+00, 3.036E-01, 1.221E-01,-9.990E+02, 1.000E+00,-9.990E+02, 0.000E+00, 0.000E+00, 0.000E+00, 1.000E+00, 0.000E+00, 0.000E+00, 0.000E+00, 0.000E+00, 1.803E+02, 5.598E+01, 1.429E-03, 0.000E+00, 7.000E+02, 1.176E-03, 2.018E-01
25/03/2019,03:00,9,2.893,3.393,-1.574,.959,.022, 1.002E+03, 1.021E+02, 7.103E-02, 2.136E-02, 0.000E+00, 0.000E+00, 0.000E+00, 0.000E+00,-2.802E+01, 2.057E+00, 2.763E+00, 4.427E-01, 1.520E-01,-9.990E+02, 1.000E+00,-9.990E+02, 0.000E+00, 0.000E+00, 0.000E+00, 1.000E+00, 0.000E+00, 0.000E+00, 0.000E+00, 0.000E+00, 1.196E+02, 4.497E+01, 1.429E-03, 0.000E+00, 7.000E+02, 1.222E-03, 2.585E-01
25/03/2019,04:00,9,2.893,3.393,-.910,.916,.048, 1.003E+03, 9.508E+01, 7.103E-02, 2.187E-02, 0.000E+00, 0.000E+00, 0.000E+00, 0.000E+00,-2.802E+01, 2.057E+00, 2.786E+00, 4.430E-01, 1.533E-01,-9.990E+02, 1.000E+00,-9.990E+02, 0.000E+00, 0.000E+00, 0.000E+00, 1.000E+00, 0.000E+00, 0.000E+00, 0.000E+00, 0.000E+00, 1.186E+02, 4.459E+01, 4.908E-03, 0.000E+00, 2.037E+02, 3.112E-03, 2.969E-01
25/03/2019,05:00,9,2.893,3.393,-.247,.873,.076, 1.004E+03, 8.765E+01, 7.103E-02, 2.238E-02, 5.303E-02, 5.351E+00, 2.517E+00, 1.872E+00,-2.802E+01, 2.057E+00, 3.286E+00, 4.434E-01, 1.808E-01, 2.841E-02, 1.000E+00, 7.480E-02, 9.836E-02, 1.000E-02, 1.000E+00, 1.000E+00, 7.480E-04, 4.582E-06, 6.026E-06, 0.000E+00, 1.005E+02, 3.780E+01, 6.359E-03, 1.818E-05, 1.568E+02, 3.899E-03, 4.030E-01
25/03/2019,06:00,9,2.893,3.393,.417,.831,.107, 1.004E+03, 8.020E+01, 3.145E-03, 2.289E-02, 3.473E+01, 3.847E+01, 1.172E+02, 1.510E+01, 6.115E+01, 4.338E+01, 4.092E+00, 6.737E-01, 2.507E-01, 1.176E-01, 1.000E+00, 5.249E-01, 9.919E-01, 1.000E-02, 1.000E+00, 1.000E+00, 5.249E-03, 3.224E-05, 6.092E-05, 0.000E+00, 6.326E+01, 2.727E+01, 9.025E-03, 1.279E-04, 1.093E+02, 5.550E-03, 4.087E-01
25/03/2019,07:00,9,2.893,3.393,1.305,.729,.182, 1.005E+03, 7.316E+01, 3.145E-03, 2.289E-02, 9.226E+01, 5.885E+01, 1.837E+02, 2.448E+01, 6.115E+01, 4.338E+01, 4.213E+00, 6.746E-01, 2.581E-01, 1.990E-01, 1.000E+00, 7.072E-01, 9.995E-01, 1.000E-02, 1.000E+00, 1.000E+00, 7.072E-03, 4.357E-05, 6.158E-05, 0.000E+00, 6.145E+01, 2.649E+01, 1.429E-02, 1.728E-04, 6.916E+01, 7.244E-03, 3.401E-01
25/03/2019,08:00,9,2.893,3.393,2.192,.628,.266, 1.006E+03, 6.693E+01, 3.145E-03, 2.289E-02, 1.471E+02, 7.098E+01, 2.181E+02, 3.044E+01, 6.115E+01, 4.338E+01, 4.344E+00, 6.754E-01, 2.660E-01, 2.641E-01, 1.000E+00, 7.895E-01, 9.999E-01, 1.000E-02, 1.000E+00, 1.000E+00, 7.895E-03, 4.880E-05, 6.180E-05, 0.000E+00, 5.963E+01, 2.569E+01, 1.429E-02, 1.936E-04, 6.906E+01, 7.359E-03, 3.225E-01
25/03/2019,09:00,9,2.893,3.393,3.080,.526,.361, 1.007E+03, 6.201E+01, 0.000E+00, 2.289E-02, 1.903E+02, 7.691E+01, 2.364E+02, 3.362E+01, 1.945E+02, 9.173E+01, 4.482E+00, 7.709E-01, 2.812E-01, 3.096E-01, 1.000E+00, 8.268E-01, 9.999E-01, 1.000E-02, 1.000E+00, 1.000E+00, 8.268E-03, 5.127E-05, 6.201E-05, 0.000E+00, 5.392E+01, 2.431E+01, 1.429E-02, 2.034E-04, 6.902E+01, 7.588E-03, 3.592E-01
25/03/2019,10:00,9,2.893,3.393,3.844,.495,.406, 1.007E+03, 5.886E+01, 0.000E+00, 2.264E-02, 2.174E+02, 7.914E+01, 2.452E+02, 3.500E+01, 1.945E+02, 9.173E+01, 4.460E+00, 7.719E-01, 2.798E-01, 3.357E-01, 1.000E+00, 8.425E-01, 1.000E+00, 1.000E-02, 1.000E+00, 1.000E+00, 8.425E-03, 5.239E-05, 6.218E-05, 0.000E+00, 5.421E+01, 2.443E+01, 1.429E-02, 2.078E-04, 6.900E+01, 7.571E-03, 4.226E-01
25/03/2019,11:00,9,2.893,3.393,4.608,.464,.455, 1.007E+03, 5.787E+01, 0.000E+00, 2.238E-02, 2.258E+02, 7.961E+01, 2.476E+02, 3.534E+01, 1.945E+02, 9.173E+01, 4.469E+00, 7.728E-01, 2.803E-01, 3.435E-01, 1.000E+00, 8.465E-01, 1.000E+00, 1.000E-02, 1.000E+00, 1.000E+00, 8.465E-03, 5.278E-05, 6.235E-05, 0.000E+00, 5.412E+01, 2.438E+01, 1.429E-02, 2.094E-04, 6.899E+01, 7.577E-03, 4.397E-01
25/03/2019,12:00,9,2.893,3.393,5.372,.433,.507, 1.008E+03, 5.917E+01, 0.000E+00, 2.213E-02, 2.070E+02, 7.612E+01, 2.355E+02, 3.363E+01, 7.460E+01, 9.252E+01, 4.508E+00, 8.862E-01, 2.726E-01, 3.333E-01, 1.000E+00, 8.328E-01, 9.999E-01, 1.000E-02, 1.000E+00, 1.000E+00, 8.328E-03, 5.207E-05, 6.252E-05, 0.000E+00, 5.959E+01, 2.507E+01, 1.429E-02, 2.066E-04, 6.900E+01, 7.440E-03, 4.164E-01
25/03/2019,13:00,9,2.893,3.393,5.400,.416,.525, 1.008E+03, 6.257E+01, 0.000E+00, 1.729E-02, 1.786E+02, 7.364E+01, 2.260E+02, 3.212E+01, 7.460E+01, 9.252E+01, 4.601E+00, 8.862E-01, 2.783E-01, 3.047E-01, 1.000E+00, 8.144E-01, 9.999E-01, 1.000E-02, 1.000E+00, 1.000E+00, 8.144E-03, 5.093E-05, 6.253E-05, 0.000E+00, 5.838E+01, 2.456E+01, 1.429E-02, 2.020E-04, 6.902E+01, 7.513E-03, 3.599E-01
25/03/2019,14:00,9,2.893,3.393,5.427,.398,.542, 1.008E+03, 6.770E+01, 0.000E+00, 1.246E-02, 1.351E+02, 6.728E+01, 2.068E+02, 2.875E+01, 7.460E+01, 9.252E+01, 4.695E+00, 8.862E-01, 2.840E-01, 2.566E-01, 1.000E+00, 7.721E-01, 9.998E-01, 1.000E-02, 1.000E+00, 1.000E+00, 7.721E-03, 4.828E-05, 6.252E-05, 0.000E+00, 5.720E+01, 2.407E+01, 1.273E-02, 1.915E-04, 7.737E+01, 7.135E-03, 3.268E-01
25/03/2019,15:00,9,2.893,3.393,5.455,.380,.559, 1.008E+03, 7.404E+01, 0.000E+00, 7.630E-03, 8.324E+01, 5.590E+01, 1.745E+02, 2.312E+01,-2.358E+01, 2.231E+01, 4.791E+00, 3.572E-01, 2.525E-01, 1.891E-01, 1.000E+00, 6.865E-01, 9.992E-01, 1.000E-02, 1.000E+00, 1.000E+00, 6.865E-03, 4.294E-05, 6.250E-05, 0.000E+00, 7.516E+01, 2.707E+01, 9.735E-03, 1.703E-04, 1.010E+02, 5.793E-03, 3.002E-01
25/03/2019,16:00,9,2.893,3.393,3.908,.453,.442, 1.008E+03, 8.115E+01, 0.000E+00, 7.376E-03, 2.750E+01, 3.471E+01, 1.029E+02, 1.347E+01,-2.358E+01, 2.231E+01, 3.868E+00, 3.562E-01, 2.036E-01, 1.064E-01, 1.000E+00, 4.848E-01, 9.855E-01, 1.000E-02, 1.000E+00, 1.000E+00, 4.848E-03, 3.016E-05, 6.129E-05, 0.000E+00, 9.328E+01, 3.357E+01, 9.577E-03, 1.196E-04, 1.031E+02, 5.208E-03, 2.588E-01
25/03/2019,17:00,9,2.893,3.393,2.360,.527,.342, 1.008E+03, 8.859E+01, 0.000E+00, 7.121E-03, 8.301E-03, 5.832E+00, 2.206E+00, 2.038E+00,-2.358E+01, 2.231E+01, 3.223E+00, 3.552E-01, 1.695E-01, 1.704E-02, 1.000E+00, 8.050E-02, 8.674E-02, 1.000E-02, 1.000E+00, 1.000E+00, 8.050E-04, 4.979E-06, 5.365E-06, 0.000E+00, 1.122E+02, 4.032E+01, 9.419E-03, 1.975E-05, 1.059E+02, 4.701E-03, 2.229E-01
25/03/2019,18:00,9,2.893,3.393,.812,.601,.259, 1.008E+03, 9.596E+01, 0.000E+00, 6.867E-03, 0.000E+00, 0.000E+00, 0.000E+00, 0.000E+00,-2.214E+01, 4.722E+00, 3.039E+00, 1.860E-01, 1.000E-01,-9.990E+02, 1.000E+00,-9.990E+02, 0.000E+00, 0.000E+00, 0.000E+00, 1.000E+00, 0.000E+00, 0.000E+00, 0.000E+00, 0.000E+00, 3.107E+02, 6.835E+01, 8.226E-03, 0.000E+00, 1.216E+02, 3.187E-03, 2.238E-01
25/03/2019,19:00,9,2.893,3.393,.071,.637,.223, 1.008E+03, 1.029E+02, 0.000E+00, 6.867E-03, 0.000E+00, 0.000E+00, 0.000E+00, 0.000E+00,-2.214E+01, 4.722E+00, 3.003E+00, 1.858E-01, 1.000E-01,-9.990E+02, 1.000E+00,-9.990E+02, 0.000E+00, 0.000E+00, 0.000E+00, 1.000E+00, 0.000E+00, 0.000E+00, 0.000E+00, 0.000E+00, 3.112E+02, 6.835E+01, 6.105E-03, 0.000E+00, 1.638E+02, 2.809E-03, 2.535E-01
25/03/2019,20:00,9,2.893,3.393,-.670,.673,.190, 1.007E+03, 1.089E+02, 0.000E+00, 6.867E-03, 0.000E+00, 0.000E+00, 0.000E+00, 0.000E+00,-2.214E+01, 4.722E+00, 2.989E+00, 1.856E-01, 1.000E-01,-9.990E+02, 1.000E+00,-9.990E+02, 0.000E+00, 0.000E+00, 0.000E+00, 1.000E+00, 0.000E+00, 0.000E+00, 0.000E+00, 0.000E+00, 3.118E+02, 6.835E+01, 7.866E-03, 0.000E+00, 1.271E+02, 3.131E-03, 2.623E-01
25/03/2019,21:00,9,2.893,3.393,-1.411,.709,.161, 1.007E+03, 1.137E+02, 1.731E-01, 6.867E-03, 0.000E+00, 0.000E+00, 0.000E+00, 0.000E+00,-3.809E+01, 5.366E+00, 2.997E+00, 3.464E-01, 1.453E-01,-9.990E+02, 1.000E+00,-9.990E+02, 0.000E+00, 0.000E+00, 0.000E+00, 1.000E+00, 0.000E+00, 0.000E+00, 0.000E+00, 0.000E+00, 1.421E+02, 4.706E+01, 5.640E-03, 0.000E+00, 1.773E+02, 3.301E-03, 2.791E-01
25/03/2019,22:00,9,2.893,3.393,-1.407,.715,.157, 1.006E+03, 1.167E+02, 1.731E-01, 7.884E-03, 0.000E+00, 0.000E+00, 0.000E+00, 0.000E+00,-3.809E+01, 5.366E+00, 2.822E+00, 3.465E-01, 1.367E-01,-9.990E+02, 1.000E+00,-9.990E+02, 0.000E+00, 0.000E+00, 0.000E+00, 1.000E+00, 0.000E+00, 0.000E+00, 0.000E+00, 0.000E+00, 1.509E+02, 4.999E+01, 5.114E-03, 0.000E+00, 1.956E+02, 3.039E-03, 2.912E-01
25/03/2019,23:00,9,2.893,3.393,-1.404,.722,.154, 1.006E+03, 1.176E+02, 1.731E-01, 8.902E-03, 0.000E+00, 0.000E+00, 0.000E+00, 0.000E+00,-3.809E+01, 5.366E+00, 2.669E+00, 3.465E-01, 1.294E-01,-9.990E+02, 1.000E+00,-9.990E+02, 0.000E+00, 0.000E+00, 0.000E+00, 1.000E+00, 0.000E+00, 0.000E+00, 0.000E+00, 0.000E+00, 1.595E+02, 5.284E+01, 4.587E-03, 0.000E+00, 2.180E+02, 2.785E-03, 2.816E-01
26/03/2019,00:00,9,2.903,3.403,-1.400,.728,.150, 1.006E+03, 1.163E+02, 1.121E-02, 9.919E-03, 0.000E+00, 0.000E+00, 0.000E+00, 0.000E+00,-7.521E+01, 1.794E+01, 2.544E+00, 7.154E-01, 1.438E-01,-9.990E+02, 1.000E+00,-9.990E+02, 0.000E+00, 0.000E+00, 0.000E+00, 1.000E+00, 0.000E+00, 0.000E+00, 0.000E+00, 0.000E+00, 1.230E+02, 4.752E+01, 4.059E-03, 0.000E+00, 2.464E+02, 2.693E-03, 2.663E-01
26/03/2019,01:00,9,2.903,3.403,-1.088,.722,.157, 1.005E+03, 1.130E+02, 1.121E-02, 2.213E-02, 0.000E+00, 0.000E+00, 0.000E+00, 0.000E+00,-7.521E+01, 1.794E+01, 3.145E+00, 7.161E-01, 1.778E-01,-9.990E+02, 1.000E+00,-9.990E+02, 0.000E+00, 0.000E+00, 0.000E+00, 1.000E+00, 0.000E+00, 0.000E+00, 0.000E+00, 0.000E+00, 9.948E+01, 3.844E+01, 1.429E-03, 0.000E+00, 7.000E+02, 1.248E-03, 2.244E-01
26/03/2019,02:00,9,2.903,3.403,-.775,.715,.164, 1.004E+03, 1.080E+02, 1.121E-02, 3.433E-02, 0.000E+00, 0.000E+00, 0.000E+00, 0.000E+00,-7.521E+01, 1.794E+01, 3.761E+00, 7.168E-01, 2.126E-01,-9.990E+02, 1.000E+00,-9.990E+02, 0.000E+00, 0.000E+00, 0.000E+00, 1.000E+00, 0.000E+00, 0.000E+00, 0.000E+00, 0.000E+00, 8.317E+01, 3.215E+01, 5.148E-03, 0.000E+00, 1.943E+02, 3.587E-03, 1.972E-01
26/03/2019,03:00,9,2.903,3.403,-.463,.709,.172, 1.003E+03, 1.017E+02, 3.992E-02, 4.654E-02, 0.000E+00, 0.000E+00, 0.000E+00, 0.000E+00,-4.338E+01, 1.983E+01, 4.385E+00, 6.784E-01, 2.518E-01,-9.990E+02, 1.000E+00,-9.990E+02, 0.000E+00, 0.000E+00, 0.000E+00, 1.000E+00, 0.000E+00, 0.000E+00, 0.000E+00, 0.000E+00, 6.916E+01, 2.715E+01, 5.801E-03, 0.000E+00, 1.724E+02, 4.104E-03, 1.727E-01
26/03/2019,04:00,9,2.903,3.403,-.178,.695,.184, 1.004E+03, 9.470E+01, 3.992E-02, 4.680E-02, 0.000E+00, 0.000E+00, 0.000E+00, 0.000E+00,-4.338E+01, 1.983E+01, 4.201E+00, 6.785E-01, 2.412E-01,-9.990E+02, 1.000E+00,-9.990E+02, 0.000E+00, 0.000E+00, 0.000E+00, 1.000E+00, 0.000E+00, 0.000E+00, 0.000E+00, 0.000E+00, 7.219E+01, 2.834E+01, 6.558E-03, 0.000E+00, 1.525E+02, 4.407E-03, 1.658E-01
26/03/2019,05:00,9,2.903,3.403,.106,.681,.196, 1.005E+03, 8.727E+01, 3.992E-02, 4.705E-02, 4.611E-01, 9.987E+00, 8.341E+00, 3.504E+00,-4.338E+01, 1.983E+01, 4.440E+00, 6.787E-01, 2.550E-01, 3.284E-02, 1.000E+00, 1.394E-01, 2.904E-01, 1.000E-02, 1.000E+00, 1.000E+00, 1.394E-03, 8.549E-06, 1.781E-05, 0.000E+00, 6.829E+01, 2.681E+01, 7.543E-03, 3.404E-05, 1.320E+02, 4.941E-03, 1.809E-01
26/03/2019,06:00,9,2.903,3.403,.391,.667,.209, 1.005E+03, 7.982E+01, 1.406E-03, 4.731E-02, 1.095E+00, 2.206E+01, 1.084E+01, 7.738E+00, 2.852E+01, 4.157E+01, 5.043E+00, 9.480E-01, 3.014E-01, 1.217E-01, 1.000E+00, 2.832E-01, 3.597E-01, 1.000E-02, 1.000E+00, 1.000E+00, 2.832E-03, 1.739E-05, 2.209E-05, 0.000E+00, 5.517E+01, 2.268E+01, 8.876E-03, 6.924E-05, 1.118E+02, 5.845E-03, 2.875E-01
26/03/2019,07:00,9,2.903,3.403,.735,.664,.217, 1.007E+03, 7.277E+01, 1.406E-03, 4.705E-02, 2.791E+00, 4.377E+01, 2.008E+01, 1.537E+01, 2.852E+01, 4.157E+01, 5.919E+00, 9.480E-01, 3.538E-01, 2.025E-01, 1.000E+00, 4.874E-01, 5.621E-01, 1.000E-02, 1.000E+00, 1.000E+00, 4.874E-03, 2.997E-05, 3.456E-05, 0.000E+00, 4.701E+01, 1.932E+01, 1.130E-02, 1.193E-04, 8.761E+01, 7.239E-03, 3.090E-01
26/03/2019,08:00,9,2.903,3.403,1.080,.661,.224, 1.008E+03, 6.654E+01, 1.406E-03, 4.680E-02, 4.395E+00, 6.216E+01, 2.734E+01, 2.182E+01, 2.852E+01, 4.157E+01, 6.795E+00, 9.480E-01, 4.061E-01, 2.671E-01, 1.000E+00, 6.146E-01, 6.752E-01, 1.000E-02, 1.000E+00, 1.000E+00, 6.146E-03, 3.783E-05, 4.157E-05, 0.000E+00, 4.095E+01, 1.683E+01, 1.429E-02, 1.506E-04, 6.927E+01, 8.827E-03, 2.744E-01
26/03/2019,09:00,9,2.903,3.403,1.425,.658,.232, 1.009E+03, 6.161E+01, 1.286E-01, 4.654E-02, 1.909E+02, 7.621E+01, 2.340E+02, 3.328E+01, 5.217E+01, 4.781E+01, 7.672E+00, 8.711E-01, 4.620E-01, 3.121E-01, 1.000E+00, 8.249E-01, 9.999E-01, 1.000E-02, 1.000E+00, 1.000E+00, 8.249E-03, 5.085E-05, 6.163E-05, 0.000E+00, 3.546E+01, 1.479E+01, 1.429E-02, 2.025E-04, 6.902E+01, 9.289E-03, 2.636E-01
26/03/2019,10:00,9,2.903,3.403,1.927,.658,.240, 1.010E+03, 5.846E+01, 1.286E-01, 4.705E-02, 2.175E+02, 7.827E+01, 2.425E+02, 3.458E+01, 5.217E+01, 4.781E+01, 6.561E+00, 8.716E-01, 3.951E-01, 3.378E-01, 1.000E+00, 8.403E-01, 1.000E+00, 1.000E-02, 1.000E+00, 1.000E+00, 8.403E-03, 5.189E-05, 6.175E-05, 0.000E+00, 4.147E+01, 1.730E+01, 1.429E-02, 2.066E-04, 6.900E+01, 8.758E-03, 2.776E-01
26/03/2019,11:00,9,2.903,3.403,2.429,.658,.249, 1.011E+03, 5.748E+01, 1.286E-01, 4.756E-02, 2.256E+02, 7.870E+01, 2.447E+02, 3.489E+01, 5.217E+01, 4.781E+01, 5.540E+00, 8.720E-01, 3.336E-01, 3.454E-01, 1.000E+00, 8.441E-01, 1.000E+00, 1.000E-02, 1.000E+00, 1.000E+00, 8.441E-03, 5.222E-05, 6.186E-05, 0.000E+00, 4.912E+01, 2.049E+01, 1.429E-02, 2.079E-04, 6.900E+01, 8.163E-03, 2.992E-01
26/03/2019,12:00,9,2.903,3.403,2.931,.659,.257, 1.012E+03, 5.879E+01, 5.980E-03, 4.807E-02, 3.300E+01, 1.141E+02, 7.270E+01, 4.086E+01, 1.908E+01, 3.209E+01, 4.665E+00, 5.704E-01, 2.820E-01, 3.353E-01, 1.000E+00, 8.593E-01, 9.497E-01, 1.000E-02, 1.000E+00, 1.000E+00, 8.593E-03, 5.326E-05, 5.886E-05, 0.000E+00, 5.770E+01, 2.424E+01, 1.429E-02, 2.120E-04, 6.898E+01, 7.563E-03, 3.296E-01
26/03/2019,13:00,9,2.903,3.403,2.770,.655,.257, 1.012E+03, 6.222E+01, 5.980E-03, 3.789E-02, 2.851E+01, 1.027E+02, 6.738E+01, 3.679E+01, 1.908E+01, 3.209E+01, 3.848E+00, 5.701E-01, 2.326E-01, 3.068E-01, 1.000E+00, 8.282E-01, 9.374E-01, 1.000E-02, 1.000E+00, 1.000E+00, 8.282E-03, 5.130E-05, 5.807E-05, 0.000E+00, 6.994E+01, 2.939E+01, 1.429E-02, 2.042E-04, 6.901E+01, 6.864E-03, 3.433E-01
26/03/2019,14:00,9,2.903,3.403,2.609,.651,.257, 1.013E+03, 6.736E+01, 5.980E-03, 2.772E-02, 2.165E+01, 8.395E+01, 5.821E+01, 3.008E+01, 1.908E+01, 3.209E+01, 3.161E+00, 5.697E-01, 1.911E-01, 2.590E-01, 1.000E+00, 7.614E-01, 9.088E-01, 1.000E-02, 1.000E+00, 1.000E+00, 7.614E-03, 4.713E-05, 5.626E-05, 0.000E+00, 8.514E+01, 3.578E+01, 1.429E-02, 1.877E-04, 6.909E+01, 6.156E-03, 3.479E-01
26/03/2019,15:00,9,2.903,3.403,2.449,.647,.257, 1.014E+03, 7.373E+01, 1.731E-03, 1.755E-02, 4.390E+00, 4.572E+01, 2.395E+01, 1.612E+01,-1.025E+01, 1.275E+01, 2.704E+00, 2.754E-01, 1.434E-01, 1.919E-01, 1.000E+00, 5.119E-01, 6.266E-01, 1.000E-02, 1.000E+00, 1.000E+00, 5.119E-03, 3.167E-05, 3.877E-05, 0.000E+00, 1.315E+02, 4.766E+01, 1.429E-02, 1.261E-04, 6.939E+01, 5.115E-03, 3.687E-01
26/03/2019,16:00,9,2.903,3.403,1.911,.679,.225, 1.014E+03, 8.085E+01, 1.731E-03, 1.755E-02, 1.507E+00, 2.144E+01, 1.228E+01, 7.543E+00,-1.025E+01, 1.275E+01, 1.971E+00, 2.751E-01, 1.045E-01, 1.096E-01, 1.000E+00, 2.810E-01, 3.966E-01, 1.000E-02, 1.000E+00, 1.000E+00, 2.810E-03, 1.735E-05, 2.449E-05, 0.000E+00, 1.805E+02, 6.542E+01, 1.429E-02, 6.908E-05, 6.966E+01, 4.120E-03, 3.427E-01
26/03/2019,17:00,9,2.903,3.403,1.373,.711,.195, 1.014E+03, 8.829E+01, 1.731E-03, 1.755E-02, 1.859E-03, 2.503E+00, 9.033E-01, 8.722E-01,-1.025E+01, 1.275E+01, 1.750E+00, 2.748E-01, 1.000E-01, 2.060E-02, 1.000E+00, 3.526E-02, 3.647E-02, 1.000E-02, 1.000E+00, 1.000E+00, 3.526E-04, 2.173E-06, 2.248E-06, 0.000E+00, 1.887E+02, 6.835E+01, 1.429E-02, 8.653E-06, 6.996E+01, 3.987E-03, 2.885E-01
26/03/2019,18:00,9,2.903,3.403,.836,.743,.167, 1.014E+03, 9.566E+01, 9.711E-05, 1.755E-02, 0.000E+00, 0.000E+00, 0.000E+00, 0.000E+00,-2.014E+01, 2.996E+00, 2.202E+00, 1.955E-01, 1.000E-01,-9.990E+02, 1.000E+00,-9.990E+02, 0.000E+00, 0.000E+00, 0.000E+00, 1.000E+00, 0.000E+00, 0.000E+00, 0.000E+00, 0.000E+00, 2.792E+02, 6.835E+01, 1.227E-02, 0.000E+00, 8.150E+01, 3.693E-03, 3.312E-01
26/03/2019,19:00,9,2.903,3.403,.305,.759,.151, 1.014E+03, 1.026E+02, 9.711E-05, 1.755E-02, 0.000E+00, 0.000E+00, 0.000E+00, 0.000E+00,-2.014E+01, 2.996E+00, 2.357E+00, 1.953E-01, 1.000E-01,-9.990E+02, 1.000E+00,-9.990E+02, 0.000E+00, 0.000E+00, 0.000E+00, 1.000E+00, 0.000E+00, 0.000E+00, 0.000E+00, 0.000E+00, 2.795E+02, 6.835E+01, 8.431E-03, 0.000E+00, 1.186E+02, 3.248E-03, 3.559E-01
26/03/2019,20:00,9,2.903,3.403,-.225,.775,.135, 1.014E+03, 1.086E+02, 9.711E-05, 1.755E-02, 0.000E+00, 0.000E+00, 0.000E+00, 0.000E+00,-2.014E+01, 2.996E+00, 2.587E+00, 1.951E-01, 1.000E-01,-9.990E+02, 1.000E+00,-9.990E+02, 0.000E+00, 0.000E+00, 0.000E+00, 1.000E+00, 0.000E+00, 0.000E+00, 0.000E+00, 0.000E+00, 2.798E+02, 6.835E+01, 6.421E-03, 0.000E+00, 1.557E+02, 2.898E-03, 3.619E-01
26/03/2019,21:00,9,2.903,3.403,-.755,.791,.121, 1.015E+03, 1.133E+02, 9.711E-05, 1.755E-02, 0.000E+00, 0.000E+00, 0.000E+00, 0.000E+00,-4.060E+01, 2.825E+00, 2.873E+00, 3.284E-01, 1.333E-01,-9.990E+02, 1.000E+00,-9.990E+02, 0.000E+00, 0.000E+00, 0.000E+00, 1.000E+00, 0.000E+00, 0.000E+00, 0.000E+00, 0.000E+00, 1.617E+02, 5.127E+01, 5.186E-03, 0.000E+00, 1.928E+02, 3.027E-03, 4.540E-01
26/03/2019,22:00,9,2.903,3.403,-.994,.794,.117, 1.014E+03, 1.163E+02, 9.711E-05, 1.755E-02, 0.000E+00, 0.000E+00, 0.000E+00, 0.000E+00,-4.060E+01, 2.825E+00, 2.995E+00, 3.282E-01, 1.389E-01,-9.990E+02, 1.000E+00,-9.990E+02, 0.000E+00, 0.000E+00, 0.000E+00, 1.000E+00, 0.000E+00, 0.000E+00, 0.000E+00, 0.000E+00, 1.552E+02, 4.921E+01, 4.772E-03, 0.000E+00, 2.095E+02, 2.928E-03, 5.592E-01
26/03/2019,23:00,9,2.903,3.403,-1.232,.796,.114, 1.014E+03, 1.172E+02, 9.711E-05, 1.755E-02, 0.000E+00, 0.000E+00, 0.000E+00, 0.000E+00,-4.060E+01, 2.825E+00, 3.124E+00, 3.281E-01, 1.449E-01,-9.990E+02, 1.000E+00,-9.990E+02, 0.000E+00, 0.000E+00, 0.000E+00, 1.000E+00, 0.000E+00, 0.000E+00, 0.000E+00, 0.000E+00, 1.488E+02, 4.718E+01, 1.429E-03, 0.000E+00, 7.000E+02, 1.210E-03, 6.299E-01
27/03/2019,00:00,9,2.914,3.414,-1.471,.799,.110, 1.014E+03, 1.159E+02, 0.000E+00, 1.755E-02, 0.000E+00, 0.000E+00, 0.000E+00, 0.000E+00,-2.635E+01, 4.253E+00, 3.261E+00, 2.928E-01, 1.542E-01,-9.990E+02, 1.000E+00,-9.990E+02, 0.000E+00, 0.000E+00, 0.000E+00, 1.000E+00, 0.000E+00, 0.000E+00, 0.000E+00, 0.000E+00, 1.372E+02, 4.433E+01, 1.429E-03, 0.000E+00, 7.000E+02, 1.221E-03, 6.579E-01
27/03/2019,01:00,9,2.914,3.414,-1.602,.800,.109, 1.013E+03, 1.126E+02, 0.000E+00, 1.780E-02, 0.000E+00, 0.000E+00, 0.000E+00, 0.000E+00,-2.635E+01, 4.253E+00, 3.032E+00, 2.929E-01, 1.433E-01,-9.990E+02, 1.000E+00,-9.990E+02, 0.000E+00, 0.000E+00, 0.000E+00, 1.000E+00, 0.000E+00, 0.000E+00, 0.000E+00, 0.000E+00, 1.476E+02, 4.770E+01, 1.429E-03, 0.000E+00, 7.000E+02, 1.208E-03, 6.249E-01
27/03/2019,02:00,9,2.914,3.414,-1.734,.800,.108, 1.013E+03, 1.076E+02, 0.000E+00, 1.806E-02, 0.000E+00, 0.000E+00, 0.000E+00, 0.000E+00,-2.635E+01, 4.253E+00, 2.812E+00, 2.929E-01, 1.329E-01,-9.990E+02, 1.000E+00,-9.990E+02, 0.000E+00, 0.000E+00, 0.000E+00, 1.000E+00, 0.000E+00, 0.000E+00, 0.000E+00, 0.000E+00, 1.592E+02, 5.143E+01, 1.429E-03, 0.000E+00, 7.000E+02, 1.194E-03, 6.768E-01
27/03/2019,03:00,9,2.914,3.414,-1.865,.800,.107, 1.012E+03, 1.014E+02, 0.000E+00, 1.831E-02, 0.000E+00, 0.000E+00, 0.000E+00, 0.000E+00,-1.212E+01, 5.678E+00, 2.606E+00, 3.219E-01, 1.421E-01,-9.990E+02, 1.000E+00,-9.990E+02, 0.000E+00, 0.000E+00, 0.000E+00, 1.000E+00, 0.000E+00, 0.000E+00, 0.000E+00, 0.000E+00, 1.290E+02, 4.810E+01, 1.429E-03, 0.000E+00, 7.000E+02, 1.209E-03, 7.192E-01
27/03/2019,04:00,9,2.914,3.414,-1.013,.786,.122, 1.012E+03, 9.433E+01, 0.000E+00, 1.831E-02, 0.000E+00, 0.000E+00, 0.000E+00, 0.000E+00,-1.212E+01, 5.678E+00, 2.468E+00, 3.224E-01, 1.346E-01,-9.990E+02, 1.000E+00,-9.990E+02, 0.000E+00, 0.000E+00, 0.000E+00, 1.000E+00, 0.000E+00, 0.000E+00, 0.000E+00, 0.000E+00, 1.361E+02, 5.077E+01, 1.429E-03, 0.000E+00, 7.000E+02, 1.199E-03, 6.979E-01
27/03/2019,05:00,9,2.914,3.414,-.161,.771,.138, 1.012E+03, 8.689E+01, 0.000E+00, 1.831E-02, 2.005E-01, 7.297E+00, 4.395E+00, 2.546E+00,-1.212E+01, 5.678E+00, 2.435E+00, 3.228E-01, 1.329E-01, 3.722E-02, 1.000E+00, 1.019E-01, 1.654E-01, 1.000E-02, 1.000E+00, 1.000E+00, 1.019E-03, 6.243E-06, 1.013E-05, 0.000E+00, 1.379E+02, 5.143E+01, 6.609E-03, 2.495E-05, 1.507E+02, 3.491E-03, 6.320E-01
27/03/2019,06:00,9,2.914,3.414,.690,.756,.156, 1.013E+03, 7.945E+01, 8.505E-04, 1.831E-02, 1.451E+01, 4.043E+01, 5.434E+01, 1.473E+01, 5.576E+01, 3.137E+01, 2.512E+00, 4.082E-01, 1.625E-01, 1.257E-01, 1.000E+00, 5.095E-01, 8.930E-01, 1.000E-02, 1.000E+00, 1.000E+00, 5.095E-03, 3.132E-05, 5.490E-05, 0.000E+00, 8.834E+01, 4.207E+01, 1.091E-02, 1.252E-04, 9.064E+01, 5.048E-03, 6.249E-01
27/03/2019,07:00,9,2.914,3.414,2.403,.718,.205, 1.013E+03, 7.239E+01, 8.505E-04, 1.806E-02, 3.569E+01, 7.220E+01, 8.556E+01, 2.658E+01, 5.576E+01, 3.137E+01, 2.210E+00, 4.094E-01, 1.429E-01, 2.060E-01, 1.000E+00, 7.278E-01, 9.704E-01, 1.000E-02, 1.000E+00, 1.000E+00, 7.278E-03, 4.502E-05, 6.003E-05, 0.000E+00, 1.005E+02, 4.784E+01, 1.429E-02, 1.799E-04, 6.913E+01, 5.226E-03, 4.766E-01
27/03/2019,08:00,9,2.914,3.414,4.115,.679,.263, 1.013E+03, 6.615E+01, 8.505E-04, 1.780E-02, 5.562E+01, 9.736E+01, 1.047E+02, 3.593E+01, 5.576E+01, 3.137E+01, 2.073E+00, 4.106E-01, 1.340E-01, 2.699E-01, 1.000E+00, 8.298E-01, 9.865E-01, 1.000E-02, 1.000E+00, 1.000E+00, 8.298E-03, 5.165E-05, 6.140E-05, 0.000E+00, 1.073E+02, 5.101E+01, 1.429E-02, 2.064E-04, 6.900E+01, 5.016E-03, 4.666E-01
27/03/2019,09:00,9,2.914,3.414,5.828,.640,.333, 1.014E+03, 6.121E+01, 0.000E+00, 1.755E-02, 8.790E+01, 1.126E+02, 1.335E+02, 4.218E+01, 1.378E+02, 7.806E+01, 2.135E+00, 4.352E-01, 1.444E-01, 3.145E-01, 1.000E+00, 8.778E-01, 9.959E-01, 1.000E-02, 1.000E+00, 1.000E+00, 8.778E-03, 5.497E-05, 6.237E-05, 0.000E+00, 9.185E+01, 4.732E+01, 1.429E-02, 2.197E-04, 6.894E+01, 5.338E-03, 5.018E-01
27/03/2019,10:00,9,2.914,3.414,7.521,.590,.426, 1.014E+03, 5.807E+01, 0.000E+00, 1.704E-02, 9.993E+01, 1.216E+02, 1.401E+02, 4.559E+01, 1.378E+02, 7.806E+01, 2.392E+00, 4.365E-01, 1.617E-01, 3.399E-01, 1.000E+00, 8.977E-01, 9.969E-01, 1.000E-02, 1.000E+00, 1.000E+00, 8.977E-03, 5.656E-05, 6.281E-05, 0.000E+00, 8.213E+01, 4.227E+01, 1.429E-02, 2.260E-04, 6.891E+01, 5.724E-03, 4.647E-01
27/03/2019,11:00,9,2.914,3.414,9.215,.540,.537, 1.014E+03, 5.709E+01, 0.000E+00, 1.653E-02, 1.036E+02, 1.242E+02, 1.419E+02, 4.657E+01, 1.378E+02, 7.806E+01, 2.862E+00, 4.378E-01, 1.934E-01, 3.474E-01, 1.000E+00, 9.029E-01, 9.971E-01, 1.000E-02, 1.000E+00, 1.000E+00, 9.029E-03, 5.723E-05, 6.320E-05, 0.000E+00, 6.875E+01, 3.535E+01, 1.429E-02, 2.287E-04, 6.890E+01, 6.353E-03, 4.181E-01
27/03/2019,12:00,9,2.914,3.414,10.909,.490,.667, 1.014E+03, 5.842E+01, 1.795E-03, 1.602E-02, 4.511E+01, 1.202E+02, 8.635E+01, 4.328E+01, 1.137E+01, 7.203E+01, 3.460E+00, 5.014E-01, 2.087E-01, 3.372E-01, 1.000E+00, 8.786E-01, 9.713E-01, 1.000E-02, 1.000E+00, 1.000E+00, 8.786E-03, 5.603E-05, 6.194E-05, 0.000E+00, 7.825E+01, 3.275E+01, 1.429E-02, 2.239E-04, 6.892E+01, 6.476E-03, 4.102E-01
27/03/2019,13:00,9,2.914,3.414,10.820,.504,.646, 1.014E+03, 6.187E+01, 1.795E-03, 1.195E-02, 3.905E+01, 1.087E+02, 8.054E+01, 3.913E+01, 1.137E+01, 7.203E+01, 2.974E+00, 5.012E-01, 1.794E-01, 3.089E-01, 1.000E+00, 8.505E-01, 9.636E-01, 1.000E-02, 1.000E+00, 1.000E+00, 8.505E-03, 5.422E-05, 6.143E-05, 0.000E+00, 9.101E+01, 3.810E+01, 1.242E-02, 2.167E-04, 7.915E+01, 5.599E-03, 3.886E-01
27/03/2019,14:00,9,2.914,3.414,10.732,.517,.625, 1.015E+03, 6.703E+01, 1.795E-03, 7.884E-03, 2.977E+01, 8.951E+01, 7.039E+01, 3.224E+01, 1.137E+01, 7.203E+01, 2.578E+00, 5.010E-01, 1.555E-01, 2.614E-01, 1.000E+00, 7.894E-01, 9.447E-01, 1.000E-02, 1.000E+00, 1.000E+00, 7.894E-03, 5.031E-05, 6.020E-05, 0.000E+00, 1.050E+02, 4.396E+01, 9.893E-03, 2.011E-04, 9.907E+01, 4.677E-03, 3.615E-01
27/03/2019,15:00,9,2.914,3.414,10.643,.530,.604, 1.015E+03, 7.342E+01, 0.000E+00, 3.815E-03, 8.351E+01, 5.442E+01, 1.688E+02, 2.246E+01,-1.479E+01, 1.335E+01, 2.316E+00, 1.374E-01, 1.000E-01, 1.947E-01, 1.000E+00, 6.801E-01, 9.990E-01, 1.000E-02, 1.000E+00, 1.000E+00, 6.801E-03, 4.333E-05, 6.365E-05, 0.000E+00, 4.028E+02, 6.835E+01, 7.368E-03, 1.732E-04, 1.326E+02, 3.000E-03, 3.485E-01
27/03/2019,16:00,9,2.914,3.414,8.912,.592,.467, 1.016E+03, 8.054E+01, 0.000E+00, 3.815E-03, 2.977E+01, 3.486E+01, 1.041E+02, 1.354E+01,-1.479E+01, 1.335E+01, 1.514E+00, 1.369E-01, 1.000E-01, 1.128E-01, 1.000E+00, 4.902E-01, 9.862E-01, 1.000E-02, 1.000E+00, 1.000E+00, 4.902E-03, 3.104E-05, 6.245E-05, 0.000E+00, 4.050E+02, 6.835E+01, 7.368E-03, 1.240E-04, 1.335E+02, 2.990E-03, 3.443E-01
27/03/2019,17:00,9,2.914,3.414,7.181,.653,.352, 1.016E+03, 8.798E+01, 0.000E+00, 3.815E-03, 1.006E-01, 7.878E+00, 4.173E+00, 2.743E+00,-1.479E+01, 1.335E+01, 7.560E-01, 1.365E-01, 1.000E-01, 2.413E-02, 1.000E+00, 1.079E-01, 1.577E-01, 1.000E-02, 1.000E+00, 1.000E+00, 1.079E-03, 6.791E-06, 9.924E-06, 0.000E+00, 4.073E+02, 6.835E+01, 7.368E-03, 2.714E-05, 1.352E+02, 2.973E-03, 3.466E-01
27/03/2019,18:00,9,2.914,3.414,5.450,.715,.257, 1.017E+03, 9.535E+01, 0.000E+00, 3.815E-03, 0.000E+00, 0.000E+00, 0.000E+00, 0.000E+00,-1.536E+01,-1.023E+00, 4.543E-01, 1.257E-01, 1.000E-01,-9.990E+02, 1.000E+00,-9.990E+02, 0.000E+00, 0.000E+00, 0.000E+00, 1.000E+00, 0.000E+00, 0.000E+00, 0.000E+00, 0.000E+00, 4.853E+02, 6.835E+01, 7.368E-03, 0.000E+00, 1.357E+02, 2.906E-03, 5.164E-01
27/03/2019,19:00,9,2.914,3.414,4.402,.765,.197, 1.017E+03, 1.022E+02, 0.000E+00, 3.815E-03, 0.000E+00, 0.000E+00, 0.000E+00, 0.000E+00,-1.536E+01,-1.023E+00, 1.113E+00, 1.255E-01, 1.000E-01,-9.990E+02, 1.000E+00,-9.990E+02, 0.000E+00, 0.000E+00, 0.000E+00, 1.000E+00, 0.000E+00, 0.000E+00, 0.000E+00, 0.000E+00, 4.871E+02, 6.835E+01, 7.368E-03, 0.000E+00, 1.357E+02, 2.905E-03, 7.426E-01
27/03/2019,20:00,9,2.914,3.414,3.355,.815,.144, 1.018E+03, 1.083E+02, 0.000E+00, 3.815E-03, 0.000E+00, 0.000E+00, 0.000E+00, 0.000E+00,-1.536E+01,-1.023E+00, 1.784E+00, 1.252E-01, 1.000E-01,-9.990E+02, 1.000E+00,-9.990E+02, 0.000E+00, 0.000E+00, 0.000E+00, 1.000E+00, 0.000E+00, 0.000E+00, 0.000E+00, 0.000E+00, 4.890E+02, 6.835E+01, 7.368E-03, 0.000E+00, 1.357E+02, 2.903E-03, 8.327E-01
27/03/2019,21:00,9,2.914,3.414,2.307,.865,.098, 1.018E+03, 1.129E+02, 0.000E+00, 3.815E-03, 0.000E+00, 0.000E+00, 0.000E+00, 0.000E+00,-1.097E+01,-6.618E-01, 2.459E+00, 1.138E-01, 1.000E-01,-9.990E+02, 1.000E+00,-9.990E+02, 0.000E+00, 0.000E+00, 0.000E+00, 1.000E+00, 0.000E+00, 0.000E+00, 0.000E+00, 0.000E+00, 4.731E+02, 6.835E+01, 1.159E-02, 0.000E+00, 8.628E+01, 3.407E-03, 8.357E-01
27/03/2019,22:00,9,2.914,3.414,1.862,.873,.089, 1.018E+03, 1.159E+02, 0.000E+00, 3.815E-03, 0.000E+00, 0.000E+00, 0.000E+00, 0.000E+00,-1.097E+01,-6.618E-01, 2.181E+00, 1.137E-01, 1.000E-01,-9.990E+02, 1.000E+00,-9.990E+02, 0.000E+00, 0.000E+00, 0.000E+00, 1.000E+00, 0.000E+00, 0.000E+00, 0.000E+00, 0.000E+00, 4.739E+02, 6.835E+01, 1.282E-02, 0.000E+00, 7.801E+01, 3.505E-03, 6.338E-01
27/03/2019,23:00,9,2.914,3.414,1.417,.881,.081, 1.019E+03, 1.168E+02, 0.000E+00, 3.815E-03, 0.000E+00, 0.000E+00, 0.000E+00, 0.000E+00,-1.097E+01,-6.618E-01, 2.153E+00, 1.136E-01, 1.000E-01,-9.990E+02, 1.000E+00,-9.990E+02, 0.000E+00, 0.000E+00, 0.000E+00, 1.000E+00, 0.000E+00, 0.000E+00, 0.000E+00, 0.000E+00, 4.746E+02, 6.835E+01, 1.621E-02, 0.000E+00, 6.169E+01, 3.717E-03, 4.432E-01
28/03/2019,00:00,9,2.925,3.425,.972,.889,.073, 1.019E+03, 1.155E+02, 0.000E+00, 3.815E-03, 0.000E+00, 0.000E+00, 0.000E+00, 0.000E+00,-1.329E+01,-2.025E+00, 2.383E+00, 1.504E-01, 1.000E-01,-9.990E+02, 1.000E+00,-9.990E+02, 0.000E+00, 0.000E+00, 0.000E+00, 1.000E+00, 0.000E+00, 0.000E+00, 0.000E+00, 0.000E+00, 3.284E+02, 6.835E+01, 1.772E-02, 0.000E+00, 5.643E+01, 3.996E-03, 4.539E-01
28/03/2019,01:00,9,2.925,3.425,.315,.892,.068, 1.019E+03, 1.122E+02, 0.000E+00, 2.798E-03, 0.000E+00, 0.000E+00, 0.000E+00, 0.000E+00,-1.329E+01,-2.025E+00, 2.251E+00, 1.502E-01, 1.000E-01,-9.990E+02, 1.000E+00,-9.990E+02, 0.000E+00, 0.000E+00, 0.000E+00, 1.000E+00, 0.000E+00, 0.000E+00, 0.000E+00, 0.000E+00, 3.289E+02, 6.835E+01, 2.474E-02, 0.000E+00, 4.041E+01, 4.268E-03, 4.342E-01
28/03/2019,02:00,9,2.925,3.425,-.342,.895,.062, 1.019E+03, 1.072E+02, 0.000E+00, 1.780E-03, 0.000E+00, 0.000E+00, 0.000E+00, 0.000E+00,-1.329E+01,-2.025E+00, 2.187E+00, 1.500E-01, 1.000E-01,-9.990E+02, 1.000E+00,-9.990E+02, 0.000E+00, 0.000E+00, 0.000E+00, 1.000E+00, 0.000E+00, 0.000E+00, 0.000E+00, 0.000E+00, 3.295E+02, 6.835E+01, 9.536E-03, 0.000E+00, 1.049E+02, 3.347E-03, 4.323E-01
28/03/2019,03:00,9,2.925,3.425,-.999,.899,.058, 1.019E+03, 1.010E+02, 0.000E+00, 7.630E-04, 0.000E+00, 0.000E+00, 0.000E+00, 0.000E+00,-2.215E+01, 2.718E+00, 2.198E+00, 2.811E-01, 1.051E-01,-9.990E+02, 1.000E+00,-9.990E+02, 0.000E+00, 0.000E+00, 0.000E+00, 1.000E+00, 0.000E+00, 0.000E+00, 0.000E+00, 0.000E+00, 1.991E+02, 6.506E+01, 9.733E-03, 0.000E+00, 1.027E+02, 3.614E-03, 4.430E-01
28/03/2019,04:00,9,2.925,3.425,-.111,.861,.084, 1.019E+03, 9.395E+01, 0.000E+00, 7.630E-04, 0.000E+00, 0.000E+00, 0.000E+00, 0.000E+00,-2.215E+01, 2.718E+00, 2.403E+00, 2.816E-01, 1.150E-01,-9.990E+02, 1.000E+00,-9.990E+02, 0.000E+00, 0.000E+00, 0.000E+00, 1.000E+00, 0.000E+00, 0.000E+00, 0.000E+00, 0.000E+00, 1.818E+02, 5.946E+01, 9.835E-03, 0.000E+00, 1.017E+02, 3.837E-03, 4.971E-01
28/03/2019,05:00,9,2.925,3.425,.778,.824,.114, 1.018E+03, 8.652E+01, 0.000E+00, 7.630E-04, 3.497E-01, 8.606E+00, 5.877E+00, 3.001E+00,-2.215E+01, 2.718E+00, 2.652E+00, 2.820E-01, 1.270E-01, 4.156E-02, 1.000E+00, 1.202E-01, 2.147E-01, 1.000E-02, 1.000E+00, 1.000E+00, 1.202E-03, 7.392E-06, 1.320E-05, 0.000E+00, 1.644E+02, 5.382E+01, 8.164E-03, 2.965E-05, 1.220E+02, 3.760E-03, 5.487E-01
28/03/2019,06:00,9,2.925,3.425,1.666,.787,.147, 1.018E+03, 7.907E+01, 0.000E+00, 7.630E-04, 3.031E+01, 4.210E+01, 9.593E+01, 1.600E+01, 3.440E+01, 4.450E+01, 2.933E+00, 5.042E-01, 1.811E-01, 1.296E-01, 1.000E+00, 5.468E-01, 9.807E-01, 1.000E-02, 1.000E+00, 1.000E+00, 5.468E-03, 3.374E-05, 6.050E-05, 0.000E+00, 8.630E+01, 3.775E+01, 5.474E-03, 1.353E-04, 1.783E+02, 3.620E-03, 7.188E-01
28/03/2019,07:00,9,2.925,3.425,4.011,.722,.227, 1.018E+03, 7.201E+01, 0.000E+00, 7.630E-04, 7.212E+01, 6.693E+01, 1.429E+02, 2.618E+01, 3.440E+01, 4.450E+01, 3.260E+00, 5.064E-01, 2.012E-01, 2.094E-01, 1.000E+00, 7.301E-01, 9.972E-01, 1.000E-02, 1.000E+00, 1.000E+00, 7.301E-03, 4.543E-05, 6.205E-05, 0.000E+00, 7.774E+01, 3.398E+01, 5.474E-03, 1.822E-04, 1.768E+02, 3.773E-03, 6.280E-01
28/03/2019,08:00,9,2.925,3.425,6.357,.657,.329, 1.018E+03, 6.576E+01, 0.000E+00, 7.630E-04, 1.113E+02, 8.431E+01, 1.689E+02, 3.339E+01, 3.440E+01, 4.450E+01, 3.587E+00, 5.086E-01, 2.213E-01, 2.728E-01, 1.000E+00, 8.155E-01, 9.990E-01, 1.000E-02, 1.000E+00, 1.000E+00, 8.155E-03, 5.117E-05, 6.269E-05, 0.000E+00, 7.072E+01, 3.089E+01, 5.474E-03, 2.052E-04, 1.761E+02, 3.902E-03, 6.930E-01
28/03/2019,09:00,9,2.925,3.425,8.703,.591,.461, 1.018E+03, 6.082E+01, 0.000E+00, 7.630E-04, 1.994E+02, 7.787E+01, 2.384E+02, 3.391E+01, 1.055E+02, 9.566E+01, 3.916E+00, 7.333E-01, 2.417E-01, 3.168E-01, 1.000E+00, 8.306E-01, 9.999E-01, 1.000E-02, 1.000E+00, 1.000E+00, 8.306E-03, 5.255E-05, 6.327E-05, 0.000E+00, 6.466E+01, 2.828E+01, 5.474E-03, 2.108E-04, 1.759E+02, 4.011E-03, 8.347E-01
28/03/2019,10:00,9,2.925,3.425,9.896,.570,.525, 1.017E+03, 5.767E+01, 0.000E+00, 7.630E-04, 2.262E+02, 7.967E+01, 2.466E+02, 3.510E+01, 1.055E+02, 9.566E+01, 4.111E+00, 7.351E-01, 2.537E-01, 3.420E-01, 1.000E+00, 8.446E-01, 1.000E+00, 1.000E-02, 1.000E+00, 1.000E+00, 8.446E-03, 5.367E-05, 6.354E-05, 0.000E+00, 6.163E+01, 2.694E+01, 5.474E-03, 2.153E-04, 1.758E+02, 4.070E-03, 7.082E-01
28/03/2019,11:00,9,2.925,3.425,11.089,.549,.597, 1.017E+03, 5.670E+01, 0.000E+00, 7.630E-04, 2.344E+02, 8.000E+01, 2.488E+02, 3.537E+01, 1.055E+02, 9.566E+01, 4.320E+00, 7.368E-01, 2.666E-01, 3.493E-01, 1.000E+00, 8.481E-01, 1.000E+00, 1.000E-02, 1.000E+00, 1.000E+00, 8.481E-03, 5.412E-05, 6.381E-05, 0.000E+00, 5.868E+01, 2.564E+01, 5.474E-03, 2.171E-04, 1.757E+02, 4.127E-03, 6.259E-01
28/03/2019,12:00,9,2.925,3.425,12.283,.528,.677, 1.016E+03, 5.805E+01, 0.000E+00, 7.630E-04, 1.339E+02, 1.111E+02, 1.695E+02, 4.296E+01, 3.862E+01, 9.874E+01, 4.541E+00, 7.431E-01, 2.741E-01, 3.391E-01, 1.000E+00, 8.868E-01, 9.991E-01, 3.997E-02, 1.000E+00, 1.000E+00, 3.545E-02, 2.271E-04, 2.559E-04, 0.000E+00, 5.951E+01, 2.494E+01, 5.474E-03, 9.110E-04, 1.566E+02, 4.510E-03, 5.632E-01
28/03/2019,13:00,9,2.925,3.425,12.480,.535,.676, 1.015E+03, 6.152E+01, 0.000E+00, 5.087E-04, 1.161E+02, 1.031E+02, 1.616E+02, 3.981E+01, 3.862E+01, 9.874E+01, 4.496E+00, 7.435E-01, 2.714E-01, 3.109E-01, 1.000E+00, 8.656E-01, 9.987E-01, 6.745E-02, 1.000E+00, 1.000E+00, 5.838E-02, 3.743E-04, 4.319E-04, 0.000E+00, 6.011E+01, 2.519E+01, 5.316E-03, 1.501E-03, 1.467E+02, 4.707E-03, 5.192E-01
28/03/2019,14:00,9,2.925,3.425,12.678,.542,.674, 1.015E+03, 6.670E+01, 0.000E+00, 2.543E-04, 8.893E+01, 8.875E+01, 1.466E+02, 3.414E+01, 3.862E+01, 9.874E+01, 4.454E+00, 7.440E-01, 2.688E-01, 2.637E-01, 1.000E+00, 8.185E-01, 9.976E-01, 9.452E-02, 1.000E+00, 1.000E+00, 7.737E-02, 4.964E-04, 6.050E-04, 0.000E+00, 6.068E+01, 2.542E+01, 5.158E-03, 1.991E-03, 1.399E+02, 4.849E-03, 4.996E-01
28/03/2019,15:00,9,2.925,3.425,12.876,.549,.672, 1.014E+03, 7.310E+01, 0.000E+00, 3.469E-16, 2.231E+01, 6.623E+01, 6.228E+01, 2.389E+01,-8.260E+01, 2.859E+01, 4.417E+00, 5.783E-01, 2.376E-01, 1.975E-01, 1.000E+00, 6.844E-01, 9.228E-01, 1.212E-01, 1.000E+00, 1.000E+00, 8.295E-02, 5.326E-04, 7.181E-04, 0.000E+00, 7.827E+01, 2.877E+01, 5.000E-03, 2.136E-03, 1.401E+02, 4.626E-03, 4.937E-01
28/03/2019,16:00,9,2.925,3.425,11.479,.605,.537, 1.014E+03, 8.024E+01, 0.000E+00, 3.469E-16, 8.256E+00, 3.418E+01, 3.659E+01, 1.224E+01,-8.260E+01, 2.859E+01, 4.479E+00, 5.769E-01, 2.407E-01, 1.159E-01, 1.000E+00, 4.399E-01, 7.780E-01, 1.000E-02, 1.000E+00, 1.000E+00, 4.399E-03, 2.811E-05, 4.971E-05, 0.000E+00, 7.730E+01, 2.839E+01, 5.000E-03, 1.127E-04, 1.956E+02, 3.695E-03, 4.757E-01
28/03/2019,17:00,9,2.925,3.425,10.083,.661,.420, 1.014E+03, 8.768E+01, 0.000E+00, 3.469E-16, 5.999E-02, 5.760E+00, 2.741E+00, 1.999E+00,-8.260E+01, 2.859E+01, 4.541E+00, 5.755E-01, 2.439E-01, 2.763E-02, 1.000E+00, 7.970E-02, 1.066E-01, 1.000E-02, 1.000E+00, 1.000E+00, 7.970E-04, 5.067E-06, 6.780E-06, 0.000E+00, 7.635E+01, 2.803E+01, 5.000E-03, 2.032E-05, 1.992E+02, 3.660E-03, 4.681E-01
28/03/2019,18:00,9,2.925,3.425,8.686,.716,.319, 1.014E+03, 9.504E+01, 0.000E+00, 3.469E-16, 0.000E+00, 0.000E+00, 0.000E+00, 0.000E+00,-8.451E+01, 3.522E+00, 4.604E+00, 5.374E-01, 2.413E-01,-9.990E+02, 1.000E+00,-9.990E+02, 0.000E+00, 0.000E+00, 0.000E+00, 1.000E+00, 0.000E+00, 0.000E+00, 0.000E+00, 0.000E+00, 7.906E+01, 2.833E+01, 5.000E-03, 0.000E+00, 2.000E+02, 3.636E-03, 4.674E-01
28/03/2019,19:00,9,2.925,3.425,7.934,.745,.272, 1.013E+03, 1.019E+02, 0.000E+00, 3.469E-16, 0.000E+00, 0.000E+00, 0.000E+00, 0.000E+00,-8.451E+01, 3.522E+00, 4.529E+00, 5.368E-01, 2.373E-01,-9.990E+02, 1.000E+00,-9.990E+02, 0.000E+00, 0.000E+00, 0.000E+00, 1.000E+00, 0.000E+00, 0.000E+00, 0.000E+00, 0.000E+00, 8.043E+01, 2.880E+01, 5.000E-03, 0.000E+00, 2.000E+02, 3.619E-03, 4.443E-01
28/03/2019,20:00,9,2.925,3.425,7.181,.775,.229, 1.013E+03, 1.079E+02, 0.000E+00, 3.469E-16, 0.000E+00, 0.000E+00, 0.000E+00, 0.000E+00,-8.451E+01, 3.522E+00, 4.455E+00, 5.362E-01, 2.333E-01,-9.990E+02, 1.000E+00,-9.990E+02, 0.000E+00, 0.000E+00, 0.000E+00, 1.000E+00, 0.000E+00, 0.000E+00, 0.000E+00, 0.000E+00, 8.184E+01, 2.930E+01, 5.000E-03, 0.000E+00, 2.000E+02, 3.602E-03, 4.214E-01
28/03/2019,21:00,9,2.925,3.425,6.429,.804,.189, 1.013E+03, 1.126E+02, 0.000E+00, 3.469E-16, 0.000E+00, 0.000E+00, 0.000E+00, 0.000E+00,-8.509E+01, 4.248E+00, 4.381E+00, 6.088E-01, 2.382E-01,-9.990E+02, 1.000E+00,-9.990E+02, 0.000E+00, 0.000E+00, 0.000E+00, 1.000E+00, 0.000E+00, 0.000E+00, 0.000E+00, 0.000E+00, 7.719E+01, 2.869E+01, 5.000E-03, 0.000E+00, 2.000E+02, 3.627E-03, 4.114E-01
28/03/2019,22:00,9,2.925,3.425,6.462,.790,.203, 1.012E+03, 1.155E+02, 0.000E+00, 3.469E-16, 0.000E+00, 0.000E+00, 0.000E+00, 0.000E+00,-8.509E+01, 4.248E+00, 4.614E+00, 6.090E-01, 2.509E-01,-9.990E+02, 1.000E+00,-9.990E+02, 0.000E+00, 0.000E+00, 0.000E+00, 1.000E+00, 0.000E+00, 0.000E+00, 0.000E+00, 0.000E+00, 7.329E+01, 2.724E+01, 5.000E-03, 0.000E+00, 2.000E+02, 3.678E-03, 4.000E-01
28/03/2019,23:00,9,2.925,3.425,6.495,.776,.217, 1.012E+03, 1.164E+02, 0.000E+00, 3.469E-16, 0.000E+00, 0.000E+00, 0.000E+00, 0.000E+00,-8.509E+01, 4.248E+00, 4.857E+00, 6.092E-01, 2.641E-01,-9.990E+02, 1.000E+00,-9.990E+02, 0.000E+00, 0.000E+00, 0.000E+00, 1.000E+00, 0.000E+00, 0.000E+00, 0.000E+00, 0.000E+00, 6.962E+01, 2.588E+01, 5.000E-03, 0.000E+00, 2.000E+02, 3.727E-03, 3.816E-01
29/03/2019,00:00,9,2.936,3.436,6.528,.761,.232, 1.011E+03, 1.151E+02, 0.000E+00, 3.469E-16, 0.000E+00, 0.000E+00, 0.000E+00, 0.000E+00,-8.704E+01, 3.973E+00, 5.109E+00, 7.412E-01, 2.883E-01,-9.990E+02, 1.000E+00,-9.990E+02, 0.000E+00, 0.000E+00, 0.000E+00, 1.000E+00, 0.000E+00, 0.000E+00, 0.000E+00, 0.000E+00, 6.145E+01, 2.371E+01, 5.000E-03, 0.000E+00, 2.000E+02, 3.812E-03, 3.649E-01
29/03/2019,01:00,9,2.936,3.436,6.273,.782,.208, 1.011E+03, 1.118E+02, 0.000E+00, 3.469E-16, 0.000E+00, 0.000E+00, 0.000E+00, 0.000E+00,-8.704E+01, 3.973E+00, 5.235E+00, 7.411E-01, 2.954E-01,-9.990E+02, 1.000E+00,-9.990E+02, 0.000E+00, 0.000E+00, 0.000E+00, 1.000E+00, 0.000E+00, 0.000E+00, 0.000E+00, 0.000E+00, 5.998E+01, 2.314E+01, 5.000E-03, 0.000E+00, 2.000E+02, 3.834E-03, 3.392E-01
29/03/2019,02:00,9,2.936,3.436,6.018,.802,.185, 1.010E+03, 1.068E+02, 0.000E+00, 3.469E-16, 0.000E+00, 0.000E+00, 0.000E+00, 0.000E+00,-8.704E+01, 3.973E+00, 5.361E+00, 7.410E-01, 3.025E-01,-9.990E+02, 1.000E+00,-9.990E+02, 0.000E+00, 0.000E+00, 0.000E+00, 1.000E+00, 0.000E+00, 0.000E+00, 0.000E+00, 0.000E+00, 5.857E+01, 2.259E+01, 5.000E-03, 0.000E+00, 2.000E+02, 3.855E-03, 3.133E-01
29/03/2019,03:00,9,2.936,3.436,5.763,.823,.163, 1.010E+03, 1.006E+02, 0.000E+00, 3.469E-16, 0.000E+00, 0.000E+00, 0.000E+00, 0.000E+00,-6.852E+01, 6.362E+00, 5.487E+00, 8.076E-01, 3.158E-01,-9.990E+02, 1.000E+00,-9.990E+02, 0.000E+00, 0.000E+00, 0.000E+00, 1.000E+00, 0.000E+00, 0.000E+00, 0.000E+00, 0.000E+00, 5.502E+01, 2.164E+01, 5.000E-03, 0.000E+00, 2.000E+02, 3.894E-03, 2.990E-01
29/03/2019,04:00,9,2.936,3.436,5.932,.815,.172, 1.009E+03, 9.357E+01, 0.000E+00, 3.469E-16, 0.000E+00, 0.000E+00, 0.000E+00, 0.000E+00,-6.852E+01, 6.362E+00, 5.672E+00, 8.080E-01, 3.265E-01,-9.990E+02, 1.000E+00,-9.990E+02, 0.000E+00, 0.000E+00, 0.000E+00, 1.000E+00, 0.000E+00, 0.000E+00, 0.000E+00, 0.000E+00, 5.322E+01, 2.094E+01, 5.000E-03, 0.000E+00, 2.000E+02, 3.922E-03, 3.378E-01
29/03/2019,05:00,9,2.936,3.436,6.100,.808,.181, 1.009E+03, 8.614E+01, 0.000E+00, 3.469E-16, 2.403E+00, 1.478E+01, 2.308E+01, 5.234E+00,-6.852E+01, 6.362E+00, 5.858E+00, 8.084E-01, 3.372E-01, 4.586E-02, 1.000E+00, 2.129E-01, 6.131E-01, 1.000E-02, 1.000E+00, 1.000E+00, 2.129E-03, 1.335E-05, 3.843E-05, 0.000E+00, 5.152E+01, 2.027E+01, 5.000E-03, 5.373E-05, 1.979E+02, 3.983E-03, 4.199E-01
29/03/2019,06:00,9,2.936,3.436,6.268,.800,.190, 1.008E+03, 7.869E+01, 0.000E+00, 3.469E-16, 1.477E+01, 4.326E+01, 5.330E+01, 1.563E+01, 7.822E+01, 4.884E+01, 6.045E+00, 9.711E-01, 3.644E-01, 1.335E-01, 1.000E+00, 5.296E-01, 8.883E-01, 1.000E-02, 1.000E+00, 1.000E+00, 5.296E-03, 3.322E-05, 5.572E-05, 0.000E+00, 4.487E+01, 1.876E+01, 5.000E-03, 1.337E-04, 1.948E+02, 4.102E-03, 4.680E-01
29/03/2019,07:00,9,2.936,3.436,7.570,.744,.267, 1.008E+03, 7.162E+01, 0.000E+00, 3.469E-16, 3.388E+01, 7.502E+01, 8.105E+01, 2.732E+01, 7.822E+01, 4.884E+01, 6.352E+00, 9.736E-01, 3.829E-01, 2.127E-01, 1.000E+00, 7.365E-01, 9.643E-01, 1.000E-02, 1.000E+00, 1.000E+00, 7.365E-03, 4.641E-05, 6.077E-05, 0.000E+00, 4.271E+01, 1.785E+01, 5.000E-03, 1.868E-04, 1.928E+02, 4.177E-03, 5.128E-01
29/03/2019,08:00,9,2.936,3.436,8.871,.687,.356, 1.008E+03, 6.537E+01, 0.000E+00, 3.469E-16, 5.164E+01, 1.002E+02, 9.850E+01, 3.654E+01, 7.822E+01, 4.884E+01, 6.659E+00, 9.761E-01, 4.014E-01, 2.755E-01, 1.000E+00, 8.340E-01, 9.826E-01, 1.000E-02, 1.000E+00, 1.000E+00, 8.340E-03, 5.280E-05, 6.221E-05, 0.000E+00, 4.075E+01, 1.703E+01, 5.000E-03, 2.126E-04, 1.918E+02, 4.232E-03, 5.717E-01
29/03/2019,09:00,9,2.936,3.436,10.172,.631,.459, 1.007E+03, 6.042E+01, 0.000E+00, 3.469E-16, 1.701E+02, 8.083E+01, 2.061E+02, 3.380E+01, 1.446E+02, 9.872E+01, 6.966E+00, 1.081E+00, 4.218E-01, 3.191E-01, 1.000E+00, 8.303E-01, 9.998E-01, 1.000E-02, 1.000E+00, 1.000E+00, 8.303E-03, 5.281E-05, 6.359E-05, 0.000E+00, 3.844E+01, 1.621E+01, 5.000E-03, 2.126E-04, 1.918E+02, 4.272E-03, 6.305E-01
29/03/2019,10:00,9,2.936,3.436,11.086,.606,.522, 1.007E+03, 5.727E+01, 0.000E+00, 3.469E-16, 1.924E+02, 8.379E+01, 2.133E+02, 3.528E+01, 1.446E+02, 9.872E+01, 6.931E+00, 1.083E+00, 4.196E-01, 3.440E-01, 1.000E+00, 8.462E-01, 9.998E-01, 1.000E-02, 1.000E+00, 1.000E+00, 8.462E-03, 5.400E-05, 6.380E-05, 0.000E+00, 3.864E+01, 1.629E+01, 5.000E-03, 2.174E-04, 1.917E+02, 4.271E-03, 8.326E-01
29/03/2019,11:00,9,2.936,3.436,12.000,.581,.590, 1.006E+03, 5.631E+01, 0.000E+00, 3.469E-16, 1.992E+02, 8.449E+01, 2.152E+02, 3.565E+01, 1.446E+02, 9.872E+01, 6.896E+00, 1.085E+00, 4.175E-01, 3.511E-01, 1.000E+00, 8.502E-01, 9.999E-01, 1.000E-02, 1.000E+00, 1.000E+00, 8.502E-03, 5.442E-05, 6.400E-05, 0.000E+00, 3.885E+01, 1.637E+01, 5.000E-03, 2.191E-04, 1.916E+02, 4.268E-03, 1.173E+00
29/03/2019,12:00,9,2.936,3.436,12.914,.556,.664, 1.006E+03, 5.767E+01, 0.000E+00, 3.469E-16, 2.275E+02, 7.967E+01, 2.478E+02, 3.506E+01, 7.890E+01, 9.906E+01, 6.862E+00, 1.035E+00, 4.127E-01, 3.409E-01, 1.000E+00, 8.441E-01, 1.000E+00, 1.263E-01, 1.000E+00, 1.000E+00, 1.066E-01, 6.849E-04, 8.113E-04, 0.000E+00, 3.979E+01, 1.656E+01, 5.000E-03, 2.757E-03, 1.289E+02, 5.808E-03, 1.520E+00
29/03/2019,13:00,9,2.936,3.436,12.805,.570,.639, 1.006E+03, 6.117E+01, 0.000E+00, 3.469E-16, 1.977E+02, 7.760E+01, 2.387E+02, 3.371E+01, 7.890E+01, 9.906E+01, 6.715E+00, 1.035E+00, 4.039E-01, 3.129E-01, 1.000E+00, 8.282E-01, 9.999E-01, 1.117E-01, 1.000E+00, 1.000E+00, 9.254E-02, 5.941E-04, 7.172E-04, 0.000E+00, 4.066E+01, 1.692E+01, 5.000E-03, 2.391E-03, 1.353E+02, 5.571E-03, 1.461E+00
29/03/2019,14:00,9,2.936,3.436,12.696,.583,.615, 1.005E+03, 6.638E+01, 0.000E+00, 3.469E-16, 1.521E+02, 7.180E+01, 2.203E+02, 3.056E+01, 7.890E+01, 9.906E+01, 6.577E+00, 1.035E+00, 3.956E-01, 2.660E-01, 1.000E+00, 7.912E-01, 9.999E-01, 9.701E-02, 1.000E+00, 1.000E+00, 7.675E-02, 4.925E-04, 6.225E-04, 0.000E+00, 4.151E+01, 1.728E+01, 5.000E-03, 1.983E-03, 1.432E+02, 5.309E-03, 1.373E+00
29/03/2019,15:00,9,2.936,3.436,12.588,.596,.591, 1.005E+03, 7.279E+01, 0.000E+00, 3.469E-16, 9.547E+01, 5.971E+01, 1.860E+02, 2.464E+01,-6.508E+01, 3.369E+01, 6.447E+00, 8.749E-01, 3.740E-01, 2.002E-01, 1.000E+00, 7.096E-01, 9.995E-01, 8.217E-02, 1.000E+00, 1.000E+00, 5.831E-02, 3.740E-04, 5.268E-04, 0.000E+00, 4.610E+01, 1.828E+01, 5.000E-03, 1.506E-03, 1.537E+02, 4.959E-03, 1.313E+00
29/03/2019,16:00,9,2.936,3.436,11.423,.629,.503, 1.005E+03, 7.994E+01, 0.000E+00, 3.469E-16, 3.667E+01, 3.937E+01, 1.203E+02, 1.534E+01,-6.508E+01, 3.369E+01, 6.213E+00, 8.730E-01, 3.603E-01, 1.190E-01, 1.000E+00, 5.305E-01, 9.929E-01, 1.000E-02, 1.000E+00, 1.000E+00, 5.305E-03, 3.389E-05, 6.343E-05, 0.000E+00, 4.785E+01, 1.897E+01, 5.000E-03, 1.364E-04, 1.947E+02, 4.091E-03, 1.115E+00
29/03/2019,17:00,9,2.936,3.436,10.259,.661,.425, 1.005E+03, 8.738E+01, 0.000E+00, 3.469E-16, 4.903E-01, 1.094E+01, 9.180E+00, 3.808E+00,-6.508E+01, 3.369E+01, 5.993E+00, 8.712E-01, 3.475E-01, 3.109E-02, 1.000E+00, 1.502E-01, 3.145E-01, 1.000E-02, 1.000E+00, 1.000E+00, 1.502E-03, 9.558E-06, 2.001E-05, 0.000E+00, 4.962E+01, 1.967E+01, 5.000E-03, 3.848E-05, 1.985E+02, 3.999E-03, 9.690E-01
29/03/2019,18:00,9,2.936,3.436,9.094,.693,.355, 1.005E+03, 9.474E+01, 0.000E+00, 3.469E-16, 0.000E+00, 0.000E+00, 0.000E+00, 0.000E+00,-9.192E+01, 8.919E+00, 5.789E+00, 7.856E-01, 3.285E-01,-9.990E+02, 1.000E+00,-9.990E+02, 0.000E+00, 0.000E+00, 0.000E+00, 1.000E+00, 0.000E+00, 0.000E+00, 0.000E+00, 0.000E+00, 5.365E+01, 2.081E+01, 5.000E-03, 0.000E+00, 2.000E+02, 3.926E-03, 8.443E-01
29/03/2019,19:00,9,2.936,3.436,8.563,.708,.326, 1.005E+03, 1.016E+02, 0.000E+00, 3.469E-16, 0.000E+00, 0.000E+00, 0.000E+00, 0.000E+00,-9.192E+01, 8.919E+00, 5.564E+00, 7.849E-01, 3.157E-01,-9.990E+02, 1.000E+00,-9.990E+02, 0.000E+00, 0.000E+00, 0.000E+00, 1.000E+00, 0.000E+00, 0.000E+00, 0.000E+00, 0.000E+00, 5.583E+01, 2.165E+01, 5.000E-03, 0.000E+00, 2.000E+02, 3.892E-03, 7.629E-01
29/03/2019,20:00,9,2.936,3.436,8.032,.722,.299, 1.005E+03, 1.076E+02, 0.000E+00, 3.469E-16, 0.000E+00, 0.000E+00, 0.000E+00, 0.000E+00,-9.192E+01, 8.919E+00, 5.340E+00, 7.841E-01, 3.029E-01,-9.990E+02, 1.000E+00,-9.990E+02, 0.000E+00, 0.000E+00, 0.000E+00, 1.000E+00, 0.000E+00, 0.000E+00, 0.000E+00, 0.000E+00, 5.820E+01, 2.257E+01, 5.000E-03, 0.000E+00, 2.000E+02, 3.856E-03, 7.183E-01
29/03/2019,21:00,9,2.936,3.436,7.502,.737,.273, 1.005E+03, 1.122E+02, 0.000E+00, 3.469E-16, 0.000E+00, 0.000E+00, 0.000E+00, 0.000E+00,-7.669E+01, 5.309E+00, 5.115E+00, 5.872E-01, 2.779E-01,-9.990E+02, 1.000E+00,-9.990E+02, 0.000E+00, 0.000E+00, 0.000E+00, 1.000E+00, 0.000E+00, 0.000E+00, 0.000E+00, 0.000E+00, 6.625E+01, 2.460E+01, 5.000E-03, 0.000E+00, 2.000E+02, 3.775E-03, 6.840E-01
29/03/2019,22:00,9,2.936,3.436,6.878,.763,.236, 1.006E+03, 1.151E+02, 0.000E+00, 3.469E-16, 0.000E+00, 0.000E+00, 0.000E+00, 0.000E+00,-7.669E+01, 5.309E+00, 4.689E+00, 5.866E-01, 2.547E-01,-9.990E+02, 1.000E+00,-9.990E+02, 0.000E+00, 0.000E+00, 0.000E+00, 1.000E+00, 0.000E+00, 0.000E+00, 0.000E+00, 0.000E+00, 7.230E+01, 2.684E+01, 5.000E-03, 0.000E+00, 2.000E+02, 3.692E-03, 6.688E-01
29/03/2019,23:00,9,2.936,3.436,6.254,.789,.201, 1.006E+03, 1.160E+02, 0.000E+00, 3.469E-16, 0.000E+00, 0.000E+00, 0.000E+00, 0.000E+00,-7.669E+01, 5.309E+00, 4.274E+00, 5.859E-01, 2.320E-01,-9.990E+02, 1.000E+00,-9.990E+02, 0.000E+00, 0.000E+00, 0.000E+00, 1.000E+00, 0.000E+00, 0.000E+00, 0.000E+00, 0.000E+00, 7.939E+01, 2.946E+01, 5.000E-03, 0.000E+00, 2.000E+02, 3.600E-03, 6.708E-01
30/03/2019,00:00,9,2.946,3.446,5.630,.815,.169, 1.006E+03, 1.147E+02, 3.913E-05, 3.469E-16, 0.000E+00, 0.000E+00, 0.000E+00, 0.000E+00,-5.437E+01, 1.982E+00, 3.871E+00, 3.923E-01, 1.882E-01,-9.990E+02, 1.000E+00,-9.990E+02, 0.000E+00, 0.000E+00, 0.000E+00, 1.000E+00, 0.000E+00, 0.000E+00, 0.000E+00, 0.000E+00, 1.093E+02, 3.633E+01, 5.000E-03, 0.000E+00, 2.000E+02, 3.368E-03, 6.207E-01
30/03/2019,01:00,9,2.946,3.446,4.943,.845,.134, 1.006E+03, 1.114E+02, 3.913E-05, 3.469E-16, 0.000E+00, 0.000E+00, 0.000E+00, 0.000E+00,-5.437E+01, 1.982E+00, 3.741E+00, 3.918E-01, 1.817E-01,-9.990E+02, 1.000E+00,-9.990E+02, 0.000E+00, 0.000E+00, 0.000E+00, 1.000E+00, 0.000E+00, 0.000E+00, 0.000E+00, 0.000E+00, 1.133E+02, 3.761E+01, 6.041E-03, 0.000E+00, 1.655E+02, 3.760E-03, 5.493E-01
30/03/2019,02:00,9,2.946,3.446,4.256,.876,.103, 1.006E+03, 1.064E+02, 3.913E-05, 3.469E-16, 0.000E+00, 0.000E+00, 0.000E+00, 0.000E+00,-5.437E+01, 1.982E+00, 3.652E+00, 3.913E-01, 1.773E-01,-9.990E+02, 1.000E+00,-9.990E+02, 0.000E+00, 0.000E+00, 0.000E+00, 1.000E+00, 0.000E+00, 0.000E+00, 0.000E+00, 0.000E+00, 1.162E+02, 3.856E+01, 9.799E-03, 0.000E+00, 1.020E+02, 4.879E-03, 5.245E-01
30/03/2019,03:00,9,2.946,3.446,3.569,.906,.074, 1.007E+03, 1.002E+02, 3.913E-05, 3.469E-16, 0.000E+00, 0.000E+00, 0.000E+00, 0.000E+00,-3.489E+01, 2.703E+00, 3.606E+00, 4.501E-01, 1.957E-01,-9.990E+02, 1.000E+00,-9.990E+02, 0.000E+00, 0.000E+00, 0.000E+00, 1.000E+00, 0.000E+00, 0.000E+00, 0.000E+00, 0.000E+00, 9.411E+01, 3.492E+01, 1.606E-02, 0.000E+00, 6.226E+01, 6.475E-03, 4.122E-01
30/03/2019,04:00,9,2.946,3.446,3.938,.894,.086, 1.006E+03, 9.320E+01, 3.913E-05, 3.469E-16, 0.000E+00, 0.000E+00, 0.000E+00, 0.000E+00,-3.489E+01, 2.703E+00, 3.520E+00, 4.505E-01, 1.911E-01,-9.990E+02, 1.000E+00,-9.990E+02, 0.000E+00, 0.000E+00, 0.000E+00, 1.000E+00, 0.000E+00, 0.000E+00, 0.000E+00, 0.000E+00, 9.639E+01, 3.577E+01, 1.342E-02, 0.000E+00, 7.450E+01, 5.920E-03, 3.879E-01
30/03/2019,05:00,9,2.946,3.446,4.307,.882,.098, 1.006E+03, 8.577E+01, 3.913E-05, 3.469E-16, 3.673E+00, 1.761E+01, 3.114E+01, 6.260E+00,-3.489E+01, 2.703E+00, 3.433E+00, 4.508E-01, 1.864E-01, 5.011E-02, 1.000E+00, 2.518E-01, 7.221E-01, 1.000E-02, 1.000E+00, 1.000E+00, 2.518E-03, 1.569E-05, 4.498E-05, 0.000E+00, 9.879E+01, 3.667E+01, 1.125E-02, 6.337E-05, 8.836E+01, 5.401E-03, 3.843E-01
30/03/2019,06:00,9,2.946,3.446,4.676,.871,.110, 1.006E+03, 7.832E+01, 3.913E-05, 3.469E-16, 4.898E+01, 4.459E+01, 1.386E+02, 1.762E+01, 1.009E+02, 4.709E+01, 3.347E+00, 6.308E-01, 2.096E-01, 1.374E-01, 1.000E+00, 5.817E-01, 9.967E-01, 1.000E-02, 1.000E+00, 1.000E+00, 5.817E-03, 3.628E-05, 6.216E-05, 0.000E+00, 7.264E+01, 3.261E+01, 8.766E-03, 1.466E-04, 1.122E+02, 5.089E-03, 4.682E-01
30/03/2019,07:00,9,2.946,3.446,6.536,.775,.218, 1.006E+03, 7.124E+01, 3.913E-05, 3.469E-16, 1.089E+02, 6.310E+01, 1.955E+02, 2.620E+01, 1.009E+02, 4.709E+01, 3.721E+00, 6.330E-01, 2.329E-01, 2.160E-01, 1.000E+00, 7.330E-01, 9.997E-01, 1.000E-02, 1.000E+00, 1.000E+00, 7.330E-03, 4.602E-05, 6.277E-05, 0.000E+00, 6.541E+01, 2.935E+01, 5.000E-03, 1.859E-04, 1.928E+02, 3.722E-03, 5.100E-01
30/03/2019,08:00,9,2.946,3.446,8.396,.680,.353, 1.006E+03, 6.498E+01, 3.913E-05, 3.469E-16, 1.642E+02, 7.362E+01, 2.256E+02, 3.144E+01, 1.009E+02, 4.709E+01, 4.198E+00, 6.352E-01, 2.627E-01, 2.782E-01, 1.000E+00, 8.019E-01, 9.999E-01, 1.000E-02, 1.000E+00, 1.000E+00, 8.019E-03, 5.068E-05, 6.320E-05, 0.000E+00, 5.804E+01, 2.602E+01, 5.000E-03, 2.048E-04, 1.921E+02, 3.855E-03, 5.462E-01
30/03/2019,09:00,9,2.946,3.446,10.256,.585,.520, 1.006E+03, 6.003E+01, 1.857E-02, 3.469E-16, 6.245E+01, 1.187E+02, 1.056E+02, 4.306E+01, 4.913E+01, 7.207E+01, 4.748E+00, 6.322E-01, 2.906E-01, 3.213E-01, 1.000E+00, 8.803E-01, 9.870E-01, 1.000E-02, 1.000E+00, 1.000E+00, 8.803E-03, 5.601E-05, 6.279E-05, 0.000E+00, 5.463E+01, 2.352E+01, 5.000E-03, 2.263E-04, 1.913E+02, 3.960E-03, 5.291E-01
30/03/2019,10:00,9,2.946,3.446,10.503,.587,.526, 1.005E+03, 5.688E+01, 1.857E-02, 3.469E-16, 7.051E+01, 1.286E+02, 1.111E+02, 4.662E+01, 4.913E+01, 7.207E+01, 4.257E+00, 6.327E-01, 2.606E-01, 3.459E-01, 1.000E+00, 9.003E-01, 9.897E-01, 1.000E-02, 1.000E+00, 1.000E+00, 9.003E-03, 5.733E-05, 6.302E-05, 0.000E+00, 6.093E+01, 2.623E+01, 5.000E-03, 2.316E-04, 1.911E+02, 3.855E-03, 4.884E-01
30/03/2019,11:00,9,2.946,3.446,10.750,.588,.533, 1.004E+03, 5.593E+01, 1.857E-02, 3.469E-16, 7.292E+01, 1.314E+02, 1.127E+02, 4.764E+01, 4.913E+01, 7.207E+01, 3.789E+00, 6.332E-01, 2.319E-01, 3.529E-01, 1.000E+00, 9.054E-01, 9.903E-01, 1.000E-02, 1.000E+00, 1.000E+00, 9.054E-03, 5.770E-05, 6.311E-05, 0.000E+00, 6.847E+01, 2.947E+01, 5.000E-03, 2.331E-04, 1.911E+02, 3.735E-03, 4.602E-01
30/03/2019,12:00,9,2.946,3.446,10.996,.590,.540, 1.003E+03, 5.730E+01, 1.960E-01, 3.469E-16, 9.334E+01, 1.256E+02, 1.328E+02, 4.637E+01,-1.058E+01, 1.034E+02, 3.353E+00, 6.933E-01, 1.976E-01, 3.427E-01, 1.000E+00, 9.009E-01, 9.957E-01, 1.000E-02, 1.000E+00, 1.000E+00, 9.009E-03, 5.747E-05, 6.352E-05, 0.000E+00, 8.588E+01, 3.459E+01, 5.000E-03, 2.322E-04, 1.911E+02, 3.549E-03, 4.910E-01
30/03/2019,13:00,9,2.946,3.446,10.859,.596,.527, 1.003E+03, 6.082E+01, 1.960E-01, 3.469E-16, 8.123E+01, 1.153E+02, 1.258E+02, 4.254E+01,-1.058E+01, 1.034E+02, 3.871E+00, 6.933E-01, 2.281E-01, 3.148E-01, 1.000E+00, 8.791E-01, 9.943E-01, 1.000E-02, 1.000E+00, 1.000E+00, 8.791E-03, 5.605E-05, 6.340E-05, 0.000E+00, 7.438E+01, 2.996E+01, 5.000E-03, 2.265E-04, 1.913E+02, 3.706E-03, 5.159E-01
30/03/2019,14:00,9,2.946,3.446,10.723,.603,.514, 1.002E+03, 6.605E+01, 1.960E-01, 3.469E-16, 6.273E+01, 9.758E+01, 1.133E+02, 3.599E+01,-1.058E+01, 1.034E+02, 4.419E+00, 6.933E-01, 2.604E-01, 2.683E-01, 1.000E+00, 8.309E-01, 9.905E-01, 1.000E-02, 1.000E+00, 1.000E+00, 8.309E-03, 5.295E-05, 6.312E-05, 0.000E+00, 6.516E+01, 2.625E+01, 5.000E-03, 2.139E-04, 1.918E+02, 3.838E-03, 5.326E-01
30/03/2019,15:00,9,2.946,3.446,10.586,.609,.501, 1.002E+03, 7.248E+01, 5.311E-01, 3.469E-16, 2.763E+01, 7.048E+01, 7.134E+01, 2.544E+01,-8.365E+01, 8.158E+01, 4.986E+00, 6.812E-01, 2.779E-01, 2.028E-01, 1.000E+00, 7.093E-01, 9.468E-01, 1.000E-02, 1.000E+00, 1.000E+00, 7.093E-03, 4.518E-05, 6.031E-05, 0.000E+00, 6.454E+01, 2.459E+01, 5.000E-03, 1.825E-04, 1.930E+02, 3.880E-03, 5.177E-01
30/03/2019,16:00,9,2.946,3.446,9.410,.704,.350, 1.001E+03, 7.964E+01, 5.311E-01, 3.469E-16, 1.097E+01, 3.811E+01, 4.415E+01, 1.365E+01,-8.365E+01, 8.158E+01, 5.307E+00, 6.801E-01, 2.958E-01, 1.221E-01, 1.000E+00, 4.794E-01, 8.373E-01, 1.000E-02, 1.000E+00, 1.000E+00, 4.794E-03, 3.041E-05, 5.311E-05, 0.000E+00, 6.068E+01, 2.311E+01, 5.000E-03, 1.229E-04, 1.952E+02, 3.905E-03, 5.660E-01
30/03/2019,17:00,9,2.946,3.446,8.234,.799,.219, 1.000E+03, 8.709E+01, 5.311E-01, 3.469E-16, 2.356E-01, 7.812E+00, 5.022E+00, 2.705E+00,-8.365E+01, 8.158E+01, 5.631E+00, 6.789E-01, 3.136E-01, 3.451E-02, 1.000E+00, 1.081E-01, 1.866E-01, 1.000E-02, 1.000E+00, 1.000E+00, 1.081E-03, 6.828E-06, 1.179E-05, 0.000E+00, 5.724E+01, 2.179E+01, 5.000E-03, 2.759E-05, 1.989E+02, 3.902E-03, 6.207E-01
30/03/2019,18:00,9,2.946,3.446,7.059,.895,.106, 9.996E+02, 9.443E+01, 5.773E-01, 3.469E-16, 0.000E+00, 0.000E+00, 0.000E+00, 0.000E+00,-7.883E+01, 7.814E+01, 5.955E+00, 7.206E-01, 3.361E-01,-9.990E+02, 1.000E+00,-9.990E+02, 0.000E+00, 0.000E+00, 0.000E+00, 1.000E+00, 0.000E+00, 0.000E+00, 0.000E+00, 0.000E+00, 5.270E+01, 2.033E+01, 1.085E-02, 0.000E+00, 9.217E+01, 6.866E-03, 4.748E-01
30/03/2019,19:00,9,2.946,3.446,6.536,.921,.077, 9.990E+02, 1.013E+02, 5.773E-01, 3.469E-16, 0.000E+00, 0.000E+00, 0.000E+00, 0.000E+00,-7.883E+01, 7.814E+01, 5.357E+00, 7.202E-01, 3.024E-01,-9.990E+02, 1.000E+00,-9.990E+02, 0.000E+00, 0.000E+00, 0.000E+00, 1.000E+00, 0.000E+00, 0.000E+00, 0.000E+00, 0.000E+00, 5.860E+01, 2.261E+01, 1.712E-02, 0.000E+00, 5.842E+01, 8.483E-03, 4.707E-01
30/03/2019,20:00,9,2.946,3.446,6.013,.947,.050, 9.984E+02, 1.073E+02, 5.773E-01, 3.469E-16, 0.000E+00, 0.000E+00, 0.000E+00, 0.000E+00,-7.883E+01, 7.814E+01, 4.818E+00, 7.197E-01, 2.719E-01,-9.990E+02, 1.000E+00,-9.990E+02, 0.000E+00, 0.000E+00, 0.000E+00, 1.000E+00, 0.000E+00, 0.000E+00, 0.000E+00, 0.000E+00, 6.518E+01, 2.514E+01, 2.347E-02, 0.000E+00, 4.261E+01, 9.196E-03, 3.195E-01
30/03/2019,21:00,9,2.946,3.446,5.490,.973,.025, 9.978E+02, 1.119E+02, 5.473E-01, 3.469E-16, 0.000E+00, 0.000E+00, 0.000E+00, 0.000E+00,-3.062E+01, 1.853E+01, 4.357E+00, 4.425E-01, 2.379E-01,-9.990E+02, 1.000E+00,-9.990E+02, 0.000E+00, 0.000E+00, 0.000E+00, 1.000E+00, 0.000E+00, 0.000E+00, 0.000E+00, 0.000E+00, 7.698E+01, 2.873E+01, 3.449E-02, 0.000E+00, 2.900E+01, 9.543E-03, 2.803E-01
30/03/2019,22:00,9,2.946,3.446,4.918,.973,.024, 9.977E+02, 1.148E+02, 5.473E-01, 3.469E-16, 0.000E+00, 0.000E+00, 0.000E+00, 0.000E+00,-3.062E+01, 1.853E+01, 3.909E+00, 4.421E-01, 2.134E-01,-9.990E+02, 1.000E+00,-9.990E+02, 0.000E+00, 0.000E+00, 0.000E+00, 1.000E+00, 0.000E+00, 0.000E+00, 0.000E+00, 0.000E+00, 8.585E+01, 3.203E+01, 3.590E-02, 0.000E+00, 2.785E+01, 8.899E-03, 1.890E-01
30/03/2019,23:00,9,2.946,3.446,4.346,.973,.023, 9.976E+02, 1.156E+02, 5.473E-01, 3.469E-16, 0.000E+00, 0.000E+00, 0.000E+00, 0.000E+00,-3.062E+01, 1.853E+01, 3.503E+00, 4.417E-01, 1.912E-01,-9.990E+02, 1.000E+00,-9.990E+02, 0.000E+00, 0.000E+00, 0.000E+00, 1.000E+00, 0.000E+00, 0.000E+00, 0.000E+00, 0.000E+00, 9.583E+01, 3.575E+01, 4.058E-02, 0.000E+00, 2.465E+01, 8.406E-03, 2.095E-01
31/03/2019,00:00,9,2.957,3.457,3.773,.972,.022, 9.975E+02, 1.143E+02, 2.422E-02, 3.469E-16, 0.000E+00, 0.000E+00, 0.000E+00, 0.000E+00,-4.778E+01, 4.795E+00, 3.158E+00, 4.900E-01, 1.704E-01,-9.990E+02, 1.000E+00,-9.990E+02, 0.000E+00, 0.000E+00, 0.000E+00, 1.000E+00, 0.000E+00, 0.000E+00, 0.000E+00, 0.000E+00, 1.088E+02, 4.012E+01, 4.276E-02, 0.000E+00, 2.339E+01, 7.731E-03, 1.559E-01
31/03/2019,01:00,9,2.957,3.457,2.904,.974,.019, 9.980E+02, 1.110E+02, 2.422E-02, 3.469E-16, 0.000E+00, 0.000E+00, 0.000E+00, 0.000E+00,-4.778E+01, 4.795E+00, 3.267E+00, 4.891E-01, 1.762E-01,-9.990E+02, 1.000E+00,-9.990E+02, 0.000E+00, 0.000E+00, 0.000E+00, 1.000E+00, 0.000E+00, 0.000E+00, 0.000E+00, 0.000E+00, 1.052E+02, 3.879E+01, 4.715E-02, 0.000E+00, 2.121E+01, 8.085E-03, 1.582E-01
31/03/2019,02:00,9,2.957,3.457,2.034,.976,.017, 9.985E+02, 1.060E+02, 2.422E-02, 3.469E-16, 0.000E+00, 0.000E+00, 0.000E+00, 0.000E+00,-4.778E+01, 4.795E+00, 3.424E+00, 4.882E-01, 1.846E-01,-9.990E+02, 1.000E+00,-9.990E+02, 0.000E+00, 0.000E+00, 0.000E+00, 1.000E+00, 0.000E+00, 0.000E+00, 0.000E+00, 0.000E+00, 1.005E+02, 3.703E+01, 5.376E-02, 0.000E+00, 1.860E+01, 8.589E-03, 1.718E-01
31/03/2019,03:00,9,2.957,3.457,1.164,.978,.015, 9.989E+02, 9.984E+01, 1.544E-01, 3.469E-16, 0.000E+00, 0.000E+00, 0.000E+00, 0.000E+00,-2.896E+01, 3.037E+01, 3.623E+00, 5.093E-01, 2.041E-01,-9.990E+02, 1.000E+00,-9.990E+02, 0.000E+00, 0.000E+00, 0.000E+00, 1.000E+00, 0.000E+00, 0.000E+00, 0.000E+00, 0.000E+00, 8.699E+01, 3.349E+01, 6.509E-02, 0.000E+00, 1.536E+01, 9.664E-03, 1.887E-01
31/03/2019,04:00,9,2.957,3.457,1.028,.961,.025, 1.000E+03, 9.282E+01, 1.544E-01, 7.630E-04, 0.000E+00, 0.000E+00, 0.000E+00, 0.000E+00,-2.896E+01, 3.037E+01, 3.616E+00, 5.089E-01, 2.037E-01,-9.990E+02, 1.000E+00,-9.990E+02, 0.000E+00, 0.000E+00, 0.000E+00, 1.000E+00, 0.000E+00, 0.000E+00, 0.000E+00, 0.000E+00, 8.717E+01, 3.356E+01, 5.640E-02, 0.000E+00, 1.773E+01, 9.432E-03, 2.031E-01
31/03/2019,05:00,9,2.957,3.457,.892,.945,.036, 1.001E+03, 8.539E+01, 1.544E-01, 1.526E-03, 3.508E+00, 1.699E+01, 2.787E+01, 6.023E+00,-2.896E+01, 3.037E+01, 3.863E+00, 5.084E-01, 2.176E-01, 5.431E-02, 1.000E+00, 2.446E-01, 6.822E-01, 1.000E-02, 1.000E+00, 1.000E+00, 2.446E-03, 1.504E-05, 4.197E-05, 0.000E+00, 8.159E+01, 3.141E+01, 4.262E-02, 6.100E-05, 2.343E+01, 9.428E-03, 2.029E-01
31/03/2019,06:00,9,2.957,3.457,.756,.928,.046, 1.003E+03, 7.794E+01, 4.143E-02, 2.289E-03, 5.176E+01, 4.542E+01, 1.419E+02, 1.798E+01, 5.193E+01, 1.021E+02, 4.323E+00, 7.112E-01, 2.629E-01, 1.412E-01, 1.000E+00, 5.896E-01, 9.971E-01, 1.000E-02, 1.000E+00, 1.000E+00, 5.896E-03, 3.625E-05, 6.131E-05, 0.000E+00, 6.116E+01, 2.600E+01, 3.750E-02, 1.470E-04, 2.656E+01, 1.060E-02, 2.493E-01
31/03/2019,07:00,9,2.957,3.457,1.875,.788,.148, 1.004E+03, 7.086E+01, 4.143E-02, 2.289E-03, 1.116E+02, 6.344E+01, 1.965E+02, 2.633E+01, 5.193E+01, 1.021E+02, 4.738E+00, 7.122E-01, 2.881E-01, 2.193E-01, 1.000E+00, 7.356E-01, 9.997E-01, 1.000E-02, 1.000E+00, 1.000E+00, 7.356E-03, 4.542E-05, 6.172E-05, 0.000E+00, 5.581E+01, 2.372E+01, 6.421E-03, 1.842E-04, 1.514E+02, 4.690E-03, 3.137E-01
31/03/2019,08:00,9,2.957,3.457,2.993,.648,.267, 1.005E+03, 6.460E+01, 4.143E-02, 2.289E-03, 1.665E+02, 7.359E+01, 2.254E+02, 3.140E+01, 5.193E+01, 1.021E+02, 5.161E+00, 7.132E-01, 3.138E-01, 2.809E-01, 1.000E+00, 8.023E-01, 9.999E-01, 1.000E-02, 1.000E+00, 1.000E+00, 8.023E-03, 4.974E-05, 6.199E-05, 0.000E+00, 5.126E+01, 2.178E+01, 6.421E-03, 2.017E-04, 1.510E+02, 4.813E-03, 3.326E-01
31/03/2019,09:00,9,2.957,3.457,4.111,.508,.404, 1.007E+03, 5.964E+01, 1.167E-02, 2.289E-03, 2.107E+02, 7.863E+01, 2.426E+02, 3.418E+01, 1.974E+02, 1.080E+02, 5.588E+00, 8.800E-01, 3.459E-01, 3.235E-01, 1.000E+00, 8.341E-01, 1.000E+00, 1.000E-02, 1.000E+00, 1.000E+00, 8.341E-03, 5.192E-05, 6.224E-05, 0.000E+00, 4.495E+01, 1.976E+01, 6.421E-03, 2.105E-04, 1.508E+02, 4.949E-03, 3.115E-01
31/03/2019,10:00,9,2.957,3.457,4.676,.455,.465, 1.007E+03, 5.649E+01, 1.167E-02, 2.289E-03, 2.372E+02, 8.002E+01, 2.500E+02, 3.519E+01, 1.974E+02, 1.080E+02, 5.391E+00, 8.806E-01, 3.337E-01, 3.478E-01, 1.000E+00, 8.466E-01, 1.000E+00, 1.000E-02, 1.000E+00, 1.000E+00, 8.466E-03, 5.280E-05, 6.237E-05, 0.000E+00, 4.661E+01, 2.048E+01, 6.421E-03, 2.141E-04, 1.507E+02, 4.906E-03, 3.095E-01
31/03/2019,11:00,9,2.957,3.457,5.241,.403,.530, 1.008E+03, 5.554E+01, 1.167E-02, 2.289E-03, 2.450E+02, 8.024E+01, 2.519E+02, 3.541E+01, 1.974E+02, 1.080E+02, 5.231E+00, 8.811E-01, 3.238E-01, 3.547E-01, 1.000E+00, 8.496E-01, 1.000E+00, 1.000E-02, 1.000E+00, 1.000E+00, 8.496E-03, 5.310E-05, 6.249E-05, 0.000E+00, 4.804E+01, 2.111E+01, 6.421E-03, 2.153E-04, 1.507E+02, 4.867E-03, 3.163E-01
31/03/2019,12:00,9,2.957,3.457,5.806,.351,.600, 1.009E+03, 5.694E+01, 3.420E-02, 2.289E-03, 2.315E+02, 7.928E+01, 2.469E+02, 3.480E+01, 9.455E+01, 1.095E+02, 5.112E+00, 9.026E-01, 3.102E-01, 3.445E-01, 1.000E+00, 8.433E-01, 1.000E+00, 1.000E-02, 1.000E+00, 1.000E+00, 8.433E-03, 5.281E-05, 6.262E-05, 0.000E+00, 5.206E+01, 2.204E+01, 6.421E-03, 2.141E-04, 1.507E+02, 4.804E-03, 3.249E-01
31/03/2019,13:00,9,2.957,3.457,5.915,.345,.609, 1.010E+03, 6.047E+01, 3.420E-02, 3.306E-03, 2.016E+02, 7.750E+01, 2.381E+02, 3.357E+01, 9.455E+01, 1.095E+02, 5.190E+00, 9.025E-01, 3.149E-01, 3.167E-01, 1.000E+00, 8.282E-01, 9.999E-01, 1.000E-02, 1.000E+00, 1.000E+00, 8.282E-03, 5.189E-05, 6.264E-05, 0.000E+00, 5.128E+01, 2.171E+01, 7.052E-03, 2.104E-04, 1.377E+02, 5.147E-03, 3.222E-01
31/03/2019,14:00,9,2.957,3.457,6.024,.339,.619, 1.010E+03, 6.572E+01, 3.420E-02, 4.324E-03, 1.561E+02, 7.214E+01, 2.205E+02, 3.062E+01, 9.455E+01, 1.095E+02, 5.292E+00, 9.024E-01, 3.211E-01, 2.705E-01, 1.000E+00, 7.929E-01, 9.999E-01, 1.000E-02, 1.000E+00, 1.000E+00, 7.929E-03, 4.969E-05, 6.266E-05, 0.000E+00, 5.030E+01, 2.129E+01, 7.683E-03, 2.015E-04, 1.268E+02, 5.485E-03, 3.028E-01
31/03/2019,15:00,9,2.957,3.457,6.132,.334,.629, 1.011E+03, 7.217E+01, 6.681E-04, 5.341E-03, 1.005E+02, 6.117E+01, 1.894E+02, 2.519E+01,-5.376E+01, 4.487E+01, 5.416E+00, 6.259E-01, 3.053E-01, 2.054E-01, 1.000E+00, 7.180E-01, 9.996E-01, 1.000E-02, 1.000E+00, 1.000E+00, 7.180E-03, 4.501E-05, 6.267E-05, 0.000E+00, 5.812E+01, 2.239E+01, 8.315E-03, 1.825E-04, 1.177E+02, 5.663E-03, 2.734E-01
31/03/2019,16:00,9,2.957,3.457,4.809,.386,.529, 1.012E+03, 7.934E+01, 6.681E-04, 5.341E-03, 4.091E+01, 4.138E+01, 1.267E+02, 1.614E+01,-5.376E+01, 4.487E+01, 4.832E+00, 6.242E-01, 2.722E-01, 1.251E-01, 1.000E+00, 5.488E-01, 9.945E-01, 1.000E-02, 1.000E+00, 1.000E+00, 5.488E-03, 3.424E-05, 6.206E-05, 0.000E+00, 6.520E+01, 2.511E+01, 8.315E-03, 1.389E-04, 1.183E+02, 5.425E-03, 2.439E-01
31/03/2019,17:00,9,2.957,3.457,3.485,.437,.441, 1.012E+03, 8.679E+01, 6.681E-04, 5.341E-03, 1.240E+00, 1.342E+01, 1.574E+01, 4.678E+00,-5.376E+01, 4.487E+01, 4.308E+00, 6.224E-01, 2.426E-01, 3.789E-02, 1.000E+00, 1.865E-01, 4.766E-01, 1.000E-02, 1.000E+00, 1.000E+00, 1.865E-03, 1.158E-05, 2.960E-05, 0.000E+00, 7.318E+01, 2.817E+01, 8.315E-03, 4.695E-05, 1.196E+02, 5.163E-03, 2.213E-01
31/03/2019,18:00,9,2.957,3.457,2.162,.489,.365, 1.013E+03, 9.413E+01, 0.000E+00, 5.341E-03, 0.000E+00, 0.000E+00, 0.000E+00, 0.000E+00,-6.927E+01, 1.338E+01, 3.870E+00, 4.810E-01, 1.995E-01,-9.990E+02, 1.000E+00,-9.990E+02, 0.000E+00, 0.000E+00, 0.000E+00, 1.000E+00, 0.000E+00, 0.000E+00, 0.000E+00, 0.000E+00, 9.726E+01, 3.427E+01, 8.315E-03, 0.000E+00, 1.203E+02, 4.735E-03, 2.184E-01
31/03/2019,19:00,9,2.957,3.457,1.481,.518,.328, 1.014E+03, 1.010E+02, 0.000E+00, 5.341E-03, 0.000E+00, 0.000E+00, 0.000E+00, 0.000E+00,-6.927E+01, 1.338E+01, 3.886E+00, 4.802E-01, 2.002E-01,-9.990E+02, 1.000E+00,-9.990E+02, 0.000E+00, 0.000E+00, 0.000E+00, 1.000E+00, 0.000E+00, 0.000E+00, 0.000E+00, 0.000E+00, 9.696E+01, 3.414E+01, 8.315E-03, 0.000E+00, 1.203E+02, 4.742E-03, 2.154E-01
31/03/2019,20:00,9,2.957,3.457,.801,.547,.293, 1.015E+03, 1.069E+02, 0.000E+00, 5.341E-03, 0.000E+00, 0.000E+00, 0.000E+00, 0.000E+00,-6.927E+01, 1.338E+01, 3.928E+00, 4.793E-01, 2.022E-01,-9.990E+02, 1.000E+00,-9.990E+02, 0.000E+00, 0.000E+00, 0.000E+00, 1.000E+00, 0.000E+00, 0.000E+00, 0.000E+00, 0.000E+00, 9.604E+01, 3.380E+01, 7.468E-03, 0.000E+00, 1.339E+02, 4.472E-03, 2.115E-01
31/03/2019,21:00,9,2.957,3.457,.120,.576,.261, 1.016E+03, 1.115E+02, 0.000E+00, 5.341E-03, 0.000E+00, 0.000E+00, 0.000E+00, 0.000E+00,-5.958E+01, 9.331E+00, 3.994E+00, 4.703E-01, 2.081E-01,-9.990E+02, 1.000E+00,-9.990E+02, 0.000E+00, 0.000E+00, 0.000E+00, 1.000E+00, 0.000E+00, 0.000E+00, 0.000E+00, 0.000E+00, 9.219E+01, 3.284E+01, 5.928E-03, 0.000E+00, 1.687E+02, 3.910E-03, 2.227E-01
31/03/2019,22:00,9,2.957,3.457,-.308,.625,.224, 1.017E+03, 1.144E+02, 0.000E+00, 5.341E-03, 0.000E+00, 0.000E+00, 0.000E+00, 0.000E+00,-5.958E+01, 9.331E+00, 3.803E+00, 4.697E-01, 1.981E-01,-9.990E+02, 1.000E+00,-9.990E+02, 0.000E+00, 0.000E+00, 0.000E+00, 1.000E+00, 0.000E+00, 0.000E+00, 0.000E+00, 0.000E+00, 9.688E+01, 3.450E+01, 8.640E-03, 0.000E+00, 1.157E+02, 4.827E-03, 2.206E-01
31/03/2019,23:00,9,2.957,3.457,-.736,.673,.189, 1.018E+03, 1.152E+02, 0.000E+00, 5.341E-03, 0.000E+00, 0.000E+00, 0.000E+00, 0.000E+00,-5.958E+01, 9.331E+00, 3.631E+00, 4.692E-01, 1.891E-01,-9.990E+02, 1.000E+00,-9.990E+02, 0.000E+00, 0.000E+00, 0.000E+00, 1.000E+00, 0.000E+00, 0.000E+00, 0.000E+00, 0.000E+00, 1.015E+02, 3.615E+01, 8.294E-03, 0.000E+00, 1.206E+02, 4.622E-03, 2.192E-01
01/04/2019,00:00,9,2.968,3.468,-1.164,.722,.156, 1.019E+03, 1.139E+02, 6.462E-05, 5.341E-03, 0.000E+00, 0.000E+00, 0.000E+00, 0.000E+00,-4.475E+01, 4.278E+00, 3.480E+00, 3.583E-01, 1.671E-01,-9.990E+02, 1.000E+00,-9.990E+02, 0.000E+00, 0.000E+00, 0.000E+00, 1.000E+00, 0.000E+00, 0.000E+00, 0.000E+00, 0.000E+00, 1.246E+02, 4.090E+01, 6.733E-03, 0.000E+00, 1.485E+02, 3.879E-03, 2.253E-01
01/04/2019,01:00,9,2.968,3.468,-1.598,.764,.128, 1.020E+03, 1.106E+02, 6.462E-05, 4.324E-03, 0.000E+00, 0.000E+00, 0.000E+00, 0.000E+00,-4.475E+01, 4.278E+00, 3.341E+00, 3.578E-01, 1.604E-01,-9.990E+02, 1.000E+00,-9.990E+02, 0.000E+00, 0.000E+00, 0.000E+00, 1.000E+00, 0.000E+00, 0.000E+00, 0.000E+00, 0.000E+00, 1.299E+02, 4.262E+01, 6.721E-03, 0.000E+00, 1.488E+02, 3.807E-03, 2.363E-01
01/04/2019,02:00,9,2.968,3.468,-2.033,.807,.102, 1.021E+03, 1.057E+02, 6.462E-05, 3.306E-03, 0.000E+00, 0.000E+00, 0.000E+00, 0.000E+00,-4.475E+01, 4.278E+00, 3.205E+00, 3.574E-01, 1.538E-01,-9.990E+02, 1.000E+00,-9.990E+02, 0.000E+00, 0.000E+00, 0.000E+00, 1.000E+00, 0.000E+00, 0.000E+00, 0.000E+00, 0.000E+00, 1.356E+02, 4.445E+01, 6.652E-03, 0.000E+00, 1.503E+02, 3.716E-03, 2.506E-01
01/04/2019,03:00,9,2.968,3.468,-2.467,.850,.077, 1.022E+03, 9.946E+01, 2.381E-05, 2.289E-03, 0.000E+00, 0.000E+00, 0.000E+00, 0.000E+00,-1.469E+01, 4.402E+00, 3.072E+00, 2.706E-01, 1.546E-01,-9.990E+02, 1.000E+00,-9.990E+02, 0.000E+00, 0.000E+00, 0.000E+00, 1.000E+00, 0.000E+00, 0.000E+00, 0.000E+00, 0.000E+00, 1.285E+02, 4.421E+01, 6.535E-03, 0.000E+00, 1.530E+02, 3.695E-03, 2.781E-01
01/04/2019,04:00,9,2.968,3.468,-1.932,.835,.087, 1.022E+03, 9.245E+01, 2.381E-05, 2.289E-03, 0.000E+00, 0.000E+00, 0.000E+00, 0.000E+00,-1.469E+01, 4.402E+00, 2.482E+00, 2.708E-01, 1.250E-01,-9.990E+02, 1.000E+00,-9.990E+02, 0.000E+00, 0.000E+00, 0.000E+00, 1.000E+00, 0.000E+00, 0.000E+00, 0.000E+00, 0.000E+00, 1.589E+02, 5.469E+01, 7.249E-03, 0.000E+00, 1.380E+02, 3.529E-03, 3.334E-01
01/04/2019,05:00,9,2.968,3.468,-1.396,.821,.099, 1.022E+03, 8.502E+01, 2.381E-05, 2.289E-03, 6.047E+00, 2.061E+01, 4.223E+01, 7.376E+00,-1.469E+01, 4.402E+00, 1.938E+00, 2.710E-01, 1.000E-01, 5.846E-02, 1.000E+00, 2.946E-01, 8.240E-01, 1.000E-02, 1.000E+00, 1.000E+00, 2.946E-03, 1.797E-05, 5.027E-05, 0.000E+00, 1.985E+02, 6.835E+01, 8.043E-03, 7.313E-05, 1.232E+02, 3.279E-03, 4.253E-01
01/04/2019,06:00,9,2.968,3.468,-.861,.807,.111, 1.023E+03, 7.757E+01, 6.462E-05, 2.289E-03, 5.422E+01, 4.699E+01, 1.445E+02, 1.857E+01, 1.178E+02, 4.822E+01, 1.489E+00, 4.095E-01, 1.009E-01, 1.449E-01, 1.000E+00, 6.012E-01, 9.974E-01, 1.000E-02, 1.000E+00, 1.000E+00, 6.012E-03, 3.675E-05, 6.097E-05, 0.000E+00, 1.312E+02, 6.776E+01, 9.234E-03, 1.495E-04, 1.066E+02, 3.623E-03, 5.443E-01
01/04/2019,07:00,9,2.968,3.468,1.079,.707,.193, 1.023E+03, 7.049E+01, 6.462E-05, 2.289E-03, 1.146E+02, 6.486E+01, 1.983E+02, 2.684E+01, 1.178E+02, 4.822E+01, 1.891E+00, 4.109E-01, 1.280E-01, 2.225E-01, 1.000E+00, 7.422E-01, 9.997E-01, 1.000E-02, 1.000E+00, 1.000E+00, 7.422E-03, 4.569E-05, 6.154E-05, 0.000E+00, 1.036E+02, 5.341E+01, 6.421E-03, 1.859E-04, 1.514E+02, 3.509E-03, 5.527E-01
01/04/2019,08:00,9,2.968,3.468,3.019,.608,.298, 1.023E+03, 6.421E+01, 6.462E-05, 2.289E-03, 1.699E+02, 7.484E+01, 2.271E+02, 3.184E+01, 1.178E+02, 4.822E+01, 2.548E+00, 4.124E-01, 1.723E-01, 2.835E-01, 1.000E+00, 8.066E-01, 9.999E-01, 1.000E-02, 1.000E+00, 1.000E+00, 8.066E-03, 5.000E-05, 6.199E-05, 0.000E+00, 7.703E+01, 3.967E+01, 6.421E-03, 2.035E-04, 1.510E+02, 3.996E-03, 5.294E-01
01/04/2019,09:00,9,2.968,3.468,4.959,.508,.428, 1.023E+03, 5.925E+01, 6.462E-05, 2.289E-03, 2.129E+02, 7.917E+01, 2.425E+02, 3.432E+01, 2.053E+02, 1.062E+02, 3.311E+00, 7.463E-01, 2.089E-01, 3.257E-01, 1.000E+00, 8.356E-01, 1.000E+00, 1.000E-02, 1.000E+00, 1.000E+00, 8.356E-03, 5.217E-05, 6.243E-05, 0.000E+00, 7.186E+01, 3.272E+01, 6.421E-03, 2.123E-04, 1.508E+02, 4.253E-03, 5.566E-01
01/04/2019,10:00,9,2.968,3.468,5.893,.465,.497, 1.023E+03, 5.609E+01, 6.462E-05, 2.289E-03, 2.395E+02, 8.045E+01, 2.499E+02, 3.528E+01, 2.053E+02, 1.062E+02, 3.683E+00, 7.477E-01, 2.324E-01, 3.497E-01, 1.000E+00, 8.476E-01, 1.000E+00, 1.000E-02, 1.000E+00, 1.000E+00, 8.476E-03, 5.310E-05, 6.264E-05, 0.000E+00, 6.463E+01, 2.942E+01, 6.421E-03, 2.161E-04, 1.507E+02, 4.415E-03, 5.370E-01
01/04/2019,11:00,9,2.968,3.468,6.827,.422,.573, 1.022E+03, 5.516E+01, 6.462E-05, 2.289E-03, 2.472E+02, 8.062E+01, 2.518E+02, 3.548E+01, 2.053E+02, 1.062E+02, 4.079E+00, 7.491E-01, 2.573E-01, 3.564E-01, 1.000E+00, 8.504E-01, 1.000E+00, 1.000E-02, 1.000E+00, 1.000E+00, 8.504E-03, 5.345E-05, 6.285E-05, 0.000E+00, 5.840E+01, 2.657E+01, 6.421E-03, 2.175E-04, 1.506E+02, 4.563E-03, 5.941E-01
01/04/2019,12:00,9,2.968,3.468,7.761,.378,.657, 1.022E+03, 5.657E+01, 6.462E-05, 2.289E-03, 2.356E+02, 8.031E+01, 2.490E+02, 3.516E+01, 8.175E+01, 1.017E+02, 4.492E+00, 7.365E-01, 2.752E-01, 3.462E-01, 1.000E+00, 8.461E-01, 1.000E+00, 1.000E-02, 1.000E+00, 1.000E+00, 8.461E-03, 5.335E-05, 6.306E-05, 0.000E+00, 5.759E+01, 2.483E+01, 6.421E-03, 2.171E-04, 1.507E+02, 4.646E-03, 5.687E-01
01/04/2019,13:00,9,2.968,3.468,7.563,.380,.646, 1.021E+03, 6.013E+01, 6.462E-05, 1.526E-03, 2.055E+02, 7.860E+01, 2.402E+02, 3.396E+01, 8.175E+01, 1.017E+02, 4.323E+00, 7.365E-01, 2.649E-01, 3.186E-01, 1.000E+00, 8.314E-01, 9.999E-01, 1.000E-02, 1.000E+00, 1.000E+00, 8.314E-03, 5.239E-05, 6.301E-05, 0.000E+00, 5.985E+01, 2.581E+01, 5.947E-03, 2.132E-04, 1.623E+02, 4.358E-03, 5.670E-01
01/04/2019,14:00,9,2.968,3.468,7.364,.382,.636, 1.021E+03, 6.540E+01, 6.462E-05, 7.630E-04, 1.596E+02, 7.333E+01, 2.228E+02, 3.106E+01, 8.175E+01, 1.017E+02, 4.162E+00, 7.364E-01, 2.550E-01, 2.726E-01, 1.000E+00, 7.972E-01, 9.999E-01, 1.000E-02, 1.000E+00, 1.000E+00, 7.972E-03, 5.020E-05, 6.297E-05, 0.000E+00, 6.216E+01, 2.680E+01, 5.474E-03, 2.043E-04, 1.761E+02, 4.068E-03, 6.017E-01
01/04/2019,15:00,9,2.968,3.468,7.165,.384,.625, 1.020E+03, 7.186E+01, 6.462E-05, 3.469E-16, 1.025E+02, 6.187E+01, 1.901E+02, 2.543E+01,-5.230E+01, 3.803E+01, 4.011E+00, 4.542E-01, 2.098E-01, 2.080E-01, 1.000E+00, 7.216E-01, 9.996E-01, 1.000E-02, 1.000E+00, 1.000E+00, 7.216E-03, 4.541E-05, 6.290E-05, 0.000E+00, 9.113E+01, 3.258E+01, 5.000E-03, 1.848E-04, 1.929E+02, 3.582E-03, 5.614E-01
01/04/2019,16:00,9,2.968,3.468,5.547,.432,.515, 1.020E+03, 7.904E+01, 6.462E-05, 3.469E-16, 4.278E+01, 4.234E+01, 1.290E+02, 1.650E+01,-5.230E+01, 3.803E+01, 3.917E+00, 4.528E-01, 2.046E-01, 1.281E-01, 1.000E+00, 5.571E-01, 9.950E-01, 1.000E-02, 1.000E+00, 1.000E+00, 5.571E-03, 3.485E-05, 6.225E-05, 0.000E+00, 9.353E+01, 3.340E+01, 5.000E-03, 1.418E-04, 1.945E+02, 3.534E-03, 4.908E-01
01/04/2019,17:00,9,2.968,3.468,3.928,.480,.421, 1.020E+03, 8.649E+01, 6.462E-05, 3.469E-16, 1.746E+00, 1.463E+01, 1.937E+01, 5.107E+00,-5.230E+01, 3.803E+01, 3.835E+00, 4.515E-01, 2.002E-01, 4.124E-02, 1.000E+00, 2.043E-01, 5.492E-01, 1.000E-02, 1.000E+00, 1.000E+00, 2.043E-03, 1.271E-05, 3.416E-05, 0.000E+00, 9.572E+01, 3.415E+01, 5.000E-03, 5.172E-05, 1.980E+02, 3.467E-03, 4.373E-01
01/04/2019,18:00,9,2.968,3.468,2.309,.528,.341, 1.020E+03, 9.383E+01, 6.462E-05, 3.469E-16, 0.000E+00, 0.000E+00, 0.000E+00, 0.000E+00,-6.842E+01, 1.110E+01, 3.767E+00, 3.818E-01, 1.723E-01,-9.990E+02, 1.000E+00,-9.990E+02, 0.000E+00, 0.000E+00, 0.000E+00, 1.000E+00, 0.000E+00, 0.000E+00, 0.000E+00, 0.000E+00, 1.269E+02, 3.967E+01, 5.000E-03, 0.000E+00, 2.000E+02, 3.262E-03, 4.568E-01
01/04/2019,19:00,9,2.968,3.468,1.650,.524,.328, 1.020E+03, 1.007E+02, 6.462E-05, 3.469E-16, 0.000E+00, 0.000E+00, 0.000E+00, 0.000E+00,-6.842E+01, 1.110E+01, 3.636E+00, 3.813E-01, 1.662E-01,-9.990E+02, 1.000E+00,-9.990E+02, 0.000E+00, 0.000E+00, 0.000E+00, 1.000E+00, 0.000E+00, 0.000E+00, 0.000E+00, 0.000E+00, 1.317E+02, 4.114E+01, 5.000E-03, 0.000E+00, 2.000E+02, 3.220E-03, 4.992E-01
01/04/2019,20:00,9,2.968,3.468,.991,.520,.315, 1.020E+03, 1.066E+02, 6.462E-05, 3.469E-16, 0.000E+00, 0.000E+00, 0.000E+00, 0.000E+00,-6.842E+01, 1.110E+01, 3.505E+00, 3.809E-01, 1.600E-01,-9.990E+02, 1.000E+00,-9.990E+02, 0.000E+00, 0.000E+00, 0.000E+00, 1.000E+00, 0.000E+00, 0.000E+00, 0.000E+00, 0.000E+00, 1.368E+02, 4.271E+01, 5.000E-03, 0.000E+00, 2.000E+02, 3.177E-03, 5.746E-01
01/04/2019,21:00,9,2.968,3.468,.333,.516,.303, 1.021E+03, 1.112E+02, 6.462E-05, 3.469E-16, 0.000E+00, 0.000E+00, 0.000E+00, 0.000E+00,-4.835E+01, 7.497E+00, 3.374E+00, 3.303E-01, 1.512E-01,-9.990E+02, 1.000E+00,-9.990E+02, 0.000E+00, 0.000E+00, 0.000E+00, 1.000E+00, 0.000E+00, 0.000E+00, 0.000E+00, 0.000E+00, 1.477E+02, 4.522E+01, 5.000E-03, 0.000E+00, 2.000E+02, 3.108E-03, 7.069E-01
01/04/2019,22:00,9,2.968,3.468,-.345,.609,.233, 1.020E+03, 1.140E+02, 6.462E-05, 3.469E-16, 0.000E+00, 0.000E+00, 0.000E+00, 0.000E+00,-4.835E+01, 7.497E+00, 3.255E+00, 3.300E-01, 1.457E-01,-9.990E+02, 1.000E+00,-9.990E+02, 0.000E+00, 0.000E+00, 0.000E+00, 1.000E+00, 0.000E+00, 0.000E+00, 0.000E+00, 0.000E+00, 1.533E+02, 4.691E+01, 1.000E-02, 0.000E+00, 1.000E+02, 4.418E-03, 8.233E-01
01/04/2019,23:00,9,2.968,3.468,-1.023,.702,.169, 1.020E+03, 1.148E+02, 6.462E-05, 3.469E-16, 0.000E+00, 0.000E+00, 0.000E+00, 0.000E+00,-4.835E+01, 7.497E+00, 3.189E+00, 3.296E-01, 1.426E-01,-9.990E+02, 1.000E+00,-9.990E+02, 0.000E+00, 0.000E+00, 0.000E+00, 1.000E+00, 0.000E+00, 0.000E+00, 0.000E+00, 0.000E+00, 1.568E+02, 4.794E+01, 9.954E-03, 0.000E+00, 1.005E+02, 4.356E-03, 8.924E-01
02/04/2019,00:00,9,2.978,3.478,-1.701,.796,.110, 1.020E+03, 1.135E+02, 0.000E+00, 3.469E-16, 0.000E+00, 0.000E+00, 0.000E+00, 0.000E+00,-4.370E+01, 4.189E+00, 3.177E+00, 3.948E-01, 1.609E-01,-9.990E+02, 1.000E+00,-9.990E+02, 0.000E+00, 0.000E+00, 0.000E+00, 1.000E+00, 0.000E+00, 0.000E+00, 0.000E+00, 0.000E+00, 1.227E+02, 4.247E+01, 8.692E-03, 0.000E+00, 1.150E+02, 4.387E-03, 9.912E-01
02/04/2019,01:00,9,2.978,3.478,-1.494,.775,.123, 1.020E+03, 1.102E+02, 0.000E+00, 2.543E-04, 0.000E+00, 0.000E+00, 0.000E+00, 0.000E+00,-4.370E+01, 4.189E+00, 3.332E+00, 3.950E-01, 1.688E-01,-9.990E+02, 1.000E+00,-9.990E+02, 0.000E+00, 0.000E+00, 0.000E+00, 1.000E+00, 0.000E+00, 0.000E+00, 0.000E+00, 0.000E+00, 1.169E+02, 4.050E+01, 8.929E-03, 0.000E+00, 1.120E+02, 4.553E-03, 1.067E+00
02/04/2019,02:00,9,2.978,3.478,-1.288,.754,.137, 1.020E+03, 1.053E+02, 0.000E+00, 5.087E-04, 0.000E+00, 0.000E+00, 0.000E+00, 0.000E+00,-4.370E+01, 4.189E+00, 3.495E+00, 3.951E-01, 1.771E-01,-9.990E+02, 1.000E+00,-9.990E+02, 0.000E+00, 0.000E+00, 0.000E+00, 1.000E+00, 0.000E+00, 0.000E+00, 0.000E+00, 0.000E+00, 1.114E+02, 3.860E+01, 9.168E-03, 0.000E+00, 1.091E+02, 4.725E-03, 1.047E+00
02/04/2019,03:00,9,2.978,3.478,-1.082,.734,.150, 1.019E+03, 9.908E+01, 0.000E+00, 7.630E-04, 0.000E+00, 0.000E+00, 0.000E+00, 0.000E+00,-3.267E+01, 1.131E+01, 3.666E+00, 4.514E-01, 2.005E-01,-9.990E+02, 1.000E+00,-9.990E+02, 0.000E+00, 0.000E+00, 0.000E+00, 1.000E+00, 0.000E+00, 0.000E+00, 0.000E+00, 0.000E+00, 9.125E+01, 3.410E+01, 9.409E-03, 0.000E+00, 1.063E+02, 5.096E-03, 1.060E+00
02/04/2019,04:00,9,2.978,3.478,-.650,.703,.173, 1.019E+03, 9.208E+01, 0.000E+00, 7.630E-04, 0.000E+00, 0.000E+00, 0.000E+00, 0.000E+00,-3.267E+01, 1.131E+01, 3.476E+00, 4.517E-01, 1.901E-01,-9.990E+02, 1.000E+00,-9.990E+02, 0.000E+00, 0.000E+00, 0.000E+00, 1.000E+00, 0.000E+00, 0.000E+00, 0.000E+00, 0.000E+00, 9.622E+01, 3.596E+01, 9.765E-03, 0.000E+00, 1.024E+02, 5.069E-03, 1.091E+00
02/04/2019,05:00,9,2.978,3.478,-.218,.672,.197, 1.019E+03, 8.465E+01, 0.000E+00, 7.630E-04, 7.449E+00, 2.170E+01, 4.777E+01, 7.798E+00,-3.267E+01, 1.131E+01, 3.307E+00, 4.521E-01, 1.808E-01, 6.257E-02, 1.000E+00, 3.110E-01, 8.598E-01, 1.000E-02, 1.000E+00, 1.000E+00, 3.110E-03, 1.906E-05, 5.268E-05, 0.000E+00, 1.011E+02, 3.780E+01, 9.819E-03, 7.783E-05, 1.010E+02, 4.981E-03, 1.109E+00
02/04/2019,06:00,9,2.978,3.478,.214,.641,.223, 1.019E+03, 7.720E+01, 0.000E+00, 7.630E-04, 5.738E+01, 4.809E+01, 1.485E+02, 1.902E+01, 1.100E+02, 5.579E+01, 3.162E+00, 6.423E-01, 1.982E-01, 1.486E-01, 1.000E+00, 6.103E-01, 9.978E-01, 1.000E-02, 1.000E+00, 1.000E+00, 6.103E-03, 3.745E-05, 6.123E-05, 0.000E+00, 7.672E+01, 3.449E+01, 5.153E-03, 1.530E-04, 1.885E+02, 3.602E-03, 1.186E+00
02/04/2019,07:00,9,2.978,3.478,1.941,.616,.270, 1.019E+03, 7.011E+01, 0.000E+00, 7.630E-04, 1.181E+02, 6.557E+01, 2.007E+02, 2.714E+01, 1.100E+02, 5.579E+01, 3.465E+00, 6.444E-01, 2.171E-01, 2.256E-01, 1.000E+00, 7.463E-01, 9.997E-01, 1.000E-02, 1.000E+00, 1.000E+00, 7.463E-03, 4.609E-05, 6.174E-05, 0.000E+00, 7.009E+01, 3.149E+01, 5.474E-03, 1.882E-04, 1.766E+02, 3.876E-03, 1.137E+00
02/04/2019,08:00,9,2.978,3.478,3.667,.590,.326, 1.019E+03, 6.383E+01, 0.000E+00, 7.630E-04, 1.735E+02, 7.523E+01, 2.287E+02, 3.199E+01, 1.100E+02, 5.579E+01, 3.770E+00, 6.465E-01, 2.361E-01, 2.860E-01, 1.000E+00, 8.084E-01, 9.999E-01, 1.000E-02, 1.000E+00, 1.000E+00, 8.084E-03, 5.024E-05, 6.214E-05, 0.000E+00, 6.449E+01, 2.895E+01, 5.474E-03, 2.052E-04, 1.761E+02, 3.985E-03, 1.032E+00
02/04/2019,09:00,9,2.978,3.478,5.394,.565,.390, 1.018E+03, 5.886E+01, 0.000E+00, 7.630E-04, 1.978E+02, 7.245E+01, 2.226E+02, 3.139E+01, 2.035E+02, 1.029E+02, 4.077E+00, 8.443E-01, 2.536E-01, 3.278E-01, 1.000E+00, 8.151E-01, 9.999E-01, 1.000E-02, 1.000E+00, 1.000E+00, 8.151E-03, 5.097E-05, 6.252E-05, 0.000E+00, 6.079E+01, 2.696E+01, 5.474E-03, 2.082E-04, 1.760E+02, 4.068E-03, 1.012E+00
02/04/2019,10:00,9,2.978,3.478,6.519,.516,.469, 1.018E+03, 5.570E+01, 0.000E+00, 5.087E-04, 2.220E+02, 7.348E+01, 2.292E+02, 3.222E+01, 2.035E+02, 1.029E+02, 4.619E+00, 8.463E-01, 2.872E-01, 3.515E-01, 1.000E+00, 8.276E-01, 9.999E-01, 1.000E-02, 1.000E+00, 1.000E+00, 8.276E-03, 5.196E-05, 6.278E-05, 0.000E+00, 5.369E+01, 2.380E+01, 5.316E-03, 2.122E-04, 1.809E+02, 4.123E-03, 1.046E+00
02/04/2019,11:00,9,2.978,3.478,7.645,.467,.558, 1.017E+03, 5.477E+01, 0.000E+00, 2.543E-04, 2.291E+02, 7.359E+01, 2.310E+02, 3.238E+01, 2.035E+02, 1.029E+02, 5.169E+00, 8.482E-01, 3.213E-01, 3.580E-01, 1.000E+00, 8.305E-01, 9.999E-01, 1.000E-02, 1.000E+00, 1.000E+00, 8.305E-03, 5.235E-05, 6.303E-05, 0.000E+00, 4.801E+01, 2.127E+01, 5.158E-03, 2.138E-04, 1.862E+02, 4.145E-03, 1.198E+00
02/04/2019,12:00,9,2.978,3.478,8.770,.419,.658, 1.017E+03, 5.620E+01, 0.000E+00, 3.469E-16, 8.662E+01, 1.298E+02, 1.250E+02, 4.717E+01, 1.146E+02, 1.108E+02, 5.723E+00, 1.040E+00, 3.459E-01, 3.479E-01, 1.000E+00, 9.043E-01, 9.942E-01, 1.000E-02, 1.000E+00, 1.000E+00, 9.043E-03, 5.723E-05, 6.292E-05, 0.000E+00, 4.705E+01, 1.976E+01, 5.000E-03, 2.337E-04, 1.911E+02, 4.121E-03, 1.322E+00
02/04/2019,13:00,9,2.978,3.478,8.206,.406,.647, 1.016E+03, 5.979E+01, 0.000E+00, 3.469E-16, 7.567E+01, 1.192E+02, 1.185E+02, 4.333E+01, 1.146E+02, 1.108E+02, 6.067E+00, 1.039E+00, 3.666E-01, 3.204E-01, 1.000E+00, 8.832E-01, 9.924E-01, 1.000E-02, 1.000E+00, 1.000E+00, 8.832E-03, 5.578E-05, 6.268E-05, 0.000E+00, 4.438E+01, 1.864E+01, 5.000E-03, 2.278E-04, 1.913E+02, 4.168E-03, 1.223E+00
02/04/2019,14:00,9,2.978,3.478,7.642,.394,.635, 1.016E+03, 6.508E+01, 0.000E+00, 3.469E-16, 5.899E+01, 1.013E+02, 1.068E+02, 3.680E+01, 1.146E+02, 1.108E+02, 6.418E+00, 1.038E+00, 3.879E-01, 2.747E-01, 1.000E+00, 8.370E-01, 9.876E-01, 1.000E-02, 1.000E+00, 1.000E+00, 8.370E-03, 5.276E-05, 6.225E-05, 0.000E+00, 4.195E+01, 1.762E+01, 5.000E-03, 2.155E-04, 1.917E+02, 4.207E-03, 1.228E+00
02/04/2019,15:00,9,2.978,3.478,7.077,.382,.623, 1.015E+03, 7.156E+01, 0.000E+00, 3.469E-16, 4.946E+01, 7.545E+01, 1.060E+02, 2.782E+01,-6.060E+01, 4.571E+01, 6.775E+00, 8.594E-01, 3.932E-01, 2.105E-01, 1.000E+00, 7.459E-01, 9.872E-01, 1.000E-02, 1.000E+00, 1.000E+00, 7.459E-03, 4.692E-05, 6.210E-05, 0.000E+00, 4.382E+01, 1.738E+01, 5.000E-03, 1.916E-04, 1.926E+02, 4.198E-03, 9.100E-01
02/04/2019,16:00,9,2.978,3.478,5.967,.412,.549, 1.016E+03, 7.874E+01, 0.000E+00, 3.469E-16, 2.122E+01, 4.461E+01, 7.056E+01, 1.623E+01,-6.060E+01, 4.571E+01, 6.232E+00, 8.577E-01, 3.617E-01, 1.310E-01, 1.000E+00, 5.471E-01, 9.451E-01, 1.000E-02, 1.000E+00, 1.000E+00, 5.471E-03, 3.428E-05, 5.922E-05, 0.000E+00, 4.765E+01, 1.890E+01, 5.000E-03, 1.400E-04, 1.946E+02, 4.096E-03, 6.500E-01
02/04/2019,17:00,9,2.978,3.478,4.856,.442,.482, 1.016E+03, 8.620E+01, 0.000E+00, 3.469E-16, 1.138E+00, 1.245E+01, 1.289E+01, 4.315E+00,-6.060E+01, 4.571E+01, 5.691E+00, 8.559E-01, 3.302E-01, 4.455E-02, 1.000E+00, 1.737E-01, 4.116E-01, 1.000E-02, 1.000E+00, 1.000E+00, 1.737E-03, 1.084E-05, 2.569E-05, 0.000E+00, 5.219E+01, 2.070E+01, 5.000E-03, 4.428E-05, 1.982E+02, 3.960E-03, 6.172E-01
02/04/2019,18:00,9,2.978,3.478,3.746,.472,.422, 1.016E+03, 9.353E+01, 0.000E+00, 3.469E-16, 0.000E+00, 0.000E+00, 0.000E+00, 0.000E+00,-8.235E+01, 1.149E+01, 5.153E+00, 5.757E-01, 2.769E-01,-9.990E+02, 1.000E+00,-9.990E+02, 0.000E+00, 0.000E+00, 0.000E+00, 1.000E+00, 0.000E+00, 0.000E+00, 0.000E+00, 0.000E+00, 6.720E+01, 2.468E+01, 5.000E-03, 0.000E+00, 2.000E+02, 3.770E-03, 7.246E-01
02/04/2019,19:00,9,2.978,3.478,2.784,.540,.343, 1.016E+03, 1.003E+02, 0.000E+00, 3.469E-16, 0.000E+00, 0.000E+00, 0.000E+00, 0.000E+00,-8.235E+01, 1.149E+01, 4.562E+00, 5.747E-01, 2.450E-01,-9.990E+02, 1.000E+00,-9.990E+02, 0.000E+00, 0.000E+00, 0.000E+00, 1.000E+00, 0.000E+00, 0.000E+00, 0.000E+00, 0.000E+00, 7.599E+01, 2.790E+01, 5.000E-03, 0.000E+00, 2.000E+02, 3.653E-03, 7.030E-01
02/04/2019,20:00,9,2.978,3.478,1.822,.608,.273, 1.016E+03, 1.063E+02, 0.000E+00, 3.469E-16, 0.000E+00, 0.000E+00, 0.000E+00, 0.000E+00,-8.235E+01, 1.149E+01, 3.993E+00, 5.737E-01, 2.144E-01,-9.990E+02, 1.000E+00,-9.990E+02, 0.000E+00, 0.000E+00, 0.000E+00, 1.000E+00, 0.000E+00, 0.000E+00, 0.000E+00, 0.000E+00, 8.690E+01, 3.189E+01, 5.000E-03, 0.000E+00, 2.000E+02, 3.518E-03, 6.829E-01
02/04/2019,21:00,9,2.978,3.478,.861,.677,.210, 1.016E+03, 1.108E+02, 0.000E+00, 3.469E-16, 0.000E+00, 0.000E+00, 0.000E+00, 0.000E+00,-5.813E+01, 5.419E+00, 3.459E+00, 3.607E-01, 1.578E-01,-9.990E+02, 1.000E+00,-9.990E+02, 0.000E+00, 0.000E+00, 0.000E+00, 1.000E+00, 0.000E+00, 0.000E+00, 0.000E+00, 0.000E+00, 1.390E+02, 4.332E+01, 5.000E-03, 0.000E+00, 2.000E+02, 3.160E-03, 5.472E-01
02/04/2019,22:00,9,2.978,3.478,.551,.706,.187, 1.015E+03, 1.137E+02, 0.000E+00, 3.469E-16, 0.000E+00, 0.000E+00, 0.000E+00, 0.000E+00,-5.813E+01, 5.419E+00, 3.447E+00, 3.605E-01, 1.572E-01,-9.990E+02, 1.000E+00,-9.990E+02, 0.000E+00, 0.000E+00, 0.000E+00, 1.000E+00, 0.000E+00, 0.000E+00, 0.000E+00, 0.000E+00, 1.396E+02, 4.349E+01, 7.259E-03, 0.000E+00, 1.378E+02, 3.927E-03, 4.705E-01
02/04/2019,23:00,9,2.978,3.478,.241,.736,.164, 1.015E+03, 1.145E+02, 0.000E+00, 3.469E-16, 0.000E+00, 0.000E+00, 0.000E+00, 0.000E+00,-5.813E+01, 5.419E+00, 3.476E+00, 3.604E-01, 1.584E-01,-9.990E+02, 1.000E+00,-9.990E+02, 0.000E+00, 0.000E+00, 0.000E+00, 1.000E+00, 0.000E+00, 0.000E+00, 0.000E+00, 0.000E+00, 1.385E+02, 4.314E+01, 6.985E-02, 0.000E+00, 1.432E+01, 7.676E-03, 2.833E-01
03/04/2019,00:00,9,2.989,3.489,-.068,.766,.142, 1.015E+03, 1.131E+02, 4.253E-05, 3.469E-16, 0.000E+00, 0.000E+00, 0.000E+00, 0.000E+00,-6.386E+01, 3.669E+00, 3.545E+00, 3.978E-01, 1.687E-01,-9.990E+02, 1.000E+00,-9.990E+02, 0.000E+00, 0.000E+00, 0.000E+00, 1.000E+00, 0.000E+00, 0.000E+00, 0.000E+00, 0.000E+00, 1.245E+02, 4.051E+01, 1.000E-02, 0.000E+00, 1.000E+02, 4.799E-03, 2.557E-01
03/04/2019,01:00,9,2.989,3.489,.087,.779,.136, 1.014E+03, 1.098E+02, 4.253E-05, 3.469E-16, 0.000E+00, 0.000E+00, 0.000E+00, 0.000E+00,-6.386E+01, 3.669E+00, 3.632E+00, 3.980E-01, 1.729E-01,-9.990E+02, 1.000E+00,-9.990E+02, 0.000E+00, 0.000E+00, 0.000E+00, 1.000E+00, 0.000E+00, 0.000E+00, 0.000E+00, 0.000E+00, 1.215E+02, 3.953E+01, 1.001E-02, 0.000E+00, 9.992E+01, 4.862E-03, 5.199E-01
03/04/2019,02:00,9,2.989,3.489,.243,.791,.130, 1.014E+03, 1.049E+02, 4.253E-05, 3.469E-16, 0.000E+00, 0.000E+00, 0.000E+00, 0.000E+00,-6.386E+01, 3.669E+00, 3.723E+00, 3.982E-01, 1.773E-01,-9.990E+02, 1.000E+00,-9.990E+02, 0.000E+00, 0.000E+00, 0.000E+00, 1.000E+00, 0.000E+00, 0.000E+00, 0.000E+00, 0.000E+00, 1.184E+02, 3.855E+01, 8.928E-03, 0.000E+00, 1.120E+02, 4.649E-03, 7.564E-01
03/04/2019,03:00,9,2.989,3.489,.399,.804,.123, 1.013E+03, 9.871E+01, 4.253E-05, 3.469E-16, 0.000E+00, 0.000E+00, 0.000E+00, 0.000E+00,-4.518E+01, 6.711E+00, 3.819E+00, 4.150E-01, 1.964E-01,-9.990E+02, 1.000E+00,-9.990E+02, 0.000E+00, 0.000E+00, 0.000E+00, 1.000E+00, 0.000E+00, 0.000E+00, 0.000E+00, 0.000E+00, 9.896E+01, 3.480E+01, 1.027E-02, 0.000E+00, 9.740E+01, 5.271E-03, 7.213E-01
03/04/2019,04:00,9,2.989,3.489,1.183,.792,.139, 1.013E+03, 9.171E+01, 4.253E-05, 3.469E-16, 0.000E+00, 0.000E+00, 0.000E+00, 0.000E+00,-4.518E+01, 6.711E+00, 3.645E+00, 4.157E-01, 1.876E-01,-9.990E+02, 1.000E+00,-9.990E+02, 0.000E+00, 0.000E+00, 0.000E+00, 1.000E+00, 0.000E+00, 0.000E+00, 0.000E+00, 0.000E+00, 1.035E+02, 3.643E+01, 7.260E-03, 0.000E+00, 1.377E+02, 4.266E-03, 7.353E-01
03/04/2019,05:00,9,2.989,3.489,1.968,.779,.155, 1.013E+03, 8.429E+01, 4.253E-05, 3.469E-16, 2.994E+00, 1.832E+01, 2.143E+01, 6.396E+00,-4.518E+01, 6.711E+00, 3.472E+00, 4.163E-01, 1.788E-01, 6.662E-02, 1.000E+00, 2.549E-01, 5.859E-01, 1.000E-02, 1.000E+00, 1.000E+00, 2.549E-03, 1.575E-05, 3.618E-05, 0.000E+00, 1.086E+02, 3.822E+01, 5.000E-03, 6.454E-05, 1.975E+02, 3.346E-03, 8.027E-01
03/04/2019,06:00,9,2.989,3.489,2.753,.767,.173, 1.012E+03, 7.683E+01, 4.253E-05, 3.469E-16, 3.238E+01, 5.299E+01, 9.056E+01, 1.951E+01, 6.758E+01, 4.596E+01, 3.300E+00, 5.878E-01, 2.052E-01, 1.522E-01, 1.000E+00, 6.164E-01, 9.759E-01, 1.000E-02, 1.000E+00, 1.000E+00, 6.164E-03, 3.818E-05, 6.044E-05, 0.000E+00, 7.518E+01, 3.332E+01, 5.000E-03, 1.565E-04, 1.939E+02, 3.569E-03, 9.737E-01
03/04/2019,07:00,9,2.989,3.489,4.367,.706,.245, 1.012E+03, 6.974E+01, 4.253E-05, 3.469E-16, 6.497E+01, 8.117E+01, 1.240E+02, 3.025E+01, 6.758E+01, 4.596E+01, 3.534E+00, 5.896E-01, 2.197E-01, 2.286E-01, 1.000E+00, 7.763E-01, 9.939E-01, 1.000E-02, 1.000E+00, 1.000E+00, 7.763E-03, 4.837E-05, 6.192E-05, 0.000E+00, 7.026E+01, 3.112E+01, 5.000E-03, 1.982E-04, 1.924E+02, 3.663E-03, 9.230E-01
03/04/2019,08:00,9,2.989,3.489,5.981,.645,.332, 1.012E+03, 6.345E+01, 4.253E-05, 3.469E-16, 9.456E+01, 1.019E+02, 1.439E+02, 3.815E+01, 6.758E+01, 4.596E+01, 3.791E+00, 5.913E-01, 2.355E-01, 2.885E-01, 1.000E+00, 8.511E-01, 9.973E-01, 1.000E-02, 1.000E+00, 1.000E+00, 8.511E-03, 5.333E-05, 6.249E-05, 0.000E+00, 6.555E+01, 2.902E+01, 5.000E-03, 2.186E-04, 1.916E+02, 3.748E-03, 9.982E-01
03/04/2019,09:00,9,2.989,3.489,7.594,.584,.435, 1.012E+03, 5.847E+01, 4.253E-05, 3.469E-16, 2.147E+02, 7.739E+01, 2.388E+02, 3.352E+01, 1.738E+02, 9.671E+01, 4.066E+00, 7.491E-01, 2.548E-01, 3.298E-01, 1.000E+00, 8.312E-01, 9.999E-01, 1.000E-02, 1.000E+00, 1.000E+00, 8.312E-03, 5.238E-05, 6.302E-05, 0.000E+00, 5.965E+01, 2.682E+01, 5.000E-03, 2.147E-04, 1.918E+02, 3.830E-03, 1.033E+00
03/04/2019,10:00,9,2.989,3.489,8.263,.560,.481, 1.012E+03, 5.531E+01, 4.253E-05, 3.469E-16, 2.405E+02, 7.835E+01, 2.456E+02, 3.435E+01, 1.738E+02, 9.671E+01, 4.181E+00, 7.501E-01, 2.620E-01, 3.532E-01, 1.000E+00, 8.425E-01, 1.000E+00, 1.000E-02, 1.000E+00, 1.000E+00, 8.425E-03, 5.322E-05, 6.317E-05, 0.000E+00, 5.803E+01, 2.609E+01, 5.000E-03, 2.182E-04, 1.916E+02, 3.860E-03, 9.957E-01
03/04/2019,11:00,9,2.989,3.489,8.931,.537,.530, 1.011E+03, 5.439E+01, 4.253E-05, 3.469E-16, 2.479E+02, 7.844E+01, 2.474E+02, 3.451E+01, 1.738E+02, 9.671E+01, 4.297E+00, 7.511E-01, 2.692E-01, 3.597E-01, 1.000E+00, 8.451E-01, 1.000E+00, 1.000E-02, 1.000E+00, 1.000E+00, 8.451E-03, 5.352E-05, 6.332E-05, 0.000E+00, 5.648E+01, 2.539E+01, 5.000E-03, 2.194E-04, 1.916E+02, 3.888E-03, 1.084E+00
03/04/2019,12:00,9,2.989,3.489,9.599,.513,.583, 1.011E+03, 5.584E+01, 4.253E-05, 3.469E-16, 1.835E+02, 9.663E+01, 2.022E+02, 3.882E+01, 1.134E+02, 9.584E+01, 4.415E+00, 7.480E-01, 2.727E-01, 3.495E-01, 1.000E+00, 8.681E-01, 9.998E-01, 1.000E-02, 1.000E+00, 1.000E+00, 8.681E-03, 5.510E-05, 6.346E-05, 0.000E+00, 5.725E+01, 2.506E+01, 5.000E-03, 2.259E-04, 1.914E+02, 3.900E-03, 1.264E+00
03/04/2019,13:00,9,2.989,3.489,9.311,.517,.568, 1.011E+03, 5.944E+01, 4.253E-05, 3.469E-16, 1.606E+02, 9.203E+01, 1.947E+02, 3.679E+01, 1.134E+02, 9.584E+01, 4.393E+00, 7.477E-01, 2.714E-01, 3.222E-01, 1.000E+00, 8.506E-01, 9.997E-01, 1.000E-02, 1.000E+00, 1.000E+00, 8.506E-03, 5.394E-05, 6.339E-05, 0.000E+00, 5.753E+01, 2.519E+01, 5.000E-03, 2.211E-04, 1.915E+02, 3.893E-03, 1.351E+00
03/04/2019,14:00,9,2.989,3.489,9.022,.521,.552, 1.011E+03, 6.476E+01, 4.253E-05, 3.469E-16, 1.256E+02, 8.270E+01, 1.801E+02, 3.280E+01, 1.134E+02, 9.584E+01, 4.371E+00, 7.474E-01, 2.700E-01, 2.768E-01, 1.000E+00, 8.121E-01, 9.994E-01, 1.000E-02, 1.000E+00, 1.000E+00, 8.121E-03, 5.144E-05, 6.331E-05, 0.000E+00, 5.781E+01, 2.531E+01, 5.000E-03, 2.109E-04, 1.919E+02, 3.882E-03, 1.480E+00
03/04/2019,15:00,9,2.989,3.489,8.734,.524,.537, 1.010E+03, 7.125E+01, 4.253E-05, 3.469E-16, 9.793E+01, 5.697E+01, 1.758E+02, 2.340E+01,-3.734E+01, 3.050E+01, 4.350E+00, 5.468E-01, 2.446E-01, 2.130E-01, 1.000E+00, 6.993E-01, 9.993E-01, 1.000E-02, 1.000E+00, 1.000E+00, 6.993E-03, 4.425E-05, 6.323E-05, 0.000E+00, 7.268E+01, 2.794E+01, 5.000E-03, 1.814E-04, 1.930E+02, 3.752E-03, 1.569E+00
03/04/2019,16:00,9,2.989,3.489,7.205,.579,.428, 1.010E+03, 7.845E+01, 4.253E-05, 3.469E-16, 4.313E+01, 3.989E+01, 1.233E+02, 1.558E+01,-3.734E+01, 3.050E+01, 4.112E+00, 5.453E-01, 2.312E-01, 1.339E-01, 1.000E+00, 5.429E-01, 9.937E-01, 1.000E-02, 1.000E+00, 1.000E+00, 5.429E-03, 3.417E-05, 6.254E-05, 0.000E+00, 7.694E+01, 2.957E+01, 5.000E-03, 1.400E-04, 1.946E+02, 3.672E-03, 1.526E+00
03/04/2019,17:00,9,2.989,3.489,5.676,.633,.335, 1.010E+03, 8.590E+01, 4.253E-05, 3.469E-16, 2.926E+00, 1.539E+01, 2.586E+01, 5.398E+00,-3.734E+01, 3.050E+01, 3.876E+00, 5.438E-01, 2.178E-01, 4.783E-02, 1.000E+00, 2.209E-01, 6.548E-01, 1.000E-02, 1.000E+00, 1.000E+00, 2.209E-03, 1.383E-05, 4.099E-05, 0.000E+00, 8.171E+01, 3.139E+01, 5.000E-03, 5.668E-05, 1.978E+02, 3.567E-03, 1.563E+00
03/04/2019,18:00,9,2.989,3.489,4.147,.688,.256, 1.010E+03, 9.323E+01, 4.253E-05, 3.469E-16, 0.000E+00, 0.000E+00, 0.000E+00, 0.000E+00,-5.698E+01, 6.058E+00, 3.639E+00, 4.096E-01, 1.796E-01,-9.990E+02, 1.000E+00,-9.990E+02, 0.000E+00, 0.000E+00, 0.000E+00, 1.000E+00, 0.000E+00, 0.000E+00, 0.000E+00, 0.000E+00, 1.128E+02, 3.806E+01, 5.000E-03, 0.000E+00, 2.000E+02, 3.318E-03, 1.540E+00
03/04/2019,19:00,9,2.989,3.489,3.580,.707,.232, 1.011E+03, 1.000E+02, 4.253E-05, 3.469E-16, 0.000E+00, 0.000E+00, 0.000E+00, 0.000E+00,-5.698E+01, 6.058E+00, 3.596E+00, 4.091E-01, 1.774E-01,-9.990E+02, 1.000E+00,-9.990E+02, 0.000E+00, 0.000E+00, 0.000E+00, 1.000E+00, 0.000E+00, 0.000E+00, 0.000E+00, 0.000E+00, 1.143E+02, 3.853E+01, 5.000E-03, 0.000E+00, 2.000E+02, 3.304E-03, 1.299E+00
03/04/2019,20:00,9,2.989,3.489,3.012,.725,.208, 1.011E+03, 1.059E+02, 4.253E-05, 3.469E-16, 0.000E+00, 0.000E+00, 0.000E+00, 0.000E+00,-5.698E+01, 6.058E+00, 3.557E+00, 4.087E-01, 1.754E-01,-9.990E+02, 1.000E+00,-9.990E+02, 0.000E+00, 0.000E+00, 0.000E+00, 1.000E+00, 0.000E+00, 0.000E+00, 0.000E+00, 0.000E+00, 1.157E+02, 3.898E+01, 5.000E-03, 0.000E+00, 2.000E+02, 3.291E-03, 1.244E+00
03/04/2019,21:00,9,2.989,3.489,2.445,.744,.186, 1.011E+03, 1.105E+02, 4.253E-05, 3.469E-16, 0.000E+00, 0.000E+00, 0.000E+00, 0.000E+00,-5.491E+01, 4.881E+00, 3.522E+00, 3.727E-01, 1.660E-01,-9.990E+02, 1.000E+00,-9.990E+02, 0.000E+00, 0.000E+00, 0.000E+00, 1.000E+00, 0.000E+00, 0.000E+00, 0.000E+00, 0.000E+00, 1.278E+02, 4.118E+01, 5.501E-03, 0.000E+00, 1.818E+02, 3.424E-03, 1.361E+00
03/04/2019,22:00,9,2.989,3.489,2.379,.751,.180, 1.010E+03, 1.133E+02, 4.253E-05, 3.469E-16, 0.000E+00, 0.000E+00, 0.000E+00, 0.000E+00,-5.491E+01, 4.881E+00, 3.479E+00, 3.727E-01, 1.640E-01,-9.990E+02, 1.000E+00,-9.990E+02, 0.000E+00, 0.000E+00, 0.000E+00, 1.000E+00, 0.000E+00, 0.000E+00, 0.000E+00, 0.000E+00, 1.294E+02, 4.168E+01, 5.936E-03, 0.000E+00, 1.685E+02, 3.570E-03, 1.296E+00
03/04/2019,23:00,9,2.989,3.489,2.314,.759,.174, 1.010E+03, 1.141E+02, 4.253E-05, 3.469E-16, 0.000E+00, 0.000E+00, 0.000E+00, 0.000E+00,-5.491E+01, 4.881E+00, 3.441E+00, 3.726E-01, 1.621E-01,-9.990E+02, 1.000E+00,-9.990E+02, 0.000E+00, 0.000E+00, 0.000E+00, 1.000E+00, 0.000E+00, 0.000E+00, 0.000E+00, 0.000E+00, 1.309E+02, 4.216E+01, 5.555E-03, 0.000E+00, 1.800E+02, 3.414E-03, 1.216E+00
04/04/2019,00:00,9,3.000,3.500,2.248,.766,.168, 1.010E+03, 1.127E+02, 0.000E+00, 3.469E-16, 0.000E+00, 0.000E+00, 0.000E+00, 0.000E+00,-4.971E+01, 5.923E+00, 3.406E+00, 3.976E-01, 1.694E-01,-9.990E+02, 1.000E+00,-9.990E+02, 0.000E+00, 0.000E+00, 0.000E+00, 1.000E+00, 0.000E+00, 0.000E+00, 0.000E+00, 0.000E+00, 1.187E+02, 4.035E+01, 5.998E-03, 0.000E+00, 1.667E+02, 3.647E-03, 1.132E+00
04/04/2019,01:00,9,3.000,3.500,2.511,.752,.182, 1.010E+03, 1.094E+02, 0.000E+00, 3.469E-16, 0.000E+00, 0.000E+00, 0.000E+00, 0.000E+00,-4.971E+01, 5.923E+00, 3.404E+00, 3.978E-01, 1.694E-01,-9.990E+02, 1.000E+00,-9.990E+02, 0.000E+00, 0.000E+00, 0.000E+00, 1.000E+00, 0.000E+00, 0.000E+00, 0.000E+00, 0.000E+00, 1.187E+02, 4.036E+01, 5.000E-03, 0.000E+00, 2.000E+02, 3.252E-03, 9.963E-01
04/04/2019,02:00,9,3.000,3.500,2.775,.737,.196, 1.009E+03, 1.045E+02, 0.000E+00, 3.469E-16, 0.000E+00, 0.000E+00, 0.000E+00, 0.000E+00,-4.971E+01, 5.923E+00, 3.411E+00, 3.981E-01, 1.698E-01,-9.990E+02, 1.000E+00,-9.990E+02, 0.000E+00, 0.000E+00, 0.000E+00, 1.000E+00, 0.000E+00, 0.000E+00, 0.000E+00, 0.000E+00, 1.184E+02, 4.027E+01, 5.000E-03, 0.000E+00, 2.000E+02, 3.255E-03, 8.342E-01
04/04/2019,03:00,9,3.000,3.500,3.038,.723,.211, 1.009E+03, 9.833E+01, 0.000E+00, 3.469E-16, 0.000E+00, 0.000E+00, 0.000E+00, 0.000E+00,-3.245E+01, 1.051E+01, 3.427E+00, 3.628E-01, 1.744E-01,-9.990E+02, 1.000E+00,-9.990E+02, 0.000E+00, 0.000E+00, 0.000E+00, 1.000E+00, 0.000E+00, 0.000E+00, 0.000E+00, 0.000E+00, 1.126E+02, 3.919E+01, 5.000E-03, 0.000E+00, 2.000E+02, 3.288E-03, 7.211E-01
04/04/2019,04:00,9,3.000,3.500,3.545,.715,.224, 1.009E+03, 9.134E+01, 0.000E+00, 3.469E-16, 0.000E+00, 0.000E+00, 0.000E+00, 0.000E+00,-3.245E+01, 1.051E+01, 3.269E+00, 3.631E-01, 1.664E-01,-9.990E+02, 1.000E+00,-9.990E+02, 0.000E+00, 0.000E+00, 0.000E+00, 1.000E+00, 0.000E+00, 0.000E+00, 0.000E+00, 0.000E+00, 1.180E+02, 4.107E+01, 5.000E-03, 0.000E+00, 2.000E+02, 3.235E-03, 6.398E-01
04/04/2019,05:00,9,3.000,3.500,4.052,.708,.239, 1.009E+03, 8.392E+01, 0.000E+00, 3.469E-16, 7.416E+00, 2.274E+01, 4.312E+01, 8.107E+00,-3.245E+01, 1.051E+01, 3.112E+00, 3.634E-01, 1.585E-01, 7.061E-02, 1.000E+00, 3.221E-01, 8.303E-01, 1.000E-02, 1.000E+00, 1.000E+00, 3.221E-03, 2.005E-05, 5.167E-05, 0.000E+00, 1.238E+02, 4.312E+01, 5.000E-03, 8.246E-05, 1.968E+02, 3.213E-03, 6.236E-01
04/04/2019,06:00,9,3.000,3.500,4.559,.700,.254, 1.009E+03, 7.646E+01, 0.000E+00, 3.469E-16, 1.670E+01, 5.198E+01, 5.408E+01, 1.842E+01, 6.649E+01, 5.245E+01, 2.959E+00, 5.353E-01, 1.858E-01, 1.558E-01, 1.000E+00, 5.873E-01, 8.919E-01, 1.000E-02, 1.000E+00, 1.000E+00, 5.873E-03, 3.662E-05, 5.560E-05, 0.000E+00, 8.152E+01, 3.679E+01, 5.000E-03, 1.506E-04, 1.942E+02, 3.458E-03, 7.243E-01
04/04/2019,07:00,9,3.000,3.500,5.889,.655,.321, 1.009E+03, 6.936E+01, 0.000E+00, 3.469E-16, 3.275E+01, 8.298E+01, 7.596E+01, 2.950E+01, 6.649E+01, 5.245E+01, 3.030E+00, 5.366E-01, 1.902E-01, 2.316E-01, 1.000E+00, 7.615E-01, 9.560E-01, 1.000E-02, 1.000E+00, 1.000E+00, 7.615E-03, 4.770E-05, 5.989E-05, 0.000E+00, 7.967E+01, 3.594E+01, 5.000E-03, 1.962E-04, 1.924E+02, 3.506E-03, 6.636E-01
04/04/2019,08:00,9,3.000,3.500,7.220,.609,.398, 1.009E+03, 6.307E+01, 0.000E+00, 3.469E-16, 4.726E+01, 1.073E+02, 9.035E+01, 3.818E+01, 6.649E+01, 5.245E+01, 3.102E+00, 5.379E-01, 1.947E-01, 2.910E-01, 1.000E+00, 8.454E-01, 9.757E-01, 1.000E-02, 1.000E+00, 1.000E+00, 8.454E-03, 5.321E-05, 6.141E-05, 0.000E+00, 7.788E+01, 3.511E+01, 5.000E-03, 2.189E-04, 1.916E+02, 3.542E-03, 7.619E-01
04/04/2019,09:00,9,3.000,3.500,8.550,.563,.487, 1.009E+03, 5.808E+01, 0.000E+00, 3.469E-16, 1.242E+02, 1.147E+02, 1.606E+02, 4.311E+01, 1.508E+02, 1.016E+02, 3.175E+00, 6.138E-01, 2.030E-01, 3.318E-01, 1.000E+00, 8.861E-01, 9.986E-01, 1.000E-02, 1.000E+00, 1.000E+00, 8.861E-03, 5.604E-05, 6.315E-05, 0.000E+00, 7.219E+01, 3.367E+01, 5.000E-03, 2.305E-04, 1.912E+02, 3.603E-03, 9.115E-01
04/04/2019,10:00,9,3.000,3.500,9.452,.534,.552, 1.009E+03, 5.493E+01, 0.000E+00, 3.469E-16, 1.388E+02, 1.215E+02, 1.665E+02, 4.570E+01, 1.508E+02, 1.016E+02, 3.295E+00, 6.149E-01, 2.107E-01, 3.550E-01, 1.000E+00, 9.012E-01, 9.989E-01, 1.000E-02, 1.000E+00, 1.000E+00, 9.012E-03, 5.717E-05, 6.337E-05, 0.000E+00, 6.960E+01, 3.245E+01, 5.000E-03, 2.352E-04, 1.910E+02, 3.646E-03, 1.001E+00
04/04/2019,11:00,9,3.000,3.500,10.353,.505,.624, 1.009E+03, 5.401E+01, 0.000E+00, 3.469E-16, 1.430E+02, 1.233E+02, 1.681E+02, 4.638E+01, 1.508E+02, 1.016E+02, 3.428E+00, 6.159E-01, 2.191E-01, 3.613E-01, 1.000E+00, 9.048E-01, 9.990E-01, 1.000E-02, 1.000E+00, 1.000E+00, 9.048E-03, 5.759E-05, 6.358E-05, 0.000E+00, 6.695E+01, 3.120E+01, 5.000E-03, 2.369E-04, 1.910E+02, 3.690E-03, 1.180E+00
04/04/2019,12:00,9,3.000,3.500,11.254,.476,.702, 1.009E+03, 5.548E+01, 0.000E+00, 3.469E-16, 4.578E+01, 1.279E+02, 8.535E+01, 4.496E+01, 7.300E+01, 9.604E+01, 3.572E+00, 6.140E-01, 2.217E-01, 3.511E-01, 1.000E+00, 8.874E-01, 9.701E-01, 1.000E-02, 1.000E+00, 1.000E+00, 8.874E-03, 5.666E-05, 6.194E-05, 0.000E+00, 6.978E+01, 3.083E+01, 5.000E-03, 2.331E-04, 1.911E+02, 3.690E-03, 1.493E+00
04/04/2019,13:00,9,3.000,3.500,10.864,.484,.674, 1.009E+03, 5.910E+01, 0.000E+00, 3.469E-16, 4.010E+01, 1.167E+02, 8.007E+01, 4.102E+01, 7.300E+01, 9.604E+01, 3.512E+00, 6.136E-01, 2.180E-01, 3.239E-01, 1.000E+00, 8.629E-01, 9.629E-01, 1.000E-02, 1.000E+00, 1.000E+00, 8.629E-03, 5.502E-05, 6.139E-05, 0.000E+00, 7.095E+01, 3.135E+01, 5.000E-03, 2.263E-04, 1.913E+02, 3.669E-03, 1.768E+00
04/04/2019,14:00,9,3.000,3.500,10.473,.491,.647, 1.009E+03, 6.444E+01, 0.000E+00, 3.469E-16, 3.148E+01, 9.819E+01, 7.101E+01, 3.453E+01, 7.300E+01, 9.604E+01, 3.466E+00, 6.131E-01, 2.151E-01, 2.788E-01, 1.000E+00, 8.107E-01, 9.461E-01, 1.000E-02, 1.000E+00, 1.000E+00, 8.107E-03, 5.162E-05, 6.024E-05, 0.000E+00, 7.190E+01, 3.177E+01, 5.000E-03, 2.123E-04, 1.919E+02, 3.647E-03, 2.128E+00
04/04/2019,15:00,9,3.000,3.500,10.083,.499,.620, 1.009E+03, 7.095E+01, 0.000E+00, 3.469E-16, 1.879E+01, 7.131E+01, 5.378E+01, 2.501E+01,-3.044E+01, 3.006E+01, 3.432E+00, 4.179E-01, 1.849E-01, 2.154E-01, 1.000E+00, 6.959E-01, 8.905E-01, 1.000E-02, 1.000E+00, 1.000E+00, 6.959E-03, 4.425E-05, 5.662E-05, 0.000E+00, 1.004E+02, 3.696E+01, 5.000E-03, 1.820E-04, 1.930E+02, 3.441E-03, 2.329E+00
04/04/2019,16:00,9,3.000,3.500,8.390,.553,.494, 1.009E+03, 7.815E+01, 0.000E+00, 3.469E-16, 8.470E+00, 4.058E+01, 3.481E+01, 1.418E+01,-3.044E+01, 3.006E+01, 3.343E+00, 4.166E-01, 1.799E-01, 1.368E-01, 1.000E+00, 4.857E-01, 7.611E-01, 1.000E-02, 1.000E+00, 1.000E+00, 4.857E-03, 3.070E-05, 4.810E-05, 0.000E+00, 1.032E+02, 3.799E+01, 5.000E-03, 1.263E-04, 1.951E+02, 3.385E-03, 2.318E+00
04/04/2019,17:00,9,3.000,3.500,6.698,.607,.387, 1.010E+03, 8.561E+01, 0.000E+00, 3.469E-16, 6.978E-01, 1.082E+01, 8.271E+00, 3.715E+00,-3.044E+01, 3.006E+01, 3.257E+00, 4.153E-01, 1.752E-01, 5.107E-02, 1.000E+00, 1.492E-01, 2.884E-01, 1.000E-02, 1.000E+00, 1.000E+00, 1.492E-03, 9.372E-06, 1.812E-05, 0.000E+00, 1.061E+02, 3.902E+01, 5.000E-03, 3.855E-05, 1.985E+02, 3.316E-03, 2.202E+00
04/04/2019,18:00,9,3.000,3.500,5.005,.660,.297, 1.010E+03, 9.293E+01, 0.000E+00, 3.469E-16, 0.000E+00, 0.000E+00, 0.000E+00, 0.000E+00,-2.352E+01, 5.366E+00, 3.177E+00, 2.213E-01, 1.231E-01,-9.990E+02, 1.000E+00,-9.990E+02, 0.000E+00, 0.000E+00, 0.000E+00, 1.000E+00, 0.000E+00, 0.000E+00, 0.000E+00, 0.000E+00, 2.095E+02, 5.551E+01, 5.000E-03, 0.000E+00, 2.000E+02, 2.840E-03, 2.023E+00
04/04/2019,19:00,9,3.000,3.500,4.234,.693,.254, 1.011E+03, 9.972E+01, 0.000E+00, 3.469E-16, 0.000E+00, 0.000E+00, 0.000E+00, 0.000E+00,-2.352E+01, 5.366E+00, 2.754E+00, 2.210E-01, 1.066E-01,-9.990E+02, 1.000E+00,-9.990E+02, 0.000E+00, 0.000E+00, 0.000E+00, 1.000E+00, 0.000E+00, 0.000E+00, 0.000E+00, 0.000E+00, 2.424E+02, 6.412E+01, 5.000E-03, 0.000E+00, 2.000E+02, 2.662E-03, 1.846E+00
04/04/2019,20:00,9,3.000,3.500,3.464,.725,.215, 1.011E+03, 1.056E+02, 0.000E+00, 3.469E-16, 0.000E+00, 0.000E+00, 0.000E+00, 0.000E+00,-2.352E+01, 5.366E+00, 2.371E+00, 2.206E-01, 1.000E-01,-9.990E+02, 1.000E+00,-9.990E+02, 0.000E+00, 0.000E+00, 0.000E+00, 1.000E+00, 0.000E+00, 0.000E+00, 0.000E+00, 0.000E+00, 2.588E+02, 6.835E+01, 5.000E-03, 0.000E+00, 2.000E+02, 2.582E-03, 1.786E+00
04/04/2019,21:00,9,3.000,3.500,2.693,.758,.180, 1.012E+03, 1.101E+02, 0.000E+00, 3.469E-16, 0.000E+00, 0.000E+00, 0.000E+00, 0.000E+00,-1.038E+01, 2.972E+00, 2.048E+00, 1.359E-01, 1.000E-01,-9.990E+02, 1.000E+00,-9.990E+02, 0.000E+00, 0.000E+00, 0.000E+00, 1.000E+00, 0.000E+00, 0.000E+00, 0.000E+00, 0.000E+00, 3.391E+02, 6.835E+01, 5.000E-03, 0.000E+00, 2.000E+02, 2.533E-03, 1.804E+00
04/04/2019,22:00,9,3.000,3.500,2.437,.772,.166, 1.012E+03, 1.129E+02, 0.000E+00, 3.469E-16, 0.000E+00, 0.000E+00, 0.000E+00, 0.000E+00,-1.038E+01, 2.972E+00, 1.896E+00, 1.358E-01, 1.000E-01,-9.990E+02, 1.000E+00,-9.990E+02, 0.000E+00, 0.000E+00, 0.000E+00, 1.000E+00, 0.000E+00, 0.000E+00, 0.000E+00, 0.000E+00, 3.393E+02, 6.835E+01, 5.000E-03, 0.000E+00, 2.000E+02, 2.533E-03, 1.843E+00
04/04/2019,23:00,9,3.000,3.500,2.180,.786,.153, 1.012E+03, 1.137E+02, 0.000E+00, 3.469E-16, 0.000E+00, 0.000E+00, 0.000E+00, 0.000E+00,-1.038E+01, 2.972E+00, 1.924E+00, 1.357E-01, 1.000E-01,-9.990E+02, 1.000E+00,-9.990E+02, 0.000E+00, 0.000E+00, 0.000E+00, 1.000E+00, 0.000E+00, 0.000E+00, 0.000E+00, 0.000E+00, 3.396E+02, 6.835E+01, 5.000E-03, 0.000E+00, 2.000E+02, 2.533E-03, 1.826E+00
05/04/2019,00:00,9,3.010,3.510,1.924,.800,.140, 1.012E+03, 1.124E+02, 7.319E-05, 3.469E-16, 0.000E+00, 0.000E+00, 0.000E+00, 0.000E+00,-2.271E+01, 3.129E+00, 2.127E+00, 2.495E-01, 1.000E-01,-9.990E+02, 1.000E+00,-9.990E+02, 0.000E+00, 0.000E+00, 0.000E+00, 1.000E+00, 0.000E+00, 0.000E+00, 0.000E+00, 0.000E+00, 2.286E+02, 6.835E+01, 5.000E-03, 0.000E+00, 2.000E+02, 2.600E-03, 1.842E+00
05/04/2019,01:00,9,3.010,3.510,1.078,.844,.103, 1.013E+03, 1.091E+02, 7.319E-05, 3.469E-16, 0.000E+00, 0.000E+00, 0.000E+00, 0.000E+00,-2.271E+01, 3.129E+00, 1.896E+00, 2.491E-01, 1.000E-01,-9.990E+02, 1.000E+00,-9.990E+02, 0.000E+00, 0.000E+00, 0.000E+00, 1.000E+00, 0.000E+00, 0.000E+00, 0.000E+00, 0.000E+00, 2.289E+02, 6.835E+01, 1.124E-02, 0.000E+00, 8.897E+01, 3.656E-03, 1.840E+00
05/04/2019,02:00,9,3.010,3.510,.232,.887,.070, 1.013E+03, 1.041E+02, 7.319E-05, 3.469E-16, 0.000E+00, 0.000E+00, 0.000E+00, 0.000E+00,-2.271E+01, 3.129E+00, 2.118E+00, 2.486E-01, 1.000E-01,-9.990E+02, 1.000E+00,-9.990E+02, 0.000E+00, 0.000E+00, 0.000E+00, 1.000E+00, 0.000E+00, 0.000E+00, 0.000E+00, 0.000E+00, 2.292E+02, 6.835E+01, 2.787E-02, 0.000E+00, 3.589E+01, 4.535E-03, 1.618E+00
05/04/2019,03:00,9,3.010,3.510,-.613,.931,.040, 1.014E+03, 9.796E+01, 7.319E-05, 3.469E-16, 0.000E+00, 0.000E+00, 0.000E+00, 0.000E+00,-9.129E+00, 4.132E+00, 2.684E+00, 3.723E-01, 1.528E-01,-9.990E+02, 1.000E+00,-9.990E+02, 0.000E+00, 0.000E+00, 0.000E+00, 1.000E+00, 0.000E+00, 0.000E+00, 0.000E+00, 0.000E+00, 1.150E+02, 4.474E+01, 1.000E-02, 0.000E+00, 1.000E+02, 4.596E-03, 1.137E+00
05/04/2019,04:00,9,3.010,3.510,.271,.894,.066, 1.014E+03, 9.097E+01, 7.319E-05, 3.469E-16, 0.000E+00, 0.000E+00, 0.000E+00, 0.000E+00,-9.129E+00, 4.132E+00, 2.894E+00, 3.728E-01, 1.648E-01,-9.990E+02, 1.000E+00,-9.990E+02, 0.000E+00, 0.000E+00, 0.000E+00, 1.000E+00, 0.000E+00, 0.000E+00, 0.000E+00, 0.000E+00, 1.066E+02, 4.149E+01, 3.398E-02, 0.000E+00, 2.943E+01, 7.223E-03, 7.016E-01
05/04/2019,05:00,9,3.010,3.510,1.155,.858,.095, 1.014E+03, 8.356E+01, 7.319E-05, 3.469E-16, 4.952E+00, 2.221E+01, 2.984E+01, 7.779E+00,-9.129E+00, 4.132E+00, 3.139E+00, 3.733E-01, 1.788E-01, 7.456E-02, 1.000E+00, 3.061E-01, 7.070E-01, 1.000E-02, 1.000E+00, 1.000E+00, 3.061E-03, 1.885E-05, 4.353E-05, 0.000E+00, 9.821E+01, 3.823E+01, 1.269E-02, 7.782E-05, 7.834E+01, 5.592E-03, 6.695E-01
05/04/2019,06:00,9,3.010,3.510,2.039,.821,.127, 1.015E+03, 7.610E+01, 4.175E-02, 3.469E-16, 1.487E+01, 5.216E+01, 4.928E+01, 1.834E+01, 6.360E+01, 2.659E+01, 3.413E+00, 6.530E-01, 2.097E-01, 1.593E-01, 1.000E+00, 5.836E-01, 8.682E-01, 1.000E-02, 1.000E+00, 1.000E+00, 5.836E-03, 3.606E-05, 5.364E-05, 0.000E+00, 7.514E+01, 3.259E+01, 6.802E-03, 1.488E-04, 1.439E+02, 4.375E-03, 8.060E-01
05/04/2019,07:00,9,3.010,3.510,2.415,.825,.127, 1.015E+03, 6.899E+01, 4.175E-02, 3.469E-16, 2.859E+01, 8.274E+01, 6.906E+01, 2.917E+01, 6.360E+01, 2.659E+01, 3.699E+00, 6.533E-01, 2.273E-01, 2.346E-01, 1.000E+00, 7.558E-01, 9.416E-01, 1.000E-02, 1.000E+00, 1.000E+00, 7.558E-03, 4.675E-05, 5.825E-05, 0.000E+00, 6.934E+01, 3.007E+01, 8.049E-03, 1.930E-04, 1.213E+02, 5.013E-03, 5.172E-01
05/04/2019,08:00,9,3.010,3.510,2.791,.829,.128, 1.016E+03, 6.269E+01, 4.175E-02, 3.469E-16, 4.097E+01, 1.069E+02, 8.234E+01, 3.769E+01, 6.360E+01, 2.659E+01, 3.989E+00, 6.536E-01, 2.451E-01, 2.933E-01, 1.000E+00, 8.401E-01, 9.662E-01, 1.000E-02, 1.000E+00, 1.000E+00, 8.401E-03, 5.204E-05, 5.985E-05, 0.000E+00, 6.431E+01, 2.789E+01, 6.545E-03, 2.148E-04, 1.479E+02, 4.537E-03, 6.061E-01
05/04/2019,09:00,9,3.010,3.510,3.166,.833,.128, 1.016E+03, 5.770E+01, 1.299E-01, 3.469E-16, 1.145E+01, 9.492E+01, 4.328E+01, 3.256E+01, 6.205E+01, 3.897E+01, 4.281E+00, 6.855E-01, 2.620E-01, 3.338E-01, 1.000E+00, 7.692E-01, 8.314E-01, 1.000E-02, 1.000E+00, 1.000E+00, 7.692E-03, 4.771E-05, 5.157E-05, 0.000E+00, 6.067E+01, 2.609E+01, 7.203E-03, 1.970E-04, 1.351E+02, 4.926E-03, 6.196E-01
05/04/2019,10:00,9,3.010,3.510,2.920,.849,.114, 1.016E+03, 5.454E+01, 1.299E-01, 3.469E-16, 1.278E+01, 1.030E+02, 4.633E+01, 3.531E+01, 6.205E+01, 3.897E+01, 4.244E+00, 6.851E-01, 2.597E-01, 3.566E-01, 1.000E+00, 7.964E-01, 8.512E-01, 1.000E-02, 1.000E+00, 1.000E+00, 7.964E-03, 4.936E-05, 5.276E-05, 0.000E+00, 6.119E+01, 2.632E+01, 7.931E-03, 2.038E-04, 1.229E+02, 5.225E-03, 6.428E-01
05/04/2019,11:00,9,3.010,3.510,2.674,.864,.100, 1.017E+03, 5.364E+01, 1.299E-01, 3.469E-16, 1.315E+01, 1.051E+02, 4.715E+01, 3.606E+01, 6.205E+01, 3.897E+01, 4.210E+00, 6.847E-01, 2.576E-01, 3.628E-01, 1.000E+00, 8.033E-01, 8.562E-01, 1.000E-02, 1.000E+00, 1.000E+00, 8.033E-03, 4.974E-05, 5.302E-05, 0.000E+00, 6.168E+01, 2.653E+01, 1.177E-02, 2.053E-04, 8.348E+01, 6.557E-03, 5.811E-01
05/04/2019,12:00,9,3.010,3.510,2.428,.880,.087, 1.017E+03, 5.512E+01, 8.213E-03, 3.469E-16, 9.771E+00, 9.660E+01, 4.161E+01, 3.307E+01, 4.080E+01, 4.200E+01, 4.179E+00, 5.930E-01, 2.558E-01, 3.526E-01, 1.000E+00, 7.702E-01, 8.194E-01, 1.000E-02, 1.000E+00, 1.000E+00, 7.702E-03, 4.765E-05, 5.069E-05, 0.000E+00, 6.209E+01, 2.672E+01, 1.408E-02, 1.967E-04, 7.006E+01, 7.164E-03, 5.464E-01
05/04/2019,13:00,9,3.010,3.510,2.632,.865,.100, 1.017E+03, 5.876E+01, 8.213E-03, 2.543E-04, 8.568E+00, 8.754E+01, 3.823E+01, 2.997E+01, 4.080E+01, 4.200E+01, 3.967E+00, 5.932E-01, 2.428E-01, 3.256E-01, 1.000E+00, 7.358E-01, 7.925E-01, 1.000E-02, 1.000E+00, 1.000E+00, 7.358E-03, 4.556E-05, 4.906E-05, 0.000E+00, 6.541E+01, 2.815E+01, 1.189E-02, 1.881E-04, 8.282E+01, 6.408E-03, 5.328E-01
05/04/2019,14:00,9,3.010,3.510,2.835,.850,.112, 1.017E+03, 6.412E+01, 8.213E-03, 5.087E-04, 6.743E+00, 7.292E+01, 3.269E+01, 2.497E+01, 4.080E+01, 4.200E+01, 3.755E+00, 5.934E-01, 2.298E-01, 2.808E-01, 1.000E+00, 6.693E-01, 7.394E-01, 1.000E-02, 1.000E+00, 1.000E+00, 6.693E-03, 4.147E-05, 4.581E-05, 0.000E+00, 6.911E+01, 2.974E+01, 1.090E-02, 1.712E-04, 9.031E+01, 5.964E-03, 5.260E-01
05/04/2019,15:00,9,3.010,3.510,3.039,.836,.125, 1.017E+03, 7.065E+01, 8.051E-02, 7.630E-04, 6.052E+01, 7.777E+01, 1.201E+02, 2.880E+01, 8.772E-01, 1.508E+01, 3.544E+00, 4.814E-01, 2.108E-01, 2.178E-01, 1.000E+00, 7.592E-01, 9.928E-01, 1.000E-02, 1.000E+00, 1.000E+00, 7.592E-03, 4.707E-05, 6.156E-05, 0.000E+00, 7.964E+01, 3.243E+01, 8.820E-03, 1.943E-04, 1.109E+02, 5.107E-03, 4.727E-01
05/04/2019,16:00,9,3.010,3.510,2.467,.872,.093, 1.017E+03, 7.786E+01, 8.051E-02, 7.630E-04, 2.782E+01, 4.853E+01, 8.386E+01, 1.772E+01, 8.772E-01, 1.508E+01, 3.341E+00, 4.808E-01, 1.988E-01, 1.396E-01, 1.000E+00, 5.804E-01, 9.682E-01, 1.000E-02, 1.000E+00, 1.000E+00, 5.804E-03, 3.591E-05, 5.991E-05, 0.000E+00, 8.446E+01, 3.439E+01, 1.744E-02, 1.483E-04, 5.685E+01, 6.809E-03, 3.755E-01
05/04/2019,17:00,9,3.010,3.510,1.896,.909,.063, 1.017E+03, 8.532E+01, 8.051E-02, 7.630E-04, 2.687E+00, 1.633E+01, 2.213E+01, 5.676E+00, 8.772E-01, 1.508E+01, 3.147E+00, 4.803E-01, 1.872E-01, 5.426E-02, 1.000E+00, 2.293E-01, 5.975E-01, 1.000E-02, 1.000E+00, 1.000E+00, 2.293E-03, 1.416E-05, 3.689E-05, 0.000E+00, 8.967E+01, 3.651E+01, 2.897E-02, 5.846E-05, 3.445E+01, 7.691E-03, 3.405E-01
05/04/2019,18:00,9,3.010,3.510,1.324,.946,.036, 1.017E+03, 9.263E+01, 2.091E-02, 7.630E-04, 0.000E+00, 0.000E+00, 0.000E+00, 0.000E+00,-1.245E+01, 3.425E+00, 2.963E+00, 3.126E-01, 1.601E-01,-9.990E+02, 1.000E+00,-9.990E+02, 0.000E+00, 0.000E+00, 0.000E+00, 1.000E+00, 0.000E+00, 0.000E+00, 0.000E+00, 0.000E+00, 1.156E+02, 4.270E+01, 8.379E-02, 0.000E+00, 1.193E+01, 8.019E-03, 2.484E-01
05/04/2019,19:00,9,3.010,3.510,.981,.957,.028, 1.017E+03, 9.941E+01, 2.091E-02, 7.630E-04, 0.000E+00, 0.000E+00, 0.000E+00, 0.000E+00,-1.245E+01, 3.425E+00, 2.604E+00, 3.124E-01, 1.407E-01,-9.990E+02, 1.000E+00,-9.990E+02, 0.000E+00, 0.000E+00, 0.000E+00, 1.000E+00, 0.000E+00, 0.000E+00, 0.000E+00, 0.000E+00, 1.316E+02, 4.859E+01, 9.562E-02, 0.000E+00, 1.046E+01, 7.206E-03, 1.920E-01
05/04/2019,20:00,9,3.010,3.510,.638,.967,.021, 1.017E+03, 1.053E+02, 2.091E-02, 7.630E-04, 0.000E+00, 0.000E+00, 0.000E+00, 0.000E+00,-1.245E+01, 3.425E+00, 2.305E+00, 3.122E-01, 1.245E-01,-9.990E+02, 1.000E+00,-9.990E+02, 0.000E+00, 0.000E+00, 0.000E+00, 1.000E+00, 0.000E+00, 0.000E+00, 0.000E+00, 0.000E+00, 1.487E+02, 5.490E+01, 9.544E-02, 0.000E+00, 1.048E+01, 6.432E-03, 2.096E-01
05/04/2019,21:00,9,3.010,3.510,.295,.977,.014, 1.017E+03, 1.098E+02, 8.778E-02, 7.630E-04, 0.000E+00, 0.000E+00, 0.000E+00, 0.000E+00,-1.476E+01, 9.123E-01, 2.092E+00, 2.069E-01, 1.000E-01,-9.990E+02, 1.000E+00,-9.990E+02, 0.000E+00, 0.000E+00, 0.000E+00, 1.000E+00, 0.000E+00, 0.000E+00, 0.000E+00, 0.000E+00, 2.367E+02, 6.835E+01, 9.533E-02, 0.000E+00, 1.049E+01, 5.107E-03, 2.734E-01
05/04/2019,22:00,9,3.010,3.510,.165,.967,.021, 1.017E+03, 1.125E+02, 8.778E-02, 7.630E-04, 0.000E+00, 0.000E+00, 0.000E+00, 0.000E+00,-1.476E+01, 9.123E-01, 2.195E+00, 2.069E-01, 1.000E-01,-9.990E+02, 1.000E+00,-9.990E+02, 0.000E+00, 0.000E+00, 0.000E+00, 1.000E+00, 0.000E+00, 0.000E+00, 0.000E+00, 0.000E+00, 2.367E+02, 6.835E+01, 9.530E-02, 0.000E+00, 1.049E+01, 5.107E-03, 3.053E-01
05/04/2019,23:00,9,3.010,3.510,.036,.956,.027, 1.017E+03, 1.133E+02, 8.778E-02, 7.630E-04, 0.000E+00, 0.000E+00, 0.000E+00, 0.000E+00,-1.476E+01, 9.123E-01, 2.302E+00, 2.068E-01, 1.000E-01,-9.990E+02, 1.000E+00,-9.990E+02, 0.000E+00, 0.000E+00, 0.000E+00, 1.000E+00, 0.000E+00, 0.000E+00, 0.000E+00, 0.000E+00, 2.368E+02, 6.835E+01, 9.527E-02, 0.000E+00, 1.050E+01, 5.107E-03, 3.216E-01
06/04/2019,00:00,9,3.021,3.521,-.093,.946,.033, 1.017E+03, 1.120E+02, 1.407E-02, 7.630E-04, 0.000E+00, 0.000E+00, 0.000E+00, 0.000E+00,-3.398E+01, 6.684E+00, 2.413E+00, 2.706E-01, 1.011E-01,-9.990E+02, 1.000E+00,-9.990E+02, 0.000E+00, 0.000E+00, 0.000E+00, 1.000E+00, 0.000E+00, 0.000E+00, 0.000E+00, 0.000E+00, 2.361E+02, 6.760E+01, 9.838E-03, 0.000E+00, 1.016E+02, 3.507E-03, 3.726E-01
06/04/2019,01:00,9,3.021,3.521,.092,.932,.042, 1.017E+03, 1.087E+02, 1.407E-02, 1.780E-03, 0.000E+00, 0.000E+00, 0.000E+00, 0.000E+00,-3.398E+01, 6.684E+00, 2.398E+00, 2.707E-01, 1.005E-01,-9.990E+02, 1.000E+00,-9.990E+02, 0.000E+00, 0.000E+00, 0.000E+00, 1.000E+00, 0.000E+00, 0.000E+00, 0.000E+00, 0.000E+00, 2.374E+02, 6.801E+01, 6.448E-02, 0.000E+00, 1.551E+01, 4.998E-03, 4.535E-01
06/04/2019,02:00,9,3.021,3.521,.278,.918,.051, 1.017E+03, 1.038E+02, 1.407E-02, 2.798E-03, 0.000E+00, 0.000E+00, 0.000E+00, 0.000E+00,-3.398E+01, 6.684E+00, 2.638E+00, 2.709E-01, 1.106E-01,-9.990E+02, 1.000E+00,-9.990E+02, 0.000E+00, 0.000E+00, 0.000E+00, 1.000E+00, 0.000E+00, 0.000E+00, 0.000E+00, 0.000E+00, 2.157E+02, 6.180E+01, 3.548E-02, 0.000E+00, 2.819E+01, 5.105E-03, 5.944E-01
06/04/2019,03:00,9,3.021,3.521,.463,.904,.061, 1.017E+03, 9.759E+01, 0.000E+00, 3.815E-03, 0.000E+00, 0.000E+00, 0.000E+00, 0.000E+00,-3.910E+01, 1.603E+01, 3.074E+00, 3.299E-01, 1.443E-01,-9.990E+02, 1.000E+00,-9.990E+02, 0.000E+00, 0.000E+00, 0.000E+00, 1.000E+00, 0.000E+00, 0.000E+00, 0.000E+00, 0.000E+00, 1.477E+02, 4.738E+01, 2.516E-02, 0.000E+00, 3.974E+01, 6.000E-03, 7.913E-01
06/04/2019,04:00,9,3.021,3.521,1.435,.864,.092, 1.017E+03, 9.061E+01, 0.000E+00, 3.815E-03, 0.000E+00, 0.000E+00, 0.000E+00, 0.000E+00,-3.910E+01, 1.603E+01, 3.009E+00, 3.304E-01, 1.414E-01,-9.990E+02, 1.000E+00,-9.990E+02, 0.000E+00, 0.000E+00, 0.000E+00, 1.000E+00, 0.000E+00, 0.000E+00, 0.000E+00, 0.000E+00, 1.506E+02, 4.835E+01, 1.305E-02, 0.000E+00, 7.665E+01, 4.850E-03, 9.300E-01
06/04/2019,05:00,9,3.021,3.521,2.407,.824,.128, 1.017E+03, 8.319E+01, 0.000E+00, 3.815E-03, 1.484E+01, 2.773E+01, 7.272E+01, 1.011E+01,-3.910E+01, 1.603E+01, 2.982E+00, 3.310E-01, 1.403E-01, 7.845E-02, 1.000E+00, 3.881E-01, 9.498E-01, 1.000E-02, 1.000E+00, 1.000E+00, 3.881E-03, 2.401E-05, 5.875E-05, 0.000E+00, 1.515E+02, 4.872E+01, 8.061E-03, 9.947E-05, 1.225E+02, 3.952E-03, 1.131E+00
06/04/2019,06:00,9,3.021,3.521,3.379,.783,.169, 1.017E+03, 7.573E+01, 0.000E+00, 3.815E-03, 5.268E+01, 5.311E+01, 1.272E+02, 2.026E+01, 7.088E+01, 8.428E+01, 2.997E+00, 5.490E-01, 1.880E-01, 1.628E-01, 1.000E+00, 6.353E-01, 9.946E-01, 1.000E-02, 1.000E+00, 1.000E+00, 6.353E-03, 3.944E-05, 6.175E-05, 0.000E+00, 8.065E+01, 3.635E+01, 7.368E-03, 1.634E-04, 1.328E+02, 4.412E-03, 1.401E+00
06/04/2019,07:00,9,3.021,3.521,5.683,.691,.283, 1.016E+03, 6.863E+01, 0.000E+00, 3.561E-03, 9.946E+01, 7.389E+01, 1.653E+02, 2.885E+01, 7.088E+01, 8.428E+01, 3.325E+00, 5.513E-01, 2.085E-01, 2.375E-01, 1.000E+00, 7.669E-01, 9.989E-01, 1.000E-02, 1.000E+00, 1.000E+00, 7.669E-03, 4.801E-05, 6.252E-05, 0.000E+00, 7.279E+01, 3.278E+01, 7.210E-03, 1.989E-04, 1.350E+02, 4.553E-03, 1.363E+00
06/04/2019,08:00,9,3.021,3.521,7.986,.599,.430, 1.016E+03, 6.232E+01, 0.000E+00, 3.306E-03, 1.415E+02, 8.739E+01, 1.868E+02, 3.452E+01, 7.088E+01, 8.428E+01, 3.659E+00, 5.537E-01, 2.294E-01, 2.957E-01, 1.000E+00, 8.296E-01, 9.995E-01, 1.000E-02, 1.000E+00, 1.000E+00, 8.296E-03, 5.236E-05, 6.308E-05, 0.000E+00, 6.624E+01, 2.980E+01, 7.052E-03, 2.169E-04, 1.376E+02, 4.660E-03, 1.562E+00
06/04/2019,09:00,9,3.021,3.521,10.290,.507,.619, 1.016E+03, 5.732E+01, 0.000E+00, 3.052E-03, 2.175E+02, 7.568E+01, 2.341E+02, 3.268E+01, 1.516E+02, 1.375E+02, 3.997E+00, 8.291E-01, 2.467E-01, 3.357E-01, 1.000E+00, 8.267E-01, 9.999E-01, 1.000E-02, 1.000E+00, 1.000E+00, 8.267E-03, 5.260E-05, 6.362E-05, 0.000E+00, 6.338E+01, 2.771E+01, 6.894E-03, 2.179E-04, 1.406E+02, 4.705E-03, 1.773E+00
06/04/2019,10:00,9,3.021,3.521,11.065,.456,.719, 1.015E+03, 5.416E+01, 0.000E+00, 2.798E-03, 2.423E+02, 7.627E+01, 2.402E+02, 3.333E+01, 1.516E+02, 1.375E+02, 4.591E+00, 8.305E-01, 2.833E-01, 3.583E-01, 1.000E+00, 8.370E-01, 9.999E-01, 1.000E-02, 1.000E+00, 1.000E+00, 8.370E-03, 5.341E-05, 6.380E-05, 0.000E+00, 5.520E+01, 2.413E+01, 6.736E-03, 2.213E-04, 1.437E+02, 4.846E-03, 1.842E+00
06/04/2019,11:00,9,3.021,3.521,11.840,.406,.828, 1.015E+03, 5.326E+01, 0.000E+00, 2.543E-03, 2.492E+02, 7.625E+01, 2.417E+02, 3.344E+01, 1.516E+02, 1.375E+02, 5.206E+00, 8.318E-01, 3.213E-01, 3.643E-01, 1.000E+00, 8.393E-01, 1.000E+00, 1.000E-02, 1.000E+00, 1.000E+00, 8.393E-03, 5.370E-05, 6.397E-05, 0.000E+00, 4.869E+01, 2.128E+01, 6.578E-03, 2.225E-04, 1.470E+02, 4.944E-03, 1.965E+00
06/04/2019,12:00,9,3.021,3.521,12.616,.355,.946, 1.014E+03, 5.476E+01, 0.000E+00, 2.289E-03, 7.558E+01, 1.346E+02, 1.134E+02, 4.789E+01, 6.295E+01, 1.308E+02, 5.836E+00, 8.864E-01, 3.521E-01, 3.541E-01, 1.000E+00, 9.066E-01, 9.906E-01, 8.604E-02, 1.000E+00, 1.000E+00, 7.800E-02, 5.004E-04, 5.467E-04, 0.000E+00, 4.638E+01, 1.941E+01, 6.421E-03, 2.073E-03, 1.177E+02, 5.938E-03, 2.043E+00
06/04/2019,13:00,9,3.021,3.521,12.283,.364,.913, 1.014E+03, 5.843E+01, 0.000E+00, 1.526E-03, 6.638E+01, 1.237E+02, 1.074E+02, 4.405E+01, 6.295E+01, 1.308E+02, 5.678E+00, 8.862E-01, 3.425E-01, 3.273E-01, 1.000E+00, 8.861E-01, 9.880E-01, 4.001E-02, 1.000E+00, 1.000E+00, 3.546E-02, 2.272E-04, 2.533E-04, 0.000E+00, 4.767E+01, 1.996E+01, 5.947E-03, 9.412E-04, 1.452E+02, 5.069E-03, 2.081E+00
06/04/2019,14:00,9,3.021,3.521,11.950,.373,.880, 1.013E+03, 6.380E+01, 0.000E+00, 7.630E-04, 5.242E+01, 1.056E+02, 9.697E+01, 3.760E+01, 6.295E+01, 1.308E+02, 5.520E+00, 8.859E-01, 3.330E-01, 2.827E-01, 1.000E+00, 8.420E-01, 9.815E-01, 1.000E-02, 1.000E+00, 1.000E+00, 8.420E-03, 5.389E-05, 6.282E-05, 0.000E+00, 4.903E+01, 2.052E+01, 5.474E-03, 2.232E-04, 1.755E+02, 4.365E-03, 2.008E+00
06/04/2019,15:00,9,3.021,3.521,11.617,.382,.848, 1.012E+03, 7.035E+01, 0.000E+00, 3.469E-16, 3.504E+01, 7.997E+01, 8.054E+01, 2.844E+01,-5.674E+01, 4.723E+01, 5.365E+00, 6.950E-01, 3.060E-01, 2.202E-01, 1.000E+00, 7.499E-01, 9.636E-01, 1.000E-02, 1.000E+00, 1.000E+00, 7.499E-03, 4.794E-05, 6.160E-05, 0.000E+00, 5.730E+01, 2.234E+01, 5.000E-03, 1.986E-04, 1.924E+02, 3.983E-03, 1.960E+00
06/04/2019,16:00,9,3.021,3.521,10.030,.431,.702, 1.012E+03, 7.757E+01, 0.000E+00, 3.469E-16, 1.648E+01, 4.797E+01, 5.523E+01, 1.697E+01,-5.674E+01, 4.723E+01, 5.114E+00, 6.931E-01, 2.916E-01, 1.424E-01, 1.000E+00, 5.585E-01, 8.968E-01, 1.000E-02, 1.000E+00, 1.000E+00, 5.585E-03, 3.551E-05, 5.701E-05, 0.000E+00, 6.016E+01, 2.344E+01, 5.000E-03, 1.471E-04, 1.943E+02, 3.908E-03, 1.819E+00
06/04/2019,17:00,9,3.021,3.521,8.442,.480,.576, 1.012E+03, 8.502E+01, 0.000E+00, 3.469E-16, 1.860E+00, 1.511E+01, 1.593E+01, 5.206E+00,-5.674E+01, 4.723E+01, 4.862E+00, 6.912E-01, 2.771E-01, 5.743E-02, 1.000E+00, 2.093E-01, 4.806E-01, 1.000E-02, 1.000E+00, 1.000E+00, 2.093E-03, 1.323E-05, 3.038E-05, 0.000E+00, 6.331E+01, 2.466E+01, 5.000E-03, 5.481E-05, 1.978E+02, 3.807E-03, 1.708E+00
06/04/2019,18:00,9,3.021,3.521,6.854,.530,.467, 1.012E+03, 9.233E+01, 2.689E-01, 3.469E-16, 0.000E+00, 0.000E+00, 0.000E+00, 0.000E+00,-6.079E+01, 2.859E+01, 4.611E+00, 5.233E-01, 2.481E-01,-9.990E+02, 1.000E+00,-9.990E+02, 0.000E+00, 0.000E+00, 0.000E+00, 1.000E+00, 0.000E+00, 0.000E+00, 0.000E+00, 0.000E+00, 7.491E+01, 2.755E+01, 5.000E-03, 0.000E+00, 2.000E+02, 3.666E-03, 1.670E+00
06/04/2019,19:00,9,3.021,3.521,6.110,.582,.394, 1.011E+03, 9.910E+01, 2.689E-01, 5.087E-04, 0.000E+00, 0.000E+00, 0.000E+00, 0.000E+00,-6.079E+01, 2.859E+01, 4.285E+00, 5.227E-01, 2.305E-01,-9.990E+02, 1.000E+00,-9.990E+02, 0.000E+00, 0.000E+00, 0.000E+00, 1.000E+00, 0.000E+00, 0.000E+00, 0.000E+00, 0.000E+00, 8.067E+01, 2.966E+01, 5.316E-03, 0.000E+00, 1.881E+02, 3.753E-03, 1.713E+00
06/04/2019,20:00,9,3.021,3.521,5.367,.635,.327, 1.011E+03, 1.049E+02, 2.689E-01, 1.017E-03, 0.000E+00, 0.000E+00, 0.000E+00, 0.000E+00,-6.079E+01, 2.859E+01, 3.959E+00, 5.221E-01, 2.129E-01,-9.990E+02, 1.000E+00,-9.990E+02, 0.000E+00, 0.000E+00, 0.000E+00, 1.000E+00, 0.000E+00, 0.000E+00, 0.000E+00, 0.000E+00, 8.738E+01, 3.211E+01, 5.631E-03, 0.000E+00, 1.776E+02, 3.811E-03, 1.646E+00
06/04/2019,21:00,9,3.021,3.521,4.623,.688,.266, 1.011E+03, 1.094E+02, 8.227E-01, 1.526E-03, 0.000E+00, 0.000E+00, 0.000E+00, 0.000E+00,-4.567E+01, 4.428E+01, 3.634E+00, 3.787E-01, 1.789E-01,-9.990E+02, 1.000E+00,-9.990E+02, 0.000E+00, 0.000E+00, 0.000E+00, 1.000E+00, 0.000E+00, 0.000E+00, 0.000E+00, 0.000E+00, 1.135E+02, 3.820E+01, 5.947E-03, 0.000E+00, 1.682E+02, 3.704E-03, 1.486E+00
06/04/2019,22:00,9,3.021,3.521,4.215,.753,.204, 1.010E+03, 1.122E+02, 8.227E-01, 3.052E-03, 0.000E+00, 0.000E+00, 0.000E+00, 0.000E+00,-4.567E+01, 4.428E+01, 3.468E+00, 3.785E-01, 1.707E-01,-9.990E+02, 1.000E+00,-9.990E+02, 0.000E+00, 0.000E+00, 0.000E+00, 1.000E+00, 0.000E+00, 0.000E+00, 0.000E+00, 0.000E+00, 1.190E+02, 4.005E+01, 6.894E-03, 0.000E+00, 1.451E+02, 3.971E-03, 1.079E+00
06/04/2019,23:00,9,3.021,3.521,3.808,.818,.146, 1.009E+03, 1.129E+02, 8.227E-01, 4.578E-03, 0.000E+00, 0.000E+00, 0.000E+00, 0.000E+00,-4.567E+01, 4.428E+01, 3.305E+00, 3.783E-01, 1.626E-01,-9.990E+02, 1.000E+00,-9.990E+02, 0.000E+00, 0.000E+00, 0.000E+00, 1.000E+00, 0.000E+00, 0.000E+00, 0.000E+00, 0.000E+00, 1.250E+02, 4.203E+01, 1.037E-02, 0.000E+00, 9.645E+01, 4.797E-03, 8.408E-01
07/04/2019,00:00,9,3.032,3.532,3.400,.883,.092, 1.009E+03, 1.116E+02, 2.002E-01, 6.104E-03, 0.000E+00, 0.000E+00, 0.000E+00, 0.000E+00,-9.426E+00, 8.971E+00, 3.147E+00, 1.222E-01, 1.000E-01,-9.990E+02, 1.000E+00,-9.990E+02, 0.000E+00, 0.000E+00, 0.000E+00, 1.000E+00, 0.000E+00, 0.000E+00, 0.000E+00, 0.000E+00, 3.819E+02, 6.835E+01, 2.034E-02, 0.000E+00, 4.918E+01, 4.033E-03, 7.521E-01
07/04/2019,01:00,9,3.032,3.532,2.905,.885,.087, 1.008E+03, 1.083E+02, 2.002E-01, 1.017E-02, 0.000E+00, 0.000E+00, 0.000E+00, 0.000E+00,-9.426E+00, 8.971E+00, 2.768E+00, 1.221E-01, 1.000E-01,-9.990E+02, 1.000E+00,-9.990E+02, 0.000E+00, 0.000E+00, 0.000E+00, 1.000E+00, 0.000E+00, 0.000E+00, 0.000E+00, 0.000E+00, 3.825E+02, 6.835E+01, 1.685E-02, 0.000E+00, 5.935E+01, 3.873E-03, 9.221E-01
07/04/2019,02:00,9,3.032,3.532,2.411,.887,.082, 1.008E+03, 1.034E+02, 2.002E-01, 1.424E-02, 0.000E+00, 0.000E+00, 0.000E+00, 0.000E+00,-9.426E+00, 8.971E+00, 2.468E+00, 1.220E-01, 1.000E-01,-9.990E+02, 1.000E+00,-9.990E+02, 0.000E+00, 0.000E+00, 0.000E+00, 1.000E+00, 0.000E+00, 0.000E+00, 0.000E+00, 0.000E+00, 3.830E+02, 6.835E+01, 1.458E-02, 0.000E+00, 6.857E+01, 3.739E-03, 1.091E+00
07/04/2019,03:00,9,3.032,3.532,1.916,.890,.078, 1.007E+03, 9.722E+01, 1.492E-03, 1.831E-02, 0.000E+00, 0.000E+00, 0.000E+00, 0.000E+00,-1.108E+01, 1.859E+01, 2.279E+00, 2.991E-01, 1.228E-01,-9.990E+02, 1.000E+00,-9.990E+02, 0.000E+00, 0.000E+00, 0.000E+00, 1.000E+00, 0.000E+00, 0.000E+00, 0.000E+00, 0.000E+00, 1.510E+02, 5.564E+01, 1.429E-02, 0.000E+00, 7.000E+01, 4.609E-03, 1.278E+00
07/04/2019,04:00,9,3.032,3.532,1.911,.904,.068, 1.007E+03, 9.025E+01, 1.492E-03, 1.831E-02, 0.000E+00, 0.000E+00, 0.000E+00, 0.000E+00,-1.108E+01, 1.859E+01, 1.063E+00, 2.991E-01, 1.000E-01,-9.990E+02, 1.000E+00,-9.990E+02, 0.000E+00, 0.000E+00, 0.000E+00, 1.000E+00, 0.000E+00, 0.000E+00, 0.000E+00, 0.000E+00, 1.855E+02, 6.835E+01, 1.429E-02, 0.000E+00, 7.000E+01, 3.991E-03, 1.242E+00
07/04/2019,05:00,9,3.032,3.532,1.907,.918,.058, 1.007E+03, 8.284E+01, 1.492E-03, 1.831E-02, 1.712E+01, 2.908E+01, 7.928E+01, 1.065E+01,-1.108E+01, 1.859E+01, 1.860E+00, 2.991E-01, 1.003E-01, 8.228E-02, 1.000E+00, 4.047E-01, 9.616E-01, 1.000E-02, 1.000E+00, 1.000E+00, 4.047E-03, 2.499E-05, 5.938E-05, 0.000E+00, 1.850E+02, 6.816E+01, 1.429E-02, 1.039E-04, 6.949E+01, 4.007E-03, 9.725E-01
07/04/2019,06:00,9,3.032,3.532,1.902,.932,.048, 1.007E+03, 7.537E+01, 0.000E+00, 1.831E-02, 7.281E+01, 5.299E+01, 1.652E+02, 2.103E+01, 9.947E+01, 8.713E+01, 3.491E+00, 5.665E-01, 2.214E-01, 1.662E-01, 1.000E+00, 6.487E-01, 9.989E-01, 1.000E-02, 1.000E+00, 1.000E+00, 6.487E-03, 4.005E-05, 6.168E-05, 0.000E+00, 6.717E+01, 3.087E+01, 1.429E-02, 1.665E-04, 6.919E+01, 6.727E-03, 8.489E-01
07/04/2019,07:00,9,3.032,3.532,3.180,.849,.116, 1.007E+03, 6.826E+01, 0.000E+00, 1.755E-02, 1.347E+02, 6.856E+01, 2.101E+02, 2.831E+01, 9.947E+01, 8.713E+01, 3.562E+00, 5.679E-01, 2.258E-01, 2.403E-01, 1.000E+00, 7.628E-01, 9.998E-01, 1.000E-02, 1.000E+00, 1.000E+00, 7.628E-03, 4.732E-05, 6.202E-05, 0.000E+00, 6.589E+01, 3.027E+01, 1.429E-02, 1.967E-04, 6.905E+01, 6.805E-03, 6.004E-01
07/04/2019,08:00,9,3.032,3.532,4.459,.765,.197, 1.007E+03, 6.194E+01, 0.000E+00, 1.679E-02, 1.900E+02, 7.664E+01, 2.345E+02, 3.247E+01, 9.947E+01, 8.713E+01, 3.639E+00, 5.692E-01, 2.307E-01, 2.979E-01, 1.000E+00, 8.153E-01, 9.999E-01, 1.000E-02, 1.000E+00, 1.000E+00, 8.153E-03, 5.081E-05, 6.232E-05, 0.000E+00, 6.455E+01, 2.963E+01, 1.429E-02, 2.112E-04, 6.898E+01, 6.884E-03, 6.692E-01
07/04/2019,09:00,9,3.032,3.532,5.737,.682,.292, 1.007E+03, 5.694E+01, 2.568E-05, 1.602E-02, 2.212E+02, 7.566E+01, 2.354E+02, 3.267E+01, 1.443E+02, 9.361E+01, 3.722E+00, 7.084E-01, 2.332E-01, 3.375E-01, 1.000E+00, 8.272E-01, 9.999E-01, 1.000E-02, 1.000E+00, 1.000E+00, 8.272E-03, 5.179E-05, 6.260E-05, 0.000E+00, 6.525E+01, 2.931E+01, 1.429E-02, 2.153E-04, 6.896E+01, 6.910E-03, 6.636E-01
07/04/2019,10:00,9,3.032,3.532,6.411,.622,.364, 1.007E+03, 5.378E+01, 2.568E-05, 1.526E-02, 2.459E+02, 7.612E+01, 2.413E+02, 3.327E+01, 1.443E+02, 9.361E+01, 3.855E+00, 7.093E-01, 2.414E-01, 3.599E-01, 1.000E+00, 8.371E-01, 1.000E+00, 1.000E-02, 1.000E+00, 1.000E+00, 8.371E-03, 5.253E-05, 6.276E-05, 0.000E+00, 6.303E+01, 2.831E+01, 1.429E-02, 2.184E-04, 6.895E+01, 7.037E-03, 6.260E-01
07/04/2019,11:00,9,3.032,3.532,7.085,.562,.441, 1.007E+03, 5.289E+01, 2.568E-05, 1.450E-02, 2.527E+02, 7.608E+01, 2.427E+02, 3.337E+01, 1.443E+02, 9.361E+01, 4.003E+00, 7.102E-01, 2.507E-01, 3.658E-01, 1.000E+00, 8.392E-01, 1.000E+00, 1.000E-02, 1.000E+00, 1.000E+00, 8.392E-03, 5.280E-05, 6.291E-05, 0.000E+00, 6.073E+01, 2.727E+01, 1.400E-02, 2.195E-04, 7.034E+01, 7.101E-03, 6.586E-01
07/04/2019,12:00,9,3.032,3.532,7.759,.503,.526, 1.007E+03, 5.440E+01, 2.568E-05, 1.373E-02, 1.751E+02, 1.077E+02, 1.922E+02, 4.179E+01, 4.618E+01, 5.933E+01, 4.164E+00, 7.325E-01, 2.522E-01, 3.556E-01, 1.000E+00, 8.844E-01, 9.996E-01, 1.000E-02, 1.000E+00, 1.000E+00, 8.844E-03, 5.577E-05, 6.304E-05, 0.000E+00, 6.421E+01, 2.710E+01, 1.352E-02, 2.319E-04, 7.270E+01, 6.975E-03, 6.641E-01
07/04/2019,13:00,9,3.032,3.532,7.274,.527,.483, 1.007E+03, 5.809E+01, 2.568E-05, 9.664E-03, 1.540E+02, 1.022E+02, 1.852E+02, 3.952E+01, 4.618E+01, 5.933E+01, 4.127E+00, 7.318E-01, 2.500E-01, 3.289E-01, 1.000E+00, 8.678E-01, 9.995E-01, 1.000E-02, 1.000E+00, 1.000E+00, 8.678E-03, 5.463E-05, 6.292E-05, 0.000E+00, 6.477E+01, 2.734E+01, 1.100E-02, 2.271E-04, 8.909E+01, 6.235E-03, 6.505E-01
07/04/2019,14:00,9,3.032,3.532,6.788,.552,.443, 1.007E+03, 6.349E+01, 2.568E-05, 5.595E-03, 1.220E+02, 9.146E+01, 1.718E+02, 3.520E+01, 4.618E+01, 5.933E+01, 4.189E+00, 7.311E-01, 2.538E-01, 2.846E-01, 1.000E+00, 8.316E-01, 9.991E-01, 1.000E-02, 1.000E+00, 1.000E+00, 8.316E-03, 5.226E-05, 6.279E-05, 0.000E+00, 6.382E+01, 2.694E+01, 8.472E-03, 2.173E-04, 1.151E+02, 5.396E-03, 6.128E-01
07/04/2019,15:00,9,3.032,3.532,6.303,.577,.405, 1.007E+03, 7.005E+01, 5.791E-04, 1.526E-03, 3.356E+01, 8.080E+01, 7.776E+01, 2.858E+01,-7.736E+00, 1.738E+01, 4.344E+00, 4.110E-01, 2.511E-01, 2.225E-01, 1.000E+00, 7.510E-01, 9.592E-01, 1.000E-02, 1.000E+00, 1.000E+00, 7.510E-03, 4.711E-05, 6.017E-05, 0.000E+00, 6.890E+01, 2.722E+01, 5.947E-03, 1.959E-04, 1.628E+02, 4.269E-03, 6.413E-01
07/04/2019,16:00,9,3.032,3.532,5.166,.660,.301, 1.007E+03, 7.727E+01, 5.791E-04, 1.526E-03, 1.611E+01, 4.888E+01, 5.378E+01, 1.721E+01,-7.736E+00, 1.738E+01, 3.796E+00, 4.101E-01, 2.194E-01, 1.452E-01, 1.000E+00, 5.629E-01, 8.905E-01, 1.000E-02, 1.000E+00, 1.000E+00, 5.629E-03, 3.517E-05, 5.564E-05, 0.000E+00, 7.887E+01, 3.116E+01, 5.947E-03, 1.462E-04, 1.641E+02, 4.067E-03, 5.890E-01
07/04/2019,17:00,9,3.032,3.532,4.030,.742,.210, 1.007E+03, 8.473E+01, 5.791E-04, 1.526E-03, 2.084E+00, 1.595E+01, 1.684E+01, 5.485E+00,-7.736E+00, 1.738E+01, 3.262E+00, 4.092E-01, 1.885E-01, 6.055E-02, 1.000E+00, 2.200E-01, 4.997E-01, 1.000E-02, 1.000E+00, 1.000E+00, 2.200E-03, 1.369E-05, 3.109E-05, 0.000E+00, 9.180E+01, 3.626E+01, 5.947E-03, 5.691E-05, 1.666E+02, 3.821E-03, 4.988E-01
07/04/2019,18:00,9,3.032,3.532,2.893,.825,.131, 1.008E+03, 9.203E+01, 1.566E-02, 1.526E-03, 0.000E+00, 0.000E+00, 0.000E+00, 0.000E+00,-9.641E+00, 7.849E+00, 2.750E+00, 5.939E-01, 1.615E-01,-9.990E+02, 1.000E+00,-9.990E+02, 0.000E+00, 0.000E+00, 0.000E+00, 1.000E+00, 0.000E+00, 0.000E+00, 0.000E+00, 0.000E+00, 1.054E+02, 4.232E+01, 6.432E-03, 0.000E+00, 1.555E+02, 3.754E-03, 4.705E-01
07/04/2019,19:00,9,3.032,3.532,2.901,.827,.131, 1.008E+03, 9.879E+01, 1.566E-02, 1.526E-03, 0.000E+00, 0.000E+00, 0.000E+00, 0.000E+00,-9.641E+00, 7.849E+00, 3.218E+00, 5.939E-01, 1.890E-01,-9.990E+02, 1.000E+00,-9.990E+02, 0.000E+00, 0.000E+00, 0.000E+00, 1.000E+00, 0.000E+00, 0.000E+00, 0.000E+00, 0.000E+00, 9.011E+01, 3.617E+01, 6.427E-03, 0.000E+00, 1.556E+02, 3.994E-03, 4.498E-01
07/04/2019,20:00,9,3.032,3.532,2.909,.828,.130, 1.008E+03, 1.046E+02, 1.566E-02, 1.526E-03, 0.000E+00, 0.000E+00, 0.000E+00, 0.000E+00,-9.641E+00, 7.849E+00, 3.870E+00, 5.939E-01, 2.273E-01,-9.990E+02, 1.000E+00,-9.990E+02, 0.000E+00, 0.000E+00, 0.000E+00, 1.000E+00, 0.000E+00, 0.000E+00, 0.000E+00, 0.000E+00, 7.492E+01, 3.007E+01, 6.817E-03, 0.000E+00, 1.467E+02, 4.434E-03, 3.955E-01
07/04/2019,21:00,9,3.032,3.532,2.917,.829,.129, 1.008E+03, 1.091E+02, 1.340E-01, 1.526E-03, 0.000E+00, 0.000E+00, 0.000E+00, 0.000E+00,-1.131E+01, 2.084E+01, 4.630E+00, 8.212E-01, 2.736E-01,-9.990E+02, 1.000E+00,-9.990E+02, 0.000E+00, 0.000E+00, 0.000E+00, 1.000E+00, 0.000E+00, 0.000E+00, 0.000E+00, 0.000E+00, 6.184E+01, 2.498E+01, 8.733E-03, 0.000E+00, 1.145E+02, 5.557E-03, 3.552E-01
07/04/2019,22:00,9,3.032,3.532,2.351,.859,.102, 1.008E+03, 1.118E+02, 1.340E-01, 1.526E-03, 0.000E+00, 0.000E+00, 0.000E+00, 0.000E+00,-1.131E+01, 2.084E+01, 4.978E+00, 8.203E-01, 2.942E-01,-9.990E+02, 1.000E+00,-9.990E+02, 0.000E+00, 0.000E+00, 0.000E+00, 1.000E+00, 0.000E+00, 0.000E+00, 0.000E+00, 0.000E+00, 5.753E+01, 2.324E+01, 1.790E-02, 0.000E+00, 5.587E+01, 8.566E-03, 2.876E-01
07/04/2019,23:00,9,3.032,3.532,1.785,.890,.077, 1.008E+03, 1.126E+02, 1.340E-01, 1.526E-03, 0.000E+00, 0.000E+00, 0.000E+00, 0.000E+00,-1.131E+01, 2.084E+01, 5.378E+00, 8.194E-01, 3.178E-01,-9.990E+02, 1.000E+00,-9.990E+02, 0.000E+00, 0.000E+00, 0.000E+00, 1.000E+00, 0.000E+00, 0.000E+00, 0.000E+00, 0.000E+00, 5.325E+01, 2.151E+01, 2.934E-02, 0.000E+00, 3.409E+01, 1.106E-02, 2.530E-01
08/04/2019,00:00,9,3.042,3.542,1.219,.920,.053, 1.008E+03, 1.112E+02, 1.267E-01, 1.526E-03, 0.000E+00, 0.000E+00, 0.000E+00, 0.000E+00,-2.430E+01, 3.769E+01, 5.819E+00, 9.939E-01, 3.435E-01,-9.990E+02, 1.000E+00,-9.990E+02, 0.000E+00, 0.000E+00, 0.000E+00, 1.000E+00, 0.000E+00, 0.000E+00, 0.000E+00, 0.000E+00, 4.932E+01, 1.990E+01, 4.282E-02, 0.000E+00, 2.335E+01, 1.325E-02, 1.965E-01
08/04/2019,01:00,9,3.042,3.542,1.146,.888,.074, 1.009E+03, 1.079E+02, 1.267E-01, 2.035E-03, 0.000E+00, 0.000E+00, 0.000E+00, 0.000E+00,-2.430E+01, 3.769E+01, 6.246E+00, 9.937E-01, 3.687E-01,-9.990E+02, 1.000E+00,-9.990E+02, 0.000E+00, 0.000E+00, 0.000E+00, 1.000E+00, 0.000E+00, 0.000E+00, 0.000E+00, 0.000E+00, 4.594E+01, 1.854E+01, 2.016E-02, 0.000E+00, 4.961E+01, 1.019E-02, 2.314E-01
08/04/2019,02:00,9,3.042,3.542,1.073,.856,.095, 1.009E+03, 1.030E+02, 1.267E-01, 2.543E-03, 0.000E+00, 0.000E+00, 0.000E+00, 0.000E+00,-2.430E+01, 3.769E+01, 6.700E+00, 9.934E-01, 3.955E-01,-9.990E+02, 1.000E+00,-9.990E+02, 0.000E+00, 0.000E+00, 0.000E+00, 1.000E+00, 0.000E+00, 0.000E+00, 0.000E+00, 0.000E+00, 4.283E+01, 1.728E+01, 1.321E-02, 0.000E+00, 7.571E+01, 8.265E-03, 2.587E-01
08/04/2019,03:00,9,3.042,3.542,1.000,.823,.116, 1.009E+03, 9.686E+01, 1.029E-02, 3.052E-03, 0.000E+00, 0.000E+00, 0.000E+00, 0.000E+00,-7.920E+00, 2.185E+01, 7.176E+00, 1.123E+00, 4.256E-01,-9.990E+02, 1.000E+00,-9.990E+02, 0.000E+00, 0.000E+00, 0.000E+00, 1.000E+00, 0.000E+00, 0.000E+00, 0.000E+00, 0.000E+00, 3.962E+01, 1.606E+01, 9.795E-03, 0.000E+00, 1.021E+02, 6.937E-03, 2.871E-01
08/04/2019,04:00,9,3.042,3.542,1.053,.777,.147, 1.010E+03, 8.989E+01, 1.029E-02, 3.052E-03, 5.294E-41, 3.775E-01, 0.000E+00, 0.000E+00,-7.920E+00, 2.185E+01, 7.533E+00, 1.123E+00, 4.468E-01,-9.990E+02, 1.000E+00,-9.990E+02, 0.000E+00, 0.000E+00, 0.000E+00, 1.000E+00, 0.000E+00, 0.000E+00, 0.000E+00, 0.000E+00, 3.774E+01, 1.530E+01, 6.894E-03, 0.000E+00, 1.451E+02, 5.402E-03, 3.282E-01
08/04/2019,05:00,9,3.042,3.542,1.106,.731,.178, 1.010E+03, 8.248E+01, 1.029E-02, 3.052E-03, 1.065E+01, 2.842E+01, 5.077E+01, 1.008E+01,-7.920E+00, 2.185E+01, 7.894E+00, 1.123E+00, 4.682E-01, 8.606E-02, 1.000E+00, 3.856E-01, 8.761E-01, 1.000E-02, 1.000E+00, 1.000E+00, 3.856E-03, 2.374E-05, 5.394E-05, 0.000E+00, 3.601E+01, 1.460E+01, 6.894E-03, 9.905E-05, 1.430E+02, 5.518E-03, 3.828E-01
08/04/2019,06:00,9,3.042,3.542,1.159,.685,.209, 1.010E+03, 7.501E+01, 1.261E-03, 3.052E-03, 5.752E+01, 5.548E+01, 1.324E+02, 2.114E+01, 9.553E+01, 4.037E+01, 8.257E+00, 1.246E+00, 4.948E-01, 1.695E-01, 1.000E+00, 6.511E-01, 9.957E-01, 1.000E-02, 1.000E+00, 1.000E+00, 6.511E-03, 4.010E-05, 6.131E-05, 0.000E+00, 3.343E+01, 1.381E+01, 6.894E-03, 1.673E-04, 1.416E+02, 5.627E-03, 4.570E-01
08/04/2019,07:00,9,3.042,3.542,1.288,.669,.222, 1.011E+03, 6.790E+01, 1.261E-03, 3.052E-03, 1.046E+02, 7.568E+01, 1.685E+02, 2.946E+01, 9.553E+01, 4.037E+01, 8.187E+00, 1.246E+00, 4.907E-01, 2.430E-01, 1.000E+00, 7.744E-01, 9.990E-01, 1.000E-02, 1.000E+00, 1.000E+00, 7.744E-03, 4.771E-05, 6.155E-05, 0.000E+00, 3.371E+01, 1.393E+01, 6.894E-03, 1.991E-04, 1.410E+02, 5.637E-03, 5.125E-01
08/04/2019,08:00,9,3.042,3.542,1.416,.653,.235, 1.011E+03, 6.157E+01, 1.261E-03, 3.052E-03, 1.467E+02, 8.866E+01, 1.890E+02, 3.490E+01, 9.553E+01, 4.037E+01, 8.118E+00, 1.246E+00, 4.865E-01, 3.001E-01, 1.000E+00, 8.333E-01, 9.996E-01, 1.000E-02, 1.000E+00, 1.000E+00, 8.333E-03, 5.136E-05, 6.161E-05, 0.000E+00, 3.400E+01, 1.405E+01, 6.894E-03, 2.143E-04, 1.407E+02, 5.637E-03, 5.310E-01
08/04/2019,09:00,9,3.042,3.542,1.545,.636,.248, 1.011E+03, 5.656E+01, 0.000E+00, 3.052E-03, 2.458E+01, 1.132E+02, 6.116E+01, 3.887E+01, 1.427E+02, 5.363E+01, 8.050E+00, 1.234E+00, 4.845E-01, 3.393E-01, 1.000E+00, 8.390E-01, 9.192E-01, 1.000E-02, 1.000E+00, 1.000E+00, 8.390E-03, 5.174E-05, 5.668E-05, 0.000E+00, 3.385E+01, 1.411E+01, 6.894E-03, 2.159E-04, 1.406E+02, 5.634E-03, 5.400E-01
08/04/2019,10:00,9,3.042,3.542,1.913,.615,.270, 1.012E+03, 5.340E+01, 0.000E+00, 3.052E-03, 2.727E+01, 1.220E+02, 6.473E+01, 4.186E+01, 1.427E+02, 5.363E+01, 8.150E+00, 1.235E+00, 4.906E-01, 3.614E-01, 1.000E+00, 8.606E-01, 9.302E-01, 1.000E-02, 1.000E+00, 1.000E+00, 8.606E-03, 5.314E-05, 5.744E-05, 0.000E+00, 3.343E+01, 1.393E+01, 6.894E-03, 2.217E-04, 1.405E+02, 5.652E-03, 5.231E-01
08/04/2019,11:00,9,3.042,3.542,2.281,.594,.293, 1.012E+03, 5.251E+01, 0.000E+00, 3.052E-03, 2.801E+01, 1.243E+02, 6.567E+01, 4.265E+01, 1.427E+02, 5.363E+01, 8.251E+00, 1.235E+00, 4.966E-01, 3.672E-01, 1.000E+00, 8.659E-01, 9.329E-01, 1.000E-02, 1.000E+00, 1.000E+00, 8.659E-03, 5.354E-05, 5.768E-05, 0.000E+00, 3.302E+01, 1.376E+01, 6.894E-03, 2.234E-04, 1.405E+02, 5.667E-03, 5.298E-01
08/04/2019,12:00,9,3.042,3.542,2.649,.573,.316, 1.012E+03, 5.405E+01, 0.000E+00, 3.052E-03, 1.094E+02, 1.330E+02, 1.413E+02, 4.814E+01, 8.117E+01, 5.654E+01, 8.353E+00, 1.063E+00, 5.021E-01, 3.570E-01, 1.000E+00, 9.101E-01, 9.970E-01, 1.000E-02, 1.000E+00, 1.000E+00, 9.101E-03, 5.635E-05, 6.173E-05, 0.000E+00, 3.275E+01, 1.361E+01, 6.894E-03, 2.351E-04, 1.403E+02, 5.687E-03, 5.304E-01
08/04/2019,13:00,9,3.042,3.542,2.486,.562,.320, 1.012E+03, 5.776E+01, 0.000E+00, 3.561E-03, 9.630E+01, 1.234E+02, 1.349E+02, 4.467E+01, 8.117E+01, 5.654E+01, 7.370E+00, 1.063E+00, 4.430E-01, 3.304E-01, 1.000E+00, 8.921E-01, 9.961E-01, 1.000E-02, 1.000E+00, 1.000E+00, 8.921E-03, 5.520E-05, 6.164E-05, 0.000E+00, 3.712E+01, 1.543E+01, 7.210E-03, 2.303E-04, 1.344E+02, 5.724E-03, 5.196E-01
08/04/2019,14:00,9,3.042,3.542,2.322,.552,.324, 1.013E+03, 6.318E+01, 0.000E+00, 4.069E-03, 7.647E+01, 1.070E+02, 1.234E+02, 3.872E+01, 8.117E+01, 5.654E+01, 6.404E+00, 1.062E+00, 3.849E-01, 2.865E-01, 1.000E+00, 8.531E-01, 9.938E-01, 1.000E-02, 1.000E+00, 1.000E+00, 8.531E-03, 5.275E-05, 6.145E-05, 0.000E+00, 4.272E+01, 1.776E+01, 7.525E-03, 2.201E-04, 1.291E+02, 5.698E-03, 5.181E-01
08/04/2019,15:00,9,3.042,3.542,2.158,.542,.327, 1.013E+03, 6.975E+01, 6.753E-03, 4.578E-03, 7.822E+01, 7.710E+01, 1.420E+02, 2.902E+01,-5.348E+00, 2.578E+01, 5.462E+00, 7.407E-01, 3.234E-01, 2.247E-01, 1.000E+00, 7.643E-01, 9.971E-01, 1.000E-02, 1.000E+00, 1.000E+00, 7.643E-03, 4.724E-05, 6.162E-05, 0.000E+00, 5.223E+01, 2.114E+01, 7.841E-03, 1.971E-04, 1.244E+02, 5.563E-03, 4.735E-01
08/04/2019,16:00,9,3.042,3.542,1.646,.577,.291, 1.013E+03, 7.699E+01, 6.753E-03, 4.578E-03, 3.819E+01, 5.117E+01, 1.037E+02, 1.891E+01,-5.348E+00, 2.578E+01, 5.351E+00, 7.400E-01, 3.168E-01, 1.479E-01, 1.000E+00, 6.064E-01, 9.860E-01, 1.000E-02, 1.000E+00, 1.000E+00, 6.064E-03, 3.741E-05, 6.082E-05, 0.000E+00, 5.332E+01, 2.158E+01, 7.841E-03, 1.561E-04, 1.250E+02, 5.508E-03, 3.842E-01
08/04/2019,17:00,9,3.042,3.542,1.133,.612,.257, 1.014E+03, 8.445E+01, 6.753E-03, 4.578E-03, 5.517E+00, 2.051E+01, 3.567E+01, 7.177E+00,-5.348E+00, 2.578E+01, 5.242E+00, 7.392E-01, 3.103E-01, 6.363E-02, 1.000E+00, 2.883E-01, 7.694E-01, 1.000E-02, 1.000E+00, 1.000E+00, 2.883E-03, 1.775E-05, 4.738E-05, 0.000E+00, 5.444E+01, 2.203E+01, 7.841E-03, 7.406E-05, 1.263E+02, 5.434E-03, 3.272E-01
08/04/2019,18:00,9,3.042,3.542,.620,.648,.225, 1.014E+03, 9.174E+01, 4.876E-03, 4.578E-03, 0.000E+00, 0.000E+00, 0.000E+00, 0.000E+00,-5.034E+01, 1.077E+01, 5.133E+00, 7.883E-01, 2.974E-01,-9.990E+02, 1.000E+00,-9.990E+02, 0.000E+00, 0.000E+00, 0.000E+00, 1.000E+00, 0.000E+00, 0.000E+00, 0.000E+00, 0.000E+00, 5.804E+01, 2.298E+01, 6.638E-03, 0.000E+00, 1.506E+02, 4.740E-03, 3.002E-01
08/04/2019,19:00,9,3.042,3.542,.250,.669,.206, 1.013E+03, 9.848E+01, 4.876E-03, 4.578E-03, 0.000E+00, 0.000E+00, 0.000E+00, 0.000E+00,-5.034E+01, 1.077E+01, 5.221E+00, 7.879E-01, 3.025E-01,-9.990E+02, 1.000E+00,-9.990E+02, 0.000E+00, 0.000E+00, 0.000E+00, 1.000E+00, 0.000E+00, 0.000E+00, 0.000E+00, 0.000E+00, 5.706E+01, 2.260E+01, 5.968E-03, 0.000E+00, 1.676E+02, 4.408E-03, 2.770E-01
08/04/2019,20:00,9,3.042,3.542,-.121,.691,.187, 1.013E+03, 1.043E+02, 4.876E-03, 4.578E-03, 0.000E+00, 0.000E+00, 0.000E+00, 0.000E+00,-5.034E+01, 1.077E+01, 5.334E+00, 7.875E-01, 3.090E-01,-9.990E+02, 1.000E+00,-9.990E+02, 0.000E+00, 0.000E+00, 0.000E+00, 1.000E+00, 0.000E+00, 0.000E+00, 0.000E+00, 0.000E+00, 5.586E+01, 2.212E+01, 9.001E-03, 0.000E+00, 1.111E+02, 5.913E-03, 2.698E-01
08/04/2019,21:00,9,3.042,3.542,-.491,.713,.169, 1.013E+03, 1.087E+02, 6.278E-02, 4.578E-03, 0.000E+00, 0.000E+00, 0.000E+00, 0.000E+00,-3.637E+01, 1.191E+01, 5.471E+00, 7.955E-01, 3.193E-01,-9.990E+02, 1.000E+00,-9.990E+02, 0.000E+00, 0.000E+00, 0.000E+00, 1.000E+00, 0.000E+00, 0.000E+00, 0.000E+00, 0.000E+00, 5.367E+01, 2.141E+01, 8.695E-03, 0.000E+00, 1.150E+02, 5.843E-03, 2.723E-01
08/04/2019,22:00,9,3.042,3.542,-.328,.658,.204, 1.013E+03, 1.115E+02, 6.278E-02, 4.832E-03, 0.000E+00, 0.000E+00, 0.000E+00, 0.000E+00,-3.637E+01, 1.191E+01, 5.551E+00, 7.958E-01, 3.239E-01,-9.990E+02, 1.000E+00,-9.990E+02, 0.000E+00, 0.000E+00, 0.000E+00, 1.000E+00, 0.000E+00, 0.000E+00, 0.000E+00, 0.000E+00, 5.289E+01, 2.110E+01, 8.752E-03, 0.000E+00, 1.143E+02, 5.897E-03, 2.681E-01
08/04/2019,23:00,9,3.042,3.542,-.165,.604,.239, 1.012E+03, 1.122E+02, 6.278E-02, 5.087E-03, 0.000E+00, 0.000E+00, 0.000E+00, 0.000E+00,-3.637E+01, 1.191E+01, 5.650E+00, 7.961E-01, 3.298E-01,-9.990E+02, 1.000E+00,-9.990E+02, 0.000E+00, 0.000E+00, 0.000E+00, 1.000E+00, 0.000E+00, 0.000E+00, 0.000E+00, 0.000E+00, 5.196E+01, 2.073E+01, 8.843E-03, 0.000E+00, 1.131E+02, 5.972E-03, 2.891E-01
09/04/2019,00:00,9,3.053,3.553,-.002,.550,.275, 1.012E+03, 1.108E+02, 4.198E-02, 5.341E-03, 0.000E+00, 0.000E+00, 0.000E+00, 0.000E+00,-2.040E+01, 1.369E+01, 5.768E+00, 9.625E-01, 3.407E-01,-9.990E+02, 1.000E+00,-9.990E+02, 0.000E+00, 0.000E+00, 0.000E+00, 1.000E+00, 0.000E+00, 0.000E+00, 0.000E+00, 0.000E+00, 4.970E+01, 2.006E+01, 8.977E-03, 0.000E+00, 1.114E+02, 6.099E-03, 3.284E-01
09/04/2019,01:00,9,3.053,3.553,-.211,.575,.256, 1.012E+03, 1.075E+02, 4.198E-02, 4.578E-03, 0.000E+00, 0.000E+00, 0.000E+00, 0.000E+00,-2.040E+01, 1.369E+01, 5.958E+00, 9.621E-01, 3.519E-01,-9.990E+02, 1.000E+00,-9.990E+02, 0.000E+00, 0.000E+00, 0.000E+00, 1.000E+00, 0.000E+00, 0.000E+00, 0.000E+00, 0.000E+00, 4.812E+01, 1.943E+01, 8.917E-03, 0.000E+00, 1.121E+02, 6.134E-03, 3.099E-01
09/04/2019,02:00,9,3.053,3.553,-.421,.601,.237, 1.012E+03, 1.026E+02, 4.198E-02, 3.815E-03, 0.000E+00, 0.000E+00, 0.000E+00, 0.000E+00,-2.040E+01, 1.369E+01, 6.151E+00, 9.618E-01, 3.633E-01,-9.990E+02, 1.000E+00,-9.990E+02, 0.000E+00, 0.000E+00, 0.000E+00, 1.000E+00, 0.000E+00, 0.000E+00, 0.000E+00, 0.000E+00, 4.660E+01, 1.881E+01, 8.955E-03, 0.000E+00, 1.117E+02, 6.213E-03, 2.742E-01
09/04/2019,03:00,9,3.053,3.553,-.630,.626,.218, 1.012E+03, 9.649E+01, 4.941E-03, 3.052E-03, 0.000E+00, 0.000E+00, 0.000E+00, 0.000E+00,-1.942E-01, 1.747E+01, 6.350E+00, 9.513E-01, 3.771E-01,-9.990E+02, 1.000E+00,-9.990E+02, 0.000E+00, 0.000E+00, 0.000E+00, 1.000E+00, 0.000E+00, 0.000E+00, 0.000E+00, 0.000E+00, 4.465E+01, 1.813E+01, 9.068E-03, 0.000E+00, 1.103E+02, 6.340E-03, 2.495E-01
09/04/2019,04:00,9,3.053,3.553,-.723,.629,.215, 1.012E+03, 8.953E+01, 4.941E-03, 3.052E-03, 1.048E-10, 9.008E-01, 0.000E+00, 0.000E+00,-1.942E-01, 1.747E+01, 6.459E+00, 9.511E-01, 3.836E-01,-9.990E+02, 1.000E+00,-9.990E+02, 0.000E+00, 0.000E+00, 0.000E+00, 1.000E+00, 0.000E+00, 0.000E+00, 0.000E+00, 0.000E+00, 4.389E+01, 1.782E+01, 9.030E-03, 0.000E+00, 1.107E+02, 6.354E-03, 2.638E-01
09/04/2019,05:00,9,3.053,3.553,-.816,.632,.212, 1.013E+03, 8.212E+01, 4.941E-03, 3.052E-03, 2.543E+00, 2.164E+01, 1.666E+01, 7.383E+00,-1.942E-01, 1.747E+01, 6.569E+00, 9.509E-01, 3.901E-01, 8.978E-02, 1.000E+00, 2.829E-01, 4.960E-01, 1.000E-02, 1.000E+00, 1.000E+00, 2.829E-03, 1.730E-05, 3.032E-05, 0.000E+00, 4.316E+01, 1.752E+01, 8.995E-03, 7.241E-05, 1.103E+02, 6.404E-03, 3.180E-01
09/04/2019,06:00,9,3.053,3.553,-.909,.635,.209, 1.013E+03, 7.466E+01, 3.010E-02, 3.052E-03, 9.510E-01, 3.256E+01, 1.276E+01, 1.097E+01, 6.210E+01, 2.800E+01, 6.680E+00, 1.054E+00, 4.006E-01, 1.728E-01, 1.000E+00, 3.708E-01, 4.084E-01, 1.000E-02, 1.000E+00, 1.000E+00, 3.708E-03, 2.266E-05, 2.496E-05, 0.000E+00, 4.124E+01, 1.706E+01, 8.962E-03, 9.489E-05, 1.104E+02, 6.451E-03, 3.872E-01
09/04/2019,07:00,9,3.053,3.553,-.856,.645,.204, 1.013E+03, 6.754E+01, 3.010E-02, 3.306E-03, 1.703E+00, 5.115E+01, 1.945E+01, 1.723E+01, 6.210E+01, 2.800E+01, 6.874E+00, 1.054E+00, 4.122E-01, 2.457E-01, 1.000E+00, 5.182E-01, 5.507E-01, 1.000E-02, 1.000E+00, 1.000E+00, 5.182E-03, 3.168E-05, 3.366E-05, 0.000E+00, 4.008E+01, 1.658E+01, 8.896E-03, 1.326E-04, 1.108E+02, 6.489E-03, 4.338E-01
09/04/2019,08:00,9,3.053,3.553,-.803,.655,.199, 1.013E+03, 6.120E+01, 3.010E-02, 3.561E-03, 2.373E+00, 6.626E+01, 2.478E+01, 2.231E+01, 6.210E+01, 2.800E+01, 7.070E+00, 1.054E+00, 4.239E-01, 3.023E-01, 1.000E+00, 6.122E-01, 6.390E-01, 1.000E-02, 1.000E+00, 1.000E+00, 6.122E-03, 3.743E-05, 3.907E-05, 0.000E+00, 3.897E+01, 1.612E+01, 8.833E-03, 1.567E-04, 1.112E+02, 6.520E-03, 4.364E-01
09/04/2019,09:00,9,3.053,3.553,-.750,.666,.193, 1.013E+03, 5.618E+01, 2.403E-01, 3.815E-03, 4.809E+00, 8.319E+01, 3.238E+01, 2.806E+01, 8.002E+01, 3.181E+01, 7.267E+00, 1.136E+00, 4.359E-01, 3.411E-01, 1.000E+00, 7.022E-01, 7.360E-01, 1.000E-02, 1.000E+00, 1.000E+00, 7.022E-03, 4.294E-05, 4.501E-05, 0.000E+00, 3.788E+01, 1.568E+01, 8.775E-03, 1.798E-04, 1.117E+02, 6.551E-03, 4.412E-01
09/04/2019,10:00,9,3.053,3.553,-.574,.668,.194, 1.013E+03, 5.302E+01, 2.403E-01, 4.832E-03, 5.329E+00, 8.986E+01, 3.474E+01, 3.031E+01, 8.002E+01, 3.181E+01, 7.407E+00, 1.136E+00, 4.443E-01, 3.629E-01, 1.000E+00, 7.299E-01, 7.604E-01, 1.000E-02, 1.000E+00, 1.000E+00, 7.299E-03, 4.466E-05, 4.653E-05, 0.000E+00, 3.717E+01, 1.539E+01, 8.563E-03, 1.870E-04, 1.143E+02, 6.473E-03, 4.508E-01
09/04/2019,11:00,9,3.053,3.553,-.398,.671,.195, 1.013E+03, 5.215E+01, 2.403E-01, 5.850E-03, 5.469E+00, 9.162E+01, 3.536E+01, 3.090E+01, 8.002E+01, 3.181E+01, 7.549E+00, 1.137E+00, 4.528E-01, 3.686E-01, 1.000E+00, 7.368E-01, 7.664E-01, 1.000E-02, 1.000E+00, 1.000E+00, 7.368E-03, 4.511E-05, 4.693E-05, 0.000E+00, 3.647E+01, 1.510E+01, 8.420E-03, 1.889E-04, 1.162E+02, 6.426E-03, 4.837E-01
09/04/2019,12:00,9,3.053,3.553,-.222,.673,.197, 1.013E+03, 5.369E+01, 2.218E-01, 6.867E-03, 3.132E+00, 8.198E+01, 3.025E+01, 2.760E+01, 3.738E+01, 2.606E+01, 7.693E+00, 1.175E+00, 4.589E-01, 3.584E-01, 1.000E+00, 6.905E-01, 7.118E-01, 1.000E-02, 1.000E+00, 1.000E+00, 6.905E-03, 4.231E-05, 4.361E-05, 0.000E+00, 3.637E+01, 1.489E+01, 8.362E-03, 1.771E-04, 1.171E+02, 6.407E-03, 4.835E-01
09/04/2019,13:00,9,3.053,3.553,-.168,.687,.189, 1.013E+03, 5.743E+01, 2.218E-01, 6.867E-03, 2.760E+00, 7.447E+01, 2.764E+01, 2.507E+01, 3.738E+01, 2.606E+01, 8.336E+00, 1.175E+00, 4.973E-01, 3.320E-01, 1.000E+00, 6.553E-01, 6.791E-01, 1.000E-02, 1.000E+00, 1.000E+00, 6.553E-03, 4.016E-05, 4.162E-05, 0.000E+00, 3.357E+01, 1.375E+01, 8.434E-03, 1.681E-04, 1.162E+02, 6.570E-03, 4.408E-01
09/04/2019,14:00,9,3.053,3.553,-.115,.700,.182, 1.014E+03, 6.286E+01, 2.218E-01, 6.867E-03, 2.198E+00, 6.244E+01, 2.344E+01, 2.103E+01, 3.738E+01, 2.606E+01, 9.006E+00, 1.175E+00, 5.372E-01, 2.883E-01, 1.000E+00, 5.903E-01, 6.186E-01, 1.000E-02, 1.000E+00, 1.000E+00, 5.903E-03, 3.618E-05, 3.792E-05, 0.000E+00, 3.107E+01, 1.272E+01, 8.511E-03, 1.515E-04, 1.154E+02, 6.724E-03, 3.822E-01
09/04/2019,15:00,9,3.053,3.553,-.061,.714,.174, 1.014E+03, 6.945E+01, 3.185E-01, 6.867E-03, 1.497E+00, 4.626E+01, 1.771E+01, 1.558E+01,-3.539E-01, 1.511E+01, 9.697E+00, 1.195E+00, 5.759E-01, 2.269E-01, 1.000E+00, 4.831E-01, 5.173E-01, 1.000E-02, 1.000E+00, 1.000E+00, 4.831E-03, 2.962E-05, 3.172E-05, 0.000E+00, 2.924E+01, 1.187E+01, 8.592E-03, 1.240E-04, 1.147E+02, 6.858E-03, 3.047E-01
09/04/2019,16:00,9,3.053,3.553,-.278,.742,.155, 1.014E+03, 7.670E+01, 3.185E-01, 8.393E-03, 7.439E-01, 2.707E+01, 1.073E+01, 9.115E+00,-3.539E-01, 1.511E+01, 8.644E+00, 1.194E+00, 5.134E-01, 1.505E-01, 1.000E+00, 3.193E-01, 3.569E-01, 1.000E-02, 1.000E+00, 1.000E+00, 3.193E-03, 1.956E-05, 2.186E-05, 0.000E+00, 3.280E+01, 1.332E+01, 7.909E-03, 8.189E-05, 1.251E+02, 6.250E-03, 2.180E-01
09/04/2019,17:00,9,3.053,3.553,-.494,.769,.136, 1.014E+03, 8.416E+01, 3.185E-01, 9.919E-03, 1.192E-01, 8.361E+00, 3.397E+00, 2.811E+00,-3.539E-01, 1.511E+01, 7.593E+00, 1.193E+00, 4.509E-01, 6.668E-02, 1.000E+00, 1.106E-01, 1.304E-01, 1.000E-02, 1.000E+00, 1.000E+00, 1.106E-03, 6.769E-06, 7.981E-06, 0.000E+00, 3.734E+01, 1.516E+01, 7.167E-03, 2.834E-05, 1.390E+02, 5.597E-03, 2.139E-01
09/04/2019,18:00,9,3.053,3.553,-.711,.797,.118, 1.015E+03, 9.144E+01, 2.063E-01, 1.144E-02, 0.000E+00, 0.000E+00, 0.000E+00, 0.000E+00,-1.206E+01, 9.121E+00, 6.545E+00, 9.078E-01, 3.872E-01,-9.990E+02, 1.000E+00,-9.990E+02, 0.000E+00, 0.000E+00, 0.000E+00, 1.000E+00, 0.000E+00, 0.000E+00, 0.000E+00, 0.000E+00, 4.365E+01, 1.765E+01, 6.382E-03, 0.000E+00, 1.567E+02, 4.928E-03, 1.813E-01
09/04/2019,19:00,9,3.053,3.553,-.522,.798,.119, 1.015E+03, 9.818E+01, 2.063E-01, 1.246E-02, 0.000E+00, 0.000E+00, 0.000E+00, 0.000E+00,-1.206E+01, 9.121E+00, 6.159E+00, 9.081E-01, 3.644E-01,-9.990E+02, 1.000E+00,-9.990E+02, 0.000E+00, 0.000E+00, 0.000E+00, 1.000E+00, 0.000E+00, 0.000E+00, 0.000E+00, 0.000E+00, 4.639E+01, 1.876E+01, 6.389E-03, 0.000E+00, 1.565E+02, 4.862E-03, 1.654E-01
09/04/2019,20:00,9,3.053,3.553,-.333,.798,.120, 1.015E+03, 1.040E+02, 2.063E-01, 1.348E-02, 0.000E+00, 0.000E+00, 0.000E+00, 0.000E+00,-1.206E+01, 9.121E+00, 5.805E+00, 9.083E-01, 3.434E-01,-9.990E+02, 1.000E+00,-9.990E+02, 0.000E+00, 0.000E+00, 0.000E+00, 1.000E+00, 0.000E+00, 0.000E+00, 0.000E+00, 0.000E+00, 4.922E+01, 1.990E+01, 6.507E-03, 0.000E+00, 1.537E+02, 4.859E-03, 1.947E-01
09/04/2019,21:00,9,3.053,3.553,-.144,.799,.122, 1.015E+03, 1.084E+02, 2.983E-02, 1.450E-02, 0.000E+00, 0.000E+00, 0.000E+00, 0.000E+00,-2.156E+01, 9.102E+00, 5.490E+00, 7.715E-01, 3.224E-01,-9.990E+02, 1.000E+00,-9.990E+02, 0.000E+00, 0.000E+00, 0.000E+00, 1.000E+00, 0.000E+00, 0.000E+00, 0.000E+00, 0.000E+00, 5.283E+01, 2.120E+01, 6.766E-03, 0.000E+00, 1.478E+02, 4.917E-03, 2.417E-01
09/04/2019,22:00,9,3.053,3.553,-.199,.794,.124, 1.015E+03, 1.111E+02, 2.983E-02, 1.450E-02, 0.000E+00, 0.000E+00, 0.000E+00, 0.000E+00,-2.156E+01, 9.102E+00, 5.332E+00, 7.713E-01, 3.131E-01,-9.990E+02, 1.000E+00,-9.990E+02, 0.000E+00, 0.000E+00, 0.000E+00, 1.000E+00, 0.000E+00, 0.000E+00, 0.000E+00, 0.000E+00, 5.439E+01, 2.183E+01, 6.605E-03, 0.000E+00, 1.514E+02, 4.794E-03, 2.811E-01
09/04/2019,23:00,9,3.053,3.553,-.254,.790,.126, 1.016E+03, 1.118E+02, 2.983E-02, 1.450E-02, 0.000E+00, 0.000E+00, 0.000E+00, 0.000E+00,-2.156E+01, 9.102E+00, 5.174E+00, 7.711E-01, 3.038E-01,-9.990E+02, 1.000E+00,-9.990E+02, 0.000E+00, 0.000E+00, 0.000E+00, 1.000E+00, 0.000E+00, 0.000E+00, 0.000E+00, 0.000E+00, 5.605E+01, 2.250E+01, 6.453E-03, 0.000E+00, 1.550E+02, 4.674E-03, 3.041E-01
10/04/2019,00:00,9,3.064,3.564,-.308,.785,.128, 1.016E+03, 1.105E+02, 1.256E-02, 1.450E-02, 0.000E+00, 0.000E+00, 0.000E+00, 0.000E+00,-1.989E+01, 1.058E+01, 5.017E+00, 8.045E-01, 2.952E-01,-9.990E+02, 1.000E+00,-9.990E+02, 0.000E+00, 0.000E+00, 0.000E+00, 1.000E+00, 0.000E+00, 0.000E+00, 0.000E+00, 0.000E+00, 5.756E+01, 2.315E+01, 6.308E-03, 0.000E+00, 1.585E+02, 4.562E-03, 3.243E-01
10/04/2019,01:00,9,3.064,3.564,-.401,.763,.141, 1.016E+03, 1.072E+02, 1.256E-02, 1.323E-02, 0.000E+00, 0.000E+00, 0.000E+00, 0.000E+00,-1.989E+01, 1.058E+01, 5.133E+00, 8.042E-01, 3.021E-01,-9.990E+02, 1.000E+00,-9.990E+02, 0.000E+00, 0.000E+00, 0.000E+00, 1.000E+00, 0.000E+00, 0.000E+00, 0.000E+00, 0.000E+00, 5.626E+01, 2.263E+01, 6.421E-03, 0.000E+00, 1.557E+02, 4.650E-03, 3.257E-01
10/04/2019,02:00,9,3.064,3.564,-.493,.740,.153, 1.017E+03, 1.023E+02, 1.256E-02, 1.195E-02, 0.000E+00, 0.000E+00, 0.000E+00, 0.000E+00,-1.989E+01, 1.058E+01, 5.250E+00, 8.039E-01, 3.089E-01,-9.990E+02, 1.000E+00,-9.990E+02, 0.000E+00, 0.000E+00, 0.000E+00, 1.000E+00, 0.000E+00, 0.000E+00, 0.000E+00, 0.000E+00, 5.501E+01, 2.213E+01, 6.589E-03, 0.000E+00, 1.518E+02, 4.768E-03, 3.142E-01
10/04/2019,03:00,9,3.064,3.564,-.585,.718,.165, 1.017E+03, 9.613E+01, 1.611E-02, 1.068E-02, 0.000E+00, 0.000E+00, 0.000E+00, 0.000E+00,-5.129E+00, 1.349E+01, 5.366E+00, 8.254E-01, 3.180E-01,-9.990E+02, 1.000E+00,-9.990E+02, 0.000E+00, 0.000E+00, 0.000E+00, 1.000E+00, 0.000E+00, 0.000E+00, 0.000E+00, 0.000E+00, 5.306E+01, 2.149E+01, 6.806E-03, 0.000E+00, 1.469E+02, 4.921E-03, 3.039E-01
10/04/2019,04:00,9,3.064,3.564,-.574,.709,.171, 1.017E+03, 8.917E+01, 1.611E-02, 1.094E-02, 2.305E-06, 1.507E+00, 0.000E+00, 0.000E+00,-5.129E+00, 1.349E+01, 5.689E+00, 8.252E-01, 3.371E-01,-9.990E+02, 1.000E+00,-9.990E+02, 0.000E+00, 0.000E+00, 0.000E+00, 1.000E+00, 0.000E+00, 0.000E+00, 0.000E+00, 0.000E+00, 5.005E+01, 2.028E+01, 6.747E-03, 0.000E+00, 1.482E+02, 4.967E-03, 3.165E-01
10/04/2019,05:00,9,3.064,3.564,-.564,.700,.176, 1.018E+03, 8.177E+01, 1.611E-02, 1.119E-02, 2.436E+00, 2.213E+01, 1.603E+01, 7.521E+00,-5.129E+00, 1.349E+01, 6.013E+00, 8.251E-01, 3.563E-01, 9.344E-02, 1.000E+00, 2.863E-01, 4.828E-01, 1.000E-02, 1.000E+00, 1.000E+00, 2.863E-03, 1.752E-05, 2.954E-05, 0.000E+00, 4.736E+01, 1.918E+01, 6.688E-03, 7.361E-05, 1.479E+02, 5.047E-03, 3.536E-01
10/04/2019,06:00,9,3.064,3.564,-.553,.691,.181, 1.018E+03, 7.430E+01, 2.689E-02, 1.144E-02, 1.639E+00, 3.626E+01, 1.523E+01, 1.220E+01, 3.563E+01, 2.628E+01, 6.338E+00, 1.002E+00, 3.789E-01, 1.760E-01, 1.000E+00, 4.071E-01, 4.655E-01, 1.000E-02, 1.000E+00, 1.000E+00, 4.071E-03, 2.491E-05, 2.849E-05, 0.000E+00, 4.387E+01, 1.804E+01, 6.631E-03, 1.047E-04, 1.485E+02, 5.111E-03, 4.004E-01
10/04/2019,07:00,9,3.064,3.564,-.399,.678,.191, 1.019E+03, 6.718E+01, 2.689E-02, 1.144E-02, 2.893E+00, 5.622E+01, 2.265E+01, 1.892E+01, 3.563E+01, 2.628E+01, 6.465E+00, 1.003E+00, 3.865E-01, 2.483E-01, 1.000E+00, 5.570E-01, 6.061E-01, 1.000E-02, 1.000E+00, 1.000E+00, 5.570E-03, 3.410E-05, 3.711E-05, 0.000E+00, 4.300E+01, 1.769E+01, 6.906E-03, 1.433E-04, 1.419E+02, 5.316E-03, 4.393E-01
10/04/2019,08:00,9,3.064,3.564,-.245,.665,.201, 1.019E+03, 6.084E+01, 2.689E-02, 1.144E-02, 4.007E+00, 7.239E+01, 2.847E+01, 2.436E+01, 3.563E+01, 2.628E+01, 6.595E+00, 1.003E+00, 3.943E-01, 3.044E-01, 1.000E+00, 6.502E-01, 6.899E-01, 1.000E-02, 1.000E+00, 1.000E+00, 6.502E-03, 3.983E-05, 4.227E-05, 0.000E+00, 4.216E+01, 1.734E+01, 7.218E-03, 1.674E-04, 1.354E+02, 5.533E-03, 4.572E-01
10/04/2019,09:00,9,3.064,3.564,-.091,.652,.211, 1.019E+03, 5.581E+01, 4.877E-02, 1.144E-02, 3.670E+01, 1.231E+02, 7.500E+01, 4.234E+01, 9.018E+01, 3.804E+01, 6.728E+00, 1.069E+00, 4.048E-01, 3.428E-01, 1.000E+00, 8.691E-01, 9.543E-01, 1.000E-02, 1.000E+00, 1.000E+00, 8.691E-03, 5.328E-05, 5.849E-05, 0.000E+00, 4.055E+01, 1.689E+01, 7.576E-03, 2.238E-04, 1.282E+02, 5.803E-03, 4.920E-01
10/04/2019,10:00,9,3.064,3.564,-.089,.648,.214, 1.020E+03, 5.265E+01, 4.877E-02, 1.170E-02, 4.061E+01, 1.320E+02, 7.886E+01, 4.540E+01, 9.018E+01, 3.804E+01, 6.719E+00, 1.069E+00, 4.043E-01, 3.644E-01, 1.000E+00, 8.875E-01, 9.610E-01, 1.000E-02, 1.000E+00, 1.000E+00, 8.875E-03, 5.441E-05, 5.891E-05, 0.000E+00, 4.060E+01, 1.691E+01, 7.529E-03, 2.286E-04, 1.289E+02, 5.778E-03, 5.138E-01
10/04/2019,11:00,9,3.064,3.564,-.086,.643,.217, 1.020E+03, 5.178E+01, 4.877E-02, 1.195E-02, 4.165E+01, 1.343E+02, 7.985E+01, 4.619E+01, 9.018E+01, 3.804E+01, 6.718E+00, 1.069E+00, 4.042E-01, 3.699E-01, 1.000E+00, 8.919E-01, 9.625E-01, 1.000E-02, 1.000E+00, 1.000E+00, 8.919E-03, 5.467E-05, 5.900E-05, 0.000E+00, 4.061E+01, 1.691E+01, 7.482E-03, 2.297E-04, 1.297E+02, 5.752E-03, 5.391E-01
10/04/2019,12:00,9,3.064,3.564,-.083,.638,.220, 1.020E+03, 5.334E+01, 9.536E-03, 1.221E-02, 5.265E+00, 8.909E+01, 3.438E+01, 2.997E+01, 6.545E+01, 2.939E+01, 6.724E+00, 1.051E+00, 4.034E-01, 3.598E-01, 1.000E+00, 7.259E-01, 7.568E-01, 1.000E-02, 1.000E+00, 1.000E+00, 7.259E-03, 4.450E-05, 4.639E-05, 0.000E+00, 4.091E+01, 1.694E+01, 7.436E-03, 1.869E-04, 1.312E+02, 5.699E-03, 5.317E-01
10/04/2019,13:00,9,3.064,3.564,-.317,.631,.221, 1.021E+03, 5.710E+01, 9.536E-03, 8.647E-03, 4.643E+00, 8.104E+01, 3.154E+01, 2.727E+01, 6.545E+01, 2.939E+01, 6.689E+00, 1.051E+00, 4.013E-01, 3.335E-01, 1.000E+00, 6.917E-01, 7.267E-01, 1.000E-02, 1.000E+00, 1.000E+00, 6.917E-03, 4.237E-05, 4.451E-05, 0.000E+00, 4.112E+01, 1.703E+01, 7.784E-03, 1.780E-04, 1.256E+02, 5.879E-03, 4.974E-01
10/04/2019,14:00,9,3.064,3.564,-.551,.623,.221, 1.021E+03, 6.256E+01, 9.536E-03, 5.087E-03, 3.705E+00, 6.815E+01, 2.695E+01, 2.293E+01, 6.545E+01, 2.939E+01, 6.654E+00, 1.050E+00, 3.992E-01, 2.900E-01, 1.000E+00, 6.278E-01, 6.700E-01, 1.000E-02, 1.000E+00, 1.000E+00, 6.278E-03, 3.842E-05, 4.100E-05, 0.000E+00, 4.134E+01, 1.712E+01, 8.504E-03, 1.614E-04, 1.154E+02, 6.245E-03, 4.289E-01
10/04/2019,15:00,9,3.064,3.564,-.784,.616,.221, 1.021E+03, 6.916E+01, 4.953E-03, 1.526E-03, 1.313E+01, 7.118E+01, 4.278E+01, 2.433E+01, 1.307E+01, 1.673E+01, 6.620E+00, 8.854E-01, 3.946E-01, 2.291E-01, 1.000E+00, 6.771E-01, 8.279E-01, 1.000E-02, 1.000E+00, 1.000E+00, 6.771E-03, 4.140E-05, 5.062E-05, 0.000E+00, 4.237E+01, 1.732E+01, 9.503E-03, 1.739E-04, 1.033E+02, 6.727E-03, 3.052E-01
10/04/2019,16:00,9,3.064,3.564,-.957,.628,.212, 1.022E+03, 7.641E+01, 4.953E-03, 1.526E-03, 6.622E+00, 4.303E+01, 2.878E+01, 1.469E+01, 1.307E+01, 1.673E+01, 5.987E+00, 8.850E-01, 3.569E-01, 1.531E-01, 1.000E+00, 4.903E-01, 6.939E-01, 1.000E-02, 1.000E+00, 1.000E+00, 4.903E-03, 2.996E-05, 4.240E-05, 0.000E+00, 4.685E+01, 1.915E+01, 9.473E-03, 1.259E-04, 1.042E+02, 6.481E-03, 1.769E-01
10/04/2019,17:00,9,3.064,3.564,-1.129,.640,.203, 1.022E+03, 8.387E+01, 4.953E-03, 1.526E-03, 1.159E+00, 1.463E+01, 1.038E+01, 4.954E+00, 1.307E+01, 1.673E+01, 5.360E+00, 8.846E-01, 3.195E-01, 6.968E-02, 1.000E+00, 1.957E-01, 3.475E-01, 1.000E-02, 1.000E+00, 1.000E+00, 1.957E-03, 1.195E-05, 2.122E-05, 0.000E+00, 5.233E+01, 2.140E+01, 8.897E-03, 5.021E-05, 1.118E+02, 5.961E-03, 1.024E-01
10/04/2019,18:00,9,3.064,3.564,-1.301,.652,.194, 1.022E+03, 9.115E+01, 5.319E-03, 1.526E-03, 0.000E+00, 0.000E+00, 0.000E+00, 0.000E+00,-1.561E+01, 8.511E+00, 4.740E+00, 6.489E-01, 2.777E-01,-9.990E+02, 1.000E+00,-9.990E+02, 0.000E+00, 0.000E+00, 0.000E+00, 1.000E+00, 0.000E+00, 0.000E+00, 0.000E+00, 0.000E+00, 6.147E+01, 2.461E+01, 8.601E-03, 0.000E+00, 1.163E+02, 5.531E-03, 7.810E-02
10/04/2019,19:00,9,3.064,3.564,-1.274,.649,.196, 1.022E+03, 9.787E+01, 5.319E-03, 1.526E-03, 0.000E+00, 0.000E+00, 0.000E+00, 0.000E+00,-1.561E+01, 8.511E+00, 4.382E+00, 6.490E-01, 2.567E-01,-9.990E+02, 1.000E+00,-9.990E+02, 0.000E+00, 0.000E+00, 0.000E+00, 1.000E+00, 0.000E+00, 0.000E+00, 0.000E+00, 0.000E+00, 6.649E+01, 2.662E+01, 8.648E-03, 0.000E+00, 1.156E+02, 5.393E-03, 1.204E-01
10/04/2019,20:00,9,3.064,3.564,-1.246,.646,.198, 1.022E+03, 1.036E+02, 5.319E-03, 1.526E-03, 0.000E+00, 0.000E+00, 0.000E+00, 0.000E+00,-1.561E+01, 8.511E+00, 4.025E+00, 6.490E-01, 2.358E-01,-9.990E+02, 1.000E+00,-9.990E+02, 0.000E+00, 0.000E+00, 0.000E+00, 1.000E+00, 0.000E+00, 0.000E+00, 0.000E+00, 0.000E+00, 7.240E+01, 2.899E+01, 8.694E-03, 0.000E+00, 1.150E+02, 5.235E-03, 1.724E-01
10/04/2019,21:00,9,3.064,3.564,-1.219,.643,.200, 1.022E+03, 1.080E+02, 3.384E-04, 1.526E-03, 0.000E+00, 0.000E+00, 0.000E+00, 0.000E+00,-2.624E+01, 6.704E+00, 3.668E+00, 4.791E-01, 2.059E-01,-9.990E+02, 1.000E+00,-9.990E+02, 0.000E+00, 0.000E+00, 0.000E+00, 1.000E+00, 0.000E+00, 0.000E+00, 0.000E+00, 0.000E+00, 8.649E+01, 3.319E+01, 8.742E-03, 0.000E+00, 1.144E+02, 4.957E-03, 2.102E-01
10/04/2019,22:00,9,3.064,3.564,-1.218,.642,.200, 1.022E+03, 1.107E+02, 3.384E-04, 1.526E-03, 0.000E+00, 0.000E+00, 0.000E+00, 0.000E+00,-2.624E+01, 6.704E+00, 3.503E+00, 4.791E-01, 1.967E-01,-9.990E+02, 1.000E+00,-9.990E+02, 0.000E+00, 0.000E+00, 0.000E+00, 1.000E+00, 0.000E+00, 0.000E+00, 0.000E+00, 0.000E+00, 9.056E+01, 3.475E+01, 8.743E-03, 0.000E+00, 1.144E+02, 4.858E-03, 2.373E-01
10/04/2019,23:00,9,3.064,3.564,-1.217,.641,.201, 1.023E+03, 1.114E+02, 3.384E-04, 1.526E-03, 0.000E+00, 0.000E+00, 0.000E+00, 0.000E+00,-2.624E+01, 6.704E+00, 3.339E+00, 4.790E-01, 1.875E-01,-9.990E+02, 1.000E+00,-9.990E+02, 0.000E+00, 0.000E+00, 0.000E+00, 1.000E+00, 0.000E+00, 0.000E+00, 0.000E+00, 0.000E+00, 9.500E+01, 3.646E+01, 8.745E-03, 0.000E+00, 1.144E+02, 4.755E-03, 2.681E-01
11/04/2019,00:00,9,3.074,3.574,-1.216,.639,.202, 1.023E+03, 1.101E+02, 5.621E-04, 1.526E-03, 0.000E+00, 0.000E+00, 0.000E+00, 0.000E+00,-2.454E+01, 4.757E+00, 3.177E+00, 3.319E-01, 1.623E-01,-9.990E+02, 1.000E+00,-9.990E+02, 0.000E+00, 0.000E+00, 0.000E+00, 1.000E+00, 0.000E+00, 0.000E+00, 0.000E+00, 0.000E+00, 1.206E+02, 4.211E+01, 8.747E-03, 0.000E+00, 1.143E+02, 4.422E-03, 3.225E-01
11/04/2019,01:00,9,3.074,3.574,-1.732,.663,.181, 1.023E+03, 1.068E+02, 5.621E-04, 5.595E-03, 0.000E+00, 0.000E+00, 0.000E+00, 0.000E+00,-2.454E+01, 4.757E+00, 2.995E+00, 3.315E-01, 1.529E-01,-9.990E+02, 1.000E+00,-9.990E+02, 0.000E+00, 0.000E+00, 0.000E+00, 1.000E+00, 0.000E+00, 0.000E+00, 0.000E+00, 0.000E+00, 1.280E+02, 4.469E+01, 5.942E-03, 0.000E+00, 1.683E+02, 3.485E-03, 3.725E-01
11/04/2019,02:00,9,3.074,3.574,-2.248,.687,.162, 1.023E+03, 1.019E+02, 5.621E-04, 9.664E-03, 0.000E+00, 0.000E+00, 0.000E+00, 0.000E+00,-2.454E+01, 4.757E+00, 2.846E+00, 3.312E-01, 1.453E-01,-9.990E+02, 1.000E+00,-9.990E+02, 0.000E+00, 0.000E+00, 0.000E+00, 1.000E+00, 0.000E+00, 0.000E+00, 0.000E+00, 0.000E+00, 1.349E+02, 4.706E+01, 3.682E-03, 0.000E+00, 2.716E+02, 2.521E-03, 4.125E-01
11/04/2019,03:00,9,3.074,3.574,-2.764,.711,.144, 1.024E+03, 9.578E+01, 5.621E-04, 1.373E-02, 0.000E+00, 0.000E+00, 0.000E+00, 0.000E+00,-4.168E+00, 5.368E+00, 2.735E+00, 4.002E-01, 1.599E-01,-9.990E+02, 1.000E+00,-9.990E+02, 0.000E+00, 0.000E+00, 0.000E+00, 1.000E+00, 0.000E+00, 0.000E+00, 0.000E+00, 0.000E+00, 1.070E+02, 4.275E+01, 1.888E-03, 0.000E+00, 5.296E+02, 1.558E-03, 4.817E-01
11/04/2019,04:00,9,3.074,3.574,-1.862,.663,.180, 1.024E+03, 8.882E+01, 5.621E-04, 1.373E-02, 2.604E-04, 2.632E+00, 8.848E-01, 8.785E-01,-4.168E+00, 5.368E+00, 3.201E+00, 4.008E-01, 1.872E-01, 1.339E-02, 1.000E+00, 3.549E-02, 3.574E-02, 1.000E-02, 1.000E+00, 1.000E+00, 3.549E-04, 2.161E-06, 2.176E-06, 0.000E+00, 9.135E+01, 3.651E+01, 2.002E-03, 9.112E-06, 4.971E+02, 1.687E-03, 5.476E-01
11/04/2019,05:00,9,3.074,3.574,-.960,.615,.219, 1.024E+03, 8.142E+01, 5.621E-04, 1.373E-02, 4.760E+00, 2.712E+01, 2.523E+01, 9.277E+00,-4.168E+00, 5.368E+00, 3.816E+00, 4.014E-01, 2.232E-01, 9.704E-02, 1.000E+00, 3.491E-01, 6.457E-01, 1.000E-02, 1.000E+00, 1.000E+00, 3.491E-03, 2.133E-05, 3.946E-05, 0.000E+00, 7.663E+01, 3.063E+01, 5.251E-03, 8.993E-05, 1.872E+02, 3.738E-03, 5.919E-01
11/04/2019,06:00,9,3.074,3.574,-.058,.567,.264, 1.025E+03, 7.395E+01, 8.504E-06, 1.373E-02, 5.280E+00, 4.700E+01, 2.546E+01, 1.591E+01, 8.707E+01, 1.469E+01, 4.518E+00, 7.469E-01, 2.770E-01, 1.791E-01, 1.000E+00, 5.104E-01, 6.491E-01, 1.000E-02, 1.000E+00, 1.000E+00, 5.104E-03, 3.129E-05, 3.979E-05, 0.000E+00, 5.719E+01, 2.468E+01, 7.192E-03, 1.319E-04, 1.365E+02, 4.982E-03, 6.561E-01
11/04/2019,07:00,9,3.074,3.574,.213,.557,.275, 1.025E+03, 6.682E+01, 8.504E-06, 1.348E-02, 9.196E+00, 7.152E+01, 3.589E+01, 2.421E+01, 8.707E+01, 1.469E+01, 4.393E+00, 7.471E-01, 2.693E-01, 2.509E-01, 1.000E+00, 6.659E-01, 7.715E-01, 1.000E-02, 1.000E+00, 1.000E+00, 6.659E-03, 4.087E-05, 4.734E-05, 0.000E+00, 5.882E+01, 2.538E+01, 7.696E-03, 1.723E-04, 1.271E+02, 5.178E-03, 5.712E-01
11/04/2019,08:00,9,3.074,3.574,.483,.548,.286, 1.026E+03, 6.048E+01, 8.504E-06, 1.323E-02, 1.267E+01, 9.117E+01, 4.370E+01, 3.085E+01, 8.707E+01, 1.469E+01, 4.269E+00, 7.473E-01, 2.616E-01, 3.064E-01, 1.000E+00, 7.542E-01, 8.343E-01, 1.000E-02, 1.000E+00, 1.000E+00, 7.542E-03, 4.633E-05, 5.125E-05, 0.000E+00, 6.054E+01, 2.612E+01, 8.906E-03, 1.953E-04, 1.099E+02, 5.624E-03, 5.323E-01
11/04/2019,09:00,9,3.074,3.574,.754,.539,.297, 1.026E+03, 5.544E+01, 8.504E-06, 1.297E-02, 8.863E+01, 1.318E+02, 1.249E+02, 4.677E+01, 1.701E+02, 1.880E+01, 4.145E+00, 6.873E-01, 2.622E-01, 3.445E-01, 1.000E+00, 9.022E-01, 9.941E-01, 1.000E-02, 1.000E+00, 1.000E+00, 9.022E-03, 5.548E-05, 6.113E-05, 0.000E+00, 5.702E+01, 2.607E+01, 1.060E-02, 2.339E-04, 9.226E+01, 6.272E-03, 5.446E-01
11/04/2019,10:00,9,3.074,3.574,1.092,.524,.315, 1.026E+03, 5.227E+01, 8.504E-06, 1.297E-02, 9.794E+01, 1.399E+02, 1.297E+02, 4.965E+01, 1.701E+02, 1.880E+01, 3.910E+00, 6.877E-01, 2.473E-01, 3.658E-01, 1.000E+00, 9.159E-01, 9.952E-01, 1.000E-02, 1.000E+00, 1.000E+00, 9.159E-03, 5.639E-05, 6.127E-05, 0.000E+00, 6.045E+01, 2.764E+01, 1.305E-02, 2.377E-04, 7.526E+01, 6.828E-03, 5.679E-01
11/04/2019,11:00,9,3.074,3.574,1.431,.508,.333, 1.026E+03, 5.141E+01, 8.504E-06, 1.297E-02, 1.004E+02, 1.420E+02, 1.309E+02, 5.037E+01, 1.701E+02, 1.880E+01, 3.689E+00, 6.881E-01, 2.333E-01, 3.712E-01, 1.000E+00, 9.191E-01, 9.954E-01, 1.000E-02, 1.000E+00, 1.000E+00, 9.191E-03, 5.665E-05, 6.136E-05, 0.000E+00, 6.409E+01, 2.930E+01, 1.305E-02, 2.389E-04, 7.525E+01, 6.634E-03, 5.992E-01
11/04/2019,12:00,9,3.074,3.574,1.769,.493,.352, 1.026E+03, 5.299E+01, 8.504E-06, 1.297E-02, 2.645E+02, 8.077E+01, 2.547E+02, 3.499E+01, 2.030E+02, 8.057E+00, 3.483E+00, 6.915E-01, 2.219E-01, 3.611E-01, 1.000E+00, 8.485E-01, 1.000E+00, 1.000E-02, 1.000E+00, 1.000E+00, 8.485E-03, 5.237E-05, 6.171E-05, 0.000E+00, 6.649E+01, 3.081E+01, 1.305E-02, 2.208E-04, 7.536E+01, 6.472E-03, 5.858E-01
11/04/2019,13:00,9,3.074,3.574,2.082,.438,.399, 1.026E+03, 5.677E+01, 8.504E-06, 8.902E-03, 2.336E+02, 8.032E+01, 2.474E+02, 3.429E+01, 2.030E+02, 8.057E+00, 3.436E+00, 6.920E-01, 2.189E-01, 3.349E-01, 1.000E+00, 8.377E-01, 1.000E+00, 1.000E-02, 1.000E+00, 1.000E+00, 8.377E-03, 5.176E-05, 6.178E-05, 0.000E+00, 6.742E+01, 3.123E+01, 1.052E-02, 2.182E-04, 9.309E+01, 5.769E-03, 5.447E-01
11/04/2019,14:00,9,3.074,3.574,2.396,.384,.447, 1.026E+03, 6.225E+01, 8.504E-06, 4.832E-03, 1.868E+02, 7.695E+01, 2.328E+02, 3.219E+01, 2.030E+02, 8.057E+00, 3.402E+00, 6.924E-01, 2.167E-01, 2.917E-01, 1.000E+00, 8.115E-01, 9.999E-01, 1.000E-02, 1.000E+00, 1.000E+00, 8.115E-03, 5.020E-05, 6.185E-05, 0.000E+00, 6.810E+01, 3.154E+01, 7.999E-03, 2.116E-04, 1.218E+02, 4.930E-03, 5.373E-01
11/04/2019,15:00,9,3.074,3.574,2.709,.329,.498, 1.026E+03, 6.887E+01, 8.504E-06, 7.630E-04, 1.287E+02, 6.797E+01, 2.061E+02, 2.766E+01, 1.296E+01, 5.477E+00, 3.383E+00, 4.081E-01, 2.069E-01, 2.312E-01, 1.000E+00, 7.535E-01, 9.998E-01, 1.000E-02, 1.000E+00, 1.000E+00, 7.535E-03, 4.666E-05, 6.191E-05, 0.000E+00, 7.688E+01, 3.304E+01, 5.474E-03, 1.967E-04, 1.764E+02, 3.812E-03, 4.854E-01
11/04/2019,16:00,9,3.074,3.574,.849,.421,.376, 1.026E+03, 7.613E+01, 8.504E-06, 7.630E-04, 6.586E+01, 5.123E+01, 1.573E+02, 1.997E+01, 1.296E+01, 5.477E+00, 2.971E+00, 4.067E-01, 1.818E-01, 1.557E-01, 1.000E+00, 6.284E-01, 9.985E-01, 1.000E-02, 1.000E+00, 1.000E+00, 6.284E-03, 3.865E-05, 6.141E-05, 0.000E+00, 8.747E+01, 3.761E+01, 5.378E-03, 1.630E-04, 1.805E+02, 3.593E-03, 4.241E-01
11/04/2019,17:00,9,3.074,3.574,-1.010,.514,.276, 1.026E+03, 8.359E+01, 8.504E-06, 7.630E-04, 1.252E+01, 2.624E+01, 6.542E+01, 9.379E+00, 1.296E+01, 5.477E+00, 2.561E+00, 4.053E-01, 1.567E-01, 7.265E-02, 1.000E+00, 3.645E-01, 9.322E-01, 1.000E-02, 1.000E+00, 1.000E+00, 3.645E-03, 2.227E-05, 5.695E-05, 0.000E+00, 1.014E+02, 4.362E+01, 9.543E-03, 9.389E-05, 1.038E+02, 4.603E-03, 3.791E-01
11/04/2019,18:00,9,3.074,3.574,-2.870,.606,.195, 1.026E+03, 9.086E+01, 8.504E-06, 7.630E-04, 0.000E+00, 0.000E+00, 0.000E+00, 0.000E+00,-1.013E+01, 1.697E+00, 2.153E+00, 1.097E-01, 1.000E-01,-9.990E+02, 1.000E+00,-9.990E+02, 0.000E+00, 0.000E+00, 0.000E+00, 1.000E+00, 0.000E+00, 0.000E+00, 0.000E+00, 0.000E+00, 4.806E+02, 6.835E+01, 6.601E-03, 0.000E+00, 1.515E+02, 2.782E-03, 3.607E-01
11/04/2019,19:00,9,3.074,3.574,-3.039,.621,.185, 1.026E+03, 9.757E+01, 8.504E-06, 7.630E-04, 0.000E+00, 0.000E+00, 0.000E+00, 0.000E+00,-1.013E+01, 1.697E+00, 2.154E+00, 1.096E-01, 1.000E-01,-9.990E+02, 1.000E+00,-9.990E+02, 0.000E+00, 0.000E+00, 0.000E+00, 1.000E+00, 0.000E+00, 0.000E+00, 0.000E+00, 0.000E+00, 4.809E+02, 6.835E+01, 6.385E-03, 0.000E+00, 1.566E+02, 2.743E-03, 3.697E-01
11/04/2019,20:00,9,3.074,3.574,-3.207,.635,.176, 1.027E+03, 1.033E+02, 8.504E-06, 7.630E-04, 0.000E+00, 0.000E+00, 0.000E+00, 0.000E+00,-1.013E+01, 1.697E+00, 2.264E+00, 1.096E-01, 1.000E-01,-9.990E+02, 1.000E+00,-9.990E+02, 0.000E+00, 0.000E+00, 0.000E+00, 1.000E+00, 0.000E+00, 0.000E+00, 0.000E+00, 0.000E+00, 4.812E+02, 6.835E+01, 6.176E-03, 0.000E+00, 1.619E+02, 2.703E-03, 4.154E-01
11/04/2019,21:00,9,3.074,3.574,-3.375,.650,.167, 1.027E+03, 1.077E+02, 8.504E-06, 7.630E-04, 0.000E+00, 0.000E+00, 0.000E+00, 0.000E+00,-1.664E+01, 1.559E+00, 2.467E+00, 1.708E-01, 1.000E-01,-9.990E+02, 1.000E+00,-9.990E+02, 0.000E+00, 0.000E+00, 0.000E+00, 1.000E+00, 0.000E+00, 0.000E+00, 0.000E+00, 0.000E+00, 3.040E+02, 6.835E+01, 5.974E-03, 0.000E+00, 1.674E+02, 2.786E-03, 6.153E-01
11/04/2019,22:00,9,3.074,3.574,-3.569,.676,.152, 1.027E+03, 1.104E+02, 8.504E-06, 7.630E-04, 0.000E+00, 0.000E+00, 0.000E+00, 0.000E+00,-1.664E+01, 1.559E+00, 2.500E+00, 1.707E-01, 1.000E-01,-9.990E+02, 1.000E+00,-9.990E+02, 0.000E+00, 0.000E+00, 0.000E+00, 1.000E+00, 0.000E+00, 0.000E+00, 0.000E+00, 0.000E+00, 3.042E+02, 6.835E+01, 5.750E-03, 0.000E+00, 1.739E+02, 2.736E-03, 8.657E-01
11/04/2019,23:00,9,3.074,3.574,-3.762,.703,.138, 1.027E+03, 1.111E+02, 8.504E-06, 7.630E-04, 0.000E+00, 0.000E+00, 0.000E+00, 0.000E+00,-1.664E+01, 1.559E+00, 2.544E+00, 1.706E-01, 1.000E-01,-9.990E+02, 1.000E+00,-9.990E+02, 0.000E+00, 0.000E+00, 0.000E+00, 1.000E+00, 0.000E+00, 0.000E+00, 0.000E+00, 0.000E+00, 3.044E+02, 6.835E+01, 5.535E-03, 0.000E+00, 1.807E+02, 2.686E-03, 1.087E+00
12/04/2019,00:00,9,3.085,3.585,-3.955,.729,.124, 1.028E+03, 1.097E+02, 0.000E+00, 7.630E-04, 0.000E+00, 0.000E+00, 0.000E+00, 0.000E+00,-9.957E+00, 9.241E-01, 2.599E+00, 1.340E-01, 1.000E-01,-9.990E+02, 1.000E+00,-9.990E+02, 0.000E+00, 0.000E+00, 0.000E+00, 1.000E+00, 0.000E+00, 0.000E+00, 0.000E+00, 0.000E+00, 3.363E+02, 6.835E+01, 5.328E-03, 0.000E+00, 1.877E+02, 2.616E-03, 1.255E+00
12/04/2019,01:00,9,3.085,3.585,-4.140,.743,.116, 1.028E+03, 1.064E+02, 0.000E+00, 4.324E-03, 0.000E+00, 0.000E+00, 0.000E+00, 0.000E+00,-9.957E+00, 9.241E-01, 2.473E+00, 1.340E-01, 1.000E-01,-9.990E+02, 1.000E+00,-9.990E+02, 0.000E+00, 0.000E+00, 0.000E+00, 1.000E+00, 0.000E+00, 0.000E+00, 0.000E+00, 0.000E+00, 3.365E+02, 6.835E+01, 4.208E-03, 0.000E+00, 2.377E+02, 2.314E-03, 1.325E+00
12/04/2019,02:00,9,3.085,3.585,-4.324,.756,.108, 1.028E+03, 1.015E+02, 0.000E+00, 7.884E-03, 0.000E+00, 0.000E+00, 0.000E+00, 0.000E+00,-9.957E+00, 9.241E-01, 2.366E+00, 1.339E-01, 1.000E-01,-9.990E+02, 1.000E+00,-9.990E+02, 0.000E+00, 0.000E+00, 0.000E+00, 1.000E+00, 0.000E+00, 0.000E+00, 0.000E+00, 0.000E+00, 3.367E+02, 6.835E+01, 3.186E-03, 0.000E+00, 3.139E+02, 1.967E-03, 1.385E+00
12/04/2019,03:00,9,3.085,3.585,-4.509,.770,.101, 1.028E+03, 9.542E+01, 0.000E+00, 1.144E-02, 0.000E+00, 0.000E+00, 0.000E+00, 0.000E+00, 6.993E+00, 1.273E+00, 2.280E+00, 2.521E-01, 1.431E-01,-9.990E+02, 1.000E+00,-9.990E+02, 0.000E+00, 0.000E+00, 0.000E+00, 1.000E+00, 0.000E+00, 0.000E+00, 0.000E+00, 0.000E+00, 1.059E+02, 4.777E+01, 2.268E-03, 0.000E+00, 4.409E+02, 1.772E-03, 1.492E+00
12/04/2019,04:00,9,3.085,3.585,-3.026,.720,.137, 1.028E+03, 8.847E+01, 0.000E+00, 1.144E-02, 1.409E-02, 6.403E+00, 2.396E+00, 2.132E+00, 6.993E+00, 1.273E+00, 2.247E+00, 2.528E-01, 1.410E-01, 1.730E-02, 1.000E+00, 8.412E-02, 9.384E-02, 1.000E-02, 1.000E+00, 1.000E+00, 8.412E-04, 5.101E-06, 5.690E-06, 0.000E+00, 1.076E+02, 4.848E+01, 2.661E-03, 2.158E-05, 3.728E+02, 2.008E-03, 1.571E+00
12/04/2019,05:00,9,3.085,3.585,-1.543,.670,.180, 1.028E+03, 8.107E+01, 0.000E+00, 1.144E-02, 2.777E+01, 3.552E+01, 1.026E+02, 1.314E+01, 6.993E+00, 1.273E+00, 2.221E+00, 2.535E-01, 1.393E-01, 1.006E-01, 1.000E+00, 4.746E-01, 9.853E-01, 1.000E-02, 1.000E+00, 1.000E+00, 4.746E-03, 2.894E-05, 6.008E-05, 0.000E+00, 1.089E+02, 4.907E+01, 3.202E-03, 1.224E-04, 3.008E+02, 2.339E-03, 1.660E+00
12/04/2019,06:00,9,3.085,3.585,-.060,.620,.231, 1.028E+03, 7.361E+01, 0.000E+00, 1.144E-02, 8.621E+01, 5.733E+01, 1.754E+02, 2.268E+01, 1.730E+02, 7.003E+00, 2.201E+00, 5.769E-01, 1.430E-01, 1.822E-01, 1.000E+00, 6.782E-01, 9.993E-01, 1.000E-02, 1.000E+00, 1.000E+00, 6.782E-03, 4.157E-05, 6.126E-05, 0.000E+00, 9.958E+01, 4.779E+01, 7.654E-03, 1.759E-04, 1.277E+02, 4.007E-03, 1.768E+00
12/04/2019,07:00,9,3.085,3.585,1.321,.562,.295, 1.028E+03, 6.647E+01, 0.000E+00, 1.144E-02, 1.482E+02, 7.121E+01, 2.148E+02, 2.921E+01, 1.730E+02, 7.003E+00, 2.314E+00, 5.784E-01, 1.503E-01, 2.534E-01, 1.000E+00, 7.754E-01, 9.999E-01, 1.000E-02, 1.000E+00, 1.000E+00, 7.754E-03, 4.778E-05, 6.161E-05, 0.000E+00, 9.483E+01, 4.548E+01, 1.210E-02, 2.021E-04, 8.127E+01, 5.070E-03, 7.890E-01
12/04/2019,08:00,9,3.085,3.585,2.703,.504,.368, 1.028E+03, 6.011E+01, 0.000E+00, 1.144E-02, 2.030E+02, 7.793E+01, 2.365E+02, 3.277E+01, 1.730E+02, 7.003E+00, 2.623E+00, 5.798E-01, 1.703E-01, 3.084E-01, 1.000E+00, 8.203E-01, 9.999E-01, 1.000E-02, 1.000E+00, 1.000E+00, 8.203E-03, 5.080E-05, 6.192E-05, 0.000E+00, 8.377E+01, 4.014E+01, 1.210E-02, 2.149E-04, 8.119E+01, 5.447E-03, 7.595E-01
12/04/2019,09:00,9,3.085,3.585,4.085,.446,.454, 1.029E+03, 5.507E+01, 0.000E+00, 1.144E-02, 2.469E+02, 8.056E+01, 2.501E+02, 3.453E+01, 2.445E+02, 1.399E+01, 3.068E+00, 5.671E-01, 2.042E-01, 3.461E-01, 1.000E+00, 8.419E-01, 1.000E+00, 1.000E-02, 1.000E+00, 1.000E+00, 8.419E-03, 5.240E-05, 6.223E-05, 0.000E+00, 6.682E+01, 3.347E+01, 1.210E-02, 2.217E-04, 8.114E+01, 6.040E-03, 7.938E-01
12/04/2019,10:00,9,3.085,3.585,4.550,.434,.478, 1.028E+03, 5.190E+01, 0.000E+00, 1.119E-02, 2.724E+02, 8.052E+01, 2.557E+02, 3.494E+01, 2.445E+02, 1.399E+01, 2.940E+00, 5.677E-01, 1.957E-01, 3.671E-01, 1.000E+00, 8.496E-01, 1.000E+00, 1.000E-02, 1.000E+00, 1.000E+00, 8.496E-03, 5.297E-05, 6.234E-05, 0.000E+00, 6.976E+01, 3.493E+01, 1.194E-02, 2.241E-04, 8.218E+01, 5.872E-03, 7.948E-01
12/04/2019,11:00,9,3.085,3.585,5.014,.423,.504, 1.028E+03, 5.105E+01, 0.000E+00, 1.094E-02, 2.792E+02, 8.035E+01, 2.570E+02, 3.499E+01, 2.445E+02, 1.399E+01, 2.812E+00, 5.682E-01, 1.871E-01, 3.725E-01, 1.000E+00, 8.512E-01, 1.000E+00, 1.000E-02, 1.000E+00, 1.000E+00, 8.512E-03, 5.315E-05, 6.244E-05, 0.000E+00, 7.297E+01, 3.653E+01, 1.179E-02, 2.249E-04, 8.325E+01, 5.701E-03, 7.889E-01
12/04/2019,12:00,9,3.085,3.585,5.478,.412,.531, 1.028E+03, 5.265E+01, 0.000E+00, 1.068E-02, 2.558E+02, 7.735E+01, 2.442E+02, 3.347E+01, 1.425E+02, 3.176E+00, 2.684E+00, 5.262E-01, 1.752E-01, 3.624E-01, 1.000E+00, 8.390E-01, 1.000E+00, 1.000E-02, 1.000E+00, 1.000E+00, 8.390E-03, 5.248E-05, 6.255E-05, 0.000E+00, 8.061E+01, 3.901E+01, 1.163E-02, 2.220E-04, 8.438E+01, 5.445E-03, 7.772E-01
12/04/2019,13:00,9,3.085,3.585,5.077,.420,.509, 1.028E+03, 5.645E+01, 0.000E+00, 7.630E-03, 2.260E+02, 7.703E+01, 2.373E+02, 3.284E+01, 1.425E+02, 3.176E+00, 2.728E+00, 5.259E-01, 1.781E-01, 3.363E-01, 1.000E+00, 8.281E-01, 9.999E-01, 1.000E-02, 1.000E+00, 1.000E+00, 8.281E-03, 5.172E-05, 6.246E-05, 0.000E+00, 7.928E+01, 3.837E+01, 9.735E-03, 2.188E-04, 1.005E+02, 5.048E-03, 7.423E-01
12/04/2019,14:00,9,3.085,3.585,4.675,.428,.488, 1.028E+03, 6.194E+01, 0.000E+00, 4.578E-03, 1.812E+02, 7.398E+01, 2.236E+02, 3.090E+01, 1.425E+02, 3.176E+00, 2.779E+00, 5.255E-01, 1.815E-01, 2.934E-01, 1.000E+00, 8.017E-01, 9.999E-01, 1.000E-02, 1.000E+00, 1.000E+00, 8.017E-03, 5.000E-05, 6.236E-05, 0.000E+00, 7.780E+01, 3.766E+01, 7.841E-03, 2.115E-04, 1.242E+02, 4.545E-03, 6.856E-01
12/04/2019,15:00,9,3.085,3.585,4.273,.436,.468, 1.028E+03, 6.858E+01, 0.000E+00, 1.526E-03, 1.310E+02, 6.851E+01, 2.072E+02, 2.784E+01,-2.860E+00, 2.410E+00, 2.837E+00, 4.099E-01, 1.668E-01, 2.333E-01, 1.000E+00, 7.560E-01, 9.998E-01, 1.000E-02, 1.000E+00, 1.000E+00, 7.560E-03, 4.708E-05, 6.227E-05, 0.000E+00, 1.019E+02, 4.097E+01, 5.947E-03, 1.992E-04, 1.627E+02, 3.703E-03, 5.890E-01
12/04/2019,16:00,9,3.085,3.585,2.477,.523,.349, 1.029E+03, 7.584E+01, 0.000E+00, 1.526E-03, 6.807E+01, 5.204E+01, 1.594E+02, 2.027E+01,-2.860E+00, 2.410E+00, 2.954E+00, 4.085E-01, 1.737E-01, 1.583E-01, 1.000E+00, 6.341E-01, 9.986E-01, 1.000E-02, 1.000E+00, 1.000E+00, 6.341E-03, 3.924E-05, 6.179E-05, 0.000E+00, 9.791E+01, 3.935E+01, 5.947E-03, 1.660E-04, 1.636E+02, 3.749E-03, 5.008E-01
12/04/2019,17:00,9,3.085,3.585,.681,.609,.251, 1.029E+03, 8.330E+01, 0.000E+00, 1.526E-03, 1.396E+01, 2.733E+01, 6.964E+01, 9.784E+00,-2.860E+00, 2.410E+00, 3.090E+00, 4.071E-01, 1.817E-01, 7.558E-02, 1.000E+00, 3.775E-01, 9.430E-01, 1.000E-02, 1.000E+00, 1.000E+00, 3.775E-03, 2.321E-05, 5.797E-05, 0.000E+00, 9.362E+01, 3.762E+01, 5.594E-03, 9.819E-05, 1.757E+02, 3.646E-03, 4.332E-01
12/04/2019,18:00,9,3.085,3.585,-1.116,.696,.171, 1.029E+03, 9.057E+01, 0.000E+00, 1.526E-03, 0.000E+00, 0.000E+00, 0.000E+00, 0.000E+00,-2.175E+01,-1.958E+00, 3.243E+00, 1.917E-01, 1.105E-01,-9.990E+02, 1.000E+00,-9.990E+02, 0.000E+00, 0.000E+00, 0.000E+00, 1.000E+00, 0.000E+00, 0.000E+00, 0.000E+00, 0.000E+00, 2.657E+02, 6.187E+01, 8.921E-03, 0.000E+00, 1.121E+02, 3.514E-03, 4.271E-01
12/04/2019,19:00,9,3.085,3.585,-1.767,.767,.125, 1.030E+03, 9.726E+01, 0.000E+00, 1.526E-03, 0.000E+00, 0.000E+00, 0.000E+00, 0.000E+00,-2.175E+01,-1.958E+00, 2.942E+00, 1.914E-01, 1.001E-01,-9.990E+02, 1.000E+00,-9.990E+02, 0.000E+00, 0.000E+00, 0.000E+00, 1.000E+00, 0.000E+00, 0.000E+00, 0.000E+00, 0.000E+00, 2.938E+02, 6.830E+01, 7.849E-03, 0.000E+00, 1.274E+02, 3.146E-03, 4.323E-01
12/04/2019,20:00,9,3.085,3.585,-2.418,.839,.082, 1.030E+03, 1.030E+02, 0.000E+00, 1.526E-03, 0.000E+00, 0.000E+00, 0.000E+00, 0.000E+00,-2.175E+01,-1.958E+00, 2.645E+00, 1.912E-01, 1.000E-01,-9.990E+02, 1.000E+00,-9.990E+02, 0.000E+00, 0.000E+00, 0.000E+00, 1.000E+00, 0.000E+00, 0.000E+00, 0.000E+00, 0.000E+00, 2.945E+02, 6.835E+01, 6.908E-03, 0.000E+00, 1.448E+02, 2.981E-03, 4.564E-01
12/04/2019,21:00,9,3.085,3.585,-3.070,.911,.044, 1.030E+03, 1.074E+02, 0.000E+00, 1.526E-03, 0.000E+00, 0.000E+00, 0.000E+00, 0.000E+00,-9.997E+00,-3.279E+00, 2.353E+00, 1.347E-01, 1.000E-01,-9.990E+02, 1.000E+00,-9.990E+02, 0.000E+00, 0.000E+00, 0.000E+00, 1.000E+00, 0.000E+00, 0.000E+00, 0.000E+00, 0.000E+00, 3.341E+02, 6.835E+01, 6.082E-03, 0.000E+00, 1.644E+02, 2.787E-03, 7.015E-01
12/04/2019,22:00,9,3.085,3.585,-3.212,.918,.040, 1.030E+03, 1.100E+02, 0.000E+00, 1.526E-03, 0.000E+00, 0.000E+00, 0.000E+00, 0.000E+00,-9.997E+00,-3.279E+00, 2.250E+00, 1.346E-01, 1.000E-01,-9.990E+02, 1.000E+00,-9.990E+02, 0.000E+00, 0.000E+00, 0.000E+00, 1.000E+00, 0.000E+00, 0.000E+00, 0.000E+00, 0.000E+00, 3.342E+02, 6.835E+01, 5.916E-03, 0.000E+00, 1.690E+02, 2.752E-03, 1.051E+00
12/04/2019,23:00,9,3.085,3.585,-3.354,.925,.036, 1.031E+03, 1.107E+02, 0.000E+00, 1.526E-03, 0.000E+00, 0.000E+00, 0.000E+00, 0.000E+00,-9.997E+00,-3.279E+00, 2.250E+00, 1.346E-01, 1.000E-01,-9.990E+02, 1.000E+00,-9.990E+02, 0.000E+00, 0.000E+00, 0.000E+00, 1.000E+00, 0.000E+00, 0.000E+00, 0.000E+00, 0.000E+00, 3.344E+02, 6.835E+01, 5.754E-03, 0.000E+00, 1.738E+02, 2.716E-03, 1.295E+00
13/04/2019,00:00,9,3.096,3.596,-3.496,.932,.032, 1.031E+03, 1.093E+02, 4.454E-05, 1.526E-03, 0.000E+00, 0.000E+00, 0.000E+00, 0.000E+00,-1.205E+01,-3.187E+00, 2.352E+00, 1.640E-01, 1.000E-01,-9.990E+02, 1.000E+00,-9.990E+02, 0.000E+00, 0.000E+00, 0.000E+00, 1.000E+00, 0.000E+00, 0.000E+00, 0.000E+00, 0.000E+00, 2.790E+02, 6.835E+01, 5.597E-03, 0.000E+00, 1.787E+02, 2.718E-03, 1.431E+00
13/04/2019,01:00,9,3.096,3.596,-3.610,.929,.033, 1.031E+03, 1.061E+02, 4.454E-05, 1.017E-03, 0.000E+00, 0.000E+00, 0.000E+00, 0.000E+00,-1.205E+01,-3.187E+00, 2.376E+00, 1.639E-01, 1.000E-01,-9.990E+02, 1.000E+00,-9.990E+02, 0.000E+00, 0.000E+00, 0.000E+00, 1.000E+00, 0.000E+00, 0.000E+00, 0.000E+00, 0.000E+00, 2.790E+02, 6.835E+01, 5.627E-03, 0.000E+00, 1.777E+02, 2.725E-03, 1.481E+00
13/04/2019,02:00,9,3.096,3.596,-3.724,.925,.035, 1.031E+03, 1.012E+02, 4.454E-05, 5.087E-04, 0.000E+00, 0.000E+00, 0.000E+00, 0.000E+00,-1.205E+01,-3.187E+00, 2.400E+00, 1.639E-01, 1.000E-01,-9.990E+02, 1.000E+00,-9.990E+02, 0.000E+00, 0.000E+00, 0.000E+00, 1.000E+00, 0.000E+00, 0.000E+00, 0.000E+00, 0.000E+00, 2.791E+02, 6.835E+01, 5.651E-03, 0.000E+00, 1.770E+02, 2.731E-03, 1.525E+00
13/04/2019,03:00,9,3.096,3.596,-3.838,.922,.036, 1.031E+03, 9.507E+01, 4.454E-05, 3.469E-16, 0.000E+00, 0.000E+00, 0.000E+00, 0.000E+00, 6.874E+00, 1.967E+00, 2.424E+00, 2.658E-01, 1.511E-01,-9.990E+02, 1.000E+00,-9.990E+02, 0.000E+00, 0.000E+00, 0.000E+00, 1.000E+00, 0.000E+00, 0.000E+00, 0.000E+00, 0.000E+00, 1.015E+02, 4.522E+01, 5.669E-03, 0.000E+00, 1.764E+02, 3.408E-03, 1.552E+00
13/04/2019,04:00,9,3.096,3.596,-2.463,.849,.077, 1.031E+03, 8.812E+01, 4.454E-05, 3.469E-16, 6.228E-02, 7.854E+00, 3.562E+00, 2.610E+00, 6.874E+00, 1.967E+00, 2.272E+00, 2.665E-01, 1.416E-01, 2.114E-02, 1.000E+00, 1.025E-01, 1.363E-01, 1.000E-02, 1.000E+00, 1.000E+00, 1.025E-03, 6.230E-06, 8.281E-06, 0.000E+00, 1.084E+02, 4.828E+01, 7.463E-03, 2.645E-05, 1.335E+02, 3.869E-03, 1.298E+00
13/04/2019,05:00,9,3.096,3.596,-1.089,.777,.126, 1.031E+03, 8.073E+01, 4.454E-05, 3.469E-16, 3.003E+01, 3.673E+01, 1.068E+02, 1.361E+01, 6.874E+00, 1.967E+00, 2.125E+00, 2.671E-01, 1.324E-01, 1.041E-01, 1.000E+00, 4.867E-01, 9.876E-01, 1.000E-02, 1.000E+00, 1.000E+00, 4.867E-03, 2.973E-05, 6.032E-05, 0.000E+00, 1.160E+02, 5.163E+01, 9.825E-03, 1.262E-04, 1.005E+02, 4.271E-03, 1.096E+00
13/04/2019,06:00,9,3.096,3.596,.286,.704,.185, 1.031E+03, 7.326E+01, 4.454E-05, 3.469E-16, 8.734E+01, 5.713E+01, 1.742E+02, 2.259E+01, 1.760E+02, 9.412E+00, 1.985E+00, 4.977E-01, 1.327E-01, 1.852E-01, 1.000E+00, 6.780E-01, 9.992E-01, 1.000E-02, 1.000E+00, 1.000E+00, 6.780E-03, 4.162E-05, 6.134E-05, 0.000E+00, 1.021E+02, 5.152E+01, 5.000E-03, 1.767E-04, 1.932E+02, 3.097E-03, 1.120E+00
13/04/2019,07:00,9,3.096,3.596,2.097,.595,.288, 1.032E+03, 6.612E+01, 4.454E-05, 3.469E-16, 1.483E+02, 7.044E+01, 2.120E+02, 2.885E+01, 1.760E+02, 9.412E+00, 2.097E+00, 4.993E-01, 1.401E-01, 2.558E-01, 1.000E+00, 7.728E-01, 9.998E-01, 1.000E-02, 1.000E+00, 1.000E+00, 7.728E-03, 4.775E-05, 6.178E-05, 0.000E+00, 9.686E+01, 4.880E+01, 5.000E-03, 2.027E-04, 1.922E+02, 3.174E-03, 1.005E+00
13/04/2019,08:00,9,3.096,3.596,3.907,.486,.415, 1.032E+03, 5.976E+01, 4.454E-05, 3.469E-16, 2.021E+02, 7.679E+01, 2.329E+02, 3.225E+01, 1.760E+02, 9.412E+00, 2.407E+00, 5.009E-01, 1.607E-01, 3.103E-01, 1.000E+00, 8.169E-01, 9.999E-01, 1.000E-02, 1.000E+00, 1.000E+00, 8.169E-03, 5.081E-05, 6.219E-05, 0.000E+00, 8.453E+01, 4.254E+01, 5.000E-03, 2.157E-04, 1.917E+02, 3.346E-03, 1.089E+00
13/04/2019,09:00,9,3.096,3.596,5.718,.378,.571, 1.032E+03, 5.471E+01, 4.454E-05, 3.469E-16, 2.477E+02, 8.004E+01, 2.486E+02, 3.426E+01, 1.949E+02, 9.968E+00, 2.852E+00, 5.647E-01, 1.873E-01, 3.476E-01, 1.000E+00, 8.406E-01, 1.000E+00, 1.000E-02, 1.000E+00, 1.000E+00, 8.406E-03, 5.262E-05, 6.260E-05, 0.000E+00, 7.466E+01, 3.650E+01, 5.000E-03, 2.234E-04, 1.914E+02, 3.520E-03, 1.087E+00
13/04/2019,10:00,9,3.096,3.596,5.834,.373,.580, 1.032E+03, 5.154E+01, 4.454E-05, 3.469E-16, 2.729E+02, 7.990E+01, 2.540E+02, 3.463E+01, 1.949E+02, 9.968E+00, 2.764E+00, 5.649E-01, 1.815E-01, 3.685E-01, 1.000E+00, 8.480E-01, 1.000E+00, 1.000E-02, 1.000E+00, 1.000E+00, 8.480E-03, 5.311E-05, 6.263E-05, 0.000E+00, 7.705E+01, 3.767E+01, 5.000E-03, 2.255E-04, 1.914E+02, 3.484E-03, 9.310E-01
13/04/2019,11:00,9,3.096,3.596,5.950,.368,.589, 1.032E+03, 5.069E+01, 4.454E-05, 3.469E-16, 2.795E+02, 7.970E+01, 2.553E+02, 3.466E+01, 1.949E+02, 9.968E+00, 2.689E+00, 5.650E-01, 1.766E-01, 3.737E-01, 1.000E+00, 8.495E-01, 1.000E+00, 1.000E-02, 1.000E+00, 1.000E+00, 8.495E-03, 5.322E-05, 6.265E-05, 0.000E+00, 7.919E+01, 3.871E+01, 5.000E-03, 2.260E-04, 1.914E+02, 3.453E-03, 9.267E-01
13/04/2019,12:00,9,3.096,3.596,6.066,.364,.598, 1.032E+03, 5.231E+01, 4.454E-05, 3.469E-16, 2.696E+02, 8.081E+01, 2.554E+02, 3.492E+01, 1.938E+02, 4.448E+00, 2.631E+00, 5.653E-01, 1.726E-01, 3.636E-01, 1.000E+00, 8.486E-01, 1.000E+00, 1.000E-02, 1.000E+00, 1.000E+00, 8.486E-03, 5.319E-05, 6.268E-05, 0.000E+00, 8.106E+01, 3.959E+01, 5.000E-03, 2.258E-04, 1.914E+02, 3.426E-03, 9.166E-01
13/04/2019,13:00,9,3.096,3.596,6.144,.351,.613, 1.031E+03, 5.612E+01, 4.454E-05, 3.469E-16, 2.385E+02, 8.059E+01, 2.483E+02, 3.431E+01, 1.938E+02, 4.448E+00, 2.761E+00, 5.654E-01, 1.812E-01, 3.377E-01, 1.000E+00, 8.385E-01, 1.000E+00, 1.000E-02, 1.000E+00, 1.000E+00, 8.385E-03, 5.257E-05, 6.270E-05, 0.000E+00, 7.724E+01, 3.773E+01, 5.000E-03, 2.232E-04, 1.915E+02, 3.481E-03, 9.008E-01
13/04/2019,14:00,9,3.096,3.596,6.222,.339,.628, 1.031E+03, 6.164E+01, 4.454E-05, 3.469E-16, 1.917E+02, 7.757E+01, 2.342E+02, 3.235E+01, 1.938E+02, 4.448E+00, 2.899E+00, 5.656E-01, 1.903E-01, 2.951E-01, 1.000E+00, 8.136E-01, 9.999E-01, 1.000E-02, 1.000E+00, 1.000E+00, 8.136E-03, 5.103E-05, 6.271E-05, 0.000E+00, 7.356E+01, 3.593E+01, 5.000E-03, 2.166E-04, 1.917E+02, 3.535E-03, 8.330E-01
13/04/2019,15:00,9,3.096,3.596,6.301,.327,.644, 1.031E+03, 6.829E+01, 4.454E-05, 3.469E-16, 1.334E+02, 6.904E+01, 2.083E+02, 2.801E+01,-1.518E+01, 4.364E+00, 3.045E+00, 4.008E-01, 1.712E-01, 2.353E-01, 1.000E+00, 7.584E-01, 9.998E-01, 1.000E-02, 1.000E+00, 1.000E+00, 7.584E-03, 4.758E-05, 6.272E-05, 0.000E+00, 1.039E+02, 3.994E+01, 5.000E-03, 2.020E-04, 1.922E+02, 3.363E-03, 7.493E-01
13/04/2019,16:00,9,3.096,3.596,4.347,.390,.509, 1.031E+03, 7.556E+01, 4.454E-05, 3.469E-16, 7.028E+01, 5.283E+01, 1.615E+02, 2.057E+01,-1.518E+01, 4.364E+00, 3.167E+00, 3.994E-01, 1.779E-01, 1.607E-01, 1.000E+00, 6.396E-01, 9.987E-01, 1.000E-02, 1.000E+00, 1.000E+00, 6.396E-03, 3.984E-05, 6.221E-05, 0.000E+00, 1.000E+02, 3.842E+01, 5.000E-03, 1.692E-04, 1.935E+02, 3.395E-03, 6.581E-01
13/04/2019,17:00,9,3.096,3.596,2.393,.453,.397, 1.032E+03, 8.302E+01, 4.454E-05, 3.469E-16, 1.545E+01, 2.840E+01, 7.379E+01, 1.018E+01,-1.518E+01, 4.364E+00, 3.290E+00, 3.979E-01, 1.847E-01, 7.847E-02, 1.000E+00, 3.901E-01, 9.519E-01, 1.000E-02, 1.000E+00, 1.000E+00, 3.901E-03, 2.413E-05, 5.888E-05, 0.000E+00, 9.643E+01, 3.701E+01, 5.000E-03, 1.024E-04, 1.960E+02, 3.409E-03, 6.146E-01
13/04/2019,18:00,9,3.096,3.596,.440,.516,.305, 1.032E+03, 9.028E+01, 4.454E-05, 3.469E-16, 0.000E+00, 0.000E+00, 0.000E+00, 0.000E+00,-2.798E+01, 2.214E+00, 3.412E+00, 2.011E-01, 1.110E-01,-9.990E+02, 1.000E+00,-9.990E+02, 0.000E+00, 0.000E+00, 0.000E+00, 1.000E+00, 0.000E+00, 0.000E+00, 0.000E+00, 0.000E+00, 2.771E+02, 6.159E+01, 5.000E-03, 0.000E+00, 2.000E+02, 2.682E-03, 6.593E-01
13/04/2019,19:00,9,3.096,3.596,-.605,.597,.236, 1.032E+03, 9.696E+01, 4.454E-05, 3.469E-16, 0.000E+00, 0.000E+00, 0.000E+00, 0.000E+00,-2.798E+01, 2.214E+00, 3.059E+00, 2.007E-01, 1.000E-01,-9.990E+02, 1.000E+00,-9.990E+02, 0.000E+00, 0.000E+00, 0.000E+00, 1.000E+00, 0.000E+00, 0.000E+00, 0.000E+00, 0.000E+00, 3.083E+02, 6.835E+01, 1.000E-02, 0.000E+00, 1.000E+02, 3.425E-03, 6.616E-01
13/04/2019,20:00,9,3.096,3.596,-1.649,.678,.174, 1.032E+03, 1.027E+02, 4.454E-05, 3.469E-16, 0.000E+00, 0.000E+00, 0.000E+00, 0.000E+00,-2.798E+01, 2.214E+00, 2.729E+00, 2.003E-01, 1.000E-01,-9.990E+02, 1.000E+00,-9.990E+02, 0.000E+00, 0.000E+00, 0.000E+00, 1.000E+00, 0.000E+00, 0.000E+00, 0.000E+00, 0.000E+00, 3.091E+02, 6.835E+01, 8.783E-03, 0.000E+00, 1.139E+02, 3.269E-03, 7.014E-01
13/04/2019,21:00,9,3.096,3.596,-2.693,.759,.121, 1.033E+03, 1.070E+02, 4.454E-05, 3.469E-16, 0.000E+00, 0.000E+00, 0.000E+00, 0.000E+00,-1.002E+01,-9.095E-01, 2.431E+00, 1.268E-01, 1.000E-01,-9.990E+02, 1.000E+00,-9.990E+02, 0.000E+00, 0.000E+00, 0.000E+00, 1.000E+00, 0.000E+00, 0.000E+00, 0.000E+00, 0.000E+00, 3.669E+02, 6.835E+01, 7.128E-03, 0.000E+00, 1.403E+02, 2.961E-03, 9.300E-01
13/04/2019,22:00,9,3.096,3.596,-2.843,.802,.098, 1.033E+03, 1.097E+02, 4.454E-05, 3.469E-16, 0.000E+00, 0.000E+00, 0.000E+00, 0.000E+00,-1.002E+01,-9.095E-01, 2.313E+00, 1.268E-01, 1.000E-01,-9.990E+02, 1.000E+00,-9.990E+02, 0.000E+00, 0.000E+00, 0.000E+00, 1.000E+00, 0.000E+00, 0.000E+00, 0.000E+00, 0.000E+00, 3.671E+02, 6.835E+01, 6.918E-03, 0.000E+00, 1.446E+02, 2.924E-03, 1.239E+00
13/04/2019,23:00,9,3.096,3.596,-2.992,.845,.076, 1.033E+03, 1.103E+02, 4.454E-05, 3.469E-16, 0.000E+00, 0.000E+00, 0.000E+00, 0.000E+00,-1.002E+01,-9.095E-01, 2.210E+00, 1.267E-01, 1.000E-01,-9.990E+02, 1.000E+00,-9.990E+02, 0.000E+00, 0.000E+00, 0.000E+00, 1.000E+00, 0.000E+00, 0.000E+00, 0.000E+00, 0.000E+00, 3.672E+02, 6.835E+01, 6.714E-03, 0.000E+00, 1.489E+02, 2.887E-03, 1.435E+00
14/04/2019,00:00,9,3.107,3.607,-3.142,.889,.054, 1.034E+03, 1.090E+02, 0.000E+00, 3.469E-16, 0.000E+00, 0.000E+00, 0.000E+00, 0.000E+00,-1.217E+01,-1.085E+00, 2.124E+00, 1.559E-01, 1.000E-01,-9.990E+02, 1.000E+00,-9.990E+02, 0.000E+00, 0.000E+00, 0.000E+00, 1.000E+00, 0.000E+00, 0.000E+00, 0.000E+00, 0.000E+00, 2.980E+02, 6.835E+01, 6.516E-03, 0.000E+00, 1.535E+02, 2.903E-03, 1.623E+00
14/04/2019,01:00,9,3.107,3.607,-3.143,.888,.054, 1.034E+03, 1.057E+02, 0.000E+00, 3.469E-16, 0.000E+00, 0.000E+00, 0.000E+00, 0.000E+00,-1.217E+01,-1.085E+00, 2.182E+00, 1.559E-01, 1.000E-01,-9.990E+02, 1.000E+00,-9.990E+02, 0.000E+00, 0.000E+00, 0.000E+00, 1.000E+00, 0.000E+00, 0.000E+00, 0.000E+00, 0.000E+00, 2.980E+02, 6.835E+01, 6.514E-03, 0.000E+00, 1.535E+02, 2.903E-03, 1.757E+00
14/04/2019,02:00,9,3.107,3.607,-3.145,.888,.054, 1.034E+03, 1.008E+02, 0.000E+00, 3.469E-16, 0.000E+00, 0.000E+00, 0.000E+00, 0.000E+00,-1.217E+01,-1.085E+00, 2.286E+00, 1.559E-01, 1.000E-01,-9.990E+02, 1.000E+00,-9.990E+02, 0.000E+00, 0.000E+00, 0.000E+00, 1.000E+00, 0.000E+00, 0.000E+00, 0.000E+00, 0.000E+00, 2.980E+02, 6.835E+01, 6.512E-03, 0.000E+00, 1.536E+02, 2.902E-03, 1.826E+00
14/04/2019,03:00,9,3.107,3.607,-3.146,.888,.054, 1.034E+03, 9.472E+01, 0.000E+00, 3.469E-16, 0.000E+00, 0.000E+00, 0.000E+00, 0.000E+00, 8.361E+00, 2.119E+00, 2.431E+00, 2.557E-01, 1.534E-01,-9.990E+02, 1.000E+00,-9.990E+02, 0.000E+00, 0.000E+00, 0.000E+00, 1.000E+00, 0.000E+00, 0.000E+00, 0.000E+00, 0.000E+00, 9.786E+01, 4.456E+01, 6.510E-03, 0.000E+00, 1.536E+02, 3.724E-03, 1.828E+00
14/04/2019,04:00,9,3.107,3.607,-1.776,.828,.092, 1.034E+03, 8.778E+01, 0.000E+00, 3.469E-16, 1.772E-01, 9.291E+00, 5.374E+00, 3.085E+00, 8.361E+00, 2.119E+00, 2.154E+00, 2.563E-01, 1.359E-01, 2.493E-02, 1.000E+00, 1.211E-01, 1.983E-01, 1.000E-02, 1.000E+00, 1.000E+00, 1.211E-03, 7.380E-06, 1.208E-05, 0.000E+00, 1.105E+02, 5.031E+01, 8.562E-03, 3.144E-05, 1.164E+02, 4.064E-03, 1.587E+00
14/04/2019,05:00,9,3.107,3.607,-.406,.767,.138, 1.034E+03, 8.039E+01, 0.000E+00, 3.469E-16, 3.233E+01, 3.791E+01, 1.109E+02, 1.406E+01, 8.361E+00, 2.119E+00, 1.877E+00, 2.569E-01, 1.184E-01, 1.075E-01, 1.000E+00, 4.983E-01, 9.895E-01, 1.000E-02, 1.000E+00, 1.000E+00, 4.983E-03, 3.051E-05, 6.059E-05, 0.000E+00, 1.269E+02, 5.775E+01, 1.000E-02, 1.300E-04, 9.872E+01, 4.038E-03, 1.402E+00
14/04/2019,06:00,9,3.107,3.607,.964,.707,.192, 1.034E+03, 7.292E+01, 0.000E+00, 3.469E-16, 9.264E+01, 5.961E+01, 1.812E+02, 2.355E+01, 1.741E+02, 1.274E+01, 1.601E+00, 4.031E-01, 1.121E-01, 1.882E-01, 1.000E+00, 6.917E-01, 9.994E-01, 1.000E-02, 1.000E+00, 1.000E+00, 6.917E-03, 4.256E-05, 6.150E-05, 0.000E+00, 1.115E+02, 6.098E+01, 5.000E-03, 1.813E-04, 1.930E+02, 2.918E-03, 1.468E+00
14/04/2019,07:00,9,3.107,3.607,2.891,.593,.306, 1.034E+03, 6.577E+01, 0.000E+00, 3.469E-16, 1.554E+02, 7.298E+01, 2.192E+02, 2.986E+01, 1.741E+02, 1.274E+01, 1.594E+00, 4.045E-01, 1.115E-01, 2.582E-01, 1.000E+00, 7.827E-01, 9.999E-01, 1.000E-02, 1.000E+00, 1.000E+00, 7.827E-03, 4.850E-05, 6.196E-05, 0.000E+00, 1.122E+02, 6.128E+01, 5.000E-03, 2.066E-04, 1.921E+02, 2.919E-03, 1.259E+00
14/04/2019,08:00,9,3.107,3.607,4.819,.480,.448, 1.034E+03, 5.940E+01, 0.000E+00, 3.469E-16, 2.107E+02, 7.926E+01, 2.402E+02, 3.324E+01, 1.741E+02, 1.274E+01, 1.796E+00, 4.059E-01, 1.256E-01, 3.122E-01, 1.000E+00, 8.247E-01, 9.999E-01, 1.000E-02, 1.000E+00, 1.000E+00, 8.247E-03, 5.146E-05, 6.240E-05, 0.000E+00, 9.984E+01, 5.443E+01, 5.000E-03, 2.192E-04, 1.916E+02, 3.073E-03, 1.481E+00
14/04/2019,09:00,9,3.107,3.607,6.747,.366,.625, 1.034E+03, 5.435E+01, 0.000E+00, 3.469E-16, 2.529E+02, 8.092E+01, 2.515E+02, 3.459E+01, 2.574E+02, 5.295E+01, 2.149E+00, 4.688E-01, 1.497E-01, 3.491E-01, 1.000E+00, 8.431E-01, 1.000E+00, 1.000E-02, 1.000E+00, 1.000E+00, 8.431E-03, 5.297E-05, 6.283E-05, 0.000E+00, 8.421E+01, 4.565E+01, 5.000E-03, 2.257E-04, 1.914E+02, 3.292E-03, 1.524E+00
14/04/2019,10:00,9,3.107,3.607,7.161,.375,.634, 1.034E+03, 5.117E+01, 0.000E+00, 3.469E-16, 2.783E+02, 8.067E+01, 2.569E+02, 3.492E+01, 2.574E+02, 5.295E+01, 2.008E+00, 4.691E-01, 1.399E-01, 3.698E-01, 1.000E+00, 8.501E-01, 1.000E+00, 1.000E-02, 1.000E+00, 1.000E+00, 8.501E-03, 5.349E-05, 6.293E-05, 0.000E+00, 9.020E+01, 4.888E+01, 5.000E-03, 2.279E-04, 1.913E+02, 3.209E-03, 1.065E+00
14/04/2019,11:00,9,3.107,3.607,7.575,.383,.644, 1.034E+03, 5.033E+01, 0.000E+00, 3.469E-16, 2.849E+02, 8.045E+01, 2.581E+02, 3.495E+01, 2.574E+02, 5.295E+01, 1.880E+00, 4.695E-01, 1.310E-01, 3.749E-01, 1.000E+00, 8.515E-01, 1.000E+00, 1.000E-02, 1.000E+00, 1.000E+00, 8.515E-03, 5.366E-05, 6.302E-05, 0.000E+00, 9.636E+01, 5.220E+01, 5.000E-03, 2.286E-04, 1.913E+02, 3.127E-03, 1.058E+00
14/04/2019,12:00,9,3.107,3.607,7.989,.392,.653, 1.034E+03, 5.196E+01, 0.000E+00, 3.469E-16, 2.721E+02, 8.081E+01, 2.557E+02, 3.487E+01, 1.561E+02, 3.413E+01, 1.770E+00, 4.780E-01, 1.183E-01, 3.648E-01, 1.000E+00, 8.486E-01, 1.000E+00, 1.000E-02, 1.000E+00, 1.000E+00, 8.486E-03, 5.356E-05, 6.311E-05, 0.000E+00, 1.146E+02, 5.778E+01, 5.000E-03, 2.282E-04, 1.913E+02, 2.970E-03, 1.041E+00
14/04/2019,13:00,9,3.107,3.607,7.790,.393,.643, 1.034E+03, 5.580E+01, 0.000E+00, 3.469E-16, 2.410E+02, 8.070E+01, 2.487E+02, 3.431E+01, 1.561E+02, 3.413E+01, 2.039E+00, 4.779E-01, 1.363E-01, 3.390E-01, 1.000E+00, 8.388E-01, 1.000E+00, 1.000E-02, 1.000E+00, 1.000E+00, 8.388E-03, 5.290E-05, 6.307E-05, 0.000E+00, 9.943E+01, 5.015E+01, 5.000E-03, 2.254E-04, 1.914E+02, 3.148E-03, 9.991E-01
14/04/2019,14:00,9,3.107,3.607,7.591,.394,.633, 1.033E+03, 6.134E+01, 0.000E+00, 3.469E-16, 1.942E+02, 7.786E+01, 2.348E+02, 3.241E+01, 1.561E+02, 3.413E+01, 2.390E+00, 4.779E-01, 1.598E-01, 2.967E-01, 1.000E+00, 8.146E-01, 9.999E-01, 1.000E-02, 1.000E+00, 1.000E+00, 8.146E-03, 5.134E-05, 6.302E-05, 0.000E+00, 8.481E+01, 4.278E+01, 5.000E-03, 2.187E-04, 1.916E+02, 3.341E-03, 9.203E-01
14/04/2019,15:00,9,3.107,3.607,7.391,.395,.623, 1.033E+03, 6.800E+01, 0.000E+00, 3.469E-16, 1.358E+02, 6.954E+01, 2.095E+02, 2.818E+01,-2.052E+01, 2.639E+01, 2.792E+00, 3.378E-01, 1.471E-01, 2.373E-01, 1.000E+00, 7.607E-01, 9.998E-01, 1.000E-02, 1.000E+00, 1.000E+00, 7.607E-03, 4.791E-05, 6.297E-05, 0.000E+00, 1.291E+02, 4.648E+01, 5.000E-03, 2.041E-04, 1.922E+02, 3.173E-03, 8.064E-01
14/04/2019,16:00,9,3.107,3.607,5.395,.492,.456, 1.033E+03, 7.528E+01, 0.000E+00, 3.469E-16, 7.253E+01, 5.360E+01, 1.636E+02, 2.085E+01,-2.052E+01, 2.639E+01, 2.724E+00, 3.366E-01, 1.433E-01, 1.632E-01, 1.000E+00, 6.449E-01, 9.988E-01, 1.000E-02, 1.000E+00, 1.000E+00, 6.449E-03, 4.032E-05, 6.246E-05, 0.000E+00, 1.327E+02, 4.770E+01, 5.000E-03, 1.718E-04, 1.934E+02, 3.128E-03, 7.068E-01
14/04/2019,17:00,9,3.107,3.607,3.399,.588,.322, 1.033E+03, 8.274E+01, 0.000E+00, 3.469E-16, 1.701E+01, 2.945E+01, 7.793E+01, 1.058E+01,-2.052E+01, 2.639E+01, 2.809E+00, 3.354E-01, 1.476E-01, 8.132E-02, 1.000E+00, 4.021E-01, 9.595E-01, 1.000E-02, 1.000E+00, 1.000E+00, 4.021E-03, 2.497E-05, 5.956E-05, 0.000E+00, 1.290E+02, 4.631E+01, 5.000E-03, 1.064E-04, 1.958E+02, 3.140E-03, 6.604E-01
14/04/2019,18:00,9,3.107,3.607,1.403,.684,.214, 1.033E+03, 9.000E+01, 0.000E+00, 3.469E-16, 0.000E+00, 1.686E-02, 0.000E+00, 0.000E+00,-1.527E+01, 1.298E-01, 3.035E+00, 1.201E-01, 1.000E-01,-9.990E+02, 1.000E+00,-9.990E+02, 0.000E+00, 0.000E+00, 0.000E+00, 1.000E+00, 0.000E+00, 0.000E+00, 0.000E+00, 0.000E+00, 5.239E+02, 6.835E+01, 5.000E-03, 0.000E+00, 2.000E+02, 2.427E-03, 7.938E-01
14/04/2019,19:00,9,3.107,3.607,.218,.734,.165, 1.034E+03, 9.666E+01, 0.000E+00, 3.469E-16, 0.000E+00, 0.000E+00, 0.000E+00, 0.000E+00,-1.527E+01, 1.298E-01, 2.432E+00, 1.199E-01, 1.000E-01,-9.990E+02, 1.000E+00,-9.990E+02, 0.000E+00, 0.000E+00, 0.000E+00, 1.000E+00, 0.000E+00, 0.000E+00, 0.000E+00, 0.000E+00, 5.263E+02, 6.835E+01, 5.000E-03, 0.000E+00, 2.000E+02, 2.426E-03, 9.797E-01
14/04/2019,20:00,9,3.107,3.607,-.968,.784,.123, 1.034E+03, 1.024E+02, 0.000E+00, 3.469E-16, 0.000E+00, 0.000E+00, 0.000E+00, 0.000E+00,-1.527E+01, 1.298E-01, 1.988E+00, 1.196E-01, 1.000E-01,-9.990E+02, 1.000E+00,-9.990E+02, 0.000E+00, 0.000E+00, 0.000E+00, 1.000E+00, 0.000E+00, 0.000E+00, 0.000E+00, 0.000E+00, 5.287E+02, 6.835E+01, 1.000E-02, 0.000E+00, 1.000E+02, 3.201E-03, 1.199E+00
14/04/2019,21:00,9,3.107,3.607,-2.153,.835,.086, 1.034E+03, 1.067E+02, 0.000E+00, 3.469E-16, 0.000E+00, 0.000E+00, 0.000E+00, 0.000E+00,-4.111E+00,-2.498E-01, 1.822E+00, 1.000E-01, 1.000E-01,-9.990E+02, 1.000E+00,-9.990E+02, 0.000E+00, 0.000E+00, 0.000E+00, 1.000E+00, 0.000E+00, 0.000E+00, 0.000E+00, 0.000E+00, 3.342E+02, 6.835E+01, 7.941E-03, 0.000E+00, 1.259E+02, 3.122E-03, 1.716E+00
14/04/2019,22:00,9,3.107,3.607,-2.351,.838,.083, 1.034E+03, 1.093E+02, 0.000E+00, 3.469E-16, 0.000E+00, 0.000E+00, 0.000E+00, 0.000E+00,-4.111E+00,-2.498E-01, 1.274E+00, 1.000E-01, 1.000E-01,-9.990E+02, 1.000E+00,-9.990E+02, 0.000E+00, 0.000E+00, 0.000E+00, 1.000E+00, 0.000E+00, 0.000E+00, 0.000E+00, 0.000E+00, 3.342E+02, 6.835E+01, 7.633E-03, 0.000E+00, 1.310E+02, 3.074E-03, 2.348E+00
14/04/2019,23:00,9,3.107,3.607,-2.548,.841,.080, 1.035E+03, 1.100E+02, 0.000E+00, 3.469E-16, 0.000E+00, 0.000E+00, 0.000E+00, 0.000E+00,-4.111E+00,-2.498E-01, 8.380E-01, 1.000E-01, 1.000E-01,-9.990E+02, 1.000E+00,-9.990E+02, 0.000E+00, 0.000E+00, 0.000E+00, 1.000E+00, 0.000E+00, 0.000E+00, 0.000E+00, 0.000E+00, 3.341E+02, 6.835E+01, 7.337E-03, 0.000E+00, 1.363E+02, 3.024E-03, 2.968E+00
15/04/2019,00:00,9,3.117,3.617,-2.746,.845,.078, 1.035E+03, 1.086E+02, 0.000E+00, 3.469E-16, 0.000E+00, 0.000E+00, 0.000E+00, 0.000E+00,-5.482E+00, 2.567E-01, 7.447E-01, 1.000E-01, 1.000E-01,-9.990E+02, 1.000E+00,-9.990E+02, 0.000E+00, 0.000E+00, 0.000E+00, 1.000E+00, 0.000E+00, 0.000E+00, 0.000E+00, 0.000E+00, 3.893E+02, 6.835E+01, 7.053E-03, 0.000E+00, 1.418E+02, 2.930E-03, 3.410E+00
15/04/2019,01:00,9,3.117,3.617,-2.669,.824,.088, 1.035E+03, 1.053E+02, 0.000E+00, 3.469E-16, 0.000E+00, 0.000E+00, 0.000E+00, 0.000E+00,-5.482E+00, 2.567E-01, 8.390E-01, 1.000E-01, 1.000E-01,-9.990E+02, 1.000E+00,-9.990E+02, 0.000E+00, 0.000E+00, 0.000E+00, 1.000E+00, 0.000E+00, 0.000E+00, 0.000E+00, 0.000E+00, 3.894E+02, 6.835E+01, 7.163E-03, 0.000E+00, 1.396E+02, 2.949E-03, 3.496E+00
15/04/2019,02:00,9,3.117,3.617,-2.591,.803,.099, 1.034E+03, 1.005E+02, 0.000E+00, 3.469E-16, 0.000E+00, 0.000E+00, 0.000E+00, 0.000E+00,-5.482E+00, 2.567E-01, 9.333E-01, 1.000E-01, 1.000E-01,-9.990E+02, 1.000E+00,-9.990E+02, 0.000E+00, 0.000E+00, 0.000E+00, 1.000E+00, 0.000E+00, 0.000E+00, 0.000E+00, 0.000E+00, 3.895E+02, 6.835E+01, 7.274E-03, 0.000E+00, 1.375E+02, 2.968E-03, 3.271E+00
15/04/2019,03:00,9,3.117,3.617,-2.514,.783,.110, 1.034E+03, 9.437E+01, 0.000E+00, 3.469E-16, 0.000E+00, 0.000E+00, 0.000E+00, 0.000E+00, 1.476E+01, 2.562E+00, 1.028E+00, 1.000E-01, 1.000E-01,-9.990E+02, 1.000E+00,-9.990E+02, 0.000E+00, 0.000E+00, 0.000E+00, 1.000E+00, 0.000E+00, 0.000E+00, 0.000E+00, 0.000E+00, 9.128E+01, 6.835E+01, 7.387E-03, 0.000E+00, 1.354E+02, 3.535E-03, 2.970E+00
15/04/2019,04:00,9,3.117,3.617,-1.030,.719,.159, 1.034E+03, 8.744E+01, 0.000E+00, 3.469E-16, 3.912E-01, 1.071E+01, 7.937E+00, 3.558E+00, 1.476E+01, 2.562E+00, 7.151E-01, 1.000E-01, 1.000E-01, 2.866E-02, 1.000E+00, 1.402E-01, 2.785E-01, 1.000E-02, 1.000E+00, 1.000E+00, 1.402E-03, 8.565E-06, 1.701E-05, 0.000E+00, 9.128E+01, 6.835E+01, 9.941E-03, 3.661E-05, 1.002E+02, 4.037E-03, 2.678E+00
15/04/2019,05:00,9,3.117,3.617,.455,.655,.218, 1.034E+03, 8.005E+01, 0.000E+00, 3.469E-16, 3.476E+01, 3.906E+01, 1.151E+02, 1.451E+01, 1.476E+01, 2.562E+00, 4.578E-01, 1.000E-01, 1.000E-01, 1.108E-01, 1.000E+00, 5.095E-01, 9.912E-01, 1.000E-02, 1.000E+00, 1.000E+00, 5.095E-03, 3.129E-05, 6.088E-05, 0.000E+00, 9.127E+01, 6.835E+01, 5.000E-03, 1.338E-04, 1.948E+02, 2.922E-03, 2.959E+00
15/04/2019,06:00,9,3.117,3.617,1.940,.592,.287, 1.034E+03, 7.258E+01, 0.000E+00, 3.469E-16, 9.561E+01, 6.040E+01, 1.835E+02, 2.385E+01, 1.648E+02, 1.802E+01, 3.881E-01, 2.778E-01, 1.000E-01, 1.910E-01, 1.000E+00, 6.966E-01, 9.995E-01, 1.000E-02, 1.000E+00, 1.000E+00, 6.966E-03, 4.302E-05, 6.172E-05, 0.000E+00, 1.046E+02, 6.835E+01, 5.000E-03, 1.839E-04, 1.929E+02, 2.861E-03, 3.877E+00
15/04/2019,07:00,9,3.117,3.617,3.771,.512,.391, 1.034E+03, 6.543E+01, 0.000E+00, 3.469E-16, 1.585E+02, 7.344E+01, 2.205E+02, 3.002E+01, 1.648E+02, 1.802E+01, 5.924E-01, 2.787E-01, 1.000E-01, 2.605E-01, 1.000E+00, 7.848E-01, 9.999E-01, 1.000E-02, 1.000E+00, 1.000E+00, 7.848E-03, 4.879E-05, 6.216E-05, 0.000E+00, 1.048E+02, 6.835E+01, 5.000E-03, 2.086E-04, 1.920E+02, 2.868E-03, 2.517E+00
15/04/2019,08:00,9,3.117,3.617,5.601,.432,.517, 1.034E+03, 5.905E+01, 0.000E+00, 3.469E-16, 2.138E+02, 7.945E+01, 2.411E+02, 3.329E+01, 1.648E+02, 1.802E+01, 8.246E-01, 2.796E-01, 1.000E-01, 3.140E-01, 1.000E+00, 8.255E-01, 1.000E+00, 1.000E-02, 1.000E+00, 1.000E+00, 8.255E-03, 5.166E-05, 6.257E-05, 0.000E+00, 1.050E+02, 6.835E+01, 5.000E-03, 2.208E-04, 1.915E+02, 2.870E-03, 1.745E+00
15/04/2019,09:00,9,3.117,3.617,7.432,.352,.670, 1.034E+03, 5.399E+01, 0.000E+00, 3.469E-16, 2.559E+02, 8.093E+01, 2.522E+02, 3.456E+01, 2.092E+02, 1.107E+02, 1.067E+00, 3.505E-01, 1.000E-01, 3.506E-01, 1.000E+00, 8.433E-01, 1.000E+00, 1.000E-02, 1.000E+00, 1.000E+00, 8.433E-03, 5.312E-05, 6.299E-05, 0.000E+00, 1.137E+02, 6.835E+01, 5.000E-03, 2.271E-04, 1.913E+02, 2.830E-03, 1.607E+00
15/04/2019,10:00,9,3.117,3.617,7.853,.356,.685, 1.033E+03, 5.081E+01, 0.000E+00, 3.469E-16, 2.812E+02, 8.057E+01, 2.574E+02, 3.485E+01, 2.092E+02, 1.107E+02, 1.186E+00, 3.509E-01, 1.000E-01, 3.710E-01, 1.000E+00, 8.500E-01, 1.000E+00, 1.000E-02, 1.000E+00, 1.000E+00, 8.500E-03, 5.362E-05, 6.308E-05, 0.000E+00, 1.138E+02, 6.835E+01, 5.000E-03, 2.292E-04, 1.912E+02, 2.830E-03, 1.327E+00
15/04/2019,11:00,9,3.117,3.617,8.273,.361,.700, 1.033E+03, 4.998E+01, 0.000E+00, 3.469E-16, 2.877E+02, 8.032E+01, 2.586E+02, 3.487E+01, 2.092E+02, 1.107E+02, 1.305E+00, 3.512E-01, 1.000E-01, 3.760E-01, 1.000E+00, 8.513E-01, 1.000E+00, 1.000E-02, 1.000E+00, 1.000E+00, 8.513E-03, 5.378E-05, 6.317E-05, 0.000E+00, 1.138E+02, 6.835E+01, 5.000E-03, 2.299E-04, 1.912E+02, 2.830E-03, 1.340E+00
15/04/2019,12:00,9,3.117,3.617,8.694,.365,.715, 1.033E+03, 5.163E+01, 0.000E+00, 3.469E-16, 2.749E+02, 8.073E+01, 2.562E+02, 3.481E+01, 1.748E+02, 5.020E+00, 1.424E+00, 4.304E-01, 1.000E-01, 3.660E-01, 1.000E+00, 8.485E-01, 1.000E+00, 1.000E-02, 1.000E+00, 1.000E+00, 8.485E-03, 5.369E-05, 6.327E-05, 0.000E+00, 1.284E+02, 6.835E+01, 5.000E-03, 2.295E-04, 1.912E+02, 2.774E-03, 1.422E+00
15/04/2019,13:00,9,3.117,3.617,8.836,.337,.755, 1.032E+03, 5.549E+01, 0.000E+00, 3.469E-16, 2.437E+02, 8.074E+01, 2.494E+02, 3.429E+01, 1.748E+02, 5.020E+00, 1.837E+00, 4.306E-01, 1.267E-01, 3.403E-01, 1.000E+00, 8.390E-01, 1.000E+00, 1.000E-02, 1.000E+00, 1.000E+00, 8.390E-03, 5.311E-05, 6.330E-05, 0.000E+00, 1.014E+02, 5.397E+01, 5.000E-03, 2.270E-04, 1.913E+02, 3.077E-03, 1.376E+00
15/04/2019,14:00,9,3.117,3.617,8.977,.308,.795, 1.032E+03, 6.104E+01, 0.000E+00, 3.469E-16, 1.969E+02, 7.808E+01, 2.358E+02, 3.247E+01, 1.748E+02, 5.020E+00, 2.297E+00, 4.308E-01, 1.584E-01, 2.982E-01, 1.000E+00, 8.154E-01, 9.999E-01, 1.000E-02, 1.000E+00, 1.000E+00, 8.154E-03, 5.164E-05, 6.333E-05, 0.000E+00, 8.109E+01, 4.317E+01, 5.000E-03, 2.208E-04, 1.915E+02, 3.350E-03, 1.191E+00
15/04/2019,15:00,9,3.117,3.617,9.119,.280,.835, 1.031E+03, 6.772E+01, 0.000E+00, 3.469E-16, 1.384E+02, 7.000E+01, 2.109E+02, 2.834E+01,-3.027E+01, 1.007E+01, 2.781E+00, 4.015E-01, 1.485E-01, 2.393E-01, 1.000E+00, 7.628E-01, 9.998E-01, 1.000E-02, 1.000E+00, 1.000E+00, 7.628E-03, 4.834E-05, 6.336E-05, 0.000E+00, 1.261E+02, 4.604E+01, 5.000E-03, 2.066E-04, 1.921E+02, 3.187E-03, 9.764E-01
15/04/2019,16:00,9,3.117,3.617,6.584,.377,.607, 1.032E+03, 7.501E+01, 0.000E+00, 3.469E-16, 7.495E+01, 5.434E+01, 1.660E+02, 2.113E+01,-3.027E+01, 1.007E+01, 2.981E+00, 3.997E-01, 1.590E-01, 1.656E-01, 1.000E+00, 6.500E-01, 9.989E-01, 1.000E-02, 1.000E+00, 1.000E+00, 6.500E-03, 4.082E-05, 6.273E-05, 0.000E+00, 1.180E+02, 4.300E+01, 5.000E-03, 1.745E-04, 1.933E+02, 3.258E-03, 8.417E-01
15/04/2019,17:00,9,3.117,3.617,4.049,.474,.429, 1.032E+03, 8.247E+01, 0.000E+00, 3.469E-16, 1.869E+01, 3.049E+01, 8.225E+01, 1.097E+01,-3.027E+01, 1.007E+01, 3.183E+00, 3.978E-01, 1.695E-01, 8.413E-02, 1.000E+00, 4.139E-01, 9.661E-01, 1.000E-02, 1.000E+00, 1.000E+00, 4.139E-03, 2.575E-05, 6.012E-05, 0.000E+00, 1.108E+02, 4.033E+01, 5.000E-03, 1.101E-04, 1.957E+02, 3.307E-03, 7.728E-01
15/04/2019,18:00,9,3.117,3.617,1.514,.571,.292, 1.032E+03, 8.971E+01, 0.000E+00, 3.469E-16, 1.778E-16, 1.210E+00, 0.000E+00, 0.000E+00,-2.258E+01, 1.581E+00, 3.387E+00, 1.619E-01, 1.000E-01,-9.990E+02, 1.000E+00,-9.990E+02, 0.000E+00, 0.000E+00, 0.000E+00, 1.000E+00, 0.000E+00, 0.000E+00, 0.000E+00, 0.000E+00, 3.836E+02, 6.835E+01, 5.000E-03, 0.000E+00, 2.000E+02, 2.507E-03, 8.394E-01
15/04/2019,19:00,9,3.117,3.617,.373,.636,.228, 1.032E+03, 9.637E+01, 0.000E+00, 3.469E-16, 0.000E+00, 0.000E+00, 0.000E+00, 0.000E+00,-2.258E+01, 1.581E+00, 3.050E+00, 1.615E-01, 1.000E-01,-9.990E+02, 1.000E+00,-9.990E+02, 0.000E+00, 0.000E+00, 0.000E+00, 1.000E+00, 0.000E+00, 0.000E+00, 0.000E+00, 0.000E+00, 3.850E+02, 6.835E+01, 5.000E-03, 0.000E+00, 2.000E+02, 2.506E-03, 9.082E-01
15/04/2019,20:00,9,3.117,3.617,-.767,.701,.173, 1.032E+03, 1.021E+02, 0.000E+00, 3.469E-16, 0.000E+00, 0.000E+00, 0.000E+00, 0.000E+00,-2.258E+01, 1.581E+00, 2.715E+00, 1.612E-01, 1.000E-01,-9.990E+02, 1.000E+00,-9.990E+02, 0.000E+00, 0.000E+00, 0.000E+00, 1.000E+00, 0.000E+00, 0.000E+00, 0.000E+00, 0.000E+00, 3.864E+02, 6.835E+01, 1.000E-02, 0.000E+00, 1.000E+02, 3.342E-03, 9.633E-01
15/04/2019,21:00,9,3.117,3.617,-1.907,.766,.124, 1.033E+03, 1.064E+02, 0.000E+00, 3.469E-16, 0.000E+00, 0.000E+00, 0.000E+00, 0.000E+00,-1.040E+01, 1.654E-01, 2.381E+00, 1.154E-01, 1.000E-01,-9.990E+02, 1.000E+00,-9.990E+02, 0.000E+00, 0.000E+00, 0.000E+00, 1.000E+00, 0.000E+00, 0.000E+00, 0.000E+00, 0.000E+00, 4.418E+02, 6.835E+01, 8.341E-03, 0.000E+00, 1.199E+02, 3.084E-03, 1.205E+00
15/04/2019,22:00,9,3.117,3.617,-2.037,.779,.116, 1.033E+03, 1.090E+02, 0.000E+00, 3.469E-16, 0.000E+00, 0.000E+00, 0.000E+00, 0.000E+00,-1.040E+01, 1.654E-01, 2.256E+00, 1.153E-01, 1.000E-01,-9.990E+02, 1.000E+00,-9.990E+02, 0.000E+00, 0.000E+00, 0.000E+00, 1.000E+00, 0.000E+00, 0.000E+00, 0.000E+00, 0.000E+00, 4.420E+02, 6.835E+01, 8.128E-03, 0.000E+00, 1.230E+02, 3.054E-03, 1.464E+00
15/04/2019,23:00,9,3.117,3.617,-2.166,.792,.108, 1.033E+03, 1.096E+02, 0.000E+00, 3.469E-16, 0.000E+00, 0.000E+00, 0.000E+00, 0.000E+00,-1.040E+01, 1.654E-01, 2.212E+00, 1.153E-01, 1.000E-01,-9.990E+02, 1.000E+00,-9.990E+02, 0.000E+00, 0.000E+00, 0.000E+00, 1.000E+00, 0.000E+00, 0.000E+00, 0.000E+00, 0.000E+00, 4.422E+02, 6.835E+01, 7.920E-03, 0.000E+00, 1.263E+02, 3.024E-03, 1.606E+00
16/04/2019,00:00,9,3.128,3.628,-2.295,.805,.101, 1.033E+03, 1.083E+02, 0.000E+00, 3.469E-16, 0.000E+00, 0.000E+00, 0.000E+00, 0.000E+00,-3.102E+01, 2.724E+00, 2.253E+00, 2.410E-01, 1.000E-01,-9.990E+02, 1.000E+00,-9.990E+02, 0.000E+00, 0.000E+00, 0.000E+00, 1.000E+00, 0.000E+00, 0.000E+00, 0.000E+00, 0.000E+00, 2.579E+02, 6.835E+01, 7.718E-03, 0.000E+00, 1.296E+02, 3.156E-03, 1.758E+00
16/04/2019,01:00,9,3.128,3.628,-2.248,.798,.105, 1.032E+03, 1.050E+02, 0.000E+00, 3.469E-16, 0.000E+00, 0.000E+00, 0.000E+00, 0.000E+00,-3.102E+01, 2.724E+00, 2.472E+00, 2.411E-01, 1.000E-01,-9.990E+02, 1.000E+00,-9.990E+02, 0.000E+00, 0.000E+00, 0.000E+00, 1.000E+00, 0.000E+00, 0.000E+00, 0.000E+00, 0.000E+00, 2.578E+02, 6.835E+01, 7.791E-03, 0.000E+00, 1.284E+02, 3.168E-03, 1.789E+00
16/04/2019,02:00,9,3.128,3.628,-2.202,.792,.108, 1.032E+03, 1.001E+02, 0.000E+00, 3.469E-16, 0.000E+00, 0.000E+00, 0.000E+00, 0.000E+00,-3.102E+01, 2.724E+00, 2.715E+00, 2.411E-01, 1.053E-01,-9.990E+02, 1.000E+00,-9.990E+02, 0.000E+00, 0.000E+00, 0.000E+00, 1.000E+00, 0.000E+00, 0.000E+00, 0.000E+00, 0.000E+00, 2.448E+02, 6.491E+01, 7.864E-03, 0.000E+00, 1.272E+02, 3.279E-03, 1.763E+00
16/04/2019,03:00,9,3.128,3.628,-2.155,.785,.112, 1.032E+03, 9.403E+01, 0.000E+00, 3.469E-16, 0.000E+00, 0.000E+00, 0.000E+00, 0.000E+00,-1.418E+00, 5.743E+00, 2.975E+00, 3.297E-01, 1.750E-01,-9.990E+02, 1.000E+00,-9.990E+02, 0.000E+00, 0.000E+00, 0.000E+00, 1.000E+00, 0.000E+00, 0.000E+00, 0.000E+00, 0.000E+00, 9.711E+01, 3.905E+01, 7.938E-03, 0.000E+00, 1.260E+02, 4.380E-03, 1.677E+00
16/04/2019,04:00,9,3.128,3.628,-.559,.740,.153, 1.032E+03, 8.710E+01, 0.000E+00, 3.469E-16, 7.295E-01, 1.212E+01, 1.124E+01, 4.028E+00,-1.418E+00, 5.743E+00, 2.824E+00, 3.306E-01, 1.662E-01, 3.232E-02, 1.000E+00, 1.597E-01, 3.703E-01, 1.000E-02, 1.000E+00, 1.000E+00, 1.597E-03, 9.774E-06, 2.266E-05, 0.000E+00, 1.023E+02, 4.114E+01, 1.000E-02, 4.192E-05, 9.958E+01, 4.822E-03, 1.273E+00
16/04/2019,05:00,9,3.128,3.628,1.037,.695,.201, 1.032E+03, 7.972E+01, 0.000E+00, 3.469E-16, 3.728E+01, 4.018E+01, 1.194E+02, 1.495E+01,-1.418E+00, 5.743E+00, 2.673E+00, 3.316E-01, 1.573E-01, 1.141E-01, 1.000E+00, 5.202E-01, 9.926E-01, 1.000E-02, 1.000E+00, 1.000E+00, 5.202E-03, 3.202E-05, 6.110E-05, 0.000E+00, 1.081E+02, 4.346E+01, 5.000E-03, 1.373E-04, 1.947E+02, 3.241E-03, 1.278E+00
16/04/2019,06:00,9,3.128,3.628,2.633,.650,.258, 1.032E+03, 7.224E+01, 0.000E+00, 3.469E-16, 9.864E+01, 6.116E+01, 1.859E+02, 2.415E+01, 1.312E+02, 5.750E+01, 2.522E+00, 4.892E-01, 1.659E-01, 1.938E-01, 1.000E+00, 7.013E-01, 9.995E-01, 1.000E-02, 1.000E+00, 1.000E+00, 7.013E-03, 4.342E-05, 6.188E-05, 0.000E+00, 8.394E+01, 4.119E+01, 5.000E-03, 1.862E-04, 1.928E+02, 3.364E-03, 1.476E+00
16/04/2019,07:00,9,3.128,3.628,4.717,.598,.344, 1.032E+03, 6.509E+01, 0.000E+00, 3.469E-16, 1.616E+02, 7.387E+01, 2.220E+02, 3.017E+01, 1.312E+02, 5.750E+01, 2.497E+00, 4.911E-01, 1.642E-01, 2.628E-01, 1.000E+00, 7.868E-01, 9.999E-01, 1.000E-02, 1.000E+00, 1.000E+00, 7.868E-03, 4.908E-05, 6.237E-05, 0.000E+00, 8.493E+01, 4.163E+01, 5.000E-03, 2.105E-04, 1.919E+02, 3.361E-03, 1.319E+00
16/04/2019,08:00,9,3.128,3.628,6.800,.545,.450, 1.032E+03, 5.870E+01, 0.000E+00, 3.469E-16, 2.169E+02, 7.961E+01, 2.420E+02, 3.332E+01, 1.312E+02, 5.750E+01, 2.549E+00, 4.929E-01, 1.675E-01, 3.158E-01, 1.000E+00, 8.262E-01, 1.000E+00, 1.000E-02, 1.000E+00, 1.000E+00, 8.262E-03, 5.192E-05, 6.284E-05, 0.000E+00, 8.334E+01, 4.080E+01, 5.000E-03, 2.227E-04, 1.915E+02, 3.390E-03, 1.400E+00
16/04/2019,09:00,9,3.128,3.628,8.883,.493,.579, 1.032E+03, 5.363E+01, 0.000E+00, 3.469E-16, 2.589E+02, 8.090E+01, 2.528E+02, 3.452E+01, 1.984E+02, 1.186E+02, 2.675E+00, 5.723E-01, 1.754E-01, 3.520E-01, 1.000E+00, 8.434E-01, 1.000E+00, 1.000E-02, 1.000E+00, 1.000E+00, 8.434E-03, 5.340E-05, 6.331E-05, 0.000E+00, 7.989E+01, 3.897E+01, 5.000E-03, 2.290E-04, 1.912E+02, 3.446E-03, 1.515E+00
16/04/2019,10:00,9,3.128,3.628,9.705,.466,.644, 1.032E+03, 5.045E+01, 0.000E+00, 3.469E-16, 2.842E+02, 8.044E+01, 2.579E+02, 3.477E+01, 1.984E+02, 1.186E+02, 2.649E+00, 5.731E-01, 1.737E-01, 3.722E-01, 1.000E+00, 8.498E-01, 1.000E+00, 1.000E-02, 1.000E+00, 1.000E+00, 8.498E-03, 5.396E-05, 6.350E-05, 0.000E+00, 8.072E+01, 3.936E+01, 5.000E-03, 2.314E-04, 1.912E+02, 3.435E-03, 1.500E+00
16/04/2019,11:00,9,3.128,3.628,10.526,.440,.715, 1.032E+03, 4.963E+01, 0.000E+00, 3.469E-16, 2.906E+02, 8.017E+01, 2.591E+02, 3.478E+01, 1.984E+02, 1.186E+02, 2.686E+00, 5.740E-01, 1.760E-01, 3.771E-01, 1.000E+00, 8.510E-01, 1.000E+00, 1.000E-02, 1.000E+00, 1.000E+00, 8.510E-03, 5.419E-05, 6.368E-05, 0.000E+00, 7.968E+01, 3.883E+01, 5.000E-03, 2.325E-04, 1.911E+02, 3.451E-03, 1.519E+00
16/04/2019,12:00,9,3.128,3.628,11.347,.413,.791, 1.031E+03, 5.129E+01, 0.000E+00, 3.469E-16, 2.776E+02, 8.064E+01, 2.567E+02, 3.474E+01, 8.200E+01, 1.112E+02, 2.782E+00, 5.462E-01, 1.756E-01, 3.671E-01, 1.000E+00, 8.483E-01, 1.000E+00, 1.000E-02, 1.000E+00, 1.000E+00, 8.483E-03, 5.418E-05, 6.386E-05, 0.000E+00, 8.541E+01, 3.892E+01, 5.000E-03, 2.324E-04, 1.911E+02, 3.431E-03, 1.478E+00
16/04/2019,13:00,9,3.128,3.628,11.280,.408,.794, 1.031E+03, 5.517E+01, 0.000E+00, 3.469E-16, 2.464E+02, 8.078E+01, 2.500E+02, 3.427E+01, 8.200E+01, 1.112E+02, 2.637E+00, 5.462E-01, 1.664E-01, 3.416E-01, 1.000E+00, 8.392E-01, 1.000E+00, 1.000E-02, 1.000E+00, 1.000E+00, 8.392E-03, 5.358E-05, 6.385E-05, 0.000E+00, 9.012E+01, 4.107E+01, 5.000E-03, 2.298E-04, 1.912E+02, 3.366E-03, 1.406E+00
16/04/2019,14:00,9,3.128,3.628,11.213,.404,.796, 1.031E+03, 6.075E+01, 0.000E+00, 3.469E-16, 1.995E+02, 7.830E+01, 2.366E+02, 3.252E+01, 8.200E+01, 1.112E+02, 2.554E+00, 5.462E-01, 1.612E-01, 2.997E-01, 1.000E+00, 8.162E-01, 9.999E-01, 1.000E-02, 1.000E+00, 1.000E+00, 8.162E-03, 5.210E-05, 6.383E-05, 0.000E+00, 9.302E+01, 4.239E+01, 5.000E-03, 2.235E-04, 1.914E+02, 3.325E-03, 1.280E+00
16/04/2019,15:00,9,3.128,3.628,11.147,.399,.799, 1.031E+03, 6.744E+01, 0.000E+00, 3.469E-16, 1.410E+02, 7.046E+01, 2.122E+02, 2.849E+01,-1.966E+01, 3.124E+01, 2.542E+00, 2.285E-01, 1.081E-01, 2.412E-01, 1.000E+00, 7.649E-01, 9.998E-01, 1.000E-02, 1.000E+00, 1.000E+00, 7.649E-03, 4.882E-05, 6.381E-05, 0.000E+00, 2.175E+02, 6.323E+01, 5.000E-03, 2.094E-04, 1.920E+02, 2.753E-03, 1.110E+00
16/04/2019,16:00,9,3.128,3.628,9.000,.501,.574, 1.031E+03, 7.473E+01, 0.000E+00, 3.469E-16, 7.731E+01, 5.507E+01, 1.682E+02, 2.141E+01,-1.966E+01, 3.124E+01, 2.625E+00, 2.276E-01, 1.113E-01, 1.680E-01, 1.000E+00, 6.549E-01, 9.990E-01, 1.000E-02, 1.000E+00, 1.000E+00, 6.549E-03, 4.148E-05, 6.328E-05, 0.000E+00, 2.120E+02, 6.143E+01, 5.000E-03, 1.779E-04, 1.931E+02, 2.781E-03, 1.008E+00
16/04/2019,17:00,9,3.128,3.628,6.853,.603,.394, 1.031E+03, 8.219E+01, 0.000E+00, 3.469E-16, 2.040E+01, 3.151E+01, 8.640E+01, 1.136E+01,-1.966E+01, 3.124E+01, 2.715E+00, 2.267E-01, 1.147E-01, 8.690E-02, 1.000E+00, 4.252E-01, 9.714E-01, 1.000E-02, 1.000E+00, 1.000E+00, 4.252E-03, 2.672E-05, 6.106E-05, 0.000E+00, 2.063E+02, 5.958E+01, 5.000E-03, 1.146E-04, 1.955E+02, 2.801E-03, 9.618E-01
16/04/2019,18:00,9,3.128,3.628,4.706,.705,.252, 1.031E+03, 8.943E+01, 0.000E+00, 3.469E-16, 3.865E-08, 2.397E+00, 0.000E+00, 0.000E+00,-1.937E+01,-1.936E+00, 2.813E+00, 1.378E-01, 1.000E-01,-9.990E+02, 1.000E+00,-9.990E+02, 0.000E+00, 0.000E+00, 0.000E+00, 1.000E+00, 0.000E+00, 0.000E+00, 0.000E+00, 0.000E+00, 4.680E+02, 6.835E+01, 5.000E-03, 0.000E+00, 2.000E+02, 2.458E-03, 1.194E+00
16/04/2019,19:00,9,3.128,3.628,3.232,.764,.182, 1.032E+03, 9.607E+01, 0.000E+00, 3.469E-16, 0.000E+00, 0.000E+00, 0.000E+00, 0.000E+00,-1.937E+01,-1.936E+00, 2.572E+00, 1.374E-01, 1.000E-01,-9.990E+02, 1.000E+00,-9.990E+02, 0.000E+00, 0.000E+00, 0.000E+00, 1.000E+00, 0.000E+00, 0.000E+00, 0.000E+00, 0.000E+00, 4.705E+02, 6.835E+01, 5.000E-03, 0.000E+00, 2.000E+02, 2.457E-03, 1.446E+00
16/04/2019,20:00,9,3.128,3.628,1.758,.822,.124, 1.032E+03, 1.017E+02, 0.000E+00, 3.469E-16, 0.000E+00, 0.000E+00, 0.000E+00, 0.000E+00,-1.937E+01,-1.936E+00, 2.386E+00, 1.370E-01, 1.000E-01,-9.990E+02, 1.000E+00,-9.990E+02, 0.000E+00, 0.000E+00, 0.000E+00, 1.000E+00, 0.000E+00, 0.000E+00, 0.000E+00, 0.000E+00, 4.730E+02, 6.835E+01, 6.645E-03, 0.000E+00, 1.505E+02, 2.795E-03, 1.539E+00
16/04/2019,21:00,9,3.128,3.628,.283,.880,.075, 1.032E+03, 1.060E+02, 0.000E+00, 3.469E-16, 0.000E+00, 0.000E+00, 0.000E+00, 0.000E+00,-6.534E+00,-1.882E+00, 2.271E+00, 1.000E-01, 1.000E-01,-9.990E+02, 1.000E+00,-9.990E+02, 0.000E+00, 0.000E+00, 0.000E+00, 1.000E+00, 0.000E+00, 0.000E+00, 0.000E+00, 0.000E+00, 4.324E+02, 6.835E+01, 2.176E-02, 0.000E+00, 4.595E+01, 4.009E-03, 1.622E+00
16/04/2019,22:00,9,3.128,3.628,-.280,.892,.064, 1.032E+03, 1.086E+02, 0.000E+00, 3.469E-16, 0.000E+00, 0.000E+00, 0.000E+00, 0.000E+00,-6.534E+00,-1.882E+00, 1.924E+00, 1.000E-01, 1.000E-01,-9.990E+02, 1.000E+00,-9.990E+02, 0.000E+00, 0.000E+00, 0.000E+00, 1.000E+00, 0.000E+00, 0.000E+00, 0.000E+00, 0.000E+00, 4.324E+02, 6.835E+01, 1.000E-02, 0.000E+00, 1.000E+02, 3.295E-03, 1.708E+00
16/04/2019,23:00,9,3.128,3.628,-.843,.905,.055, 1.033E+03, 1.093E+02, 0.000E+00, 3.469E-16, 0.000E+00, 0.000E+00, 0.000E+00, 0.000E+00,-6.534E+00,-1.882E+00, 1.775E+00, 1.000E-01, 1.000E-01,-9.990E+02, 1.000E+00,-9.990E+02, 0.000E+00, 0.000E+00, 0.000E+00, 1.000E+00, 0.000E+00, 0.000E+00, 0.000E+00, 0.000E+00, 4.324E+02, 6.835E+01, 1.000E-02, 0.000E+00, 1.000E+02, 3.295E-03, 1.898E+00
17/04/2019,00:00,9,3.139,3.639,-1.407,.917,.046, 1.033E+03, 1.079E+02, 1.419E-05, 3.469E-16, 0.000E+00, 0.000E+00, 0.000E+00, 0.000E+00,-1.172E+01,-8.321E-01, 1.873E+00, 1.430E-01, 1.000E-01,-9.990E+02, 1.000E+00,-9.990E+02, 0.000E+00, 0.000E+00, 0.000E+00, 1.000E+00, 0.000E+00, 0.000E+00, 0.000E+00, 0.000E+00, 3.301E+02, 6.835E+01, 9.219E-03, 0.000E+00, 1.085E+02, 3.306E-03, 2.081E+00
17/04/2019,01:00,9,3.139,3.639,-1.447,.901,.054, 1.033E+03, 1.046E+02, 1.419E-05, 3.469E-16, 0.000E+00, 0.000E+00, 0.000E+00, 0.000E+00,-1.172E+01,-8.321E-01, 2.051E+00, 1.430E-01, 1.000E-01,-9.990E+02, 1.000E+00,-9.990E+02, 0.000E+00, 0.000E+00, 0.000E+00, 1.000E+00, 0.000E+00, 0.000E+00, 0.000E+00, 0.000E+00, 3.302E+02, 6.835E+01, 9.145E-03, 0.000E+00, 1.093E+02, 3.297E-03, 2.136E+00
17/04/2019,02:00,9,3.139,3.639,-1.487,.885,.063, 1.033E+03, 9.977E+01, 1.419E-05, 3.469E-16, 0.000E+00, 0.000E+00, 0.000E+00, 0.000E+00,-1.172E+01,-8.321E-01, 2.231E+00, 1.430E-01, 1.000E-01,-9.990E+02, 1.000E+00,-9.990E+02, 0.000E+00, 0.000E+00, 0.000E+00, 1.000E+00, 0.000E+00, 0.000E+00, 0.000E+00, 0.000E+00, 3.302E+02, 6.835E+01, 9.072E-03, 0.000E+00, 1.102E+02, 3.287E-03, 2.117E+00
17/04/2019,03:00,9,3.139,3.639,-1.527,.869,.071, 1.033E+03, 9.369E+01, 1.419E-05, 3.469E-16, 0.000E+00, 0.000E+00, 0.000E+00, 0.000E+00, 6.489E+00, 8.567E+00, 2.411E+00, 2.006E-01, 1.557E-01,-9.990E+02, 1.000E+00,-9.990E+02, 0.000E+00, 0.000E+00, 0.000E+00, 1.000E+00, 0.000E+00, 0.000E+00, 0.000E+00, 0.000E+00, 9.254E+01, 4.391E+01, 9.000E-03, 0.000E+00, 1.111E+02, 4.477E-03, 2.055E+00
17/04/2019,04:00,9,3.139,3.639,.090,.810,.117, 1.032E+03, 8.677E+01, 1.419E-05, 3.469E-16, 1.193E+00, 1.350E+01, 1.508E+01, 4.497E+00, 6.489E+00, 8.567E+00, 2.025E+00, 2.012E-01, 1.307E-01, 3.592E-02, 1.000E+00, 1.794E-01, 4.621E-01, 1.000E-02, 1.000E+00, 1.000E+00, 1.794E-03, 1.100E-05, 2.834E-05, 0.000E+00, 1.103E+02, 5.230E+01, 8.303E-03, 4.736E-05, 1.198E+02, 3.945E-03, 1.904E+00
17/04/2019,05:00,9,3.139,3.639,1.708,.750,.173, 1.032E+03, 7.938E+01, 1.419E-05, 3.469E-16, 3.972E+01, 4.128E+01, 1.232E+02, 1.538E+01, 6.489E+00, 8.567E+00, 1.640E+00, 2.018E-01, 1.057E-01, 1.174E-01, 1.000E+00, 5.303E-01, 9.937E-01, 1.000E-02, 1.000E+00, 1.000E+00, 5.303E-03, 3.272E-05, 6.131E-05, 0.000E+00, 1.365E+02, 6.464E+01, 5.000E-03, 1.408E-04, 1.945E+02, 2.779E-03, 2.212E+00
17/04/2019,06:00,9,3.139,3.639,3.325,.690,.240, 1.032E+03, 7.191E+01, 1.419E-05, 3.469E-16, 1.015E+02, 6.191E+01, 1.879E+02, 2.443E+01, 1.068E+02, 7.670E+01, 1.254E+00, 2.988E-01, 1.000E-01, 1.966E-01, 1.000E+00, 7.057E-01, 9.996E-01, 1.000E-02, 1.000E+00, 1.000E+00, 7.057E-03, 4.380E-05, 6.204E-05, 0.000E+00, 1.174E+02, 6.835E+01, 5.000E-03, 1.885E-04, 1.927E+02, 2.803E-03, 2.757E+00
17/04/2019,07:00,9,3.139,3.639,5.814,.600,.369, 1.032E+03, 6.475E+01, 1.419E-05, 3.469E-16, 1.645E+02, 7.431E+01, 2.231E+02, 3.031E+01, 1.068E+02, 7.670E+01, 1.276E+00, 3.001E-01, 1.000E-01, 2.650E-01, 1.000E+00, 7.887E-01, 9.999E-01, 1.000E-02, 1.000E+00, 1.000E+00, 7.887E-03, 4.939E-05, 6.262E-05, 0.000E+00, 1.177E+02, 6.835E+01, 5.000E-03, 2.126E-04, 1.918E+02, 2.809E-03, 2.343E+00
17/04/2019,08:00,9,3.139,3.639,8.303,.510,.537, 1.033E+03, 5.836E+01, 1.419E-05, 3.469E-16, 2.197E+02, 7.980E+01, 2.428E+02, 3.336E+01, 1.068E+02, 7.670E+01, 1.323E+00, 3.014E-01, 1.000E-01, 3.175E-01, 1.000E+00, 8.269E-01, 1.000E+00, 1.000E-02, 1.000E+00, 1.000E+00, 8.269E-03, 5.225E-05, 6.318E-05, 0.000E+00, 1.179E+02, 6.835E+01, 5.000E-03, 2.249E-04, 1.914E+02, 2.811E-03, 2.638E+00
17/04/2019,09:00,9,3.139,3.639,10.792,.420,.753, 1.033E+03, 5.328E+01, 1.419E-05, 3.469E-16, 2.617E+02, 8.091E+01, 2.533E+02, 3.449E+01, 1.816E+02, 1.404E+02, 1.392E+00, 3.421E-01, 1.023E-01, 3.534E-01, 1.000E+00, 8.435E-01, 1.000E+00, 1.000E-02, 1.000E+00, 1.000E+00, 8.435E-03, 5.377E-05, 6.374E-05, 0.000E+00, 1.124E+02, 6.680E+01, 5.000E-03, 2.314E-04, 1.912E+02, 2.855E-03, 2.916E+00
17/04/2019,10:00,9,3.139,3.639,11.780,.399,.834, 1.033E+03, 5.010E+01, 1.419E-05, 3.469E-16, 2.868E+02, 8.035E+01, 2.583E+02, 3.470E+01, 1.816E+02, 1.404E+02, 1.246E+00, 3.427E-01, 1.000E-01, 3.734E-01, 1.000E+00, 8.496E-01, 1.000E+00, 1.000E-02, 1.000E+00, 1.000E+00, 8.496E-03, 5.434E-05, 6.396E-05, 0.000E+00, 1.151E+02, 6.835E+01, 5.000E-03, 2.339E-04, 1.911E+02, 2.826E-03, 1.752E+00
17/04/2019,11:00,9,3.139,3.639,12.767,.377,.923, 1.033E+03, 4.928E+01, 1.419E-05, 3.469E-16, 2.932E+02, 8.007E+01, 2.594E+02, 3.470E+01, 1.816E+02, 1.404E+02, 1.139E+00, 3.433E-01, 1.000E-01, 3.782E-01, 1.000E+00, 8.508E-01, 1.000E+00, 1.065E-01, 1.000E+00, 1.000E+00, 9.065E-02, 5.818E-04, 6.839E-04, 0.000E+00, 1.152E+02, 6.835E+01, 5.000E-03, 2.504E-03, 1.333E+02, 3.377E-03, 1.572E+00
17/04/2019,12:00,9,3.139,3.639,13.754,.355,1.020, 1.032E+03, 5.096E+01, 1.419E-05, 3.469E-16, 2.802E+02, 8.058E+01, 2.571E+02, 3.468E+01, 7.362E+01, 9.917E+01, 1.080E+00, 2.187E-01, 1.000E-01, 3.682E-01, 1.000E+00, 8.482E-01, 1.000E+00, 2.349E-01, 1.000E+00, 1.000E+00, 1.992E-01, 1.283E-03, 1.513E-03, 0.000E+00, 1.064E+02, 6.835E+01, 5.000E-03, 5.523E-03, 9.503E+01, 3.957E-03, 1.552E+00
17/04/2019,13:00,9,3.139,3.639,13.688,.382,.974, 1.032E+03, 5.486E+01, 1.419E-05, 3.469E-16, 2.489E+02, 8.083E+01, 2.505E+02, 3.425E+01, 7.362E+01, 9.917E+01, 8.555E-01, 2.187E-01, 1.000E-01, 3.428E-01, 1.000E+00, 8.393E-01, 1.000E+00, 2.266E-01, 1.000E+00, 1.000E+00, 1.902E-01, 1.224E-03, 1.459E-03, 0.000E+00, 1.064E+02, 6.835E+01, 5.000E-03, 5.270E-03, 9.737E+01, 3.920E-03, 1.548E+00
17/04/2019,14:00,9,3.139,3.639,13.621,.408,.928, 1.032E+03, 6.045E+01, 1.419E-05, 3.469E-16, 2.019E+02, 7.852E+01, 2.373E+02, 3.257E+01, 7.362E+01, 9.917E+01, 6.704E-01, 2.187E-01, 1.000E-01, 3.012E-01, 1.000E+00, 8.170E-01, 9.999E-01, 2.182E-01, 1.000E+00, 1.000E+00, 1.782E-01, 1.147E-03, 1.405E-03, 0.000E+00, 1.064E+02, 6.835E+01, 5.000E-03, 4.939E-03, 1.006E+02, 3.871E-03, 1.536E+00
17/04/2019,15:00,9,3.139,3.639,13.555,.434,.883, 1.031E+03, 6.716E+01, 1.419E-05, 3.469E-16, 1.434E+02, 7.090E+01, 2.133E+02, 2.864E+01,-1.301E+01, 1.578E+01, 5.646E-01, 1.000E-01, 1.000E-01, 2.430E-01, 1.000E+00, 7.669E-01, 9.998E-01, 2.098E-01, 1.000E+00, 1.000E+00, 1.609E-01, 1.035E-03, 1.350E-03, 0.000E+00, 6.946E+02, 6.835E+01, 5.000E-03, 4.456E-03, 1.058E+02, 2.998E-03, 1.470E+00
17/04/2019,16:00,9,3.139,3.639,11.050,.540,.608, 1.031E+03, 7.446E+01, 1.419E-05, 3.469E-16, 7.962E+01, 5.578E+01, 1.702E+02, 2.167E+01,-1.301E+01, 1.578E+01, 1.465E+00, 1.000E-01, 1.000E-01, 1.703E-01, 1.000E+00, 6.596E-01, 9.991E-01, 1.000E-02, 1.000E+00, 1.000E+00, 6.596E-03, 4.208E-05, 6.374E-05, 0.000E+00, 6.945E+02, 6.835E+01, 5.000E-03, 1.811E-04, 1.930E+02, 2.377E-03, 1.427E+00
17/04/2019,17:00,9,3.139,3.639,8.544,.645,.396, 1.031E+03, 8.191E+01, 1.419E-05, 3.469E-16, 2.211E+01, 3.251E+01, 9.034E+01, 1.173E+01,-1.301E+01, 1.578E+01, 2.431E+00, 1.000E-01, 1.000E-01, 8.962E-02, 1.000E+00, 4.360E-01, 9.757E-01, 1.000E-02, 1.000E+00, 1.000E+00, 4.360E-03, 2.757E-05, 6.170E-05, 0.000E+00, 6.944E+02, 6.835E+01, 5.000E-03, 1.187E-04, 1.954E+02, 2.363E-03, 1.327E+00
17/04/2019,18:00,9,3.139,3.639,6.039,.750,.234, 1.032E+03, 8.915E+01, 1.419E-05, 3.469E-16, 2.885E-05, 3.576E+00, 0.000E+00, 0.000E+00,-3.154E+01,-2.217E+00, 3.406E+00, 1.651E-01, 1.000E-01,-9.990E+02, 1.000E+00,-9.990E+02, 0.000E+00, 0.000E+00, 0.000E+00, 1.000E+00, 0.000E+00, 0.000E+00, 0.000E+00, 0.000E+00, 4.519E+02, 6.835E+01, 5.000E-03, 0.000E+00, 2.000E+02, 2.467E-03, 1.471E+00
17/04/2019,19:00,9,3.139,3.639,4.692,.776,.191, 1.032E+03, 9.578E+01, 1.419E-05, 3.469E-16, 0.000E+00, 0.000E+00, 0.000E+00, 0.000E+00,-3.154E+01,-2.217E+00, 2.356E+00, 1.647E-01, 1.000E-01,-9.990E+02, 1.000E+00,-9.990E+02, 0.000E+00, 0.000E+00, 0.000E+00, 1.000E+00, 0.000E+00, 0.000E+00, 0.000E+00, 0.000E+00, 4.540E+02, 6.835E+01, 5.000E-03, 0.000E+00, 2.000E+02, 2.466E-03, 1.965E+00
17/04/2019,20:00,9,3.139,3.639,3.345,.802,.153, 1.032E+03, 1.014E+02, 1.419E-05, 3.469E-16, 0.000E+00, 0.000E+00, 0.000E+00, 0.000E+00,-3.154E+01,-2.217E+00, 2.223E+00, 1.642E-01, 1.000E-01,-9.990E+02, 1.000E+00,-9.990E+02, 0.000E+00, 0.000E+00, 0.000E+00, 1.000E+00, 0.000E+00, 0.000E+00, 0.000E+00, 0.000E+00, 4.561E+02, 6.835E+01, 5.000E-03, 0.000E+00, 2.000E+02, 2.465E-03, 2.638E+00
17/04/2019,21:00,9,3.139,3.639,1.998,.829,.121, 1.032E+03, 1.057E+02, 1.419E-05, 3.469E-16, 0.000E+00, 0.000E+00, 0.000E+00, 0.000E+00,-2.983E+01,-2.478E+00, 3.125E+00, 1.916E-01, 1.000E-01,-9.990E+02, 1.000E+00,-9.990E+02, 0.000E+00, 0.000E+00, 0.000E+00, 1.000E+00, 0.000E+00, 0.000E+00, 0.000E+00, 0.000E+00, 3.399E+02, 6.835E+01, 6.347E-03, 0.000E+00, 1.575E+02, 2.838E-03, 3.382E+00
17/04/2019,22:00,9,3.139,3.639,1.619,.834,.114, 1.032E+03, 1.083E+02, 1.419E-05, 3.469E-16, 0.000E+00, 0.000E+00, 0.000E+00, 0.000E+00,-2.983E+01,-2.478E+00, 2.763E+00, 1.914E-01, 1.000E-01,-9.990E+02, 1.000E+00,-9.990E+02, 0.000E+00, 0.000E+00, 0.000E+00, 1.000E+00, 0.000E+00, 0.000E+00, 0.000E+00, 0.000E+00, 3.402E+02, 6.835E+01, 7.889E-03, 0.000E+00, 1.268E+02, 3.109E-03, 3.171E+00
17/04/2019,23:00,9,3.139,3.639,1.240,.840,.107, 1.032E+03, 1.089E+02, 1.419E-05, 3.469E-16, 0.000E+00, 0.000E+00, 0.000E+00, 0.000E+00,-2.983E+01,-2.478E+00, 2.666E+00, 1.913E-01, 1.000E-01,-9.990E+02, 1.000E+00,-9.990E+02, 0.000E+00, 0.000E+00, 0.000E+00, 1.000E+00, 0.000E+00, 0.000E+00, 0.000E+00, 0.000E+00, 3.406E+02, 6.835E+01, 9.221E-03, 0.000E+00, 1.084E+02, 3.296E-03, 2.796E+00
18/04/2019,00:00,9,3.149,3.649,.862,.846,.100, 1.033E+03, 1.075E+02, 0.000E+00, 3.469E-16, 0.000E+00, 0.000E+00, 0.000E+00, 0.000E+00,-1.433E+01,-2.012E+00, 2.859E+00, 1.293E-01, 1.000E-01,-9.990E+02, 1.000E+00,-9.990E+02, 0.000E+00, 0.000E+00, 0.000E+00, 1.000E+00, 0.000E+00, 0.000E+00, 0.000E+00, 0.000E+00, 4.360E+02, 6.835E+01, 1.031E-02, 0.000E+00, 9.698E+01, 3.325E-03, 1.979E+00
18/04/2019,01:00,9,3.149,3.649,.595,.855,.093, 1.033E+03, 1.043E+02, 0.000E+00, 3.469E-16, 0.000E+00, 0.000E+00, 0.000E+00, 0.000E+00,-1.433E+01,-2.012E+00, 2.619E+00, 1.293E-01, 1.000E-01,-9.990E+02, 1.000E+00,-9.990E+02, 0.000E+00, 0.000E+00, 0.000E+00, 1.000E+00, 0.000E+00, 0.000E+00, 0.000E+00, 0.000E+00, 4.364E+02, 6.835E+01, 1.312E-02, 0.000E+00, 7.624E+01, 3.571E-03, 1.622E+00
18/04/2019,02:00,9,3.149,3.649,.328,.863,.086, 1.033E+03, 9.943E+01, 0.000E+00, 3.469E-16, 0.000E+00, 0.000E+00, 0.000E+00, 0.000E+00,-1.433E+01,-2.012E+00, 2.472E+00, 1.292E-01, 1.000E-01,-9.990E+02, 1.000E+00,-9.990E+02, 0.000E+00, 0.000E+00, 0.000E+00, 1.000E+00, 0.000E+00, 0.000E+00, 0.000E+00, 0.000E+00, 4.368E+02, 6.835E+01, 1.708E-02, 0.000E+00, 5.856E+01, 3.811E-03, 1.518E+00
18/04/2019,03:00,9,3.149,3.649,.061,.871,.079, 1.033E+03, 9.335E+01, 0.000E+00, 3.469E-16, 0.000E+00, 0.000E+00, 0.000E+00, 0.000E+00, 7.624E-01, 1.037E+01, 2.436E+00, 1.699E-01, 1.483E-01,-9.990E+02, 1.000E+00,-9.990E+02, 0.000E+00, 0.000E+00, 0.000E+00, 1.000E+00, 0.000E+00, 0.000E+00, 0.000E+00, 0.000E+00, 1.083E+02, 4.610E+01, 2.302E-02, 0.000E+00, 4.344E+01, 6.115E-03, 1.763E+00
18/04/2019,04:00,9,3.149,3.649,1.740,.823,.123, 1.033E+03, 8.644E+01, 0.000E+00, 3.469E-16, 1.792E+00, 1.487E+01, 1.938E+01, 4.962E+00, 7.624E-01, 1.037E+01, 1.934E+00, 1.704E-01, 1.177E-01, 3.946E-02, 1.000E+00, 1.990E-01, 5.494E-01, 1.000E-02, 1.000E+00, 1.000E+00, 1.990E-03, 1.228E-05, 3.390E-05, 0.000E+00, 1.364E+02, 5.807E+01, 6.176E-03, 5.304E-05, 1.605E+02, 3.207E-03, 1.778E+00
18/04/2019,05:00,9,3.149,3.649,3.419,.775,.176, 1.033E+03, 7.906E+01, 0.000E+00, 3.469E-16, 4.217E+01, 4.236E+01, 1.269E+02, 1.579E+01, 7.624E-01, 1.037E+01, 1.465E+00, 1.709E-01, 1.000E-01, 1.205E-01, 1.000E+00, 5.400E-01, 9.946E-01, 1.000E-02, 1.000E+00, 1.000E+00, 5.400E-03, 3.353E-05, 6.175E-05, 0.000E+00, 1.606E+02, 6.835E+01, 5.000E-03, 1.448E-04, 1.944E+02, 2.685E-03, 1.964E+00
18/04/2019,06:00,9,3.149,3.649,5.098,.726,.241, 1.033E+03, 7.158E+01, 0.000E+00, 3.469E-16, 1.043E+02, 6.264E+01, 1.898E+02, 2.470E+01, 1.080E+02, 8.375E+01, 1.071E+00, 2.466E-01, 1.000E-01, 1.993E-01, 1.000E+00, 7.100E-01, 9.996E-01, 1.000E-02, 1.000E+00, 1.000E+00, 7.100E-03, 4.435E-05, 6.244E-05, 0.000E+00, 1.059E+02, 6.835E+01, 5.000E-03, 1.915E-04, 1.926E+02, 2.857E-03, 2.291E+00
18/04/2019,07:00,9,3.149,3.649,8.057,.646,.382, 1.033E+03, 6.442E+01, 0.000E+00, 3.469E-16, 1.674E+02, 7.472E+01, 2.243E+02, 3.045E+01, 1.080E+02, 8.375E+01, 9.319E-01, 2.479E-01, 1.000E-01, 2.671E-01, 1.000E+00, 7.905E-01, 9.999E-01, 1.000E-02, 1.000E+00, 1.000E+00, 7.905E-03, 4.990E-05, 6.312E-05, 0.000E+00, 1.062E+02, 6.835E+01, 5.000E-03, 2.155E-04, 1.917E+02, 2.862E-03, 2.084E+00
18/04/2019,08:00,9,3.149,3.649,11.015,.566,.572, 1.033E+03, 5.802E+01, 0.000E+00, 3.469E-16, 2.226E+02, 7.996E+01, 2.435E+02, 3.339E+01, 1.080E+02, 8.375E+01, 8.262E-01, 2.492E-01, 1.000E-01, 3.192E-01, 1.000E+00, 8.276E-01, 1.000E+00, 1.000E-02, 1.000E+00, 1.000E+00, 8.276E-03, 5.279E-05, 6.379E-05, 0.000E+00, 1.066E+02, 6.835E+01, 5.000E-03, 2.280E-04, 1.913E+02, 2.865E-03, 1.899E+00
18/04/2019,09:00,9,3.149,3.649,13.974,.486,.824, 1.033E+03, 5.293E+01, 0.000E+00, 3.469E-16, 2.645E+02, 8.090E+01, 2.538E+02, 3.445E+01, 1.723E+02, 1.571E+02, 7.674E-01, 3.488E-01, 1.000E-01, 3.547E-01, 1.000E+00, 8.436E-01, 1.000E+00, 2.621E-01, 1.000E+00, 1.000E+00, 2.211E-01, 1.425E-03, 1.689E-03, 0.000E+00, 1.172E+02, 6.835E+01, 5.000E-03, 6.154E-03, 8.965E+01, 3.943E-03, 1.935E+00
18/04/2019,10:00,9,3.149,3.649,14.950,.445,.950, 1.033E+03, 4.975E+01, 0.000E+00, 3.469E-16, 2.896E+02, 8.024E+01, 2.587E+02, 3.462E+01, 1.723E+02, 1.571E+02, 9.026E-01, 3.495E-01, 1.000E-01, 3.745E-01, 1.000E+00, 8.494E-01, 1.000E+00, 3.770E-01, 1.000E+00, 1.000E+00, 3.202E-01, 2.071E-03, 2.438E-03, 0.000E+00, 1.173E+02, 6.835E+01, 5.000E-03, 8.945E-03, 7.171E+01, 4.243E-03, 1.858E+00
18/04/2019,11:00,9,3.149,3.649,15.926,.403,1.087, 1.033E+03, 4.893E+01, 0.000E+00, 3.469E-16, 2.958E+02, 7.993E+01, 2.598E+02, 3.461E+01, 1.723E+02, 1.571E+02, 1.057E+00, 3.501E-01, 1.000E-01, 3.792E-01, 1.000E+00, 8.505E-01, 1.000E+00, 4.822E-01, 1.000E+00, 1.000E+00, 4.101E-01, 2.661E-03, 3.129E-03, 0.000E+00, 1.173E+02, 6.835E+01, 5.000E-03, 1.149E-02, 6.063E+01, 4.451E-03, 1.920E+00
18/04/2019,12:00,9,3.149,3.649,16.902,.362,1.238, 1.032E+03, 5.063E+01, 0.000E+00, 3.469E-16, 2.828E+02, 8.050E+01, 2.575E+02, 3.461E+01, 8.584E+01, 1.433E+02, 1.223E+00, 2.971E-01, 1.000E-01, 3.692E-01, 1.000E+00, 8.480E-01, 1.000E+00, 5.777E-01, 1.000E+00, 1.000E+00, 4.899E-01, 3.190E-03, 3.762E-03, 0.000E+00, 1.212E+02, 6.835E+01, 5.000E-03, 1.378E-02, 5.326E+01, 4.561E-03, 1.899E+00
18/04/2019,13:00,9,3.149,3.649,16.790,.369,1.215, 1.032E+03, 5.455E+01, 0.000E+00, 3.469E-16, 2.514E+02, 8.087E+01, 2.510E+02, 3.422E+01, 8.584E+01, 1.433E+02, 1.103E+00, 2.970E-01, 1.000E-01, 3.440E-01, 1.000E+00, 8.394E-01, 1.000E+00, 5.672E-01, 1.000E+00, 1.000E+00, 4.761E-01, 3.099E-03, 3.692E-03, 0.000E+00, 1.212E+02, 6.835E+01, 5.000E-03, 1.338E-02, 5.440E+01, 4.538E-03, 1.558E+00
18/04/2019,14:00,9,3.149,3.649,16.677,.377,1.193, 1.032E+03, 6.016E+01, 0.000E+00, 3.469E-16, 2.044E+02, 7.874E+01, 2.380E+02, 3.262E+01, 8.584E+01, 1.433E+02, 9.885E-01, 2.970E-01, 1.000E-01, 3.026E-01, 1.000E+00, 8.177E-01, 9.999E-01, 5.566E-01, 1.000E+00, 1.000E+00, 4.551E-01, 2.961E-03, 3.621E-03, 0.000E+00, 1.211E+02, 6.835E+01, 5.000E-03, 1.279E-02, 5.622E+01, 4.500E-03, 1.282E+00
18/04/2019,15:00,9,3.149,3.649,16.565,.384,1.170, 1.032E+03, 6.688E+01, 0.000E+00, 3.469E-16, 1.458E+02, 7.135E+01, 2.144E+02, 2.878E+01,-1.105E+01, 3.211E+01, 8.802E-01, 1.000E-01, 1.000E-01, 2.449E-01, 1.000E+00, 7.688E-01, 9.999E-01, 5.458E-01, 1.000E+00, 1.000E+00, 4.196E-01, 2.729E-03, 3.549E-03, 0.000E+00, 6.152E+02, 6.835E+01, 5.000E-03, 1.179E-02, 5.958E+01, 3.572E-03, 1.096E+00
18/04/2019,16:00,9,3.149,3.649,14.342,.506,.812, 1.032E+03, 7.418E+01, 0.000E+00, 3.469E-16, 8.189E+01, 5.649E+01, 1.722E+02, 2.193E+01,-1.105E+01, 3.211E+01, 1.118E+00, 1.000E-01, 1.000E-01, 1.726E-01, 1.000E+00, 6.641E-01, 9.992E-01, 3.066E-01, 1.000E+00, 1.000E+00, 2.036E-01, 1.314E-03, 1.977E-03, 0.000E+00, 6.151E+02, 6.835E+01, 5.000E-03, 5.675E-03, 9.368E+01, 3.184E-03, 1.079E+00
18/04/2019,17:00,9,3.149,3.649,12.119,.628,.527, 1.032E+03, 8.164E+01, 0.000E+00, 3.469E-16, 2.384E+01, 3.350E+01, 9.412E+01, 1.211E+01,-1.105E+01, 3.211E+01, 2.019E+00, 1.000E-01, 1.000E-01, 9.231E-02, 1.000E+00, 4.464E-01, 9.792E-01, 1.699E-02, 1.000E+00, 1.000E+00, 7.582E-03, 4.856E-05, 1.065E-04, 0.000E+00, 6.151E+02, 6.835E+01, 5.000E-03, 2.097E-04, 1.919E+02, 2.425E-03, 1.089E+00
18/04/2019,18:00,9,3.149,3.649,9.897,.751,.305, 1.032E+03, 8.887E+01, 0.000E+00, 3.469E-16, 8.619E-04, 4.748E+00, 1.577E+00, 1.555E+00,-2.870E+01,-9.716E-01, 3.041E+00, 1.590E-01, 1.000E-01, 1.256E-02, 1.000E+00, 6.197E-02, 6.280E-02, 1.000E-02, 1.000E+00, 1.000E+00, 6.197E-04, 3.937E-06, 3.990E-06, 0.000E+00, 4.571E+02, 6.835E+01, 5.000E-03, 1.700E-05, 1.993E+02, 2.469E-03, 1.386E+00
18/04/2019,19:00,9,3.149,3.649,8.622,.769,.259, 1.033E+03, 9.549E+01, 0.000E+00, 3.469E-16, 0.000E+00, 0.000E+00, 0.000E+00, 0.000E+00,-2.870E+01,-9.716E-01, 2.432E+00, 1.586E-01, 1.000E-01,-9.990E+02, 1.000E+00,-9.990E+02, 0.000E+00, 0.000E+00, 0.000E+00, 1.000E+00, 0.000E+00, 0.000E+00, 0.000E+00, 0.000E+00, 4.591E+02, 6.835E+01, 5.000E-03, 0.000E+00, 2.000E+02, 2.463E-03, 1.933E+00
18/04/2019,20:00,9,3.149,3.649,7.347,.787,.219, 1.033E+03, 1.011E+02, 0.000E+00, 3.469E-16, 0.000E+00, 0.000E+00, 0.000E+00, 0.000E+00,-2.870E+01,-9.716E-01, 2.335E+00, 1.582E-01, 1.000E-01,-9.990E+02, 1.000E+00,-9.990E+02, 0.000E+00, 0.000E+00, 0.000E+00, 1.000E+00, 0.000E+00, 0.000E+00, 0.000E+00, 0.000E+00, 4.611E+02, 6.835E+01, 5.000E-03, 0.000E+00, 2.000E+02, 2.462E-03, 2.632E+00
18/04/2019,21:00,9,3.149,3.649,6.072,.805,.184, 1.033E+03, 1.054E+02, 0.000E+00, 3.469E-16, 0.000E+00, 0.000E+00, 0.000E+00, 0.000E+00,-1.486E+01,-2.968E+00, 2.804E+00, 1.048E-01, 1.000E-01,-9.990E+02, 1.000E+00,-9.990E+02, 0.000E+00, 0.000E+00, 0.000E+00, 1.000E+00, 0.000E+00, 0.000E+00, 0.000E+00, 0.000E+00, 6.891E+02, 6.835E+01, 5.000E-03, 0.000E+00, 2.000E+02, 2.340E-03, 3.528E+00
18/04/2019,22:00,9,3.149,3.649,5.060,.833,.146, 1.033E+03, 1.080E+02, 0.000E+00, 3.469E-16, 0.000E+00, 0.000E+00, 0.000E+00, 0.000E+00,-1.486E+01,-2.968E+00, 2.190E+00, 1.046E-01, 1.000E-01,-9.990E+02, 1.000E+00,-9.990E+02, 0.000E+00, 0.000E+00, 0.000E+00, 1.000E+00, 0.000E+00, 0.000E+00, 0.000E+00, 0.000E+00, 6.919E+02, 6.835E+01, 5.000E-03, 0.000E+00, 2.000E+02, 2.339E-03, 4.101E+00
18/04/2019,23:00,9,3.149,3.649,4.048,.862,.112, 1.033E+03, 1.086E+02, 0.000E+00, 3.469E-16, 0.000E+00, 0.000E+00, 0.000E+00, 0.000E+00,-1.486E+01,-2.968E+00, 1.976E+00, 1.045E-01, 1.000E-01,-9.990E+02, 1.000E+00,-9.990E+02, 0.000E+00, 0.000E+00, 0.000E+00, 1.000E+00, 0.000E+00, 0.000E+00, 0.000E+00, 0.000E+00, 6.948E+02, 6.835E+01, 8.016E-03, 0.000E+00, 1.248E+02, 2.836E-03, 4.102E+00
19/04/2019,00:00,9,3.160,3.660,3.036,.891,.083, 1.033E+03, 1.072E+02, 4.537E-05, 3.469E-16, 0.000E+00, 0.000E+00, 0.000E+00, 0.000E+00,-1.024E+01,-2.811E+00, 2.279E+00, 1.000E-01, 1.000E-01,-9.990E+02, 1.000E+00,-9.990E+02, 0.000E+00, 0.000E+00, 0.000E+00, 1.000E+00, 0.000E+00, 0.000E+00, 0.000E+00, 0.000E+00, 5.819E+02, 6.835E+01, 1.370E-02, 0.000E+00, 7.300E+01, 3.444E-03, 3.147E+00
19/04/2019,01:00,9,3.160,3.660,2.746,.902,.073, 1.033E+03, 1.039E+02, 4.537E-05, 3.469E-16, 0.000E+00, 0.000E+00, 0.000E+00, 0.000E+00,-1.024E+01,-2.811E+00, 2.157E+00, 1.000E-01, 1.000E-01,-9.990E+02, 1.000E+00,-9.990E+02, 0.000E+00, 0.000E+00, 0.000E+00, 1.000E+00, 0.000E+00, 0.000E+00, 0.000E+00, 0.000E+00, 5.820E+02, 6.835E+01, 1.640E-02, 0.000E+00, 6.096E+01, 3.593E-03, 2.143E+00
19/04/2019,02:00,9,3.160,3.660,2.456,.913,.063, 1.033E+03, 9.909E+01, 4.537E-05, 3.469E-16, 0.000E+00, 0.000E+00, 0.000E+00, 0.000E+00,-1.024E+01,-2.811E+00, 2.225E+00, 1.000E-01, 1.000E-01,-9.990E+02, 1.000E+00,-9.990E+02, 0.000E+00, 0.000E+00, 0.000E+00, 1.000E+00, 0.000E+00, 0.000E+00, 0.000E+00, 0.000E+00, 5.821E+02, 6.835E+01, 1.972E-02, 0.000E+00, 5.071E+01, 3.731E-03, 1.919E+00
19/04/2019,03:00,9,3.160,3.660,2.166,.924,.054, 1.033E+03, 9.302E+01, 4.537E-05, 3.469E-16, 0.000E+00, 0.000E+00, 0.000E+00, 0.000E+00, 2.952E+00, 1.234E+01, 2.468E+00, 2.212E-01, 1.524E-01,-9.990E+02, 1.000E+00,-9.990E+02, 0.000E+00, 0.000E+00, 0.000E+00, 1.000E+00, 0.000E+00, 0.000E+00, 0.000E+00, 0.000E+00, 1.026E+02, 4.486E+01, 2.382E-02, 0.000E+00, 4.198E+01, 6.312E-03, 1.899E+00
19/04/2019,04:00,9,3.160,3.660,3.511,.849,.119, 1.033E+03, 8.611E+01, 4.537E-05, 3.469E-16, 2.525E+00, 1.621E+01, 2.403E+01, 5.424E+00, 2.952E+00, 1.234E+01, 2.089E+00, 2.218E-01, 1.289E-01, 4.293E-02, 1.000E+00, 2.183E-01, 6.279E-01, 1.000E-02, 1.000E+00, 1.000E+00, 2.183E-03, 1.356E-05, 3.900E-05, 0.000E+00, 1.213E+02, 5.302E+01, 6.352E-03, 5.876E-05, 1.560E+02, 3.406E-03, 1.427E+00
19/04/2019,05:00,9,3.160,3.660,4.856,.773,.196, 1.033E+03, 7.873E+01, 4.537E-05, 3.469E-16, 4.465E+01, 4.339E+01, 1.304E+02, 1.619E+01, 2.952E+00, 1.234E+01, 1.715E+00, 2.223E-01, 1.058E-01, 1.236E-01, 1.000E+00, 5.492E-01, 9.953E-01, 1.000E-02, 1.000E+00, 1.000E+00, 5.492E-03, 3.427E-05, 6.212E-05, 0.000E+00, 1.478E+02, 6.458E+01, 5.000E-03, 1.485E-04, 1.942E+02, 2.763E-03, 1.628E+00
19/04/2019,06:00,9,3.160,3.660,6.201,.698,.287, 1.033E+03, 7.126E+01, 4.537E-05, 3.469E-16, 9.905E+01, 5.852E+01, 1.772E+02, 2.306E+01, 1.057E+02, 8.623E+01, 1.352E+00, 3.403E-01, 1.000E-01, 2.019E-01, 1.000E+00, 6.907E-01, 9.993E-01, 1.000E-02, 1.000E+00, 1.000E+00, 6.907E-03, 4.332E-05, 6.267E-05, 0.000E+00, 1.248E+02, 6.835E+01, 5.000E-03, 1.877E-04, 1.928E+02, 2.774E-03, 2.010E+00
19/04/2019,07:00,9,3.160,3.660,8.719,.614,.435, 1.033E+03, 6.409E+01, 4.537E-05, 3.469E-16, 1.574E+02, 6.940E+01, 2.083E+02, 2.825E+01, 1.057E+02, 8.623E+01, 1.456E+00, 3.418E-01, 1.020E-01, 2.692E-01, 1.000E+00, 7.713E-01, 9.998E-01, 1.000E-02, 1.000E+00, 1.000E+00, 7.713E-03, 4.880E-05, 6.326E-05, 0.000E+00, 1.226E+02, 6.703E+01, 5.000E-03, 2.115E-04, 1.919E+02, 2.805E-03, 1.795E+00
19/04/2019,08:00,9,3.160,3.660,11.237,.531,.628, 1.033E+03, 5.768E+01, 4.537E-05, 3.469E-16, 2.083E+02, 7.402E+01, 2.257E+02, 3.088E+01, 1.057E+02, 8.623E+01, 1.563E+00, 3.433E-01, 1.093E-01, 3.208E-01, 1.000E+00, 8.092E-01, 9.999E-01, 1.000E-02, 1.000E+00, 1.000E+00, 8.092E-03, 5.166E-05, 6.384E-05, 0.000E+00, 1.146E+02, 6.252E+01, 5.000E-03, 2.239E-04, 1.914E+02, 2.898E-03, 1.855E+00
19/04/2019,09:00,9,3.160,3.660,13.754,.447,.874, 1.033E+03, 5.259E+01, 4.537E-05, 3.469E-16, 2.389E+01, 1.202E+02, 5.965E+01, 3.999E+01, 1.316E+02, 1.503E+02, 1.672E+00, 4.460E-01, 1.120E-01, 3.560E-01, 1.000E+00, 8.451E-01, 9.140E-01, 2.349E-01, 1.000E+00, 1.000E+00, 1.985E-01, 1.279E-03, 1.383E-03, 0.000E+00, 1.204E+02, 6.102E+01, 5.000E-03, 5.541E-03, 9.487E+01, 4.027E-03, 1.994E+00
19/04/2019,10:00,9,3.160,3.660,14.456,.410,.977, 1.032E+03, 4.940E+01, 4.537E-05, 3.469E-16, 2.613E+01, 1.280E+02, 6.265E+01, 4.257E+01, 1.316E+02, 1.503E+02, 1.783E+00, 4.466E-01, 1.194E-01, 3.756E-01, 1.000E+00, 8.631E-01, 9.240E-01, 3.201E-01, 1.000E+00, 1.000E+00, 2.763E-01, 1.784E-03, 1.910E-03, 0.000E+00, 1.130E+02, 5.723E+01, 5.000E-03, 7.729E-03, 7.856E+01, 4.495E-03, 1.528E+00
19/04/2019,11:00,9,3.160,3.660,15.158,.372,1.089, 1.032E+03, 4.859E+01, 4.537E-05, 3.469E-16, 2.668E+01, 1.299E+02, 6.336E+01, 4.319E+01, 1.316E+02, 1.503E+02, 1.988E+00, 4.472E-01, 1.331E-01, 3.802E-01, 1.000E+00, 8.671E-01, 9.262E-01, 4.002E-01, 1.000E+00, 1.000E+00, 3.470E-01, 2.246E-03, 2.399E-03, 0.000E+00, 1.014E+02, 5.135E+01, 5.000E-03, 9.733E-03, 6.788E+01, 5.076E-03, 1.575E+00
19/04/2019,12:00,9,3.160,3.660,15.860,.334,1.208, 1.032E+03, 5.030E+01, 4.537E-05, 3.469E-16, 2.468E+02, 8.076E+01, 2.267E+02, 3.353E+01, 3.202E+01, 1.139E+02, 2.261E+00, 4.426E-01, 1.410E-01, 3.702E-01, 1.000E+00, 8.414E-01, 9.999E-01, 4.754E-01, 1.000E+00, 1.000E+00, 4.000E-01, 2.595E-03, 3.084E-03, 0.000E+00, 1.088E+02, 4.847E+01, 5.000E-03, 1.125E-02, 6.156E+01, 5.348E-03, 1.690E+00
19/04/2019,13:00,9,3.160,3.660,15.222,.364,1.106, 1.032E+03, 5.424E+01, 4.537E-05, 3.469E-16, 2.196E+02, 8.024E+01, 2.209E+02, 3.293E+01, 3.202E+01, 1.139E+02, 2.002E+00, 4.421E-01, 1.249E-01, 3.451E-01, 1.000E+00, 8.309E-01, 9.999E-01, 4.073E-01, 1.000E+00, 1.000E+00, 3.385E-01, 2.191E-03, 2.636E-03, 0.000E+00, 1.228E+02, 5.475E+01, 5.000E-03, 9.494E-03, 6.899E+01, 4.747E-03, 1.606E+00
19/04/2019,14:00,9,3.160,3.660,14.584,.394,1.011, 1.032E+03, 5.987E+01, 4.537E-05, 3.469E-16, 1.789E+02, 7.704E+01, 2.093E+02, 3.111E+01, 3.202E+01, 1.139E+02, 1.743E+00, 4.416E-01, 1.087E-01, 3.040E-01, 1.000E+00, 8.064E-01, 9.998E-01, 3.351E-01, 1.000E+00, 1.000E+00, 2.702E-01, 1.745E-03, 2.164E-03, 0.000E+00, 1.410E+02, 6.287E+01, 5.000E-03, 7.564E-03, 7.959E+01, 4.127E-03, 1.365E+00
19/04/2019,15:00,9,3.160,3.660,13.947,.424,.922, 1.032E+03, 6.660E+01, 4.537E-05, 3.469E-16, 1.482E+02, 7.176E+01, 2.156E+02, 2.891E+01,-6.664E+00, 3.639E+01, 1.485E+00, 1.353E-01, 1.000E-01, 2.466E-01, 1.000E+00, 7.706E-01, 9.999E-01, 2.588E-01, 1.000E+00, 1.000E+00, 1.994E-01, 1.285E-03, 1.668E-03, 0.000E+00, 2.772E+02, 6.835E+01, 5.000E-03, 5.569E-03, 9.462E+01, 3.525E-03, 1.169E+00
19/04/2019,16:00,9,3.160,3.660,12.532,.485,.751, 1.032E+03, 7.391E+01, 4.537E-05, 3.469E-16, 8.423E+01, 5.717E+01, 1.742E+02, 2.218E+01,-6.664E+00, 3.639E+01, 1.422E+00, 1.350E-01, 1.000E-01, 1.748E-01, 1.000E+00, 6.684E-01, 9.992E-01, 7.460E-02, 1.000E+00, 1.000E+00, 4.987E-02, 3.198E-04, 4.781E-04, 0.000E+00, 2.780E+02, 6.835E+01, 5.000E-03, 1.386E-03, 1.566E+02, 2.892E-03, 1.193E+00
19/04/2019,17:00,9,3.160,3.660,11.118,.545,.604, 1.032E+03, 8.137E+01, 4.537E-05, 3.469E-16, 2.565E+01, 3.447E+01, 9.794E+01, 1.247E+01,-6.664E+00, 3.639E+01, 1.717E+00, 1.346E-01, 1.000E-01, 9.496E-02, 1.000E+00, 4.564E-01, 9.822E-01, 1.000E-02, 1.000E+00, 1.000E+00, 4.564E-03, 2.913E-05, 6.268E-05, 0.000E+00, 2.788E+02, 6.835E+01, 5.000E-03, 1.262E-04, 1.951E+02, 2.602E-03, 1.344E+00
19/04/2019,18:00,9,3.160,3.660,9.704,.606,.476, 1.031E+03, 8.859E+01, 4.537E-05, 3.469E-16, 7.053E-03, 5.911E+00, 2.074E+00, 1.931E+00,-3.083E+01, 5.677E+00, 2.233E+00, 1.747E-01, 1.000E-01, 1.559E-02, 1.000E+00, 7.645E-02, 8.178E-02, 1.000E-02, 1.000E+00, 1.000E+00, 7.645E-04, 4.854E-06, 5.193E-06, 0.000E+00, 4.023E+02, 6.835E+01, 5.000E-03, 2.103E-05, 1.992E+02, 2.501E-03, 1.519E+00
19/04/2019,19:00,9,3.160,3.660,8.839,.605,.449, 1.031E+03, 9.520E+01, 4.537E-05, 3.469E-16, 0.000E+00, 0.000E+00, 0.000E+00, 0.000E+00,-3.083E+01, 5.677E+00, 2.641E+00, 1.744E-01, 1.000E-01,-9.990E+02, 1.000E+00,-9.990E+02, 0.000E+00, 0.000E+00, 0.000E+00, 1.000E+00, 0.000E+00, 0.000E+00, 0.000E+00, 0.000E+00, 4.034E+02, 6.835E+01, 5.000E-03, 0.000E+00, 2.000E+02, 2.495E-03, 1.418E+00
19/04/2019,20:00,9,3.160,3.660,7.975,.604,.424, 1.031E+03, 1.008E+02, 4.537E-05, 3.469E-16, 0.000E+00, 0.000E+00, 0.000E+00, 0.000E+00,-3.083E+01, 5.677E+00, 3.065E+00, 1.742E-01, 1.000E-01,-9.990E+02, 1.000E+00,-9.990E+02, 0.000E+00, 0.000E+00, 0.000E+00, 1.000E+00, 0.000E+00, 0.000E+00, 0.000E+00, 0.000E+00, 4.045E+02, 6.835E+01, 5.000E-03, 0.000E+00, 2.000E+02, 2.495E-03, 1.348E+00
19/04/2019,21:00,9,3.160,3.660,7.111,.604,.400, 1.031E+03, 1.051E+02, 4.537E-05, 3.469E-16, 0.000E+00, 0.000E+00, 0.000E+00, 0.000E+00,-3.757E+01, 6.005E+00, 3.499E+00, 2.299E-01, 1.192E-01,-9.990E+02, 1.000E+00,-9.990E+02, 0.000E+00, 0.000E+00, 0.000E+00, 1.000E+00, 0.000E+00, 0.000E+00, 0.000E+00, 0.000E+00, 2.461E+02, 5.732E+01, 5.000E-03, 0.000E+00, 2.000E+02, 2.779E-03, 1.458E+00
19/04/2019,22:00,9,3.160,3.660,6.400,.643,.344, 1.031E+03, 1.076E+02, 4.537E-05, 3.469E-16, 0.000E+00, 0.000E+00, 0.000E+00, 0.000E+00,-3.757E+01, 6.005E+00, 3.147E+00, 2.297E-01, 1.071E-01,-9.990E+02, 1.000E+00,-9.990E+02, 0.000E+00, 0.000E+00, 0.000E+00, 1.000E+00, 0.000E+00, 0.000E+00, 0.000E+00, 0.000E+00, 2.744E+02, 6.382E+01, 5.000E-03, 0.000E+00, 2.000E+02, 2.646E-03, 1.672E+00
19/04/2019,23:00,9,3.160,3.660,5.688,.681,.292, 1.031E+03, 1.082E+02, 4.537E-05, 3.469E-16, 0.000E+00, 0.000E+00, 0.000E+00, 0.000E+00,-3.757E+01, 6.005E+00, 2.957E+00, 2.294E-01, 1.005E-01,-9.990E+02, 1.000E+00,-9.990E+02, 0.000E+00, 0.000E+00, 0.000E+00, 1.000E+00, 0.000E+00, 0.000E+00, 0.000E+00, 0.000E+00, 2.930E+02, 6.805E+01, 5.000E-03, 0.000E+00, 2.000E+02, 2.565E-03, 1.671E+00
20/04/2019,00:00,9,3.171,3.671,4.977,.720,.244, 1.030E+03, 1.068E+02, 0.000E+00, 3.469E-16, 0.000E+00, 0.000E+00, 0.000E+00, 0.000E+00,-2.153E+01, 2.159E+00, 2.958E+00, 1.859E-01, 1.000E-01,-9.990E+02, 1.000E+00,-9.990E+02, 0.000E+00, 0.000E+00, 0.000E+00, 1.000E+00, 0.000E+00, 0.000E+00, 0.000E+00, 0.000E+00, 3.039E+02, 6.835E+01, 5.000E-03, 0.000E+00, 2.000E+02, 2.554E-03, 1.639E+00
20/04/2019,01:00,9,3.171,3.671,4.475,.756,.205, 1.030E+03, 1.036E+02, 0.000E+00, 3.469E-16, 0.000E+00, 0.000E+00, 0.000E+00, 0.000E+00,-2.153E+01, 2.159E+00, 2.789E+00, 1.858E-01, 1.000E-01,-9.990E+02, 1.000E+00,-9.990E+02, 0.000E+00, 0.000E+00, 0.000E+00, 1.000E+00, 0.000E+00, 0.000E+00, 0.000E+00, 0.000E+00, 3.043E+02, 6.835E+01, 5.000E-03, 0.000E+00, 2.000E+02, 2.554E-03, 1.613E+00
20/04/2019,02:00,9,3.171,3.671,3.972,.792,.169, 1.030E+03, 9.875E+01, 0.000E+00, 3.469E-16, 0.000E+00, 0.000E+00, 0.000E+00, 0.000E+00,-2.153E+01, 2.159E+00, 2.629E+00, 1.856E-01, 1.000E-01,-9.990E+02, 1.000E+00,-9.990E+02, 0.000E+00, 0.000E+00, 0.000E+00, 1.000E+00, 0.000E+00, 0.000E+00, 0.000E+00, 0.000E+00, 3.046E+02, 6.835E+01, 5.000E-03, 0.000E+00, 2.000E+02, 2.554E-03, 1.653E+00
20/04/2019,03:00,9,3.171,3.671,3.470,.828,.135, 1.030E+03, 9.269E+01, 0.000E+00, 3.469E-16, 0.000E+00, 0.000E+00, 0.000E+00, 0.000E+00, 2.928E+00, 1.185E+01, 2.479E+00, 1.782E-01, 1.567E-01,-9.990E+02, 1.000E+00,-9.990E+02, 0.000E+00, 0.000E+00, 0.000E+00, 1.000E+00, 0.000E+00, 0.000E+00, 0.000E+00, 0.000E+00, 9.549E+01, 4.361E+01, 5.000E-03, 0.000E+00, 2.000E+02, 3.201E-03, 1.848E+00
20/04/2019,04:00,9,3.171,3.671,4.779,.789,.181, 1.030E+03, 8.579E+01, 0.000E+00, 3.469E-16, 3.338E+00, 1.716E+01, 2.848E+01, 5.761E+00, 2.928E+00, 1.185E+01, 1.968E+00, 1.787E-01, 1.244E-01, 4.634E-02, 1.000E+00, 2.332E-01, 6.900E-01, 1.000E-02, 1.000E+00, 1.000E+00, 2.332E-03, 1.455E-05, 4.305E-05, 0.000E+00, 1.204E+02, 5.496E+01, 5.000E-03, 6.326E-05, 1.975E+02, 2.949E-03, 2.041E+00
20/04/2019,05:00,9,3.171,3.671,6.087,.750,.235, 1.029E+03, 7.841E+01, 0.000E+00, 3.469E-16, 4.627E+01, 4.347E+01, 1.314E+02, 1.624E+01, 2.928E+00, 1.185E+01, 1.458E+00, 1.791E-01, 1.000E-01, 1.267E-01, 1.000E+00, 5.516E-01, 9.955E-01, 1.000E-02, 1.000E+00, 1.000E+00, 5.516E-03, 3.458E-05, 6.240E-05, 0.000E+00, 1.498E+02, 6.835E+01, 5.000E-03, 1.503E-04, 1.942E+02, 2.700E-03, 2.241E+00
20/04/2019,06:00,9,3.171,3.671,7.395,.711,.298, 1.029E+03, 7.094E+01, 0.000E+00, 3.469E-16, 1.102E+02, 6.399E+01, 1.939E+02, 2.521E+01, 1.121E+02, 8.760E+01, 9.496E-01, 1.946E-01, 1.000E-01, 2.044E-01, 1.000E+00, 7.178E-01, 9.997E-01, 1.000E-02, 1.000E+00, 1.000E+00, 7.178E-03, 4.521E-05, 6.296E-05, 0.000E+00, 9.058E+01, 6.835E+01, 5.000E-03, 1.966E-04, 1.924E+02, 2.946E-03, 2.544E+00
20/04/2019,07:00,9,3.171,3.671,10.017,.620,.468, 1.029E+03, 6.376E+01, 0.000E+00, 3.469E-16, 1.734E+02, 7.544E+01, 2.268E+02, 3.069E+01, 1.121E+02, 8.760E+01, 7.402E-01, 1.956E-01, 1.000E-01, 2.712E-01, 1.000E+00, 7.937E-01, 9.999E-01, 1.000E-02, 1.000E+00, 1.000E+00, 7.937E-03, 5.045E-05, 6.356E-05, 0.000E+00, 9.087E+01, 6.835E+01, 5.000E-03, 2.194E-04, 1.916E+02, 2.952E-03, 2.224E+00
20/04/2019,08:00,9,3.171,3.671,12.638,.529,.691, 1.029E+03, 5.735E+01, 0.000E+00, 3.469E-16, 2.286E+02, 8.017E+01, 2.452E+02, 3.342E+01, 1.121E+02, 8.760E+01, 5.419E-01, 1.965E-01, 1.000E-01, 3.223E-01, 1.000E+00, 8.286E-01, 1.000E+00, 8.905E-02, 1.000E+00, 1.000E+00, 7.379E-02, 4.734E-04, 5.713E-04, 0.000E+00, 9.116E+01, 6.835E+01, 5.000E-03, 2.058E-03, 1.417E+02, 3.459E-03, 2.188E+00
20/04/2019,09:00,9,3.171,3.671,15.259,.439,.980, 1.028E+03, 5.224E+01, 0.000E+00, 3.469E-16, 2.703E+02, 8.074E+01, 2.551E+02, 3.434E+01, 1.758E+02, 1.653E+02, 3.726E-01, 2.814E-01, 1.000E-01, 3.572E-01, 1.000E+00, 8.434E-01, 1.000E+00, 4.114E-01, 1.000E+00, 1.000E+00, 3.470E-01, 2.247E-03, 2.664E-03, 0.000E+00, 1.040E+02, 6.835E+01, 5.000E-03, 9.768E-03, 6.771E+01, 4.466E-03, 2.325E+00
20/04/2019,10:00,9,3.171,3.671,16.307,.401,1.120, 1.028E+03, 4.905E+01, 0.000E+00, 3.469E-16, 2.953E+02, 7.987E+01, 2.597E+02, 3.443E+01, 1.758E+02, 1.653E+02, 5.571E-01, 2.820E-01, 1.000E-01, 3.766E-01, 1.000E+00, 8.487E-01, 1.000E+00, 5.206E-01, 1.000E+00, 1.000E+00, 4.419E-01, 2.871E-03, 3.383E-03, 0.000E+00, 1.041E+02, 6.835E+01, 5.000E-03, 1.248E-02, 5.720E+01, 4.684E-03, 2.222E+00
20/04/2019,11:00,9,3.171,3.671,17.354,.362,1.274, 1.027E+03, 4.825E+01, 0.000E+00, 3.469E-16, 3.015E+02, 7.952E+01, 2.608E+02, 3.440E+01, 1.758E+02, 1.653E+02, 7.492E-01, 2.826E-01, 1.000E-01, 3.812E-01, 1.000E+00, 8.496E-01, 1.000E+00, 6.186E-01, 1.000E+00, 1.000E+00, 5.256E-01, 3.428E-03, 4.034E-03, 0.000E+00, 1.042E+02, 6.835E+01, 5.000E-03, 1.490E-02, 5.024E+01, 4.840E-03, 2.235E+00
20/04/2019,12:00,9,3.171,3.671,18.402,.324,1.444, 1.026E+03, 4.997E+01, 0.000E+00, 3.469E-16, 2.883E+02, 8.018E+01, 2.586E+02, 3.443E+01, 9.390E+01, 1.568E+02, 9.444E-01, 3.181E-01, 1.000E-01, 3.712E-01, 1.000E+00, 8.474E-01, 1.000E+00, 7.054E-01, 9.164E-01, 1.000E+00, 5.478E-01, 3.585E-03, 4.231E-03, 0.000E+00, 1.232E+02, 6.835E+01, 5.000E-03, 1.559E-02, 4.857E+01, 4.640E-03, 2.247E+00
20/04/2019,13:00,9,3.171,3.671,18.345,.321,1.446, 1.026E+03, 5.394E+01, 0.000E+00, 3.469E-16, 2.570E+02, 8.078E+01, 2.524E+02, 3.413E+01, 9.390E+01, 1.568E+02, 9.297E-01, 3.182E-01, 1.000E-01, 3.462E-01, 1.000E+00, 8.394E-01, 1.000E+00, 7.010E-01, 9.148E-01, 1.000E+00, 5.383E-01, 3.523E-03, 4.196E-03, 0.000E+00, 1.232E+02, 6.835E+01, 5.000E-03, 1.532E-02, 4.922E+01, 4.626E-03, 2.238E+00
20/04/2019,14:00,9,3.171,3.671,18.289,.317,1.449, 1.025E+03, 5.959E+01, 0.000E+00, 3.469E-16, 2.099E+02, 7.900E+01, 2.400E+02, 3.267E+01, 9.390E+01, 1.568E+02, 9.156E-01, 3.182E-01, 1.000E-01, 3.054E-01, 1.000E+00, 8.188E-01, 9.999E-01, 6.966E-01, 9.132E-01, 1.000E+00, 5.209E-01, 3.408E-03, 4.162E-03, 0.000E+00, 1.232E+02, 6.835E+01, 5.000E-03, 1.482E-02, 5.046E+01, 4.599E-03, 2.276E+00
20/04/2019,15:00,9,3.171,3.671,18.232,.313,1.452, 1.024E+03, 6.633E+01, 0.000E+00, 3.469E-16, 1.512E+02, 7.208E+01, 2.173E+02, 2.903E+01,-8.232E+00, 3.925E+01, 9.019E-01, 1.000E-01, 1.000E-01, 2.484E-01, 1.000E+00, 7.722E-01, 9.999E-01, 6.922E-01, 9.117E-01, 1.000E+00, 4.873E-01, 3.187E-03, 4.127E-03, 0.000E+00, 5.037E+02, 6.835E+01, 5.000E-03, 1.386E-02, 5.303E+01, 3.801E-03, 2.278E+00
20/04/2019,16:00,9,3.171,3.671,16.169,.473,.976, 1.024E+03, 7.365E+01, 0.000E+00, 3.469E-16, 8.698E+01, 5.778E+01, 1.769E+02, 2.242E+01,-8.232E+00, 3.925E+01, 7.419E-01, 1.000E-01, 1.000E-01, 1.770E-01, 1.000E+00, 6.726E-01, 9.993E-01, 5.069E-01, 1.000E+00, 1.000E+00, 3.409E-01, 2.214E-03, 3.290E-03, 0.000E+00, 5.038E+02, 6.835E+01, 5.000E-03, 9.628E-03, 6.836E+01, 3.591E-03, 2.124E+00
20/04/2019,17:00,9,3.171,3.671,14.105,.632,.595, 1.023E+03, 8.110E+01, 0.000E+00, 3.469E-16, 2.772E+01, 3.541E+01, 1.025E+02, 1.284E+01,-8.232E+00, 3.925E+01, 1.497E+00, 1.000E-01, 1.000E-01, 9.756E-02, 1.000E+00, 4.663E-01, 9.852E-01, 2.781E-01, 1.000E+00, 1.000E+00, 1.297E-01, 8.363E-04, 1.767E-03, 0.000E+00, 5.040E+02, 6.835E+01, 5.000E-03, 3.636E-03, 1.158E+02, 3.069E-03, 1.937E+00
20/04/2019,18:00,9,3.171,3.671,12.042,.792,.294, 1.023E+03, 8.831E+01, 0.000E+00, 3.469E-16, 3.103E-02, 7.066E+00, 2.831E+00, 2.304E+00,-2.781E+01,-2.831E-01, 2.427E+00, 1.843E-01, 1.000E-01, 1.857E-02, 1.000E+00, 9.077E-02, 1.099E-01, 1.000E-02, 1.000E+00, 1.000E+00, 9.077E-04, 5.811E-06, 7.037E-06, 0.000E+00, 3.497E+02, 6.835E+01, 5.000E-03, 2.527E-05, 1.990E+02, 2.533E-03, 2.339E+00
20/04/2019,19:00,9,3.171,3.671,10.325,.800,.252, 1.023E+03, 9.491E+01, 0.000E+00, 3.469E-16, 0.000E+00, 0.000E+00, 0.000E+00, 0.000E+00,-2.781E+01,-2.831E-01, 2.590E+00, 1.837E-01, 1.000E-01,-9.990E+02, 1.000E+00,-9.990E+02, 0.000E+00, 0.000E+00, 0.000E+00, 1.000E+00, 0.000E+00, 0.000E+00, 0.000E+00, 0.000E+00, 3.513E+02, 6.835E+01, 5.000E-03, 0.000E+00, 2.000E+02, 2.526E-03, 3.308E+00
20/04/2019,20:00,9,3.171,3.671,8.608,.808,.216, 1.022E+03, 1.005E+02, 0.000E+00, 3.469E-16, 0.000E+00, 0.000E+00, 0.000E+00, 0.000E+00,-2.781E+01,-2.831E-01, 2.754E+00, 1.832E-01, 1.000E-01,-9.990E+02, 1.000E+00,-9.990E+02, 0.000E+00, 0.000E+00, 0.000E+00, 1.000E+00, 0.000E+00, 0.000E+00, 0.000E+00, 0.000E+00, 3.530E+02, 6.835E+01, 5.000E-03, 0.000E+00, 2.000E+02, 2.525E-03, 3.875E+00
20/04/2019,21:00,9,3.171,3.671,6.891,.815,.184, 1.022E+03, 1.048E+02, 0.000E+00, 3.469E-16, 0.000E+00, 0.000E+00, 0.000E+00, 0.000E+00,-2.272E+01, 1.493E+00, 2.919E+00, 1.512E-01, 1.000E-01,-9.990E+02, 1.000E+00,-9.990E+02, 0.000E+00, 0.000E+00, 0.000E+00, 1.000E+00, 0.000E+00, 0.000E+00, 0.000E+00, 0.000E+00, 4.369E+02, 6.835E+01, 5.000E-03, 0.000E+00, 2.000E+02, 2.476E-03, 4.273E+00
20/04/2019,22:00,9,3.171,3.671,6.412,.799,.193, 1.022E+03, 1.073E+02, 0.000E+00, 3.469E-16, 0.000E+00, 0.000E+00, 0.000E+00, 0.000E+00,-2.272E+01, 1.493E+00, 1.903E+00, 1.511E-01, 1.000E-01,-9.990E+02, 1.000E+00,-9.990E+02, 0.000E+00, 0.000E+00, 0.000E+00, 1.000E+00, 0.000E+00, 0.000E+00, 0.000E+00, 0.000E+00, 4.375E+02, 6.835E+01, 5.000E-03, 0.000E+00, 2.000E+02, 2.476E-03, 4.562E+00
20/04/2019,23:00,9,3.171,3.671,5.933,.783,.202, 1.021E+03, 1.079E+02, 0.000E+00, 3.469E-16, 0.000E+00, 0.000E+00, 0.000E+00, 0.000E+00,-2.272E+01, 1.493E+00, 1.818E+00, 1.510E-01, 1.000E-01,-9.990E+02, 1.000E+00,-9.990E+02, 0.000E+00, 0.000E+00, 0.000E+00, 1.000E+00, 0.000E+00, 0.000E+00, 0.000E+00, 0.000E+00, 4.381E+02, 6.835E+01, 5.000E-03, 0.000E+00, 2.000E+02, 2.475E-03, 3.883E+00
21/04/2019,00:00,9,3.181,3.681,5.455,.767,.210, 1.021E+03, 1.065E+02, 0.000E+00, 3.469E-16, 0.000E+00, 0.000E+00, 0.000E+00, 0.000E+00,-6.436E+00,-5.363E-01, 2.753E+00, 1.000E-01, 1.000E-01,-9.990E+02, 1.000E+00,-9.990E+02, 0.000E+00, 0.000E+00, 0.000E+00, 1.000E+00, 0.000E+00, 0.000E+00, 0.000E+00, 0.000E+00, 4.314E+02, 6.835E+01, 5.000E-03, 0.000E+00, 2.000E+02, 2.479E-03, 1.497E+00
21/04/2019,01:00,9,3.181,3.681,4.458,.807,.162, 1.020E+03, 1.033E+02, 0.000E+00, 3.469E-16, 0.000E+00, 0.000E+00, 0.000E+00, 0.000E+00,-6.436E+00,-5.363E-01, 2.001E+00, 1.000E-01, 1.000E-01,-9.990E+02, 1.000E+00,-9.990E+02, 0.000E+00, 0.000E+00, 0.000E+00, 1.000E+00, 0.000E+00, 0.000E+00, 0.000E+00, 0.000E+00, 4.315E+02, 6.835E+01, 5.000E-03, 0.000E+00, 2.000E+02, 2.479E-03, 1.540E+00
21/04/2019,02:00,9,3.181,3.681,3.461,.847,.120, 1.020E+03, 9.842E+01, 0.000E+00, 3.469E-16, 0.000E+00, 0.000E+00, 0.000E+00, 0.000E+00,-6.436E+00,-5.363E-01, 1.306E+00, 1.000E-01, 1.000E-01,-9.990E+02, 1.000E+00,-9.990E+02, 0.000E+00, 0.000E+00, 0.000E+00, 1.000E+00, 0.000E+00, 0.000E+00, 0.000E+00, 0.000E+00, 4.317E+02, 6.835E+01, 6.386E-03, 0.000E+00, 1.566E+02, 2.778E-03, 1.895E+00
21/04/2019,03:00,9,3.181,3.681,2.464,.886,.083, 1.019E+03, 9.236E+01, 0.000E+00, 3.469E-16, 0.000E+00, 0.000E+00, 0.000E+00, 0.000E+00, 1.153E+01, 1.198E+01, 8.312E-01, 1.607E-01, 1.000E-01,-9.990E+02, 1.000E+00,-9.990E+02, 0.000E+00, 0.000E+00, 0.000E+00, 1.000E+00, 0.000E+00, 0.000E+00, 0.000E+00, 0.000E+00, 1.239E+02, 6.835E+01, 1.283E-02, 0.000E+00, 7.793E+01, 4.078E-03, 2.380E+00
21/04/2019,04:00,9,3.181,3.681,4.000,.839,.131, 1.019E+03, 8.547E+01, 0.000E+00, 3.469E-16, 4.085E+00, 1.709E+01, 3.160E+01, 5.759E+00, 1.153E+01, 1.198E+01, 8.213E-01, 1.611E-01, 1.000E-01, 4.969E-02, 1.000E+00, 2.366E-01, 7.274E-01, 1.000E-02, 1.000E+00, 1.000E+00, 2.366E-03, 1.472E-05, 4.526E-05, 0.000E+00, 1.241E+02, 6.835E+01, 5.245E-03, 6.422E-05, 1.884E+02, 2.811E-03, 2.727E+00
21/04/2019,05:00,9,3.181,3.681,5.537,.791,.189, 1.019E+03, 7.810E+01, 0.000E+00, 3.469E-16, 4.558E+01, 4.118E+01, 1.259E+02, 1.541E+01, 1.153E+01, 1.198E+01, 8.840E-01, 1.616E-01, 1.000E-01, 1.296E-01, 1.000E+00, 5.375E-01, 9.944E-01, 1.000E-02, 1.000E+00, 1.000E+00, 5.375E-03, 3.363E-05, 6.221E-05, 0.000E+00, 1.242E+02, 6.835E+01, 5.000E-03, 1.467E-04, 1.943E+02, 2.764E-03, 3.485E+00
21/04/2019,06:00,9,3.181,3.681,7.074,.743,.259, 1.019E+03, 7.062E+01, 0.000E+00, 3.469E-16, 7.815E+01, 7.228E+01, 1.443E+02, 2.656E+01, 1.323E+02, 7.970E+01, 1.006E+00, 4.461E-01, 1.000E-01, 2.069E-01, 1.000E+00, 7.334E-01, 9.974E-01, 1.000E-02, 1.000E+00, 1.000E+00, 7.334E-03, 4.614E-05, 6.274E-05, 0.000E+00, 1.346E+02, 6.835E+01, 5.000E-03, 2.013E-04, 1.923E+02, 2.747E-03, 4.584E+00
21/04/2019,07:00,9,3.181,3.681,9.366,.674,.385, 1.019E+03, 6.344E+01, 0.000E+00, 3.469E-16, 1.217E+02, 9.157E+01, 1.701E+02, 3.401E+01, 1.323E+02, 7.970E+01, 1.653E+00, 4.479E-01, 1.108E-01, 2.731E-01, 1.000E+00, 8.203E-01, 9.991E-01, 1.000E-02, 1.000E+00, 1.000E+00, 8.203E-03, 5.203E-05, 6.336E-05, 0.000E+00, 1.217E+02, 6.170E+01, 5.000E-03, 2.270E-04, 1.913E+02, 2.887E-03, 5.091E+00
21/04/2019,08:00,9,3.181,3.681,11.658,.604,.544, 1.019E+03, 5.702E+01, 0.000E+00, 3.469E-16, 1.596E+02, 1.039E+02, 1.854E+02, 3.885E+01, 1.323E+02, 7.970E+01, 2.305E+00, 4.497E-01, 1.544E-01, 3.238E-01, 1.000E+00, 8.630E-01, 9.995E-01, 1.000E-02, 1.000E+00, 1.000E+00, 8.630E-03, 5.518E-05, 6.391E-05, 0.000E+00, 8.747E+01, 4.428E+01, 5.000E-03, 2.407E-04, 1.908E+02, 3.309E-03, 5.599E+00
21/04/2019,09:00,9,3.181,3.681,13.951,.535,.745, 1.019E+03, 5.191E+01, 0.000E+00, 3.469E-16, 9.355E+01, 1.415E+02, 1.246E+02, 4.875E+01, 1.990E+02, 1.445E+02, 2.958E+00, 7.013E-01, 1.880E-01, 3.584E-01, 1.000E+00, 9.115E-01, 9.940E-01, 2.592E-01, 1.000E+00, 1.000E+00, 2.363E-01, 1.523E-03, 1.661E-03, 0.000E+00, 7.885E+01, 3.636E+01, 5.000E-03, 6.644E-03, 8.588E+01, 5.574E-03, 5.269E+00
21/04/2019,10:00,9,3.181,3.681,14.915,.496,.860, 1.018E+03, 4.871E+01, 0.000E+00, 3.469E-16, 1.020E+02, 1.489E+02, 1.286E+02, 5.127E+01, 1.990E+02, 1.445E+02, 3.547E+00, 7.027E-01, 2.254E-01, 3.776E-01, 1.000E+00, 9.225E-01, 9.950E-01, 3.731E-01, 1.000E+00, 1.000E+00, 3.442E-01, 2.226E-03, 2.401E-03, 0.000E+00, 6.579E+01, 3.033E+01, 5.000E-03, 9.711E-03, 6.798E+01, 6.850E-03, 3.224E+00
21/04/2019,11:00,9,3.181,3.681,15.880,.458,.986, 1.018E+03, 4.791E+01, 0.000E+00, 3.469E-16, 1.041E+02, 1.506E+02, 1.295E+02, 5.185E+01, 1.990E+02, 1.445E+02, 4.144E+00, 7.040E-01, 2.632E-01, 3.821E-01, 1.000E+00, 9.249E-01, 9.951E-01, 4.775E-01, 1.000E+00, 1.000E+00, 4.416E-01, 2.865E-03, 3.083E-03, 0.000E+00, 5.637E+01, 2.597E+01, 5.000E-03, 1.250E-02, 5.714E+01, 8.068E-03, 2.984E+00
21/04/2019,12:00,9,3.181,3.681,16.845,.419,1.124, 1.017E+03, 4.965E+01, 0.000E+00, 3.469E-16, 2.905E+02, 7.958E+01, 2.585E+02, 3.418E+01, 1.374E+02, 1.394E+02, 4.744E+00, 8.956E-01, 2.902E-01, 3.721E-01, 1.000E+00, 8.461E-01, 1.000E+00, 5.723E-01, 1.000E+00, 1.000E+00, 4.842E-01, 3.152E-03, 3.726E-03, 0.000E+00, 5.478E+01, 2.355E+01, 5.000E-03, 1.375E-02, 5.332E+01, 8.726E-03, 2.868E+00
21/04/2019,13:00,9,3.181,3.681,15.915,.429,1.040, 1.017E+03, 5.363E+01, 0.000E+00, 3.469E-16, 2.591E+02, 8.032E+01, 2.524E+02, 3.394E+01, 1.374E+02, 1.394E+02, 5.053E+00, 8.942E-01, 3.092E-01, 3.473E-01, 1.000E+00, 8.384E-01, 1.000E+00, 4.811E-01, 1.000E+00, 1.000E+00, 4.034E-01, 2.617E-03, 3.122E-03, 0.000E+00, 5.141E+01, 2.211E+01, 5.000E-03, 1.142E-02, 6.090E+01, 8.444E-03, 2.294E+00
21/04/2019,14:00,9,3.181,3.681,14.986,.439,.961, 1.017E+03, 5.930E+01, 0.000E+00, 3.469E-16, 2.121E+02, 7.876E+01, 2.403E+02, 3.256E+01, 1.374E+02, 1.394E+02, 5.363E+00, 8.929E-01, 3.282E-01, 3.067E-01, 1.000E+00, 8.183E-01, 9.999E-01, 3.811E-01, 1.000E+00, 1.000E+00, 3.118E-01, 2.017E-03, 2.465E-03, 0.000E+00, 4.842E+01, 2.083E+01, 5.000E-03, 8.800E-03, 7.246E+01, 7.896E-03, 2.130E+00
21/04/2019,15:00,9,3.181,3.681,14.057,.450,.888, 1.017E+03, 6.606E+01, 0.000E+00, 3.469E-16, 1.458E+02, 6.852E+01, 2.073E+02, 2.758E+01,-1.387E+01, 5.639E+01, 5.674E+00, 7.958E-01, 3.348E-01, 2.501E-01, 1.000E+00, 7.588E-01, 9.998E-01, 2.722E-01, 1.000E+00, 1.000E+00, 2.066E-01, 1.332E-03, 1.755E-03, 0.000E+00, 5.063E+01, 2.042E+01, 5.000E-03, 5.810E-03, 9.250E+01, 6.849E-03, 1.803E+00
21/04/2019,16:00,9,3.181,3.681,12.555,.486,.751, 1.017E+03, 7.338E+01, 0.000E+00, 3.469E-16, 8.485E+01, 5.527E+01, 1.698E+02, 2.145E+01,-1.387E+01, 5.639E+01, 5.472E+00, 7.937E-01, 3.228E-01, 1.791E-01, 1.000E+00, 6.601E-01, 9.991E-01, 7.772E-02, 1.000E+00, 1.000E+00, 5.130E-02, 3.291E-04, 4.980E-04, 0.000E+00, 5.251E+01, 2.118E+01, 5.000E-03, 1.436E-03, 1.554E+02, 4.742E-03, 1.571E+00
21/04/2019,17:00,9,3.181,3.681,11.053,.522,.631, 1.017E+03, 8.084E+01, 0.000E+00, 3.469E-16, 2.818E+01, 3.439E+01, 1.009E+02, 1.249E+01,-1.387E+01, 5.639E+01, 5.269E+00, 7.915E-01, 3.108E-01, 1.001E-01, 1.000E+00, 4.600E-01, 9.843E-01, 1.000E-02, 1.000E+00, 1.000E+00, 4.600E-03, 2.935E-05, 6.280E-05, 0.000E+00, 5.454E+01, 2.199E+01, 5.000E-03, 1.280E-04, 1.950E+02, 3.959E-03, 1.342E+00
21/04/2019,18:00,9,3.181,3.681,9.552,.559,.527, 1.017E+03, 8.804E+01, 0.000E+00, 3.469E-16, 5.392E-02, 6.652E+00, 2.952E+00, 2.165E+00,-5.321E+01, 1.330E+01, 5.067E+00, 6.882E-01, 2.894E-01, 2.151E-02, 1.000E+00, 8.581E-02, 1.144E-01, 1.000E-02, 1.000E+00, 1.000E+00, 8.581E-04, 5.446E-06, 7.257E-06, 0.000E+00, 6.049E+01, 2.362E+01, 5.000E-03, 2.376E-05, 1.991E+02, 3.830E-03, 1.279E+00
21/04/2019,19:00,9,3.181,3.681,8.630,.594,.455, 1.018E+03, 9.462E+01, 0.000E+00, 3.469E-16, 0.000E+00, 0.000E+00, 0.000E+00, 0.000E+00,-5.321E+01, 1.330E+01, 4.940E+00, 6.870E-01, 2.821E-01,-9.990E+02, 1.000E+00,-9.990E+02, 0.000E+00, 0.000E+00, 0.000E+00, 1.000E+00, 0.000E+00, 0.000E+00, 0.000E+00, 0.000E+00, 6.206E+01, 2.423E+01, 5.000E-03, 0.000E+00, 2.000E+02, 3.793E-03, 1.191E+00
21/04/2019,20:00,9,3.181,3.681,7.709,.629,.390, 1.018E+03, 1.002E+02, 0.000E+00, 3.469E-16, 0.000E+00, 0.000E+00, 0.000E+00, 0.000E+00,-5.321E+01, 1.330E+01, 4.831E+00, 6.858E-01, 2.759E-01,-9.990E+02, 1.000E+00,-9.990E+02, 0.000E+00, 0.000E+00, 0.000E+00, 1.000E+00, 0.000E+00, 0.000E+00, 0.000E+00, 0.000E+00, 6.349E+01, 2.478E+01, 5.000E-03, 0.000E+00, 2.000E+02, 3.772E-03, 1.139E+00
21/04/2019,21:00,9,3.181,3.681,6.787,.665,.331, 1.018E+03, 1.044E+02, 0.000E+00, 3.469E-16, 0.000E+00, 0.000E+00, 0.000E+00, 0.000E+00,-3.229E+01, 1.125E+01, 4.740E+00, 6.523E-01, 2.738E-01,-9.990E+02, 1.000E+00,-9.990E+02, 0.000E+00, 0.000E+00, 0.000E+00, 1.000E+00, 0.000E+00, 0.000E+00, 0.000E+00, 0.000E+00, 6.324E+01, 2.497E+01, 5.000E-03, 0.000E+00, 2.000E+02, 3.766E-03, 1.116E+00
21/04/2019,22:00,9,3.181,3.681,6.876,.658,.340, 1.018E+03, 1.070E+02, 0.000E+00, 3.469E-16, 0.000E+00, 0.000E+00, 0.000E+00, 0.000E+00,-3.229E+01, 1.125E+01, 4.647E+00, 6.524E-01, 2.684E-01,-9.990E+02, 1.000E+00,-9.990E+02, 0.000E+00, 0.000E+00, 0.000E+00, 1.000E+00, 0.000E+00, 0.000E+00, 0.000E+00, 0.000E+00, 6.451E+01, 2.547E+01, 5.000E-03, 0.000E+00, 2.000E+02, 3.747E-03, 1.123E+00
21/04/2019,23:00,9,3.181,3.681,6.964,.652,.348, 1.018E+03, 1.076E+02, 0.000E+00, 3.469E-16, 0.000E+00, 0.000E+00, 0.000E+00, 0.000E+00,-3.229E+01, 1.125E+01, 4.563E+00, 6.525E-01, 2.635E-01,-9.990E+02, 1.000E+00,-9.990E+02, 0.000E+00, 0.000E+00, 0.000E+00, 1.000E+00, 0.000E+00, 0.000E+00, 0.000E+00, 0.000E+00, 6.570E+01, 2.594E+01, 5.000E-03, 0.000E+00, 2.000E+02, 3.730E-03, 1.162E+00
22/04/2019,00:00,9,3.192,3.692,7.052,.646,.357, 1.018E+03, 1.062E+02, 3.498E-06, 3.469E-16, 0.000E+00, 0.000E+00, 0.000E+00, 0.000E+00,-4.156E+01, 1.204E+01, 4.489E+00, 6.203E-01, 2.558E-01,-9.990E+02, 1.000E+00,-9.990E+02, 0.000E+00, 0.000E+00, 0.000E+00, 1.000E+00, 0.000E+00, 0.000E+00, 0.000E+00, 0.000E+00, 6.862E+01, 2.672E+01, 5.000E-03, 0.000E+00, 2.000E+02, 3.701E-03, 1.212E+00
22/04/2019,01:00,9,3.192,3.692,6.978,.643,.358, 1.018E+03, 1.029E+02, 3.498E-06, 3.469E-16, 0.000E+00, 0.000E+00, 0.000E+00, 0.000E+00,-4.156E+01, 1.204E+01, 4.365E+00, 6.202E-01, 2.487E-01,-9.990E+02, 1.000E+00,-9.990E+02, 0.000E+00, 0.000E+00, 0.000E+00, 1.000E+00, 0.000E+00, 0.000E+00, 0.000E+00, 0.000E+00, 7.057E+01, 2.748E+01, 5.000E-03, 0.000E+00, 2.000E+02, 3.673E-03, 1.238E+00
22/04/2019,02:00,9,3.192,3.692,6.903,.639,.359, 1.018E+03, 9.809E+01, 3.498E-06, 3.469E-16, 0.000E+00, 0.000E+00, 0.000E+00, 0.000E+00,-4.156E+01, 1.204E+01, 4.244E+00, 6.201E-01, 2.418E-01,-9.990E+02, 1.000E+00,-9.990E+02, 0.000E+00, 0.000E+00, 0.000E+00, 1.000E+00, 0.000E+00, 0.000E+00, 0.000E+00, 0.000E+00, 7.259E+01, 2.827E+01, 5.000E-03, 0.000E+00, 2.000E+02, 3.646E-03, 1.284E+00
22/04/2019,03:00,9,3.192,3.692,6.828,.636,.361, 1.018E+03, 9.204E+01, 2.273E-02, 3.469E-16, 0.000E+00, 0.000E+00, 0.000E+00, 0.000E+00,-6.835E+00, 2.689E+01, 4.124E+00, 5.702E-01, 2.428E-01,-9.990E+02, 1.000E+00,-9.990E+02, 0.000E+00, 0.000E+00, 0.000E+00, 1.000E+00, 0.000E+00, 0.000E+00, 0.000E+00, 0.000E+00, 6.998E+01, 2.816E+01, 5.000E-03, 0.000E+00, 2.000E+02, 3.653E-03, 1.376E+00
22/04/2019,04:00,9,3.192,3.692,7.321,.638,.372, 1.018E+03, 8.515E+01, 2.273E-02, 3.469E-16, 5.593E+00, 2.001E+01, 3.985E+01, 6.766E+00,-6.835E+00, 2.689E+01, 4.019E+00, 5.707E-01, 2.366E-01, 5.296E-02, 1.000E+00, 2.727E-01, 8.058E-01, 1.000E-02, 1.000E+00, 1.000E+00, 2.727E-03, 1.717E-05, 5.074E-05, 0.000E+00, 7.181E+01, 2.889E+01, 5.000E-03, 7.517E-05, 1.970E+02, 3.666E-03, 1.479E+00
22/04/2019,05:00,9,3.192,3.692,7.815,.639,.383, 1.019E+03, 7.778E+01, 2.273E-02, 3.469E-16, 5.249E+01, 4.613E+01, 1.413E+02, 1.727E+01,-6.835E+00, 2.689E+01, 3.913E+00, 5.711E-01, 2.304E-01, 1.325E-01, 1.000E+00, 5.733E-01, 9.970E-01, 1.000E-02, 1.000E+00, 1.000E+00, 5.733E-03, 3.616E-05, 6.288E-05, 0.000E+00, 7.374E+01, 2.967E+01, 5.000E-03, 1.583E-04, 1.939E+02, 3.682E-03, 1.665E+00
22/04/2019,06:00,9,3.192,3.692,8.309,.640,.395, 1.019E+03, 7.031E+01, 0.000E+00, 3.469E-16, 1.164E+02, 6.518E+01, 1.984E+02, 2.567E+01, 1.404E+02, 8.223E+01, 3.808E+00, 6.756E-01, 2.395E-01, 2.093E-01, 1.000E+00, 7.248E-01, 9.997E-01, 1.000E-02, 1.000E+00, 1.000E+00, 7.248E-03, 4.580E-05, 6.317E-05, 0.000E+00, 6.304E+01, 2.854E+01, 5.000E-03, 2.005E-04, 1.923E+02, 3.760E-03, 1.879E+00
22/04/2019,07:00,9,3.192,3.692,9.827,.597,.490, 1.019E+03, 6.312E+01, 0.000E+00, 3.469E-16, 1.797E+02, 7.600E+01, 2.296E+02, 3.088E+01, 1.404E+02, 8.223E+01, 3.851E+00, 6.774E-01, 2.421E-01, 2.750E-01, 1.000E+00, 7.964E-01, 9.999E-01, 1.000E-02, 1.000E+00, 1.000E+00, 7.964E-03, 5.059E-05, 6.352E-05, 0.000E+00, 6.240E+01, 2.823E+01, 5.000E-03, 2.215E-04, 1.915E+02, 3.782E-03, 2.115E+00
22/04/2019,08:00,9,3.192,3.692,11.345,.555,.600, 1.019E+03, 5.669E+01, 0.000E+00, 3.469E-16, 2.348E+02, 8.023E+01, 2.471E+02, 3.341E+01, 1.404E+02, 8.223E+01, 3.894E+00, 6.791E-01, 2.447E-01, 3.253E-01, 1.000E+00, 8.292E-01, 1.000E+00, 1.000E-02, 1.000E+00, 1.000E+00, 8.292E-03, 5.296E-05, 6.386E-05, 0.000E+00, 6.178E+01, 2.793E+01, 5.000E-03, 2.318E-04, 1.911E+02, 3.799E-03, 2.276E+00
22/04/2019,09:00,9,3.192,3.692,12.863,.512,.728, 1.020E+03, 5.157E+01, 3.498E-06, 3.469E-16, 2.700E+02, 7.859E+01, 2.506E+02, 3.339E+01, 2.166E+02, 1.293E+02, 3.936E+00, 7.143E-01, 2.505E-01, 3.596E-01, 1.000E+00, 8.378E-01, 1.000E+00, 1.195E-01, 1.000E+00, 1.000E+00, 1.001E-01, 6.430E-04, 7.674E-04, 0.000E+00, 5.903E+01, 2.729E+01, 5.000E-03, 2.814E-03, 1.280E+02, 5.047E-03, 2.404E+00
22/04/2019,10:00,9,3.192,3.692,14.016,.484,.829, 1.019E+03, 4.837E+01, 3.498E-06, 3.469E-16, 2.942E+02, 7.756E+01, 2.548E+02, 3.341E+01, 2.166E+02, 1.293E+02, 3.945E+00, 7.158E-01, 2.510E-01, 3.786E-01, 1.000E+00, 8.427E-01, 1.000E+00, 2.673E-01, 1.000E+00, 1.000E+00, 2.252E-01, 1.452E-03, 1.723E-03, 0.000E+00, 5.894E+01, 2.724E+01, 5.000E-03, 6.356E-03, 8.806E+01, 6.326E-03, 2.702E+00
22/04/2019,11:00,9,3.192,3.692,15.169,.457,.942, 1.019E+03, 4.758E+01, 3.498E-06, 3.469E-16, 3.000E+02, 7.719E+01, 2.557E+02, 3.337E+01, 2.166E+02, 1.293E+02, 3.954E+00, 7.173E-01, 2.515E-01, 3.830E-01, 1.000E+00, 8.436E-01, 1.000E+00, 4.014E-01, 1.000E+00, 1.000E+00, 3.386E-01, 2.192E-03, 2.598E-03, 0.000E+00, 5.885E+01, 2.718E+01, 5.000E-03, 9.594E-03, 6.852E+01, 7.225E-03, 2.738E+00
22/04/2019,12:00,9,3.192,3.692,16.321,.430,1.066, 1.019E+03, 4.933E+01, 3.498E-06, 3.469E-16, 2.906E+02, 7.891E+01, 2.568E+02, 3.385E+01, 8.698E+01, 1.383E+02, 3.964E+00, 7.068E-01, 2.441E-01, 3.730E-01, 1.000E+00, 8.442E-01, 1.000E+00, 5.220E-01, 1.000E+00, 1.000E+00, 4.407E-01, 2.864E-03, 3.392E-03, 0.000E+00, 6.433E+01, 2.800E+01, 5.000E-03, 1.254E-02, 5.703E+01, 7.707E-03, 2.608E+00
22/04/2019,13:00,9,3.192,3.692,16.465,.418,1.098, 1.019E+03, 5.334E+01, 3.498E-06, 3.469E-16, 2.594E+02, 7.975E+01, 2.509E+02, 3.365E+01, 8.698E+01, 1.383E+02, 4.079E+00, 7.069E-01, 2.512E-01, 3.483E-01, 1.000E+00, 8.367E-01, 1.000E+00, 5.362E-01, 1.000E+00, 1.000E+00, 4.486E-01, 2.917E-03, 3.486E-03, 0.000E+00, 6.252E+01, 2.721E+01, 5.000E-03, 1.277E-02, 5.628E+01, 7.876E-03, 2.385E+00
22/04/2019,14:00,9,3.192,3.692,16.609,.407,1.130, 1.019E+03, 5.902E+01, 3.498E-06, 3.469E-16, 2.127E+02, 7.836E+01, 2.390E+02, 3.235E+01, 8.698E+01, 1.383E+02, 4.227E+00, 7.071E-01, 2.603E-01, 3.080E-01, 1.000E+00, 8.170E-01, 9.999E-01, 5.501E-01, 1.000E+00, 1.000E+00, 4.494E-01, 2.923E-03, 3.578E-03, 0.000E+00, 6.034E+01, 2.626E+01, 5.000E-03, 1.280E-02, 5.619E+01, 8.038E-03, 2.185E+00
22/04/2019,15:00,9,3.192,3.692,16.753,.395,1.163, 1.019E+03, 6.579E+01, 3.498E-06, 3.469E-16, 1.563E+02, 7.278E+01, 2.198E+02, 2.926E+01,-2.891E+01, 6.696E+01, 4.404E+00, 6.396E-01, 2.547E-01, 2.517E-01, 1.000E+00, 7.754E-01, 9.999E-01, 5.638E-01, 1.000E+00, 1.000E+00, 4.371E-01, 2.845E-03, 3.668E-03, 0.000E+00, 6.788E+01, 2.684E+01, 5.000E-03, 1.245E-02, 5.730E+01, 7.829E-03, 2.144E+00
22/04/2019,16:00,9,3.192,3.692,15.075,.450,.949, 1.019E+03, 7.312E+01, 3.498E-06, 3.469E-16, 9.180E+01, 5.904E+01, 1.809E+02, 2.289E+01,-2.891E+01, 6.696E+01, 4.425E+00, 6.377E-01, 2.559E-01, 1.812E-01, 1.000E+00, 6.805E-01, 9.994E-01, 3.911E-01, 1.000E+00, 1.000E+00, 2.661E-01, 1.722E-03, 2.529E-03, 0.000E+00, 6.759E+01, 2.671E+01, 5.000E-03, 7.537E-03, 7.976E+01, 6.672E-03, 1.847E+00
22/04/2019,17:00,9,3.192,3.692,13.397,.504,.766, 1.020E+03, 8.057E+01, 3.498E-06, 3.469E-16, 3.154E+01, 3.725E+01, 1.098E+02, 1.354E+01,-2.891E+01, 6.696E+01, 4.447E+00, 6.357E-01, 2.571E-01, 1.026E-01, 1.000E+00, 4.846E-01, 9.891E-01, 1.897E-01, 1.000E+00, 1.000E+00, 9.191E-02, 5.913E-04, 1.207E-03, 0.000E+00, 6.728E+01, 2.659E+01, 5.000E-03, 2.588E-03, 1.318E+02, 4.961E-03, 1.564E+00
22/04/2019,18:00,9,3.192,3.692,11.719,.558,.610, 1.020E+03, 8.777E+01, 1.471E-04, 3.469E-16, 1.961E-01, 9.348E+00, 5.556E+00, 3.040E+00,-6.451E+01, 1.167E+01, 4.470E+00, 5.748E-01, 2.453E-01, 2.441E-02, 1.000E+00, 1.196E-01, 2.043E-01, 1.000E-02, 1.000E+00, 1.000E+00, 1.196E-03, 7.652E-06, 1.306E-05, 0.000E+00, 7.431E+01, 2.787E+01, 5.000E-03, 3.349E-05, 1.987E+02, 3.674E-03, 1.459E+00
22/04/2019,19:00,9,3.192,3.692,10.646,.608,.504, 1.020E+03, 9.434E+01, 1.471E-04, 3.469E-16, 0.000E+00, 0.000E+00, 0.000E+00, 0.000E+00,-6.451E+01, 1.167E+01, 4.416E+00, 5.736E-01, 2.422E-01,-9.990E+02, 1.000E+00,-9.990E+02, 0.000E+00, 0.000E+00, 0.000E+00, 1.000E+00, 0.000E+00, 0.000E+00, 0.000E+00, 0.000E+00, 7.529E+01, 2.822E+01, 5.000E-03, 0.000E+00, 2.000E+02, 3.644E-03, 1.276E+00
22/04/2019,20:00,9,3.192,3.692,9.572,.658,.409, 1.021E+03, 9.992E+01, 1.471E-04, 3.469E-16, 0.000E+00, 0.000E+00, 0.000E+00, 0.000E+00,-6.451E+01, 1.167E+01, 4.386E+00, 5.725E-01, 2.404E-01,-9.990E+02, 1.000E+00,-9.990E+02, 0.000E+00, 0.000E+00, 0.000E+00, 1.000E+00, 0.000E+00, 0.000E+00, 0.000E+00, 0.000E+00, 7.587E+01, 2.843E+01, 5.000E-03, 0.000E+00, 2.000E+02, 3.637E-03, 1.304E+00
22/04/2019,21:00,9,3.192,3.692,8.499,.708,.325, 1.021E+03, 1.041E+02, 3.498E-06, 3.469E-16, 0.000E+00, 0.000E+00, 0.000E+00, 0.000E+00,-5.502E+01, 7.157E+00, 4.381E+00, 4.907E-01, 2.338E-01,-9.990E+02, 1.000E+00,-9.990E+02, 0.000E+00, 0.000E+00, 0.000E+00, 1.000E+00, 0.000E+00, 0.000E+00, 0.000E+00, 0.000E+00, 8.016E+01, 2.924E+01, 5.000E-03, 0.000E+00, 2.000E+02, 3.606E-03, 1.366E+00
22/04/2019,22:00,9,3.192,3.692,7.925,.723,.296, 1.021E+03, 1.066E+02, 3.498E-06, 3.469E-16, 0.000E+00, 0.000E+00, 0.000E+00, 0.000E+00,-5.502E+01, 7.157E+00, 4.150E+00, 4.901E-01, 2.214E-01,-9.990E+02, 1.000E+00,-9.990E+02, 0.000E+00, 0.000E+00, 0.000E+00, 1.000E+00, 0.000E+00, 0.000E+00, 0.000E+00, 0.000E+00, 8.468E+01, 3.088E+01, 5.000E-03, 0.000E+00, 2.000E+02, 3.551E-03, 1.426E+00
22/04/2019,23:00,9,3.192,3.692,7.352,.739,.268, 1.021E+03, 1.072E+02, 3.498E-06, 3.469E-16, 0.000E+00, 0.000E+00, 0.000E+00, 0.000E+00,-5.502E+01, 7.157E+00, 3.919E+00, 4.896E-01, 2.090E-01,-9.990E+02, 1.000E+00,-9.990E+02, 0.000E+00, 0.000E+00, 0.000E+00, 1.000E+00, 0.000E+00, 0.000E+00, 0.000E+00, 0.000E+00, 8.974E+01, 3.271E+01, 5.000E-03, 0.000E+00, 2.000E+02, 3.490E-03, 1.530E+00
23/04/2019,00:00,9,3.203,3.703,6.779,.755,.242, 1.022E+03, 1.058E+02, 0.000E+00, 3.469E-16, 0.000E+00, 0.000E+00, 0.000E+00, 0.000E+00,-5.079E+01, 5.424E+00, 3.688E+00, 4.074E-01, 1.853E-01,-9.990E+02, 1.000E+00,-9.990E+02, 0.000E+00, 0.000E+00, 0.000E+00, 1.000E+00, 0.000E+00, 0.000E+00, 0.000E+00, 0.000E+00, 1.074E+02, 3.689E+01, 5.000E-03, 0.000E+00, 2.000E+02, 3.354E-03, 1.667E+00
23/04/2019,01:00,9,3.203,3.703,6.261,.778,.212, 1.022E+03, 1.026E+02, 0.000E+00, 2.543E-04, 0.000E+00, 0.000E+00, 0.000E+00, 0.000E+00,-5.079E+01, 5.424E+00, 3.636E+00, 4.070E-01, 1.826E-01,-9.990E+02, 1.000E+00,-9.990E+02, 0.000E+00, 0.000E+00, 0.000E+00, 1.000E+00, 0.000E+00, 0.000E+00, 0.000E+00, 0.000E+00, 1.090E+02, 3.743E+01, 5.158E-03, 0.000E+00, 1.939E+02, 3.408E-03, 1.829E+00
23/04/2019,02:00,9,3.203,3.703,5.743,.801,.183, 1.022E+03, 9.776E+01, 0.000E+00, 5.087E-04, 0.000E+00, 0.000E+00, 0.000E+00, 0.000E+00,-5.079E+01, 5.424E+00, 3.585E+00, 4.066E-01, 1.799E-01,-9.990E+02, 1.000E+00,-9.990E+02, 0.000E+00, 0.000E+00, 0.000E+00, 1.000E+00, 0.000E+00, 0.000E+00, 0.000E+00, 0.000E+00, 1.107E+02, 3.799E+01, 5.316E-03, 0.000E+00, 1.881E+02, 3.458E-03, 1.938E+00
23/04/2019,03:00,9,3.203,3.703,5.225,.824,.156, 1.022E+03, 9.172E+01, 0.000E+00, 7.630E-04, 0.000E+00, 0.000E+00, 0.000E+00, 0.000E+00, 1.478E+00, 1.653E+01, 3.533E+00, 4.429E-01, 2.105E-01,-9.990E+02, 1.000E+00,-9.990E+02, 0.000E+00, 0.000E+00, 0.000E+00, 1.000E+00, 0.000E+00, 0.000E+00, 0.000E+00, 0.000E+00, 7.947E+01, 3.247E+01, 5.474E-03, 0.000E+00, 1.827E+02, 3.736E-03, 2.042E+00
23/04/2019,04:00,9,3.203,3.703,6.555,.797,.198, 1.023E+03, 8.484E+01, 0.000E+00, 7.630E-04, 6.768E+00, 2.134E+01, 4.486E+01, 7.237E+00, 1.478E+00, 1.653E+01, 3.356E+00, 4.439E-01, 2.000E-01, 5.618E-02, 1.000E+00, 2.903E-01, 8.420E-01, 1.000E-02, 1.000E+00, 1.000E+00, 2.903E-03, 1.823E-05, 5.287E-05, 0.000E+00, 8.366E+01, 3.418E+01, 5.474E-03, 8.005E-05, 1.801E+02, 3.710E-03, 2.040E+00
23/04/2019,05:00,9,3.203,3.703,7.885,.769,.246, 1.023E+03, 7.747E+01, 0.000E+00, 7.630E-04, 5.499E+01, 4.728E+01, 1.445E+02, 1.770E+01, 1.478E+00, 1.653E+01, 3.180E+00, 4.449E-01, 1.895E-01, 1.354E-01, 1.000E+00, 5.821E-01, 9.974E-01, 1.000E-02, 1.000E+00, 1.000E+00, 5.821E-03, 3.672E-05, 6.292E-05, 0.000E+00, 8.831E+01, 3.608E+01, 5.474E-03, 1.613E-04, 1.775E+02, 3.678E-03, 2.104E+00
23/04/2019,06:00,9,3.203,3.703,9.215,.742,.301, 1.023E+03, 7.000E+01, 0.000E+00, 7.630E-04, 1.189E+02, 6.583E+01, 1.996E+02, 2.589E+01, 1.539E+02, 8.357E+01, 3.003E+00, 5.874E-01, 1.934E-01, 2.116E-01, 1.000E+00, 7.281E-01, 9.997E-01, 1.000E-02, 1.000E+00, 1.000E+00, 7.281E-03, 4.615E-05, 6.337E-05, 0.000E+00, 7.483E+01, 3.534E+01, 5.474E-03, 2.027E-04, 1.762E+02, 3.751E-03, 2.238E+00
23/04/2019,07:00,9,3.203,3.703,11.337,.670,.444, 1.023E+03, 6.281E+01, 0.000E+00, 5.087E-04, 1.822E+02, 7.638E+01, 2.303E+02, 3.098E+01, 1.539E+02, 8.357E+01, 3.123E+00, 5.896E-01, 2.010E-01, 2.768E-01, 1.000E+00, 7.978E-01, 9.999E-01, 1.000E-02, 1.000E+00, 1.000E+00, 7.978E-03, 5.095E-05, 6.386E-05, 0.000E+00, 7.208E+01, 3.401E+01, 5.316E-03, 2.238E-04, 1.805E+02, 3.737E-03, 2.385E+00
23/04/2019,08:00,9,3.203,3.703,13.460,.599,.622, 1.023E+03, 5.637E+01, 0.000E+00, 2.543E-04, 2.372E+02, 8.038E+01, 2.475E+02, 3.342E+01, 1.539E+02, 8.357E+01, 3.244E+00, 5.918E-01, 2.086E-01, 3.267E-01, 1.000E+00, 8.297E-01, 1.000E+00, 1.977E-01, 1.000E+00, 1.000E+00, 1.641E-01, 1.056E-03, 1.272E-03, 0.000E+00, 6.951E+01, 3.276E+01, 5.158E-03, 4.636E-03, 1.021E+02, 5.377E-03, 2.920E+00
23/04/2019,09:00,9,3.203,3.703,15.583,.527,.842, 1.023E+03, 5.124E+01, 0.000E+00, 3.469E-16, 2.787E+02, 8.046E+01, 2.567E+02, 3.414E+01, 2.144E+02, 1.579E+02, 3.365E+00, 7.763E-01, 2.117E-01, 3.607E-01, 1.000E+00, 8.430E-01, 1.000E+00, 4.464E-01, 1.000E+00, 1.000E+00, 3.763E-01, 2.439E-03, 2.893E-03, 0.000E+00, 7.133E+01, 3.230E+01, 5.000E-03, 1.071E-02, 6.364E+01, 6.803E-03, 3.161E+00
23/04/2019,10:00,9,3.203,3.703,16.489,.467,1.008, 1.023E+03, 4.804E+01, 0.000E+00, 3.469E-16, 3.034E+02, 7.932E+01, 2.610E+02, 3.413E+01, 2.144E+02, 1.579E+02, 3.917E+00, 7.777E-01, 2.464E-01, 3.795E-01, 1.000E+00, 8.475E-01, 1.000E+00, 5.385E-01, 1.000E+00, 1.000E+00, 4.564E-01, 2.967E-03, 3.501E-03, 0.000E+00, 6.130E+01, 2.774E+01, 5.000E-03, 1.303E-02, 5.545E+01, 7.870E-03, 3.097E+00
23/04/2019,11:00,9,3.203,3.703,17.395,.406,1.190, 1.022E+03, 4.725E+01, 0.000E+00, 3.469E-16, 3.093E+02, 7.892E+01, 2.619E+02, 3.407E+01, 2.144E+02, 1.579E+02, 4.472E+00, 7.790E-01, 2.812E-01, 3.838E-01, 1.000E+00, 8.483E-01, 1.000E+00, 6.222E-01, 1.000E+00, 1.000E+00, 5.278E-01, 3.443E-03, 4.058E-03, 0.000E+00, 5.373E+01, 2.431E+01, 5.000E-03, 1.512E-02, 4.970E+01, 8.893E-03, 3.034E+00
23/04/2019,12:00,9,3.203,3.703,18.301,.345,1.390, 1.022E+03, 4.902E+01, 0.000E+00, 3.469E-16, 2.960E+02, 7.974E+01, 2.599E+02, 3.416E+01, 1.190E+02, 1.639E+02, 5.028E+00, 8.040E-01, 3.090E-01, 3.739E-01, 1.000E+00, 8.464E-01, 1.000E+00, 6.976E-01, 9.476E-01, 1.000E+00, 5.595E-01, 3.661E-03, 4.325E-03, 0.000E+00, 5.102E+01, 2.212E+01, 5.000E-03, 1.608E-02, 4.744E+01, 9.530E-03, 3.389E+00
23/04/2019,13:00,9,3.203,3.703,18.032,.335,1.389, 1.022E+03, 5.304E+01, 0.000E+00, 2.543E-04, 2.645E+02, 8.069E+01, 2.539E+02, 3.400E+01, 1.190E+02, 1.639E+02, 5.011E+00, 8.037E-01, 3.080E-01, 3.493E-01, 1.000E+00, 8.392E-01, 1.000E+00, 6.761E-01, 9.483E-01, 1.000E+00, 5.380E-01, 3.517E-03, 4.191E-03, 0.000E+00, 5.119E+01, 2.220E+01, 5.158E-03, 1.545E-02, 4.853E+01, 9.415E-03, 4.066E+00
23/04/2019,14:00,9,3.203,3.703,17.763,.324,1.387, 1.022E+03, 5.874E+01, 0.000E+00, 5.087E-04, 2.173E+02, 7.943E+01, 2.421E+02, 3.274E+01, 1.190E+02, 1.639E+02, 5.011E+00, 8.035E-01, 3.080E-01, 3.092E-01, 1.000E+00, 8.203E-01, 1.000E+00, 6.538E-01, 9.492E-01, 1.000E+00, 5.091E-01, 3.324E-03, 4.053E-03, 0.000E+00, 5.118E+01, 2.220E+01, 5.316E-03, 1.460E-02, 5.021E+01, 9.269E-03, 4.161E+00
23/04/2019,15:00,9,3.203,3.703,17.494,.313,1.385, 1.021E+03, 6.552E+01, 0.000E+00, 7.630E-04, 1.585E+02, 7.318E+01, 2.206E+02, 2.937E+01,-4.876E+01, 8.516E+01, 5.028E+00, 6.270E-01, 2.850E-01, 2.533E-01, 1.000E+00, 7.769E-01, 9.999E-01, 6.308E-01, 9.503E-01, 1.000E+00, 4.657E-01, 3.039E-03, 3.911E-03, 0.000E+00, 6.192E+01, 2.399E+01, 5.474E-03, 1.335E-02, 5.314E+01, 8.605E-03, 3.710E+00
23/04/2019,16:00,9,3.203,3.703,15.836,.344,1.188, 1.022E+03, 7.285E+01, 0.000E+00, 5.087E-04, 9.394E+01, 5.968E+01, 1.824E+02, 2.311E+01,-4.876E+01, 8.516E+01, 4.722E+00, 6.251E-01, 2.675E-01, 1.833E-01, 1.000E+00, 6.842E-01, 9.994E-01, 4.729E-01, 1.000E+00, 1.000E+00, 3.235E-01, 2.099E-03, 3.066E-03, 0.000E+00, 6.599E+01, 2.555E+01, 5.316E-03, 9.218E-03, 6.880E+01, 7.353E-03, 2.978E+00
23/04/2019,17:00,9,3.203,3.703,14.177,.376,1.015, 1.022E+03, 8.031E+01, 0.000E+00, 2.543E-04, 3.335E+01, 3.816E+01, 1.129E+02, 1.387E+01,-4.876E+01, 8.516E+01, 4.416E+00, 6.233E-01, 2.501E-01, 1.051E-01, 1.000E+00, 4.932E-01, 9.904E-01, 2.868E-01, 1.000E+00, 1.000E+00, 1.415E-01, 9.126E-04, 1.832E-03, 0.000E+00, 7.062E+01, 2.733E+01, 5.158E-03, 4.008E-03, 1.091E+02, 5.526E-03, 1.996E+00
23/04/2019,18:00,9,3.203,3.703,12.519,.407,.864, 1.022E+03, 8.750E+01, 0.000E+00, 3.469E-16, 3.647E-01, 1.047E+01, 7.580E+00, 3.405E+00,-6.912E+01, 1.400E+01, 4.111E+00, 3.418E-01, 1.720E-01, 2.727E-02, 1.000E+00, 1.344E-01, 2.679E-01, 7.275E-02, 1.000E+00, 1.000E+00, 9.778E-03, 6.270E-05, 1.250E-04, 0.000E+00, 1.390E+02, 3.974E+01, 5.000E-03, 2.754E-04, 1.896E+02, 3.362E-03, 1.859E+00
23/04/2019,19:00,9,3.203,3.703,11.000,.480,.685, 1.022E+03, 9.406E+01, 0.000E+00, 3.469E-16, 0.000E+00, 0.000E+00, 0.000E+00, 0.000E+00,-6.912E+01, 1.400E+01, 3.808E+00, 3.409E-01, 1.589E-01,-9.990E+02, 1.000E+00,-9.990E+02, 0.000E+00, 0.000E+00, 0.000E+00, 1.000E+00, 0.000E+00, 0.000E+00, 0.000E+00, 0.000E+00, 1.507E+02, 4.301E+01, 5.000E-03, 0.000E+00, 2.000E+02, 3.157E-03, 2.132E+00
23/04/2019,20:00,9,3.203,3.703,9.481,.552,.532, 1.022E+03, 9.962E+01, 0.000E+00, 3.469E-16, 0.000E+00, 0.000E+00, 0.000E+00, 0.000E+00,-6.912E+01, 1.400E+01, 3.519E+00, 3.399E-01, 1.465E-01,-9.990E+02, 1.000E+00,-9.990E+02, 0.000E+00, 0.000E+00, 0.000E+00, 1.000E+00, 0.000E+00, 0.000E+00, 0.000E+00, 0.000E+00, 1.639E+02, 4.665E+01, 5.000E-03, 0.000E+00, 2.000E+02, 3.061E-03, 2.283E+00
23/04/2019,21:00,9,3.203,3.703,7.962,.625,.402, 1.023E+03, 1.038E+02, 0.000E+00, 3.469E-16, 0.000E+00, 0.000E+00, 0.000E+00, 0.000E+00,-3.856E+01, 8.787E+00, 3.248E+00, 2.470E-01, 1.191E-01,-9.990E+02, 1.000E+00,-9.990E+02, 0.000E+00, 0.000E+00, 0.000E+00, 1.000E+00, 0.000E+00, 0.000E+00, 0.000E+00, 0.000E+00, 2.290E+02, 5.740E+01, 5.000E-03, 0.000E+00, 2.000E+02, 2.790E-03, 2.553E+00
23/04/2019,22:00,9,3.203,3.703,7.224,.630,.377, 1.022E+03, 1.063E+02, 0.000E+00, 3.469E-16, 0.000E+00, 0.000E+00, 0.000E+00, 0.000E+00,-3.856E+01, 8.787E+00, 3.015E+00, 2.467E-01, 1.104E-01,-9.990E+02, 1.000E+00,-9.990E+02, 0.000E+00, 0.000E+00, 0.000E+00, 1.000E+00, 0.000E+00, 0.000E+00, 0.000E+00, 0.000E+00, 2.475E+02, 6.192E+01, 5.000E-03, 0.000E+00, 2.000E+02, 2.696E-03, 2.702E+00
23/04/2019,23:00,9,3.203,3.703,6.486,.635,.353, 1.022E+03, 1.069E+02, 0.000E+00, 3.469E-16, 0.000E+00, 0.000E+00, 0.000E+00, 0.000E+00,-3.856E+01, 8.787E+00, 2.904E+00, 2.464E-01, 1.061E-01,-9.990E+02, 1.000E+00,-9.990E+02, 0.000E+00, 0.000E+00, 0.000E+00, 1.000E+00, 0.000E+00, 0.000E+00, 0.000E+00, 0.000E+00, 2.578E+02, 6.440E+01, 5.000E-03, 0.000E+00, 2.000E+02, 2.647E-03, 2.799E+00
24/04/2019,00:00,9,3.213,3.713,5.748,.640,.331, 1.022E+03, 1.055E+02, 0.000E+00, 3.469E-16, 0.000E+00, 0.000E+00, 0.000E+00, 0.000E+00,-3.955E+01, 9.515E+00, 2.928E+00, 2.482E-01, 1.069E-01,-9.990E+02, 1.000E+00,-9.990E+02, 0.000E+00, 0.000E+00, 0.000E+00, 1.000E+00, 0.000E+00, 0.000E+00, 0.000E+00, 0.000E+00, 2.563E+02, 6.396E+01, 5.000E-03, 0.000E+00, 2.000E+02, 2.655E-03, 2.938E+00
24/04/2019,01:00,9,3.213,3.713,5.679,.629,.340, 1.022E+03, 1.023E+02, 0.000E+00, 2.543E-04, 0.000E+00, 0.000E+00, 0.000E+00, 0.000E+00,-3.955E+01, 9.515E+00, 3.098E+00, 2.482E-01, 1.131E-01,-9.990E+02, 1.000E+00,-9.990E+02, 0.000E+00, 0.000E+00, 0.000E+00, 1.000E+00, 0.000E+00, 0.000E+00, 0.000E+00, 0.000E+00, 2.422E+02, 6.044E+01, 5.158E-03, 0.000E+00, 1.939E+02, 2.772E-03, 2.852E+00
24/04/2019,02:00,9,3.213,3.713,5.609,.617,.349, 1.022E+03, 9.744E+01, 0.000E+00, 5.087E-04, 0.000E+00, 0.000E+00, 0.000E+00, 0.000E+00,-3.955E+01, 9.515E+00, 3.285E+00, 2.482E-01, 1.199E-01,-9.990E+02, 1.000E+00,-9.990E+02, 0.000E+00, 0.000E+00, 0.000E+00, 1.000E+00, 0.000E+00, 0.000E+00, 0.000E+00, 0.000E+00, 2.285E+02, 5.701E+01, 5.316E-03, 0.000E+00, 1.881E+02, 2.894E-03, 2.829E+00
24/04/2019,03:00,9,3.213,3.713,5.540,.606,.357, 1.021E+03, 9.141E+01, 0.000E+00, 7.630E-04, 0.000E+00, 0.000E+00, 0.000E+00, 0.000E+00,-1.199E+01, 2.789E+01, 3.484E+00, 3.401E-01, 1.927E-01,-9.990E+02, 1.000E+00,-9.990E+02, 0.000E+00, 0.000E+00, 0.000E+00, 1.000E+00, 0.000E+00, 0.000E+00, 0.000E+00, 0.000E+00, 9.385E+01, 3.548E+01, 5.474E-03, 0.000E+00, 1.827E+02, 3.621E-03, 2.783E+00
24/04/2019,04:00,9,3.213,3.713,7.061,.598,.405, 1.021E+03, 8.453E+01, 0.000E+00, 7.630E-04, 8.081E+00, 2.257E+01, 5.007E+01, 7.675E+00,-1.199E+01, 2.789E+01, 3.160E+00, 3.410E-01, 1.749E-01, 5.932E-02, 1.000E+00, 3.064E-01, 8.725E-01, 1.000E-02, 1.000E+00, 1.000E+00, 3.064E-03, 1.927E-05, 5.488E-05, 0.000E+00, 1.034E+02, 3.909E+01, 5.474E-03, 8.494E-05, 1.799E+02, 3.535E-03, 2.515E+00
24/04/2019,05:00,9,3.213,3.713,8.582,.590,.459, 1.021E+03, 7.717E+01, 0.000E+00, 7.630E-04, 5.754E+01, 4.819E+01, 1.476E+02, 1.805E+01,-1.199E+01, 2.789E+01, 2.836E+00, 3.420E-01, 1.570E-01, 1.381E-01, 1.000E+00, 5.894E-01, 9.977E-01, 1.000E-02, 1.000E+00, 1.000E+00, 5.894E-03, 3.728E-05, 6.310E-05, 0.000E+00, 1.150E+02, 4.353E+01, 5.474E-03, 1.643E-04, 1.774E+02, 3.424E-03, 2.665E+00
24/04/2019,06:00,9,3.213,3.713,10.103,.582,.518, 1.021E+03, 6.969E+01, 0.000E+00, 7.630E-04, 1.217E+02, 6.641E+01, 2.014E+02, 2.610E+01, 1.222E+02, 1.076E+02, 2.513E+00, 5.253E-01, 1.627E-01, 2.139E-01, 1.000E+00, 7.312E-01, 9.997E-01, 1.000E-02, 1.000E+00, 1.000E+00, 7.312E-03, 4.650E-05, 6.357E-05, 0.000E+00, 8.805E+01, 4.201E+01, 5.474E-03, 2.049E-04, 1.761E+02, 3.529E-03, 3.050E+00
24/04/2019,07:00,9,3.213,3.713,12.462,.519,.699, 1.021E+03, 6.250E+01, 0.000E+00, 7.630E-04, 1.851E+02, 7.665E+01, 2.314E+02, 3.107E+01, 1.222E+02, 1.076E+02, 2.858E+00, 5.276E-01, 1.850E-01, 2.786E-01, 1.000E+00, 7.990E-01, 9.999E-01, 6.495E-02, 1.000E+00, 1.000E+00, 5.189E-02, 3.327E-04, 4.164E-04, 0.000E+00, 7.755E+01, 3.695E+01, 5.474E-03, 1.466E-03, 1.441E+02, 4.193E-03, 3.645E+00
24/04/2019,08:00,9,3.213,3.713,14.821,.456,.923, 1.021E+03, 5.605E+01, 0.000E+00, 7.630E-04, 2.400E+02, 8.042E+01, 2.483E+02, 3.341E+01, 1.222E+02, 1.076E+02, 3.204E+00, 5.298E-01, 2.072E-01, 3.280E-01, 1.000E+00, 8.299E-01, 1.000E+00, 3.625E-01, 1.000E+00, 1.000E+00, 3.008E-01, 1.945E-03, 2.343E-03, 0.000E+00, 6.931E+01, 3.299E+01, 5.474E-03, 8.569E-03, 7.121E+01, 6.432E-03, 4.330E+00
24/04/2019,09:00,9,3.213,3.713,17.181,.392,1.201, 1.020E+03, 5.092E+01, 0.000E+00, 7.630E-04, 2.815E+02, 8.032E+01, 2.573E+02, 3.406E+01, 1.963E+02, 1.760E+02, 3.550E+00, 7.976E-01, 2.219E-01, 3.617E-01, 1.000E+00, 8.428E-01, 1.000E+00, 6.032E-01, 1.000E+00, 1.000E+00, 5.083E-01, 3.313E-03, 3.931E-03, 0.000E+00, 6.886E+01, 3.081E+01, 5.474E-03, 1.460E-02, 4.982E+01, 7.722E-03, 4.308E+00
24/04/2019,10:00,9,3.213,3.713,17.740,.359,1.313, 1.020E+03, 4.771E+01, 0.000E+00, 5.087E-04, 3.061E+02, 7.910E+01, 2.615E+02, 3.402E+01, 1.963E+02, 1.760E+02, 3.983E+00, 7.985E-01, 2.489E-01, 3.804E-01, 1.000E+00, 8.470E-01, 1.000E+00, 6.519E-01, 9.924E-01, 1.000E+00, 5.480E-01, 3.578E-03, 4.225E-03, 0.000E+00, 6.140E+01, 2.746E+01, 5.316E-03, 1.577E-02, 4.743E+01, 8.442E-03, 4.378E+00
24/04/2019,11:00,9,3.213,3.713,18.299,.325,1.432, 1.020E+03, 4.692E+01, 0.000E+00, 2.543E-04, 3.120E+02, 7.868E+01, 2.624E+02, 3.396E+01, 1.963E+02, 1.760E+02, 4.513E+00, 7.994E-01, 2.820E-01, 3.846E-01, 1.000E+00, 8.477E-01, 1.000E+00, 6.974E-01, 9.232E-01, 1.000E+00, 5.458E-01, 3.571E-03, 4.212E-03, 0.000E+00, 5.420E+01, 2.424E+01, 5.158E-03, 1.574E-02, 4.786E+01, 9.046E-03, 4.359E+00
24/04/2019,12:00,9,3.213,3.713,18.859,.292,1.558, 1.019E+03, 4.871E+01, 0.000E+00, 3.469E-16, 2.986E+02, 7.955E+01, 2.603E+02, 3.406E+01, 1.244E+02, 1.703E+02, 5.111E+00, 9.378E-01, 3.110E-01, 3.747E-01, 1.000E+00, 8.459E-01, 1.000E+00, 7.398E-01, 8.500E-01, 1.000E+00, 5.320E-01, 3.487E-03, 4.122E-03, 0.000E+00, 5.165E+01, 2.198E+01, 5.000E-03, 1.537E-02, 4.910E+01, 9.402E-03, 3.871E+00
24/04/2019,13:00,9,3.213,3.713,18.321,.292,1.506, 1.019E+03, 5.275E+01, 0.000E+00, 3.469E-16, 2.671E+02, 8.061E+01, 2.545E+02, 3.394E+01, 1.244E+02, 1.703E+02, 5.260E+00, 9.371E-01, 3.201E-01, 3.503E-01, 1.000E+00, 8.391E-01, 1.000E+00, 6.992E-01, 8.802E-01, 1.000E+00, 5.164E-01, 3.379E-03, 4.027E-03, 0.000E+00, 5.017E+01, 2.135E+01, 5.000E-03, 1.489E-02, 5.028E+01, 9.442E-03, 3.421E+00
24/04/2019,14:00,9,3.213,3.713,17.784,.292,1.455, 1.019E+03, 5.846E+01, 0.000E+00, 3.469E-16, 2.199E+02, 7.953E+01, 2.429E+02, 3.274E+01, 1.244E+02, 1.703E+02, 5.410E+00, 9.364E-01, 3.292E-01, 3.105E-01, 1.000E+00, 8.206E-01, 1.000E+00, 6.556E-01, 9.096E-01, 1.000E+00, 4.894E-01, 3.196E-03, 3.894E-03, 0.000E+00, 4.877E+01, 2.076E+01, 5.000E-03, 1.408E-02, 5.240E+01, 9.390E-03, 3.012E+00
24/04/2019,15:00,9,3.213,3.713,17.247,.291,1.406, 1.019E+03, 6.525E+01, 0.000E+00, 3.469E-16, 1.610E+02, 7.350E+01, 2.218E+02, 2.947E+01,-3.374E+01, 7.927E+01, 5.560E+00, 6.139E-01, 3.189E-01, 2.549E-01, 1.000E+00, 7.783E-01, 9.999E-01, 6.091E-01, 9.380E-01, 1.000E+00, 4.446E-01, 2.899E-03, 3.724E-03, 0.000E+00, 5.467E+01, 2.143E+01, 5.000E-03, 1.277E-02, 5.626E+01, 8.884E-03, 2.767E+00
24/04/2019,16:00,9,3.213,3.713,15.527,.358,1.140, 1.018E+03, 7.259E+01, 0.000E+00, 3.469E-16, 9.638E+01, 6.026E+01, 1.844E+02, 2.332E+01,-3.374E+01, 7.927E+01, 4.930E+00, 6.121E-01, 2.827E-01, 1.853E-01, 1.000E+00, 6.877E-01, 9.995E-01, 4.404E-01, 1.000E+00, 1.000E+00, 3.029E-01, 1.963E-03, 2.853E-03, 0.000E+00, 6.170E+01, 2.418E+01, 5.000E-03, 8.650E-03, 7.326E+01, 7.311E-03, 2.319E+00
24/04/2019,17:00,9,3.213,3.713,13.808,.425,.913, 1.018E+03, 8.005E+01, 0.000E+00, 3.469E-16, 3.536E+01, 3.904E+01, 1.165E+02, 1.421E+01,-3.374E+01, 7.927E+01, 4.438E+00, 6.103E-01, 2.544E-01, 1.076E-01, 1.000E+00, 5.016E-01, 9.917E-01, 2.416E-01, 1.000E+00, 1.000E+00, 1.212E-01, 7.807E-04, 1.544E-03, 0.000E+00, 6.858E+01, 2.687E+01, 5.000E-03, 3.440E-03, 1.185E+02, 5.289E-03, 2.204E+00
24/04/2019,18:00,9,3.213,3.713,12.089,.491,.721, 1.018E+03, 8.723E+01, 0.000E+00, 3.469E-16, 6.183E-01, 1.159E+01, 1.016E+01, 3.768E+00,-7.241E+01, 1.427E+01, 4.133E+00, 4.759E-01, 2.110E-01, 3.008E-02, 1.000E+00, 1.495E-01, 3.417E-01, 1.266E-02, 1.000E+00, 1.000E+00, 1.893E-03, 1.212E-05, 2.770E-05, 0.000E+00, 9.283E+01, 3.239E+01, 5.000E-03, 5.341E-05, 1.979E+02, 3.522E-03, 2.628E+00
24/04/2019,19:00,9,3.213,3.713,11.036,.525,.627, 1.018E+03, 9.378E+01, 0.000E+00, 3.469E-16, 0.000E+00, 0.000E+00, 0.000E+00, 0.000E+00,-7.241E+01, 1.427E+01, 4.068E+00, 4.751E-01, 2.075E-01,-9.990E+02, 1.000E+00,-9.990E+02, 0.000E+00, 0.000E+00, 0.000E+00, 1.000E+00, 0.000E+00, 0.000E+00, 0.000E+00, 0.000E+00, 9.447E+01, 3.294E+01, 5.000E-03, 0.000E+00, 2.000E+02, 3.478E-03, 3.095E+00
24/04/2019,20:00,9,3.213,3.713,9.983,.559,.543, 1.018E+03, 9.933E+01, 0.000E+00, 3.469E-16, 0.000E+00, 0.000E+00, 0.000E+00, 0.000E+00,-7.241E+01, 1.427E+01, 4.010E+00, 4.742E-01, 2.044E-01,-9.990E+02, 1.000E+00,-9.990E+02, 0.000E+00, 0.000E+00, 0.000E+00, 1.000E+00, 0.000E+00, 0.000E+00, 0.000E+00, 0.000E+00, 9.599E+01, 3.344E+01, 5.000E-03, 0.000E+00, 2.000E+02, 3.462E-03, 3.329E+00
24/04/2019,21:00,9,3.213,3.713,8.929,.592,.467, 1.018E+03, 1.035E+02, 0.000E+00, 3.469E-16, 0.000E+00, 0.000E+00, 0.000E+00, 0.000E+00,-6.345E+01, 1.089E+01, 3.960E+00, 4.305E-01, 1.971E-01,-9.990E+02, 1.000E+00,-9.990E+02, 0.000E+00, 0.000E+00, 0.000E+00, 1.000E+00, 0.000E+00, 0.000E+00, 0.000E+00, 0.000E+00, 1.020E+02, 3.469E+01, 5.000E-03, 0.000E+00, 2.000E+02, 3.421E-03, 3.361E+00
24/04/2019,22:00,9,3.213,3.713,8.517,.615,.428, 1.018E+03, 1.060E+02, 0.000E+00, 3.469E-16, 0.000E+00, 0.000E+00, 0.000E+00, 0.000E+00,-6.345E+01, 1.089E+01, 3.850E+00, 4.302E-01, 1.915E-01,-9.990E+02, 1.000E+00,-9.990E+02, 0.000E+00, 0.000E+00, 0.000E+00, 1.000E+00, 0.000E+00, 0.000E+00, 0.000E+00, 0.000E+00, 1.050E+02, 3.569E+01, 5.000E-03, 0.000E+00, 2.000E+02, 3.390E-03, 3.099E+00
24/04/2019,23:00,9,3.213,3.713,8.104,.638,.392, 1.018E+03, 1.066E+02, 0.000E+00, 3.469E-16, 0.000E+00, 0.000E+00, 0.000E+00, 0.000E+00,-6.345E+01, 1.089E+01, 3.741E+00, 4.300E-01, 1.860E-01,-9.990E+02, 1.000E+00,-9.990E+02, 0.000E+00, 0.000E+00, 0.000E+00, 1.000E+00, 0.000E+00, 0.000E+00, 0.000E+00, 0.000E+00, 1.081E+02, 3.675E+01, 5.000E-03, 0.000E+00, 2.000E+02, 3.357E-03, 2.704E+00
25/04/2019,00:00,9,3.224,3.724,7.691,.661,.357, 1.017E+03, 1.052E+02, 0.000E+00, 3.469E-16, 0.000E+00, 0.000E+00, 0.000E+00, 0.000E+00,-5.694E+01, 9.080E+00, 3.631E+00, 3.403E-01, 1.595E-01,-9.990E+02, 1.000E+00,-9.990E+02, 0.000E+00, 0.000E+00, 0.000E+00, 1.000E+00, 0.000E+00, 0.000E+00, 0.000E+00, 0.000E+00, 1.427E+02, 4.285E+01, 5.000E-03, 0.000E+00, 2.000E+02, 3.168E-03, 2.434E+00
25/04/2019,01:00,9,3.224,3.724,7.321,.679,.329, 1.017E+03, 1.019E+02, 0.000E+00, 1.017E-03, 0.000E+00, 0.000E+00, 0.000E+00, 0.000E+00,-5.694E+01, 9.080E+00, 3.505E+00, 3.401E-01, 1.539E-01,-9.990E+02, 1.000E+00,-9.990E+02, 0.000E+00, 0.000E+00, 0.000E+00, 1.000E+00, 0.000E+00, 0.000E+00, 0.000E+00, 0.000E+00, 1.479E+02, 4.441E+01, 5.631E-03, 0.000E+00, 1.776E+02, 3.362E-03, 2.386E+00
25/04/2019,02:00,9,3.224,3.724,6.951,.697,.302, 1.017E+03, 9.712E+01, 0.000E+00, 2.035E-03, 0.000E+00, 0.000E+00, 0.000E+00, 0.000E+00,-5.694E+01, 9.080E+00, 3.380E+00, 3.400E-01, 1.484E-01,-9.990E+02, 1.000E+00,-9.990E+02, 0.000E+00, 0.000E+00, 0.000E+00, 1.000E+00, 0.000E+00, 0.000E+00, 0.000E+00, 0.000E+00, 1.536E+02, 4.607E+01, 6.263E-03, 0.000E+00, 1.597E+02, 3.521E-03, 2.376E+00
25/04/2019,03:00,9,3.224,3.724,6.581,.716,.277, 1.016E+03, 9.110E+01, 0.000E+00, 3.052E-03, 0.000E+00, 0.000E+00, 0.000E+00, 0.000E+00,-4.776E+00, 2.558E+01, 3.256E+00, 3.466E-01, 1.881E-01,-9.990E+02, 1.000E+00,-9.990E+02, 0.000E+00, 0.000E+00, 0.000E+00, 1.000E+00, 0.000E+00, 0.000E+00, 0.000E+00, 0.000E+00, 9.201E+01, 3.634E+01, 6.894E-03, 0.000E+00, 1.451E+02, 4.159E-03, 2.399E+00
25/04/2019,04:00,9,3.224,3.724,8.073,.678,.348, 1.016E+03, 8.423E+01, 0.000E+00, 2.798E-03, 9.537E+00, 2.376E+01, 5.552E+01, 8.108E+00,-4.776E+00, 2.558E+01, 2.971E+00, 3.475E-01, 1.717E-01, 6.240E-02, 1.000E+00, 3.219E-01, 8.981E-01, 1.000E-02, 1.000E+00, 1.000E+00, 3.219E-03, 2.032E-05, 5.670E-05, 0.000E+00, 1.008E+02, 3.981E+01, 6.736E-03, 8.986E-05, 1.465E+02, 3.984E-03, 2.571E+00
25/04/2019,05:00,9,3.224,3.724,9.564,.641,.430, 1.016E+03, 7.687E+01, 0.000E+00, 2.543E-03, 6.023E+01, 4.905E+01, 1.509E+02, 1.838E+01,-4.776E+00, 2.558E+01, 2.687E+00, 3.484E-01, 1.553E-01, 1.408E-01, 1.000E+00, 5.964E-01, 9.980E-01, 1.000E-02, 1.000E+00, 1.000E+00, 5.964E-03, 3.785E-05, 6.334E-05, 0.000E+00, 1.114E+02, 4.402E+01, 6.578E-03, 1.673E-04, 1.482E+02, 3.791E-03, 2.845E+00
25/04/2019,06:00,9,3.224,3.724,11.055,.603,.525, 1.016E+03, 6.939E+01, 0.000E+00, 2.289E-03, 1.247E+02, 6.693E+01, 2.034E+02, 2.629E+01, 1.316E+02, 1.041E+02, 2.403E+00, 5.009E-01, 1.576E-01, 2.161E-01, 1.000E+00, 7.341E-01, 9.998E-01, 1.000E-02, 1.000E+00, 1.000E+00, 7.341E-03, 4.684E-05, 6.379E-05, 0.000E+00, 8.886E+01, 4.336E+01, 6.421E-03, 2.071E-04, 1.509E+02, 3.831E-03, 3.047E+00
25/04/2019,07:00,9,3.224,3.724,13.238,.543,.698, 1.016E+03, 6.219E+01, 0.000E+00, 2.289E-03, 1.881E+02, 7.687E+01, 2.327E+02, 3.114E+01, 1.316E+02, 1.041E+02, 2.587E+00, 5.028E-01, 1.696E-01, 2.803E-01, 1.000E+00, 8.000E-01, 9.999E-01, 1.690E-01, 1.000E+00, 1.000E+00, 1.352E-01, 8.692E-04, 1.086E-03, 0.000E+00, 8.269E+01, 4.031E+01, 6.421E-03, 3.843E-03, 9.743E+01, 5.004E-03, 3.357E+00
25/04/2019,08:00,9,3.224,3.724,15.421,.484,.911, 1.016E+03, 5.574E+01, 0.000E+00, 2.289E-03, 2.430E+02, 8.040E+01, 2.492E+02, 3.339E+01, 1.316E+02, 1.041E+02, 2.774E+00, 5.048E-01, 1.817E-01, 3.293E-01, 1.000E+00, 8.301E-01, 1.000E+00, 4.290E-01, 1.000E+00, 1.000E+00, 3.561E-01, 2.307E-03, 2.779E-03, 0.000E+00, 7.728E+01, 3.762E+01, 6.421E-03, 1.020E-02, 6.017E+01, 6.420E-03, 3.449E+00
25/04/2019,09:00,9,3.224,3.724,17.604,.424,1.169, 1.016E+03, 5.059E+01, 0.000E+00, 2.289E-03, 2.844E+02, 8.015E+01, 2.580E+02, 3.397E+01, 2.105E+02, 1.662E+02, 2.962E+00, 7.416E-01, 1.873E-01, 3.627E-01, 1.000E+00, 8.424E-01, 1.000E+00, 6.403E-01, 1.000E+00, 1.000E+00, 5.394E-01, 3.521E-03, 4.179E-03, 0.000E+00, 7.982E+01, 3.649E+01, 6.421E-03, 1.557E-02, 4.548E+01, 7.169E-03, 3.428E+00
25/04/2019,10:00,9,3.224,3.724,17.981,.402,1.245, 1.016E+03, 4.738E+01, 0.000E+00, 2.035E-03, 3.089E+02, 7.884E+01, 2.620E+02, 3.389E+01, 2.105E+02, 1.662E+02, 3.542E+00, 7.421E-01, 2.240E-01, 3.812E-01, 1.000E+00, 8.465E-01, 1.000E+00, 6.719E-01, 1.000E+00, 1.000E+00, 5.688E-01, 3.717E-03, 4.391E-03, 0.000E+00, 6.676E+01, 3.052E+01, 6.263E-03, 1.644E-02, 4.406E+01, 8.152E-03, 3.542E+00
25/04/2019,11:00,9,3.224,3.724,18.358,.379,1.323, 1.016E+03, 4.660E+01, 0.000E+00, 1.780E-03, 3.147E+02, 7.841E+01, 2.628E+02, 3.383E+01, 2.105E+02, 1.662E+02, 4.150E+00, 7.426E-01, 2.624E-01, 3.854E-01, 1.000E+00, 8.471E-01, 1.000E+00, 7.021E-01, 9.865E-01, 1.000E+00, 5.867E-01, 3.840E-03, 4.532E-03, 0.000E+00, 5.700E+01, 2.605E+01, 6.105E-03, 1.698E-02, 4.333E+01, 9.055E-03, 3.971E+00
25/04/2019,12:00,9,3.224,3.724,18.736,.357,1.404, 1.016E+03, 4.840E+01, 0.000E+00, 1.526E-03, 3.011E+02, 7.930E+01, 2.607E+02, 3.394E+01, 1.532E+02, 1.468E+02, 4.775E+00, 8.214E-01, 2.951E-01, 3.755E-01, 1.000E+00, 8.454E-01, 1.000E+00, 7.308E-01, 9.392E-01, 1.000E+00, 5.802E-01, 3.802E-03, 4.497E-03, 0.000E+00, 5.287E+01, 2.316E+01, 5.947E-03, 1.681E-02, 4.394E+01, 9.611E-03, 3.526E+00
25/04/2019,13:00,9,3.224,3.724,18.008,.373,1.307, 1.015E+03, 5.246E+01, 0.000E+00, 1.017E-03, 2.696E+02, 8.048E+01, 2.551E+02, 3.386E+01, 1.532E+02, 1.468E+02, 4.720E+00, 8.205E-01, 2.917E-01, 3.512E-01, 1.000E+00, 8.388E-01, 1.000E+00, 6.741E-01, 9.962E-01, 1.000E+00, 5.633E-01, 3.682E-03, 4.389E-03, 0.000E+00, 5.346E+01, 2.343E+01, 5.631E-03, 1.628E-02, 4.564E+01, 9.395E-03, 3.338E+00
25/04/2019,14:00,9,3.224,3.724,17.281,.389,1.215, 1.015E+03, 5.819E+01, 0.000E+00, 5.087E-04, 2.224E+02, 7.957E+01, 2.437E+02, 3.273E+01, 1.532E+02, 1.468E+02, 4.679E+00, 8.195E-01, 2.892E-01, 3.116E-01, 1.000E+00, 8.208E-01, 1.000E+00, 6.121E-01, 1.000E+00, 1.000E+00, 5.025E-01, 3.276E-03, 3.991E-03, 0.000E+00, 5.392E+01, 2.363E+01, 5.316E-03, 1.448E-02, 5.051E+01, 8.942E-03, 3.220E+00
25/04/2019,15:00,9,3.224,3.724,16.554,.406,1.128, 1.015E+03, 6.499E+01, 0.000E+00, 3.469E-16, 1.636E+02, 7.379E+01, 2.231E+02, 2.956E+01,-5.504E+00, 6.191E+01, 4.651E+00, 5.564E-01, 2.741E-01, 2.565E-01, 1.000E+00, 7.796E-01, 9.999E-01, 5.447E-01, 1.000E+00, 1.000E+00, 4.246E-01, 2.762E-03, 3.542E-03, 0.000E+00, 6.191E+01, 2.494E+01, 5.000E-03, 1.221E-02, 5.811E+01, 8.101E-03, 2.939E+00
25/04/2019,16:00,9,3.224,3.724,14.976,.469,.909, 1.015E+03, 7.234E+01, 0.000E+00, 3.469E-16, 9.882E+01, 6.083E+01, 1.864E+02, 2.353E+01,-5.504E+00, 6.191E+01, 4.073E+00, 5.549E-01, 2.400E-01, 1.873E-01, 1.000E+00, 6.911E-01, 9.995E-01, 3.800E-01, 1.000E+00, 1.000E+00, 2.626E-01, 1.699E-03, 2.457E-03, 0.000E+00, 7.070E+01, 2.848E+01, 5.000E-03, 7.510E-03, 7.994E+01, 6.470E-03, 2.808E+00
25/04/2019,17:00,9,3.224,3.724,13.399,.533,.721, 1.015E+03, 7.979E+01, 0.000E+00, 3.469E-16, 3.738E+01, 3.990E+01, 1.200E+02, 1.453E+01,-5.504E+00, 6.191E+01, 3.557E+00, 5.533E-01, 2.096E-01, 1.100E-01, 1.000E+00, 5.096E-01, 9.928E-01, 1.898E-01, 1.000E+00, 1.000E+00, 9.675E-02, 6.224E-04, 1.212E-03, 0.000E+00, 8.097E+01, 3.261E+01, 5.000E-03, 2.752E-03, 1.290E+02, 4.663E-03, 2.830E+00
25/04/2019,18:00,9,3.224,3.724,11.821,.597,.561, 1.015E+03, 8.696E+01, 0.000E+00, 3.469E-16, 9.579E-01, 1.269E+01, 1.317E+01, 4.129E+00,-3.879E+01, 8.658E+00, 3.133E+00, 3.281E-01, 1.468E-01, 3.285E-02, 1.000E+00, 1.648E-01, 4.183E-01, 1.000E-02, 1.000E+00, 1.000E+00, 1.648E-03, 1.054E-05, 2.676E-05, 0.000E+00, 1.455E+02, 4.657E+01, 5.000E-03, 4.661E-05, 1.982E+02, 3.096E-03, 2.934E+00
25/04/2019,19:00,9,3.224,3.724,10.321,.657,.432, 1.015E+03, 9.350E+01, 0.000E+00, 3.469E-16, 0.000E+00, 0.000E+00, 0.000E+00, 0.000E+00,-3.879E+01, 8.658E+00, 3.007E+00, 3.272E-01, 1.406E-01,-9.990E+02, 1.000E+00,-9.990E+02, 0.000E+00, 0.000E+00, 0.000E+00, 1.000E+00, 0.000E+00, 0.000E+00, 0.000E+00, 0.000E+00, 1.521E+02, 4.862E+01, 5.000E-03, 0.000E+00, 2.000E+02, 3.028E-03, 2.992E+00
25/04/2019,20:00,9,3.224,3.724,8.821,.717,.322, 1.015E+03, 9.904E+01, 0.000E+00, 3.469E-16, 0.000E+00, 0.000E+00, 0.000E+00, 0.000E+00,-3.879E+01, 8.658E+00, 2.897E+00, 3.263E-01, 1.352E-01,-9.990E+02, 1.000E+00,-9.990E+02, 0.000E+00, 0.000E+00, 0.000E+00, 1.000E+00, 0.000E+00, 0.000E+00, 0.000E+00, 0.000E+00, 1.584E+02, 5.055E+01, 5.000E-03, 0.000E+00, 2.000E+02, 2.981E-03, 2.976E+00
25/04/2019,21:00,9,3.224,3.724,7.321,.776,.229, 1.016E+03, 1.032E+02, 0.000E+00, 3.469E-16, 0.000E+00, 0.000E+00, 0.000E+00, 0.000E+00,-2.747E+01, 5.552E+00, 2.807E+00, 2.938E-01, 1.319E-01,-9.990E+02, 1.000E+00,-9.990E+02, 0.000E+00, 0.000E+00, 0.000E+00, 1.000E+00, 0.000E+00, 0.000E+00, 0.000E+00, 0.000E+00, 1.614E+02, 5.184E+01, 5.000E-03, 0.000E+00, 2.000E+02, 2.951E-03, 2.982E+00
25/04/2019,22:00,9,3.224,3.724,6.859,.791,.208, 1.015E+03, 1.057E+02, 0.000E+00, 3.469E-16, 0.000E+00, 0.000E+00, 0.000E+00, 0.000E+00,-2.747E+01, 5.552E+00, 2.733E+00, 2.936E-01, 1.283E-01,-9.990E+02, 1.000E+00,-9.990E+02, 0.000E+00, 0.000E+00, 0.000E+00, 1.000E+00, 0.000E+00, 0.000E+00, 0.000E+00, 0.000E+00, 1.659E+02, 5.326E+01, 5.000E-03, 0.000E+00, 2.000E+02, 2.918E-03, 2.728E+00
25/04/2019,23:00,9,3.224,3.724,6.398,.805,.187, 1.015E+03, 1.062E+02, 0.000E+00, 3.469E-16, 0.000E+00, 0.000E+00, 0.000E+00, 0.000E+00,-2.747E+01, 5.552E+00, 2.689E+00, 2.934E-01, 1.262E-01,-9.990E+02, 1.000E+00,-9.990E+02, 0.000E+00, 0.000E+00, 0.000E+00, 1.000E+00, 0.000E+00, 0.000E+00, 0.000E+00, 0.000E+00, 1.688E+02, 5.416E+01, 5.000E-03, 0.000E+00, 2.000E+02, 2.898E-03, 1.801E+00
26/04/2019,00:00,9,3.235,3.735,5.936,.820,.168, 1.015E+03, 1.048E+02, 0.000E+00, 3.469E-16, 0.000E+00, 0.000E+00, 0.000E+00, 0.000E+00,-2.267E+01, 7.896E+00, 2.676E+00, 2.898E-01, 1.295E-01,-9.990E+02, 1.000E+00,-9.990E+02, 0.000E+00, 0.000E+00, 0.000E+00, 1.000E+00, 0.000E+00, 0.000E+00, 0.000E+00, 0.000E+00, 1.596E+02, 5.278E+01, 5.000E-03, 0.000E+00, 2.000E+02, 2.933E-03, 7.496E-01
26/04/2019,01:00,9,3.235,3.735,6.001,.785,.201, 1.015E+03, 1.016E+02, 0.000E+00, 3.469E-16, 0.000E+00, 0.000E+00, 0.000E+00, 0.000E+00,-2.267E+01, 7.896E+00, 2.639E+00, 2.898E-01, 1.277E-01,-9.990E+02, 1.000E+00,-9.990E+02, 0.000E+00, 0.000E+00, 0.000E+00, 1.000E+00, 0.000E+00, 0.000E+00, 0.000E+00, 0.000E+00, 1.618E+02, 5.352E+01, 5.000E-03, 0.000E+00, 2.000E+02, 2.916E-03, 6.925E-01
26/04/2019,02:00,9,3.235,3.735,6.066,.751,.234, 1.015E+03, 9.681E+01, 0.000E+00, 3.469E-16, 0.000E+00, 0.000E+00, 0.000E+00, 0.000E+00,-2.267E+01, 7.896E+00, 2.603E+00, 2.899E-01, 1.260E-01,-9.990E+02, 1.000E+00,-9.990E+02, 0.000E+00, 0.000E+00, 0.000E+00, 1.000E+00, 0.000E+00, 0.000E+00, 0.000E+00, 0.000E+00, 1.640E+02, 5.425E+01, 5.000E-03, 0.000E+00, 2.000E+02, 2.900E-03, 1.125E+00
26/04/2019,03:00,9,3.235,3.735,6.131,.716,.268, 1.015E+03, 9.079E+01, 0.000E+00, 3.469E-16, 0.000E+00, 0.000E+00, 0.000E+00, 0.000E+00, 1.469E+01, 2.542E+01, 2.570E+00, 3.042E-01, 1.626E-01,-9.990E+02, 1.000E+00,-9.990E+02, 0.000E+00, 0.000E+00, 0.000E+00, 1.000E+00, 0.000E+00, 0.000E+00, 0.000E+00, 0.000E+00, 9.187E+01, 4.204E+01, 5.000E-03, 0.000E+00, 2.000E+02, 3.244E-03, 1.438E+00
26/04/2019,04:00,9,3.235,3.735,7.457,.688,.323, 1.015E+03, 8.393E+01, 0.000E+00, 3.469E-16, 1.101E+01, 2.492E+01, 6.058E+01, 8.531E+00, 1.469E+01, 2.542E+01, 2.281E+00, 3.049E-01, 1.443E-01, 6.541E-02, 1.000E+00, 3.366E-01, 9.172E-01, 1.000E-02, 1.000E+00, 1.000E+00, 3.366E-03, 2.120E-05, 5.778E-05, 0.000E+00, 1.036E+02, 4.737E+01, 5.000E-03, 9.405E-05, 1.963E+02, 3.141E-03, 1.368E+00
26/04/2019,05:00,9,3.235,3.735,8.783,.659,.386, 1.014E+03, 7.657E+01, 0.000E+00, 3.469E-16, 6.275E+01, 4.991E+01, 1.538E+02, 1.871E+01, 1.469E+01, 2.542E+01, 1.998E+00, 3.057E-01, 1.263E-01, 1.434E-01, 1.000E+00, 6.029E-01, 9.982E-01, 1.000E-02, 1.000E+00, 1.000E+00, 6.029E-03, 3.816E-05, 6.318E-05, 0.000E+00, 1.184E+02, 5.411E+01, 5.000E-03, 1.693E-04, 1.935E+02, 3.004E-03, 1.442E+00
26/04/2019,06:00,9,3.235,3.735,10.110,.631,.458, 1.014E+03, 6.909E+01, 0.000E+00, 3.469E-16, 1.274E+02, 6.745E+01, 2.050E+02, 2.648E+01, 1.563E+02, 8.659E+01, 1.722E+00, 4.282E-01, 1.180E-01, 2.183E-01, 1.000E+00, 7.369E-01, 9.998E-01, 1.000E-02, 1.000E+00, 1.000E+00, 7.369E-03, 4.686E-05, 6.357E-05, 0.000E+00, 1.099E+02, 5.791E+01, 5.000E-03, 2.078E-04, 1.920E+02, 2.977E-03, 1.725E+00
26/04/2019,07:00,9,3.235,3.735,12.211,.592,.583, 1.014E+03, 6.189E+01, 0.000E+00, 3.469E-16, 1.908E+02, 7.710E+01, 2.337E+02, 3.120E+01, 1.563E+02, 8.659E+01, 1.943E+00, 4.298E-01, 1.331E-01, 2.819E-01, 1.000E+00, 8.010E-01, 9.999E-01, 2.997E-02, 1.000E+00, 1.000E+00, 2.400E-02, 1.538E-04, 1.919E-04, 0.000E+00, 9.762E+01, 5.136E+01, 5.000E-03, 6.821E-04, 1.760E+02, 3.293E-03, 1.840E+00
26/04/2019,08:00,9,3.235,3.735,14.313,.553,.733, 1.014E+03, 5.543E+01, 0.000E+00, 3.469E-16, 2.457E+02, 8.041E+01, 2.498E+02, 3.336E+01, 1.563E+02, 8.659E+01, 2.174E+00, 4.315E-01, 1.487E-01, 3.306E-01, 1.000E+00, 8.302E-01, 1.000E+00, 3.031E-01, 1.000E+00, 1.000E+00, 2.517E-01, 1.624E-03, 1.956E-03, 0.000E+00, 8.747E+01, 4.595E+01, 5.000E-03, 7.204E-03, 8.194E+01, 5.096E-03, 1.848E+00
26/04/2019,09:00,9,3.235,3.735,16.415,.514,.914, 1.013E+03, 5.027E+01, 0.000E+00, 3.469E-16, 2.871E+02, 8.000E+01, 2.585E+02, 3.389E+01, 2.294E+02, 1.437E+02, 2.411E+00, 6.193E-01, 1.574E-01, 3.637E-01, 1.000E+00, 8.421E-01, 1.000E+00, 5.312E-01, 1.000E+00, 1.000E+00, 4.474E-01, 2.908E-03, 3.453E-03, 0.000E+00, 8.970E+01, 4.342E+01, 5.000E-03, 1.290E-02, 5.587E+01, 6.012E-03, 1.849E+00
26/04/2019,10:00,9,3.235,3.735,17.240,.479,1.034, 1.013E+03, 4.706E+01, 0.000E+00, 3.469E-16, 3.116E+02, 7.860E+01, 2.624E+02, 3.378E+01, 2.294E+02, 1.437E+02, 2.765E+00, 6.203E-01, 1.805E-01, 3.820E-01, 1.000E+00, 8.459E-01, 1.000E+00, 6.085E-01, 1.000E+00, 1.000E+00, 5.147E-01, 3.356E-03, 3.967E-03, 0.000E+00, 7.829E+01, 3.788E+01, 5.000E-03, 1.489E-02, 5.029E+01, 6.817E-03, 1.737E+00
26/04/2019,11:00,9,3.235,3.735,18.065,.443,1.165, 1.012E+03, 4.628E+01, 0.000E+00, 3.469E-16, 3.173E+02, 7.814E+01, 2.633E+02, 3.370E+01, 2.294E+02, 1.437E+02, 3.126E+00, 6.214E-01, 2.040E-01, 3.861E-01, 1.000E+00, 8.465E-01, 1.000E+00, 6.788E-01, 1.000E+00, 1.000E+00, 5.746E-01, 3.756E-03, 4.437E-03, 0.000E+00, 6.930E+01, 3.351E+01, 5.000E-03, 1.666E-02, 4.616E+01, 7.607E-03, 1.707E+00
26/04/2019,12:00,9,3.235,3.735,18.891,.408,1.306, 1.012E+03, 4.809E+01, 0.000E+00, 3.469E-16, 3.039E+02, 7.911E+01, 2.613E+02, 3.384E+01, 1.665E+02, 1.279E+02, 3.492E+00, 6.537E-01, 2.223E-01, 3.763E-01, 1.000E+00, 8.449E-01, 1.000E+00, 7.421E-01, 9.965E-01, 1.000E+00, 6.248E-01, 4.096E-03, 4.848E-03, 0.000E+00, 6.646E+01, 3.075E+01, 5.000E-03, 1.817E-02, 4.316E+01, 8.184E-03, 1.705E+00
26/04/2019,13:00,9,3.235,3.735,18.526,.427,1.235, 1.012E+03, 5.217E+01, 0.000E+00, 3.469E-16, 2.723E+02, 8.040E+01, 2.558E+02, 3.380E+01, 1.665E+02, 1.279E+02, 3.434E+00, 6.534E-01, 2.186E-01, 3.521E-01, 1.000E+00, 8.386E-01, 1.000E+00, 7.150E-01, 1.000E+00, 1.000E+00, 5.996E-01, 3.926E-03, 4.681E-03, 0.000E+00, 6.756E+01, 3.126E+01, 5.000E-03, 1.742E-02, 4.461E+01, 8.002E-03, 1.585E+00
26/04/2019,14:00,9,3.235,3.735,18.161,.446,1.167, 1.012E+03, 5.792E+01, 0.000E+00, 3.469E-16, 2.250E+02, 7.966E+01, 2.446E+02, 3.274E+01, 1.665E+02, 1.279E+02, 3.384E+00, 6.530E-01, 2.155E-01, 3.128E-01, 1.000E+00, 8.212E-01, 1.000E+00, 6.865E-01, 1.000E+00, 1.000E+00, 5.637E-01, 3.687E-03, 4.489E-03, 0.000E+00, 6.854E+01, 3.172E+01, 5.000E-03, 1.635E-02, 4.683E+01, 7.791E-03, 1.507E+00
26/04/2019,15:00,9,3.235,3.735,17.796,.465,1.101, 1.011E+03, 6.473E+01, 0.000E+00, 3.469E-16, 1.661E+02, 7.407E+01, 2.243E+02, 2.965E+01,-2.295E+00, 6.167E+01, 3.342E+00, 4.771E-01, 1.975E-01, 2.579E-01, 1.000E+00, 7.808E-01, 9.999E-01, 6.566E-01, 1.000E+00, 1.000E+00, 5.127E-01, 3.348E-03, 4.288E-03, 0.000E+00, 8.570E+01, 3.461E+01, 5.000E-03, 1.485E-02, 5.037E+01, 7.090E-03, 1.351E+00
26/04/2019,16:00,9,3.235,3.735,16.187,.514,.900, 1.011E+03, 7.208E+01, 0.000E+00, 3.469E-16, 1.013E+02, 6.137E+01, 1.883E+02, 2.373E+01,-2.295E+00, 6.167E+01, 3.249E+00, 4.758E-01, 1.920E-01, 1.892E-01, 1.000E+00, 6.944E-01, 9.996E-01, 5.087E-01, 1.000E+00, 1.000E+00, 3.532E-01, 2.294E-03, 3.303E-03, 0.000E+00, 8.816E+01, 3.560E+01, 5.000E-03, 1.018E-02, 6.589E+01, 6.283E-03, 1.226E+00
26/04/2019,17:00,9,3.235,3.735,14.578,.564,.727, 1.011E+03, 7.953E+01, 0.000E+00, 3.469E-16, 3.944E+01, 4.074E+01, 1.234E+02, 1.485E+01,-2.295E+00, 6.167E+01, 3.208E+00, 4.745E-01, 1.895E-01, 1.123E-01, 1.000E+00, 5.174E-01, 9.938E-01, 3.344E-01, 1.000E+00, 1.000E+00, 1.730E-01, 1.117E-03, 2.146E-03, 0.000E+00, 8.931E+01, 3.607E+01, 5.000E-03, 4.957E-03, 1.004E+02, 5.131E-03, 1.224E+00
26/04/2019,18:00,9,3.235,3.735,12.969,.614,.579, 1.011E+03, 8.670E+01, 0.000E+00, 3.469E-16, 1.324E+00, 1.309E+01, 1.577E+01, 4.267E+00,-3.574E+01, 8.283E+00, 3.219E+00, 3.030E-01, 1.454E-01, 3.557E-02, 1.000E+00, 1.722E-01, 4.773E-01, 1.336E-01, 1.000E+00, 1.000E+00, 2.301E-02, 1.478E-04, 4.097E-04, 0.000E+00, 1.523E+02, 4.701E+01, 5.000E-03, 6.557E-04, 1.768E+02, 3.297E-03, 1.332E+00
26/04/2019,19:00,9,3.235,3.735,11.429,.676,.439, 1.011E+03, 9.323E+01, 0.000E+00, 3.469E-16, 0.000E+00, 0.000E+00, 0.000E+00, 0.000E+00,-3.574E+01, 8.283E+00, 2.918E+00, 3.021E-01, 1.316E-01,-9.990E+02, 1.000E+00,-9.990E+02, 0.000E+00, 0.000E+00, 0.000E+00, 1.000E+00, 0.000E+00, 0.000E+00, 0.000E+00, 0.000E+00, 1.686E+02, 5.196E+01, 5.000E-03, 0.000E+00, 2.000E+02, 2.943E-03, 1.224E+00
26/04/2019,20:00,9,3.235,3.735,9.889,.738,.321, 1.011E+03, 9.875E+01, 0.000E+00, 3.469E-16, 0.000E+00, 0.000E+00, 0.000E+00, 0.000E+00,-3.574E+01, 8.283E+00, 2.619E+00, 3.013E-01, 1.178E-01,-9.990E+02, 1.000E+00,-9.990E+02, 0.000E+00, 0.000E+00, 0.000E+00, 1.000E+00, 0.000E+00, 0.000E+00, 0.000E+00, 0.000E+00, 1.886E+02, 5.800E+01, 5.000E-03, 0.000E+00, 2.000E+02, 2.808E-03, 1.254E+00
26/04/2019,21:00,9,3.235,3.735,8.349,.799,.221, 1.011E+03, 1.029E+02, 0.000E+00, 3.469E-16, 0.000E+00, 0.000E+00, 0.000E+00, 0.000E+00,-1.307E+01, 3.660E+00, 2.323E+00, 2.240E-01, 1.074E-01,-9.990E+02, 1.000E+00,-9.990E+02, 0.000E+00, 0.000E+00, 0.000E+00, 1.000E+00, 0.000E+00, 0.000E+00, 0.000E+00, 0.000E+00, 2.015E+02, 6.366E+01, 5.000E-03, 0.000E+00, 2.000E+02, 2.697E-03, 1.420E+00
26/04/2019,22:00,9,3.235,3.735,7.795,.835,.175, 1.011E+03, 1.054E+02, 0.000E+00, 3.469E-16, 0.000E+00, 0.000E+00, 0.000E+00, 0.000E+00,-1.307E+01, 3.660E+00, 2.269E+00, 2.238E-01, 1.048E-01,-9.990E+02, 1.000E+00,-9.990E+02, 0.000E+00, 0.000E+00, 0.000E+00, 1.000E+00, 0.000E+00, 0.000E+00, 0.000E+00, 0.000E+00, 2.065E+02, 6.520E+01, 5.000E-03, 0.000E+00, 2.000E+02, 2.667E-03, 1.571E+00
26/04/2019,23:00,9,3.235,3.735,7.241,.870,.132, 1.011E+03, 1.059E+02, 0.000E+00, 3.469E-16, 0.000E+00, 0.000E+00, 0.000E+00, 0.000E+00,-1.307E+01, 3.660E+00, 2.348E+00, 2.236E-01, 1.084E-01,-9.990E+02, 1.000E+00,-9.990E+02, 0.000E+00, 0.000E+00, 0.000E+00, 1.000E+00, 0.000E+00, 0.000E+00, 0.000E+00, 0.000E+00, 1.999E+02, 6.307E+01, 8.080E-03, 0.000E+00, 1.238E+02, 3.413E-03, 1.609E+00
27/04/2019,00:00,9,3.245,3.745,6.687,.906,.092, 1.011E+03, 1.045E+02, 0.000E+00, 3.469E-16, 0.000E+00, 0.000E+00, 0.000E+00, 0.000E+00,-3.030E+01, 5.754E+00, 2.545E+00, 2.997E-01, 1.185E-01,-9.990E+02, 1.000E+00,-9.990E+02, 0.000E+00, 0.000E+00, 0.000E+00, 1.000E+00, 0.000E+00, 0.000E+00, 0.000E+00, 0.000E+00, 1.813E+02, 5.769E+01, 1.276E-02, 0.000E+00, 7.838E+01, 4.291E-03, 1.622E+00
27/04/2019,01:00,9,3.245,3.745,6.589,.879,.118, 1.010E+03, 1.013E+02, 0.000E+00, 3.469E-16, 0.000E+00, 0.000E+00, 0.000E+00, 0.000E+00,-3.030E+01, 5.754E+00, 2.601E+00, 2.997E-01, 1.211E-01,-9.990E+02, 1.000E+00,-9.990E+02, 0.000E+00, 0.000E+00, 0.000E+00, 1.000E+00, 0.000E+00, 0.000E+00, 0.000E+00, 0.000E+00, 1.774E+02, 5.645E+01, 8.355E-03, 0.000E+00, 1.197E+02, 3.689E-03, 1.553E+00
27/04/2019,02:00,9,3.245,3.745,6.492,.851,.144, 1.010E+03, 9.650E+01, 0.000E+00, 3.469E-16, 0.000E+00, 0.000E+00, 0.000E+00, 0.000E+00,-3.030E+01, 5.754E+00, 2.669E+00, 2.997E-01, 1.242E-01,-9.990E+02, 1.000E+00,-9.990E+02, 0.000E+00, 0.000E+00, 0.000E+00, 1.000E+00, 0.000E+00, 0.000E+00, 0.000E+00, 0.000E+00, 1.730E+02, 5.503E+01, 6.312E-03, 0.000E+00, 1.584E+02, 3.268E-03, 1.410E+00
27/04/2019,03:00,9,3.245,3.745,6.394,.823,.170, 1.010E+03, 9.049E+01, 0.000E+00, 3.469E-16, 0.000E+00, 0.000E+00, 0.000E+00, 0.000E+00, 1.585E+01, 2.325E+01, 2.747E+00, 3.444E-01, 1.718E-01,-9.990E+02, 1.000E+00,-9.990E+02, 0.000E+00, 0.000E+00, 0.000E+00, 1.000E+00, 0.000E+00, 0.000E+00, 0.000E+00, 0.000E+00, 8.887E+01, 3.979E+01, 5.000E-03, 0.000E+00, 2.000E+02, 3.301E-03, 1.385E+00
27/04/2019,04:00,9,3.245,3.745,7.926,.749,.269, 1.010E+03, 8.363E+01, 0.000E+00, 3.469E-16, 1.262E+01, 2.606E+01, 6.583E+01, 8.948E+00, 1.585E+01, 2.325E+01, 2.473E+00, 3.454E-01, 1.546E-01, 6.835E-02, 1.000E+00, 3.506E-01, 9.333E-01, 1.000E-02, 1.000E+00, 1.000E+00, 3.506E-03, 2.212E-05, 5.889E-05, 0.000E+00, 9.881E+01, 4.422E+01, 5.000E-03, 9.847E-05, 1.961E+02, 3.221E-03, 1.495E+00
27/04/2019,05:00,9,3.245,3.745,9.458,.674,.387, 1.010E+03, 7.628E+01, 0.000E+00, 3.469E-16, 6.540E+01, 5.072E+01, 1.569E+02, 1.902E+01, 1.585E+01, 2.325E+01, 2.199E+00, 3.464E-01, 1.374E-01, 1.460E-01, 1.000E+00, 6.092E-01, 9.984E-01, 1.000E-02, 1.000E+00, 1.000E+00, 6.092E-03, 3.865E-05, 6.334E-05, 0.000E+00, 1.112E+02, 4.975E+01, 5.000E-03, 1.720E-04, 1.933E+02, 3.105E-03, 1.807E+00
27/04/2019,06:00,9,3.245,3.745,10.990,.599,.528, 1.009E+03, 6.880E+01, 0.000E+00, 3.469E-16, 1.293E+02, 6.742E+01, 2.053E+02, 2.645E+01, 1.492E+02, 9.903E+01, 1.924E+00, 4.539E-01, 1.298E-01, 2.203E-01, 1.000E+00, 7.373E-01, 9.998E-01, 1.000E-02, 1.000E+00, 1.000E+00, 7.373E-03, 4.703E-05, 6.377E-05, 0.000E+00, 1.027E+02, 5.265E+01, 5.000E-03, 2.093E-04, 1.920E+02, 3.087E-03, 2.229E+00
27/04/2019,07:00,9,3.245,3.745,13.157,.533,.710, 1.009E+03, 6.159E+01, 0.000E+00, 3.469E-16, 1.923E+02, 7.671E+01, 2.331E+02, 3.102E+01, 1.492E+02, 9.903E+01, 2.178E+00, 4.556E-01, 1.468E-01, 2.835E-01, 1.000E+00, 8.000E-01, 9.999E-01, 1.585E-01, 1.000E+00, 1.000E+00, 1.268E-01, 8.148E-04, 1.018E-03, 0.000E+00, 9.096E+01, 4.656E+01, 5.000E-03, 3.626E-03, 1.159E+02, 4.298E-03, 2.373E+00
27/04/2019,08:00,9,3.245,3.745,15.324,.467,.934, 1.009E+03, 5.512E+01, 0.000E+00, 3.469E-16, 2.467E+02, 7.977E+01, 2.487E+02, 3.307E+01, 1.492E+02, 9.903E+01, 2.450E+00, 4.573E-01, 1.650E-01, 3.318E-01, 1.000E+00, 8.285E-01, 1.000E+00, 4.185E-01, 1.000E+00, 1.000E+00, 3.467E-01, 2.245E-03, 2.710E-03, 0.000E+00, 8.105E+01, 4.143E+01, 5.000E-03, 9.993E-03, 6.670E+01, 5.862E-03, 2.683E+00
27/04/2019,09:00,9,3.245,3.745,17.491,.401,1.207, 1.009E+03, 4.996E+01, 0.000E+00, 3.469E-16, 2.898E+02, 7.981E+01, 2.591E+02, 3.380E+01, 2.230E+02, 1.497E+02, 2.734E+00, 6.333E-01, 1.776E-01, 3.646E-01, 1.000E+00, 8.417E-01, 1.000E+00, 6.306E-01, 1.000E+00, 1.000E+00, 5.308E-01, 3.463E-03, 4.114E-03, 0.000E+00, 8.026E+01, 3.849E+01, 5.000E-03, 1.541E-02, 4.899E+01, 6.796E-03, 2.708E+00
27/04/2019,10:00,9,3.245,3.745,18.323,.391,1.294, 1.009E+03, 4.674E+01, 0.000E+00, 3.469E-16, 3.143E+02, 7.833E+01, 2.629E+02, 3.365E+01, 2.230E+02, 1.497E+02, 3.091E+00, 6.342E-01, 2.007E-01, 3.828E-01, 1.000E+00, 8.453E-01, 1.000E+00, 6.993E-01, 1.000E+00, 1.000E+00, 5.912E-01, 3.868E-03, 4.576E-03, 0.000E+00, 7.104E+01, 3.405E+01, 5.000E-03, 1.722E-02, 4.501E+01, 7.583E-03, 2.523E+00
27/04/2019,11:00,9,3.245,3.745,19.155,.381,1.387, 1.009E+03, 4.597E+01, 0.000E+00, 3.469E-16, 3.199E+02, 7.787E+01, 2.637E+02, 3.357E+01, 2.230E+02, 1.497E+02, 3.501E+00, 6.352E-01, 2.273E-01, 3.868E-01, 1.000E+00, 8.459E-01, 1.000E+00, 7.610E-01, 9.491E-01, 1.000E+00, 6.109E-01, 4.009E-03, 4.739E-03, 0.000E+00, 6.276E+01, 3.007E+01, 5.000E-03, 1.784E-02, 4.378E+01, 8.300E-03, 2.434E+00
27/04/2019,12:00,9,3.245,3.745,19.987,.371,1.486, 1.009E+03, 4.779E+01, 0.000E+00, 3.469E-16, 3.064E+02, 7.890E+01, 2.618E+02, 3.373E+01, 1.683E+02, 1.338E+02, 3.948E+00, 7.632E-01, 2.466E-01, 3.770E-01, 1.000E+00, 8.444E-01, 1.000E+00, 8.155E-01, 8.914E-01, 1.000E+00, 6.139E-01, 4.040E-03, 4.784E-03, 0.000E+00, 6.199E+01, 2.771E+01, 5.000E-03, 1.798E-02, 4.352E+01, 8.680E-03, 2.142E+00
27/04/2019,13:00,9,3.245,3.745,19.461,.387,1.402, 1.009E+03, 5.188E+01, 0.000E+00, 3.469E-16, 2.748E+02, 8.030E+01, 2.563E+02, 3.373E+01, 1.683E+02, 1.338E+02, 4.075E+00, 7.625E-01, 2.546E-01, 3.529E-01, 1.000E+00, 8.384E-01, 1.000E+00, 7.819E-01, 9.405E-01, 1.000E+00, 6.165E-01, 4.050E-03, 4.830E-03, 0.000E+00, 6.004E+01, 2.685E+01, 5.000E-03, 1.802E-02, 4.343E+01, 8.860E-03, 2.059E+00
27/04/2019,14:00,9,3.245,3.745,18.935,.402,1.322, 1.009E+03, 5.765E+01, 0.000E+00, 3.469E-16, 2.275E+02, 7.973E+01, 2.453E+02, 3.273E+01, 1.683E+02, 1.338E+02, 4.250E+00, 7.617E-01, 2.655E-01, 3.139E-01, 1.000E+00, 8.215E-01, 1.000E+00, 7.454E-01, 9.874E-01, 1.000E+00, 6.046E-01, 3.964E-03, 4.826E-03, 0.000E+00, 5.756E+01, 2.574E+01, 5.000E-03, 1.764E-02, 4.416E+01, 9.030E-03, 2.250E+00
27/04/2019,15:00,9,3.245,3.745,18.410,.418,1.245, 1.009E+03, 6.448E+01, 0.000E+00, 3.469E-16, 1.685E+02, 7.436E+01, 2.253E+02, 2.973E+01,-8.932E-01, 6.737E+01, 4.466E+00, 6.150E-01, 2.650E-01, 2.594E-01, 1.000E+00, 7.819E-01, 9.999E-01, 7.060E-01, 1.000E+00, 1.000E+00, 5.521E-01, 3.614E-03, 4.621E-03, 0.000E+00, 6.360E+01, 2.580E+01, 5.000E-03, 1.608E-02, 4.743E+01, 8.697E-03, 2.147E+00
27/04/2019,16:00,9,3.245,3.745,16.469,.472,.997, 1.010E+03, 7.183E+01, 0.000E+00, 3.469E-16, 1.036E+02, 6.192E+01, 1.900E+02, 2.392E+01,-8.932E-01, 6.737E+01, 4.192E+00, 6.128E-01, 2.488E-01, 1.911E-01, 1.000E+00, 6.975E-01, 9.996E-01, 5.365E-01, 1.000E+00, 1.000E+00, 3.742E-01, 2.433E-03, 3.487E-03, 0.000E+00, 6.775E+01, 2.748E+01, 5.000E-03, 1.083E-02, 6.318E+01, 7.400E-03, 1.864E+00
27/04/2019,17:00,9,3.245,3.745,14.528,.526,.788, 1.010E+03, 7.928E+01, 0.000E+00, 3.469E-16, 4.141E+01, 4.157E+01, 1.265E+02, 1.516E+01,-8.932E-01, 6.737E+01, 3.972E+00, 6.107E-01, 2.357E-01, 1.146E-01, 1.000E+00, 5.248E-01, 9.945E-01, 3.285E-01, 1.000E+00, 1.000E+00, 1.724E-01, 1.113E-03, 2.110E-03, 0.000E+00, 7.151E+01, 2.900E+01, 5.000E-03, 4.955E-03, 1.004E+02, 5.669E-03, 1.762E+00
27/04/2019,18:00,9,3.245,3.745,12.587,.580,.614, 1.010E+03, 8.644E+01, 0.000E+00, 3.469E-16, 1.537E+00, 1.325E+01, 1.670E+01, 4.316E+00,-4.248E+01, 1.225E+01, 3.814E+00, 4.667E-01, 2.055E-01, 3.826E-02, 1.000E+00, 1.754E-01, 4.968E-01, 8.209E-02, 1.000E+00, 1.000E+00, 1.440E-02, 9.238E-05, 2.616E-04, 0.000E+00, 9.034E+01, 3.327E+01, 5.000E-03, 4.112E-04, 1.848E+02, 3.667E-03, 1.987E+00
27/04/2019,19:00,9,3.245,3.745,10.917,.612,.508, 1.011E+03, 9.296E+01, 0.000E+00, 3.469E-16, 0.000E+00, 0.000E+00, 0.000E+00, 0.000E+00,-4.248E+01, 1.225E+01, 3.685E+00, 4.652E-01, 1.983E-01,-9.990E+02, 1.000E+00,-9.990E+02, 0.000E+00, 0.000E+00, 0.000E+00, 1.000E+00, 0.000E+00, 0.000E+00, 0.000E+00, 0.000E+00, 9.366E+01, 3.446E+01, 5.000E-03, 0.000E+00, 2.000E+02, 3.436E-03, 2.127E+00
27/04/2019,20:00,9,3.245,3.745,9.248,.644,.416, 1.011E+03, 9.846E+01, 0.000E+00, 3.469E-16, 0.000E+00, 0.000E+00, 0.000E+00, 0.000E+00,-4.248E+01, 1.225E+01, 3.590E+00, 4.638E-01, 1.931E-01,-9.990E+02, 1.000E+00,-9.990E+02, 0.000E+00, 0.000E+00, 0.000E+00, 1.000E+00, 0.000E+00, 0.000E+00, 0.000E+00, 0.000E+00, 9.629E+01, 3.540E+01, 5.000E-03, 0.000E+00, 2.000E+02, 3.407E-03, 2.045E+00
27/04/2019,21:00,9,3.245,3.745,7.578,.676,.338, 1.012E+03, 1.026E+02, 0.000E+00, 3.469E-16, 0.000E+00, 0.000E+00, 0.000E+00, 0.000E+00,-2.949E+01, 8.881E+00, 3.534E+00, 4.441E-01, 1.939E-01,-9.990E+02, 1.000E+00,-9.990E+02, 0.000E+00, 0.000E+00, 0.000E+00, 1.000E+00, 0.000E+00, 0.000E+00, 0.000E+00, 0.000E+00, 9.400E+01, 3.526E+01, 5.000E-03, 0.000E+00, 2.000E+02, 3.413E-03, 1.938E+00
27/04/2019,22:00,9,3.245,3.745,6.943,.714,.285, 1.012E+03, 1.051E+02, 0.000E+00, 3.469E-16, 0.000E+00, 0.000E+00, 0.000E+00, 0.000E+00,-2.949E+01, 8.881E+00, 3.478E+00, 4.436E-01, 1.908E-01,-9.990E+02, 1.000E+00,-9.990E+02, 0.000E+00, 0.000E+00, 0.000E+00, 1.000E+00, 0.000E+00, 0.000E+00, 0.000E+00, 0.000E+00, 9.556E+01, 3.583E+01, 5.000E-03, 0.000E+00, 2.000E+02, 3.396E-03, 1.613E+00
27/04/2019,23:00,9,3.245,3.745,6.309,.753,.236, 1.012E+03, 1.056E+02, 0.000E+00, 3.469E-16, 0.000E+00, 0.000E+00, 0.000E+00, 0.000E+00,-2.949E+01, 8.881E+00, 3.431E+00, 4.431E-01, 1.881E-01,-9.990E+02, 1.000E+00,-9.990E+02, 0.000E+00, 0.000E+00, 0.000E+00, 1.000E+00, 0.000E+00, 0.000E+00, 0.000E+00, 0.000E+00, 9.693E+01, 3.633E+01, 5.000E-03, 0.000E+00, 2.000E+02, 3.380E-03, 1.218E+00
28/04/2019,00:00,9,3.256,3.756,5.674,.791,.191, 1.012E+03, 1.042E+02, 0.000E+00, 3.469E-16, 0.000E+00, 0.000E+00, 0.000E+00, 0.000E+00,-2.701E+01, 6.678E+00, 3.392E+00, 4.090E-01, 1.837E-01,-9.990E+02, 1.000E+00,-9.990E+02, 0.000E+00, 0.000E+00, 0.000E+00, 1.000E+00, 0.000E+00, 0.000E+00, 0.000E+00, 0.000E+00, 1.005E+02, 3.721E+01, 5.000E-03, 0.000E+00, 2.000E+02, 3.353E-03, 1.003E+00
28/04/2019,01:00,9,3.256,3.756,5.392,.812,.168, 1.013E+03, 1.010E+02, 0.000E+00, 3.469E-16, 0.000E+00, 0.000E+00, 0.000E+00, 0.000E+00,-2.701E+01, 6.678E+00, 3.253E+00, 4.087E-01, 1.761E-01,-9.990E+02, 1.000E+00,-9.990E+02, 0.000E+00, 0.000E+00, 0.000E+00, 1.000E+00, 0.000E+00, 0.000E+00, 0.000E+00, 0.000E+00, 1.049E+02, 3.881E+01, 5.000E-03, 0.000E+00, 2.000E+02, 3.306E-03, 9.296E-01
28/04/2019,02:00,9,3.256,3.756,5.111,.833,.147, 1.013E+03, 9.620E+01, 0.000E+00, 3.469E-16, 0.000E+00, 0.000E+00, 0.000E+00, 0.000E+00,-2.701E+01, 6.678E+00, 3.114E+00, 4.084E-01, 1.686E-01,-9.990E+02, 1.000E+00,-9.990E+02, 0.000E+00, 0.000E+00, 0.000E+00, 1.000E+00, 0.000E+00, 0.000E+00, 0.000E+00, 0.000E+00, 1.095E+02, 4.054E+01, 5.173E-03, 0.000E+00, 1.933E+02, 3.329E-03, 8.314E-01
28/04/2019,03:00,9,3.256,3.756,4.829,.854,.126, 1.014E+03, 9.020E+01, 0.000E+00, 3.469E-16, 0.000E+00, 0.000E+00, 0.000E+00, 0.000E+00, 2.372E+01, 1.804E+01, 2.977E+00, 3.562E-01, 1.884E-01,-9.990E+02, 1.000E+00,-9.990E+02, 0.000E+00, 0.000E+00, 0.000E+00, 1.000E+00, 0.000E+00, 0.000E+00, 0.000E+00, 0.000E+00, 7.923E+01, 3.627E+01, 7.028E-03, 0.000E+00, 1.423E+02, 4.243E-03, 8.522E-01
28/04/2019,04:00,9,3.256,3.756,6.554,.799,.196, 1.014E+03, 8.334E+01, 0.000E+00, 3.469E-16, 1.286E+01, 2.482E+01, 6.401E+01, 8.539E+00, 2.372E+01, 1.804E+01, 2.407E+00, 3.572E-01, 1.523E-01, 7.122E-02, 1.000E+00, 3.412E-01, 9.281E-01, 1.000E-02, 1.000E+00, 1.000E+00, 3.412E-03, 2.142E-05, 5.828E-05, 0.000E+00, 9.813E+01, 4.489E+01, 5.000E-03, 9.566E-05, 1.962E+02, 3.206E-03, 1.157E+00
28/04/2019,05:00,9,3.256,3.756,8.280,.743,.281, 1.015E+03, 7.599E+01, 0.000E+00, 3.469E-16, 6.169E+01, 4.709E+01, 1.451E+02, 1.765E+01, 2.372E+01, 1.804E+01, 2.021E+00, 3.582E-01, 1.278E-01, 1.485E-01, 1.000E+00, 5.875E-01, 9.974E-01, 1.000E-02, 1.000E+00, 1.000E+00, 5.875E-03, 3.712E-05, 6.302E-05, 0.000E+00, 1.170E+02, 5.347E+01, 5.000E-03, 1.658E-04, 1.936E+02, 3.018E-03, 1.418E+00
28/04/2019,06:00,9,3.256,3.756,10.005,.688,.384, 1.015E+03, 6.851E+01, 0.000E+00, 3.469E-16, 1.035E+02, 7.244E+01, 1.682E+02, 2.700E+01, 1.777E+02, 7.580E+01, 1.936E+00, 5.708E-01, 1.263E-01, 2.223E-01, 1.000E+00, 7.436E-01, 9.990E-01, 1.000E-02, 1.000E+00, 1.000E+00, 7.436E-03, 4.727E-05, 6.350E-05, 0.000E+00, 1.120E+02, 5.413E+01, 5.000E-03, 2.111E-04, 1.919E+02, 3.033E-03, 1.799E+00
28/04/2019,07:00,9,3.256,3.756,11.361,.627,.503, 1.016E+03, 6.130E+01, 0.000E+00, 3.469E-16, 1.529E+02, 8.641E+01, 1.919E+02, 3.269E+01, 1.777E+02, 7.580E+01, 2.418E+00, 5.719E-01, 1.577E-01, 2.850E-01, 1.000E+00, 8.136E-01, 9.996E-01, 1.000E-02, 1.000E+00, 1.000E+00, 8.136E-03, 5.196E-05, 6.385E-05, 0.000E+00, 8.975E+01, 4.335E+01, 5.000E-03, 2.320E-04, 1.911E+02, 3.317E-03, 1.913E+00
28/04/2019,08:00,9,3.256,3.756,12.716,.566,.641, 1.017E+03, 5.482E+01, 0.000E+00, 3.469E-16, 1.956E+02, 9.411E+01, 2.057E+02, 3.598E+01, 1.777E+02, 7.580E+01, 2.947E+00, 5.731E-01, 1.921E-01, 3.329E-01, 1.000E+00, 8.481E-01, 9.998E-01, 9.973E-02, 1.000E+00, 1.000E+00, 8.458E-02, 5.428E-04, 6.399E-04, 0.000E+00, 7.370E+01, 3.558E+01, 5.000E-03, 2.424E-03, 1.347E+02, 4.439E-03, 1.764E+00
28/04/2019,09:00,9,3.256,3.756,14.072,.505,.800, 1.017E+03, 4.965E+01, 0.000E+00, 3.469E-16, 9.363E+01, 1.473E+02, 1.220E+02, 4.966E+01, 2.805E+02, 1.099E+02, 3.503E+00, 7.518E-01, 2.241E-01, 3.655E-01, 1.000E+00, 9.153E-01, 9.934E-01, 2.741E-01, 1.000E+00, 1.000E+00, 2.509E-01, 1.618E-03, 1.756E-03, 0.000E+00, 6.539E+01, 3.051E+01, 5.000E-03, 7.224E-03, 8.181E+01, 6.247E-03, 1.784E+00
28/04/2019,10:00,9,3.256,3.756,14.073,.489,.825, 1.018E+03, 4.642E+01, 0.000E+00, 3.469E-16, 1.014E+02, 1.543E+02, 1.256E+02, 5.199E+01, 2.805E+02, 1.099E+02, 3.773E+00, 7.517E-01, 2.413E-01, 3.835E-01, 1.000E+00, 9.251E-01, 9.943E-01, 2.742E-01, 1.000E+00, 1.000E+00, 2.536E-01, 1.635E-03, 1.758E-03, 0.000E+00, 6.070E+01, 2.832E+01, 5.000E-03, 7.303E-03, 8.128E+01, 6.496E-03, 1.725E+00
28/04/2019,11:00,9,3.256,3.756,14.073,.473,.851, 1.018E+03, 4.566E+01, 0.000E+00, 3.469E-16, 1.032E+02, 1.558E+02, 1.263E+02, 5.250E+01, 2.805E+02, 1.099E+02, 4.051E+00, 7.515E-01, 2.591E-01, 3.875E-01, 1.000E+00, 9.272E-01, 9.945E-01, 2.742E-01, 1.000E+00, 1.000E+00, 2.542E-01, 1.639E-03, 1.758E-03, 0.000E+00, 5.654E+01, 2.638E+01, 5.000E-03, 7.320E-03, 8.117E+01, 6.718E-03, 1.619E+00
28/04/2019,12:00,9,3.256,3.756,14.073,.457,.877, 1.019E+03, 4.749E+01, 0.000E+00, 3.469E-16, 3.078E+02, 7.897E+01, 2.615E+02, 3.368E+01, 2.283E+02, 1.032E+02, 4.334E+00, 7.744E-01, 2.735E-01, 3.777E-01, 1.000E+00, 8.443E-01, 1.000E+00, 2.743E-01, 1.000E+00, 1.000E+00, 2.315E-01, 1.493E-03, 1.768E-03, 0.000E+00, 5.490E+01, 2.499E+01, 5.000E-03, 6.667E-03, 8.572E+01, 6.660E-03, 1.491E+00
28/04/2019,13:00,9,3.256,3.756,13.666,.450,.865, 1.019E+03, 5.160E+01, 0.000E+00, 3.469E-16, 2.762E+02, 8.045E+01, 2.560E+02, 3.371E+01, 2.283E+02, 1.032E+02, 4.152E+00, 7.738E-01, 2.620E-01, 3.538E-01, 1.000E+00, 8.385E-01, 1.000E+00, 2.239E-01, 1.000E+00, 1.000E+00, 1.877E-01, 1.209E-03, 1.441E-03, 0.000E+00, 5.729E+01, 2.609E+01, 5.000E-03, 5.397E-03, 9.618E+01, 6.118E-03, 1.409E+00
28/04/2019,14:00,9,3.256,3.756,13.259,.443,.853, 1.019E+03, 5.739E+01, 0.000E+00, 3.469E-16, 2.289E+02, 8.000E+01, 2.451E+02, 3.276E+01, 2.283E+02, 1.032E+02, 3.991E+00, 7.731E-01, 2.519E-01, 3.149E-01, 1.000E+00, 8.219E-01, 1.000E+00, 1.718E-01, 1.000E+00, 1.000E+00, 1.412E-01, 9.079E-04, 1.105E-03, 0.000E+00, 5.959E+01, 2.714E+01, 5.000E-03, 4.054E-03, 1.104E+02, 5.543E-03, 1.353E+00
28/04/2019,15:00,9,3.256,3.756,12.852,.435,.841, 1.020E+03, 6.422E+01, 0.000E+00, 3.469E-16, 1.701E+02, 7.479E+01, 2.253E+02, 2.983E+01, 3.633E+01, 5.379E+01, 3.853E+00, 5.143E-01, 2.378E-01, 2.608E-01, 1.000E+00, 7.832E-01, 9.999E-01, 1.180E-01, 1.000E+00, 1.000E+00, 9.245E-02, 5.936E-04, 7.578E-04, 0.000E+00, 6.574E+01, 2.874E+01, 5.000E-03, 2.651E-03, 1.307E+02, 4.871E-03, 1.181E+00
28/04/2019,16:00,9,3.256,3.756,11.565,.484,.706, 1.020E+03, 7.158E+01, 0.000E+00, 3.469E-16, 1.051E+02, 6.255E+01, 1.905E+02, 2.411E+01, 3.633E+01, 5.379E+01, 3.386E+00, 5.130E-01, 2.090E-01, 1.930E-01, 1.000E+00, 7.005E-01, 9.996E-01, 1.000E-02, 1.000E+00, 1.000E+00, 7.005E-03, 4.477E-05, 6.389E-05, 0.000E+00, 7.477E+01, 3.270E+01, 5.000E-03, 1.999E-04, 1.923E+02, 3.608E-03, 1.012E+00
28/04/2019,17:00,9,3.256,3.756,10.279,.532,.587, 1.021E+03, 7.903E+01, 0.000E+00, 3.469E-16, 4.290E+01, 4.242E+01, 1.281E+02, 1.545E+01, 3.633E+01, 5.379E+01, 2.932E+00, 5.117E-01, 1.811E-01, 1.169E-01, 1.000E+00, 5.317E-01, 9.949E-01, 1.000E-02, 1.000E+00, 1.000E+00, 5.317E-03, 3.383E-05, 6.330E-05, 0.000E+00, 8.628E+01, 3.775E+01, 5.000E-03, 1.511E-04, 1.941E+02, 3.423E-03, 9.275E-01
28/04/2019,18:00,9,3.256,3.756,8.992,.580,.483, 1.021E+03, 8.618E+01, 0.000E+00, 3.469E-16, 2.426E+00, 1.591E+01, 2.342E+01, 5.200E+00,-3.083E+01, 9.686E+00, 2.500E+00, 2.663E-01, 1.063E-01, 4.089E-02, 1.000E+00, 2.100E-01, 6.184E-01, 1.000E-02, 1.000E+00, 1.000E+00, 2.100E-03, 1.330E-05, 3.917E-05, 0.000E+00, 2.211E+02, 6.428E+01, 5.000E-03, 5.938E-05, 1.977E+02, 2.690E-03, 8.757E-01
28/04/2019,19:00,9,3.256,3.756,7.572,.605,.412, 1.022E+03, 9.269E+01, 0.000E+00, 3.469E-16, 0.000E+00, 0.000E+00, 0.000E+00, 0.000E+00,-3.083E+01, 9.686E+00, 2.520E+00, 2.655E-01, 1.070E-01,-9.990E+02, 1.000E+00,-9.990E+02, 0.000E+00, 0.000E+00, 0.000E+00, 1.000E+00, 0.000E+00, 0.000E+00, 0.000E+00, 0.000E+00, 2.203E+02, 6.390E+01, 5.000E-03, 0.000E+00, 2.000E+02, 2.680E-03, 8.253E-01
28/04/2019,20:00,9,3.256,3.756,6.152,.631,.349, 1.022E+03, 9.818E+01, 0.000E+00, 3.469E-16, 0.000E+00, 0.000E+00, 0.000E+00, 0.000E+00,-3.083E+01, 9.686E+00, 2.546E+00, 2.648E-01, 1.078E-01,-9.990E+02, 1.000E+00,-9.990E+02, 0.000E+00, 0.000E+00, 0.000E+00, 1.000E+00, 0.000E+00, 0.000E+00, 0.000E+00, 0.000E+00, 2.190E+02, 6.339E+01, 5.000E-03, 0.000E+00, 2.000E+02, 2.689E-03, 8.291E-01
28/04/2019,21:00,9,3.256,3.756,4.732,.656,.294, 1.023E+03, 1.023E+02, 0.000E+00, 3.469E-16, 0.000E+00, 0.000E+00, 0.000E+00, 0.000E+00,-1.240E+01, 8.144E+00, 2.577E+00, 1.669E-01, 1.000E-01,-9.990E+02, 1.000E+00,-9.990E+02, 0.000E+00, 0.000E+00, 0.000E+00, 1.000E+00, 0.000E+00, 0.000E+00, 0.000E+00, 0.000E+00, 2.771E+02, 6.835E+01, 5.000E-03, 0.000E+00, 2.000E+02, 2.570E-03, 1.076E+00
28/04/2019,22:00,9,3.256,3.756,4.151,.668,.273, 1.023E+03, 1.048E+02, 0.000E+00, 3.469E-16, 0.000E+00, 0.000E+00, 0.000E+00, 0.000E+00,-1.240E+01, 8.144E+00, 2.303E+00, 1.667E-01, 1.000E-01,-9.990E+02, 1.000E+00,-9.990E+02, 0.000E+00, 0.000E+00, 0.000E+00, 1.000E+00, 0.000E+00, 0.000E+00, 0.000E+00, 0.000E+00, 2.775E+02, 6.835E+01, 5.000E-03, 0.000E+00, 2.000E+02, 2.570E-03, 1.390E+00
28/04/2019,23:00,9,3.256,3.756,3.570,.679,.253, 1.023E+03, 1.053E+02, 0.000E+00, 3.469E-16, 0.000E+00, 0.000E+00, 0.000E+00, 0.000E+00,-1.240E+01, 8.144E+00, 2.033E+00, 1.666E-01, 1.000E-01,-9.990E+02, 1.000E+00,-9.990E+02, 0.000E+00, 0.000E+00, 0.000E+00, 1.000E+00, 0.000E+00, 0.000E+00, 0.000E+00, 0.000E+00, 2.778E+02, 6.835E+01, 5.000E-03, 0.000E+00, 2.000E+02, 2.570E-03, 1.635E+00
29/04/2019,00:00,9,3.267,3.767,2.988,.691,.234, 1.023E+03, 1.039E+02, 0.000E+00, 3.469E-16, 0.000E+00, 0.000E+00, 0.000E+00, 0.000E+00,-1.687E+00, 2.986E+00, 1.770E+00, 1.000E-01, 1.000E-01,-9.990E+02, 1.000E+00,-9.990E+02, 0.000E+00, 0.000E+00, 0.000E+00, 1.000E+00, 0.000E+00, 0.000E+00, 0.000E+00, 0.000E+00, 2.372E+02, 6.835E+01, 5.000E-03, 0.000E+00, 2.000E+02, 2.595E-03, 1.974E+00
29/04/2019,01:00,9,3.267,3.767,2.733,.733,.199, 1.023E+03, 1.007E+02, 0.000E+00, 3.469E-16, 0.000E+00, 0.000E+00, 0.000E+00, 0.000E+00,-1.687E+00, 2.986E+00, 1.143E+00, 1.000E-01, 1.000E-01,-9.990E+02, 1.000E+00,-9.990E+02, 0.000E+00, 0.000E+00, 0.000E+00, 1.000E+00, 0.000E+00, 0.000E+00, 0.000E+00, 0.000E+00, 2.372E+02, 6.835E+01, 5.000E-03, 0.000E+00, 2.000E+02, 2.595E-03, 2.330E+00
29/04/2019,02:00,9,3.267,3.767,2.478,.775,.164, 1.023E+03, 9.590E+01, 0.000E+00, 3.469E-16, 0.000E+00, 0.000E+00, 0.000E+00, 0.000E+00,-1.687E+00, 2.986E+00, 6.964E-01, 1.000E-01, 1.000E-01,-9.990E+02, 1.000E+00,-9.990E+02, 0.000E+00, 0.000E+00, 0.000E+00, 1.000E+00, 0.000E+00, 0.000E+00, 0.000E+00, 0.000E+00, 2.372E+02, 6.835E+01, 5.000E-03, 0.000E+00, 2.000E+02, 2.595E-03, 2.735E+00
29/04/2019,03:00,9,3.267,3.767,2.223,.817,.131, 1.022E+03, 8.990E+01, 0.000E+00, 3.469E-16, 9.117E-49, 4.051E-01, 0.000E+00, 0.000E+00, 2.504E+01, 1.951E+01, 8.161E-01, 1.031E-01, 1.000E-01,-9.990E+02, 1.000E+00,-9.990E+02, 0.000E+00, 0.000E+00, 0.000E+00, 1.000E+00, 0.000E+00, 0.000E+00, 0.000E+00, 0.000E+00, 8.198E+01, 6.835E+01, 5.000E-03, 0.000E+00, 2.000E+02, 2.937E-03, 3.149E+00
29/04/2019,04:00,9,3.267,3.767,4.012,.714,.233, 1.022E+03, 8.306E+01, 0.000E+00, 3.469E-16, 1.549E+01, 2.827E+01, 7.378E+01, 9.738E+00, 2.504E+01, 1.951E+01, 4.595E-01, 1.035E-01, 1.000E-01, 7.402E-02, 1.000E+00, 3.761E-01, 9.519E-01, 1.000E-02, 1.000E+00, 1.000E+00, 3.761E-03, 2.340E-05, 5.923E-05, 0.000E+00, 8.218E+01, 6.835E+01, 5.000E-03, 1.048E-04, 1.959E+02, 2.971E-03, 3.294E+00
29/04/2019,05:00,9,3.267,3.767,5.801,.611,.359, 1.022E+03, 7.571E+01, 0.000E+00, 3.469E-16, 6.952E+01, 5.238E+01, 1.604E+02, 1.961E+01, 2.504E+01, 1.951E+01, 2.210E-01, 1.038E-01, 1.000E-01, 1.509E-01, 1.000E+00, 6.207E-01, 9.986E-01, 1.000E-02, 1.000E+00, 1.000E+00, 6.207E-03, 3.887E-05, 6.254E-05, 0.000E+00, 8.238E+01, 6.835E+01, 5.000E-03, 1.741E-04, 1.933E+02, 2.993E-03, 3.540E+00
29/04/2019,06:00,9,3.267,3.767,7.590,.507,.514, 1.022E+03, 6.823E+01, 0.000E+00, 3.469E-16, 8.351E+01, 8.290E+01, 1.421E+02, 2.950E+01, 1.745E+02, 8.390E+01, 4.230E-01, 3.054E-01, 1.000E-01, 2.243E-01, 1.000E+00, 7.688E-01, 9.971E-01, 1.000E-02, 1.000E+00, 1.000E+00, 7.688E-03, 4.845E-05, 6.284E-05, 0.000E+00, 1.090E+02, 6.835E+01, 5.000E-03, 2.171E-04, 1.917E+02, 2.849E-03, 4.008E+00
29/04/2019,07:00,9,3.267,3.767,9.448,.465,.634, 1.022E+03, 6.101E+01, 0.000E+00, 3.469E-16, 1.228E+02, 1.026E+02, 1.635E+02, 3.675E+01, 1.745E+02, 8.390E+01, 6.721E-01, 3.065E-01, 1.000E-01, 2.865E-01, 1.000E+00, 8.423E-01, 9.988E-01, 1.000E-02, 1.000E+00, 1.000E+00, 8.423E-03, 5.343E-05, 6.336E-05, 0.000E+00, 1.092E+02, 6.835E+01, 5.000E-03, 2.394E-04, 1.909E+02, 2.855E-03, 2.298E+00
29/04/2019,08:00,9,3.267,3.767,11.306,.423,.775, 1.022E+03, 5.453E+01, 0.000E+00, 3.469E-16, 1.567E+02, 1.156E+02, 1.766E+02, 4.153E+01, 1.745E+02, 8.390E+01, 9.328E-01, 3.075E-01, 1.000E-01, 3.340E-01, 1.000E+00, 8.791E-01, 9.993E-01, 1.000E-02, 1.000E+00, 1.000E+00, 8.791E-03, 5.613E-05, 6.381E-05, 0.000E+00, 1.093E+02, 6.835E+01, 5.000E-03, 2.515E-04, 1.904E+02, 2.858E-03, 2.351E+00
29/04/2019,09:00,9,3.267,3.767,13.165,.381,.942, 1.021E+03, 4.935E+01, 0.000E+00, 3.469E-16, 2.936E+02, 7.985E+01, 2.590E+02, 3.369E+01, 2.516E+02, 1.178E+02, 1.197E+00, 3.539E-01, 1.000E-01, 3.663E-01, 1.000E+00, 8.415E-01, 1.000E+00, 1.595E-01, 1.000E+00, 1.000E+00, 1.342E-01, 8.626E-04, 1.025E-03, 0.000E+00, 1.104E+02, 6.835E+01, 5.000E-03, 3.864E-03, 1.128E+02, 3.663E-03, 2.425E+00
29/04/2019,10:00,9,3.267,3.767,14.308,.374,1.027, 1.021E+03, 4.611E+01, 0.000E+00, 3.469E-16, 3.179E+02, 7.823E+01, 2.628E+02, 3.350E+01, 2.516E+02, 1.178E+02, 1.050E+00, 3.547E-01, 1.000E-01, 3.842E-01, 1.000E+00, 8.447E-01, 1.000E+00, 3.025E-01, 1.000E+00, 1.000E+00, 2.555E-01, 1.649E-03, 1.952E-03, 0.000E+00, 1.106E+02, 6.835E+01, 5.000E-03, 7.387E-03, 8.073E+01, 4.150E-03, 2.063E+00
29/04/2019,11:00,9,3.267,3.767,15.450,.366,1.120, 1.020E+03, 4.535E+01, 0.000E+00, 3.469E-16, 3.235E+02, 7.774E+01, 2.635E+02, 3.341E+01, 2.516E+02, 1.178E+02, 9.021E-01, 3.555E-01, 1.000E-01, 3.881E-01, 1.000E+00, 8.451E-01, 1.000E+00, 4.322E-01, 1.000E+00, 1.000E+00, 3.652E-01, 2.366E-03, 2.800E-03, 0.000E+00, 1.107E+02, 6.835E+01, 5.000E-03, 1.060E-02, 6.410E+01, 4.456E-03, 2.023E+00
29/04/2019,12:00,9,3.267,3.767,16.593,.359,1.220, 1.020E+03, 4.720E+01, 0.000E+00, 3.469E-16, 3.086E+02, 7.849E+01, 2.605E+02, 3.344E+01, 1.418E+02, 1.121E+02, 7.548E-01, 3.666E-01, 1.000E-01, 3.784E-01, 1.000E+00, 8.429E-01, 1.000E+00, 5.485E-01, 1.000E+00, 1.000E+00, 4.623E-01, 3.007E-03, 3.568E-03, 0.000E+00, 1.233E+02, 6.835E+01, 5.000E-03, 1.347E-02, 5.413E+01, 4.522E-03, 1.947E+00
29/04/2019,13:00,9,3.267,3.767,16.994,.369,1.232, 1.019E+03, 5.132E+01, 0.000E+00, 3.469E-16, 2.772E+02, 8.004E+01, 2.553E+02, 3.350E+01, 1.418E+02, 1.121E+02, 5.411E-01, 3.670E-01, 1.000E-01, 3.546E-01, 1.000E+00, 8.373E-01, 1.000E+00, 5.862E-01, 1.000E+00, 1.000E+00, 4.908E-01, 3.197E-03, 3.818E-03, 0.000E+00, 1.234E+02, 6.835E+01, 5.000E-03, 1.432E-02, 5.176E+01, 4.570E-03, 2.036E+00
29/04/2019,14:00,9,3.267,3.767,17.395,.379,1.244, 1.018E+03, 5.712E+01, 0.000E+00, 3.469E-16, 2.302E+02, 7.972E+01, 2.447E+02, 3.261E+01, 1.418E+02, 1.121E+02, 1.550E+00, 3.674E-01, 1.094E-01, 3.159E-01, 1.000E+00, 8.211E-01, 1.000E+00, 6.222E-01, 1.000E+00, 1.000E+00, 5.109E-01, 3.332E-03, 4.058E-03, 0.000E+00, 1.128E+02, 6.250E+01, 5.000E-03, 1.493E-02, 5.018E+01, 4.928E-03, 2.293E+00
29/04/2019,15:00,9,3.267,3.767,17.796,.389,1.255, 1.018E+03, 6.397E+01, 0.000E+00, 3.469E-16, 1.724E+02, 7.506E+01, 2.263E+02, 2.990E+01,-6.144E+00, 6.067E+01, 2.627E+00, 4.068E-01, 1.526E-01, 2.622E-01, 1.000E+00, 7.843E-01, 9.999E-01, 6.566E-01, 1.000E+00, 1.000E+00, 5.150E-01, 3.363E-03, 4.288E-03, 0.000E+00, 1.128E+02, 4.479E+01, 5.000E-03, 1.507E-02, 4.983E+01, 5.976E-03, 2.014E+00
29/04/2019,16:00,9,3.267,3.767,16.006,.434,1.036, 1.018E+03, 7.133E+01, 0.000E+00, 3.469E-16, 1.074E+02, 6.306E+01, 1.921E+02, 2.429E+01,-6.144E+00, 6.067E+01, 2.541E+00, 4.055E-01, 1.476E-01, 1.948E-01, 1.000E+00, 7.034E-01, 9.996E-01, 4.904E-01, 1.000E+00, 1.000E+00, 3.449E-01, 2.239E-03, 3.182E-03, 0.000E+00, 1.166E+02, 4.630E+01, 5.000E-03, 1.003E-02, 6.653E+01, 5.319E-03, 1.753E+00
29/04/2019,17:00,9,3.267,3.767,14.216,.480,.848, 1.018E+03, 7.878E+01, 0.000E+00, 3.469E-16, 4.492E+01, 4.321E+01, 1.311E+02, 1.575E+01,-6.144E+00, 6.067E+01, 2.742E+00, 4.042E-01, 1.592E-01, 1.191E-01, 1.000E+00, 5.386E-01, 9.955E-01, 2.915E-01, 1.000E+00, 1.000E+00, 1.570E-01, 1.013E-03, 1.872E-03, 0.000E+00, 1.081E+02, 4.293E+01, 5.000E-03, 4.537E-03, 1.049E+02, 4.598E-03, 1.684E+00
29/04/2019,18:00,9,3.267,3.767,12.426,.525,.688, 1.018E+03, 8.593E+01, 0.000E+00, 3.469E-16, 2.349E-01, 7.636E+00, 4.095E+00, 2.442E+00,-4.469E+01, 1.184E+01, 3.173E+00, 3.224E-01, 1.423E-01, 4.348E-02, 1.000E+00, 9.813E-02, 1.550E-01, 5.987E-02, 1.000E+00, 1.000E+00, 5.875E-03, 3.767E-05, 5.950E-05, 0.000E+00, 1.567E+02, 4.803E+01, 5.000E-03, 1.687E-04, 1.935E+02, 3.098E-03, 1.759E+00
29/04/2019,19:00,9,3.267,3.767,10.508,.549,.575, 1.018E+03, 9.242E+01, 0.000E+00, 3.469E-16, 0.000E+00, 0.000E+00, 0.000E+00, 0.000E+00,-4.469E+01, 1.184E+01, 2.841E+00, 3.214E-01, 1.271E-01,-9.990E+02, 1.000E+00,-9.990E+02, 0.000E+00, 0.000E+00, 0.000E+00, 1.000E+00, 0.000E+00, 0.000E+00, 0.000E+00, 0.000E+00, 1.759E+02, 5.379E+01, 5.000E-03, 0.000E+00, 2.000E+02, 2.900E-03, 1.847E+00
29/04/2019,20:00,9,3.267,3.767,8.590,.573,.478, 1.018E+03, 9.790E+01, 0.000E+00, 3.469E-16, 0.000E+00, 0.000E+00, 0.000E+00, 0.000E+00,-4.469E+01, 1.184E+01, 2.736E+00, 3.203E-01, 1.221E-01,-9.990E+02, 1.000E+00,-9.990E+02, 0.000E+00, 0.000E+00, 0.000E+00, 1.000E+00, 0.000E+00, 0.000E+00, 0.000E+00, 0.000E+00, 1.836E+02, 5.599E+01, 5.000E-03, 0.000E+00, 2.000E+02, 2.850E-03, 1.990E+00
29/04/2019,21:00,9,3.267,3.767,6.672,.597,.395, 1.018E+03, 1.020E+02, 0.000E+00, 3.469E-16, 0.000E+00, 0.000E+00, 0.000E+00, 0.000E+00,-2.570E+01, 1.083E+01, 2.884E+00, 3.027E-01, 1.398E-01,-9.990E+02, 1.000E+00,-9.990E+02, 0.000E+00, 0.000E+00, 0.000E+00, 1.000E+00, 0.000E+00, 0.000E+00, 0.000E+00, 0.000E+00, 1.476E+02, 4.890E+01, 5.000E-03, 0.000E+00, 2.000E+02, 3.025E-03, 2.153E+00
29/04/2019,22:00,9,3.267,3.767,6.342,.583,.400, 1.018E+03, 1.044E+02, 0.000E+00, 3.469E-16, 0.000E+00, 0.000E+00, 0.000E+00, 0.000E+00,-2.570E+01, 1.083E+01, 2.784E+00, 3.025E-01, 1.349E-01,-9.990E+02, 1.000E+00,-9.990E+02, 0.000E+00, 0.000E+00, 0.000E+00, 1.000E+00, 0.000E+00, 0.000E+00, 0.000E+00, 0.000E+00, 1.530E+02, 5.067E+01, 5.000E-03, 0.000E+00, 2.000E+02, 2.983E-03, 2.265E+00
29/04/2019,23:00,9,3.267,3.767,6.012,.568,.405, 1.018E+03, 1.050E+02, 0.000E+00, 3.469E-16, 0.000E+00, 0.000E+00, 0.000E+00, 0.000E+00,-2.570E+01, 1.083E+01, 2.705E+00, 3.024E-01, 1.310E-01,-9.990E+02, 1.000E+00,-9.990E+02, 0.000E+00, 0.000E+00, 0.000E+00, 1.000E+00, 0.000E+00, 0.000E+00, 0.000E+00, 0.000E+00, 1.575E+02, 5.216E+01, 5.000E-03, 0.000E+00, 2.000E+02, 2.948E-03, 2.347E+00
30/04/2019,00:00,9,3.278,3.778,5.682,.553,.409, 1.018E+03, 1.036E+02, 1.053E-01, 3.469E-16, 0.000E+00, 0.000E+00, 0.000E+00, 0.000E+00,-2.224E+01, 2.284E+01, 2.649E+00, 2.719E-01, 1.240E-01,-9.990E+02, 1.000E+00,-9.990E+02, 0.000E+00, 0.000E+00, 0.000E+00, 1.000E+00, 0.000E+00, 0.000E+00, 0.000E+00, 0.000E+00, 1.724E+02, 5.513E+01, 5.000E-03, 0.000E+00, 2.000E+02, 2.876E-03, 2.458E+00
30/04/2019,01:00,9,3.278,3.778,5.318,.560,.393, 1.017E+03, 1.004E+02, 1.053E-01, 3.469E-16, 0.000E+00, 0.000E+00, 0.000E+00, 0.000E+00,-2.224E+01, 2.284E+01, 2.630E+00, 2.718E-01, 1.230E-01,-9.990E+02, 1.000E+00,-9.990E+02, 0.000E+00, 0.000E+00, 0.000E+00, 1.000E+00, 0.000E+00, 0.000E+00, 0.000E+00, 0.000E+00, 1.738E+02, 5.557E+01, 5.000E-03, 0.000E+00, 2.000E+02, 2.866E-03, 2.596E+00
30/04/2019,02:00,9,3.278,3.778,4.954,.566,.377, 1.017E+03, 9.560E+01, 1.053E-01, 3.469E-16, 0.000E+00, 0.000E+00, 0.000E+00, 0.000E+00,-2.224E+01, 2.284E+01, 2.646E+00, 2.717E-01, 1.237E-01,-9.990E+02, 1.000E+00,-9.990E+02, 0.000E+00, 0.000E+00, 0.000E+00, 1.000E+00, 0.000E+00, 0.000E+00, 0.000E+00, 0.000E+00, 1.729E+02, 5.525E+01, 5.000E-03, 0.000E+00, 2.000E+02, 2.873E-03, 2.695E+00
30/04/2019,03:00,9,3.278,3.778,4.589,.573,.362, 1.016E+03, 8.962E+01, 2.952E-01, 3.469E-16, 3.220E-12, 1.422E+00, 0.000E+00, 0.000E+00,-6.464E+00, 4.984E+01, 2.697E+00, 2.629E-01, 1.474E-01,-9.990E+02, 1.000E+00,-9.990E+02, 0.000E+00, 0.000E+00, 0.000E+00, 1.000E+00, 0.000E+00, 0.000E+00, 0.000E+00, 0.000E+00, 1.241E+02, 4.637E+01, 5.000E-03, 0.000E+00, 2.000E+02, 3.102E-03, 2.766E+00
30/04/2019,04:00,9,3.278,3.778,5.061,.613,.339, 1.016E+03, 8.277E+01, 2.952E-01, 3.469E-16, 1.392E+01, 2.718E+01, 6.464E+01, 9.290E+00,-6.464E+00, 4.984E+01, 2.149E+00, 2.632E-01, 1.175E-01, 7.676E-02, 1.000E+00, 3.646E-01, 9.300E-01, 1.000E-02, 1.000E+00, 1.000E+00, 3.646E-03, 2.277E-05, 5.808E-05, 0.000E+00, 1.557E+02, 5.818E+01, 5.000E-03, 1.023E-04, 1.960E+02, 2.861E-03, 2.569E+00
30/04/2019,05:00,9,3.278,3.778,5.532,.654,.314, 1.016E+03, 7.543E+01, 2.952E-01, 3.469E-16, 5.821E+01, 5.234E+01, 1.348E+02, 1.906E+01,-6.464E+00, 4.984E+01, 1.621E+00, 2.634E-01, 1.000E-01, 1.533E-01, 1.000E+00, 6.127E-01, 9.961E-01, 1.000E-02, 1.000E+00, 1.000E+00, 6.127E-03, 3.833E-05, 6.232E-05, 0.000E+00, 1.829E+02, 6.835E+01, 5.000E-03, 1.723E-04, 1.933E+02, 2.676E-03, 2.403E+00
30/04/2019,06:00,9,3.278,3.778,6.004,.694,.286, 1.016E+03, 6.795E+01, 1.128E+00, 3.469E-16, 1.372E+02, 6.933E+01, 2.098E+02, 2.710E+01, 2.874E+01, 1.215E+02, 1.140E+00, 2.421E-01, 1.000E-01, 2.262E-01, 1.000E+00, 7.461E-01, 9.998E-01, 1.000E-02, 1.000E+00, 1.000E+00, 7.461E-03, 4.676E-05, 6.266E-05, 0.000E+00, 1.295E+02, 6.835E+01, 5.000E-03, 2.101E-04, 1.919E+02, 2.765E-03, 2.349E+00
30/04/2019,07:00,9,3.278,3.778,7.136,.735,.269, 1.015E+03, 6.073E+01, 1.128E+00, 3.469E-16, 2.004E+02, 7.794E+01, 2.363E+02, 3.138E+01, 2.874E+01, 1.215E+02, 8.115E-01, 2.427E-01, 1.000E-01, 2.879E-01, 1.000E+00, 8.041E-01, 9.999E-01, 1.000E-02, 1.000E+00, 1.000E+00, 8.041E-03, 5.059E-05, 6.292E-05, 0.000E+00, 1.296E+02, 6.835E+01, 5.000E-03, 2.274E-04, 1.913E+02, 2.769E-03, 1.579E+00
30/04/2019,08:00,9,3.278,3.778,8.268,.775,.246, 1.015E+03, 5.423E+01, 1.128E+00, 3.469E-16, 2.549E+02, 8.042E+01, 2.513E+02, 3.320E+01, 2.874E+01, 1.215E+02, 5.639E-01, 2.432E-01, 1.000E-01, 3.351E-01, 1.000E+00, 8.303E-01, 1.000E+00, 1.000E-02, 1.000E+00, 1.000E+00, 8.303E-03, 5.245E-05, 6.317E-05, 0.000E+00, 1.297E+02, 6.835E+01, 5.000E-03, 2.358E-04, 1.910E+02, 2.771E-03, 1.441E+00
30/04/2019,09:00,9,3.278,3.778,9.400,.815,.218, 1.015E+03, 4.905E+01, 5.439E-02, 3.469E-16, 2.848E+02, 7.646E+01, 2.495E+02, 3.226E+01, 9.129E+01, 1.066E+02, 5.262E-01, 4.253E-01, 1.000E-01, 3.671E-01, 1.000E+00, 8.321E-01, 1.000E+00, 1.000E-02, 1.000E+00, 1.000E+00, 8.321E-03, 5.278E-05, 6.343E-05, 0.000E+00, 1.382E+02, 6.835E+01, 5.000E-03, 2.372E-04, 1.909E+02, 2.748E-03, 1.470E+00
30/04/2019,10:00,9,3.278,3.778,10.429,.777,.282, 1.014E+03, 4.581E+01, 5.439E-02, 3.469E-16, 3.081E+02, 7.483E+01, 2.530E+02, 3.204E+01, 9.129E+01, 1.066E+02, 9.675E-01, 4.261E-01, 1.000E-01, 3.848E-01, 1.000E+00, 8.353E-01, 1.000E+00, 1.000E-02, 1.000E+00, 1.000E+00, 8.353E-03, 5.318E-05, 6.366E-05, 0.000E+00, 1.382E+02, 6.835E+01, 5.000E-03, 2.390E-04, 1.909E+02, 2.748E-03, 2.001E+00
30/04/2019,11:00,9,3.278,3.778,11.458,.739,.354, 1.014E+03, 4.505E+01, 5.439E-02, 3.469E-16, 3.134E+02, 7.434E+01, 2.537E+02, 3.195E+01, 9.129E+01, 1.066E+02, 1.887E+00, 4.270E-01, 1.247E-01, 3.887E-01, 1.000E+00, 8.357E-01, 1.000E+00, 1.000E-02, 1.000E+00, 1.000E+00, 8.357E-03, 5.340E-05, 6.389E-05, 0.000E+00, 1.110E+02, 5.483E+01, 5.000E-03, 2.400E-04, 1.908E+02, 3.034E-03, 2.088E+00
30/04/2019,12:00,9,3.278,3.778,12.487,.701,.435, 1.014E+03, 4.691E+01, 5.245E-02, 3.469E-16, 3.126E+02, 7.853E+01, 2.623E+02, 3.346E+01, 1.502E+02, 1.044E+02, 2.855E+00, 3.032E-01, 2.140E-01, 3.790E-01, 1.000E+00, 8.432E-01, 1.000E+00, 6.834E-02, 1.000E+00, 1.000E+00, 5.762E-02, 3.695E-04, 4.382E-04, 0.000E+00, 5.202E+01, 3.194E+01, 5.000E-03, 1.661E-03, 1.501E+02, 4.440E-03, 1.868E+00
30/04/2019,13:00,9,3.278,3.778,13.515,.636,.567, 1.013E+03, 5.105E+01, 5.245E-02, 3.469E-16, 2.810E+02, 8.020E+01, 2.571E+02, 3.355E+01, 1.502E+02, 1.044E+02, 1.611E+00, 3.039E-01, 1.206E-01, 3.553E-01, 1.000E+00, 8.378E-01, 1.000E+00, 2.047E-01, 1.000E+00, 1.000E+00, 1.715E-01, 1.104E-03, 1.318E-03, 0.000E+00, 9.236E+01, 5.666E+01, 5.000E-03, 4.961E-03, 1.004E+02, 4.280E-03, 1.594E+00
30/04/2019,14:00,9,3.278,3.778,14.543,.571,.715, 1.012E+03, 5.686E+01, 5.245E-02, 3.469E-16, 2.339E+02, 8.005E+01, 2.467E+02, 3.272E+01, 1.502E+02, 1.044E+02, 4.525E-01, 3.046E-01, 1.000E-01, 3.169E-01, 1.000E+00, 8.222E-01, 1.000E+00, 3.303E-01, 1.000E+00, 1.000E+00, 2.716E-01, 1.754E-03, 2.133E-03, 0.000E+00, 1.115E+02, 6.835E+01, 5.000E-03, 7.884E-03, 7.762E+01, 4.194E-03, 1.562E+00
30/04/2019,15:00,9,3.278,3.778,15.572,.506,.880, 1.011E+03, 6.372E+01, 3.084E-04, 3.469E-16, 1.751E+02, 7.526E+01, 2.277E+02, 2.996E+01, 2.502E+01, 4.429E+01, 9.918E-01, 2.193E-01, 1.000E-01, 2.635E-01, 1.000E+00, 7.852E-01, 9.999E-01, 4.452E-01, 1.000E+00, 1.000E+00, 3.495E-01, 2.266E-03, 2.885E-03, 0.000E+00, 1.266E+02, 6.835E+01, 5.000E-03, 1.018E-02, 6.586E+01, 4.266E-03, 1.464E+00
30/04/2019,16:00,9,3.278,3.778,14.298,.580,.688, 1.011E+03, 7.109E+01, 3.084E-04, 3.469E-16, 1.100E+02, 6.352E+01, 1.942E+02, 2.446E+01, 2.502E+01, 4.429E+01, 5.997E-01, 2.188E-01, 1.000E-01, 1.965E-01, 1.000E+00, 7.061E-01, 9.997E-01, 3.013E-01, 1.000E+00, 1.000E+00, 2.128E-01, 1.373E-03, 1.944E-03, 0.000E+00, 1.265E+02, 6.835E+01, 5.000E-03, 6.172E-03, 8.951E+01, 3.876E-03, 1.373E+00
30/04/2019,17:00,9,3.278,3.778,13.024,.655,.520, 1.010E+03, 7.853E+01, 3.084E-04, 3.469E-16, 4.716E+01, 4.397E+01, 1.346E+02, 1.604E+01, 2.502E+01, 4.429E+01, 7.012E-01, 2.184E-01, 1.000E-01, 1.213E-01, 1.000E+00, 5.453E-01, 9.961E-01, 1.410E-01, 1.000E+00, 1.000E+00, 7.687E-02, 4.938E-04, 9.020E-04, 0.000E+00, 1.264E+02, 6.835E+01, 5.000E-03, 2.220E-03, 1.385E+02, 3.258E-03, 1.286E+00
30/04/2019,18:00,9,3.278,3.778,11.750,.729,.375, 1.010E+03, 8.567E+01, 1.728E-05, 3.469E-16, 3.923E+00, 1.799E+01, 3.191E+01, 5.904E+00,-1.919E+01, 4.690E+00, 1.175E+00, 1.809E-01, 1.000E-01, 4.603E-02, 1.000E+00, 2.393E-01, 7.308E-01, 1.000E-02, 1.000E+00, 1.000E+00, 2.393E-03, 1.531E-05, 4.674E-05, 0.000E+00, 3.021E+02, 6.835E+01, 5.000E-03, 6.879E-05, 1.973E+02, 2.573E-03, 1.167E+00
30/04/2019,19:00,9,3.278,3.778,10.170,.666,.416, 1.010E+03, 9.216E+01, 1.728E-05, 3.469E-16, 0.000E+00, 0.000E+00, 0.000E+00, 0.000E+00,-1.919E+01, 4.690E+00, 1.122E+00, 1.805E-01, 1.000E-01,-9.990E+02, 1.000E+00,-9.990E+02, 0.000E+00, 0.000E+00, 0.000E+00, 1.000E+00, 0.000E+00, 0.000E+00, 0.000E+00, 0.000E+00, 3.032E+02, 6.835E+01, 5.000E-03, 0.000E+00, 2.000E+02, 2.554E-03, 1.115E+00
30/04/2019,20:00,9,3.278,3.778,8.590,.603,.444, 1.009E+03, 9.763E+01, 1.728E-05, 3.469E-16, 0.000E+00, 0.000E+00, 0.000E+00, 0.000E+00,-1.919E+01, 4.690E+00, 1.985E+00, 1.800E-01, 1.000E-01,-9.990E+02, 1.000E+00,-9.990E+02, 0.000E+00, 0.000E+00, 0.000E+00, 1.000E+00, 0.000E+00, 0.000E+00, 0.000E+00, 0.000E+00, 3.043E+02, 6.835E+01, 5.000E-03, 0.000E+00, 2.000E+02, 2.554E-03, 1.200E+00
30/04/2019,21:00,9,3.278,3.778,7.009,.540,.462, 1.009E+03, 1.017E+02, 1.728E-05, 3.469E-16, 0.000E+00, 0.000E+00, 0.000E+00, 0.000E+00,-3.621E+01, 1.263E+01, 3.069E+00, 2.756E-01, 1.280E-01,-9.990E+02, 1.000E+00,-9.990E+02, 0.000E+00, 0.000E+00, 0.000E+00, 1.000E+00, 0.000E+00, 0.000E+00, 0.000E+00, 0.000E+00, 1.874E+02, 5.341E+01, 5.000E-03, 0.000E+00, 2.000E+02, 2.898E-03, 1.676E+00
30/04/2019,22:00,9,3.278,3.778,6.272,.534,.445, 1.008E+03, 1.041E+02, 1.728E-05, 3.469E-16, 0.000E+00, 0.000E+00, 0.000E+00, 0.000E+00,-3.621E+01, 1.263E+01, 3.006E+00, 2.754E-01, 1.252E-01,-9.990E+02, 1.000E+00,-9.990E+02, 0.000E+00, 0.000E+00, 0.000E+00, 1.000E+00, 0.000E+00, 0.000E+00, 0.000E+00, 0.000E+00, 1.918E+02, 5.460E+01, 5.000E-03, 0.000E+00, 2.000E+02, 2.871E-03, 2.175E+00
30/04/2019,23:00,9,3.278,3.778,5.534,.528,.428, 1.007E+03, 1.047E+02, 1.728E-05, 3.469E-16, 0.000E+00, 0.000E+00, 0.000E+00, 0.000E+00,-3.621E+01, 1.263E+01, 2.948E+00, 2.751E-01, 1.227E-01,-9.990E+02, 1.000E+00,-9.990E+02, 0.000E+00, 0.000E+00, 0.000E+00, 1.000E+00, 0.000E+00, 0.000E+00, 0.000E+00, 0.000E+00, 1.959E+02, 5.572E+01, 5.000E-03, 0.000E+00, 2.000E+02, 2.846E-03, 2.328E+00
01/05/2019,00:00,9,3.288,3.788,4.797,.522,.411, 1.007E+03, 1.033E+02, 3.797E-04, 3.469E-16, 0.000E+00, 0.000E+00, 0.000E+00, 0.000E+00,-2.846E+01, 1.055E+01, 2.897E+00, 2.358E-01, 1.121E-01,-9.990E+02, 1.000E+00,-9.990E+02, 0.000E+00, 0.000E+00, 0.000E+00, 1.000E+00, 0.000E+00, 0.000E+00, 0.000E+00, 0.000E+00, 2.303E+02, 6.095E+01, 5.000E-03, 0.000E+00, 2.000E+02, 2.725E-03, 2.455E+00
01/05/2019,01:00,9,3.288,3.788,4.596,.537,.393, 1.006E+03, 1.001E+02, 3.797E-04, 3.469E-16, 0.000E+00, 0.000E+00, 0.000E+00, 0.000E+00,-2.846E+01, 1.055E+01, 2.536E+00, 2.358E-01, 1.000E-01,-9.990E+02, 1.000E+00,-9.990E+02, 0.000E+00, 0.000E+00, 0.000E+00, 1.000E+00, 0.000E+00, 0.000E+00, 0.000E+00, 0.000E+00, 2.584E+02, 6.835E+01, 5.000E-03, 0.000E+00, 2.000E+02, 2.582E-03, 2.431E+00
01/05/2019,02:00,9,3.288,3.788,4.395,.551,.375, 1.005E+03, 9.531E+01, 3.797E-04, 3.469E-16, 0.000E+00, 0.000E+00, 0.000E+00, 0.000E+00,-2.846E+01, 1.055E+01, 2.416E+00, 2.358E-01, 1.000E-01,-9.990E+02, 1.000E+00,-9.990E+02, 0.000E+00, 0.000E+00, 0.000E+00, 1.000E+00, 0.000E+00, 0.000E+00, 0.000E+00, 0.000E+00, 2.584E+02, 6.835E+01, 5.000E-03, 0.000E+00, 2.000E+02, 2.582E-03, 2.171E+00
01/05/2019,03:00,9,3.288,3.788,4.194,.566,.358, 1.004E+03, 8.933E+01, 1.214E-02, 3.469E-16, 4.166E-07, 1.972E+00, 0.000E+00, 0.000E+00, 2.120E+00, 2.026E+01, 2.571E+00, 1.897E-01, 1.595E-01,-9.990E+02, 1.000E+00,-9.990E+02, 0.000E+00, 0.000E+00, 0.000E+00, 1.000E+00, 0.000E+00, 0.000E+00, 0.000E+00, 0.000E+00, 9.707E+01, 4.286E+01, 5.000E-03, 0.000E+00, 2.000E+02, 3.215E-03, 1.991E+00
01/05/2019,04:00,9,3.288,3.788,5.097,.581,.368, 1.003E+03, 8.250E+01, 1.214E-02, 3.469E-16, 7.786E+00, 2.718E+01, 3.878E+01, 8.970E+00, 2.120E+00, 2.026E+01, 1.796E+00, 1.901E-01, 1.114E-01, 7.942E-02, 1.000E+00, 3.473E-01, 7.971E-01, 1.000E-02, 1.000E+00, 1.000E+00, 3.473E-03, 2.170E-05, 4.979E-05, 0.000E+00, 1.390E+02, 6.136E+01, 5.000E-03, 9.783E-05, 1.962E+02, 2.815E-03, 2.022E+00
01/05/2019,05:00,9,3.288,3.788,6.000,.596,.378, 1.003E+03, 7.516E+01, 1.214E-02, 3.469E-16, 3.040E+01, 6.052E+01, 7.977E+01, 2.043E+01, 2.120E+00, 2.026E+01, 1.025E+00, 1.905E-01, 1.000E-01, 1.555E-01, 1.000E+00, 6.296E-01, 9.624E-01, 1.000E-02, 1.000E+00, 1.000E+00, 6.296E-03, 3.946E-05, 6.031E-05, 0.000E+00, 1.549E+02, 6.835E+01, 5.000E-03, 1.779E-04, 1.931E+02, 2.700E-03, 2.068E+00
01/05/2019,06:00,9,3.288,3.788,6.903,.611,.388, 1.002E+03, 6.768E+01, 4.446E-02, 3.469E-16, 1.404E+02, 6.959E+01, 2.120E+02, 2.721E+01, 1.123E+02, 5.015E+01, 2.951E-01, 4.544E-01, 1.000E-01, 2.280E-01, 1.000E+00, 7.478E-01, 9.998E-01, 1.000E-02, 1.000E+00, 1.000E+00, 7.478E-03, 4.702E-05, 6.286E-05, 0.000E+00, 1.378E+02, 6.835E+01, 5.000E-03, 2.120E-04, 1.919E+02, 2.742E-03, 2.451E+00
01/05/2019,07:00,9,3.288,3.788,8.170,.621,.412, 1.001E+03, 6.045E+01, 4.446E-02, 3.469E-16, 2.037E+02, 7.787E+01, 2.379E+02, 3.136E+01, 1.123E+02, 5.015E+01, 1.173E+00, 4.555E-01, 1.000E-01, 2.893E-01, 1.000E+00, 8.043E-01, 9.999E-01, 1.000E-02, 1.000E+00, 1.000E+00, 8.043E-03, 5.080E-05, 6.315E-05, 0.000E+00, 1.379E+02, 6.835E+01, 5.000E-03, 2.290E-04, 1.912E+02, 2.746E-03, 2.843E+00
01/05/2019,08:00,9,3.288,3.788,9.437,.631,.438, 1.001E+03, 5.395E+01, 4.446E-02, 3.469E-16, 2.581E+02, 8.010E+01, 2.524E+02, 3.309E+01, 1.123E+02, 5.015E+01, 2.263E+00, 4.566E-01, 1.497E-01, 3.361E-01, 1.000E+00, 8.297E-01, 1.000E+00, 1.000E-02, 1.000E+00, 1.000E+00, 8.297E-03, 5.264E-05, 6.344E-05, 0.000E+00, 9.224E+01, 4.568E+01, 5.000E-03, 2.374E-04, 1.909E+02, 3.263E-03, 3.018E+00
01/05/2019,09:00,9,3.288,3.788,10.704,.641,.464, 1.001E+03, 4.875E+01, 2.752E-02, 3.469E-16, 4.051E+01, 1.398E+02, 7.611E+01, 4.539E+01, 2.634E+02, 9.061E+01, 3.364E+00, 6.334E-01, 2.207E-01, 3.679E-01, 1.000E+00, 8.862E-01, 9.563E-01, 1.000E-02, 1.000E+00, 1.000E+00, 8.862E-03, 5.647E-05, 6.094E-05, 0.000E+00, 6.342E+01, 3.096E+01, 5.000E-03, 2.546E-04, 1.903E+02, 3.718E-03, 2.492E+00
01/05/2019,10:00,9,3.288,3.788,11.242,.598,.538, 9.999E+02, 4.550E+01, 2.752E-02, 3.469E-16, 4.378E+01, 1.472E+02, 7.900E+01, 4.777E+01, 2.634E+02, 9.061E+01, 3.178E+00, 6.342E-01, 2.085E-01, 3.855E-01, 1.000E+00, 8.989E-01, 9.612E-01, 1.000E-02, 1.000E+00, 1.000E+00, 8.989E-03, 5.739E-05, 6.137E-05, 0.000E+00, 6.718E+01, 3.279E+01, 5.000E-03, 2.588E-04, 1.902E+02, 3.657E-03, 1.544E+00
01/05/2019,11:00,9,3.288,3.788,11.780,.555,.617, 9.992E+02, 4.475E+01, 2.752E-02, 3.469E-16, 4.452E+01, 1.488E+02, 7.964E+01, 4.829E+01, 2.634E+02, 9.061E+01, 2.992E+00, 6.350E-01, 1.962E-01, 3.893E-01, 1.000E+00, 9.015E-01, 9.622E-01, 1.000E-02, 1.000E+00, 1.000E+00, 9.015E-03, 5.766E-05, 6.155E-05, 0.000E+00, 7.140E+01, 3.484E+01, 5.000E-03, 2.600E-04, 1.901E+02, 3.590E-03, 1.489E+00
01/05/2019,12:00,9,3.288,3.788,12.318,.513,.701, 9.986E+02, 4.662E+01, 0.000E+00, 3.469E-16, 8.878E+01, 1.547E+02, 1.160E+02, 5.139E+01, 1.777E+02, 7.554E+01, 2.806E+00, 6.395E-01, 1.799E-01, 3.796E-01, 1.000E+00, 9.218E-01, 9.915E-01, 4.495E-02, 1.000E+00, 1.000E+00, 4.144E-02, 2.656E-04, 2.856E-04, 0.000E+00, 8.110E+01, 3.800E+01, 5.000E-03, 1.197E-03, 1.614E+02, 3.865E-03, 1.473E+00
01/05/2019,13:00,9,3.288,3.788,11.784,.506,.686, 9.978E+02, 5.078E+01, 0.000E+00, 3.469E-16, 7.990E+01, 1.452E+02, 1.114E+02, 4.825E+01, 1.777E+02, 7.554E+01, 2.789E+00, 6.392E-01, 1.788E-01, 3.560E-01, 1.000E+00, 9.078E-01, 9.898E-01, 1.000E-02, 1.000E+00, 1.000E+00, 9.078E-03, 5.807E-05, 6.331E-05, 0.000E+00, 8.155E+01, 3.822E+01, 5.000E-03, 2.619E-04, 1.900E+02, 3.472E-03, 1.411E+00
01/05/2019,14:00,9,3.288,3.788,11.250,.499,.671, 9.970E+02, 5.661E+01, 0.000E+00, 3.469E-16, 6.664E+01, 1.293E+02, 1.036E+02, 4.301E+01, 1.777E+02, 7.554E+01, 2.867E+00, 6.388E-01, 1.838E-01, 3.179E-01, 1.000E+00, 8.792E-01, 9.859E-01, 1.000E-02, 1.000E+00, 1.000E+00, 8.792E-03, 5.613E-05, 6.294E-05, 0.000E+00, 7.932E+01, 3.718E+01, 5.000E-03, 2.531E-04, 1.904E+02, 3.501E-03, 1.270E+00
01/05/2019,15:00,9,3.288,3.788,10.715,.492,.656, 9.961E+02, 6.347E+01, 0.000E+00, 3.469E-16, 4.659E+01, 1.061E+02, 8.735E+01, 3.519E+01, 2.588E+01, 3.013E+01, 3.031E+00, 4.278E-01, 1.885E-01, 2.648E-01, 1.000E+00, 8.198E-01, 9.725E-01, 1.000E-02, 1.000E+00, 1.000E+00, 8.198E-03, 5.224E-05, 6.197E-05, 0.000E+00, 8.175E+01, 3.625E+01, 5.000E-03, 2.356E-04, 1.910E+02, 3.510E-03, 1.062E+00
01/05/2019,16:00,9,3.288,3.788,9.710,.549,.544, 9.955E+02, 7.084E+01, 0.000E+00, 3.469E-16, 2.956E+01, 7.701E+01, 7.056E+01, 2.552E+01, 2.588E+01, 3.013E+01, 2.220E+00, 4.272E-01, 1.381E-01, 1.982E-01, 1.000E+00, 7.085E-01, 9.451E-01, 1.000E-02, 1.000E+00, 1.000E+00, 7.085E-03, 4.499E-05, 6.001E-05, 0.000E+00, 1.116E+02, 4.951E+01, 5.000E-03, 2.029E-04, 1.922E+02, 3.121E-03, 9.316E-01
01/05/2019,17:00,9,3.288,3.788,8.704,.607,.443, 9.949E+02, 7.829E+01, 0.000E+00, 3.469E-16, 1.300E+01, 4.385E+01, 4.648E+01, 1.445E+01, 2.588E+01, 3.013E+01, 1.572E+00, 4.266E-01, 1.000E-01, 1.234E-01, 1.000E+00, 4.980E-01, 8.522E-01, 1.000E-02, 1.000E+00, 1.000E+00, 4.980E-03, 3.151E-05, 5.392E-05, 0.000E+00, 1.540E+02, 6.835E+01, 5.000E-03, 1.421E-04, 1.945E+02, 2.692E-03, 8.588E-01
01/05/2019,18:00,9,3.288,3.788,7.699,.664,.353, 9.942E+02, 8.542E+01, 5.741E-02, 3.469E-16, 1.437E-01, 7.024E+00, 3.131E+00, 2.230E+00,-4.785E+00, 8.985E+00, 1.351E+00, 2.086E-01, 1.000E-01, 4.853E-02, 1.000E+00, 8.927E-02, 1.208E-01, 1.000E-02, 1.000E+00, 1.000E+00, 8.927E-04, 5.628E-06, 7.618E-06, 0.000E+00, 1.905E+02, 6.835E+01, 5.000E-03, 2.538E-05, 1.990E+02, 2.631E-03, 8.396E-01
01/05/2019,19:00,9,3.288,3.788,7.352,.688,.321, 9.931E+02, 9.190E+01, 5.741E-02, 3.469E-16, 0.000E+00, 0.000E+00, 0.000E+00, 0.000E+00,-4.785E+00, 8.985E+00, 1.116E+00, 2.086E-01, 1.000E-01,-9.990E+02, 1.000E+00,-9.990E+02, 0.000E+00, 0.000E+00, 0.000E+00, 1.000E+00, 0.000E+00, 0.000E+00, 0.000E+00, 0.000E+00, 1.905E+02, 6.835E+01, 5.000E-03, 0.000E+00, 2.000E+02, 2.624E-03, 8.700E-01
01/05/2019,20:00,9,3.288,3.788,7.006,.711,.290, 9.921E+02, 9.735E+01, 5.741E-02, 3.469E-16, 0.000E+00, 0.000E+00, 0.000E+00, 0.000E+00,-4.785E+00, 8.985E+00, 1.121E+00, 2.086E-01, 1.000E-01,-9.990E+02, 1.000E+00,-9.990E+02, 0.000E+00, 0.000E+00, 0.000E+00, 1.000E+00, 0.000E+00, 0.000E+00, 0.000E+00, 0.000E+00, 1.906E+02, 6.835E+01, 5.000E-03, 0.000E+00, 2.000E+02, 2.624E-03, 1.026E+00
01/05/2019,21:00,9,3.288,3.788,6.660,.735,.260, 9.910E+02, 1.014E+02, 9.475E-01, 3.469E-16, 0.000E+00, 0.000E+00, 0.000E+00, 0.000E+00,-7.852E+00, 2.609E+01, 1.364E+00, 1.510E-01, 1.000E-01,-9.990E+02, 1.000E+00,-9.990E+02, 0.000E+00, 0.000E+00, 0.000E+00, 1.000E+00, 0.000E+00, 0.000E+00, 0.000E+00, 0.000E+00, 2.644E+02, 6.835E+01, 5.000E-03, 0.000E+00, 2.000E+02, 2.578E-03, 1.514E+00
01/05/2019,22:00,9,3.288,3.788,6.382,.805,.187, 9.900E+02, 1.039E+02, 9.475E-01, 3.469E-16, 0.000E+00, 0.000E+00, 0.000E+00, 0.000E+00,-7.852E+00, 2.609E+01, 9.503E-01, 1.510E-01, 1.000E-01,-9.990E+02, 1.000E+00,-9.990E+02, 0.000E+00, 0.000E+00, 0.000E+00, 1.000E+00, 0.000E+00, 0.000E+00, 0.000E+00, 0.000E+00, 2.645E+02, 6.835E+01, 5.000E-03, 0.000E+00, 2.000E+02, 2.578E-03, 1.507E+00
01/05/2019,23:00,9,3.288,3.788,6.105,.875,.118, 9.890E+02, 1.044E+02, 9.475E-01, 3.469E-16, 0.000E+00, 0.000E+00, 0.000E+00, 0.000E+00,-7.852E+00, 2.609E+01, 1.091E+00, 1.510E-01, 1.000E-01,-9.990E+02, 1.000E+00,-9.990E+02, 0.000E+00, 0.000E+00, 0.000E+00, 1.000E+00, 0.000E+00, 0.000E+00, 0.000E+00, 0.000E+00, 2.646E+02, 6.835E+01, 7.953E-03, 0.000E+00, 1.257E+02, 3.188E-03, 1.246E+00
02/05/2019,00:00,9,3.299,3.799,5.828,.946,.050, 9.879E+02, 1.030E+02, 3.536E-01, 3.469E-16, 0.000E+00, 0.000E+00, 0.000E+00, 0.000E+00,-4.595E+00, 8.515E+00, 1.649E+00, 1.378E-01, 1.000E-01,-9.990E+02, 1.000E+00,-9.990E+02, 0.000E+00, 0.000E+00, 0.000E+00, 1.000E+00, 0.000E+00, 0.000E+00, 0.000E+00, 0.000E+00, 2.425E+02, 6.835E+01, 2.198E-02, 0.000E+00, 4.549E+01, 4.323E-03, 9.510E-01
02/05/2019,01:00,9,3.299,3.799,5.529,.963,.033, 9.868E+02, 9.978E+01, 3.536E-01, 3.469E-16, 0.000E+00, 0.000E+00, 0.000E+00, 0.000E+00,-4.595E+00, 8.515E+00, 1.369E+00, 1.378E-01, 1.000E-01,-9.990E+02, 1.000E+00,-9.990E+02, 0.000E+00, 0.000E+00, 0.000E+00, 1.000E+00, 0.000E+00, 0.000E+00, 0.000E+00, 0.000E+00, 2.426E+02, 6.835E+01, 2.982E-02, 0.000E+00, 3.354E+01, 4.558E-03, 1.059E+00
02/05/2019,02:00,9,3.299,3.799,5.230,.981,.017, 9.856E+02, 9.502E+01, 3.536E-01, 3.469E-16, 0.000E+00, 0.000E+00, 0.000E+00, 0.000E+00,-4.595E+00, 8.515E+00, 1.219E+00, 1.378E-01, 1.000E-01,-9.990E+02, 1.000E+00,-9.990E+02, 0.000E+00, 0.000E+00, 0.000E+00, 1.000E+00, 0.000E+00, 0.000E+00, 0.000E+00, 0.000E+00, 2.427E+02, 6.835E+01, 4.049E-02, 0.000E+00, 2.470E+01, 4.749E-03, 1.302E+00
02/05/2019,03:00,9,3.299,3.799,4.931,.998,.002, 9.845E+02, 8.905E+01, 6.682E-01, 3.469E-16, 3.728E-06, 1.091E+00, 0.000E+00, 0.000E+00,-2.955E+00, 2.642E+01, 1.244E+00, 2.949E-01, 1.000E-01,-9.990E+02, 1.000E+00,-9.990E+02, 0.000E+00, 0.000E+00, 0.000E+00, 1.000E+00, 0.000E+00, 0.000E+00, 0.000E+00, 0.000E+00, 1.733E+02, 6.835E+01, 4.773E-02, 0.000E+00, 2.095E+01, 4.991E-03, 1.654E+00
02/05/2019,04:00,9,3.299,3.799,5.044,.997,.003, 9.839E+02, 8.222E+01, 6.682E-01, 3.469E-16, 4.319E-01, 1.410E+01, 6.068E+00, 4.472E+00,-2.955E+00, 2.642E+01, 1.210E+00, 2.950E-01, 1.000E-01, 8.202E-02, 1.000E+00, 1.723E-01, 2.209E-01, 1.000E-02, 1.000E+00, 1.000E+00, 1.723E-03, 1.076E-05, 1.379E-05, 0.000E+00, 1.733E+02, 6.835E+01, 4.733E-02, 4.869E-05, 2.110E+01, 4.987E-03, 1.314E+00
02/05/2019,05:00,9,3.299,3.799,5.157,.995,.004, 9.832E+02, 7.489E+01, 6.682E-01, 3.469E-16, 1.577E+00, 3.500E+01, 1.414E+01, 1.111E+01,-2.955E+00, 2.642E+01, 2.386E+00, 2.952E-01, 1.377E-01, 1.578E-01, 1.000E+00, 3.786E-01, 4.410E-01, 1.000E-02, 1.000E+00, 1.000E+00, 3.786E-03, 2.365E-05, 2.755E-05, 0.000E+00, 1.258E+02, 4.964E+01, 4.695E-02, 1.070E-04, 2.125E+01, 6.599E-03, 1.121E+00
02/05/2019,06:00,9,3.299,3.799,5.270,.994,.006, 9.826E+02, 6.741E+01, 4.782E-01, 3.469E-16, 9.052E+00, 7.031E+01, 3.431E+01, 2.253E+01, 1.770E+01, 1.037E+02, 3.773E+00, 6.213E-01, 2.271E-01, 2.297E-01, 1.000E+00, 6.390E-01, 7.561E-01, 1.000E-02, 1.000E+00, 1.000E+00, 6.390E-03, 3.994E-05, 4.726E-05, 0.000E+00, 7.221E+01, 3.010E+01, 4.658E-02, 1.807E-04, 2.138E+01, 1.000E-02, 1.261E+00
02/05/2019,07:00,9,3.299,3.799,5.094,.965,.031, 9.826E+02, 6.018E+01, 4.782E-01, 3.469E-16, 1.303E+01, 9.279E+01, 4.282E+01, 2.972E+01, 1.770E+01, 1.037E+02, 4.109E+00, 6.211E-01, 2.473E-01, 2.906E-01, 1.000E+00, 7.411E-01, 8.282E-01, 1.000E-02, 1.000E+00, 1.000E+00, 7.411E-03, 4.629E-05, 5.173E-05, 0.000E+00, 6.630E+01, 2.763E+01, 3.317E-02, 2.094E-04, 2.996E+01, 9.792E-03, 1.049E+00
02/05/2019,08:00,9,3.299,3.799,4.918,.936,.056, 9.825E+02, 5.367E+01, 4.782E-01, 3.469E-16, 1.645E+01, 1.103E+02, 4.920E+01, 3.531E+01, 1.770E+01, 1.037E+02, 4.451E+00, 6.209E-01, 2.679E-01, 3.370E-01, 1.000E+00, 8.003E-01, 8.678E-01, 1.000E-02, 1.000E+00, 1.000E+00, 8.003E-03, 4.996E-05, 5.417E-05, 0.000E+00, 6.121E+01, 2.551E+01, 2.027E-02, 2.260E-04, 4.878E+01, 8.665E-03, 1.057E+00
02/05/2019,09:00,9,3.299,3.799,4.742,.907,.080, 9.825E+02, 4.846E+01, 6.704E-02, 3.469E-16, 2.935E+02, 7.601E+01, 2.534E+02, 3.215E+01, 1.186E+02, 1.308E+02, 4.797E+00, 8.016E-01, 2.951E-01, 3.686E-01, 1.000E+00, 8.317E-01, 1.000E+00, 1.000E-02, 1.000E+00, 1.000E+00, 8.317E-03, 5.188E-05, 6.238E-05, 0.000E+00, 5.329E+01, 2.316E+01, 1.339E-02, 2.347E-04, 7.342E+01, 7.486E-03, 1.102E+00
02/05/2019,10:00,9,3.299,3.799,5.381,.811,.170, 9.825E+02, 4.521E+01, 6.704E-02, 3.469E-16, 3.168E+02, 7.419E+01, 2.567E+02, 3.186E+01, 1.186E+02, 1.308E+02, 5.022E+00, 8.025E-01, 3.090E-01, 3.860E-01, 1.000E+00, 8.344E-01, 1.000E+00, 1.000E-02, 1.000E+00, 1.000E+00, 8.344E-03, 5.217E-05, 6.253E-05, 0.000E+00, 5.091E+01, 2.212E+01, 5.000E-03, 2.360E-04, 1.910E+02, 4.025E-03, 1.136E+00
02/05/2019,11:00,9,3.299,3.799,6.020,.714,.268, 9.825E+02, 4.445E+01, 6.704E-02, 3.469E-16, 3.220E+02, 7.367E+01, 2.573E+02, 3.176E+01, 1.186E+02, 1.308E+02, 5.291E+00, 8.034E-01, 3.255E-01, 3.898E-01, 1.000E+00, 8.347E-01, 1.000E+00, 1.000E-02, 1.000E+00, 1.000E+00, 8.347E-03, 5.231E-05, 6.267E-05, 0.000E+00, 4.834E+01, 2.100E+01, 5.000E-03, 2.367E-04, 1.910E+02, 4.073E-03, 1.123E+00
02/05/2019,12:00,9,3.299,3.799,6.658,.617,.375, 9.825E+02, 4.634E+01, 1.018E+00, 3.469E-16, 6.415E+00, 1.028E+02, 3.728E+01, 3.263E+01, 5.200E+01, 1.252E+02, 5.596E+00, 6.888E-01, 3.412E-01, 3.802E-01, 1.000E+00, 7.560E-01, 7.842E-01, 1.000E-02, 1.000E+00, 1.000E+00, 7.560E-03, 4.749E-05, 4.926E-05, 0.000E+00, 4.691E+01, 2.004E+01, 5.000E-03, 2.148E-04, 1.918E+02, 4.099E-03, 1.073E+00
02/05/2019,13:00,9,3.299,3.799,5.012,.740,.227, 9.837E+02, 5.051E+01, 1.018E+00, 2.289E-03, 5.776E+00, 9.525E+01, 3.478E+01, 3.023E+01, 5.200E+01, 1.252E+02, 5.381E+00, 6.863E-01, 3.281E-01, 3.567E-01, 1.000E+00, 7.292E-01, 7.608E-01, 1.000E-02, 1.000E+00, 1.000E+00, 7.292E-03, 4.553E-05, 4.751E-05, 0.000E+00, 4.875E+01, 2.083E+01, 6.421E-03, 2.060E-04, 1.509E+02, 4.874E-03, 9.790E-01
02/05/2019,14:00,9,3.299,3.799,3.366,.863,.107, 9.849E+02, 5.635E+01, 1.018E+00, 4.578E-03, 4.825E+00, 8.324E+01, 3.078E+01, 2.643E+01, 5.200E+01, 1.252E+02, 5.600E+00, 6.839E-01, 3.415E-01, 3.188E-01, 1.000E+00, 6.804E-01, 7.180E-01, 1.000E-02, 1.000E+00, 1.000E+00, 6.804E-03, 4.223E-05, 4.457E-05, 0.000E+00, 4.682E+01, 2.001E+01, 1.033E-02, 1.911E-04, 9.505E+01, 6.795E-03, 9.484E-01
02/05/2019,15:00,9,3.299,3.799,1.720,.986,.010, 9.861E+02, 6.323E+01, 2.869E-01, 6.867E-03, 7.138E+00, 7.596E+01, 3.215E+01, 2.422E+01,-1.503E+01, 9.554E+01, 6.207E+00, 8.442E-01, 3.664E-01, 2.661E-01, 1.000E+00, 6.581E-01, 7.335E-01, 1.000E-02, 1.000E+00, 1.000E+00, 6.581E-03, 4.061E-05, 4.526E-05, 0.000E+00, 4.625E+01, 1.866E+01, 4.218E-02, 1.837E-04, 2.361E+01, 1.380E-02, 7.168E-01
02/05/2019,16:00,9,3.299,3.799,1.488,.934,.045, 9.870E+02, 7.061E+01, 2.869E-01, 7.630E-03, 4.561E+00, 5.375E+01, 2.401E+01, 1.715E+01,-1.503E+01, 9.554E+01, 5.986E+00, 8.435E-01, 3.533E-01, 1.999E-01, 1.000E+00, 5.303E-01, 6.276E-01, 1.000E-02, 1.000E+00, 1.000E+00, 5.303E-03, 3.269E-05, 3.869E-05, 0.000E+00, 4.795E+01, 1.935E+01, 2.522E-02, 1.479E-04, 3.943E+01, 1.110E-02, 5.910E-01
02/05/2019,17:00,9,3.299,3.799,1.256,.882,.079, 9.880E+02, 7.805E+01, 2.869E-01, 8.393E-03, 2.049E+00, 2.949E+01, 1.435E+01, 9.400E+00,-1.503E+01, 9.554E+01, 5.766E+00, 8.427E-01, 3.403E-01, 1.255E-01, 1.000E+00, 3.363E-01, 4.457E-01, 1.000E-02, 1.000E+00, 1.000E+00, 3.363E-03, 2.072E-05, 2.746E-05, 0.000E+00, 4.978E+01, 2.008E+01, 1.634E-02, 9.373E-05, 6.086E+01, 8.813E-03, 5.156E-01
02/05/2019,18:00,9,3.299,3.799,1.023,.831,.111, 9.889E+02, 8.518E+01, 2.138E-02, 9.156E-03, 8.934E-01, 1.193E+01, 9.120E+00, 3.809E+00,-5.184E+01, 5.850E+01, 5.547E+00, 6.952E-01, 3.172E-01, 5.099E-02, 1.000E+00, 1.536E-01, 3.128E-01, 1.000E-02, 1.000E+00, 1.000E+00, 1.536E-03, 9.451E-06, 1.925E-05, 0.000E+00, 5.513E+01, 2.155E+01, 1.289E-02, 4.276E-05, 7.732E+01, 7.466E-03, 4.859E-01
02/05/2019,19:00,9,3.299,3.799,1.256,.746,.170, 9.894E+02, 9.164E+01, 2.138E-02, 9.156E-03, 0.000E+00, 0.000E+00, 0.000E+00, 0.000E+00,-5.184E+01, 5.850E+01, 5.143E+00, 6.953E-01, 2.941E-01,-9.990E+02, 1.000E+00,-9.990E+02, 0.000E+00, 0.000E+00, 0.000E+00, 1.000E+00, 0.000E+00, 0.000E+00, 0.000E+00, 0.000E+00, 5.946E+01, 2.324E+01, 1.068E-02, 0.000E+00, 9.361E+01, 6.465E-03, 4.931E-01
02/05/2019,20:00,9,3.299,3.799,1.489,.662,.230, 9.899E+02, 9.708E+01, 2.138E-02, 9.156E-03, 0.000E+00, 0.000E+00, 0.000E+00, 0.000E+00,-5.184E+01, 5.850E+01, 4.740E+00, 6.954E-01, 2.710E-01,-9.990E+02, 1.000E+00,-9.990E+02, 0.000E+00, 0.000E+00, 0.000E+00, 1.000E+00, 0.000E+00, 0.000E+00, 0.000E+00, 0.000E+00, 6.452E+01, 2.522E+01, 1.068E-02, 0.000E+00, 9.361E+01, 6.255E-03, 5.093E-01
02/05/2019,21:00,9,3.299,3.799,1.722,.578,.292, 9.904E+02, 1.012E+02, 1.545E-03, 9.156E-03, 0.000E+00, 0.000E+00, 0.000E+00, 0.000E+00,-3.321E+01, 2.337E+01, 4.336E+00, 5.107E-01, 2.424E-01,-9.990E+02, 1.000E+00,-9.990E+02, 0.000E+00, 0.000E+00, 0.000E+00, 1.000E+00, 0.000E+00, 0.000E+00, 0.000E+00, 0.000E+00, 7.379E+01, 2.820E+01, 1.068E-02, 0.000E+00, 9.361E+01, 5.958E-03, 5.144E-01
02/05/2019,22:00,9,3.299,3.799,1.572,.585,.284, 9.908E+02, 1.036E+02, 1.545E-03, 9.156E-03, 0.000E+00, 0.000E+00, 0.000E+00, 0.000E+00,-3.321E+01, 2.337E+01, 3.867E+00, 5.104E-01, 2.161E-01,-9.990E+02, 1.000E+00,-9.990E+02, 0.000E+00, 0.000E+00, 0.000E+00, 1.000E+00, 0.000E+00, 0.000E+00, 0.000E+00, 0.000E+00, 8.276E+01, 3.162E+01, 1.068E-02, 0.000E+00, 9.361E+01, 5.654E-03, 4.599E-01
02/05/2019,23:00,9,3.299,3.799,1.422,.592,.276, 9.912E+02, 1.041E+02, 1.545E-03, 9.156E-03, 0.000E+00, 0.000E+00, 0.000E+00, 0.000E+00,-3.321E+01, 2.337E+01, 3.430E+00, 5.102E-01, 1.917E-01,-9.990E+02, 1.000E+00,-9.990E+02, 0.000E+00, 0.000E+00, 0.000E+00, 1.000E+00, 0.000E+00, 0.000E+00, 0.000E+00, 0.000E+00, 9.331E+01, 3.565E+01, 1.068E-02, 0.000E+00, 9.361E+01, 5.334E-03, 4.017E-01
03/05/2019,00:00,9,3.310,3.810,1.272,.599,.269, 9.917E+02, 1.027E+02, 2.456E-03, 9.156E-03, 0.000E+00, 0.000E+00, 0.000E+00, 0.000E+00,-2.767E+01, 8.535E+00, 3.040E+00, 3.928E-01, 1.621E-01,-9.990E+02, 1.000E+00,-9.990E+02, 0.000E+00, 0.000E+00, 0.000E+00, 1.000E+00, 0.000E+00, 0.000E+00, 0.000E+00, 0.000E+00, 1.157E+02, 4.218E+01, 1.068E-02, 0.000E+00, 9.361E+01, 4.875E-03, 4.259E-01
03/05/2019,01:00,9,3.310,3.810,.555,.702,.189, 9.921E+02, 9.949E+01, 2.456E-03, 8.647E-03, 0.000E+00, 0.000E+00, 0.000E+00, 0.000E+00,-2.767E+01, 8.535E+00, 2.782E+00, 3.922E-01, 1.483E-01,-9.990E+02, 1.000E+00,-9.990E+02, 0.000E+00, 0.000E+00, 0.000E+00, 1.000E+00, 0.000E+00, 0.000E+00, 0.000E+00, 0.000E+00, 1.266E+02, 4.611E+01, 7.825E-03, 0.000E+00, 1.278E+02, 4.004E-03, 4.689E-01
03/05/2019,02:00,9,3.310,3.810,-.161,.806,.117, 9.925E+02, 9.474E+01, 2.456E-03, 8.139E-03, 0.000E+00, 0.000E+00, 0.000E+00, 0.000E+00,-2.767E+01, 8.535E+00, 2.770E+00, 3.916E-01, 1.475E-01,-9.990E+02, 1.000E+00,-9.990E+02, 0.000E+00, 0.000E+00, 0.000E+00, 1.000E+00, 0.000E+00, 0.000E+00, 0.000E+00, 0.000E+00, 1.272E+02, 4.633E+01, 8.156E-03, 0.000E+00, 1.226E+02, 4.080E-03, 4.451E-01
03/05/2019,03:00,9,3.310,3.810,-.877,.909,.052, 9.930E+02, 8.878E+01, 1.999E-02, 7.630E-03, 3.453E-04, 2.432E+00, 7.740E-01, 7.659E-01, 2.630E+01, 1.749E+01, 3.007E+00, 4.185E-01, 1.876E-01, 1.287E-02, 1.000E+00, 3.101E-02, 3.133E-02, 1.000E-02, 1.000E+00, 1.000E+00, 3.101E-04, 1.896E-06, 1.915E-06, 0.000E+00, 8.171E+01, 3.644E+01, 7.432E-03, 8.603E-06, 1.344E+02, 4.373E-03, 4.667E-01
03/05/2019,04:00,9,3.310,3.810,.210,.825,.108, 9.932E+02, 8.196E+01, 1.999E-02, 7.630E-03, 3.101E+00, 2.319E+01, 1.853E+01, 7.446E+00, 2.630E+01, 1.749E+01, 2.995E+00, 4.192E-01, 1.868E-01, 8.454E-02, 1.000E+00, 2.866E-01, 5.333E-01, 1.000E-02, 1.000E+00, 1.000E+00, 2.866E-03, 1.759E-05, 3.273E-05, 0.000E+00, 8.209E+01, 3.659E+01, 1.337E-02, 7.982E-05, 7.437E+01, 5.915E-03, 5.911E-01
03/05/2019,05:00,9,3.310,3.810,1.297,.741,.174, 9.934E+02, 7.463E+01, 1.999E-02, 7.630E-03, 1.084E+01, 5.357E+01, 3.776E+01, 1.731E+01, 2.630E+01, 1.749E+01, 3.014E+00, 4.200E-01, 1.880E-01, 1.599E-01, 1.000E+00, 5.540E-01, 7.884E-01, 1.000E-02, 1.000E+00, 1.000E+00, 5.540E-03, 3.413E-05, 4.857E-05, 0.000E+00, 8.162E+01, 3.637E+01, 9.735E-03, 1.549E-04, 1.011E+02, 5.122E-03, 7.400E-01
03/05/2019,06:00,9,3.310,3.810,2.384,.657,.249, 9.937E+02, 6.714E+01, 5.194E-02, 7.630E-03, 4.104E+01, 9.282E+01, 8.355E+01, 3.072E+01, 1.419E+02, 6.199E+01, 3.064E+00, 5.955E-01, 1.964E-01, 2.314E-01, 1.000E+00, 7.753E-01, 9.678E-01, 1.000E-02, 1.000E+00, 1.000E+00, 7.753E-03, 4.796E-05, 5.986E-05, 0.000E+00, 7.433E+01, 3.481E+01, 9.735E-03, 2.177E-04, 1.005E+02, 5.271E-03, 9.266E-01
03/05/2019,07:00,9,3.310,3.810,3.251,.575,.328, 9.938E+02, 5.991E+01, 5.194E-02, 7.884E-03, 5.885E+01, 1.190E+02, 9.808E+01, 3.939E+01, 1.419E+02, 6.199E+01, 3.040E+00, 5.963E-01, 1.948E-01, 2.918E-01, 1.000E+00, 8.547E-01, 9.823E-01, 1.000E-02, 1.000E+00, 1.000E+00, 8.547E-03, 5.303E-05, 6.095E-05, 0.000E+00, 7.496E+01, 3.509E+01, 9.893E-03, 2.407E-04, 9.868E+01, 5.301E-03, 9.321E-01
03/05/2019,08:00,9,3.310,3.810,4.118,.494,.415, 9.939E+02, 5.339E+01, 5.194E-02, 8.139E-03, 7.415E+01, 1.385E+02, 1.080E+02, 4.581E+01, 1.419E+02, 6.199E+01, 3.033E+00, 5.972E-01, 1.943E-01, 3.379E-01, 1.000E+00, 8.954E-01, 9.882E-01, 1.000E-02, 1.000E+00, 1.000E+00, 8.954E-03, 5.573E-05, 6.151E-05, 0.000E+00, 7.519E+01, 3.518E+01, 1.005E-02, 2.530E-04, 9.705E+01, 5.340E-03, 8.321E-01
03/05/2019,09:00,9,3.310,3.810,4.985,.412,.513, 9.941E+02, 4.817E+01, 2.291E-02, 8.393E-03, 2.918E+02, 7.540E+01, 2.506E+02, 3.181E+01, 1.533E+02, 8.096E+01, 3.042E+00, 5.019E-01, 2.016E-01, 3.693E-01, 1.000E+00, 8.295E-01, 1.000E+00, 1.000E-02, 1.000E+00, 1.000E+00, 8.295E-03, 5.179E-05, 6.244E-05, 0.000E+00, 6.819E+01, 3.390E+01, 1.021E-02, 2.351E-04, 9.575E+01, 5.512E-03, 8.054E-01
03/05/2019,10:00,9,3.310,3.810,5.517,.387,.554, 9.942E+02, 4.491E+01, 2.291E-02, 8.393E-03, 3.148E+02, 7.355E+01, 2.538E+02, 3.151E+01, 1.533E+02, 8.096E+01, 2.577E+00, 5.024E-01, 1.708E-01, 3.866E-01, 1.000E+00, 8.321E-01, 1.000E+00, 1.000E-02, 1.000E+00, 1.000E+00, 8.321E-03, 5.206E-05, 6.256E-05, 0.000E+00, 8.053E+01, 4.002E+01, 1.021E-02, 2.363E-04, 9.574E+01, 5.079E-03, 7.701E-01
03/05/2019,11:00,9,3.310,3.810,6.048,.363,.599, 9.943E+02, 4.416E+01, 2.291E-02, 8.393E-03, 3.200E+02, 7.303E+01, 2.544E+02, 3.140E+01, 1.533E+02, 8.096E+01, 2.114E+00, 5.028E-01, 1.401E-01, 3.903E-01, 1.000E+00, 8.324E-01, 1.000E+00, 1.000E-02, 1.000E+00, 1.000E+00, 8.324E-03, 5.217E-05, 6.268E-05, 0.000E+00, 9.823E+01, 4.880E+01, 1.021E-02, 2.368E-04, 9.574E+01, 4.564E-03, 8.237E-01
03/05/2019,12:00,9,3.310,3.810,6.580,.338,.645, 9.944E+02, 4.606E+01, 3.400E-03, 8.393E-03, 3.034E+02, 7.343E+01, 2.498E+02, 3.128E+01, 1.855E+02, 8.264E+01, 1.653E+00, 1.743E-01, 1.589E-01, 3.807E-01, 1.000E+00, 8.289E-01, 1.000E+00, 1.000E-02, 1.000E+00, 1.000E+00, 8.289E-03, 5.205E-05, 6.279E-05, 0.000E+00, 4.564E+01, 4.301E+01, 1.021E-02, 2.362E-04, 9.574E+01, 5.573E-03, 8.735E-01
03/05/2019,13:00,9,3.310,3.810,6.651,.363,.623, 9.944E+02, 5.025E+01, 3.400E-03, 6.358E-03, 2.734E+02, 7.534E+01, 2.452E+02, 3.148E+01, 1.855E+02, 8.264E+01, 9.142E-01, 1.743E-01, 1.000E-01, 3.574E-01, 1.000E+00, 8.240E-01, 1.000E+00, 1.000E-02, 1.000E+00, 1.000E+00, 8.240E-03, 5.176E-05, 6.281E-05, 0.000E+00, 7.254E+01, 6.835E+01, 8.946E-03, 2.349E-04, 1.089E+02, 4.133E-03, 8.484E-01
03/05/2019,14:00,9,3.310,3.810,6.723,.389,.602, 9.944E+02, 5.610E+01, 3.400E-03, 4.324E-03, 2.287E+02, 7.567E+01, 2.359E+02, 3.087E+01, 1.855E+02, 8.264E+01, 1.814E-01, 1.743E-01, 1.000E-01, 3.197E-01, 1.000E+00, 8.089E-01, 9.999E-01, 1.000E-02, 1.000E+00, 1.000E+00, 8.089E-03, 5.082E-05, 6.282E-05, 0.000E+00, 7.254E+01, 6.835E+01, 7.683E-03, 2.307E-04, 1.264E+02, 3.855E-03, 7.819E-01
03/05/2019,15:00,9,3.310,3.810,6.794,.414,.579, 9.944E+02, 6.299E+01, 1.904E-01, 2.289E-03, 1.820E+02, 7.553E+01, 2.304E+02, 3.000E+01, 1.779E+01, 3.980E+01, 5.677E-01, 3.373E-01, 1.000E-01, 2.673E-01, 1.000E+00, 7.867E-01, 9.999E-01, 1.000E-02, 1.000E+00, 1.000E+00, 7.867E-03, 4.944E-05, 6.284E-05, 0.000E+00, 1.505E+02, 6.835E+01, 6.421E-03, 2.244E-04, 1.505E+02, 3.060E-03, 6.771E-01
03/05/2019,16:00,9,3.310,3.810,5.553,.512,.443, 9.948E+02, 7.037E+01, 1.904E-01, 2.798E-03, 1.169E+02, 6.462E+01, 1.989E+02, 2.484E+01, 1.779E+01, 3.980E+01, 1.390E+00, 3.365E-01, 1.000E-01, 2.016E-01, 1.000E+00, 7.126E-01, 9.997E-01, 1.000E-02, 1.000E+00, 1.000E+00, 7.126E-03, 4.458E-05, 6.255E-05, 0.000E+00, 1.505E+02, 6.835E+01, 6.736E-03, 2.023E-04, 1.441E+02, 3.121E-03, 6.384E-01
03/05/2019,17:00,9,3.310,3.810,4.311,.609,.325, 9.952E+02, 7.781E+01, 1.904E-01, 3.306E-03, 5.340E+01, 4.599E+01, 1.432E+02, 1.681E+01, 1.779E+01, 3.980E+01, 2.213E+00, 3.357E-01, 1.395E-01, 1.276E-01, 1.000E+00, 5.626E-01, 9.972E-01, 1.000E-02, 1.000E+00, 1.000E+00, 5.626E-03, 3.504E-05, 6.211E-05, 0.000E+00, 1.078E+02, 4.899E+01, 7.052E-03, 1.591E-04, 1.387E+02, 3.773E-03, 6.167E-01
03/05/2019,18:00,9,3.310,3.810,3.070,.707,.223, 9.956E+02, 8.493E+01, 1.746E-01, 3.815E-03, 6.771E+00, 2.096E+01, 4.525E+01, 6.934E+00,-2.029E+01, 1.480E+01, 3.036E+00, 3.534E-01, 1.618E-01, 5.339E-02, 1.000E+00, 2.800E-01, 8.445E-01, 1.000E-02, 1.000E+00, 1.000E+00, 2.800E-03, 1.736E-05, 5.237E-05, 0.000E+00, 1.160E+02, 4.224E+01, 7.368E-03, 7.879E-05, 1.343E+02, 4.065E-03, 6.311E-01
03/05/2019,19:00,9,3.310,3.810,2.078,.757,.173, 9.959E+02, 9.139E+01, 1.746E-01, 4.578E-03, 0.000E+00, 0.000E+00, 0.000E+00, 0.000E+00,-2.029E+01, 1.480E+01, 2.688E+00, 3.527E-01, 1.432E-01,-9.990E+02, 1.000E+00,-9.990E+02, 0.000E+00, 0.000E+00, 0.000E+00, 1.000E+00, 0.000E+00, 0.000E+00, 0.000E+00, 0.000E+00, 1.311E+02, 4.774E+01, 7.841E-03, 0.000E+00, 1.275E+02, 3.940E-03, 6.494E-01
03/05/2019,20:00,9,3.310,3.810,1.086,.806,.128, 9.962E+02, 9.682E+01, 1.746E-01, 5.341E-03, 0.000E+00, 0.000E+00, 0.000E+00, 0.000E+00,-2.029E+01, 1.480E+01, 2.438E+00, 3.520E-01, 1.298E-01,-9.990E+02, 1.000E+00,-9.990E+02, 0.000E+00, 0.000E+00, 0.000E+00, 1.000E+00, 0.000E+00, 0.000E+00, 0.000E+00, 0.000E+00, 1.447E+02, 5.266E+01, 9.496E-03, 0.000E+00, 1.053E+02, 4.088E-03, 7.049E-01
03/05/2019,21:00,9,3.310,3.810,.095,.856,.089, 9.965E+02, 1.009E+02, 3.501E-01, 6.104E-03, 0.000E+00, 0.000E+00, 0.000E+00, 0.000E+00,-1.188E+01, 5.238E+00, 2.318E+00, 1.921E-01, 1.000E-01,-9.990E+02, 1.000E+00,-9.990E+02, 0.000E+00, 0.000E+00, 0.000E+00, 1.000E+00, 0.000E+00, 0.000E+00, 0.000E+00, 0.000E+00, 2.386E+02, 6.835E+01, 1.566E-02, 0.000E+00, 6.385E+01, 4.011E-03, 8.519E-01
03/05/2019,22:00,9,3.310,3.810,-.404,.870,.077, 9.966E+02, 1.033E+02, 3.501E-01, 7.884E-03, 0.000E+00, 0.000E+00, 0.000E+00, 0.000E+00,-1.188E+01, 5.238E+00, 2.133E+00, 1.919E-01, 1.000E-01,-9.990E+02, 1.000E+00,-9.990E+02, 0.000E+00, 0.000E+00, 0.000E+00, 1.000E+00, 0.000E+00, 0.000E+00, 0.000E+00, 0.000E+00, 2.388E+02, 6.835E+01, 7.863E-03, 0.000E+00, 1.272E+02, 3.198E-03, 9.619E-01
03/05/2019,23:00,9,3.310,3.810,-.902,.884,.066, 9.966E+02, 1.038E+02, 3.501E-01, 9.664E-03, 0.000E+00, 0.000E+00, 0.000E+00, 0.000E+00,-1.188E+01, 5.238E+00, 1.973E+00, 1.917E-01, 1.000E-01,-9.990E+02, 1.000E+00,-9.990E+02, 0.000E+00, 0.000E+00, 0.000E+00, 1.000E+00, 0.000E+00, 0.000E+00, 0.000E+00, 0.000E+00, 2.390E+02, 6.835E+01, 6.721E-03, 0.000E+00, 1.488E+02, 2.991E-03, 1.049E+00
04/05/2019,00:00,9,3.320,3.820,-1.400,.899,.056, 9.966E+02, 1.024E+02, 2.234E-05, 1.144E-02, 0.000E+00, 0.000E+00, 0.000E+00, 0.000E+00,-6.535E+00,-5.890E-01, 1.847E+00, 1.201E-01, 1.000E-01,-9.990E+02, 1.000E+00,-9.990E+02, 0.000E+00, 0.000E+00, 0.000E+00, 1.000E+00, 0.000E+00, 0.000E+00, 0.000E+00, 0.000E+00, 3.261E+02, 6.835E+01, 3.263E-03, 0.000E+00, 3.065E+02, 2.000E-03, 1.309E+00
04/05/2019,01:00,9,3.320,3.820,-2.290,.915,.044, 9.970E+02, 9.920E+01, 2.234E-05, 1.475E-02, 0.000E+00, 0.000E+00, 0.000E+00, 0.000E+00,-6.535E+00,-5.890E-01, 1.255E+00, 1.199E-01, 1.000E-01,-9.990E+02, 1.000E+00,-9.990E+02, 0.000E+00, 0.000E+00, 0.000E+00, 1.000E+00, 0.000E+00, 0.000E+00, 0.000E+00, 0.000E+00, 3.269E+02, 6.835E+01, 1.518E-03, 0.000E+00, 6.590E+02, 1.173E-03, 1.518E+00
04/05/2019,02:00,9,3.320,3.820,-3.181,.930,.034, 9.974E+02, 9.446E+01, 2.234E-05, 1.806E-02, 0.000E+00, 0.000E+00, 0.000E+00, 0.000E+00,-6.535E+00,-5.890E-01, 1.110E+00, 1.197E-01, 1.000E-01,-9.990E+02, 1.000E+00,-9.990E+02, 0.000E+00, 0.000E+00, 0.000E+00, 1.000E+00, 0.000E+00, 0.000E+00, 0.000E+00, 0.000E+00, 3.277E+02, 6.835E+01, 1.429E-03, 0.000E+00, 7.000E+02, 1.119E-03, 1.926E+00
04/05/2019,03:00,9,3.320,3.820,-4.071,.946,.024, 9.978E+02, 8.851E+01, 2.234E-05, 2.136E-02, 1.060E-03, 2.450E+00, 7.900E-01, 7.696E-01, 2.672E+01, 1.680E+01, 1.545E+00, 1.115E-01, 1.356E-01, 1.565E-02, 1.000E+00, 3.117E-02, 3.197E-02, 1.000E-02, 1.000E+00, 1.000E+00, 3.117E-04, 1.883E-06, 1.931E-06, 0.000E+00, 6.269E+01, 5.041E+01, 1.429E-03, 8.573E-06, 6.958E+02, 1.248E-03, 2.264E+00
04/05/2019,04:00,9,3.320,3.820,-2.199,.866,.070, 9.977E+02, 8.170E+01, 2.234E-05, 2.136E-02, 1.856E+00, 2.081E+01, 1.305E+01, 6.623E+00, 2.672E+01, 1.680E+01, 1.117E+00, 1.119E-01, 1.000E-01, 8.700E-02, 1.000E+00, 2.538E-01, 4.153E-01, 1.000E-02, 1.000E+00, 1.000E+00, 2.538E-03, 1.544E-05, 2.526E-05, 0.000E+00, 8.522E+01, 6.835E+01, 1.429E-03, 7.030E-05, 6.672E+02, 1.234E-03, 2.293E+00
04/05/2019,05:00,9,3.320,3.820,-.326,.786,.128, 9.977E+02, 7.437E+01, 2.234E-05, 2.136E-02, 6.217E+00, 4.793E+01, 2.684E+01, 1.531E+01, 2.672E+01, 1.680E+01, 6.998E-01, 1.123E-01, 1.000E-01, 1.620E-01, 1.000E+00, 4.998E-01, 6.685E-01, 1.000E-02, 1.000E+00, 1.000E+00, 4.998E-03, 3.061E-05, 4.094E-05, 0.000E+00, 8.544E+01, 6.835E+01, 6.141E-03, 1.394E-04, 1.592E+02, 3.307E-03, 2.474E+00
04/05/2019,06:00,9,3.320,3.820,1.546,.706,.201, 9.976E+02, 6.689E+01, 1.921E-02, 2.136E-02, 2.000E+01, 8.422E+01, 5.265E+01, 2.718E+01, 1.468E+02, 7.005E+01, 3.390E-01, 2.704E-01, 1.000E-01, 2.330E-01, 1.000E+00, 7.225E-01, 8.853E-01, 1.000E-02, 1.000E+00, 1.000E+00, 7.225E-03, 4.455E-05, 5.459E-05, 0.000E+00, 1.046E+02, 6.835E+01, 1.429E-02, 2.029E-04, 6.902E+01, 4.432E-03, 3.021E+00
04/05/2019,07:00,9,3.320,3.820,2.736,.601,.297, 9.977E+02, 5.965E+01, 1.921E-02, 2.136E-02, 2.856E+01, 1.094E+02, 6.355E+01, 3.529E+01, 1.468E+02, 7.005E+01, 8.841E-01, 2.709E-01, 1.000E-01, 2.930E-01, 1.000E+00, 8.129E-01, 9.267E-01, 1.000E-02, 1.000E+00, 1.000E+00, 8.129E-03, 5.035E-05, 5.740E-05, 0.000E+00, 1.048E+02, 6.835E+01, 1.429E-02, 2.292E-04, 6.889E+01, 4.433E-03, 1.375E+00
04/05/2019,08:00,9,3.320,3.820,3.926,.497,.407, 9.979E+02, 5.312E+01, 1.921E-02, 2.136E-02, 3.591E+01, 1.287E+02, 7.140E+01, 4.149E+01, 1.468E+02, 7.005E+01, 1.503E+00, 2.715E-01, 1.167E-01, 3.388E-01, 1.000E+00, 8.620E-01, 9.470E-01, 1.000E-02, 1.000E+00, 1.000E+00, 8.620E-03, 5.362E-05, 5.890E-05, 0.000E+00, 8.988E+01, 5.858E+01, 1.429E-02, 2.441E-04, 6.882E+01, 4.922E-03, 1.408E+00
04/05/2019,09:00,9,3.320,3.820,5.116,.392,.535, 9.980E+02, 4.789E+01, 4.141E-02, 2.136E-02, 5.172E+01, 1.465E+02, 8.598E+01, 4.741E+01, 1.326E+02, 7.641E+01, 2.133E+00, 3.924E-01, 1.475E-01, 3.699E-01, 1.000E+00, 8.996E-01, 9.709E-01, 1.000E-02, 1.000E+00, 1.000E+00, 8.996E-03, 5.620E-05, 6.065E-05, 0.000E+00, 8.661E+01, 4.634E+01, 1.429E-02, 2.559E-04, 6.877E+01, 5.454E-03, 1.572E+00
04/05/2019,10:00,9,3.320,3.820,5.158,.407,.524, 9.983E+02, 4.463E+01, 4.141E-02, 2.111E-02, 5.576E+01, 1.537E+02, 8.892E+01, 4.974E+01, 1.326E+02, 7.641E+01, 1.958E+00, 3.924E-01, 1.354E-01, 3.871E-01, 1.000E+00, 9.108E-01, 9.742E-01, 1.000E-02, 1.000E+00, 1.000E+00, 9.108E-03, 5.690E-05, 6.086E-05, 0.000E+00, 9.436E+01, 5.049E+01, 1.429E-02, 2.591E-04, 6.875E+01, 5.165E-03, 1.398E+00
04/05/2019,11:00,9,3.320,3.820,5.201,.421,.513, 9.986E+02, 4.387E+01, 4.141E-02, 2.085E-02, 5.666E+01, 1.553E+02, 8.954E+01, 5.024E+01, 1.326E+02, 7.641E+01, 1.813E+00, 3.923E-01, 1.254E-01, 3.908E-01, 1.000E+00, 9.130E-01, 9.748E-01, 1.000E-02, 1.000E+00, 1.000E+00, 9.130E-03, 5.705E-05, 6.092E-05, 0.000E+00, 1.019E+02, 5.452E+01, 1.429E-02, 2.598E-04, 6.875E+01, 4.912E-03, 1.309E+00
04/05/2019,12:00,9,3.320,3.820,5.243,.435,.501, 9.989E+02, 4.578E+01, 1.195E-02, 2.060E-02, 1.509E+02, 1.460E+02, 1.580E+02, 4.988E+01, 3.760E+01, 4.999E+01, 1.706E+00, 4.075E-01, 1.083E-01, 3.812E-01, 1.000E+00, 9.199E-01, 9.985E-01, 1.000E-02, 1.000E+00, 1.000E+00, 9.199E-03, 5.749E-05, 6.240E-05, 0.000E+00, 1.370E+02, 6.309E+01, 1.429E-02, 2.618E-04, 6.874E+01, 4.328E-03, 1.224E+00
04/05/2019,13:00,9,3.320,3.820,5.119,.435,.497, 9.991E+02, 4.999E+01, 1.195E-02, 1.679E-02, 1.360E+02, 1.389E+02, 1.532E+02, 4.745E+01, 3.760E+01, 4.999E+01, 1.911E+00, 4.074E-01, 1.213E-01, 3.580E-01, 1.000E+00, 9.082E-01, 9.982E-01, 1.000E-02, 1.000E+00, 1.000E+00, 9.082E-03, 5.673E-05, 6.235E-05, 0.000E+00, 1.223E+02, 5.634E+01, 1.429E-02, 2.583E-04, 6.876E+01, 4.680E-03, 1.141E+00
04/05/2019,14:00,9,3.320,3.820,4.994,.435,.493, 9.992E+02, 5.586E+01, 1.195E-02, 1.297E-02, 1.139E+02, 1.263E+02, 1.446E+02, 4.314E+01, 3.760E+01, 4.999E+01, 2.117E+00, 4.073E-01, 1.344E-01, 3.205E-01, 1.000E+00, 8.839E-01, 9.974E-01, 1.000E-02, 1.000E+00, 1.000E+00, 8.839E-03, 5.519E-05, 6.228E-05, 0.000E+00, 1.104E+02, 5.086E+01, 1.305E-02, 2.513E-04, 7.518E+01, 4.854E-03, 1.019E+00
04/05/2019,15:00,9,3.320,3.820,4.870,.435,.489, 9.994E+02, 6.275E+01, 0.000E+00, 9.156E-03, 1.844E+02, 7.611E+01, 2.315E+02, 3.017E+01,-8.478E-01, 3.458E+01, 2.323E+00, 1.748E-01, 1.328E-01, 2.684E-01, 1.000E+00, 7.885E-01, 9.999E-01, 1.000E-02, 1.000E+00, 1.000E+00, 7.885E-03, 4.921E-05, 6.241E-05, 0.000E+00, 1.318E+02, 5.148E+01, 1.068E-02, 2.241E-04, 9.169E+01, 4.406E-03, 8.586E-01
04/05/2019,16:00,9,3.320,3.820,4.331,.481,.432, 9.994E+02, 7.013E+01, 0.000E+00, 8.902E-03, 1.192E+02, 6.536E+01, 2.004E+02, 2.509E+01,-8.478E-01, 3.458E+01, 1.125E+00, 1.747E-01, 1.000E-01, 2.031E-01, 1.000E+00, 7.160E-01, 9.997E-01, 1.000E-02, 1.000E+00, 1.000E+00, 7.160E-03, 4.460E-05, 6.228E-05, 0.000E+00, 1.750E+02, 6.835E+01, 1.052E-02, 2.031E-04, 9.322E+01, 3.666E-03, 7.970E-01
04/05/2019,17:00,9,3.320,3.820,3.792,.527,.379, 9.994E+02, 7.757E+01, 0.000E+00, 8.647E-03, 5.531E+01, 4.689E+01, 1.456E+02, 1.712E+01,-8.478E-01, 3.458E+01, 1.607E+00, 1.745E-01, 1.000E-01, 1.296E-01, 1.000E+00, 5.693E-01, 9.975E-01, 1.000E-02, 1.000E+00, 1.000E+00, 5.693E-03, 3.539E-05, 6.201E-05, 0.000E+00, 1.750E+02, 6.835E+01, 1.037E-02, 1.612E-04, 9.499E+01, 3.642E-03, 9.064E-01
04/05/2019,18:00,9,3.320,3.820,3.253,.573,.330, 9.993E+02, 8.469E+01, 2.234E-05, 8.393E-03, 7.656E+00, 2.171E+01, 4.855E+01, 7.194E+00,-5.387E+01, 9.713E+00, 3.056E+00, 3.767E-01, 1.452E-01, 5.576E-02, 1.000E+00, 2.900E-01, 8.642E-01, 1.000E-02, 1.000E+00, 1.000E+00, 2.900E-03, 1.800E-05, 5.363E-05, 0.000E+00, 1.449E+02, 4.707E+01, 1.021E-02, 8.194E-05, 9.718E+01, 4.482E-03, 1.206E+00
04/05/2019,19:00,9,3.320,3.820,2.456,.598,.293, 9.997E+02, 9.113E+01, 2.234E-05, 8.393E-03, 0.000E+00, 0.000E+00, 0.000E+00, 0.000E+00,-5.387E+01, 9.713E+00, 2.975E+00, 3.761E-01, 1.413E-01,-9.990E+02, 1.000E+00,-9.990E+02, 0.000E+00, 0.000E+00, 0.000E+00, 1.000E+00, 0.000E+00, 0.000E+00, 0.000E+00, 0.000E+00, 1.491E+02, 4.839E+01, 1.021E-02, 0.000E+00, 9.796E+01, 4.397E-03, 1.333E+00
04/05/2019,20:00,9,3.320,3.820,1.658,.622,.260, 1.000E+03, 9.656E+01, 2.234E-05, 8.393E-03, 0.000E+00, 0.000E+00, 0.000E+00, 0.000E+00,-5.387E+01, 9.713E+00, 3.170E+00, 3.754E-01, 1.503E-01,-9.990E+02, 1.000E+00,-9.990E+02, 0.000E+00, 0.000E+00, 0.000E+00, 1.000E+00, 0.000E+00, 0.000E+00, 0.000E+00, 0.000E+00, 1.402E+02, 4.547E+01, 1.021E-02, 0.000E+00, 9.796E+01, 4.553E-03, 1.153E+00
04/05/2019,21:00,9,3.320,3.820,.860,.647,.229, 1.000E+03, 1.006E+02, 2.234E-05, 8.393E-03, 0.000E+00, 0.000E+00, 0.000E+00, 0.000E+00,-4.058E+01, 6.534E+00, 3.595E+00, 3.189E-01, 1.630E-01,-9.990E+02, 1.000E+00,-9.990E+02, 0.000E+00, 0.000E+00, 0.000E+00, 1.000E+00, 0.000E+00, 0.000E+00, 0.000E+00, 0.000E+00, 1.353E+02, 4.193E+01, 9.227E-03, 0.000E+00, 1.084E+02, 4.522E-03, 1.038E+00
04/05/2019,22:00,9,3.320,3.820,.554,.692,.196, 1.001E+03, 1.030E+02, 2.234E-05, 8.393E-03, 0.000E+00, 0.000E+00, 0.000E+00, 0.000E+00,-4.058E+01, 6.534E+00, 3.304E+00, 3.187E-01, 1.498E-01,-9.990E+02, 1.000E+00,-9.990E+02, 0.000E+00, 0.000E+00, 0.000E+00, 1.000E+00, 0.000E+00, 0.000E+00, 0.000E+00, 0.000E+00, 1.473E+02, 4.564E+01, 7.738E-03, 0.000E+00, 1.292E+02, 3.969E-03, 1.112E+00
04/05/2019,23:00,9,3.320,3.820,.248,.737,.164, 1.001E+03, 1.035E+02, 2.234E-05, 8.393E-03, 0.000E+00, 0.000E+00, 0.000E+00, 0.000E+00,-4.058E+01, 6.534E+00, 3.097E+00, 3.185E-01, 1.403E-01,-9.990E+02, 1.000E+00,-9.990E+02, 0.000E+00, 0.000E+00, 0.000E+00, 1.000E+00, 0.000E+00, 0.000E+00, 0.000E+00, 0.000E+00, 1.573E+02, 4.871E+01, 6.769E-03, 0.000E+00, 1.477E+02, 3.587E-03, 1.146E+00
05/05/2019,00:00,9,3.331,3.831,-.058,.782,.133, 1.001E+03, 1.021E+02, 0.000E+00, 8.393E-03, 0.000E+00, 0.000E+00, 0.000E+00, 0.000E+00,-2.958E+01,-6.805E+00, 2.991E+00, 2.470E-01, 1.196E-01,-9.990E+02, 1.000E+00,-9.990E+02, 0.000E+00, 0.000E+00, 0.000E+00, 1.000E+00, 0.000E+00, 0.000E+00, 0.000E+00, 0.000E+00, 2.092E+02, 5.717E+01, 8.284E-03, 0.000E+00, 1.207E+02, 3.613E-03, 1.132E+00
05/05/2019,01:00,9,3.331,3.831,-.139,.833,.101, 1.001E+03, 9.892E+01, 0.000E+00, 1.373E-02, 0.000E+00, 0.000E+00, 0.000E+00, 0.000E+00,-2.958E+01,-6.805E+00, 2.952E+00, 2.469E-01, 1.180E-01,-9.990E+02, 1.000E+00,-9.990E+02, 0.000E+00, 0.000E+00, 0.000E+00, 1.000E+00, 0.000E+00, 0.000E+00, 0.000E+00, 0.000E+00, 2.120E+02, 5.793E+01, 6.951E-03, 0.000E+00, 1.439E+02, 3.312E-03, 1.139E+00
05/05/2019,02:00,9,3.331,3.831,-.220,.884,.070, 1.002E+03, 9.419E+01, 0.000E+00, 1.907E-02, 0.000E+00, 0.000E+00, 0.000E+00, 0.000E+00,-2.958E+01,-6.805E+00, 2.981E+00, 2.468E-01, 1.191E-01,-9.990E+02, 1.000E+00,-9.990E+02, 0.000E+00, 0.000E+00, 0.000E+00, 1.000E+00, 0.000E+00, 0.000E+00, 0.000E+00, 0.000E+00, 2.101E+02, 5.738E+01, 6.436E-03, 0.000E+00, 1.554E+02, 3.205E-03, 1.114E+00
05/05/2019,03:00,9,3.331,3.831,-.300,.935,.039, 1.003E+03, 8.825E+01, 0.000E+00, 2.442E-02, 4.527E-02, 7.212E+00, 3.001E+00, 2.261E+00, 1.412E+01, 1.585E+01, 3.076E+00, 3.476E-01, 1.914E-01, 1.836E-02, 1.000E+00, 8.931E-02, 1.161E-01, 1.000E-02, 1.000E+00, 1.000E+00, 8.931E-04, 5.471E-06, 7.113E-06, 0.000E+00, 8.049E+01, 3.571E+01, 6.211E-03, 2.499E-05, 1.604E+02, 3.955E-03, 1.129E+00
05/05/2019,04:00,9,3.331,3.831,1.131,.853,.097, 1.003E+03, 8.144E+01, 0.000E+00, 2.442E-02, 2.565E+01, 3.358E+01, 9.787E+01, 1.171E+01, 1.412E+01, 1.585E+01, 2.722E+00, 3.485E-01, 1.693E-01, 8.939E-02, 1.000E+00, 4.358E-01, 9.821E-01, 1.000E-02, 1.000E+00, 1.000E+00, 4.358E-03, 2.683E-05, 6.047E-05, 0.000E+00, 9.104E+01, 4.038E+01, 1.429E-02, 1.226E-04, 6.940E+01, 5.748E-03, 9.589E-01
05/05/2019,05:00,9,3.331,3.831,2.561,.772,.168, 1.003E+03, 7.411E+01, 0.000E+00, 2.442E-02, 8.265E+01, 5.551E+01, 1.717E+02, 2.076E+01, 1.412E+01, 1.585E+01, 2.368E+00, 3.494E-01, 1.472E-01, 1.640E-01, 1.000E+00, 6.439E-01, 9.991E-01, 1.000E-02, 1.000E+00, 1.000E+00, 6.439E-03, 3.986E-05, 6.184E-05, 0.000E+00, 1.047E+02, 4.643E+01, 1.429E-02, 1.821E-04, 6.912E+01, 5.281E-03, 1.068E+00
05/05/2019,06:00,9,3.331,3.831,3.992,.690,.252, 1.003E+03, 6.663E+01, 2.302E-02, 2.442E-02, 1.493E+02, 7.109E+01, 2.159E+02, 2.766E+01, 1.763E+02, 8.148E+01, 2.014E+00, 4.180E-01, 1.403E-01, 2.346E-01, 1.000E+00, 7.546E-01, 9.999E-01, 1.000E-02, 1.000E+00, 1.000E+00, 7.546E-03, 4.695E-05, 6.221E-05, 0.000E+00, 8.992E+01, 4.872E+01, 1.429E-02, 2.144E-04, 6.896E+01, 5.293E-03, 1.227E+00
05/05/2019,07:00,9,3.331,3.831,5.481,.601,.360, 1.003E+03, 5.939E+01, 2.302E-02, 2.365E-02, 2.123E+02, 7.844E+01, 2.398E+02, 3.142E+01, 1.763E+02, 8.148E+01, 2.157E+00, 4.191E-01, 1.502E-01, 2.941E-01, 1.000E+00, 8.061E-01, 9.999E-01, 1.000E-02, 1.000E+00, 1.000E+00, 8.061E-03, 5.042E-05, 6.255E-05, 0.000E+00, 8.411E+01, 4.551E+01, 1.429E-02, 2.303E-04, 6.889E+01, 5.524E-03, 1.283E+00
05/05/2019,08:00,9,3.331,3.831,6.970,.512,.488, 1.003E+03, 5.285E+01, 2.302E-02, 2.289E-02, 2.663E+02, 7.997E+01, 2.534E+02, 3.286E+01, 1.763E+02, 8.148E+01, 2.403E+00, 4.202E-01, 1.672E-01, 3.396E-01, 1.000E+00, 8.291E-01, 1.000E+00, 1.000E-02, 1.000E+00, 1.000E+00, 8.291E-03, 5.214E-05, 6.288E-05, 0.000E+00, 7.564E+01, 4.089E+01, 1.429E-02, 2.381E-04, 6.885E+01, 5.895E-03, 1.413E+00
05/05/2019,09:00,9,3.331,3.831,8.458,.423,.640, 1.004E+03, 4.762E+01, 2.747E-02, 2.213E-02, 2.979E+02, 7.607E+01, 2.530E+02, 3.198E+01, 1.978E+02, 1.267E+02, 2.724E+00, 5.835E-01, 1.783E-01, 3.705E-01, 1.000E+00, 8.310E-01, 1.000E+00, 1.000E-02, 1.000E+00, 1.000E+00, 8.310E-03, 5.254E-05, 6.322E-05, 0.000E+00, 7.888E+01, 3.834E+01, 1.429E-02, 2.400E-04, 6.884E+01, 6.013E-03, 1.507E+00
05/05/2019,10:00,9,3.331,3.831,9.151,.384,.716, 1.003E+03, 4.434E+01, 2.747E-02, 2.085E-02, 3.211E+02, 7.408E+01, 2.561E+02, 3.164E+01, 1.978E+02, 1.267E+02, 2.917E+00, 5.843E-01, 1.908E-01, 3.876E-01, 1.000E+00, 8.333E-01, 1.000E+00, 1.000E-02, 1.000E+00, 1.000E+00, 8.333E-03, 5.281E-05, 6.337E-05, 0.000E+00, 7.372E+01, 3.582E+01, 1.429E-02, 2.412E-04, 6.884E+01, 6.254E-03, 1.348E+00
05/05/2019,11:00,9,3.331,3.831,9.844,.345,.798, 1.003E+03, 4.359E+01, 2.747E-02, 1.958E-02, 3.262E+02, 7.353E+01, 2.567E+02, 3.152E+01, 1.978E+02, 1.267E+02, 3.112E+00, 5.851E-01, 2.036E-01, 3.913E-01, 1.000E+00, 8.335E-01, 1.000E+00, 1.000E-02, 1.000E+00, 1.000E+00, 8.335E-03, 5.295E-05, 6.353E-05, 0.000E+00, 6.914E+01, 3.358E+01, 1.429E-02, 2.419E-04, 6.883E+01, 6.485E-03, 1.325E+00
05/05/2019,12:00,9,3.331,3.831,10.536,.305,.887, 1.003E+03, 4.551E+01, 1.909E-03, 1.831E-02, 3.023E+02, 7.229E+01, 2.464E+02, 3.070E+01, 8.340E+01, 1.065E+02, 3.310E+00, 5.564E-01, 2.088E-01, 3.817E-01, 1.000E+00, 8.251E-01, 1.000E+00, 1.000E-02, 1.000E+00, 1.000E+00, 8.251E-03, 5.254E-05, 6.368E-05, 0.000E+00, 7.189E+01, 3.273E+01, 1.429E-02, 2.400E-04, 6.884E+01, 6.526E-03, 1.276E+00
05/05/2019,13:00,9,3.331,3.831,10.419,.308,.877, 1.003E+03, 4.973E+01, 1.909E-03, 1.424E-02, 2.728E+02, 7.432E+01, 2.419E+02, 3.095E+01, 8.340E+01, 1.065E+02, 3.312E+00, 5.563E-01, 2.090E-01, 3.586E-01, 1.000E+00, 8.204E-01, 1.000E+00, 1.000E-02, 1.000E+00, 1.000E+00, 8.204E-03, 5.222E-05, 6.366E-05, 0.000E+00, 7.182E+01, 3.270E+01, 1.384E-02, 2.386E-04, 7.104E+01, 6.437E-03, 1.177E+00
05/05/2019,14:00,9,3.331,3.831,10.302,.310,.867, 1.003E+03, 5.561E+01, 1.909E-03, 1.017E-02, 2.288E+02, 7.487E+01, 2.330E+02, 3.043E+01, 8.340E+01, 1.065E+02, 3.367E+00, 5.562E-01, 2.125E-01, 3.213E-01, 1.000E+00, 8.059E-01, 9.999E-01, 1.000E-02, 1.000E+00, 1.000E+00, 8.059E-03, 5.128E-05, 6.363E-05, 0.000E+00, 7.065E+01, 3.217E+01, 1.131E-02, 2.342E-04, 8.660E+01, 5.899E-03, 1.070E+00
05/05/2019,15:00,9,3.331,3.831,10.185,.312,.858, 1.003E+03, 6.252E+01, 3.029E-02, 6.104E-03, 1.770E+02, 7.259E+01, 2.204E+02, 2.873E+01,-2.132E+01, 5.222E+01, 3.472E+00, 4.019E-01, 1.907E-01, 2.696E-01, 1.000E+00, 7.759E-01, 9.999E-01, 1.000E-02, 1.000E+00, 1.000E+00, 7.759E-03, 4.935E-05, 6.360E-05, 0.000E+00, 9.545E+01, 3.584E+01, 8.788E-03, 2.254E-04, 1.109E+02, 4.867E-03, 9.671E-01
05/05/2019,16:00,9,3.331,3.831,9.072,.383,.713, 1.003E+03, 6.990E+01, 3.029E-02, 6.104E-03, 1.150E+02, 6.257E+01, 1.913E+02, 2.398E+01,-2.132E+01, 5.222E+01, 2.906E+00, 4.011E-01, 1.596E-01, 2.047E-01, 1.000E+00, 7.033E-01, 9.996E-01, 1.000E-02, 1.000E+00, 1.000E+00, 7.033E-03, 4.456E-05, 6.333E-05, 0.000E+00, 1.141E+02, 4.284E+01, 8.788E-03, 2.035E-04, 1.112E+02, 4.461E-03, 1.031E+00
05/05/2019,17:00,9,3.331,3.831,7.959,.454,.585, 1.003E+03, 7.734E+01, 3.029E-02, 6.104E-03, 5.421E+01, 4.524E+01, 1.402E+02, 1.651E+01,-2.132E+01, 5.222E+01, 2.644E+00, 4.003E-01, 1.451E-01, 1.315E-01, 1.000E+00, 5.592E-01, 9.969E-01, 1.000E-02, 1.000E+00, 1.000E+00, 5.592E-03, 3.529E-05, 6.291E-05, 0.000E+00, 1.256E+02, 4.711E+01, 8.788E-03, 1.612E-04, 1.117E+02, 4.238E-03, 1.147E+00
05/05/2019,18:00,9,3.331,3.831,6.846,.525,.471, 1.003E+03, 8.445E+01, 5.364E-05, 6.104E-03, 3.349E+00, 1.851E+01, 2.328E+01, 5.962E+00,-4.910E+01, 1.379E+01, 2.772E+00, 3.020E-01, 1.143E-01, 5.807E-02, 1.000E+00, 2.406E-01, 6.161E-01, 1.000E-02, 1.000E+00, 1.000E+00, 2.406E-03, 1.512E-05, 3.872E-05, 0.000E+00, 2.122E+02, 5.981E+01, 8.788E-03, 6.909E-05, 1.129E+02, 3.630E-03, 1.473E+00
05/05/2019,19:00,9,3.331,3.831,5.760,.560,.405, 1.003E+03, 9.089E+01, 5.364E-05, 6.104E-03, 0.000E+00, 0.000E+00, 0.000E+00, 0.000E+00,-4.910E+01, 1.379E+01, 2.873E+00, 3.014E-01, 1.182E-01,-9.990E+02, 1.000E+00,-9.990E+02, 0.000E+00, 0.000E+00, 0.000E+00, 1.000E+00, 0.000E+00, 0.000E+00, 0.000E+00, 0.000E+00, 2.055E+02, 5.781E+01, 8.788E-03, 0.000E+00, 1.138E+02, 3.690E-03, 1.702E+00
05/05/2019,20:00,9,3.331,3.831,4.674,.594,.347, 1.003E+03, 9.630E+01, 5.364E-05, 6.104E-03, 0.000E+00, 0.000E+00, 0.000E+00, 0.000E+00,-4.910E+01, 1.379E+01, 2.975E+00, 3.008E-01, 1.222E-01,-9.990E+02, 1.000E+00,-9.990E+02, 0.000E+00, 0.000E+00, 0.000E+00, 1.000E+00, 0.000E+00, 0.000E+00, 0.000E+00, 0.000E+00, 1.992E+02, 5.593E+01, 8.788E-03, 0.000E+00, 1.138E+02, 3.760E-03, 1.866E+00
05/05/2019,21:00,9,3.331,3.831,3.588,.628,.294, 1.003E+03, 1.003E+02, 2.354E-03, 6.104E-03, 0.000E+00, 0.000E+00, 0.000E+00, 0.000E+00,-3.087E+01, 5.437E+00, 3.079E+00, 2.905E-01, 1.395E-01,-9.990E+02, 1.000E+00,-9.990E+02, 0.000E+00, 0.000E+00, 0.000E+00, 1.000E+00, 0.000E+00, 0.000E+00, 0.000E+00, 0.000E+00, 1.583E+02, 4.901E+01, 8.788E-03, 0.000E+00, 1.138E+02, 4.072E-03, 2.414E+00
05/05/2019,22:00,9,3.331,3.831,3.304,.706,.228, 1.003E+03, 1.027E+02, 2.354E-03, 6.104E-03, 0.000E+00, 0.000E+00, 0.000E+00, 0.000E+00,-3.087E+01, 5.437E+00, 2.910E+00, 2.904E-01, 1.318E-01,-9.990E+02, 1.000E+00,-9.990E+02, 0.000E+00, 0.000E+00, 0.000E+00, 1.000E+00, 0.000E+00, 0.000E+00, 0.000E+00, 0.000E+00, 1.676E+02, 5.187E+01, 8.788E-03, 0.000E+00, 1.138E+02, 3.948E-03, 2.809E+00
05/05/2019,23:00,9,3.331,3.831,3.020,.784,.164, 1.003E+03, 1.032E+02, 2.354E-03, 6.104E-03, 0.000E+00, 0.000E+00, 0.000E+00, 0.000E+00,-3.087E+01, 5.437E+00, 2.766E+00, 2.903E-01, 1.252E-01,-9.990E+02, 1.000E+00,-9.990E+02, 0.000E+00, 0.000E+00, 0.000E+00, 1.000E+00, 0.000E+00, 0.000E+00, 0.000E+00, 0.000E+00, 1.764E+02, 5.459E+01, 8.788E-03, 0.000E+00, 1.138E+02, 3.837E-03, 2.976E+00
06/05/2019,00:00,9,3.342,3.842,2.736,.863,.102, 1.002E+03, 1.018E+02, 4.906E-02, 6.104E-03, 0.000E+00, 0.000E+00, 0.000E+00, 0.000E+00,-2.968E+01, 3.310E+00, 2.651E+00, 2.652E-01, 1.130E-01,-9.990E+02, 1.000E+00,-9.990E+02, 0.000E+00, 0.000E+00, 0.000E+00, 1.000E+00, 0.000E+00, 0.000E+00, 0.000E+00, 0.000E+00, 2.076E+02, 6.050E+01, 1.132E-02, 0.000E+00, 8.834E+01, 3.965E-03, 3.021E+00
06/05/2019,01:00,9,3.342,3.842,2.187,.895,.075, 1.002E+03, 9.865E+01, 4.906E-02, 6.104E-03, 0.000E+00, 0.000E+00, 0.000E+00, 0.000E+00,-2.968E+01, 3.310E+00, 2.693E+00, 2.649E-01, 1.147E-01,-9.990E+02, 1.000E+00,-9.990E+02, 0.000E+00, 0.000E+00, 0.000E+00, 1.000E+00, 0.000E+00, 0.000E+00, 0.000E+00, 0.000E+00, 2.047E+02, 5.960E+01, 1.498E-02, 0.000E+00, 6.674E+01, 4.383E-03, 3.059E+00
06/05/2019,02:00,9,3.342,3.842,1.638,.928,.049, 1.002E+03, 9.393E+01, 4.906E-02, 6.104E-03, 0.000E+00, 0.000E+00, 0.000E+00, 0.000E+00,-2.968E+01, 3.310E+00, 2.785E+00, 2.647E-01, 1.185E-01,-9.990E+02, 1.000E+00,-9.990E+02, 0.000E+00, 0.000E+00, 0.000E+00, 1.000E+00, 0.000E+00, 0.000E+00, 0.000E+00, 0.000E+00, 1.983E+02, 5.768E+01, 2.141E-02, 0.000E+00, 4.670E+01, 4.928E-03, 2.997E+00
06/05/2019,03:00,9,3.342,3.842,1.088,.961,.026, 1.003E+03, 8.799E+01, 0.000E+00, 6.104E-03, 1.141E-01, 8.418E+00, 4.261E+00, 2.636E+00, 2.089E+01, 2.752E+01, 2.922E+00, 3.848E-01, 1.824E-01, 2.100E-02, 1.000E+00, 1.040E-01, 1.608E-01, 1.000E-02, 1.000E+00, 1.000E+00, 1.040E-03, 6.400E-06, 9.898E-06, 0.000E+00, 8.397E+01, 3.748E+01, 3.743E-02, 2.933E-05, 2.669E+01, 8.087E-03, 2.853E+00
06/05/2019,04:00,9,3.342,3.842,2.572,.905,.070, 1.003E+03, 8.119E+01, 0.000E+00, 6.104E-03, 2.782E+01, 3.506E+01, 1.030E+02, 1.223E+01, 2.089E+01, 2.752E+01, 2.837E+00, 3.858E-01, 1.770E-01, 9.170E-02, 1.000E+00, 4.495E-01, 9.856E-01, 1.000E-02, 1.000E+00, 1.000E+00, 4.495E-03, 2.782E-05, 6.100E-05, 0.000E+00, 8.656E+01, 3.861E+01, 1.578E-02, 1.275E-04, 6.287E+01, 6.143E-03, 2.466E+00
06/05/2019,05:00,9,3.342,3.842,4.056,.849,.124, 1.003E+03, 7.387E+01, 0.000E+00, 6.104E-03, 8.625E+01, 5.709E+01, 1.765E+02, 2.134E+01, 2.089E+01, 2.752E+01, 2.763E+00, 3.868E-01, 1.723E-01, 1.659E-01, 1.000E+00, 6.531E-01, 9.993E-01, 1.000E-02, 1.000E+00, 1.000E+00, 6.531E-03, 4.064E-05, 6.219E-05, 0.000E+00, 8.897E+01, 3.967E+01, 9.391E-03, 1.862E-04, 1.044E+02, 4.830E-03, 2.584E+00
06/05/2019,06:00,9,3.342,3.842,5.540,.792,.188, 1.003E+03, 6.638E+01, 7.407E-02, 6.104E-03, 1.475E+02, 6.957E+01, 2.112E+02, 2.703E+01, 1.413E+02, 8.799E+01, 2.699E+00, 6.757E-01, 1.699E-01, 2.361E-01, 1.000E+00, 7.487E-01, 9.998E-01, 1.000E-02, 1.000E+00, 1.000E+00, 7.487E-03, 4.684E-05, 6.255E-05, 0.000E+00, 8.873E+01, 4.023E+01, 8.788E-03, 2.146E-04, 1.111E+02, 4.654E-03, 2.856E+00
06/05/2019,07:00,9,3.342,3.842,6.651,.736,.258, 1.002E+03, 5.913E+01, 7.407E-02, 5.595E-03, 2.089E+02, 7.651E+01, 2.342E+02, 3.061E+01, 1.413E+02, 8.799E+01, 3.174E+00, 6.770E-01, 1.998E-01, 2.952E-01, 1.000E+00, 7.998E-01, 9.999E-01, 1.000E-02, 1.000E+00, 1.000E+00, 7.998E-03, 5.024E-05, 6.281E-05, 0.000E+00, 7.549E+01, 3.421E+01, 8.472E-03, 2.302E-04, 1.149E+02, 4.921E-03, 2.478E+00
06/05/2019,08:00,9,3.342,3.842,7.763,.681,.338, 1.002E+03, 5.259E+01, 7.407E-02, 5.087E-03, 2.614E+02, 7.782E+01, 2.471E+02, 3.195E+01, 1.413E+02, 8.799E+01, 3.654E+00, 6.784E-01, 2.299E-01, 3.404E-01, 1.000E+00, 8.227E-01, 1.000E+00, 1.000E-02, 1.000E+00, 1.000E+00, 8.227E-03, 5.188E-05, 6.306E-05, 0.000E+00, 6.563E+01, 2.973E+01, 8.157E-03, 2.377E-04, 1.191E+02, 5.106E-03, 2.239E+00
06/05/2019,09:00,9,3.342,3.842,8.874,.625,.428, 1.002E+03, 4.734E+01, 1.222E-01, 4.578E-03, 3.096E+02, 7.834E+01, 2.614E+02, 3.291E+01, 2.015E+02, 1.175E+02, 4.136E+00, 7.216E-01, 2.621E-01, 3.711E-01, 1.000E+00, 8.375E-01, 1.000E+00, 1.000E-02, 1.000E+00, 1.000E+00, 8.375E-03, 5.302E-05, 6.331E-05, 0.000E+00, 5.681E+01, 2.608E+01, 7.841E-03, 2.430E-04, 1.237E+02, 5.240E-03, 2.006E+00
06/05/2019,10:00,9,3.342,3.842,9.464,.597,.478, 1.002E+03, 4.406E+01, 1.222E-01, 4.324E-03, 3.335E+02, 7.623E+01, 2.646E+02, 3.253E+01, 2.015E+02, 1.175E+02, 4.139E+00, 7.224E-01, 2.623E-01, 3.880E-01, 1.000E+00, 8.394E-01, 1.000E+00, 1.000E-02, 1.000E+00, 1.000E+00, 8.394E-03, 5.326E-05, 6.344E-05, 0.000E+00, 5.678E+01, 2.606E+01, 7.683E-03, 2.440E-04, 1.261E+02, 5.175E-03, 1.755E+00
06/05/2019,11:00,9,3.342,3.842,10.054,.570,.532, 1.002E+03, 4.331E+01, 1.222E-01, 4.069E-03, 3.388E+02, 7.565E+01, 2.652E+02, 3.241E+01, 2.015E+02, 1.175E+02, 4.144E+00, 7.233E-01, 2.626E-01, 3.917E-01, 1.000E+00, 8.396E-01, 1.000E+00, 1.000E-02, 1.000E+00, 1.000E+00, 8.396E-03, 5.338E-05, 6.358E-05, 0.000E+00, 5.674E+01, 2.603E+01, 7.525E-03, 2.446E-04, 1.287E+02, 5.109E-03, 1.735E+00
06/05/2019,12:00,9,3.342,3.842,10.645,.542,.589, 1.001E+03, 4.524E+01, 1.820E-01, 3.815E-03, 3.233E+02, 7.662E+01, 2.621E+02, 3.251E+01, 1.154E+02, 1.269E+02, 4.149E+00, 7.775E-01, 2.556E-01, 3.821E-01, 1.000E+00, 8.377E-01, 1.000E+00, 1.000E-02, 1.000E+00, 1.000E+00, 8.377E-03, 5.337E-05, 6.371E-05, 0.000E+00, 6.138E+01, 2.674E+01, 7.368E-03, 2.446E-04, 1.314E+02, 4.980E-03, 1.742E+00
06/05/2019,13:00,9,3.342,3.842,10.263,.549,.565, 1.001E+03, 4.948E+01, 1.820E-01, 2.798E-03, 2.920E+02, 7.886E+01, 2.575E+02, 3.281E+01, 1.154E+02, 1.269E+02, 4.586E+00, 7.771E-01, 2.825E-01, 3.592E-01, 1.000E+00, 8.338E-01, 1.000E+00, 1.000E-02, 1.000E+00, 1.000E+00, 8.338E-03, 5.305E-05, 6.362E-05, 0.000E+00, 5.553E+01, 2.419E+01, 6.736E-03, 2.431E-04, 1.433E+02, 4.852E-03, 1.632E+00
06/05/2019,14:00,9,3.342,3.842,9.881,.556,.543, 1.001E+03, 5.537E+01, 1.820E-01, 1.780E-03, 2.452E+02, 7.958E+01, 2.481E+02, 3.231E+01, 1.154E+02, 1.269E+02, 5.024E+00, 7.766E-01, 3.095E-01, 3.221E-01, 1.000E+00, 8.205E-01, 1.000E+00, 1.000E-02, 1.000E+00, 1.000E+00, 8.205E-03, 5.213E-05, 6.353E-05, 0.000E+00, 5.068E+01, 2.208E+01, 6.105E-03, 2.389E-04, 1.576E+02, 4.652E-03, 1.460E+00
06/05/2019,15:00,9,3.342,3.842,9.500,.562,.521, 1.001E+03, 6.229E+01, 6.393E-01, 7.630E-04, 3.510E+01, 1.061E+02, 7.206E+01, 3.432E+01,-1.744E+01, 9.181E+01, 5.463E+00, 6.257E-01, 3.188E-01, 2.707E-01, 1.000E+00, 8.083E-01, 9.484E-01, 1.000E-02, 1.000E+00, 1.000E+00, 8.083E-03, 5.129E-05, 6.018E-05, 0.000E+00, 5.374E+01, 2.144E+01, 5.474E-03, 2.350E-04, 1.752E+02, 4.322E-03, 1.285E+00
06/05/2019,16:00,9,3.342,3.842,8.064,.694,.330, 1.001E+03, 6.967E+01, 6.393E-01, 7.630E-04, 2.294E+01, 7.798E+01, 5.826E+01, 2.523E+01,-1.744E+01, 9.181E+01, 4.835E+00, 6.241E-01, 2.821E-01, 2.062E-01, 1.000E+00, 7.000E-01, 9.089E-01, 1.000E-02, 1.000E+00, 1.000E+00, 7.000E-03, 4.419E-05, 5.738E-05, 0.000E+00, 6.074E+01, 2.423E+01, 5.474E-03, 2.025E-04, 1.762E+02, 4.172E-03, 1.044E+00
06/05/2019,17:00,9,3.342,3.842,6.629,.825,.171, 1.001E+03, 7.711E+01, 6.393E-01, 7.630E-04, 1.099E+01, 4.617E+01, 3.953E+01, 1.490E+01,-1.744E+01, 9.181E+01, 4.208E+00, 6.224E-01, 2.455E-01, 1.335E-01, 1.000E+00, 5.042E-01, 8.033E-01, 1.000E-02, 1.000E+00, 1.000E+00, 5.042E-03, 3.167E-05, 5.045E-05, 0.000E+00, 6.980E+01, 2.784E+01, 5.474E-03, 1.451E-04, 1.780E+02, 3.984E-03, 9.254E-01
06/05/2019,18:00,9,3.342,3.842,5.194,.957,.038, 1.001E+03, 8.421E+01, 5.209E-02, 7.630E-04, 9.858E+00, 2.379E+01, 5.680E+01, 7.909E+00,-3.860E+01, 2.474E+01, 3.584E+00, 3.395E-01, 1.711E-01, 6.034E-02, 1.000E+00, 3.154E-01, 9.033E-01, 1.000E-02, 1.000E+00, 1.000E+00, 3.154E-03, 1.971E-05, 5.644E-05, 0.000E+00, 1.224E+02, 3.995E+01, 2.783E-02, 9.032E-05, 3.582E+01, 7.011E-03, 8.173E-01
06/05/2019,19:00,9,3.342,3.842,4.654,.951,.042, 1.001E+03, 9.064E+01, 5.209E-02, 7.630E-04, 0.000E+00, 0.000E+00, 0.000E+00, 0.000E+00,-3.860E+01, 2.474E+01, 3.386E+00, 3.392E-01, 1.616E-01,-9.990E+02, 1.000E+00,-9.990E+02, 0.000E+00, 0.000E+00, 0.000E+00, 1.000E+00, 0.000E+00, 0.000E+00, 0.000E+00, 0.000E+00, 1.297E+02, 4.231E+01, 2.894E-02, 0.000E+00, 3.455E+01, 6.771E-03, 9.921E-01
06/05/2019,20:00,9,3.342,3.842,4.115,.945,.045, 1.001E+03, 9.604E+01, 5.209E-02, 7.630E-04, 0.000E+00, 0.000E+00, 0.000E+00, 0.000E+00,-3.860E+01, 2.474E+01, 3.194E+00, 3.389E-01, 1.523E-01,-9.990E+02, 1.000E+00,-9.990E+02, 0.000E+00, 0.000E+00, 0.000E+00, 1.000E+00, 0.000E+00, 0.000E+00, 0.000E+00, 0.000E+00, 1.377E+02, 4.488E+01, 2.633E-02, 0.000E+00, 3.799E+01, 6.329E-03, 1.222E+00
06/05/2019,21:00,9,3.342,3.842,3.576,.940,.048, 1.001E+03, 1.001E+02, 1.390E-03, 7.630E-04, 0.000E+00, 0.000E+00, 0.000E+00, 0.000E+00,-3.643E+01, 4.781E+00, 3.009E+00, 2.904E-01, 1.306E-01,-9.990E+02, 1.000E+00,-9.990E+02, 0.000E+00, 0.000E+00, 0.000E+00, 1.000E+00, 0.000E+00, 0.000E+00, 0.000E+00, 0.000E+00, 1.764E+02, 5.233E+01, 2.238E-02, 0.000E+00, 4.467E+01, 5.374E-03, 1.608E+00
06/05/2019,22:00,9,3.342,3.842,3.036,.943,.043, 1.001E+03, 1.024E+02, 1.390E-03, 7.630E-04, 0.000E+00, 0.000E+00, 0.000E+00, 0.000E+00,-3.643E+01, 4.781E+00, 2.956E+00, 2.902E-01, 1.282E-01,-9.990E+02, 1.000E+00,-9.990E+02, 0.000E+00, 0.000E+00, 0.000E+00, 1.000E+00, 0.000E+00, 0.000E+00, 0.000E+00, 0.000E+00, 1.798E+02, 5.332E+01, 2.728E-02, 0.000E+00, 3.665E+01, 5.533E-03, 1.999E+00
06/05/2019,23:00,9,3.342,3.842,2.496,.946,.040, 1.001E+03, 1.030E+02, 1.390E-03, 7.630E-04, 0.000E+00, 0.000E+00, 0.000E+00, 0.000E+00,-3.643E+01, 4.781E+00, 2.916E+00, 2.899E-01, 1.264E-01,-9.990E+02, 1.000E+00,-9.990E+02, 0.000E+00, 0.000E+00, 0.000E+00, 1.000E+00, 0.000E+00, 0.000E+00, 0.000E+00, 0.000E+00, 1.825E+02, 5.407E+01, 2.929E-02, 0.000E+00, 3.414E+01, 5.546E-03, 2.211E+00
07/05/2019,00:00,9,3.352,3.852,1.955,.949,.036, 1.000E+03, 1.016E+02, 2.363E-02, 7.630E-04, 0.000E+00, 0.000E+00, 0.000E+00, 0.000E+00,-2.373E+01,-1.808E+00, 2.892E+00, 2.413E-01, 1.211E-01,-9.990E+02, 1.000E+00,-9.990E+02, 0.000E+00, 0.000E+00, 0.000E+00, 1.000E+00, 0.000E+00, 0.000E+00, 0.000E+00, 0.000E+00, 1.972E+02, 5.645E+01, 3.195E-02, 0.000E+00, 3.130E+01, 5.420E-03, 2.453E+00
07/05/2019,01:00,9,3.352,3.852,1.520,.952,.033, 1.001E+03, 9.838E+01, 2.363E-02, 7.630E-04, 0.000E+00, 0.000E+00, 0.000E+00, 0.000E+00,-2.373E+01,-1.808E+00, 2.873E+00, 2.411E-01, 1.202E-01,-9.990E+02, 1.000E+00,-9.990E+02, 0.000E+00, 0.000E+00, 0.000E+00, 1.000E+00, 0.000E+00, 0.000E+00, 0.000E+00, 0.000E+00, 1.988E+02, 5.686E+01, 4.008E-02, 0.000E+00, 2.495E+01, 5.578E-03, 2.666E+00
07/05/2019,02:00,9,3.352,3.852,1.084,.955,.030, 1.001E+03, 9.366E+01, 2.363E-02, 7.630E-04, 0.000E+00, 0.000E+00, 0.000E+00, 0.000E+00,-2.373E+01,-1.808E+00, 2.903E+00, 2.409E-01, 1.214E-01,-9.990E+02, 1.000E+00,-9.990E+02, 0.000E+00, 0.000E+00, 0.000E+00, 1.000E+00, 0.000E+00, 0.000E+00, 0.000E+00, 0.000E+00, 1.970E+02, 5.630E+01, 4.470E-02, 0.000E+00, 2.237E+01, 5.708E-03, 2.798E+00
07/05/2019,03:00,9,3.352,3.852,.648,.958,.027, 1.001E+03, 8.774E+01, 3.645E-04, 7.630E-04, 1.651E-01, 8.112E+00, 4.625E+00, 2.536E+00, 2.117E+01, 4.599E+01, 2.982E+00, 4.821E-01, 1.824E-01, 2.357E-02, 1.000E+00, 1.008E-01, 1.732E-01, 1.000E-02, 1.000E+00, 1.000E+00, 1.008E-03, 6.196E-06, 1.065E-05, 0.000E+00, 8.713E+01, 3.747E+01, 5.139E-02, 2.848E-05, 1.945E+01, 8.552E-03, 2.735E+00
07/05/2019,04:00,9,3.352,3.852,1.853,.883,.082, 1.000E+03, 8.094E+01, 3.645E-04, 7.630E-04, 2.104E+01, 3.483E+01, 7.862E+01, 1.182E+01, 2.117E+01, 4.599E+01, 3.540E+00, 4.832E-01, 2.166E-01, 9.395E-02, 1.000E+00, 4.390E-01, 9.606E-01, 1.000E-02, 1.000E+00, 1.000E+00, 4.390E-03, 2.710E-05, 5.930E-05, 0.000E+00, 7.342E+01, 3.156E+01, 1.423E-02, 1.246E-04, 6.964E+01, 6.589E-03, 2.185E+00
07/05/2019,05:00,9,3.352,3.852,3.058,.808,.146, 9.999E+02, 7.362E+01, 3.645E-04, 7.630E-04, 6.288E+01, 6.175E+01, 1.333E+02, 2.178E+01, 2.117E+01, 4.599E+01, 4.103E+00, 4.843E-01, 2.509E-01, 1.678E-01, 1.000E+00, 6.595E-01, 9.958E-01, 1.000E-02, 1.000E+00, 1.000E+00, 6.595E-03, 4.089E-05, 6.175E-05, 0.000E+00, 6.338E+01, 2.724E+01, 5.474E-03, 1.880E-04, 1.766E+02, 4.040E-03, 2.238E+00
07/05/2019,06:00,9,3.352,3.852,4.263,.733,.221, 9.996E+02, 6.614E+01, 1.800E-01, 7.630E-04, 1.490E+02, 6.947E+01, 2.111E+02, 2.697E+01, 9.963E+01, 9.084E+01, 4.668E+00, 7.148E-01, 2.885E-01, 2.375E-01, 1.000E+00, 7.485E-01, 9.998E-01, 1.000E-02, 1.000E+00, 1.000E+00, 7.485E-03, 4.661E-05, 6.227E-05, 0.000E+00, 5.406E+01, 2.369E+01, 5.474E-03, 2.143E-04, 1.758E+02, 4.214E-03, 2.415E+00
07/05/2019,07:00,9,3.352,3.852,4.882,.722,.241, 9.997E+02, 5.889E+01, 1.800E-01, 7.630E-04, 2.099E+02, 7.615E+01, 2.335E+02, 3.043E+01, 9.963E+01, 9.084E+01, 4.539E+00, 7.155E-01, 2.805E-01, 2.963E-01, 1.000E+00, 7.987E-01, 9.999E-01, 1.000E-02, 1.000E+00, 1.000E+00, 7.987E-03, 4.985E-05, 6.241E-05, 0.000E+00, 5.562E+01, 2.437E+01, 5.474E-03, 2.292E-04, 1.754E+02, 4.191E-03, 1.786E+00
07/05/2019,08:00,9,3.352,3.852,5.501,.710,.263, 9.998E+02, 5.234E+01, 1.800E-01, 7.630E-04, 2.621E+02, 7.729E+01, 2.462E+02, 3.170E+01, 9.963E+01, 9.084E+01, 4.413E+00, 7.163E-01, 2.727E-01, 3.411E-01, 1.000E+00, 8.211E-01, 1.000E+00, 1.000E-02, 1.000E+00, 1.000E+00, 8.211E-03, 5.136E-05, 6.255E-05, 0.000E+00, 5.722E+01, 2.507E+01, 5.474E-03, 2.361E-04, 1.751E+02, 4.163E-03, 1.594E+00
07/05/2019,09:00,9,3.352,3.852,6.120,.698,.285, 9.999E+02, 4.708E+01, 5.660E-01, 7.630E-04, 3.021E+02, 7.571E+01, 2.536E+02, 3.178E+01, 1.963E+02, 1.329E+02, 4.289E+00, 7.249E-01, 2.714E-01, 3.716E-01, 1.000E+00, 8.299E-01, 1.000E+00, 1.000E-02, 1.000E+00, 1.000E+00, 8.299E-03, 5.203E-05, 6.269E-05, 0.000E+00, 5.503E+01, 2.518E+01, 5.474E-03, 2.392E-04, 1.750E+02, 4.168E-03, 1.586E+00
07/05/2019,10:00,9,3.352,3.852,6.391,.715,.274, 9.999E+02, 4.379E+01, 5.660E-01, 1.526E-03, 3.251E+02, 7.360E+01, 2.566E+02, 3.139E+01, 1.963E+02, 1.329E+02, 4.457E+00, 7.252E-01, 2.820E-01, 3.884E-01, 1.000E+00, 8.318E-01, 1.000E+00, 1.000E-02, 1.000E+00, 1.000E+00, 8.318E-03, 5.220E-05, 6.275E-05, 0.000E+00, 5.296E+01, 2.424E+01, 5.947E-03, 2.400E-04, 1.616E+02, 4.463E-03, 1.353E+00
07/05/2019,11:00,9,3.352,3.852,6.661,.732,.262, 9.998E+02, 4.304E+01, 5.660E-01, 2.289E-03, 3.302E+02, 7.303E+01, 2.572E+02, 3.127E+01, 1.963E+02, 1.329E+02, 4.627E+00, 7.256E-01, 2.928E-01, 3.920E-01, 1.000E+00, 8.320E-01, 1.000E+00, 1.000E-02, 1.000E+00, 1.000E+00, 8.320E-03, 5.226E-05, 6.281E-05, 0.000E+00, 5.103E+01, 2.335E+01, 6.421E-03, 2.402E-04, 1.501E+02, 4.756E-03, 1.330E+00
07/05/2019,12:00,9,3.352,3.852,6.931,.749,.250, 9.997E+02, 4.498E+01, 5.151E-01, 3.052E-03, 3.210E+02, 7.537E+01, 2.588E+02, 3.195E+01, 1.479E+02, 1.081E+02, 4.799E+00, 6.942E-01, 3.017E-01, 3.826E-01, 1.000E+00, 8.341E-01, 1.000E+00, 1.000E-02, 1.000E+00, 1.000E+00, 8.341E-03, 5.244E-05, 6.287E-05, 0.000E+00, 5.009E+01, 2.266E+01, 6.894E-03, 2.411E-04, 1.402E+02, 5.034E-03, 1.299E+00
07/05/2019,13:00,9,3.352,3.852,6.477,.772,.220, 1.000E+03, 4.923E+01, 5.151E-01, 2.798E-03, 2.900E+02, 7.767E+01, 2.543E+02, 3.228E+01, 1.479E+02, 1.081E+02, 4.550E+00, 6.936E-01, 2.861E-01, 3.597E-01, 1.000E+00, 8.303E-01, 1.000E+00, 1.000E-02, 1.000E+00, 1.000E+00, 8.303E-03, 5.212E-05, 6.277E-05, 0.000E+00, 5.281E+01, 2.389E+01, 6.736E-03, 2.396E-04, 1.434E+02, 4.878E-03, 1.230E+00
07/05/2019,14:00,9,3.352,3.852,6.023,.795,.192, 1.000E+03, 5.514E+01, 5.151E-01, 2.543E-03, 2.439E+02, 7.853E+01, 2.452E+02, 3.184E+01, 1.479E+02, 1.081E+02, 4.404E+00, 6.929E-01, 2.769E-01, 3.229E-01, 1.000E+00, 8.172E-01, 1.000E+00, 1.000E-02, 1.000E+00, 1.000E+00, 8.172E-03, 5.122E-05, 6.267E-05, 0.000E+00, 5.455E+01, 2.468E+01, 6.578E-03, 2.354E-04, 1.468E+02, 4.751E-03, 1.094E+00
07/05/2019,15:00,9,3.352,3.852,5.569,.818,.165, 1.001E+03, 6.206E+01, 1.720E-01, 2.289E-03, 1.904E+02, 7.677E+01, 2.334E+02, 3.030E+01,-1.371E+01, 8.997E+01, 4.370E+00, 5.434E-01, 2.542E-01, 2.718E-01, 1.000E+00, 7.906E-01, 9.999E-01, 1.000E-02, 1.000E+00, 1.000E+00, 7.906E-03, 4.946E-05, 6.257E-05, 0.000E+00, 6.764E+01, 2.689E+01, 6.421E-03, 2.274E-04, 1.504E+02, 4.526E-03, 8.969E-01
07/05/2019,16:00,9,3.352,3.852,5.171,.829,.151, 1.001E+03, 6.945E+01, 1.720E-01, 2.035E-03, 1.251E+02, 6.667E+01, 2.037E+02, 2.549E+01,-1.371E+01, 8.997E+01, 4.203E+00, 5.430E-01, 2.445E-01, 2.077E-01, 1.000E+00, 7.223E-01, 9.998E-01, 1.000E-02, 1.000E+00, 1.000E+00, 7.223E-03, 4.513E-05, 6.247E-05, 0.000E+00, 7.034E+01, 2.796E+01, 6.263E-03, 2.075E-04, 1.546E+02, 4.388E-03, 7.974E-01
07/05/2019,17:00,9,3.352,3.852,4.773,.841,.137, 1.001E+03, 7.688E+01, 1.720E-01, 1.780E-03, 6.085E+01, 4.895E+01, 1.519E+02, 1.785E+01,-1.371E+01, 8.997E+01, 4.038E+00, 5.425E-01, 2.348E-01, 1.353E-01, 1.000E+00, 5.847E-01, 9.981E-01, 1.000E-02, 1.000E+00, 1.000E+00, 5.847E-03, 3.648E-05, 6.227E-05, 0.000E+00, 7.322E+01, 2.911E+01, 6.693E-03, 1.677E-04, 1.458E+02, 4.502E-03, 6.926E-01
07/05/2019,18:00,9,3.352,3.852,4.375,.852,.123, 1.001E+03, 8.398E+01, 2.541E-03, 1.526E-03, 1.100E+01, 2.471E+01, 6.067E+01, 8.229E+00,-5.187E+01, 1.502E+01, 3.876E+00, 4.379E-01, 1.997E-01, 6.256E-02, 1.000E+00, 3.266E-01, 9.175E-01, 1.000E-02, 1.000E+00, 1.000E+00, 3.266E-03, 2.035E-05, 5.716E-05, 0.000E+00, 9.721E+01, 3.423E+01, 7.520E-03, 9.353E-05, 1.314E+02, 4.501E-03, 6.668E-01
07/05/2019,19:00,9,3.352,3.852,3.507,.877,.096, 1.002E+03, 9.040E+01, 2.541E-03, 1.526E-03, 0.000E+00, 0.000E+00, 0.000E+00, 0.000E+00,-5.187E+01, 1.502E+01, 3.659E+00, 4.372E-01, 1.884E-01,-9.990E+02, 1.000E+00,-9.990E+02, 0.000E+00, 0.000E+00, 0.000E+00, 1.000E+00, 0.000E+00, 0.000E+00, 0.000E+00, 0.000E+00, 1.031E+02, 3.628E+01, 1.022E-02, 0.000E+00, 9.788E+01, 5.151E-03, 6.647E-01
07/05/2019,20:00,9,3.352,3.852,2.640,.902,.072, 1.002E+03, 9.579E+01, 2.541E-03, 1.526E-03, 0.000E+00, 0.000E+00, 0.000E+00, 0.000E+00,-5.187E+01, 1.502E+01, 3.447E+00, 4.364E-01, 1.774E-01,-9.990E+02, 1.000E+00,-9.990E+02, 0.000E+00, 0.000E+00, 0.000E+00, 1.000E+00, 0.000E+00, 0.000E+00, 0.000E+00, 0.000E+00, 1.096E+02, 3.854E+01, 1.641E-02, 0.000E+00, 6.096E+01, 6.127E-03, 6.907E-01
07/05/2019,21:00,9,3.352,3.852,1.772,.927,.051, 1.002E+03, 9.981E+01, 1.627E-05, 1.526E-03, 0.000E+00, 0.000E+00, 0.000E+00, 0.000E+00,-5.090E+01, 1.003E+01, 3.241E+00, 3.667E-01, 1.534E-01,-9.990E+02, 1.000E+00,-9.990E+02, 0.000E+00, 0.000E+00, 0.000E+00, 1.000E+00, 0.000E+00, 0.000E+00, 0.000E+00, 0.000E+00, 1.378E+02, 4.457E+01, 2.445E-02, 0.000E+00, 4.090E+01, 6.242E-03, 7.534E-01
07/05/2019,22:00,9,3.352,3.852,1.458,.895,.071, 1.003E+03, 1.022E+02, 1.627E-05, 1.526E-03, 0.000E+00, 0.000E+00, 0.000E+00, 0.000E+00,-5.090E+01, 1.003E+01, 3.317E+00, 3.664E-01, 1.569E-01,-9.990E+02, 1.000E+00,-9.990E+02, 0.000E+00, 0.000E+00, 0.000E+00, 1.000E+00, 0.000E+00, 0.000E+00, 0.000E+00, 0.000E+00, 1.347E+02, 4.357E+01, 1.748E-02, 0.000E+00, 5.719E+01, 5.753E-03, 8.499E-01
07/05/2019,23:00,9,3.352,3.852,1.145,.863,.091, 1.003E+03, 1.027E+02, 1.627E-05, 1.526E-03, 0.000E+00, 0.000E+00, 0.000E+00, 0.000E+00,-5.090E+01, 1.003E+01, 3.393E+00, 3.662E-01, 1.604E-01,-9.990E+02, 1.000E+00,-9.990E+02, 0.000E+00, 0.000E+00, 0.000E+00, 1.000E+00, 0.000E+00, 0.000E+00, 0.000E+00, 0.000E+00, 1.318E+02, 4.261E+01, 1.276E-02, 0.000E+00, 7.834E+01, 5.198E-03, 1.034E+00
08/05/2019,00:00,9,3.363,3.863,.831,.831,.110, 1.003E+03, 1.013E+02, 0.000E+00, 1.526E-03, 0.000E+00, 0.000E+00, 0.000E+00, 0.000E+00,-4.564E+01, 4.186E+00, 3.469E+00, 3.990E-01, 1.750E-01,-9.990E+02, 1.000E+00,-9.990E+02, 0.000E+00, 0.000E+00, 0.000E+00, 1.000E+00, 0.000E+00, 0.000E+00, 0.000E+00, 0.000E+00, 1.133E+02, 3.906E+01, 9.356E-03, 0.000E+00, 1.069E+02, 4.745E-03, 1.325E+00
08/05/2019,01:00,9,3.363,3.863,.676,.860,.090, 1.004E+03, 9.812E+01, 0.000E+00, 2.035E-03, 0.000E+00, 0.000E+00, 0.000E+00, 0.000E+00,-4.564E+01, 4.186E+00, 3.442E+00, 3.988E-01, 1.736E-01,-9.990E+02, 1.000E+00,-9.990E+02, 0.000E+00, 0.000E+00, 0.000E+00, 1.000E+00, 0.000E+00, 0.000E+00, 0.000E+00, 0.000E+00, 1.142E+02, 3.938E+01, 1.244E-02, 0.000E+00, 8.037E+01, 5.404E-03, 1.590E+00
08/05/2019,02:00,9,3.363,3.863,.522,.888,.071, 1.004E+03, 9.341E+01, 0.000E+00, 2.543E-03, 0.000E+00, 0.000E+00, 0.000E+00, 0.000E+00,-4.564E+01, 4.186E+00, 3.427E+00, 3.987E-01, 1.728E-01,-9.990E+02, 1.000E+00,-9.990E+02, 0.000E+00, 0.000E+00, 0.000E+00, 1.000E+00, 0.000E+00, 0.000E+00, 0.000E+00, 0.000E+00, 1.147E+02, 3.955E+01, 1.887E-02, 0.000E+00, 5.300E+01, 6.323E-03, 1.711E+00
08/05/2019,03:00,9,3.363,3.863,.367,.917,.052, 1.004E+03, 8.749E+01, 1.017E-05, 3.052E-03, 3.972E-01, 1.041E+01, 7.786E+00, 3.255E+00, 3.456E+01, 2.250E+01, 3.426E+00, 4.873E-01, 2.123E-01, 2.607E-02, 1.000E+00, 1.292E-01, 2.740E-01, 1.000E-02, 1.000E+00, 1.000E+00, 1.292E-03, 7.933E-06, 1.682E-05, 0.000E+00, 7.310E+01, 3.220E+01, 2.900E-02, 3.659E-05, 3.443E+01, 8.481E-03, 1.682E+00
08/05/2019,04:00,9,3.363,3.863,2.212,.829,.122, 1.004E+03, 8.070E+01, 1.017E-05, 3.052E-03, 3.087E+01, 3.641E+01, 1.082E+02, 1.272E+01, 3.456E+01, 2.250E+01, 3.775E+00, 4.888E-01, 2.339E-01, 9.612E-02, 1.000E+00, 4.632E-01, 9.883E-01, 1.000E-02, 1.000E+00, 1.000E+00, 4.632E-03, 2.863E-05, 6.109E-05, 0.000E+00, 6.639E+01, 2.922E+01, 7.424E-03, 1.321E-04, 1.323E+02, 4.805E-03, 1.555E+00
08/05/2019,05:00,9,3.363,3.863,4.056,.741,.211, 1.004E+03, 7.339E+01, 1.017E-05, 3.052E-03, 8.943E+01, 5.772E+01, 1.779E+02, 2.153E+01, 3.456E+01, 2.250E+01, 4.125E+00, 4.904E-01, 2.555E-01, 1.696E-01, 1.000E+00, 6.573E-01, 9.993E-01, 1.000E-02, 1.000E+00, 1.000E+00, 6.573E-03, 4.091E-05, 6.219E-05, 0.000E+00, 6.082E+01, 2.676E+01, 6.894E-03, 1.887E-04, 1.412E+02, 4.749E-03, 1.641E+00
08/05/2019,06:00,9,3.363,3.863,5.900,.653,.322, 1.005E+03, 6.590E+01, 9.431E-02, 3.052E-03, 1.523E+02, 7.061E+01, 2.139E+02, 2.736E+01, 1.390E+02, 9.043E+01, 4.475E+00, 7.374E-01, 2.787E-01, 2.389E-01, 1.000E+00, 7.529E-01, 9.998E-01, 1.000E-02, 1.000E+00, 1.000E+00, 7.529E-03, 4.717E-05, 6.263E-05, 0.000E+00, 5.517E+01, 2.453E+01, 6.894E-03, 2.175E-04, 1.406E+02, 4.899E-03, 1.737E+00
08/05/2019,07:00,9,3.363,3.863,6.604,.636,.356, 1.005E+03, 5.865E+01, 9.431E-02, 2.798E-03, 2.138E+02, 7.719E+01, 2.362E+02, 3.078E+01, 1.390E+02, 9.043E+01, 4.477E+00, 7.382E-01, 2.788E-01, 2.972E-01, 1.000E+00, 8.019E-01, 9.999E-01, 1.000E-02, 1.000E+00, 1.000E+00, 8.019E-03, 5.036E-05, 6.280E-05, 0.000E+00, 5.516E+01, 2.452E+01, 6.736E-03, 2.322E-04, 1.435E+02, 4.831E-03, 1.784E+00
08/05/2019,08:00,9,3.363,3.863,7.308,.618,.391, 1.005E+03, 5.209E+01, 9.431E-02, 2.543E-03, 2.665E+02, 7.821E+01, 2.488E+02, 3.201E+01, 1.390E+02, 9.043E+01, 4.486E+00, 7.389E-01, 2.793E-01, 3.418E-01, 1.000E+00, 8.236E-01, 1.000E+00, 1.000E-02, 1.000E+00, 1.000E+00, 8.236E-03, 5.185E-05, 6.296E-05, 0.000E+00, 5.507E+01, 2.447E+01, 6.578E-03, 2.391E-04, 1.467E+02, 4.761E-03, 1.799E+00
08/05/2019,09:00,9,3.363,3.863,8.011,.601,.429, 1.006E+03, 4.682E+01, 2.012E-02, 2.289E-03, 3.059E+02, 7.631E+01, 2.555E+02, 3.197E+01, 2.797E+02, 1.133E+02, 4.502E+00, 7.537E-01, 2.880E-01, 3.721E-01, 1.000E+00, 8.314E-01, 1.000E+00, 1.000E-02, 1.000E+00, 1.000E+00, 8.314E-03, 5.247E-05, 6.312E-05, 0.000E+00, 5.087E+01, 2.374E+01, 6.421E-03, 2.420E-04, 1.501E+02, 4.739E-03, 1.799E+00
08/05/2019,10:00,9,3.363,3.863,8.911,.572,.490, 1.006E+03, 4.352E+01, 2.012E-02, 2.035E-03, 3.291E+02, 7.414E+01, 2.585E+02, 3.156E+01, 2.797E+02, 1.133E+02, 4.360E+00, 7.549E-01, 2.788E-01, 3.888E-01, 1.000E+00, 8.331E-01, 1.000E+00, 1.000E-02, 1.000E+00, 1.000E+00, 8.331E-03, 5.275E-05, 6.332E-05, 0.000E+00, 5.257E+01, 2.452E+01, 6.263E-03, 2.433E-04, 1.537E+02, 4.616E-03, 1.789E+00
08/05/2019,11:00,9,3.363,3.863,9.810,.542,.556, 1.006E+03, 4.277E+01, 2.012E-02, 1.780E-03, 3.342E+02, 7.355E+01, 2.591E+02, 3.143E+01, 2.797E+02, 1.133E+02, 4.221E+00, 7.562E-01, 2.698E-01, 3.924E-01, 1.000E+00, 8.332E-01, 1.000E+00, 1.000E-02, 1.000E+00, 1.000E+00, 8.332E-03, 5.293E-05, 6.352E-05, 0.000E+00, 5.433E+01, 2.533E+01, 6.105E-03, 2.441E-04, 1.575E+02, 4.494E-03, 1.874E+00
08/05/2019,12:00,9,3.363,3.863,10.710,.513,.629, 1.006E+03, 4.472E+01, 9.937E-02, 1.526E-03, 3.246E+02, 7.588E+01, 2.605E+02, 3.211E+01, 1.709E+02, 1.230E+02, 4.086E+00, 7.302E-01, 2.568E-01, 3.829E-01, 1.000E+00, 8.353E-01, 1.000E+00, 1.000E-02, 1.000E+00, 1.000E+00, 8.353E-03, 5.323E-05, 6.372E-05, 0.000E+00, 5.891E+01, 2.662E+01, 5.947E-03, 2.455E-04, 1.615E+02, 4.344E-03, 1.910E+00
08/05/2019,13:00,9,3.363,3.863,10.478,.494,.644, 1.006E+03, 4.898E+01, 9.937E-02, 1.017E-03, 2.935E+02, 7.826E+01, 2.561E+02, 3.246E+01, 1.709E+02, 1.230E+02, 3.636E+00, 7.299E-01, 2.285E-01, 3.602E-01, 1.000E+00, 8.317E-01, 1.000E+00, 1.000E-02, 1.000E+00, 1.000E+00, 8.317E-03, 5.295E-05, 6.367E-05, 0.000E+00, 6.620E+01, 2.992E+01, 5.631E-03, 2.442E-04, 1.702E+02, 4.042E-03, 1.843E+00
08/05/2019,14:00,9,3.363,3.863,10.247,.475,.657, 1.006E+03, 5.490E+01, 9.937E-02, 5.087E-04, 2.471E+02, 7.923E+01, 2.470E+02, 3.206E+01, 1.709E+02, 1.230E+02, 3.186E+00, 7.295E-01, 2.002E-01, 3.236E-01, 1.000E+00, 8.190E-01, 1.000E+00, 1.000E-02, 1.000E+00, 1.000E+00, 8.190E-03, 5.211E-05, 6.362E-05, 0.000E+00, 7.554E+01, 3.414E+01, 5.316E-03, 2.403E-04, 1.800E+02, 3.730E-03, 1.717E+00
08/05/2019,15:00,9,3.363,3.863,10.015,.456,.670, 1.006E+03, 6.183E+01, 3.260E-02, 3.469E-16, 1.919E+02, 7.705E+01, 2.336E+02, 3.034E+01, 8.963E+00, 6.782E+01, 2.737E+00, 5.312E-01, 1.643E-01, 2.728E-01, 1.000E+00, 7.912E-01, 9.999E-01, 1.000E-02, 1.000E+00, 1.000E+00, 7.912E-03, 5.030E-05, 6.356E-05, 0.000E+00, 1.003E+02, 4.160E+01, 5.000E-03, 2.320E-04, 1.911E+02, 3.335E-03, 1.582E+00
08/05/2019,16:00,9,3.363,3.863,9.211,.535,.543, 1.006E+03, 6.923E+01, 3.260E-02, 3.469E-16, 1.267E+02, 6.713E+01, 2.043E+02, 2.562E+01, 8.963E+00, 6.782E+01, 3.100E+00, 5.304E-01, 1.861E-01, 2.091E-01, 1.000E+00, 7.242E-01, 9.998E-01, 1.000E-02, 1.000E+00, 1.000E+00, 7.242E-03, 4.590E-05, 6.337E-05, 0.000E+00, 8.856E+01, 3.673E+01, 5.000E-03, 2.117E-04, 1.919E+02, 3.474E-03, 1.536E+00
08/05/2019,17:00,9,3.363,3.863,8.406,.614,.427, 1.006E+03, 7.666E+01, 3.260E-02, 3.469E-16, 6.243E+01, 4.962E+01, 1.533E+02, 1.807E+01, 8.963E+00, 6.782E+01, 3.750E+00, 5.296E-01, 2.252E-01, 1.372E-01, 1.000E+00, 5.894E-01, 9.982E-01, 1.000E-02, 1.000E+00, 1.000E+00, 5.894E-03, 3.725E-05, 6.309E-05, 0.000E+00, 7.319E+01, 3.036E+01, 5.000E-03, 1.718E-04, 1.934E+02, 3.667E-03, 1.446E+00
08/05/2019,18:00,9,3.363,3.863,7.601,.692,.322, 1.007E+03, 8.375E+01, 1.641E-02, 3.469E-16, 8.570E+00, 2.353E+01, 4.709E+01, 7.725E+00,-4.813E+01, 1.034E+01, 4.567E+00, 5.067E-01, 2.486E-01, 6.474E-02, 1.000E+00, 3.100E-01, 8.558E-01, 1.000E-02, 1.000E+00, 1.000E+00, 3.100E-03, 1.954E-05, 5.394E-05, 0.000E+00, 7.389E+01, 2.750E+01, 5.000E-03, 9.010E-05, 1.965E+02, 3.717E-03, 1.240E+00
08/05/2019,19:00,9,3.363,3.863,6.913,.733,.266, 1.007E+03, 9.016E+01, 1.641E-02, 3.469E-16, 0.000E+00, 0.000E+00, 0.000E+00, 0.000E+00,-4.813E+01, 1.034E+01, 4.059E+00, 5.060E-01, 2.209E-01,-9.990E+02, 1.000E+00,-9.990E+02, 0.000E+00, 0.000E+00, 0.000E+00, 1.000E+00, 0.000E+00, 0.000E+00, 0.000E+00, 0.000E+00, 8.319E+01, 3.095E+01, 5.000E-03, 0.000E+00, 2.000E+02, 3.550E-03, 1.098E+00
08/05/2019,20:00,9,3.363,3.863,6.225,.773,.216, 1.008E+03, 9.554E+01, 1.641E-02, 3.469E-16, 0.000E+00, 0.000E+00, 0.000E+00, 0.000E+00,-4.813E+01, 1.034E+01, 3.554E+00, 5.053E-01, 1.933E-01,-9.990E+02, 1.000E+00,-9.990E+02, 0.000E+00, 0.000E+00, 0.000E+00, 1.000E+00, 0.000E+00, 0.000E+00, 0.000E+00, 0.000E+00, 9.508E+01, 3.536E+01, 5.000E-03, 0.000E+00, 2.000E+02, 3.409E-03, 1.172E+00
08/05/2019,21:00,9,3.363,3.863,5.537,.813,.169, 1.008E+03, 9.956E+01, 3.767E-02, 3.469E-16, 0.000E+00, 0.000E+00, 0.000E+00, 0.000E+00,-3.604E+01, 6.971E+00, 3.053E+00, 3.740E-01, 1.551E-01,-9.990E+02, 1.000E+00,-9.990E+02, 0.000E+00, 0.000E+00, 0.000E+00, 1.000E+00, 0.000E+00, 0.000E+00, 0.000E+00, 0.000E+00, 1.270E+02, 4.408E+01, 5.000E-03, 0.000E+00, 2.000E+02, 3.153E-03, 1.404E+00
08/05/2019,22:00,9,3.363,3.863,5.060,.827,.152, 1.008E+03, 1.019E+02, 3.767E-02, 3.469E-16, 0.000E+00, 0.000E+00, 0.000E+00, 0.000E+00,-3.604E+01, 6.971E+00, 3.094E+00, 3.736E-01, 1.571E-01,-9.990E+02, 1.000E+00,-9.990E+02, 0.000E+00, 0.000E+00, 0.000E+00, 1.000E+00, 0.000E+00, 0.000E+00, 0.000E+00, 0.000E+00, 1.254E+02, 4.351E+01, 5.000E-03, 0.000E+00, 2.000E+02, 3.168E-03, 1.631E+00
08/05/2019,23:00,9,3.363,3.863,4.583,.840,.136, 1.008E+03, 1.024E+02, 3.767E-02, 3.469E-16, 0.000E+00, 0.000E+00, 0.000E+00, 0.000E+00,-3.604E+01, 6.971E+00, 3.163E+00, 3.733E-01, 1.605E-01,-9.990E+02, 1.000E+00,-9.990E+02, 0.000E+00, 0.000E+00, 0.000E+00, 1.000E+00, 0.000E+00, 0.000E+00, 0.000E+00, 0.000E+00, 1.227E+02, 4.257E+01, 6.277E-03, 0.000E+00, 1.593E+02, 3.670E-03, 1.656E+00
09/05/2019,00:00,9,3.374,3.874,4.106,.853,.120, 1.008E+03, 1.010E+02, 6.867E-05, 3.469E-16, 0.000E+00, 0.000E+00, 0.000E+00, 0.000E+00,-3.850E+01, 6.676E+00, 3.259E+00, 3.774E-01, 1.646E-01,-9.990E+02, 1.000E+00,-9.990E+02, 0.000E+00, 0.000E+00, 0.000E+00, 1.000E+00, 0.000E+00, 0.000E+00, 0.000E+00, 0.000E+00, 1.203E+02, 4.153E+01, 8.699E-03, 0.000E+00, 1.149E+02, 4.437E-03, 1.695E+00
09/05/2019,01:00,9,3.374,3.874,4.253,.814,.154, 1.008E+03, 9.786E+01, 6.867E-05, 3.469E-16, 0.000E+00, 0.000E+00, 0.000E+00, 0.000E+00,-3.850E+01, 6.676E+00, 3.398E+00, 3.775E-01, 1.717E-01,-9.990E+02, 1.000E+00,-9.990E+02, 0.000E+00, 0.000E+00, 0.000E+00, 1.000E+00, 0.000E+00, 0.000E+00, 0.000E+00, 0.000E+00, 1.153E+02, 3.982E+01, 5.000E-03, 0.000E+00, 2.000E+02, 3.269E-03, 1.745E+00
09/05/2019,02:00,9,3.374,3.874,4.400,.775,.189, 1.008E+03, 9.316E+01, 6.867E-05, 3.469E-16, 0.000E+00, 0.000E+00, 0.000E+00, 0.000E+00,-3.850E+01, 6.676E+00, 3.558E+00, 3.776E-01, 1.797E-01,-9.990E+02, 1.000E+00,-9.990E+02, 0.000E+00, 0.000E+00, 0.000E+00, 1.000E+00, 0.000E+00, 0.000E+00, 0.000E+00, 0.000E+00, 1.101E+02, 3.803E+01, 5.000E-03, 0.000E+00, 2.000E+02, 3.321E-03, 1.992E+00
09/05/2019,03:00,9,3.374,3.874,4.547,.735,.224, 1.008E+03, 8.724E+01, 0.000E+00, 3.469E-16, 3.925E-02, 4.457E+00, 1.792E+00, 1.384E+00,-1.452E+01, 2.678E+01, 3.734E+00, 5.491E-01, 2.171E-01, 2.850E-02, 1.000E+00, 5.576E-02, 7.105E-02, 1.000E-02, 1.000E+00, 1.000E+00, 5.576E-04, 3.476E-06, 4.429E-06, 0.000E+00, 7.923E+01, 3.149E+01, 5.000E-03, 1.608E-05, 1.994E+02, 3.547E-03, 2.084E+00
09/05/2019,04:00,9,3.374,3.874,5.756,.701,.275, 1.008E+03, 8.046E+01, 0.000E+00, 3.469E-16, 2.051E+00, 2.398E+01, 1.371E+01, 7.525E+00,-1.452E+01, 2.678E+01, 3.666E+00, 5.504E-01, 2.132E-01, 9.823E-02, 1.000E+00, 2.824E-01, 4.311E-01, 1.000E-02, 1.000E+00, 1.000E+00, 2.824E-03, 1.768E-05, 2.699E-05, 0.000E+00, 8.067E+01, 3.206E+01, 5.000E-03, 8.180E-05, 1.968E+02, 3.560E-03, 1.878E+00
09/05/2019,05:00,9,3.374,3.874,6.965,.667,.333, 1.008E+03, 7.315E+01, 0.000E+00, 3.469E-16, 5.774E+00, 5.011E+01, 2.573E+01, 1.576E+01,-1.452E+01, 2.678E+01, 3.616E+00, 5.516E-01, 2.103E-01, 1.713E-01, 1.000E+00, 5.072E-01, 6.529E-01, 1.000E-02, 1.000E+00, 1.000E+00, 5.072E-03, 3.190E-05, 4.106E-05, 0.000E+00, 8.177E+01, 3.250E+01, 5.000E-03, 1.476E-04, 1.943E+02, 3.577E-03, 1.858E+00
09/05/2019,06:00,9,3.374,3.874,8.174,.633,.399, 1.007E+03, 6.567E+01, 0.000E+00, 3.469E-16, 2.668E+01, 9.212E+01, 6.188E+01, 2.950E+01, 4.528E+01, 6.075E+01, 3.585E+00, 6.770E-01, 2.180E-01, 2.402E-01, 1.000E+00, 7.553E-01, 9.215E-01, 1.000E-02, 1.000E+00, 1.000E+00, 7.553E-03, 4.770E-05, 5.820E-05, 0.000E+00, 7.373E+01, 3.135E+01, 5.000E-03, 2.207E-04, 1.915E+02, 3.660E-03, 2.243E+00
09/05/2019,07:00,9,3.374,3.874,9.095,.592,.472, 1.008E+03, 5.841E+01, 0.000E+00, 3.469E-16, 3.732E+01, 1.173E+02, 7.316E+01, 3.754E+01, 4.528E+01, 6.075E+01, 4.098E+00, 6.781E-01, 2.492E-01, 2.981E-01, 1.000E+00, 8.354E-01, 9.507E-01, 1.000E-02, 1.000E+00, 1.000E+00, 8.354E-03, 5.293E-05, 6.023E-05, 0.000E+00, 6.451E+01, 2.743E+01, 5.000E-03, 2.449E-04, 1.907E+02, 3.815E-03, 2.425E+00
09/05/2019,08:00,9,3.374,3.874,10.017,.551,.553, 1.008E+03, 5.184E+01, 0.000E+00, 3.469E-16, 4.643E+01, 1.364E+02, 8.120E+01, 4.362E+01, 4.528E+01, 6.075E+01, 4.615E+00, 6.791E-01, 2.807E-01, 3.424E-01, 1.000E+00, 8.785E-01, 9.646E-01, 1.000E-02, 1.000E+00, 1.000E+00, 8.785E-03, 5.585E-05, 6.131E-05, 0.000E+00, 5.729E+01, 2.436E+01, 5.000E-03, 2.584E-04, 1.902E+02, 3.943E-03, 2.623E+00
09/05/2019,09:00,9,3.374,3.874,10.938,.510,.642, 1.008E+03, 4.656E+01, 6.867E-05, 3.469E-16, 7.039E+01, 1.535E+02, 1.007E+02, 4.946E+01, 1.261E+02, 9.877E+01, 5.135E+00, 8.731E-01, 3.141E-01, 3.725E-01, 1.000E+00, 9.120E-01, 9.841E-01, 1.000E-02, 1.000E+00, 1.000E+00, 9.120E-03, 5.816E-05, 6.276E-05, 0.000E+00, 5.062E+01, 2.176E+01, 5.000E-03, 2.691E-04, 1.898E+02, 4.058E-03, 2.976E+00
09/05/2019,10:00,9,3.374,3.874,11.414,.494,.686, 1.008E+03, 4.326E+01, 6.867E-05, 3.469E-16, 7.568E+01, 1.604E+02, 1.036E+02, 5.166E+01, 1.261E+02, 9.877E+01, 5.412E+00, 8.740E-01, 3.311E-01, 3.891E-01, 1.000E+00, 9.216E-01, 9.859E-01, 1.000E-02, 1.000E+00, 1.000E+00, 9.216E-03, 5.887E-05, 6.298E-05, 0.000E+00, 4.803E+01, 2.065E+01, 5.000E-03, 2.724E-04, 1.897E+02, 4.109E-03, 2.968E+00
09/05/2019,11:00,9,3.374,3.874,11.891,.477,.731, 1.007E+03, 4.251E+01, 6.867E-05, 3.469E-16, 7.685E+01, 1.618E+02, 1.043E+02, 5.213E+01, 1.261E+02, 9.877E+01, 5.690E+00, 8.749E-01, 3.480E-01, 3.927E-01, 1.000E+00, 9.234E-01, 9.863E-01, 1.000E-02, 1.000E+00, 1.000E+00, 9.234E-03, 5.909E-05, 6.311E-05, 0.000E+00, 4.570E+01, 1.964E+01, 5.000E-03, 2.734E-04, 1.896E+02, 4.154E-03, 3.037E+00
09/05/2019,12:00,9,3.374,3.874,12.367,.460,.779, 1.007E+03, 4.446E+01, 6.867E-05, 3.469E-16, 9.299E+01, 1.590E+02, 1.169E+02, 5.173E+01, 1.128E+02, 1.011E+02, 5.967E+00, 1.007E+00, 3.611E-01, 3.833E-01, 1.000E+00, 9.234E-01, 9.918E-01, 5.176E-02, 1.000E+00, 1.000E+00, 4.780E-02, 3.064E-04, 3.291E-04, 0.000E+00, 4.495E+01, 1.893E+01, 5.000E-03, 1.417E-03, 1.558E+02, 4.873E-03, 2.949E+00
09/05/2019,13:00,9,3.374,3.874,12.167,.468,.758, 1.007E+03, 4.874E+01, 6.867E-05, 3.469E-16, 8.413E+01, 1.499E+02, 1.126E+02, 4.880E+01, 1.128E+02, 1.011E+02, 6.084E+00, 1.006E+00, 3.682E-01, 3.607E-01, 1.000E+00, 9.106E-01, 9.902E-01, 2.369E-02, 1.000E+00, 1.000E+00, 2.158E-02, 1.382E-04, 1.503E-04, 0.000E+00, 4.408E+01, 1.856E+01, 5.000E-03, 6.393E-04, 1.773E+02, 4.430E-03, 2.828E+00
09/05/2019,14:00,9,3.374,3.874,11.967,.475,.737, 1.007E+03, 5.467E+01, 6.867E-05, 3.469E-16, 7.093E+01, 1.348E+02, 1.052E+02, 4.390E+01, 1.128E+02, 1.011E+02, 6.202E+00, 1.006E+00, 3.753E-01, 3.243E-01, 1.000E+00, 8.847E-01, 9.868E-01, 1.000E-02, 1.000E+00, 1.000E+00, 8.847E-03, 5.662E-05, 6.316E-05, 0.000E+00, 4.324E+01, 1.821E+01, 5.000E-03, 2.620E-04, 1.900E+02, 4.210E-03, 2.697E+00
09/05/2019,15:00,9,3.374,3.874,11.766,.483,.716, 1.006E+03, 6.161E+01, 6.867E-05, 3.469E-16, 4.322E+01, 1.109E+02, 8.125E+01, 3.580E+01,-6.788E+00, 5.969E+01, 6.321E+00, 8.592E-01, 3.744E-01, 2.738E-01, 1.000E+00, 8.237E-01, 9.646E-01, 1.000E-02, 1.000E+00, 1.000E+00, 8.237E-03, 5.269E-05, 6.170E-05, 0.000E+00, 4.509E+01, 1.826E+01, 5.000E-03, 2.438E-04, 1.907E+02, 4.193E-03, 2.579E+00
09/05/2019,16:00,9,3.374,3.874,11.057,.508,.650, 1.006E+03, 6.901E+01, 6.867E-05, 3.469E-16, 2.870E+01, 8.284E+01, 6.680E+01, 2.675E+01,-6.788E+00, 5.969E+01, 5.969E+00, 8.581E-01, 3.536E-01, 2.105E-01, 1.000E+00, 7.238E-01, 9.359E-01, 1.000E-02, 1.000E+00, 1.000E+00, 7.238E-03, 4.618E-05, 5.971E-05, 0.000E+00, 4.775E+01, 1.933E+01, 5.000E-03, 2.136E-04, 1.918E+02, 4.125E-03, 2.229E+00
09/05/2019,17:00,9,3.374,3.874,10.347,.534,.588, 1.006E+03, 7.644E+01, 6.867E-05, 3.469E-16, 1.433E+01, 5.077E+01, 4.690E+01, 1.634E+01,-6.788E+00, 5.969E+01, 5.637E+00, 8.571E-01, 3.339E-01, 1.389E-01, 1.000E+00, 5.402E-01, 8.547E-01, 1.000E-02, 1.000E+00, 1.000E+00, 5.402E-03, 3.438E-05, 5.440E-05, 0.000E+00, 5.056E+01, 2.047E+01, 5.000E-03, 1.590E-04, 1.938E+02, 4.041E-03, 1.821E+00
09/05/2019,18:00,9,3.374,3.874,9.638,.559,.530, 1.006E+03, 8.352E+01, 6.867E-05, 3.469E-16, 4.808E+00, 2.213E+01, 2.840E+01, 7.088E+00,-4.837E+01, 1.490E+01, 5.330E+00, 6.433E-01, 3.030E-01, 6.686E-02, 1.000E+00, 2.820E-01, 6.891E-01, 1.000E-02, 1.000E+00, 1.000E+00, 2.820E-03, 1.790E-05, 4.374E-05, 0.000E+00, 5.806E+01, 2.256E+01, 5.000E-03, 8.284E-05, 1.967E+02, 3.906E-03, 1.628E+00
09/05/2019,19:00,9,3.374,3.874,8.952,.598,.461, 1.006E+03, 8.993E+01, 6.867E-05, 3.469E-16, 2.654E-62, 2.127E-01, 0.000E+00, 0.000E+00,-4.837E+01, 1.490E+01, 4.920E+00, 6.426E-01, 2.797E-01,-9.990E+02, 1.000E+00,-9.990E+02, 0.000E+00, 0.000E+00, 0.000E+00, 1.000E+00, 0.000E+00, 0.000E+00, 0.000E+00, 0.000E+00, 6.291E+01, 2.444E+01, 5.000E-03, 0.000E+00, 2.000E+02, 3.784E-03, 1.575E+00
09/05/2019,20:00,9,3.374,3.874,8.265,.636,.398, 1.006E+03, 9.530E+01, 6.867E-05, 3.469E-16, 0.000E+00, 0.000E+00, 0.000E+00, 0.000E+00,-4.837E+01, 1.490E+01, 4.514E+00, 6.418E-01, 2.566E-01,-9.990E+02, 1.000E+00,-9.990E+02, 0.000E+00, 0.000E+00, 0.000E+00, 1.000E+00, 0.000E+00, 0.000E+00, 0.000E+00, 0.000E+00, 6.859E+01, 2.664E+01, 5.000E-03, 0.000E+00, 2.000E+02, 3.703E-03, 1.513E+00
09/05/2019,21:00,9,3.374,3.874,7.579,.675,.340, 1.006E+03, 9.930E+01, 6.867E-05, 3.469E-16, 0.000E+00, 0.000E+00, 0.000E+00, 0.000E+00,-4.817E+01, 8.651E+00, 4.113E+00, 5.223E-01, 2.255E-01,-9.990E+02, 1.000E+00,-9.990E+02, 0.000E+00, 0.000E+00, 0.000E+00, 1.000E+00, 0.000E+00, 0.000E+00, 0.000E+00, 0.000E+00, 8.089E+01, 3.031E+01, 5.000E-03, 0.000E+00, 2.000E+02, 3.572E-03, 1.453E+00
09/05/2019,22:00,9,3.374,3.874,7.334,.696,.312, 1.005E+03, 1.017E+02, 6.867E-05, 3.469E-16, 0.000E+00, 0.000E+00, 0.000E+00, 0.000E+00,-4.817E+01, 8.651E+00, 4.011E+00, 5.222E-01, 2.199E-01,-9.990E+02, 1.000E+00,-9.990E+02, 0.000E+00, 0.000E+00, 0.000E+00, 1.000E+00, 0.000E+00, 0.000E+00, 0.000E+00, 0.000E+00, 8.295E+01, 3.108E+01, 5.000E-03, 0.000E+00, 2.000E+02, 3.546E-03, 1.443E+00
09/05/2019,23:00,9,3.374,3.874,7.088,.718,.285, 1.005E+03, 1.022E+02, 6.867E-05, 3.469E-16, 0.000E+00, 0.000E+00, 0.000E+00, 0.000E+00,-4.817E+01, 8.651E+00, 3.910E+00, 5.221E-01, 2.143E-01,-9.990E+02, 1.000E+00,-9.990E+02, 0.000E+00, 0.000E+00, 0.000E+00, 1.000E+00, 0.000E+00, 0.000E+00, 0.000E+00, 0.000E+00, 8.511E+01, 3.189E+01, 5.000E-03, 0.000E+00, 2.000E+02, 3.520E-03, 1.412E+00
10/05/2019,00:00,9,3.384,3.884,6.843,.740,.258, 1.004E+03, 1.008E+02, 8.359E-06, 3.469E-16, 0.000E+00, 0.000E+00, 0.000E+00, 0.000E+00,-2.224E+01, 4.948E+00, 3.809E+00, 2.376E-01, 1.605E-01,-9.990E+02, 1.000E+00,-9.990E+02, 0.000E+00, 0.000E+00, 0.000E+00, 1.000E+00, 0.000E+00, 0.000E+00, 0.000E+00, 0.000E+00, 1.478E+02, 4.258E+01, 5.000E-03, 0.000E+00, 2.000E+02, 3.170E-03, 1.413E+00
10/05/2019,01:00,9,3.384,3.884,6.540,.764,.229, 1.004E+03, 9.760E+01, 8.359E-06, 3.469E-16, 0.000E+00, 0.000E+00, 0.000E+00, 0.000E+00,-2.224E+01, 4.948E+00, 3.306E+00, 2.375E-01, 1.393E-01,-9.990E+02, 1.000E+00,-9.990E+02, 0.000E+00, 0.000E+00, 0.000E+00, 1.000E+00, 0.000E+00, 0.000E+00, 0.000E+00, 0.000E+00, 1.704E+02, 4.907E+01, 5.000E-03, 0.000E+00, 2.000E+02, 3.002E-03, 1.519E+00
10/05/2019,02:00,9,3.384,3.884,6.238,.788,.202, 1.004E+03, 9.291E+01, 8.359E-06, 3.469E-16, 0.000E+00, 0.000E+00, 0.000E+00, 0.000E+00,-2.224E+01, 4.948E+00, 2.814E+00, 2.374E-01, 1.185E-01,-9.990E+02, 1.000E+00,-9.990E+02, 0.000E+00, 0.000E+00, 0.000E+00, 1.000E+00, 0.000E+00, 0.000E+00, 0.000E+00, 0.000E+00, 2.003E+02, 5.767E+01, 5.000E-03, 0.000E+00, 2.000E+02, 2.806E-03, 1.716E+00
10/05/2019,03:00,9,3.384,3.884,5.935,.812,.175, 1.003E+03, 8.701E+01, 8.359E-06, 3.469E-16, 6.026E-01, 1.051E+01, 9.052E+00, 3.281E+00, 1.352E+01, 1.958E+01, 2.339E+00, 3.057E-01, 1.475E-01, 3.085E-02, 1.000E+00, 1.319E-01, 3.109E-01, 1.000E-02, 1.000E+00, 1.000E+00, 1.319E-03, 8.266E-06, 1.948E-05, 0.000E+00, 1.020E+02, 4.636E+01, 5.000E-03, 3.836E-05, 1.985E+02, 3.144E-03, 2.077E+00
10/05/2019,04:00,9,3.384,3.884,7.052,.774,.227, 1.003E+03, 8.023E+01, 8.359E-06, 3.469E-16, 2.224E+01, 3.808E+01, 7.831E+01, 1.277E+01, 1.352E+01, 1.958E+01, 2.281E+00, 3.064E-01, 1.437E-01, 1.003E-01, 1.000E+00, 4.639E-01, 9.601E-01, 1.000E-02, 1.000E+00, 1.000E+00, 4.639E-03, 2.918E-05, 6.039E-05, 0.000E+00, 1.047E+02, 4.755E+01, 5.000E-03, 1.354E-04, 1.947E+02, 3.151E-03, 2.349E+00
10/05/2019,05:00,9,3.384,3.884,8.169,.736,.287, 1.003E+03, 7.293E+01, 8.359E-06, 3.469E-16, 6.070E+01, 6.643E+01, 1.263E+02, 2.295E+01, 1.352E+01, 1.958E+01, 2.227E+00, 3.070E-01, 1.403E-01, 1.730E-01, 1.000E+00, 6.773E-01, 9.945E-01, 1.000E-02, 1.000E+00, 1.000E+00, 6.773E-03, 4.277E-05, 6.280E-05, 0.000E+00, 1.073E+02, 4.871E+01, 5.000E-03, 1.985E-04, 1.924E+02, 3.145E-03, 2.614E+00
10/05/2019,06:00,9,3.384,3.884,9.287,.698,.354, 1.002E+03, 6.544E+01, 8.359E-06, 3.469E-16, 4.830E+01, 9.970E+01, 9.064E+01, 3.252E+01, 1.258E+02, 7.659E+01, 2.179E+00, 4.562E-01, 1.452E-01, 2.414E-01, 1.000E+00, 7.951E-01, 9.760E-01, 1.000E-02, 1.000E+00, 1.000E+00, 7.951E-03, 5.041E-05, 6.188E-05, 0.000E+00, 9.386E+01, 4.709E+01, 5.000E-03, 2.340E-04, 1.911E+02, 3.228E-03, 3.014E+00
10/05/2019,07:00,9,3.384,3.884,10.904,.649,.459, 1.002E+03, 5.818E+01, 8.359E-06, 3.469E-16, 6.728E+01, 1.247E+02, 1.045E+02, 4.067E+01, 1.258E+02, 7.659E+01, 2.252E+00, 4.575E-01, 1.499E-01, 2.990E-01, 1.000E+00, 8.643E-01, 9.864E-01, 1.000E-02, 1.000E+00, 1.000E+00, 8.643E-03, 5.512E-05, 6.290E-05, 0.000E+00, 9.096E+01, 4.559E+01, 5.000E-03, 2.558E-04, 1.903E+02, 3.276E-03, 2.570E+00
10/05/2019,08:00,9,3.384,3.884,12.522,.600,.582, 1.002E+03, 5.160E+01, 8.359E-06, 3.469E-16, 8.353E+01, 1.431E+02, 1.139E+02, 4.664E+01, 1.258E+02, 7.659E+01, 2.354E+00, 4.589E-01, 1.567E-01, 3.430E-01, 1.000E+00, 9.003E-01, 9.908E-01, 7.320E-02, 1.000E+00, 1.000E+00, 6.590E-02, 4.226E-04, 4.651E-04, 0.000E+00, 8.714E+01, 4.363E+01, 5.000E-03, 1.962E-03, 1.436E+02, 3.942E-03, 2.660E+00
10/05/2019,09:00,9,3.384,3.884,14.140,.552,.727, 1.002E+03, 4.631E+01, 8.359E-06, 3.469E-16, 7.694E+01, 1.548E+02, 1.056E+02, 4.993E+01, 1.208E+02, 9.886E+01, 2.482E+00, 5.448E-01, 1.599E-01, 3.730E-01, 1.000E+00, 9.147E-01, 9.870E-01, 2.823E-01, 1.000E+00, 1.000E+00, 2.583E-01, 1.666E-03, 1.797E-03, 0.000E+00, 9.049E+01, 4.276E+01, 5.000E-03, 7.730E-03, 7.855E+01, 5.320E-03, 2.925E+00
10/05/2019,10:00,9,3.384,3.884,14.311,.542,.751, 1.002E+03, 4.300E+01, 8.359E-06, 3.469E-16, 8.268E+01, 1.616E+02, 1.086E+02, 5.208E+01, 1.208E+02, 9.886E+01, 2.544E+00, 5.450E-01, 1.638E-01, 3.894E-01, 1.000E+00, 9.239E-01, 9.885E-01, 3.029E-01, 1.000E+00, 1.000E+00, 2.798E-01, 1.806E-03, 1.932E-03, 0.000E+00, 8.831E+01, 4.172E+01, 5.000E-03, 8.381E-03, 7.473E+01, 5.510E-03, 2.929E+00
10/05/2019,11:00,9,3.384,3.884,14.482,.533,.775, 1.001E+03, 4.225E+01, 8.359E-06, 3.469E-16, 8.393E+01, 1.630E+02, 1.092E+02, 5.254E+01, 1.208E+02, 9.886E+01, 2.653E+00, 5.452E-01, 1.708E-01, 3.930E-01, 1.000E+00, 9.257E-01, 9.888E-01, 3.232E-01, 1.000E+00, 1.000E+00, 2.992E-01, 1.932E-03, 2.063E-03, 0.000E+00, 8.469E+01, 4.001E+01, 5.000E-03, 8.965E-03, 7.161E+01, 5.747E-03, 2.974E+00
10/05/2019,12:00,9,3.384,3.884,14.654,.523,.799, 1.001E+03, 4.421E+01, 8.359E-06, 3.469E-16, 1.704E+02, 1.434E+02, 1.677E+02, 4.877E+01, 6.018E+01, 9.298E+01, 2.803E+00, 5.467E-01, 1.750E-01, 3.836E-01, 1.000E+00, 9.167E-01, 9.990E-01, 3.432E-01, 1.000E+00, 1.000E+00, 3.146E-01, 2.032E-03, 2.215E-03, 0.000E+00, 8.748E+01, 3.906E+01, 5.000E-03, 9.432E-03, 6.929E+01, 5.871E-03, 2.982E+00
10/05/2019,13:00,9,3.384,3.884,14.741,.520,.810, 1.001E+03, 4.850E+01, 8.359E-06, 3.469E-16, 1.543E+02, 1.373E+02, 1.631E+02, 4.670E+01, 6.018E+01, 9.298E+01, 2.651E+00, 5.467E-01, 1.655E-01, 3.611E-01, 1.000E+00, 9.060E-01, 9.988E-01, 3.532E-01, 1.000E+00, 1.000E+00, 3.200E-01, 2.068E-03, 2.280E-03, 0.000E+00, 9.250E+01, 4.130E+01, 5.000E-03, 9.599E-03, 6.850E+01, 5.703E-03, 2.969E+00
10/05/2019,14:00,9,3.384,3.884,14.828,.516,.822, 1.001E+03, 5.445E+01, 8.359E-06, 3.469E-16, 1.303E+02, 1.263E+02, 1.550E+02, 4.294E+01, 6.018E+01, 9.298E+01, 2.569E+00, 5.468E-01, 1.604E-01, 3.249E-01, 1.000E+00, 8.840E-01, 9.983E-01, 3.632E-01, 1.000E+00, 1.000E+00, 3.211E-01, 2.076E-03, 2.344E-03, 0.000E+00, 9.547E+01, 4.262E+01, 5.000E-03, 9.635E-03, 6.833E+01, 5.599E-03, 2.908E+00
10/05/2019,15:00,9,3.384,3.884,14.916,.512,.833, 1.001E+03, 6.139E+01, 8.359E-06, 3.469E-16, 1.483E+01, 9.246E+01, 4.456E+01, 2.908E+01,-1.823E+01, 3.309E+01, 2.564E+00, 3.696E-01, 1.398E-01, 2.747E-01, 1.000E+00, 7.367E-01, 8.400E-01, 3.732E-01, 1.000E+00, 1.000E+00, 2.749E-01, 1.778E-03, 2.027E-03, 0.000E+00, 1.312E+02, 4.890E+01, 5.000E-03, 8.251E-03, 7.547E+01, 4.890E-03, 2.862E+00
10/05/2019,16:00,9,3.384,3.884,13.922,.568,.691, 1.001E+03, 6.879E+01, 8.359E-06, 3.469E-16, 9.901E+00, 6.809E+01, 3.510E+01, 2.142E+01,-1.823E+01, 3.309E+01, 2.594E+00, 3.689E-01, 1.413E-01, 2.118E-01, 1.000E+00, 6.234E-01, 7.640E-01, 2.557E-01, 1.000E+00, 1.000E+00, 1.594E-01, 1.027E-03, 1.259E-03, 0.000E+00, 1.298E+02, 4.836E+01, 5.000E-03, 4.767E-03, 1.024E+02, 4.348E-03, 2.854E+00
10/05/2019,17:00,9,3.384,3.884,12.927,.624,.564, 1.002E+03, 7.622E+01, 8.359E-06, 3.469E-16, 5.015E+00, 4.095E+01, 2.340E+01, 1.287E+01,-1.823E+01, 3.309E+01, 2.666E+00, 3.682E-01, 1.452E-01, 1.407E-01, 1.000E+00, 4.402E-01, 6.180E-01, 1.281E-01, 1.000E+00, 1.000E+00, 5.638E-02, 3.621E-04, 5.084E-04, 0.000E+00, 1.264E+02, 4.707E+01, 5.000E-03, 1.681E-03, 1.497E+02, 3.651E-03, 2.819E+00
10/05/2019,18:00,9,3.384,3.884,11.933,.679,.449, 1.002E+03, 8.330E+01, 8.359E-06, 3.469E-16, 1.458E+01, 2.732E+01, 7.165E+01, 9.138E+00,-2.657E+01, 5.781E+00, 2.777E+00, 2.964E-01, 1.317E-01, 6.894E-02, 1.000E+00, 3.570E-01, 9.475E-01, 1.000E-02, 1.000E+00, 1.000E+00, 3.570E-03, 2.285E-05, 6.064E-05, 0.000E+00, 1.601E+02, 5.189E+01, 5.000E-03, 1.060E-04, 1.958E+02, 2.988E-03, 2.657E+00
10/05/2019,19:00,9,3.384,3.884,10.542,.753,.315, 1.002E+03, 8.969E+01, 8.359E-06, 3.469E-16, 4.353E-15, 1.283E+00, 0.000E+00, 0.000E+00,-2.657E+01, 5.781E+00, 2.782E+00, 2.956E-01, 1.317E-01,-9.990E+02, 1.000E+00,-9.990E+02, 0.000E+00, 0.000E+00, 0.000E+00, 1.000E+00, 0.000E+00, 0.000E+00, 0.000E+00, 0.000E+00, 1.603E+02, 5.189E+01, 5.000E-03, 0.000E+00, 2.000E+02, 2.951E-03, 2.799E+00
10/05/2019,20:00,9,3.384,3.884,9.151,.827,.201, 1.003E+03, 9.506E+01, 8.359E-06, 3.469E-16, 0.000E+00, 0.000E+00, 0.000E+00, 0.000E+00,-2.657E+01, 5.781E+00, 2.848E+00, 2.949E-01, 1.347E-01,-9.990E+02, 1.000E+00,-9.990E+02, 0.000E+00, 0.000E+00, 0.000E+00, 1.000E+00, 0.000E+00, 0.000E+00, 0.000E+00, 0.000E+00, 1.570E+02, 5.076E+01, 5.000E-03, 0.000E+00, 2.000E+02, 2.977E-03, 2.691E+00
10/05/2019,21:00,9,3.384,3.884,7.760,.900,.105, 1.003E+03, 9.905E+01, 8.359E-06, 3.469E-16, 0.000E+00, 0.000E+00, 0.000E+00, 0.000E+00,-2.895E+01,-6.873E+00, 2.972E+00, 2.742E-01, 1.311E-01,-9.990E+02, 1.000E+00,-9.990E+02, 0.000E+00, 0.000E+00, 0.000E+00, 1.000E+00, 0.000E+00, 0.000E+00, 0.000E+00, 0.000E+00, 1.730E+02, 5.215E+01, 1.211E-02, 0.000E+00, 8.260E+01, 4.478E-03, 2.348E+00
10/05/2019,22:00,9,3.384,3.884,7.149,.927,.074, 1.003E+03, 1.014E+02, 8.359E-06, 3.469E-16, 0.000E+00, 0.000E+00, 0.000E+00, 0.000E+00,-2.895E+01,-6.873E+00, 2.784E+00, 2.739E-01, 1.227E-01,-9.990E+02, 1.000E+00,-9.990E+02, 0.000E+00, 0.000E+00, 0.000E+00, 1.000E+00, 0.000E+00, 0.000E+00, 0.000E+00, 0.000E+00, 1.850E+02, 5.572E+01, 1.658E-02, 0.000E+00, 6.031E+01, 4.747E-03, 2.333E+00
10/05/2019,23:00,9,3.384,3.884,6.539,.954,.045, 1.004E+03, 1.019E+02, 8.359E-06, 3.469E-16, 0.000E+00, 0.000E+00, 0.000E+00, 0.000E+00,-2.895E+01,-6.873E+00, 2.597E+00, 2.735E-01, 1.143E-01,-9.990E+02, 1.000E+00,-9.990E+02, 0.000E+00, 0.000E+00, 0.000E+00, 1.000E+00, 0.000E+00, 0.000E+00, 0.000E+00, 0.000E+00, 1.987E+02, 5.979E+01, 2.627E-02, 0.000E+00, 3.806E+01, 5.016E-03, 2.450E+00
11/05/2019,00:00,9,3.395,3.895,5.928,.981,.018, 1.004E+03, 1.005E+02, 6.150E-05, 3.469E-16, 0.000E+00, 0.000E+00, 0.000E+00, 0.000E+00,-1.357E+01,-4.857E+00, 2.411E+00, 3.239E-01, 1.303E-01,-9.990E+02, 1.000E+00,-9.990E+02, 0.000E+00, 0.000E+00, 0.000E+00, 1.000E+00, 0.000E+00, 0.000E+00, 0.000E+00, 0.000E+00, 1.419E+02, 5.245E+01, 4.177E-02, 0.000E+00, 2.394E+01, 6.156E-03, 2.557E+00
11/05/2019,01:00,9,3.395,3.895,5.894,.985,.014, 1.004E+03, 9.735E+01, 6.150E-05, 3.469E-16, 0.000E+00, 0.000E+00, 0.000E+00, 0.000E+00,-1.357E+01,-4.857E+00, 2.587E+00, 3.238E-01, 1.398E-01,-9.990E+02, 1.000E+00,-9.990E+02, 0.000E+00, 0.000E+00, 0.000E+00, 1.000E+00, 0.000E+00, 0.000E+00, 0.000E+00, 0.000E+00, 1.323E+02, 4.888E+01, 3.877E-02, 0.000E+00, 2.579E+01, 6.457E-03, 2.364E+00
11/05/2019,02:00,9,3.395,3.895,5.859,.989,.010, 1.005E+03, 9.267E+01, 6.150E-05, 3.469E-16, 0.000E+00, 0.000E+00, 0.000E+00, 0.000E+00,-1.357E+01,-4.857E+00, 2.773E+00, 3.237E-01, 1.499E-01,-9.990E+02, 1.000E+00,-9.990E+02, 0.000E+00, 0.000E+00, 0.000E+00, 1.000E+00, 0.000E+00, 0.000E+00, 0.000E+00, 0.000E+00, 1.234E+02, 4.560E+01, 3.885E-02, 0.000E+00, 2.574E+01, 6.842E-03, 2.118E+00
11/05/2019,03:00,9,3.395,3.895,5.825,.994,.006, 1.005E+03, 8.678E+01, 5.983E-04, 3.469E-16, 2.594E-02, 4.036E+00, 1.477E+00, 1.246E+00, 5.527E+01, 1.038E+01, 2.967E+00, 4.186E-01, 1.912E-01, 3.313E-02, 1.000E+00, 5.026E-02, 5.893E-02, 1.000E-02, 1.000E+00, 1.000E+00, 5.026E-04, 3.147E-06, 3.690E-06, 0.000E+00, 7.563E+01, 3.575E+01, 4.492E-02, 1.465E-05, 2.226E+01, 8.793E-03, 1.875E+00
11/05/2019,04:00,9,3.395,3.895,6.482,.956,.043, 1.005E+03, 8.001E+01, 5.983E-04, 3.469E-16, 7.260E-01, 2.000E+01, 8.290E+00, 6.199E+00, 5.527E+01, 1.038E+01, 2.884E+00, 4.190E-01, 1.858E-01, 1.022E-01, 1.000E+00, 2.316E-01, 2.889E-01, 1.000E-02, 1.000E+00, 1.000E+00, 2.316E-03, 1.454E-05, 1.814E-05, 0.000E+00, 7.786E+01, 3.679E+01, 2.441E-02, 6.768E-05, 4.086E+01, 7.407E-03, 8.714E-01
11/05/2019,05:00,9,3.395,3.895,7.139,.917,.084, 1.005E+03, 7.270E+01, 5.983E-04, 3.469E-16, 1.931E+00, 4.103E+01, 1.598E+01, 1.273E+01, 5.527E+01, 1.038E+01, 2.815E+00, 4.195E-01, 1.813E-01, 1.746E-01, 1.000E+00, 4.205E-01, 4.817E-01, 1.000E-02, 1.000E+00, 1.000E+00, 4.205E-03, 2.646E-05, 3.031E-05, 0.000E+00, 7.981E+01, 3.770E+01, 1.332E-02, 1.232E-04, 7.439E+01, 5.852E-03, 8.363E-01
11/05/2019,06:00,9,3.395,3.895,7.796,.879,.128, 1.006E+03, 6.522E+01, 6.126E-03, 3.469E-16, 2.192E+01, 9.019E+01, 5.473E+01, 2.858E+01, 1.525E+02, 5.935E+01, 2.761E+00, 5.297E-01, 1.810E-01, 2.426E-01, 1.000E+00, 7.407E-01, 8.947E-01, 1.000E-02, 1.000E+00, 1.000E+00, 7.407E-03, 4.671E-05, 5.643E-05, 0.000E+00, 7.747E+01, 3.776E+01, 7.292E-03, 2.175E-04, 1.332E+02, 4.365E-03, 1.167E+00
11/05/2019,07:00,9,3.395,3.895,9.672,.794,.249, 1.006E+03, 5.795E+01, 6.126E-03, 3.469E-16, 3.042E+01, 1.146E+02, 6.496E+01, 3.629E+01, 1.525E+02, 5.935E+01, 3.129E+00, 5.314E-01, 2.050E-01, 2.998E-01, 1.000E+00, 8.219E-01, 9.309E-01, 1.000E-02, 1.000E+00, 1.000E+00, 8.219E-03, 5.218E-05, 5.910E-05, 0.000E+00, 6.847E+01, 3.334E+01, 5.000E-03, 2.429E-04, 1.907E+02, 3.630E-03, 1.896E+00
11/05/2019,08:00,9,3.395,3.895,11.548,.708,.399, 1.006E+03, 5.137E+01, 6.126E-03, 3.469E-16, 3.770E+01, 1.332E+02, 7.235E+01, 4.216E+01, 1.525E+02, 5.935E+01, 3.500E+00, 5.332E-01, 2.291E-01, 3.435E-01, 1.000E+00, 8.666E-01, 9.490E-01, 1.000E-02, 1.000E+00, 1.000E+00, 8.666E-03, 5.538E-05, 6.065E-05, 0.000E+00, 6.132E+01, 2.983E+01, 5.000E-03, 2.579E-04, 1.902E+02, 3.759E-03, 2.581E+00
11/05/2019,09:00,9,3.395,3.895,13.424,.622,.584, 1.006E+03, 4.607E+01, 3.174E-03, 3.469E-16, 1.773E+02, 1.356E+02, 1.743E+02, 4.654E+01, 1.047E+02, 9.301E+01, 3.871E+00, 5.064E-01, 2.503E-01, 3.733E-01, 1.000E+00, 9.073E-01, 9.992E-01, 1.931E-01, 1.000E+00, 1.000E+00, 1.752E-01, 1.127E-03, 1.241E-03, 0.000E+00, 5.740E+01, 2.731E+01, 5.000E-03, 5.246E-03, 9.760E+01, 5.975E-03, 3.610E+00
11/05/2019,10:00,9,3.395,3.895,14.244,.577,.690, 1.006E+03, 4.275E+01, 3.174E-03, 3.469E-16, 1.904E+02, 1.393E+02, 1.774E+02, 4.781E+01, 1.047E+02, 9.301E+01, 3.290E+00, 5.071E-01, 2.127E-01, 3.897E-01, 1.000E+00, 9.143E-01, 9.993E-01, 2.949E-01, 1.000E+00, 1.000E+00, 2.696E-01, 1.739E-03, 1.901E-03, 0.000E+00, 6.758E+01, 3.214E+01, 5.000E-03, 8.098E-03, 7.635E+01, 6.311E-03, 3.182E+00
11/05/2019,11:00,9,3.395,3.895,15.064,.532,.806, 1.006E+03, 4.200E+01, 3.174E-03, 3.469E-16, 1.933E+02, 1.400E+02, 1.781E+02, 4.806E+01, 1.047E+02, 9.301E+01, 2.713E+00, 5.079E-01, 1.753E-01, 3.932E-01, 1.000E+00, 9.157E-01, 9.993E-01, 3.898E-01, 1.000E+00, 1.000E+00, 3.569E-01, 2.309E-03, 2.520E-03, 0.000E+00, 8.201E+01, 3.898E+01, 5.000E-03, 1.075E-02, 6.348E+01, 6.131E-03, 2.929E+00
11/05/2019,12:00,9,3.395,3.895,15.884,.487,.933, 1.006E+03, 4.396E+01, 9.077E-03, 3.469E-16, 1.212E+02, 1.573E+02, 1.359E+02, 5.166E+01, 6.753E+01, 8.403E+01, 2.143E+00, 3.918E-01, 1.413E-01, 3.839E-01, 1.000E+00, 9.250E-01, 9.963E-01, 4.779E-01, 1.000E+00, 1.000E+00, 4.420E-01, 2.868E-03, 3.089E-03, 0.000E+00, 9.829E+01, 4.838E+01, 5.000E-03, 1.335E-02, 5.449E+01, 5.647E-03, 2.850E+00
11/05/2019,13:00,9,3.395,3.895,15.577,.499,.892, 1.006E+03, 4.827E+01, 9.077E-03, 3.469E-16, 1.098E+02, 1.492E+02, 1.315E+02, 4.901E+01, 6.753E+01, 8.403E+01, 1.630E+00, 3.916E-01, 1.074E-01, 3.615E-01, 1.000E+00, 9.133E-01, 9.955E-01, 4.457E-01, 1.000E+00, 1.000E+00, 4.071E-01, 2.639E-03, 2.876E-03, 0.000E+00, 1.292E+02, 6.362E+01, 5.000E-03, 1.228E-02, 5.785E+01, 4.565E-03, 2.557E+00
11/05/2019,14:00,9,3.395,3.895,15.270,.512,.852, 1.006E+03, 5.422E+01, 9.077E-03, 3.469E-16, 9.284E+01, 1.353E+02, 1.239E+02, 4.448E+01, 6.753E+01, 8.403E+01, 1.185E+00, 3.914E-01, 1.000E-01, 3.255E-01, 1.000E+00, 8.897E-01, 9.939E-01, 4.126E-01, 1.000E+00, 1.000E+00, 3.671E-01, 2.377E-03, 2.655E-03, 0.000E+00, 1.388E+02, 6.835E+01, 5.000E-03, 1.107E-02, 6.224E+01, 4.247E-03, 2.294E+00
11/05/2019,15:00,9,3.395,3.895,14.963,.525,.813, 1.006E+03, 6.117E+01, 6.150E-05, 3.469E-16, 3.335E+01, 1.082E+02, 6.905E+01, 3.447E+01, 7.903E+00, 4.670E+01, 9.155E-01, 1.000E-01, 1.000E-01, 2.756E-01, 1.000E+00, 8.084E-01, 9.416E-01, 3.785E-01, 1.000E+00, 1.000E+00, 3.060E-01, 1.979E-03, 2.305E-03, 0.000E+00, 1.035E+02, 6.835E+01, 5.000E-03, 9.215E-03, 7.035E+01, 4.420E-03, 2.027E+00
11/05/2019,16:00,9,3.395,3.895,14.244,.596,.660, 1.006E+03, 6.858E+01, 6.150E-05, 3.469E-16, 2.236E+01, 8.094E+01, 5.639E+01, 2.579E+01, 7.903E+00, 4.670E+01, 3.288E-01, 1.000E-01, 1.000E-01, 2.131E-01, 1.000E+00, 7.066E-01, 9.017E-01, 2.949E-01, 1.000E+00, 1.000E+00, 2.084E-01, 1.344E-03, 1.716E-03, 0.000E+00, 1.035E+02, 6.835E+01, 5.000E-03, 6.259E-03, 8.882E+01, 4.086E-03, 1.837E+00
11/05/2019,17:00,9,3.395,3.895,13.525,.667,.519, 1.006E+03, 7.600E+01, 6.150E-05, 3.469E-16, 1.145E+01, 4.995E+01, 3.956E+01, 1.588E+01, 7.903E+00, 4.670E+01, 9.250E-01, 1.000E-01, 1.000E-01, 1.424E-01, 1.000E+00, 5.257E-01, 8.035E-01, 2.060E-01, 1.000E+00, 1.000E+00, 1.083E-01, 6.970E-04, 1.065E-03, 0.000E+00, 1.035E+02, 6.835E+01, 5.000E-03, 3.245E-03, 1.213E+02, 3.608E-03, 1.807E+00
11/05/2019,18:00,9,3.395,3.895,12.806,.738,.390, 1.007E+03, 8.308E+01, 1.967E-03, 3.469E-16, 1.572E+01, 2.815E+01, 7.465E+01, 9.424E+00,-1.065E+01,-6.278E-01, 1.755E+00, 1.000E-01, 1.000E-01, 7.097E-02, 1.000E+00, 3.662E-01, 9.536E-01, 1.119E-01, 1.000E+00, 1.000E+00, 4.096E-02, 2.629E-04, 6.847E-04, 0.000E+00, 6.099E+02, 6.835E+01, 5.000E-03, 1.224E-03, 1.607E+02, 2.627E-03, 1.965E+00
11/05/2019,19:00,9,3.395,3.895,11.437,.783,.294, 1.007E+03, 8.947E+01, 1.967E-03, 3.469E-16, 1.531E-08, 2.237E+00, 0.000E+00, 0.000E+00,-1.065E+01,-6.278E-01, 1.011E+00, 1.000E-01, 1.000E-01,-9.990E+02, 1.000E+00,-9.990E+02, 0.000E+00, 0.000E+00, 0.000E+00, 1.000E+00, 0.000E+00, 0.000E+00, 0.000E+00, 0.000E+00, 6.099E+02, 6.835E+01, 5.000E-03, 0.000E+00, 2.000E+02, 2.381E-03, 2.184E+00
11/05/2019,20:00,9,3.395,3.895,10.069,.829,.212, 1.006E+03, 9.482E+01, 1.967E-03, 3.469E-16, 0.000E+00, 0.000E+00, 0.000E+00, 0.000E+00,-1.065E+01,-6.278E-01, 1.064E+00, 1.000E-01, 1.000E-01,-9.990E+02, 1.000E+00,-9.990E+02, 0.000E+00, 0.000E+00, 0.000E+00, 1.000E+00, 0.000E+00, 0.000E+00, 0.000E+00, 0.000E+00, 6.100E+02, 6.835E+01, 5.000E-03, 0.000E+00, 2.000E+02, 2.381E-03, 1.990E+00
11/05/2019,21:00,9,3.395,3.895,8.700,.874,.142, 1.006E+03, 9.881E+01, 1.153E-04, 3.469E-16, 0.000E+00, 0.000E+00, 0.000E+00, 0.000E+00,-2.526E+01, 2.857E+00, 1.847E+00, 2.182E-01, 1.000E-01,-9.990E+02, 1.000E+00,-9.990E+02, 0.000E+00, 0.000E+00, 0.000E+00, 1.000E+00, 0.000E+00, 0.000E+00, 0.000E+00, 0.000E+00, 2.692E+02, 6.835E+01, 7.021E-03, 0.000E+00, 1.424E+02, 3.023E-03, 1.968E+00
11/05/2019,22:00,9,3.395,3.895,7.877,.876,.132, 1.007E+03, 1.011E+02, 1.153E-04, 3.469E-16, 0.000E+00, 0.000E+00, 0.000E+00, 0.000E+00,-2.526E+01, 2.857E+00, 1.292E+00, 2.178E-01, 1.000E-01,-9.990E+02, 1.000E+00,-9.990E+02, 0.000E+00, 0.000E+00, 0.000E+00, 1.000E+00, 0.000E+00, 0.000E+00, 0.000E+00, 0.000E+00, 2.697E+02, 6.835E+01, 7.267E-03, 0.000E+00, 1.376E+02, 3.068E-03, 2.316E+00
11/05/2019,23:00,9,3.395,3.895,7.053,.878,.122, 1.007E+03, 1.016E+02, 1.153E-04, 3.469E-16, 0.000E+00, 0.000E+00, 0.000E+00, 0.000E+00,-2.526E+01, 2.857E+00, 1.231E+00, 2.174E-01, 1.000E-01,-9.990E+02, 1.000E+00,-9.990E+02, 0.000E+00, 0.000E+00, 0.000E+00, 1.000E+00, 0.000E+00, 0.000E+00, 0.000E+00, 0.000E+00, 2.702E+02, 6.835E+01, 7.554E-03, 0.000E+00, 1.324E+02, 3.117E-03, 2.301E+00
12/05/2019,00:00,9,3.406,3.906,6.230,.881,.114, 1.008E+03, 1.003E+02, 2.854E-02, 3.469E-16, 0.000E+00, 0.000E+00, 0.000E+00, 0.000E+00, 9.846E+00, 8.809E+00, 1.719E+00, 4.007E-01, 1.046E-01,-9.990E+02, 1.000E+00,-9.990E+02, 0.000E+00, 0.000E+00, 0.000E+00, 1.000E+00, 0.000E+00, 0.000E+00, 0.000E+00, 0.000E+00, 1.533E+02, 6.533E+01, 9.108E-03, 0.000E+00, 1.098E+02, 3.572E-03, 2.494E+00
12/05/2019,01:00,9,3.406,3.906,6.080,.899,.095, 1.009E+03, 9.711E+01, 2.854E-02, 3.469E-16, 0.000E+00, 0.000E+00, 0.000E+00, 0.000E+00, 9.846E+00, 8.809E+00, 1.900E+00, 4.004E-01, 1.157E-01,-9.990E+02, 1.000E+00,-9.990E+02, 0.000E+00, 0.000E+00, 0.000E+00, 1.000E+00, 0.000E+00, 0.000E+00, 0.000E+00, 0.000E+00, 1.387E+02, 5.909E+01, 1.060E-02, 0.000E+00, 9.435E+01, 4.028E-03, 2.236E+00
12/05/2019,02:00,9,3.406,3.906,5.929,.917,.077, 1.010E+03, 9.244E+01, 2.854E-02, 3.469E-16, 0.000E+00, 0.000E+00, 0.000E+00, 0.000E+00, 9.846E+00, 8.809E+00, 2.122E+00, 4.001E-01, 1.292E-01,-9.990E+02, 1.000E+00,-9.990E+02, 0.000E+00, 0.000E+00, 0.000E+00, 1.000E+00, 0.000E+00, 0.000E+00, 0.000E+00, 0.000E+00, 1.242E+02, 5.290E+01, 1.423E-02, 0.000E+00, 7.026E+01, 4.806E-03, 1.860E+00
12/05/2019,03:00,9,3.406,3.906,5.779,.936,.059, 1.010E+03, 8.655E+01, 8.995E-02, 3.469E-16, 4.918E-02, 4.774E+00, 1.879E+00, 1.471E+00, 1.647E+01, 2.899E+01, 2.374E+00, 4.765E-01, 1.445E-01, 3.535E-02, 1.000E+00, 5.926E-02, 7.438E-02, 1.000E-02, 1.000E+00, 1.000E+00, 5.926E-04, 3.710E-06, 4.658E-06, 0.000E+00, 1.111E+02, 4.731E+01, 1.912E-02, 1.733E-05, 5.227E+01, 5.698E-03, 1.509E+00
12/05/2019,04:00,9,3.406,3.906,6.401,.893,.103, 1.011E+03, 7.979E+01, 8.995E-02, 3.469E-16, 1.097E+00, 2.212E+01, 9.946E+00, 6.852E+00, 1.647E+01, 2.899E+01, 2.409E+00, 4.769E-01, 1.466E-01, 1.041E-01, 1.000E+00, 2.550E-01, 3.357E-01, 1.000E-02, 1.000E+00, 1.000E+00, 2.550E-03, 1.600E-05, 2.107E-05, 0.000E+00, 1.095E+02, 4.662E+01, 1.040E-02, 7.474E-05, 9.543E+01, 4.611E-03, 7.930E-01
12/05/2019,05:00,9,3.406,3.906,7.024,.851,.150, 1.012E+03, 7.249E+01, 8.995E-02, 3.469E-16, 2.854E+00, 4.456E+01, 1.856E+01, 1.382E+01, 1.647E+01, 2.899E+01, 2.446E+00, 4.772E-01, 1.489E-01, 1.761E-01, 1.000E+00, 4.512E-01, 5.339E-01, 1.000E-02, 1.000E+00, 1.000E+00, 4.512E-03, 2.838E-05, 3.358E-05, 0.000E+00, 1.078E+02, 4.592E+01, 5.685E-03, 1.325E-04, 1.719E+02, 3.430E-03, 8.953E-01
12/05/2019,06:00,9,3.406,3.906,7.646,.808,.201, 1.013E+03, 6.501E+01, 4.305E-02, 3.469E-16, 3.346E+01, 9.732E+01, 7.069E+01, 3.110E+01, 6.123E+01, 6.266E+01, 2.485E+00, 4.198E-01, 1.608E-01, 2.437E-01, 1.000E+00, 7.762E-01, 9.454E-01, 1.000E-02, 1.000E+00, 1.000E+00, 7.762E-03, 4.893E-05, 5.959E-05, 0.000E+00, 8.916E+01, 4.250E+01, 5.000E-03, 2.285E-04, 1.913E+02, 3.336E-03, 1.299E+00
12/05/2019,07:00,9,3.406,3.906,8.339,.763,.261, 1.013E+03, 5.773E+01, 4.305E-02, 3.469E-16, 4.630E+01, 1.224E+02, 8.246E+01, 3.909E+01, 6.123E+01, 6.266E+01, 2.350E+00, 4.202E-01, 1.521E-01, 3.006E-01, 1.000E+00, 8.498E-01, 9.663E-01, 1.000E-02, 1.000E+00, 1.000E+00, 8.498E-03, 5.370E-05, 6.106E-05, 0.000E+00, 9.432E+01, 4.494E+01, 5.000E-03, 2.508E-04, 1.904E+02, 3.276E-03, 1.369E+00
12/05/2019,08:00,9,3.406,3.906,9.033,.717,.326, 1.014E+03, 5.114E+01, 4.305E-02, 3.469E-16, 5.729E+01, 1.413E+02, 9.074E+01, 4.509E+01, 6.123E+01, 6.266E+01, 2.260E+00, 4.206E-01, 1.462E-01, 3.440E-01, 1.000E+00, 8.891E-01, 9.761E-01, 1.000E-02, 1.000E+00, 1.000E+00, 8.891E-03, 5.632E-05, 6.183E-05, 0.000E+00, 9.814E+01, 4.675E+01, 5.000E-03, 2.630E-04, 1.900E+02, 3.232E-03, 1.397E+00
12/05/2019,09:00,9,3.406,3.906,9.726,.672,.396, 1.015E+03, 4.583E+01, 6.368E-02, 3.469E-16, 2.060E+02, 1.233E+02, 1.912E+02, 4.338E+01, 6.304E+01, 6.861E+01, 2.220E+00, 3.544E-01, 1.485E-01, 3.737E-01, 1.000E+00, 8.947E-01, 9.996E-01, 1.000E-02, 1.000E+00, 1.000E+00, 8.947E-03, 5.681E-05, 6.348E-05, 0.000E+00, 9.119E+01, 4.604E+01, 5.000E-03, 2.653E-04, 1.899E+02, 3.270E-03, 1.483E+00
12/05/2019,10:00,9,3.406,3.906,10.259,.642,.448, 1.015E+03, 4.250E+01, 6.368E-02, 3.469E-16, 2.211E+02, 1.256E+02, 1.942E+02, 4.426E+01, 6.304E+01, 6.861E+01, 1.935E+00, 3.546E-01, 1.294E-01, 3.900E-01, 1.000E+00, 9.011E-01, 9.997E-01, 1.000E-02, 1.000E+00, 1.000E+00, 9.011E-03, 5.733E-05, 6.360E-05, 0.000E+00, 1.047E+02, 5.283E+01, 5.000E-03, 2.677E-04, 1.898E+02, 3.098E-03, 1.573E+00
12/05/2019,11:00,9,3.406,3.906,10.791,.612,.503, 1.016E+03, 4.175E+01, 6.368E-02, 3.469E-16, 2.244E+02, 1.260E+02, 1.948E+02, 4.443E+01, 6.304E+01, 6.861E+01, 1.664E+00, 3.548E-01, 1.113E-01, 3.934E-01, 1.000E+00, 9.023E-01, 9.997E-01, 1.000E-02, 1.000E+00, 1.000E+00, 9.023E-03, 5.751E-05, 6.372E-05, 0.000E+00, 1.217E+02, 6.143E+01, 5.000E-03, 2.686E-04, 1.898E+02, 2.903E-03, 1.705E+00
12/05/2019,12:00,9,3.406,3.906,11.324,.583,.562, 1.017E+03, 4.372E+01, 8.068E-02, 3.469E-16, 3.161E+02, 7.209E+01, 2.490E+02, 3.033E+01, 8.367E+01, 9.112E+01, 1.416E+00, 2.811E-01, 1.024E-01, 3.842E-01, 1.000E+00, 8.231E-01, 1.000E+00, 1.000E-02, 1.000E+00, 1.000E+00, 8.231E-03, 5.256E-05, 6.386E-05, 0.000E+00, 1.155E+02, 6.675E+01, 5.000E-03, 2.455E-04, 1.906E+02, 2.847E-03, 1.757E+00
12/05/2019,13:00,9,3.406,3.906,11.226,.584,.556, 1.017E+03, 4.804E+01, 8.068E-02, 3.469E-16, 2.864E+02, 7.464E+01, 2.449E+02, 3.076E+01, 8.367E+01, 9.112E+01, 1.171E+00, 2.809E-01, 1.000E-01, 3.619E-01, 1.000E+00, 8.199E-01, 1.000E+00, 1.000E-02, 1.000E+00, 1.000E+00, 8.199E-03, 5.234E-05, 6.384E-05, 0.000E+00, 1.182E+02, 6.835E+01, 5.000E-03, 2.445E-04, 1.907E+02, 2.815E-03, 1.710E+00
12/05/2019,14:00,9,3.406,3.906,11.129,.586,.550, 1.018E+03, 5.400E+01, 8.068E-02, 3.469E-16, 2.422E+02, 7.599E+01, 2.366E+02, 3.053E+01, 8.367E+01, 9.112E+01, 2.072E+00, 2.808E-01, 1.499E-01, 3.261E-01, 1.000E+00, 8.080E-01, 9.999E-01, 1.000E-02, 1.000E+00, 1.000E+00, 8.080E-03, 5.156E-05, 6.381E-05, 0.000E+00, 7.887E+01, 4.560E+01, 5.000E-03, 2.408E-04, 1.908E+02, 3.327E-03, 1.542E+00
12/05/2019,15:00,9,3.406,3.906,11.031,.588,.544, 1.018E+03, 6.096E+01, 6.068E-02, 3.469E-16, 2.682E+01, 1.047E+02, 6.072E+01, 3.309E+01, 2.130E+01, 4.368E+01, 3.282E+00, 5.283E-01, 1.995E-01, 2.765E-01, 1.000E+00, 7.917E-01, 9.177E-01, 1.000E-02, 1.000E+00, 1.000E+00, 7.917E-03, 5.051E-05, 5.854E-05, 0.000E+00, 8.063E+01, 3.426E+01, 5.000E-03, 2.359E-04, 1.910E+02, 3.568E-03, 1.127E+00
12/05/2019,16:00,9,3.406,3.906,10.047,.657,.424, 1.019E+03, 6.837E+01, 6.068E-02, 3.469E-16, 1.803E+01, 7.821E+01, 4.918E+01, 2.472E+01, 2.130E+01, 4.368E+01, 2.807E+00, 5.272E-01, 1.707E-01, 2.143E-01, 1.000E+00, 6.874E-01, 8.677E-01, 1.000E-02, 1.000E+00, 1.000E+00, 6.874E-03, 4.370E-05, 5.516E-05, 0.000E+00, 9.423E+01, 4.005E+01, 5.000E-03, 2.041E-04, 1.922E+02, 3.373E-03, 1.027E+00
12/05/2019,17:00,9,3.406,3.906,9.064,.726,.316, 1.020E+03, 7.579E+01, 6.068E-02, 3.469E-16, 9.311E+00, 4.829E+01, 3.421E+01, 1.524E+01, 2.130E+01, 4.368E+01, 2.555E+00, 5.260E-01, 1.554E-01, 1.440E-01, 1.000E+00, 5.074E-01, 7.551E-01, 1.000E-02, 1.000E+00, 1.000E+00, 5.074E-03, 3.215E-05, 4.784E-05, 0.000E+00, 1.035E+02, 4.400E+01, 5.000E-03, 1.501E-04, 1.942E+02, 3.238E-03, 9.279E-01
12/05/2019,18:00,9,3.406,3.906,8.080,.795,.221, 1.021E+03, 8.286E+01, 4.332E-03, 3.469E-16, 1.507E+01, 2.631E+01, 6.946E+01, 8.801E+00,-7.294E+00, 7.798E+00, 2.590E+00, 2.100E-01, 1.292E-01, 7.295E-02, 1.000E+00, 3.503E-01, 9.426E-01, 1.000E-02, 1.000E+00, 1.000E+00, 3.503E-03, 2.212E-05, 5.951E-05, 0.000E+00, 1.552E+02, 5.291E+01, 5.000E-03, 1.033E-04, 1.960E+02, 2.969E-03, 9.150E-01
12/05/2019,19:00,9,3.406,3.906,7.564,.821,.186, 1.022E+03, 8.924E+01, 4.332E-03, 3.469E-16, 5.403E-06, 2.883E+00, 0.000E+00, 0.000E+00,-7.294E+00, 7.798E+00, 1.966E+00, 2.098E-01, 1.000E-01,-9.990E+02, 1.000E+00,-9.990E+02, 0.000E+00, 0.000E+00, 0.000E+00, 1.000E+00, 0.000E+00, 0.000E+00, 0.000E+00, 0.000E+00, 2.006E+02, 6.835E+01, 5.000E-03, 0.000E+00, 2.000E+02, 2.618E-03, 1.002E+00
12/05/2019,20:00,9,3.406,3.906,7.048,.847,.154, 1.023E+03, 9.459E+01, 4.332E-03, 3.469E-16, 0.000E+00, 0.000E+00, 0.000E+00, 0.000E+00,-7.294E+00, 7.798E+00, 1.341E+00, 2.095E-01, 1.000E-01,-9.990E+02, 1.000E+00,-9.990E+02, 0.000E+00, 0.000E+00, 0.000E+00, 1.000E+00, 0.000E+00, 0.000E+00, 0.000E+00, 0.000E+00, 2.007E+02, 6.835E+01, 5.314E-03, 0.000E+00, 1.882E+02, 2.702E-03, 1.216E+00
12/05/2019,21:00,9,3.406,3.906,6.532,.873,.123, 1.023E+03, 9.857E+01, 2.239E-02, 3.469E-16, 0.000E+00, 0.000E+00, 0.000E+00, 0.000E+00,-2.228E+00, 3.451E+00, 7.165E-01, 1.000E-01, 1.000E-01,-9.990E+02, 1.000E+00,-9.990E+02, 0.000E+00, 0.000E+00, 0.000E+00, 1.000E+00, 0.000E+00, 0.000E+00, 0.000E+00, 0.000E+00, 2.592E+02, 6.835E+01, 8.381E-03, 0.000E+00, 1.193E+02, 3.260E-03, 1.809E+00
12/05/2019,22:00,9,3.406,3.906,6.332,.860,.135, 1.024E+03, 1.009E+02, 2.239E-02, 3.469E-16, 0.000E+00, 0.000E+00, 0.000E+00, 0.000E+00,-2.228E+00, 3.451E+00, 5.654E-01, 1.000E-01, 1.000E-01,-9.990E+02, 1.000E+00,-9.990E+02, 0.000E+00, 0.000E+00, 0.000E+00, 1.000E+00, 0.000E+00, 0.000E+00, 0.000E+00, 0.000E+00, 2.591E+02, 6.835E+01, 5.899E-03, 0.000E+00, 1.695E+02, 2.802E-03, 2.563E+00
12/05/2019,23:00,9,3.406,3.906,6.131,.846,.146, 1.025E+03, 1.014E+02, 2.239E-02, 3.469E-16, 0.000E+00, 0.000E+00, 0.000E+00, 0.000E+00,-2.228E+00, 3.451E+00, 8.504E-01, 1.000E-01, 1.000E-01,-9.990E+02, 1.000E+00,-9.990E+02, 0.000E+00, 0.000E+00, 0.000E+00, 1.000E+00, 0.000E+00, 0.000E+00, 0.000E+00, 0.000E+00, 2.591E+02, 6.835E+01, 5.173E-03, 0.000E+00, 1.933E+02, 2.627E-03, 3.132E+00
13/05/2019,00:00,9,3.416,3.916,5.931,.832,.156, 1.025E+03, 1.000E+02, 7.176E-02, 3.469E-16, 0.000E+00, 0.000E+00, 0.000E+00, 0.000E+00,-1.048E+01, 9.721E+00, 1.313E+00, 1.933E-01, 1.000E-01,-9.990E+02, 1.000E+00,-9.990E+02, 0.000E+00, 0.000E+00, 0.000E+00, 1.000E+00, 0.000E+00, 0.000E+00, 0.000E+00, 0.000E+00, 2.274E+02, 6.835E+01, 5.000E-03, 0.000E+00, 2.000E+02, 2.601E-03, 3.468E+00
13/05/2019,01:00,9,3.416,3.916,5.625,.838,.147, 1.026E+03, 9.687E+01, 7.176E-02, 3.469E-16, 0.000E+00, 0.000E+00, 0.000E+00, 0.000E+00,-1.048E+01, 9.721E+00, 1.785E+00, 1.932E-01, 1.000E-01,-9.990E+02, 1.000E+00,-9.990E+02, 0.000E+00, 0.000E+00, 0.000E+00, 1.000E+00, 0.000E+00, 0.000E+00, 0.000E+00, 0.000E+00, 2.275E+02, 6.835E+01, 5.000E-03, 0.000E+00, 2.000E+02, 2.601E-03, 3.535E+00
13/05/2019,02:00,9,3.416,3.916,5.318,.845,.139, 1.026E+03, 9.221E+01, 7.176E-02, 3.469E-16, 0.000E+00, 0.000E+00, 0.000E+00, 0.000E+00,-1.048E+01, 9.721E+00, 2.265E+00, 1.930E-01, 1.000E-01,-9.990E+02, 1.000E+00,-9.990E+02, 0.000E+00, 0.000E+00, 0.000E+00, 1.000E+00, 0.000E+00, 0.000E+00, 0.000E+00, 0.000E+00, 2.276E+02, 6.835E+01, 5.447E-03, 0.000E+00, 1.836E+02, 2.717E-03, 3.599E+00
13/05/2019,03:00,9,3.416,3.916,5.012,.851,.130, 1.027E+03, 8.633E+01, 5.720E-05, 3.469E-16, 2.054E+00, 1.532E+01, 2.084E+01, 4.801E+00, 1.307E+01, 6.899E+01, 2.749E+00, 4.248E-01, 1.677E-01, 3.749E-02, 1.000E+00, 1.940E-01, 5.756E-01, 1.000E-02, 1.000E+00, 1.000E+00, 1.940E-03, 1.212E-05, 3.594E-05, 0.000E+00, 9.533E+01, 4.076E+01, 6.421E-03, 5.677E-05, 1.544E+02, 3.839E-03, 3.439E+00
13/05/2019,04:00,9,3.416,3.916,5.525,.753,.223, 1.027E+03, 7.957E+01, 5.720E-05, 3.469E-16, 3.851E+01, 4.065E+01, 1.206E+02, 1.418E+01, 1.307E+01, 6.899E+01, 2.874E+00, 4.251E-01, 1.753E-01, 1.059E-01, 1.000E+00, 5.002E-01, 9.930E-01, 1.000E-02, 1.000E+00, 1.000E+00, 5.002E-03, 3.129E-05, 6.212E-05, 0.000E+00, 9.120E+01, 3.899E+01, 5.000E-03, 1.466E-04, 1.943E+02, 3.380E-03, 1.556E+00
13/05/2019,05:00,9,3.416,3.916,6.038,.656,.323, 1.028E+03, 7.228E+01, 5.720E-05, 3.469E-16, 9.857E+01, 6.105E+01, 1.845E+02, 2.259E+01, 1.307E+01, 6.899E+01, 3.006E+00, 4.254E-01, 1.833E-01, 1.775E-01, 1.000E+00, 6.751E-01, 9.995E-01, 1.000E-02, 1.000E+00, 1.000E+00, 6.751E-03, 4.231E-05, 6.264E-05, 0.000E+00, 8.721E+01, 3.728E+01, 5.000E-03, 1.982E-04, 1.924E+02, 3.455E-03, 1.424E+00
13/05/2019,06:00,9,3.416,3.916,6.551,.558,.430, 1.028E+03, 6.480E+01, 5.720E-05, 3.469E-16, 1.628E+02, 7.346E+01, 2.193E+02, 2.818E+01, 2.187E+02, 1.185E+02, 3.145E+00, 5.727E-01, 2.075E-01, 2.448E-01, 1.000E+00, 7.630E-01, 9.999E-01, 1.000E-02, 1.000E+00, 1.000E+00, 7.630E-03, 4.791E-05, 6.278E-05, 0.000E+00, 6.683E+01, 3.295E+01, 5.000E-03, 2.245E-04, 1.914E+02, 3.638E-03, 1.535E+00
13/05/2019,07:00,9,3.416,3.916,7.804,.486,.545, 1.028E+03, 5.752E+01, 5.720E-05, 3.469E-16, 2.249E+02, 7.931E+01, 2.407E+02, 3.131E+01, 2.187E+02, 1.185E+02, 3.056E+00, 5.739E-01, 2.015E-01, 3.013E-01, 1.000E+00, 8.072E-01, 9.999E-01, 1.000E-02, 1.000E+00, 1.000E+00, 8.072E-03, 5.091E-05, 6.307E-05, 0.000E+00, 6.884E+01, 3.391E+01, 5.000E-03, 2.385E-04, 1.909E+02, 3.613E-03, 1.563E+00
13/05/2019,08:00,9,3.416,3.916,9.057,.414,.677, 1.029E+03, 5.092E+01, 5.720E-05, 3.469E-16, 2.780E+02, 7.970E+01, 2.528E+02, 3.231E+01, 2.187E+02, 1.185E+02, 3.022E+00, 5.751E-01, 1.992E-01, 3.445E-01, 1.000E+00, 8.264E-01, 1.000E+00, 1.000E-02, 1.000E+00, 1.000E+00, 8.264E-03, 5.236E-05, 6.335E-05, 0.000E+00, 6.970E+01, 3.431E+01, 5.000E-03, 2.453E-04, 1.906E+02, 3.602E-03, 1.636E+00
13/05/2019,09:00,9,3.416,3.916,10.309,.342,.827, 1.029E+03, 4.560E+01, 5.720E-05, 3.469E-16, 7.157E+01, 1.552E+02, 1.007E+02, 4.951E+01, 1.701E+02, 1.161E+02, 3.044E+00, 5.658E-01, 1.982E-01, 3.740E-01, 1.000E+00, 9.124E-01, 9.841E-01, 1.000E-02, 1.000E+00, 1.000E+00, 9.124E-03, 5.806E-05, 6.262E-05, 0.000E+00, 7.155E+01, 3.448E+01, 5.000E-03, 2.720E-04, 1.897E+02, 3.603E-03, 1.798E+00
13/05/2019,10:00,9,3.416,3.916,10.415,.330,.848, 1.029E+03, 4.226E+01, 5.720E-05, 3.469E-16, 7.682E+01, 1.620E+02, 1.035E+02, 5.164E+01, 1.701E+02, 1.161E+02, 3.057E+00, 5.659E-01, 1.991E-01, 3.902E-01, 1.000E+00, 9.216E-01, 9.859E-01, 1.000E-02, 1.000E+00, 1.000E+00, 9.216E-03, 5.866E-05, 6.276E-05, 0.000E+00, 7.126E+01, 3.434E+01, 5.000E-03, 2.748E-04, 1.896E+02, 3.609E-03, 1.711E+00
13/05/2019,11:00,9,3.416,3.916,10.520,.318,.870, 1.029E+03, 4.150E+01, 5.720E-05, 3.469E-16, 7.797E+01, 1.634E+02, 1.041E+02, 5.208E+01, 1.701E+02, 1.161E+02, 3.069E+00, 5.660E-01, 1.999E-01, 3.936E-01, 1.000E+00, 9.234E-01, 9.862E-01, 1.000E-02, 1.000E+00, 1.000E+00, 9.234E-03, 5.880E-05, 6.280E-05, 0.000E+00, 7.097E+01, 3.420E+01, 5.000E-03, 2.755E-04, 1.896E+02, 3.614E-03, 1.692E+00
13/05/2019,12:00,9,3.416,3.916,10.625,.305,.892, 1.029E+03, 4.349E+01, 5.720E-05, 3.469E-16, 3.003E+01, 1.408E+02, 6.466E+01, 4.396E+01, 7.419E+01, 1.005E+02, 3.082E+00, 5.558E-01, 1.934E-01, 3.844E-01, 1.000E+00, 8.722E-01, 9.300E-01, 1.000E-02, 1.000E+00, 1.000E+00, 8.722E-03, 5.556E-05, 5.925E-05, 0.000E+00, 7.845E+01, 3.535E+01, 5.000E-03, 2.603E-04, 1.901E+02, 3.554E-03, 1.651E+00
13/05/2019,13:00,9,3.416,3.916,10.566,.309,.884, 1.029E+03, 4.781E+01, 5.720E-05, 3.469E-16, 2.723E+01, 1.317E+02, 6.142E+01, 4.115E+01, 7.419E+01, 1.005E+02, 3.039E+00, 5.557E-01, 1.907E-01, 3.623E-01, 1.000E+00, 8.537E-01, 9.200E-01, 1.000E-02, 1.000E+00, 1.000E+00, 8.537E-03, 5.437E-05, 5.860E-05, 0.000E+00, 7.955E+01, 3.585E+01, 5.000E-03, 2.547E-04, 1.903E+02, 3.535E-03, 1.558E+00
13/05/2019,14:00,9,3.416,3.916,10.507,.312,.876, 1.029E+03, 5.379E+01, 5.720E-05, 3.469E-16, 2.305E+01, 1.172E+02, 5.613E+01, 3.663E+01, 7.419E+01, 1.005E+02, 3.004E+00, 5.557E-01, 1.885E-01, 3.266E-01, 1.000E+00, 8.182E-01, 9.006E-01, 1.000E-02, 1.000E+00, 1.000E+00, 8.182E-03, 5.210E-05, 5.735E-05, 0.000E+00, 8.048E+01, 3.627E+01, 5.000E-03, 2.441E-04, 1.907E+02, 3.517E-03, 1.426E+00
13/05/2019,15:00,9,3.416,3.916,10.447,.316,.868, 1.029E+03, 6.075E+01, 5.720E-05, 3.469E-16, 1.726E+02, 7.622E+01, 2.056E+02, 2.900E+01,-6.936E+00, 5.197E+01, 2.977E+00, 3.641E-01, 1.709E-01, 2.773E-01, 1.000E+00, 7.807E-01, 9.998E-01, 1.000E-02, 1.000E+00, 1.000E+00, 7.807E-03, 4.970E-05, 6.365E-05, 0.000E+00, 1.019E+02, 4.000E+01, 5.000E-03, 2.329E-04, 1.911E+02, 3.377E-03, 1.230E+00
13/05/2019,16:00,9,3.416,3.916,9.742,.358,.777, 1.030E+03, 6.816E+01, 5.720E-05, 3.469E-16, 1.164E+02, 6.615E+01, 1.810E+02, 2.455E+01,-6.936E+00, 5.197E+01, 2.491E+00, 3.636E-01, 1.430E-01, 2.156E-01, 1.000E+00, 7.141E-01, 9.994E-01, 1.000E-02, 1.000E+00, 1.000E+00, 7.141E-03, 4.535E-05, 6.347E-05, 0.000E+00, 1.218E+02, 4.780E+01, 5.000E-03, 2.125E-04, 1.918E+02, 3.151E-03, 1.139E+00
13/05/2019,17:00,9,3.416,3.916,9.036,.399,.693, 1.030E+03, 7.558E+01, 5.720E-05, 3.469E-16, 6.068E+01, 4.941E+01, 1.395E+02, 1.767E+01,-6.936E+00, 5.197E+01, 2.285E+00, 3.631E-01, 1.311E-01, 1.456E-01, 1.000E+00, 5.864E-01, 9.968E-01, 1.000E-02, 1.000E+00, 1.000E+00, 5.864E-03, 3.715E-05, 6.314E-05, 0.000E+00, 1.329E+02, 5.212E+01, 5.000E-03, 1.741E-04, 1.933E+02, 3.029E-03, 1.090E+00
13/05/2019,18:00,9,3.416,3.916,8.330,.441,.615, 1.031E+03, 8.265E+01, 5.720E-05, 3.469E-16, 1.628E+01, 2.753E+01, 7.286E+01, 9.208E+00,-7.314E+00, 9.052E+00, 2.429E+00, 1.115E-01, 1.000E-01, 7.488E-02, 1.000E+00, 3.628E-01, 9.500E-01, 1.000E-02, 1.000E+00, 1.000E+00, 3.628E-03, 2.292E-05, 6.003E-05, 0.000E+00, 3.816E+02, 6.835E+01, 5.000E-03, 1.074E-04, 1.958E+02, 2.535E-03, 1.174E+00
13/05/2019,19:00,9,3.416,3.916,7.937,.455,.583, 1.031E+03, 8.902E+01, 5.720E-05, 3.469E-16, 1.547E-04, 3.788E+00, 0.000E+00, 0.000E+00,-7.314E+00, 9.052E+00, 1.654E+00, 1.115E-01, 1.000E-01,-9.990E+02, 1.000E+00,-9.990E+02, 0.000E+00, 0.000E+00, 0.000E+00, 1.000E+00, 0.000E+00, 0.000E+00, 0.000E+00, 0.000E+00, 3.821E+02, 6.835E+01, 5.000E-03, 0.000E+00, 2.000E+02, 2.508E-03, 1.300E+00
13/05/2019,20:00,9,3.416,3.916,7.544,.470,.552, 1.031E+03, 9.436E+01, 5.720E-05, 3.469E-16, 0.000E+00, 0.000E+00, 0.000E+00, 0.000E+00,-7.314E+00, 9.052E+00, 8.897E-01, 1.114E-01, 1.000E-01,-9.990E+02, 1.000E+00,-9.990E+02, 0.000E+00, 0.000E+00, 0.000E+00, 1.000E+00, 0.000E+00, 0.000E+00, 0.000E+00, 0.000E+00, 3.826E+02, 6.835E+01, 5.000E-03, 0.000E+00, 2.000E+02, 2.507E-03, 1.538E+00
13/05/2019,21:00,9,3.416,3.916,7.152,.484,.523, 1.031E+03, 9.833E+01, 5.720E-05, 3.469E-16, 0.000E+00, 0.000E+00, 0.000E+00, 0.000E+00,-7.431E+00, 3.538E+00, 2.539E-01, 1.000E-01, 1.000E-01,-9.990E+02, 1.000E+00,-9.990E+02, 0.000E+00, 0.000E+00, 0.000E+00, 1.000E+00, 0.000E+00, 0.000E+00, 0.000E+00, 0.000E+00, 4.689E+02, 6.835E+01, 5.000E-03, 0.000E+00, 2.000E+02, 2.458E-03, 2.256E+00
13/05/2019,22:00,9,3.416,3.916,5.864,.562,.406, 1.031E+03, 1.007E+02, 5.720E-05, 3.469E-16, 0.000E+00, 0.000E+00, 0.000E+00, 0.000E+00,-7.431E+00, 3.538E+00, 6.579E-01, 1.000E-01, 1.000E-01,-9.990E+02, 1.000E+00,-9.990E+02, 0.000E+00, 0.000E+00, 0.000E+00, 1.000E+00, 0.000E+00, 0.000E+00, 0.000E+00, 0.000E+00, 4.689E+02, 6.835E+01, 5.000E-03, 0.000E+00, 2.000E+02, 2.458E-03, 2.932E+00
13/05/2019,23:00,9,3.416,3.916,4.577,.639,.306, 1.032E+03, 1.012E+02, 5.720E-05, 3.469E-16, 0.000E+00, 0.000E+00, 0.000E+00, 0.000E+00,-7.431E+00, 3.538E+00, 1.568E+00, 1.000E-01, 1.000E-01,-9.990E+02, 1.000E+00,-9.990E+02, 0.000E+00, 0.000E+00, 0.000E+00, 1.000E+00, 0.000E+00, 0.000E+00, 0.000E+00, 0.000E+00, 4.689E+02, 6.835E+01, 5.000E-03, 0.000E+00, 2.000E+02, 2.458E-03, 2.595E+00
14/05/2019,00:00,9,3.427,3.927,3.290,.716,.220, 1.032E+03, 9.978E+01, 2.381E-05, 3.469E-16, 0.000E+00, 0.000E+00, 0.000E+00, 0.000E+00,-2.815E+01, 5.640E+00, 2.479E+00, 2.089E-01, 1.000E-01,-9.990E+02, 1.000E+00,-9.990E+02, 0.000E+00, 0.000E+00, 0.000E+00, 1.000E+00, 0.000E+00, 0.000E+00, 0.000E+00, 0.000E+00, 2.932E+02, 6.835E+01, 5.000E-03, 0.000E+00, 2.000E+02, 2.560E-03, 2.099E+00
14/05/2019,01:00,9,3.427,3.927,2.884,.736,.199, 1.032E+03, 9.664E+01, 2.381E-05, 3.469E-16, 0.000E+00, 0.000E+00, 0.000E+00, 0.000E+00,-2.815E+01, 5.640E+00, 2.126E+00, 2.087E-01, 1.000E-01,-9.990E+02, 1.000E+00,-9.990E+02, 0.000E+00, 0.000E+00, 0.000E+00, 1.000E+00, 0.000E+00, 0.000E+00, 0.000E+00, 0.000E+00, 2.935E+02, 6.835E+01, 5.000E-03, 0.000E+00, 2.000E+02, 2.560E-03, 2.652E+00
14/05/2019,02:00,9,3.427,3.927,2.478,.755,.179, 1.032E+03, 9.198E+01, 2.381E-05, 3.469E-16, 0.000E+00, 0.000E+00, 0.000E+00, 0.000E+00,-2.815E+01, 5.640E+00, 2.165E+00, 2.086E-01, 1.000E-01,-9.990E+02, 1.000E+00,-9.990E+02, 0.000E+00, 0.000E+00, 0.000E+00, 1.000E+00, 0.000E+00, 0.000E+00, 0.000E+00, 0.000E+00, 2.938E+02, 6.835E+01, 5.000E-03, 0.000E+00, 2.000E+02, 2.560E-03, 3.275E+00
14/05/2019,03:00,9,3.427,3.927,2.073,.775,.160, 1.032E+03, 8.611E+01, 2.381E-05, 3.469E-16, 2.522E+00, 1.620E+01, 2.369E+01, 5.082E+00, 3.387E+01, 3.183E+01, 2.579E+00, 2.435E-01, 1.788E-01, 3.955E-02, 1.000E+00, 2.058E-01, 6.225E-01, 1.000E-02, 1.000E+00, 1.000E+00, 2.058E-03, 1.271E-05, 3.846E-05, 0.000E+00, 7.113E+01, 3.823E+01, 5.000E-03, 5.975E-05, 1.976E+02, 3.424E-03, 3.865E+00
14/05/2019,04:00,9,3.427,3.927,3.995,.701,.243, 1.032E+03, 7.936E+01, 2.381E-05, 3.469E-16, 3.989E+01, 4.135E+01, 1.225E+02, 1.441E+01, 3.387E+01, 3.183E+01, 2.046E+00, 2.444E-01, 1.417E-01, 1.077E-01, 1.000E+00, 5.060E-01, 9.935E-01, 1.000E-02, 1.000E+00, 1.000E+00, 5.060E-03, 3.148E-05, 6.181E-05, 0.000E+00, 8.986E+01, 4.822E+01, 5.000E-03, 1.480E-04, 1.943E+02, 3.191E-03, 3.338E+00
14/05/2019,05:00,9,3.427,3.927,5.917,.627,.347, 1.032E+03, 7.207E+01, 2.381E-05, 3.469E-16, 1.001E+02, 6.154E+01, 1.854E+02, 2.273E+01, 3.387E+01, 3.183E+01, 1.515E+00, 2.452E-01, 1.048E-01, 1.789E-01, 1.000E+00, 6.776E-01, 9.995E-01, 1.000E-02, 1.000E+00, 1.000E+00, 6.776E-03, 4.245E-05, 6.262E-05, 0.000E+00, 1.217E+02, 6.520E+01, 5.000E-03, 1.995E-04, 1.923E+02, 2.829E-03, 2.653E+00
14/05/2019,06:00,9,3.427,3.927,7.840,.554,.474, 1.032E+03, 6.459E+01, 2.381E-05, 3.469E-16, 1.659E+02, 7.450E+01, 2.219E+02, 2.852E+01, 2.025E+02, 1.061E+02, 9.864E-01, 2.903E-01, 1.000E-01, 2.458E-01, 1.000E+00, 7.666E-01, 9.999E-01, 1.000E-02, 1.000E+00, 1.000E+00, 7.666E-03, 4.836E-05, 6.307E-05, 0.000E+00, 1.031E+02, 6.835E+01, 5.000E-03, 2.273E-04, 1.913E+02, 2.882E-03, 2.513E+00
14/05/2019,07:00,9,3.427,3.927,9.176,.493,.591, 1.031E+03, 5.731E+01, 2.381E-05, 3.469E-16, 2.286E+02, 8.023E+01, 2.433E+02, 3.161E+01, 2.025E+02, 1.061E+02, 9.183E-01, 2.911E-01, 1.000E-01, 3.020E-01, 1.000E+00, 8.098E-01, 1.000E+00, 1.000E-02, 1.000E+00, 1.000E+00, 8.098E-03, 5.132E-05, 6.338E-05, 0.000E+00, 1.033E+02, 6.835E+01, 5.000E-03, 2.412E-04, 1.908E+02, 2.886E-03, 2.009E+00
14/05/2019,08:00,9,3.427,3.927,10.512,.432,.724, 1.031E+03, 5.070E+01, 2.381E-05, 3.469E-16, 2.823E+02, 8.049E+01, 2.554E+02, 3.257E+01, 2.025E+02, 1.061E+02, 1.096E+00, 2.918E-01, 1.000E-01, 3.449E-01, 1.000E+00, 8.284E-01, 1.000E+00, 1.000E-02, 1.000E+00, 1.000E+00, 8.284E-03, 5.275E-05, 6.368E-05, 0.000E+00, 1.034E+02, 6.835E+01, 5.000E-03, 2.479E-04, 1.906E+02, 2.887E-03, 2.061E+00
14/05/2019,09:00,9,3.427,3.927,11.849,.370,.877, 1.031E+03, 4.537E+01, 2.381E-05, 3.469E-16, 2.688E+02, 8.725E+01, 2.250E+02, 3.375E+01, 2.872E+02, 1.553E+02, 1.431E+00, 4.681E-01, 1.007E-01, 3.742E-01, 1.000E+00, 8.438E-01, 9.999E-01, 1.000E-02, 1.000E+00, 1.000E+00, 8.438E-03, 5.399E-05, 6.397E-05, 0.000E+00, 1.232E+02, 6.790E+01, 5.000E-03, 2.537E-04, 1.903E+02, 2.804E-03, 2.037E+00
14/05/2019,10:00,9,3.427,3.927,12.655,.351,.955, 1.030E+03, 4.202E+01, 2.381E-05, 3.469E-16, 2.884E+02, 8.631E+01, 2.278E+02, 3.368E+01, 2.872E+02, 1.553E+02, 1.537E+00, 4.689E-01, 1.081E-01, 3.903E-01, 1.000E+00, 8.474E-01, 9.999E-01, 9.137E-02, 1.000E+00, 1.000E+00, 7.743E-02, 4.968E-04, 5.862E-04, 0.000E+00, 1.148E+02, 6.322E+01, 5.000E-03, 2.335E-03, 1.363E+02, 3.435E-03, 1.741E+00
14/05/2019,11:00,9,3.427,3.927,13.461,.331,1.038, 1.029E+03, 4.126E+01, 2.381E-05, 3.469E-16, 2.928E+02, 8.600E+01, 2.284E+02, 3.364E+01, 2.872E+02, 1.553E+02, 1.654E+00, 4.697E-01, 1.163E-01, 3.938E-01, 1.000E+00, 8.480E-01, 9.999E-01, 1.978E-01, 1.000E+00, 1.000E+00, 1.677E-01, 1.079E-03, 1.273E-03, 0.000E+00, 1.068E+02, 5.878E+01, 5.000E-03, 5.072E-03, 9.928E+01, 4.111E-03, 1.709E+00
14/05/2019,12:00,9,3.427,3.927,14.267,.311,1.126, 1.029E+03, 4.325E+01, 2.381E-05, 3.469E-16, 3.373E+02, 7.634E+01, 2.635E+02, 3.199E+01, 1.855E+02, 1.429E+02, 1.779E+00, 4.651E-01, 1.211E-01, 3.846E-01, 1.000E+00, 8.349E-01, 1.000E+00, 2.976E-01, 1.000E+00, 1.000E+00, 2.485E-01, 1.603E-03, 1.920E-03, 0.000E+00, 1.084E+02, 5.644E+01, 5.000E-03, 7.535E-03, 7.978E+01, 4.534E-03, 1.614E+00
14/05/2019,13:00,9,3.427,3.927,14.402,.310,1.139, 1.028E+03, 4.759E+01, 2.381E-05, 3.469E-16, 3.060E+02, 7.913E+01, 2.593E+02, 3.248E+01, 1.855E+02, 1.429E+02, 1.514E+00, 4.654E-01, 1.031E-01, 3.626E-01, 1.000E+00, 8.324E-01, 1.000E+00, 3.137E-01, 1.000E+00, 1.000E+00, 2.611E-01, 1.685E-03, 2.025E-03, 0.000E+00, 1.274E+02, 6.633E+01, 5.000E-03, 7.921E-03, 7.739E+01, 4.118E-03, 1.667E+00
14/05/2019,14:00,9,3.427,3.927,14.537,.308,1.151, 1.027E+03, 5.358E+01, 2.381E-05, 3.469E-16, 2.594E+02, 8.072E+01, 2.508E+02, 3.229E+01, 1.855E+02, 1.429E+02, 1.415E+00, 4.656E-01, 1.000E-01, 3.272E-01, 1.000E+00, 8.217E-01, 1.000E+00, 3.296E-01, 1.000E+00, 1.000E+00, 2.708E-01, 1.749E-03, 2.128E-03, 0.000E+00, 1.313E+02, 6.835E+01, 5.000E-03, 8.220E-03, 7.565E+01, 4.063E-03, 1.636E+00
14/05/2019,15:00,9,3.427,3.927,14.672,.307,1.164, 1.027E+03, 6.055E+01, 2.381E-05, 3.469E-16, 2.014E+02, 7.836E+01, 2.354E+02, 3.051E+01, 1.033E+01, 7.572E+01, 1.514E+00, 2.937E-01, 1.000E-01, 2.782E-01, 1.000E+00, 7.942E-01, 9.999E-01, 3.452E-01, 1.000E+00, 1.000E+00, 2.742E-01, 1.772E-03, 2.231E-03, 0.000E+00, 1.523E+02, 6.835E+01, 5.000E-03, 8.326E-03, 7.504E+01, 3.973E-03, 1.494E+00
14/05/2019,16:00,9,3.427,3.927,13.279,.390,.934, 1.027E+03, 6.796E+01, 2.381E-05, 3.469E-16, 1.366E+02, 6.954E+01, 2.082E+02, 2.626E+01, 1.033E+01, 7.572E+01, 2.623E-01, 2.929E-01, 1.000E-01, 2.167E-01, 1.000E+00, 7.339E-01, 9.998E-01, 1.744E-01, 1.000E+00, 1.000E+00, 1.280E-01, 8.231E-04, 1.121E-03, 0.000E+00, 1.522E+02, 6.835E+01, 5.000E-03, 3.869E-03, 1.128E+02, 3.455E-03, 1.435E+00
14/05/2019,17:00,9,3.427,3.927,11.887,.474,.736, 1.027E+03, 7.538E+01, 2.381E-05, 3.469E-16, 7.205E+01, 5.330E+01, 1.620E+02, 1.928E+01, 1.033E+01, 7.572E+01, 1.591E+00, 2.922E-01, 1.000E-01, 1.471E-01, 1.000E+00, 6.138E-01, 9.987E-01, 1.000E-02, 1.000E+00, 1.000E+00, 6.138E-03, 3.928E-05, 6.391E-05, 0.000E+00, 1.521E+02, 6.835E+01, 5.000E-03, 1.846E-04, 1.929E+02, 2.706E-03, 1.506E+00
14/05/2019,18:00,9,3.427,3.927,10.495,.557,.564, 1.027E+03, 8.244E+01, 2.381E-05, 3.469E-16, 1.868E+01, 3.010E+01, 8.108E+01, 1.008E+01,-4.909E+01, 1.342E+01, 3.112E+00, 4.185E-01, 1.591E-01, 7.677E-02, 1.000E+00, 3.873E-01, 9.644E-01, 1.000E-02, 1.000E+00, 1.000E+00, 3.873E-03, 2.466E-05, 6.141E-05, 0.000E+00, 1.229E+02, 4.296E+01, 5.000E-03, 1.159E-04, 1.955E+02, 3.230E-03, 1.633E+00
14/05/2019,19:00,9,3.427,3.927,8.883,.599,.458, 1.027E+03, 8.880E+01, 2.381E-05, 3.469E-16, 1.534E-03, 4.928E+00, 1.545E+00, 1.508E+00,-4.909E+01, 1.342E+01, 3.021E+00, 4.173E-01, 1.543E-01, 1.217E-02, 1.000E+00, 6.016E-02, 6.156E-02, 1.000E-02, 1.000E+00, 1.000E+00, 6.016E-04, 3.809E-06, 3.898E-06, 0.000E+00, 1.269E+02, 4.430E+01, 5.000E-03, 1.790E-05, 1.993E+02, 3.155E-03, 1.774E+00
14/05/2019,20:00,9,3.427,3.927,7.271,.640,.367, 1.027E+03, 9.413E+01, 2.381E-05, 3.469E-16, 0.000E+00, 0.000E+00, 0.000E+00, 0.000E+00,-4.909E+01, 1.342E+01, 3.095E+00, 4.160E-01, 1.579E-01,-9.990E+02, 1.000E+00,-9.990E+02, 0.000E+00, 0.000E+00, 0.000E+00, 1.000E+00, 0.000E+00, 0.000E+00, 0.000E+00, 0.000E+00, 1.242E+02, 4.330E+01, 5.000E-03, 0.000E+00, 2.000E+02, 3.175E-03, 1.900E+00
14/05/2019,21:00,9,3.427,3.927,5.659,.682,.291, 1.027E+03, 9.810E+01, 2.381E-05, 3.469E-16, 0.000E+00, 0.000E+00, 0.000E+00, 0.000E+00,-3.426E+01, 6.922E+00, 3.323E+00, 2.941E-01, 1.489E-01,-9.990E+02, 1.000E+00,-9.990E+02, 0.000E+00, 0.000E+00, 0.000E+00, 1.000E+00, 0.000E+00, 0.000E+00, 0.000E+00, 0.000E+00, 1.498E+02, 4.590E+01, 5.000E-03, 0.000E+00, 2.000E+02, 3.090E-03, 2.188E+00
14/05/2019,22:00,9,3.427,3.927,4.994,.726,.239, 1.027E+03, 1.004E+02, 2.381E-05, 3.469E-16, 0.000E+00, 0.000E+00, 0.000E+00, 0.000E+00,-3.426E+01, 6.922E+00, 2.999E+00, 2.937E-01, 1.343E-01,-9.990E+02, 1.000E+00,-9.990E+02, 0.000E+00, 0.000E+00, 0.000E+00, 1.000E+00, 0.000E+00, 0.000E+00, 0.000E+00, 0.000E+00, 1.663E+02, 5.089E+01, 5.000E-03, 0.000E+00, 2.000E+02, 2.967E-03, 2.488E+00
14/05/2019,23:00,9,3.427,3.927,4.330,.771,.191, 1.027E+03, 1.009E+02, 2.381E-05, 3.469E-16, 0.000E+00, 0.000E+00, 0.000E+00, 0.000E+00,-3.426E+01, 6.922E+00, 2.706E+00, 2.933E-01, 1.211E-01,-9.990E+02, 1.000E+00,-9.990E+02, 0.000E+00, 0.000E+00, 0.000E+00, 1.000E+00, 0.000E+00, 0.000E+00, 0.000E+00, 0.000E+00, 1.846E+02, 5.645E+01, 5.000E-03, 0.000E+00, 2.000E+02, 2.841E-03, 2.726E+00
15/05/2019,00:00,9,3.438,3.938,3.665,.815,.147, 1.027E+03, 9.955E+01, 4.350E-06, 3.469E-16, 0.000E+00, 0.000E+00, 0.000E+00, 0.000E+00,-1.059E+01, 4.489E+00, 2.455E+00, 1.348E-01, 1.000E-01,-9.990E+02, 1.000E+00,-9.990E+02, 0.000E+00, 0.000E+00, 0.000E+00, 1.000E+00, 0.000E+00, 0.000E+00, 0.000E+00, 0.000E+00, 3.439E+02, 6.835E+01, 5.000E-03, 0.000E+00, 2.000E+02, 2.530E-03, 2.967E+00
15/05/2019,01:00,9,3.438,3.938,3.809,.794,.165, 1.027E+03, 9.642E+01, 4.350E-06, 3.469E-16, 0.000E+00, 0.000E+00, 0.000E+00, 0.000E+00,-1.059E+01, 4.489E+00, 1.743E+00, 1.348E-01, 1.000E-01,-9.990E+02, 1.000E+00,-9.990E+02, 0.000E+00, 0.000E+00, 0.000E+00, 1.000E+00, 0.000E+00, 0.000E+00, 0.000E+00, 0.000E+00, 3.438E+02, 6.835E+01, 5.000E-03, 0.000E+00, 2.000E+02, 2.530E-03, 3.436E+00
15/05/2019,02:00,9,3.438,3.938,3.953,.774,.183, 1.027E+03, 9.177E+01, 4.350E-06, 3.469E-16, 0.000E+00, 0.000E+00, 0.000E+00, 0.000E+00,-1.059E+01, 4.489E+00, 1.032E+00, 1.349E-01, 1.000E-01,-9.990E+02, 1.000E+00,-9.990E+02, 0.000E+00, 0.000E+00, 0.000E+00, 1.000E+00, 0.000E+00, 0.000E+00, 0.000E+00, 0.000E+00, 3.436E+02, 6.835E+01, 5.000E-03, 0.000E+00, 2.000E+02, 2.530E-03, 4.084E+00
15/05/2019,03:00,9,3.438,3.938,4.097,.753,.202, 1.027E+03, 8.590E+01, 4.350E-06, 3.469E-16, 3.100E+00, 1.705E+01, 2.706E+01, 5.357E+00, 3.148E+01, 2.300E+01, 3.257E-01, 1.219E-01, 1.000E-01, 4.155E-02, 1.000E+00, 2.174E-01, 6.715E-01, 1.000E-02, 1.000E+00, 1.000E+00, 2.174E-03, 1.353E-05, 4.179E-05, 0.000E+00, 8.777E+01, 6.835E+01, 5.000E-03, 6.380E-05, 1.975E+02, 2.921E-03, 4.952E+00
15/05/2019,04:00,9,3.438,3.938,5.768,.707,.270, 1.027E+03, 7.916E+01, 4.350E-06, 3.469E-16, 4.160E+01, 4.200E+01, 1.253E+02, 1.464E+01, 3.148E+01, 2.300E+01, 9.924E-02, 1.223E-01, 1.000E-01, 1.094E-01, 1.000E+00, 5.117E-01, 9.942E-01, 1.000E-02, 1.000E+00, 1.000E+00, 5.117E-03, 3.204E-05, 6.225E-05, 0.000E+00, 8.796E+01, 6.835E+01, 5.000E-03, 1.510E-04, 1.941E+02, 2.948E-03, 5.684E+00
15/05/2019,05:00,9,3.438,3.938,7.438,.661,.350, 1.027E+03, 7.188E+01, 4.350E-06, 3.469E-16, 1.021E+02, 6.195E+01, 1.870E+02, 2.287E+01, 3.148E+01, 2.300E+01, 3.686E-01, 1.227E-01, 1.000E-01, 1.803E-01, 1.000E+00, 6.799E-01, 9.995E-01, 1.000E-02, 1.000E+00, 1.000E+00, 6.799E-03, 4.283E-05, 6.296E-05, 0.000E+00, 8.814E+01, 6.835E+01, 5.000E-03, 2.019E-04, 1.922E+02, 2.964E-03, 6.660E+00
15/05/2019,06:00,9,3.438,3.938,9.109,.616,.446, 1.028E+03, 6.440E+01, 4.350E-06, 3.469E-16, 1.651E+02, 7.339E+01, 2.190E+02, 2.807E+01, 1.770E+02, 1.106E+02, 6.959E-01, 3.080E-01, 1.000E-01, 2.467E-01, 1.000E+00, 7.625E-01, 9.999E-01, 1.000E-02, 1.000E+00, 1.000E+00, 7.625E-03, 4.832E-05, 6.336E-05, 0.000E+00, 1.093E+02, 6.835E+01, 5.000E-03, 2.278E-04, 1.913E+02, 2.851E-03, 7.795E+00
15/05/2019,07:00,9,3.438,3.938,11.166,.536,.618, 1.028E+03, 5.711E+01, 4.350E-06, 3.469E-16, 2.266E+02, 7.885E+01, 2.397E+02, 3.103E+01, 1.770E+02, 1.106E+02, 9.632E-01, 3.092E-01, 1.000E-01, 3.026E-01, 1.000E+00, 8.054E-01, 9.999E-01, 1.000E-02, 1.000E+00, 1.000E+00, 8.054E-03, 5.140E-05, 6.382E-05, 0.000E+00, 1.095E+02, 6.835E+01, 5.000E-03, 2.423E-04, 1.908E+02, 2.854E-03, 5.206E+00
15/05/2019,08:00,9,3.438,3.938,13.223,.457,.829, 1.028E+03, 5.049E+01, 4.350E-06, 3.469E-16, 2.793E+02, 7.897E+01, 2.514E+02, 3.193E+01, 1.770E+02, 1.106E+02, 1.231E+00, 3.103E-01, 1.000E-01, 3.453E-01, 1.000E+00, 8.239E-01, 1.000E+00, 1.671E-01, 1.000E+00, 1.000E+00, 1.376E-01, 8.849E-04, 1.074E-03, 0.000E+00, 1.097E+02, 6.835E+01, 5.000E-03, 4.172E-03, 1.090E+02, 3.721E-03, 5.491E+00
15/05/2019,09:00,9,3.438,3.938,15.280,.377,1.088, 1.028E+03, 4.515E+01, 6.491E-04, 3.469E-16, 2.157E+02, 1.202E+02, 1.953E+02, 4.234E+01, 1.243E+02, 1.236E+02, 1.498E+00, 5.263E-01, 1.000E-01, 3.744E-01, 1.000E+00, 8.902E-01, 9.997E-01, 4.137E-01, 1.000E+00, 1.000E+00, 3.683E-01, 2.384E-03, 2.678E-03, 0.000E+00, 1.432E+02, 6.835E+01, 5.000E-03, 1.124E-02, 6.157E+01, 4.236E-03, 5.093E+00
15/05/2019,10:00,9,3.438,3.938,15.328,.381,1.086, 1.027E+03, 4.179E+01, 6.491E-04, 3.469E-16, 2.314E+02, 1.221E+02, 1.982E+02, 4.308E+01, 1.243E+02, 1.236E+02, 2.027E+00, 5.264E-01, 1.313E-01, 3.905E-01, 1.000E+00, 8.962E-01, 9.997E-01, 4.190E-01, 1.000E+00, 1.000E+00, 3.755E-01, 2.432E-03, 2.712E-03, 0.000E+00, 1.090E+02, 5.205E+01, 5.000E-03, 1.146E-02, 6.074E+01, 5.165E-03, 2.565E+00
15/05/2019,11:00,9,3.438,3.938,15.377,.384,1.083, 1.027E+03, 4.103E+01, 6.491E-04, 3.469E-16, 2.348E+02, 1.224E+02, 1.988E+02, 4.321E+01, 1.243E+02, 1.236E+02, 2.584E+00, 5.265E-01, 1.674E-01, 3.939E-01, 1.000E+00, 8.974E-01, 9.997E-01, 4.242E-01, 1.000E+00, 1.000E+00, 3.807E-01, 2.466E-03, 2.747E-03, 0.000E+00, 8.554E+01, 4.083E+01, 5.000E-03, 1.163E-02, 6.015E+01, 6.083E-03, 2.241E+00
15/05/2019,12:00,9,3.438,3.938,15.425,.388,1.080, 1.027E+03, 4.302E+01, 4.350E-06, 3.469E-16, 3.374E+02, 7.576E+01, 2.625E+02, 3.172E+01, 7.250E+01, 1.090E+02, 3.154E+00, 4.056E-01, 2.072E-01, 3.848E-01, 1.000E+00, 8.331E-01, 1.000E+00, 4.295E-01, 1.000E+00, 1.000E+00, 3.578E-01, 2.318E-03, 2.782E-03, 0.000E+00, 6.741E+01, 3.299E+01, 5.000E-03, 1.093E-02, 6.278E+01, 6.826E-03, 2.098E+00
15/05/2019,13:00,9,3.438,3.938,15.713,.386,1.103, 1.027E+03, 4.737E+01, 4.350E-06, 3.469E-16, 3.063E+02, 7.861E+01, 2.584E+02, 3.223E+01, 7.250E+01, 1.090E+02, 3.000E+00, 4.058E-01, 1.971E-01, 3.629E-01, 1.000E+00, 8.307E-01, 1.000E+00, 4.601E-01, 1.000E+00, 1.000E+00, 3.822E-01, 2.478E-03, 2.983E-03, 0.000E+00, 7.088E+01, 3.468E+01, 5.000E-03, 1.168E-02, 5.994E+01, 6.759E-03, 2.019E+00
15/05/2019,14:00,9,3.438,3.938,16.000,.385,1.126, 1.026E+03, 5.337E+01, 4.350E-06, 3.469E-16, 2.600E+02, 8.031E+01, 2.499E+02, 3.209E+01, 7.250E+01, 1.090E+02, 2.846E+00, 4.061E-01, 1.870E-01, 3.277E-01, 1.000E+00, 8.204E-01, 1.000E+00, 4.898E-01, 1.000E+00, 1.000E+00, 4.018E-01, 2.608E-03, 3.179E-03, 0.000E+00, 7.473E+01, 3.656E+01, 5.000E-03, 1.230E-02, 5.781E+01, 6.640E-03, 1.952E+00
15/05/2019,15:00,9,3.438,3.938,16.288,.384,1.150, 1.026E+03, 6.035E+01, 4.350E-06, 3.469E-16, 2.032E+02, 7.850E+01, 2.359E+02, 3.052E+01, 6.459E+00, 7.553E+01, 2.693E+00, 4.273E-01, 1.622E-01, 2.789E-01, 1.000E+00, 7.945E-01, 9.999E-01, 5.187E-01, 1.000E+00, 1.000E+00, 4.121E-01, 2.678E-03, 3.370E-03, 0.000E+00, 1.009E+02, 4.213E+01, 5.000E-03, 1.262E-02, 5.674E+01, 5.997E-03, 1.827E+00
15/05/2019,16:00,9,3.438,3.938,15.110,.444,.960, 1.026E+03, 6.776E+01, 4.350E-06, 3.469E-16, 1.384E+02, 6.987E+01, 2.092E+02, 2.634E+01, 6.459E+00, 7.553E+01, 2.594E+00, 4.264E-01, 1.563E-01, 2.179E-01, 1.000E+00, 7.353E-01, 9.998E-01, 3.949E-01, 1.000E+00, 1.000E+00, 2.903E-01, 1.879E-03, 2.555E-03, 0.000E+00, 1.047E+02, 4.373E+01, 5.000E-03, 8.858E-03, 7.216E+01, 5.366E-03, 1.713E+00
15/05/2019,17:00,9,3.438,3.938,13.931,.505,.792, 1.026E+03, 7.518E+01, 4.350E-06, 3.469E-16, 7.376E+01, 5.384E+01, 1.636E+02, 1.945E+01, 6.459E+00, 7.553E+01, 2.500E+00, 4.255E-01, 1.506E-01, 1.487E-01, 1.000E+00, 6.174E-01, 9.988E-01, 2.569E-01, 1.000E+00, 1.000E+00, 1.586E-01, 1.022E-03, 1.654E-03, 0.000E+00, 1.086E+02, 4.538E+01, 5.000E-03, 4.818E-03, 1.019E+02, 4.539E-03, 1.632E+00
15/05/2019,18:00,9,3.438,3.938,12.753,.566,.643, 1.027E+03, 8.224E+01, 4.350E-06, 3.469E-16, 2.023E+01, 3.133E+01, 8.538E+01, 1.050E+01,-1.218E+01, 5.571E+00, 2.411E+00, 1.003E-01, 1.000E-01, 7.860E-02, 1.000E+00, 3.994E-01, 9.702E-01, 1.047E-01, 1.000E+00, 1.000E+00, 4.181E-02, 2.684E-04, 6.520E-04, 0.000E+00, 6.585E+02, 6.835E+01, 5.000E-03, 1.265E-03, 1.596E+02, 2.604E-03, 1.564E+00
15/05/2019,19:00,9,3.438,3.938,10.818,.654,.450, 1.027E+03, 8.859E+01, 4.350E-06, 3.469E-16, 7.135E-03, 5.896E+00, 1.945E+00, 1.800E+00,-1.218E+01, 5.571E+00, 1.550E+00, 1.000E-01, 1.000E-01, 1.429E-02, 1.000E+00, 7.143E-02, 7.688E-02, 1.000E-02, 1.000E+00, 1.000E+00, 7.143E-04, 4.554E-06, 4.901E-06, 0.000E+00, 6.634E+02, 6.835E+01, 5.000E-03, 2.147E-05, 1.991E+02, 2.358E-03, 1.598E+00
15/05/2019,20:00,9,3.438,3.938,8.883,.742,.294, 1.027E+03, 9.391E+01, 4.350E-06, 3.469E-16, 0.000E+00, 0.000E+00, 0.000E+00, 0.000E+00,-1.218E+01, 5.571E+00, 1.220E+00, 1.000E-01, 1.000E-01,-9.990E+02, 1.000E+00,-9.990E+02, 0.000E+00, 0.000E+00, 0.000E+00, 1.000E+00, 0.000E+00, 0.000E+00, 0.000E+00, 0.000E+00, 6.633E+02, 6.835E+01, 5.000E-03, 0.000E+00, 2.000E+02, 2.354E-03, 1.893E+00
15/05/2019,21:00,9,3.438,3.938,6.947,.831,.169, 1.027E+03, 9.787E+01, 4.350E-06, 3.469E-16, 0.000E+00, 0.000E+00, 0.000E+00, 0.000E+00,-7.000E+00, 1.303E-01, 1.751E+00, 1.000E-01, 1.000E-01,-9.990E+02, 1.000E+00,-9.990E+02, 0.000E+00, 0.000E+00, 0.000E+00, 1.000E+00, 0.000E+00, 0.000E+00, 0.000E+00, 0.000E+00, 4.527E+02, 6.835E+01, 5.000E-03, 0.000E+00, 2.000E+02, 2.467E-03, 3.094E+00
15/05/2019,22:00,9,3.438,3.938,6.487,.839,.156, 1.027E+03, 1.002E+02, 4.350E-06, 3.469E-16, 0.000E+00, 0.000E+00, 0.000E+00, 0.000E+00,-7.000E+00, 1.303E-01, 1.299E+00, 1.000E-01, 1.000E-01,-9.990E+02, 1.000E+00,-9.990E+02, 0.000E+00, 0.000E+00, 0.000E+00, 1.000E+00, 0.000E+00, 0.000E+00, 0.000E+00, 0.000E+00, 4.526E+02, 6.835E+01, 5.000E-03, 0.000E+00, 2.000E+02, 2.467E-03, 4.110E+00
15/05/2019,23:00,9,3.438,3.938,6.026,.847,.144, 1.027E+03, 1.007E+02, 4.350E-06, 3.469E-16, 0.000E+00, 0.000E+00, 0.000E+00, 0.000E+00,-7.000E+00, 1.303E-01, 1.662E+00, 1.000E-01, 1.000E-01,-9.990E+02, 1.000E+00,-9.990E+02, 0.000E+00, 0.000E+00, 0.000E+00, 1.000E+00, 0.000E+00, 0.000E+00, 0.000E+00, 0.000E+00, 4.526E+02, 6.835E+01, 5.205E-03, 0.000E+00, 1.921E+02, 2.516E-03, 3.320E+00
16/05/2019,00:00,9,3.449,3.949,5.566,.855,.132, 1.027E+03, 9.932E+01, 0.000E+00, 3.469E-16, 0.000E+00, 0.000E+00, 0.000E+00, 0.000E+00,-1.214E+01, 1.828E+00, 2.507E+00, 1.260E-01, 1.000E-01,-9.990E+02, 1.000E+00,-9.990E+02, 0.000E+00, 0.000E+00, 0.000E+00, 1.000E+00, 0.000E+00, 0.000E+00, 0.000E+00, 0.000E+00, 4.145E+02, 6.835E+01, 6.180E-03, 0.000E+00, 1.618E+02, 2.750E-03, 2.323E+00
16/05/2019,01:00,9,3.449,3.949,5.477,.847,.138, 1.027E+03, 9.620E+01, 0.000E+00, 3.469E-16, 0.000E+00, 0.000E+00, 0.000E+00, 0.000E+00,-1.214E+01, 1.828E+00, 1.881E+00, 1.260E-01, 1.000E-01,-9.990E+02, 1.000E+00,-9.990E+02, 0.000E+00, 0.000E+00, 0.000E+00, 1.000E+00, 0.000E+00, 0.000E+00, 0.000E+00, 0.000E+00, 4.146E+02, 6.835E+01, 5.388E-03, 0.000E+00, 1.856E+02, 2.581E-03, 2.960E+00
16/05/2019,02:00,9,3.449,3.949,5.389,.840,.144, 1.027E+03, 9.156E+01, 0.000E+00, 3.469E-16, 0.000E+00, 0.000E+00, 0.000E+00, 0.000E+00,-1.214E+01, 1.828E+00, 1.862E+00, 1.260E-01, 1.000E-01,-9.990E+02, 1.000E+00,-9.990E+02, 0.000E+00, 0.000E+00, 0.000E+00, 1.000E+00, 0.000E+00, 0.000E+00, 0.000E+00, 0.000E+00, 4.147E+02, 6.835E+01, 5.000E-03, 0.000E+00, 2.000E+02, 2.489E-03, 4.111E+00
16/05/2019,03:00,9,3.449,3.949,5.300,.832,.149, 1.027E+03, 8.570E+01, 0.000E+00, 3.469E-16, 3.686E+00, 1.788E+01, 3.021E+01, 5.624E+00, 3.223E+01, 3.197E+01, 2.465E+00, 2.445E-01, 1.701E-01, 4.348E-02, 1.000E+00, 2.285E-01, 7.114E-01, 1.000E-02, 1.000E+00, 1.000E+00, 2.285E-03, 1.428E-05, 4.447E-05, 0.000E+00, 7.535E+01, 4.018E+01, 5.000E-03, 6.753E-05, 1.973E+02, 3.369E-03, 5.643E+00
16/05/2019,04:00,9,3.449,3.949,7.306,.738,.268, 1.027E+03, 7.896E+01, 0.000E+00, 3.469E-16, 4.311E+01, 4.264E+01, 1.275E+02, 1.486E+01, 3.223E+01, 3.197E+01, 1.947E+00, 2.454E-01, 1.342E-01, 1.110E-01, 1.000E+00, 5.170E-01, 9.947E-01, 1.000E-02, 1.000E+00, 1.000E+00, 5.170E-03, 3.255E-05, 6.263E-05, 0.000E+00, 9.563E+01, 5.092E+01, 5.000E-03, 1.539E-04, 1.940E+02, 3.124E-03, 5.860E+00
16/05/2019,05:00,9,3.449,3.949,9.312,.644,.418, 1.027E+03, 7.168E+01, 0.000E+00, 3.469E-16, 1.038E+02, 6.237E+01, 1.882E+02, 2.300E+01, 3.223E+01, 3.197E+01, 1.502E+00, 2.463E-01, 1.035E-01, 1.815E-01, 1.000E+00, 6.821E-01, 9.996E-01, 1.000E-02, 1.000E+00, 1.000E+00, 6.821E-03, 4.325E-05, 6.338E-05, 0.000E+00, 1.242E+02, 6.606E+01, 5.000E-03, 2.045E-04, 1.921E+02, 2.810E-03, 5.399E+00
16/05/2019,06:00,9,3.449,3.949,11.318,.550,.605, 1.027E+03, 6.420E+01, 0.000E+00, 3.469E-16, 1.650E+02, 7.281E+01, 2.173E+02, 2.781E+01, 1.888E+02, 1.064E+02, 1.214E+00, 3.946E-01, 1.000E-01, 2.476E-01, 1.000E+00, 7.602E-01, 9.999E-01, 1.000E-02, 1.000E+00, 1.000E+00, 7.602E-03, 4.855E-05, 6.385E-05, 0.000E+00, 1.222E+02, 6.835E+01, 5.000E-03, 2.296E-04, 1.912E+02, 2.795E-03, 5.243E+00
16/05/2019,07:00,9,3.449,3.949,12.821,.515,.721, 1.027E+03, 5.691E+01, 0.000E+00, 3.469E-16, 2.258E+02, 7.804E+01, 2.375E+02, 3.067E+01, 1.888E+02, 1.064E+02, 1.436E+00, 3.957E-01, 1.018E-01, 3.032E-01, 1.000E+00, 8.026E-01, 9.999E-01, 1.139E-01, 1.000E+00, 1.000E+00, 9.143E-02, 5.870E-04, 7.312E-04, 0.000E+00, 1.202E+02, 6.715E+01, 5.000E-03, 2.776E-03, 1.286E+02, 3.422E-03, 2.688E+00
16/05/2019,08:00,9,3.449,3.949,14.325,.480,.854, 1.027E+03, 5.029E+01, 0.000E+00, 3.469E-16, 2.779E+02, 7.804E+01, 2.490E+02, 3.151E+01, 1.888E+02, 1.064E+02, 1.658E+00, 3.968E-01, 1.175E-01, 3.456E-01, 1.000E+00, 8.209E-01, 1.000E+00, 3.045E-01, 1.000E+00, 1.000E+00, 2.500E-01, 1.613E-03, 1.965E-03, 0.000E+00, 1.043E+02, 5.818E+01, 5.000E-03, 7.630E-03, 7.918E+01, 4.524E-03, 2.735E+00
16/05/2019,09:00,9,3.449,3.949,15.828,.444,1.006, 1.027E+03, 4.493E+01, 0.000E+00, 3.469E-16, 9.157E+01, 1.578E+02, 1.151E+02, 5.043E+01, 1.826E+02, 1.305E+02, 1.881E+00, 4.530E-01, 1.287E-01, 3.746E-01, 1.000E+00, 9.181E-01, 9.912E-01, 4.721E-01, 1.000E+00, 1.000E+00, 4.334E-01, 2.812E-03, 3.036E-03, 0.000E+00, 1.012E+02, 5.312E+01, 5.000E-03, 1.330E-02, 5.465E+01, 5.353E-03, 2.852E+00
16/05/2019,10:00,9,3.449,3.949,16.628,.415,1.115, 1.026E+03, 4.157E+01, 0.000E+00, 3.469E-16, 9.818E+01, 1.641E+02, 1.180E+02, 5.242E+01, 1.826E+02, 1.305E+02, 1.937E+00, 4.538E-01, 1.324E-01, 3.906E-01, 1.000E+00, 9.264E-01, 9.922E-01, 5.519E-01, 1.000E+00, 1.000E+00, 5.113E-01, 3.326E-03, 3.562E-03, 0.000E+00, 9.835E+01, 5.162E+01, 5.000E-03, 1.573E-02, 4.824E+01, 5.660E-03, 2.492E+00
16/05/2019,11:00,9,3.449,3.949,17.429,.386,1.233, 1.025E+03, 4.080E+01, 0.000E+00, 3.469E-16, 9.963E+01, 1.655E+02, 1.186E+02, 5.284E+01, 1.826E+02, 1.305E+02, 1.992E+00, 4.545E-01, 1.362E-01, 3.940E-01, 1.000E+00, 9.280E-01, 9.924E-01, 6.252E-01, 1.000E+00, 1.000E+00, 5.802E-01, 3.785E-03, 4.047E-03, 0.000E+00, 9.568E+01, 5.019E+01, 5.000E-03, 1.790E-02, 4.367E+01, 5.932E-03, 2.387E+00
16/05/2019,12:00,9,3.449,3.949,18.229,.357,1.359, 1.025E+03, 4.280E+01, 0.000E+00, 3.469E-16, 1.745E+02, 1.450E+02, 1.675E+02, 4.857E+01, 1.811E+02, 1.359E+02, 2.048E+00, 6.176E-01, 1.320E-01, 3.849E-01, 1.000E+00, 9.162E-01, 9.990E-01, 6.919E-01, 9.656E-01, 1.000E+00, 6.121E-01, 4.004E-03, 4.366E-03, 0.000E+00, 1.095E+02, 5.179E+01, 5.000E-03, 1.893E-02, 4.178E+01, 5.738E-03, 2.264E+00
16/05/2019,13:00,9,3.449,3.949,17.903,.378,1.287, 1.025E+03, 4.716E+01, 0.000E+00, 3.469E-16, 1.585E+02, 1.393E+02, 1.632E+02, 4.665E+01, 1.811E+02, 1.359E+02, 2.464E+00, 6.173E-01, 1.588E-01, 3.631E-01, 1.000E+00, 9.061E-01, 9.988E-01, 6.655E-01, 1.000E+00, 1.000E+00, 6.030E-01, 3.940E-03, 4.343E-03, 0.000E+00, 9.104E+01, 4.304E+01, 5.000E-03, 1.863E-02, 4.232E+01, 6.560E-03, 2.047E+00
16/05/2019,14:00,9,3.449,3.949,17.577,.399,1.218, 1.024E+03, 5.316E+01, 0.000E+00, 3.469E-16, 1.347E+02, 1.288E+02, 1.554E+02, 4.313E+01, 1.811E+02, 1.359E+02, 2.887E+00, 6.170E-01, 1.861E-01, 3.281E-01, 1.000E+00, 8.855E-01, 9.983E-01, 6.380E-01, 1.000E+00, 1.000E+00, 5.649E-01, 3.687E-03, 4.157E-03, 0.000E+00, 7.768E+01, 3.674E+01, 5.000E-03, 1.744E-02, 4.457E+01, 7.217E-03, 1.749E+00
16/05/2019,15:00,9,3.449,3.949,17.251,.420,1.151, 1.024E+03, 6.015E+01, 0.000E+00, 3.469E-16, 1.885E+02, 7.224E+01, 2.173E+02, 2.805E+01, 2.048E+01, 7.488E+01, 3.315E+00, 4.997E-01, 2.020E-01, 2.796E-01, 1.000E+00, 7.727E-01, 9.999E-01, 6.095E-01, 1.000E+00, 1.000E+00, 4.709E-01, 3.070E-03, 3.973E-03, 0.000E+00, 7.924E+01, 3.383E+01, 5.000E-03, 1.452E-02, 5.123E+01, 7.176E-03, 1.453E+00
16/05/2019,16:00,9,3.449,3.949,15.937,.459,.987, 1.024E+03, 6.756E+01, 0.000E+00, 3.469E-16, 1.289E+02, 6.449E+01, 1.931E+02, 2.428E+01, 2.048E+01, 7.488E+01, 3.037E+00, 4.985E-01, 1.852E-01, 2.189E-01, 1.000E+00, 7.122E-01, 9.996E-01, 4.834E-01, 1.000E+00, 1.000E+00, 3.443E-01, 2.234E-03, 3.136E-03, 0.000E+00, 8.643E+01, 3.691E+01, 5.000E-03, 1.057E-02, 6.424E+01, 6.235E-03, 1.243E+00
16/05/2019,17:00,9,3.449,3.949,14.624,.497,.842, 1.024E+03, 7.498E+01, 0.000E+00, 3.469E-16, 6.941E+01, 4.995E+01, 1.520E+02, 1.804E+01, 2.048E+01, 7.488E+01, 2.883E+00, 4.974E-01, 1.758E-01, 1.501E-01, 1.000E+00, 5.950E-01, 9.981E-01, 3.397E-01, 1.000E+00, 1.000E+00, 2.021E-01, 1.306E-03, 2.190E-03, 0.000E+00, 9.101E+01, 3.888E+01, 5.000E-03, 6.175E-03, 8.949E+01, 5.243E-03, 1.112E+00
16/05/2019,18:00,9,3.449,3.949,13.310,.536,.713, 1.025E+03, 8.203E+01, 0.000E+00, 3.469E-16, 2.013E+01, 2.994E+01, 8.266E+01, 1.004E+01,-2.959E+01, 1.276E+01, 2.872E+00, 2.311E-01, 1.080E-01, 8.038E-02, 1.000E+00, 3.888E-01, 9.666E-01, 1.784E-01, 1.000E+00, 1.000E+00, 6.937E-02, 4.461E-04, 1.109E-03, 0.000E+00, 2.464E+02, 6.331E+01, 5.000E-03, 2.110E-03, 1.407E+02, 3.177E-03, 1.067E+00
16/05/2019,19:00,9,3.449,3.949,11.441,.600,.542, 1.024E+03, 8.838E+01, 0.000E+00, 3.469E-16, 2.079E-02, 6.320E+00, 2.294E+00, 1.925E+00,-2.959E+01, 1.276E+01, 2.522E+00, 2.303E-01, 1.000E-01, 1.636E-02, 1.000E+00, 7.635E-02, 9.002E-02, 1.000E-02, 1.000E+00, 1.000E+00, 7.635E-04, 4.878E-06, 5.751E-06, 0.000E+00, 2.670E+02, 6.835E+01, 5.000E-03, 2.307E-05, 1.991E+02, 2.583E-03, 1.085E+00
16/05/2019,20:00,9,3.449,3.949,9.571,.665,.400, 1.024E+03, 9.370E+01, 0.000E+00, 3.469E-16, 0.000E+00, 0.000E+00, 0.000E+00, 0.000E+00,-2.959E+01, 1.276E+01, 2.227E+00, 2.296E-01, 1.000E-01,-9.990E+02, 1.000E+00,-9.990E+02, 0.000E+00, 0.000E+00, 0.000E+00, 1.000E+00, 0.000E+00, 0.000E+00, 0.000E+00, 0.000E+00, 2.680E+02, 6.835E+01, 5.000E-03, 0.000E+00, 2.000E+02, 2.576E-03, 1.248E+00
16/05/2019,21:00,9,3.449,3.949,7.702,.730,.284, 1.024E+03, 9.765E+01, 0.000E+00, 3.469E-16, 0.000E+00, 0.000E+00, 0.000E+00, 0.000E+00,-4.815E+00, 2.391E+00, 2.010E+00, 1.000E-01, 1.000E-01,-9.990E+02, 1.000E+00,-9.990E+02, 0.000E+00, 0.000E+00, 0.000E+00, 1.000E+00, 0.000E+00, 0.000E+00, 0.000E+00, 0.000E+00, 3.645E+02, 6.835E+01, 5.000E-03, 0.000E+00, 2.000E+02, 2.518E-03, 1.992E+00
16/05/2019,22:00,9,3.449,3.949,6.652,.781,.215, 1.024E+03, 9.997E+01, 0.000E+00, 3.469E-16, 0.000E+00, 0.000E+00, 0.000E+00, 0.000E+00,-4.815E+00, 2.391E+00, 1.576E+00, 1.000E-01, 1.000E-01,-9.990E+02, 1.000E+00,-9.990E+02, 0.000E+00, 0.000E+00, 0.000E+00, 1.000E+00, 0.000E+00, 0.000E+00, 0.000E+00, 0.000E+00, 3.645E+02, 6.835E+01, 5.000E-03, 0.000E+00, 2.000E+02, 2.518E-03, 2.999E+00
16/05/2019,23:00,9,3.449,3.949,5.602,.831,.153, 1.024E+03, 1.005E+02, 0.000E+00, 3.469E-16, 0.000E+00, 0.000E+00, 0.000E+00, 0.000E+00,-4.815E+00, 2.391E+00, 1.370E+00, 1.000E-01, 1.000E-01,-9.990E+02, 1.000E+00,-9.990E+02, 0.000E+00, 0.000E+00, 0.000E+00, 1.000E+00, 0.000E+00, 0.000E+00, 0.000E+00, 0.000E+00, 3.645E+02, 6.835E+01, 5.000E-03, 0.000E+00, 2.000E+02, 2.518E-03, 3.621E+00
17/05/2019,00:00,9,3.459,3.959,4.553,.882,.100, 1.024E+03, 9.910E+01, 0.000E+00, 3.469E-16, 0.000E+00, 0.000E+00, 0.000E+00, 0.000E+00,-7.569E+00, 2.595E+00, 1.490E+00, 1.170E-01, 1.000E-01,-9.990E+02, 1.000E+00,-9.990E+02, 0.000E+00, 0.000E+00, 0.000E+00, 1.000E+00, 0.000E+00, 0.000E+00, 0.000E+00, 0.000E+00, 3.607E+02, 6.835E+01, 1.021E-02, 0.000E+00, 9.792E+01, 3.393E-03, 4.177E+00
17/05/2019,01:00,9,3.459,3.959,4.613,.853,.125, 1.024E+03, 9.598E+01, 0.000E+00, 3.469E-16, 0.000E+00, 0.000E+00, 0.000E+00, 0.000E+00,-7.569E+00, 2.595E+00, 1.858E+00, 1.171E-01, 1.000E-01,-9.990E+02, 1.000E+00,-9.990E+02, 0.000E+00, 0.000E+00, 0.000E+00, 1.000E+00, 0.000E+00, 0.000E+00, 0.000E+00, 0.000E+00, 3.606E+02, 6.835E+01, 6.620E-03, 0.000E+00, 1.511E+02, 2.875E-03, 4.556E+00
17/05/2019,02:00,9,3.459,3.959,4.673,.824,.151, 1.024E+03, 9.135E+01, 0.000E+00, 3.469E-16, 0.000E+00, 0.000E+00, 0.000E+00, 0.000E+00,-7.569E+00, 2.595E+00, 2.242E+00, 1.171E-01, 1.000E-01,-9.990E+02, 1.000E+00,-9.990E+02, 0.000E+00, 0.000E+00, 0.000E+00, 1.000E+00, 0.000E+00, 0.000E+00, 0.000E+00, 0.000E+00, 3.605E+02, 6.835E+01, 5.000E-03, 0.000E+00, 2.000E+02, 2.520E-03, 4.551E+00
17/05/2019,03:00,9,3.459,3.959,4.734,.794,.176, 1.024E+03, 8.550E+01, 0.000E+00, 3.469E-16, 4.335E+00, 1.868E+01, 3.353E+01, 5.884E+00, 3.439E+01, 3.608E+01, 2.634E+00, 3.308E-01, 1.717E-01, 4.533E-02, 1.000E+00, 2.391E-01, 7.482E-01, 1.000E-02, 1.000E+00, 1.000E+00, 2.391E-03, 1.492E-05, 4.667E-05, 0.000E+00, 8.248E+01, 3.981E+01, 5.000E-03, 7.076E-05, 1.972E+02, 3.349E-03, 4.119E+00
17/05/2019,04:00,9,3.459,3.959,6.939,.703,.297, 1.023E+03, 7.877E+01, 0.000E+00, 3.469E-16, 4.473E+01, 4.324E+01, 1.299E+02, 1.507E+01, 3.439E+01, 3.608E+01, 2.465E+00, 3.322E-01, 1.606E-01, 1.125E-01, 1.000E+00, 5.220E-01, 9.952E-01, 1.000E-02, 1.000E+00, 1.000E+00, 5.220E-03, 3.282E-05, 6.258E-05, 0.000E+00, 8.828E+01, 4.256E+01, 5.000E-03, 1.557E-04, 1.940E+02, 3.307E-03, 3.966E+00
17/05/2019,05:00,9,3.459,3.959,9.144,.612,.451, 1.023E+03, 7.150E+01, 0.000E+00, 3.469E-16, 1.057E+02, 6.275E+01, 1.896E+02, 2.312E+01, 3.439E+01, 3.608E+01, 2.319E+00, 3.335E-01, 1.510E-01, 1.827E-01, 1.000E+00, 6.841E-01, 9.996E-01, 1.000E-02, 1.000E+00, 1.000E+00, 6.841E-03, 4.335E-05, 6.335E-05, 0.000E+00, 9.403E+01, 4.528E+01, 5.000E-03, 2.056E-04, 1.921E+02, 3.252E-03, 4.032E+00
17/05/2019,06:00,9,3.459,3.959,11.350,.520,.646, 1.023E+03, 6.402E+01, 0.000E+00, 3.469E-16, 1.637E+02, 7.162E+01, 2.142E+02, 2.732E+01, 1.942E+02, 1.107E+02, 2.199E+00, 5.110E-01, 1.472E-01, 2.484E-01, 1.000E+00, 7.557E-01, 9.999E-01, 1.000E-02, 1.000E+00, 1.000E+00, 7.557E-03, 4.826E-05, 6.386E-05, 0.000E+00, 9.173E+01, 4.642E+01, 5.000E-03, 2.289E-04, 1.912E+02, 3.247E-03, 4.313E+00
17/05/2019,07:00,9,3.459,3.959,13.097,.473,.798, 1.023E+03, 5.672E+01, 0.000E+00, 3.469E-16, 2.235E+02, 7.658E+01, 2.337E+02, 3.007E+01, 1.942E+02, 1.107E+02, 2.434E+00, 5.126E-01, 1.629E-01, 3.037E-01, 1.000E+00, 7.978E-01, 9.999E-01, 1.505E-01, 1.000E+00, 1.000E+00, 1.201E-01, 7.716E-04, 9.671E-04, 0.000E+00, 8.301E+01, 4.196E+01, 5.000E-03, 3.660E-03, 1.155E+02, 4.524E-03, 2.218E+00
17/05/2019,08:00,9,3.459,3.959,14.843,.425,.977, 1.023E+03, 5.009E+01, 0.000E+00, 3.469E-16, 2.745E+02, 7.645E+01, 2.448E+02, 3.084E+01, 1.942E+02, 1.107E+02, 2.679E+00, 5.142E-01, 1.792E-01, 3.459E-01, 1.000E+00, 8.160E-01, 1.000E+00, 3.650E-01, 1.000E+00, 1.000E+00, 2.978E-01, 1.925E-03, 2.359E-03, 0.000E+00, 7.555E+01, 3.815E+01, 5.000E-03, 9.133E-03, 7.075E+01, 5.997E-03, 2.526E+00
17/05/2019,09:00,9,3.459,3.959,16.590,.377,1.185, 1.022E+03, 4.472E+01, 0.000E+00, 3.469E-16, 3.269E+02, 7.716E+01, 2.620E+02, 3.191E+01, 2.752E+02, 1.531E+02, 2.931E+00, 6.652E-01, 1.909E-01, 3.748E-01, 1.000E+00, 8.317E-01, 1.000E+00, 5.482E-01, 1.000E+00, 1.000E+00, 4.560E-01, 2.966E-03, 3.566E-03, 0.000E+00, 7.427E+01, 3.580E+01, 5.000E-03, 1.407E-02, 5.244E+01, 6.962E-03, 2.732E+00
17/05/2019,10:00,9,3.459,3.959,17.311,.367,1.262, 1.022E+03, 4.135E+01, 0.000E+00, 3.469E-16, 3.504E+02, 7.449E+01, 2.647E+02, 3.135E+01, 2.752E+02, 1.531E+02, 3.218E+00, 6.662E-01, 2.096E-01, 3.907E-01, 1.000E+00, 8.321E-01, 1.000E+00, 6.148E-01, 1.000E+00, 1.000E+00, 5.116E-01, 3.336E-03, 4.009E-03, 0.000E+00, 6.770E+01, 3.262E+01, 5.000E-03, 1.582E-02, 4.802E+01, 7.627E-03, 2.697E+00
17/05/2019,11:00,9,3.459,3.959,18.031,.356,1.344, 1.021E+03, 4.058E+01, 0.000E+00, 3.469E-16, 3.555E+02, 7.378E+01, 2.652E+02, 3.118E+01, 2.752E+02, 1.531E+02, 3.509E+00, 6.672E-01, 2.284E-01, 3.941E-01, 1.000E+00, 8.320E-01, 1.000E+00, 6.760E-01, 9.745E-01, 1.000E+00, 5.481E-01, 3.583E-03, 4.306E-03, 0.000E+00, 6.213E+01, 2.992E+01, 5.000E-03, 1.700E-02, 4.546E+01, 8.217E-03, 2.854E+00
17/05/2019,12:00,9,3.459,3.959,18.752,.346,1.430, 1.021E+03, 4.258E+01, 0.000E+00, 3.469E-16, 3.430E+02, 7.569E+01, 2.645E+02, 3.165E+01, 2.087E+02, 1.441E+02, 3.802E+00, 7.508E-01, 2.399E-01, 3.851E-01, 1.000E+00, 8.327E-01, 1.000E+00, 7.320E-01, 9.243E-01, 1.000E+00, 5.634E-01, 3.692E-03, 4.433E-03, 0.000E+00, 6.257E+01, 2.849E+01, 5.000E-03, 1.751E-02, 4.442E+01, 8.483E-03, 2.912E+00
17/05/2019,13:00,9,3.459,3.959,18.445,.359,1.373, 1.020E+03, 4.695E+01, 0.000E+00, 3.469E-16, 3.118E+02, 7.870E+01, 2.605E+02, 3.221E+01, 2.087E+02, 1.441E+02, 3.974E+00, 7.506E-01, 2.508E-01, 3.634E-01, 1.000E+00, 8.307E-01, 1.000E+00, 7.088E-01, 9.577E-01, 1.000E+00, 5.639E-01, 3.692E-03, 4.443E-03, 0.000E+00, 5.986E+01, 2.726E+01, 5.000E-03, 1.751E-02, 4.442E+01, 8.719E-03, 2.710E+00
17/05/2019,14:00,9,3.459,3.959,18.138,.373,1.317, 1.020E+03, 5.296E+01, 0.000E+00, 3.469E-16, 2.653E+02, 8.064E+01, 2.523E+02, 3.215E+01, 2.087E+02, 1.441E+02, 4.147E+00, 7.503E-01, 2.617E-01, 3.285E-01, 1.000E+00, 8.210E-01, 1.000E+00, 6.846E-01, 9.903E-01, 1.000E+00, 5.566E-01, 3.640E-03, 4.433E-03, 0.000E+00, 5.735E+01, 2.612E+01, 5.000E-03, 1.727E-02, 4.491E+01, 8.909E-03, 2.279E+00
17/05/2019,15:00,9,3.459,3.959,17.830,.387,1.262, 1.019E+03, 5.995E+01, 0.000E+00, 3.469E-16, 2.071E+02, 7.868E+01, 2.374E+02, 3.052E+01, 3.027E+01, 8.070E+01, 4.321E+00, 6.517E-01, 2.614E-01, 2.803E-01, 1.000E+00, 7.949E-01, 9.999E-01, 6.595E-01, 1.000E+00, 1.000E+00, 5.242E-01, 3.424E-03, 4.308E-03, 0.000E+00, 6.214E+01, 2.615E+01, 5.000E-03, 1.624E-02, 4.707E+01, 8.673E-03, 1.887E+00
17/05/2019,16:00,9,3.459,3.959,16.416,.450,1.035, 1.019E+03, 6.737E+01, 0.000E+00, 3.469E-16, 1.423E+02, 7.044E+01, 2.114E+02, 2.650E+01, 3.027E+01, 8.070E+01, 4.017E+00, 6.501E-01, 2.430E-01, 2.200E-01, 1.000E+00, 7.377E-01, 9.998E-01, 5.313E-01, 1.000E+00, 1.000E+00, 3.920E-01, 2.548E-03, 3.453E-03, 0.000E+00, 6.681E+01, 2.813E+01, 5.000E-03, 1.209E-02, 5.852E+01, 7.582E-03, 1.548E+00
17/05/2019,17:00,9,3.459,3.959,15.001,.513,.836, 1.019E+03, 7.479E+01, 0.000E+00, 3.469E-16, 7.746E+01, 5.485E+01, 1.674E+02, 1.980E+01, 3.027E+01, 8.070E+01, 3.766E+00, 6.485E-01, 2.278E-01, 1.515E-01, 1.000E+00, 6.240E-01, 9.990E-01, 3.828E-01, 1.000E+00, 1.000E+00, 2.389E-01, 1.545E-03, 2.474E-03, 0.000E+00, 7.125E+01, 3.000E+01, 5.000E-03, 7.330E-03, 8.110E+01, 6.275E-03, 1.314E+00
17/05/2019,18:00,9,3.459,3.959,13.587,.575,.664, 1.019E+03, 8.183E+01, 0.000E+00, 3.469E-16, 2.298E+01, 3.278E+01, 9.190E+01, 1.101E+01,-4.876E+01, 1.206E+01, 3.578E+00, 3.766E-01, 1.739E-01, 8.212E-02, 1.000E+00, 4.144E-01, 9.772E-01, 2.139E-01, 1.000E+00, 1.000E+00, 8.862E-02, 5.705E-04, 1.345E-03, 0.000E+00, 1.183E+02, 3.930E+01, 5.000E-03, 2.706E-03, 1.298E+02, 4.261E-03, 1.242E+00
17/05/2019,19:00,9,3.459,3.959,11.746,.641,.497, 1.019E+03, 8.818E+01, 0.000E+00, 3.469E-16, 5.444E-02, 7.625E+00, 3.175E+00, 2.318E+00,-4.876E+01, 1.206E+01, 3.451E+00, 3.754E-01, 1.675E-01, 1.837E-02, 1.000E+00, 9.151E-02, 1.224E-01, 1.000E-02, 1.000E+00, 1.000E+00, 9.151E-04, 5.853E-06, 7.829E-06, 0.000E+00, 1.231E+02, 4.082E+01, 5.000E-03, 2.776E-05, 1.989E+02, 3.248E-03, 1.199E+00
17/05/2019,20:00,9,3.459,3.959,9.906,.707,.358, 1.019E+03, 9.349E+01, 0.000E+00, 3.469E-16, 0.000E+00, 0.000E+00, 0.000E+00, 0.000E+00,-4.876E+01, 1.206E+01, 3.326E+00, 3.742E-01, 1.611E-01,-9.990E+02, 1.000E+00,-9.990E+02, 0.000E+00, 0.000E+00, 0.000E+00, 1.000E+00, 0.000E+00, 0.000E+00, 0.000E+00, 0.000E+00, 1.281E+02, 4.242E+01, 5.000E-03, 0.000E+00, 2.000E+02, 3.192E-03, 1.190E+00
17/05/2019,21:00,9,3.459,3.959,8.065,.773,.245, 1.019E+03, 9.744E+01, 0.000E+00, 3.469E-16, 0.000E+00, 0.000E+00, 0.000E+00, 0.000E+00,-4.786E+01, 6.631E+00, 3.203E+00, 3.457E-01, 1.484E-01,-9.990E+02, 1.000E+00,-9.990E+02, 0.000E+00, 0.000E+00, 0.000E+00, 1.000E+00, 0.000E+00, 0.000E+00, 0.000E+00, 0.000E+00, 1.454E+02, 4.605E+01, 5.000E-03, 0.000E+00, 2.000E+02, 3.091E-03, 1.493E+00
17/05/2019,22:00,9,3.459,3.959,7.867,.773,.241, 1.019E+03, 9.975E+01, 0.000E+00, 3.469E-16, 0.000E+00, 0.000E+00, 0.000E+00, 0.000E+00,-4.786E+01, 6.631E+00, 3.280E+00, 3.457E-01, 1.520E-01,-9.990E+02, 1.000E+00,-9.990E+02, 0.000E+00, 0.000E+00, 0.000E+00, 1.000E+00, 0.000E+00, 0.000E+00, 0.000E+00, 0.000E+00, 1.420E+02, 4.498E+01, 5.000E-03, 0.000E+00, 2.000E+02, 3.118E-03, 1.776E+00
17/05/2019,23:00,9,3.459,3.959,7.669,.774,.237, 1.018E+03, 1.002E+02, 0.000E+00, 3.469E-16, 0.000E+00, 0.000E+00, 0.000E+00, 0.000E+00,-4.786E+01, 6.631E+00, 3.357E+00, 3.456E-01, 1.555E-01,-9.990E+02, 1.000E+00,-9.990E+02, 0.000E+00, 0.000E+00, 0.000E+00, 1.000E+00, 0.000E+00, 0.000E+00, 0.000E+00, 0.000E+00, 1.388E+02, 4.395E+01, 5.000E-03, 0.000E+00, 2.000E+02, 3.146E-03, 1.926E+00
18/05/2019,00:00,9,3.470,3.970,7.471,.774,.234, 1.018E+03, 9.888E+01, 4.366E-05, 3.469E-16, 0.000E+00, 0.000E+00, 0.000E+00, 0.000E+00,-1.525E+01, 9.019E+00, 3.437E+00, 3.379E-01, 1.862E-01,-9.990E+02, 1.000E+00,-9.990E+02, 0.000E+00, 0.000E+00, 0.000E+00, 1.000E+00, 0.000E+00, 0.000E+00, 0.000E+00, 0.000E+00, 9.913E+01, 3.671E+01, 5.000E-03, 0.000E+00, 2.000E+02, 3.368E-03, 2.016E+00
18/05/2019,01:00,9,3.470,3.970,8.163,.734,.289, 1.018E+03, 9.577E+01, 4.366E-05, 3.469E-16, 0.000E+00, 0.000E+00, 0.000E+00, 0.000E+00,-1.525E+01, 9.019E+00, 3.245E+00, 3.383E-01, 1.759E-01,-9.990E+02, 1.000E+00,-9.990E+02, 0.000E+00, 0.000E+00, 0.000E+00, 1.000E+00, 0.000E+00, 0.000E+00, 0.000E+00, 0.000E+00, 1.049E+02, 3.886E+01, 5.000E-03, 0.000E+00, 2.000E+02, 3.305E-03, 2.043E+00
18/05/2019,02:00,9,3.470,3.970,8.856,.693,.349, 1.017E+03, 9.115E+01, 4.366E-05, 3.469E-16, 0.000E+00, 0.000E+00, 0.000E+00, 0.000E+00,-1.525E+01, 9.019E+00, 3.055E+00, 3.388E-01, 1.656E-01,-9.990E+02, 1.000E+00,-9.990E+02, 0.000E+00, 0.000E+00, 0.000E+00, 1.000E+00, 0.000E+00, 0.000E+00, 0.000E+00, 0.000E+00, 1.114E+02, 4.128E+01, 5.000E-03, 0.000E+00, 2.000E+02, 3.237E-03, 2.042E+00
18/05/2019,03:00,9,3.470,3.970,9.548,.653,.415, 1.017E+03, 8.531E+01, 4.366E-05, 3.469E-16, 5.038E+00, 1.938E+01, 3.693E+01, 6.114E+00, 1.924E+01, 3.414E+01, 2.864E+00, 4.288E-01, 1.763E-01, 4.711E-02, 1.000E+00, 2.487E-01, 7.811E-01, 1.000E-02, 1.000E+00, 1.000E+00, 2.487E-03, 1.578E-05, 4.957E-05, 0.000E+00, 8.908E+01, 3.876E+01, 5.000E-03, 7.509E-05, 1.970E+02, 3.359E-03, 2.084E+00
18/05/2019,04:00,9,3.470,3.970,10.946,.623,.494, 1.016E+03, 7.859E+01, 4.366E-05, 3.469E-16, 4.628E+01, 4.364E+01, 1.322E+02, 1.522E+01, 1.924E+01, 3.414E+01, 2.874E+00, 4.300E-01, 1.769E-01, 1.140E-01, 1.000E+00, 5.257E-01, 9.956E-01, 1.000E-02, 1.000E+00, 1.000E+00, 5.257E-03, 3.353E-05, 6.350E-05, 0.000E+00, 8.883E+01, 3.864E+01, 5.000E-03, 1.595E-04, 1.938E+02, 3.399E-03, 1.934E+00
18/05/2019,05:00,9,3.470,3.970,12.344,.594,.585, 1.016E+03, 7.132E+01, 4.366E-05, 3.469E-16, 1.073E+02, 6.285E+01, 1.906E+02, 2.314E+01, 1.924E+01, 3.414E+01, 2.958E+00, 4.311E-01, 1.821E-01, 1.838E-01, 1.000E+00, 6.848E-01, 9.996E-01, 4.847E-02, 1.000E+00, 1.000E+00, 3.320E-02, 2.127E-04, 3.105E-04, 0.000E+00, 8.635E+01, 3.755E+01, 5.000E-03, 1.012E-03, 1.663E+02, 3.790E-03, 2.065E+00
18/05/2019,06:00,9,3.470,3.970,13.741,.565,.687, 1.016E+03, 6.384E+01, 4.366E-05, 3.469E-16, 1.040E+02, 9.706E+01, 1.509E+02, 3.292E+01, 1.337E+02, 9.053E+01, 3.111E+00, 5.899E-01, 1.989E-01, 2.492E-01, 1.000E+00, 8.056E-01, 9.980E-01, 2.333E-01, 1.000E+00, 1.000E+00, 1.879E-01, 1.210E-03, 1.499E-03, 0.000E+00, 7.375E+01, 3.437E+01, 5.000E-03, 5.759E-03, 9.294E+01, 5.520E-03, 2.335E+00
18/05/2019,07:00,9,3.470,3.970,15.200,.534,.810, 1.016E+03, 5.654E+01, 4.366E-05, 3.469E-16, 1.415E+02, 1.142E+02, 1.672E+02, 3.888E+01, 1.337E+02, 9.053E+01, 3.176E+00, 5.915E-01, 2.029E-01, 3.041E-01, 1.000E+00, 8.591E-01, 9.990E-01, 4.049E-01, 1.000E+00, 1.000E+00, 3.479E-01, 2.252E-03, 2.618E-03, 0.000E+00, 7.232E+01, 3.368E+01, 5.000E-03, 1.072E-02, 6.363E+01, 6.663E-03, 2.424E+00
18/05/2019,08:00,9,3.470,3.970,16.659,.503,.950, 1.016E+03, 4.990E+01, 4.366E-05, 3.469E-16, 1.735E+02, 1.252E+02, 1.774E+02, 4.271E+01, 1.337E+02, 9.053E+01, 3.253E+00, 5.930E-01, 2.078E-01, 3.462E-01, 1.000E+00, 8.869E-01, 9.993E-01, 5.549E-01, 1.000E+00, 1.000E+00, 4.921E-01, 3.202E-03, 3.607E-03, 0.000E+00, 7.067E+01, 3.290E+01, 5.000E-03, 1.523E-02, 4.942E+01, 7.470E-03, 2.604E+00
18/05/2019,09:00,9,3.470,3.970,18.118,.472,1.109, 1.015E+03, 4.452E+01, 4.366E-05, 3.469E-16, 3.252E+02, 7.598E+01, 2.595E+02, 3.141E+01, 1.910E+02, 1.267E+02, 3.342E+00, 7.010E-01, 2.120E-01, 3.749E-01, 1.000E+00, 8.283E-01, 1.000E+00, 6.831E-01, 1.000E+00, 1.000E+00, 5.658E-01, 3.699E-03, 4.466E-03, 0.000E+00, 7.012E+01, 3.224E+01, 5.000E-03, 1.760E-02, 4.424E+01, 7.861E-03, 2.866E+00
18/05/2019,10:00,9,3.470,3.970,19.051,.449,1.227, 1.015E+03, 4.113E+01, 4.366E-05, 3.469E-16, 3.484E+02, 7.328E+01, 2.621E+02, 3.084E+01, 1.910E+02, 1.267E+02, 3.674E+00, 7.022E-01, 2.331E-01, 3.907E-01, 1.000E+00, 8.286E-01, 1.000E+00, 7.536E-01, 1.000E+00, 1.000E+00, 6.245E-01, 4.096E-03, 4.943E-03, 0.000E+00, 6.381E+01, 2.933E+01, 5.000E-03, 1.949E-02, 4.083E+01, 8.598E-03, 2.957E+00
18/05/2019,11:00,9,3.470,3.970,19.983,.426,1.355, 1.014E+03, 4.036E+01, 4.366E-05, 3.469E-16, 3.535E+02, 7.258E+01, 2.626E+02, 3.068E+01, 1.910E+02, 1.267E+02, 4.035E+00, 7.035E-01, 2.559E-01, 3.941E-01, 1.000E+00, 8.284E-01, 1.000E+00, 8.153E-01, 9.681E-01, 1.000E+00, 6.538E-01, 4.303E-03, 5.194E-03, 0.000E+00, 5.815E+01, 2.672E+01, 5.000E-03, 2.047E-02, 3.926E+01, 9.258E-03, 2.997E+00
18/05/2019,12:00,9,3.470,3.970,20.915,.404,1.493, 1.014E+03, 4.237E+01, 6.337E-02, 3.469E-16, 8.348E+01, 1.626E+02, 1.078E+02, 5.135E+01, 1.147E+02, 1.255E+02, 4.416E+00, 6.117E-01, 2.789E-01, 3.852E-01, 1.000E+00, 9.210E-01, 9.882E-01, 8.681E-01, 8.874E-01, 1.000E+00, 7.095E-01, 4.684E-03, 5.025E-03, 0.000E+00, 5.372E+01, 2.451E+01, 5.000E-03, 2.229E-02, 3.665E+01, 1.002E-02, 2.954E+00
18/05/2019,13:00,9,3.470,3.970,20.526,.415,1.430, 1.014E+03, 4.674E+01, 6.337E-02, 3.469E-16, 7.593E+01, 1.537E+02, 1.040E+02, 4.857E+01, 1.147E+02, 1.255E+02, 4.060E+00, 6.114E-01, 2.565E-01, 3.636E-01, 1.000E+00, 9.086E-01, 9.861E-01, 8.471E-01, 9.246E-01, 1.000E+00, 7.116E-01, 4.692E-03, 5.092E-03, 0.000E+00, 5.842E+01, 2.665E+01, 5.000E-03, 2.232E-02, 3.660E+01, 9.498E-03, 2.802E+00
18/05/2019,14:00,9,3.470,3.970,20.136,.426,1.368, 1.014E+03, 5.277E+01, 6.337E-02, 3.469E-16, 6.468E+01, 1.390E+02, 9.740E+01, 4.394E+01, 1.147E+02, 1.255E+02, 3.712E+00, 6.110E-01, 2.345E-01, 3.289E-01, 1.000E+00, 8.839E-01, 9.818E-01, 8.246E-01, 9.605E-01, 1.000E+00, 7.001E-01, 4.609E-03, 5.120E-03, 0.000E+00, 6.388E+01, 2.915E+01, 5.000E-03, 2.193E-02, 3.713E+01, 8.909E-03, 2.551E+00
18/05/2019,15:00,9,3.470,3.970,19.747,.438,1.308, 1.014E+03, 5.976E+01, 1.649E-02, 3.469E-16, 2.493E+01, 1.063E+02, 5.774E+01, 3.298E+01, 1.291E+01, 6.423E+01, 3.375E+00, 4.835E-01, 2.043E-01, 2.810E-01, 1.000E+00, 7.887E-01, 9.070E-01, 8.005E-01, 9.952E-01, 1.000E+00, 6.283E-01, 4.131E-03, 4.751E-03, 0.000E+00, 7.937E+01, 3.345E+01, 5.000E-03, 1.966E-02, 4.055E+01, 7.824E-03, 2.256E+00
18/05/2019,16:00,9,3.470,3.970,18.615,.484,1.118, 1.013E+03, 6.718E+01, 1.649E-02, 3.469E-16, 1.721E+01, 8.081E+01, 4.727E+01, 2.509E+01, 1.291E+01, 6.423E+01, 3.101E+00, 4.826E-01, 1.878E-01, 2.210E-01, 1.000E+00, 6.908E-01, 8.569E-01, 7.217E-01, 1.000E+00, 1.000E+00, 4.985E-01, 3.265E-03, 4.051E-03, 0.000E+00, 8.634E+01, 3.640E+01, 5.000E-03, 1.554E-02, 4.869E+01, 6.962E-03, 2.114E+00
18/05/2019,17:00,9,3.470,3.970,17.482,.530,.948, 1.013E+03, 7.460E+01, 1.649E-02, 3.469E-16, 9.464E+00, 5.194E+01, 3.393E+01, 1.611E+01, 1.291E+01, 6.423E+01, 2.863E+00, 4.817E-01, 1.733E-01, 1.529E-01, 1.000E+00, 5.255E-01, 7.523E-01, 6.298E-01, 1.000E+00, 1.000E+00, 3.309E-01, 2.159E-03, 3.091E-03, 0.000E+00, 9.352E+01, 3.943E+01, 5.000E-03, 1.027E-02, 6.547E+01, 5.941E-03, 2.044E+00
18/05/2019,18:00,9,3.470,3.970,16.350,.576,.795, 1.013E+03, 8.164E+01, 9.313E-03, 3.469E-16, 5.911E+00, 2.799E+01, 2.908E+01, 8.745E+00,-3.462E+01, 1.591E+01, 2.668E+00, 3.312E-01, 1.285E-01, 8.380E-02, 1.000E+00, 3.352E-01, 6.976E-01, 5.249E-01, 1.000E+00, 1.000E+00, 1.760E-01, 1.144E-03, 2.379E-03, 0.000E+00, 1.616E+02, 5.320E+01, 5.000E-03, 5.441E-03, 9.577E+01, 4.203E-03, 1.967E+00
18/05/2019,19:00,9,3.470,3.970,15.079,.591,.706, 1.013E+03, 8.798E+01, 9.313E-03, 3.469E-16, 2.695E-02, 4.992E+00, 1.895E+00, 1.513E+00,-3.462E+01, 1.591E+01, 2.817E+00, 3.304E-01, 1.355E-01, 2.033E-02, 1.000E+00, 6.064E-02, 7.499E-02, 3.915E-01, 1.000E+00, 1.000E+00, 2.374E-02, 1.536E-04, 1.900E-04, 0.000E+00, 1.534E+02, 5.045E+01, 5.000E-03, 7.310E-04, 1.745E+02, 3.233E-03, 1.896E+00
18/05/2019,20:00,9,3.470,3.970,13.809,.606,.626, 1.013E+03, 9.328E+01, 9.313E-03, 3.469E-16, 0.000E+00, 0.000E+00, 0.000E+00, 0.000E+00,-3.462E+01, 1.591E+01, 2.968E+00, 3.297E-01, 1.426E-01,-9.990E+02, 1.000E+00,-9.990E+02, 0.000E+00, 0.000E+00, 0.000E+00, 1.000E+00, 0.000E+00, 0.000E+00, 0.000E+00, 0.000E+00, 1.460E+02, 4.793E+01, 5.000E-03, 0.000E+00, 2.000E+02, 3.048E-03, 1.982E+00
18/05/2019,21:00,9,3.470,3.970,12.539,.621,.553, 1.013E+03, 9.722E+01, 4.366E-05, 3.469E-16, 0.000E+00, 0.000E+00, 0.000E+00, 0.000E+00,-3.247E+01, 1.278E+01, 3.122E+00, 3.738E-01, 1.610E-01,-9.990E+02, 1.000E+00,-9.990E+02, 0.000E+00, 0.000E+00, 0.000E+00, 1.000E+00, 0.000E+00, 0.000E+00, 0.000E+00, 0.000E+00, 1.205E+02, 4.247E+01, 5.000E-03, 0.000E+00, 2.000E+02, 3.198E-03, 2.268E+00
18/05/2019,22:00,9,3.470,3.970,12.103,.626,.530, 1.013E+03, 9.953E+01, 4.366E-05, 3.469E-16, 0.000E+00, 0.000E+00, 0.000E+00, 0.000E+00,-3.247E+01, 1.278E+01, 3.031E+00, 3.736E-01, 1.562E-01,-9.990E+02, 1.000E+00,-9.990E+02, 0.000E+00, 0.000E+00, 0.000E+00, 1.000E+00, 0.000E+00, 0.000E+00, 0.000E+00, 0.000E+00, 1.242E+02, 4.376E+01, 5.000E-03, 0.000E+00, 2.000E+02, 3.164E-03, 2.365E+00
18/05/2019,23:00,9,3.470,3.970,11.667,.631,.508, 1.013E+03, 1.000E+02, 4.366E-05, 3.469E-16, 0.000E+00, 0.000E+00, 0.000E+00, 0.000E+00,-3.247E+01, 1.278E+01, 2.945E+00, 3.734E-01, 1.517E-01,-9.990E+02, 1.000E+00,-9.990E+02, 0.000E+00, 0.000E+00, 0.000E+00, 1.000E+00, 0.000E+00, 0.000E+00, 0.000E+00, 0.000E+00, 1.279E+02, 4.505E+01, 5.000E-03, 0.000E+00, 2.000E+02, 3.130E-03, 2.232E+00
19/05/2019,00:00,9,3.481,3.981,11.232,.636,.487, 1.012E+03, 9.867E+01, 1.142E+00, 3.469E-16, 0.000E+00, 0.000E+00, 0.000E+00, 0.000E+00,-3.199E+01, 5.051E+01, 2.864E+00, 3.092E-01, 1.345E-01,-9.990E+02, 1.000E+00,-9.990E+02, 0.000E+00, 0.000E+00, 0.000E+00, 1.000E+00, 0.000E+00, 0.000E+00, 0.000E+00, 0.000E+00, 1.583E+02, 5.082E+01, 5.000E-03, 0.000E+00, 2.000E+02, 2.975E-03, 2.104E+00
19/05/2019,01:00,9,3.481,3.981,10.623,.730,.347, 1.012E+03, 9.557E+01, 1.142E+00, 3.469E-16, 0.000E+00, 0.000E+00, 0.000E+00, 0.000E+00,-3.199E+01, 5.051E+01, 2.776E+00, 3.090E-01, 1.303E-01,-9.990E+02, 1.000E+00,-9.990E+02, 0.000E+00, 0.000E+00, 0.000E+00, 1.000E+00, 0.000E+00, 0.000E+00, 0.000E+00, 0.000E+00, 1.635E+02, 5.246E+01, 5.000E-03, 0.000E+00, 2.000E+02, 2.936E-03, 1.176E+00
19/05/2019,02:00,9,3.481,3.981,10.014,.823,.218, 1.011E+03, 9.096E+01, 1.142E+00, 3.469E-16, 0.000E+00, 0.000E+00, 0.000E+00, 0.000E+00,-3.199E+01, 5.051E+01, 2.688E+00, 3.088E-01, 1.261E-01,-9.990E+02, 1.000E+00,-9.990E+02, 0.000E+00, 0.000E+00, 0.000E+00, 1.000E+00, 0.000E+00, 0.000E+00, 0.000E+00, 0.000E+00, 1.691E+02, 5.422E+01, 5.000E-03, 0.000E+00, 2.000E+02, 2.896E-03, 9.187E-01
19/05/2019,03:00,9,3.481,3.981,9.405,.917,.098, 1.010E+03, 8.513E+01, 1.767E-01, 3.469E-16, 5.025E+00, 1.826E+01, 3.533E+01, 5.760E+00,-1.308E+00, 5.916E+01, 2.600E+00, 2.594E-01, 1.516E-01, 4.882E-02, 1.000E+00, 2.380E-01, 7.662E-01, 1.000E-02, 1.000E+00, 1.000E+00, 2.380E-03, 1.510E-05, 4.860E-05, 0.000E+00, 1.131E+02, 4.508E+01, 1.307E-02, 7.207E-05, 7.608E+01, 5.146E-03, 9.317E-01
19/05/2019,04:00,9,3.481,3.981,10.161,.916,.104, 1.010E+03, 7.841E+01, 1.767E-01, 3.469E-16, 4.162E+01, 4.120E+01, 1.178E+02, 1.424E+01,-1.308E+00, 5.916E+01, 2.181E+00, 2.598E-01, 1.272E-01, 1.154E-01, 1.000E+00, 5.066E-01, 9.921E-01, 1.000E-02, 1.000E+00, 1.000E+00, 5.066E-03, 3.222E-05, 6.310E-05, 0.000E+00, 1.348E+02, 5.374E+01, 1.274E-02, 1.538E-04, 7.758E+01, 4.576E-03, 1.527E+00
19/05/2019,05:00,9,3.481,3.981,10.916,.916,.110, 1.010E+03, 7.114E+01, 1.767E-01, 3.469E-16, 9.480E+01, 6.015E+01, 1.684E+02, 2.178E+01,-1.308E+00, 5.916E+01, 1.793E+00, 2.602E-01, 1.046E-01, 1.849E-01, 1.000E+00, 6.671E-01, 9.990E-01, 1.000E-02, 1.000E+00, 1.000E+00, 6.671E-03, 4.254E-05, 6.371E-05, 0.000E+00, 1.639E+02, 6.535E+01, 1.244E-02, 2.030E-04, 7.912E+01, 3.992E-03, 1.973E+00
19/05/2019,06:00,9,3.481,3.981,11.672,.915,.117, 1.010E+03, 6.366E+01, 4.132E-01, 3.469E-16, 1.712E+02, 7.338E+01, 2.209E+02, 2.795E+01, 5.180E+01, 1.516E+02, 1.462E+00, 2.948E-01, 1.004E-01, 2.499E-01, 1.000E+00, 7.624E-01, 9.999E-01, 1.000E-02, 1.000E+00, 1.000E+00, 7.624E-03, 4.874E-05, 6.393E-05, 0.000E+00, 1.289E+02, 6.811E+01, 1.217E-02, 2.327E-04, 8.066E+01, 4.003E-03, 2.420E+00
19/05/2019,07:00,9,3.481,3.981,13.161,.887,.171, 1.010E+03, 5.636E+01, 4.132E-01, 3.469E-16, 2.322E+02, 7.811E+01, 2.402E+02, 3.062E+01, 5.180E+01, 1.516E+02, 1.337E+00, 2.955E-01, 1.000E-01, 3.046E-01, 1.000E+00, 8.026E-01, 9.999E-01, 1.590E-01, 1.000E+00, 1.000E+00, 1.276E-01, 8.202E-04, 1.022E-03, 0.000E+00, 1.295E+02, 6.835E+01, 7.624E-03, 3.915E-03, 8.667E+01, 3.899E-03, 2.671E+00
19/05/2019,08:00,9,3.481,3.981,14.650,.860,.236, 1.010E+03, 4.971E+01, 4.132E-01, 3.469E-16, 2.843E+02, 7.771E+01, 2.511E+02, 3.131E+01, 5.180E+01, 1.516E+02, 1.302E+00, 2.963E-01, 1.000E-01, 3.464E-01, 1.000E+00, 8.197E-01, 1.000E+00, 3.428E-01, 1.000E+00, 1.000E+00, 2.810E-01, 1.815E-03, 2.214E-03, 0.000E+00, 1.297E+02, 6.835E+01, 5.000E-03, 8.664E-03, 7.319E+01, 4.115E-03, 2.714E+00
19/05/2019,09:00,9,3.481,3.981,16.139,.832,.311, 1.010E+03, 4.432E+01, 7.712E-01, 3.469E-16, 3.065E+02, 7.095E+01, 2.435E+02, 2.932E+01, 7.113E+01, 2.105E+02, 1.365E+00, 3.062E-01, 1.000E-01, 3.750E-01, 1.000E+00, 8.128E-01, 1.000E+00, 5.039E-01, 1.000E+00, 1.000E+00, 4.096E-01, 2.660E-03, 3.272E-03, 0.000E+00, 1.258E+02, 6.835E+01, 5.000E-03, 1.270E-02, 5.651E+01, 4.450E-03, 2.651E+00
19/05/2019,10:00,9,3.481,3.981,16.648,.860,.268, 1.010E+03, 4.093E+01, 7.712E-01, 3.469E-16, 3.281E+02, 6.839E+01, 2.459E+02, 2.877E+01, 7.113E+01, 2.105E+02, 1.185E+00, 3.065E-01, 1.000E-01, 3.908E-01, 1.000E+00, 8.134E-01, 1.000E+00, 5.538E-01, 1.000E+00, 1.000E+00, 4.504E-01, 2.930E-03, 3.603E-03, 0.000E+00, 1.259E+02, 6.835E+01, 5.000E-03, 1.399E-02, 5.267E+01, 4.527E-03, 2.138E+00
19/05/2019,11:00,9,3.481,3.981,17.157,.888,.221, 1.010E+03, 4.015E+01, 7.712E-01, 3.469E-16, 3.329E+02, 6.773E+01, 2.464E+02, 2.862E+01, 7.113E+01, 2.105E+02, 1.006E+00, 3.067E-01, 1.000E-01, 3.941E-01, 1.000E+00, 8.133E-01, 1.000E+00, 6.010E-01, 1.000E+00, 1.000E+00, 4.888E-01, 3.186E-03, 3.917E-03, 0.000E+00, 1.259E+02, 6.835E+01, 6.502E-03, 1.520E-02, 4.607E+01, 4.666E-03, 2.096E+00
19/05/2019,12:00,9,3.481,3.981,17.666,.916,.171, 1.010E+03, 4.216E+01, 3.349E-01, 3.469E-16, 2.229E+02, 1.258E+02, 1.940E+02, 4.359E+01, 7.314E+01, 1.236E+02, 8.270E-01, 4.284E-01, 1.000E-01, 3.852E-01, 1.000E+00, 8.975E-01, 9.997E-01, 6.456E-01, 1.000E+00, 1.000E+00, 5.795E-01, 3.783E-03, 4.214E-03, 0.000E+00, 1.417E+02, 6.835E+01, 9.892E-03, 1.806E-02, 3.578E+01, 4.765E-03, 2.016E+00
19/05/2019,13:00,9,3.481,3.981,17.695,.887,.230, 1.010E+03, 4.654E+01, 3.349E-01, 3.469E-16, 2.029E+02, 1.227E+02, 1.899E+02, 4.242E+01, 7.314E+01, 1.236E+02, 1.304E+00, 4.285E-01, 1.000E-01, 3.638E-01, 1.000E+00, 8.887E-01, 9.996E-01, 6.481E-01, 1.000E+00, 1.000E+00, 5.760E-01, 3.761E-03, 4.230E-03, 0.000E+00, 1.417E+02, 6.835E+01, 6.441E-03, 1.795E-02, 4.100E+01, 4.649E-03, 2.148E+00
19/05/2019,14:00,9,3.481,3.981,17.724,.859,.289, 1.010E+03, 5.258E+01, 3.349E-01, 3.469E-16, 1.730E+02, 1.159E+02, 1.824E+02, 3.998E+01, 7.314E+01, 1.236E+02, 1.801E+00, 4.285E-01, 1.174E-01, 3.293E-01, 1.000E+00, 8.703E-01, 9.994E-01, 6.505E-01, 1.000E+00, 1.000E+00, 5.662E-01, 3.697E-03, 4.246E-03, 0.000E+00, 1.208E+02, 5.824E+01, 5.000E-03, 1.765E-02, 4.416E+01, 5.195E-03, 2.027E+00
19/05/2019,15:00,9,3.481,3.981,17.753,.830,.348, 1.010E+03, 5.958E+01, 3.913E-01, 3.469E-16, 9.884E+01, 1.164E+02, 1.359E+02, 3.831E+01, 4.278E+00, 4.882E+01, 2.305E+00, 3.153E-01, 1.400E-01, 2.816E-01, 1.000E+00, 8.503E-01, 9.963E-01, 6.530E-01, 1.000E+00, 1.000E+00, 5.553E-01, 3.626E-03, 4.248E-03, 0.000E+00, 1.151E+02, 4.881E+01, 5.000E-03, 1.731E-02, 4.483E+01, 5.812E-03, 1.754E+00
19/05/2019,16:00,9,3.481,3.981,16.899,.878,.237, 1.010E+03, 6.700E+01, 3.913E-01, 3.469E-16, 6.849E+01, 9.282E+01, 1.181E+02, 3.048E+01, 4.278E+00, 4.882E+01, 2.229E+00, 3.149E-01, 1.354E-01, 2.219E-01, 1.000E+00, 7.761E-01, 9.922E-01, 5.774E-01, 1.000E+00, 1.000E+00, 4.481E-01, 2.918E-03, 3.730E-03, 0.000E+00, 1.190E+02, 5.048E+01, 5.662E-03, 1.393E-02, 5.105E+01, 5.476E-03, 1.655E+00
19/05/2019,17:00,9,3.481,3.981,16.045,.925,.137, 1.010E+03, 7.441E+01, 3.913E-01, 3.469E-16, 3.802E+01, 6.371E+01, 9.150E+01, 2.077E+01, 4.278E+00, 4.882E+01, 2.163E+00, 3.144E-01, 1.314E-01, 1.542E-01, 1.000E+00, 6.365E-01, 9.768E-01, 4.944E-01, 1.000E+00, 1.000E+00, 3.147E-01, 2.043E-03, 3.135E-03, 0.000E+00, 1.226E+02, 5.202E+01, 1.175E-02, 9.751E-03, 4.651E+01, 5.492E-03, 1.625E+00
19/05/2019,18:00,9,3.481,3.981,15.191,.973,.047, 1.010E+03, 8.145E+01, 8.767E-02, 3.469E-16, 5.753E+00, 2.832E+01, 2.816E+01, 8.816E+00,-1.172E+01, 3.726E+00, 2.108E+00, 2.276E-01, 1.006E-01, 8.543E-02, 1.000E+00, 3.367E-01, 6.860E-01, 4.039E-01, 1.000E+00, 1.000E+00, 1.360E-01, 8.803E-04, 1.793E-03, 0.000E+00, 2.082E+02, 6.793E+01, 2.441E-02, 4.202E-03, 3.495E+01, 4.617E-03, 1.624E+00
19/05/2019,19:00,9,3.481,3.981,14.378,.980,.032, 1.010E+03, 8.778E+01, 8.767E-02, 3.469E-16, 4.396E-02, 5.344E+00, 2.185E+00, 1.616E+00,-1.172E+01, 3.726E+00, 2.000E+00, 2.272E-01, 1.000E-01, 2.223E-02, 1.000E+00, 6.480E-02, 8.593E-02, 3.108E-01, 1.000E+00, 1.000E+00, 2.014E-02, 1.300E-04, 1.724E-04, 0.000E+00, 2.096E+02, 6.835E+01, 2.865E-02, 6.205E-04, 3.416E+01, 4.609E-03, 2.080E+00
19/05/2019,20:00,9,3.481,3.981,13.564,.988,.019, 1.010E+03, 9.308E+01, 8.767E-02, 3.469E-16, 0.000E+00, 0.000E+00, 0.000E+00, 0.000E+00,-1.172E+01, 3.726E+00, 1.892E+00, 2.269E-01, 1.000E-01,-9.990E+02, 1.000E+00,-9.990E+02, 0.000E+00, 0.000E+00, 0.000E+00, 1.000E+00, 0.000E+00, 0.000E+00, 0.000E+00, 0.000E+00, 2.098E+02, 6.835E+01, 2.918E-02, 0.000E+00, 3.427E+01, 4.607E-03, 2.568E+00
19/05/2019,21:00,9,3.481,3.981,12.751,.995,.007, 1.010E+03, 9.702E+01, 5.726E-03, 3.469E-16, 0.000E+00, 0.000E+00, 0.000E+00, 0.000E+00,-9.215E+00,-2.798E+00, 1.784E+00, 1.518E-01, 1.000E-01,-9.990E+02, 1.000E+00,-9.990E+02, 0.000E+00, 0.000E+00, 0.000E+00, 1.000E+00, 0.000E+00, 0.000E+00, 0.000E+00, 0.000E+00, 2.772E+02, 6.835E+01, 3.433E-02, 0.000E+00, 2.913E+01, 4.583E-03, 2.970E+00
19/05/2019,22:00,9,3.481,3.981,12.267,.993,.010, 1.010E+03, 9.933E+01, 5.726E-03, 3.469E-16, 0.000E+00, 0.000E+00, 0.000E+00, 0.000E+00,-9.215E+00,-2.798E+00, 1.661E+00, 1.517E-01, 1.000E-01,-9.990E+02, 1.000E+00,-9.990E+02, 0.000E+00, 0.000E+00, 0.000E+00, 1.000E+00, 0.000E+00, 0.000E+00, 0.000E+00, 0.000E+00, 2.775E+02, 6.835E+01, 3.477E-02, 0.000E+00, 2.876E+01, 4.590E-03, 3.431E+00
19/05/2019,23:00,9,3.481,3.981,11.783,.990,.014, 1.010E+03, 9.982E+01, 5.726E-03, 3.469E-16, 0.000E+00, 0.000E+00, 0.000E+00, 0.000E+00,-9.215E+00,-2.798E+00, 1.831E+00, 1.515E-01, 1.000E-01,-9.990E+02, 1.000E+00,-9.990E+02, 0.000E+00, 0.000E+00, 0.000E+00, 1.000E+00, 0.000E+00, 0.000E+00, 0.000E+00, 0.000E+00, 2.777E+02, 6.835E+01, 3.522E-02, 0.000E+00, 2.839E+01, 4.598E-03, 3.551E+00
20/05/2019,00:00,9,3.491,3.991,11.300,.988,.017, 1.010E+03, 9.847E+01, 4.857E-05, 3.469E-16, 0.000E+00, 0.000E+00, 0.000E+00, 0.000E+00,-1.714E+01, 5.962E-02, 2.227E+00, 2.446E-01, 1.027E-01,-9.990E+02, 1.000E+00,-9.990E+02, 0.000E+00, 0.000E+00, 0.000E+00, 1.000E+00, 0.000E+00, 0.000E+00, 0.000E+00, 0.000E+00, 2.110E+02, 6.653E+01, 3.096E-02, 0.000E+00, 3.230E+01, 4.742E-03, 3.471E+00
20/05/2019,01:00,9,3.491,3.991,11.188,.973,.036, 1.009E+03, 9.538E+01, 4.857E-05, 3.469E-16, 0.000E+00, 0.000E+00, 0.000E+00, 0.000E+00,-1.714E+01, 5.962E-02, 2.330E+00, 2.446E-01, 1.075E-01,-9.990E+02, 1.000E+00,-9.990E+02, 0.000E+00, 0.000E+00, 0.000E+00, 1.000E+00, 0.000E+00, 0.000E+00, 0.000E+00, 0.000E+00, 2.017E+02, 6.360E+01, 2.692E-02, 0.000E+00, 3.714E+01, 4.812E-03, 2.980E+00
20/05/2019,02:00,9,3.491,3.991,11.077,.959,.055, 1.009E+03, 9.077E+01, 4.857E-05, 3.469E-16, 0.000E+00, 0.000E+00, 0.000E+00, 0.000E+00,-1.714E+01, 5.962E-02, 2.459E+00, 2.446E-01, 1.134E-01,-9.990E+02, 1.000E+00,-9.990E+02, 0.000E+00, 0.000E+00, 0.000E+00, 1.000E+00, 0.000E+00, 0.000E+00, 0.000E+00, 0.000E+00, 1.911E+02, 6.027E+01, 2.030E-02, 0.000E+00, 4.927E+01, 4.739E-03, 2.623E+00
20/05/2019,03:00,9,3.491,3.991,10.965,.944,.073, 1.009E+03, 8.495E+01, 1.293E-03, 3.469E-16, 2.778E+00, 1.692E+01, 2.100E+01, 5.233E+00, 1.614E+01, 4.711E+01, 2.609E+00, 4.053E-01, 1.607E-01, 5.046E-02, 1.000E+00, 2.131E-01, 5.784E-01, 1.000E-02, 1.000E+00, 1.000E+00, 2.131E-03, 1.359E-05, 3.689E-05, 0.000E+00, 9.777E+01, 4.255E+01, 1.765E-02, 6.506E-05, 5.643E+01, 5.990E-03, 2.250E+00
20/05/2019,04:00,9,3.491,3.991,12.193,.877,.175, 1.009E+03, 7.824E+01, 1.293E-03, 3.469E-16, 2.109E+01, 4.672E+01, 6.670E+01, 1.498E+01, 1.614E+01, 4.711E+01, 2.780E+00, 4.062E-01, 1.711E-01, 1.168E-01, 1.000E+00, 5.155E-01, 9.356E-01, 2.742E-02, 1.000E+00, 1.000E+00, 1.414E-02, 9.056E-05, 1.644E-04, 0.000E+00, 9.181E+01, 3.994E+01, 6.773E-03, 4.336E-04, 1.388E+02, 4.124E-03, 1.703E+00
20/05/2019,05:00,9,3.491,3.991,13.421,.811,.293, 1.008E+03, 7.097E+01, 1.293E-03, 3.469E-16, 4.732E+01, 7.829E+01, 9.795E+01, 2.538E+01, 1.614E+01, 4.711E+01, 2.951E+00, 4.071E-01, 1.816E-01, 1.859E-01, 1.000E+00, 7.101E-01, 9.822E-01, 1.927E-01, 1.000E+00, 1.000E+00, 1.369E-01, 8.805E-04, 1.218E-03, 0.000E+00, 8.654E+01, 3.763E+01, 5.000E-03, 4.215E-03, 1.085E+02, 4.848E-03, 2.220E+00
20/05/2019,06:00,9,3.491,3.991,14.649,.744,.430, 1.008E+03, 6.349E+01, 0.000E+00, 3.469E-16, 8.301E+01, 1.047E+02, 1.273E+02, 3.434E+01, 8.195E+01, 1.082E+02, 3.122E+00, 4.704E-01, 2.016E-01, 2.506E-01, 1.000E+00, 8.161E-01, 9.947E-01, 3.427E-01, 1.000E+00, 1.000E+00, 2.797E-01, 1.807E-03, 2.202E-03, 0.000E+00, 7.145E+01, 3.391E+01, 5.000E-03, 8.650E-03, 7.326E+01, 6.252E-03, 2.485E+00
20/05/2019,07:00,9,3.491,3.991,15.771,.702,.538, 1.008E+03, 5.619E+01, 0.000E+00, 3.469E-16, 1.123E+02, 1.254E+02, 1.421E+02, 4.116E+01, 8.195E+01, 1.082E+02, 2.729E+00, 4.713E-01, 1.762E-01, 3.049E-01, 1.000E+00, 8.712E-01, 9.971E-01, 4.661E-01, 1.000E+00, 1.000E+00, 4.061E-01, 2.634E-03, 3.015E-03, 0.000E+00, 8.181E+01, 3.880E+01, 5.000E-03, 1.261E-02, 5.678E+01, 6.411E-03, 2.605E+00
20/05/2019,08:00,9,3.491,3.991,16.892,.660,.659, 1.008E+03, 4.953E+01, 0.000E+00, 3.469E-16, 1.373E+02, 1.396E+02, 1.516E+02, 4.584E+01, 8.195E+01, 1.082E+02, 2.393E+00, 4.722E-01, 1.544E-01, 3.466E-01, 1.000E+00, 9.002E-01, 9.980E-01, 5.768E-01, 1.000E+00, 1.000E+00, 5.192E-01, 3.381E-03, 3.748E-03, 0.000E+00, 9.336E+01, 4.426E+01, 5.000E-03, 1.618E-02, 4.720E+01, 6.235E-03, 2.881E+00
20/05/2019,09:00,9,3.491,3.991,18.014,.618,.796, 1.008E+03, 4.413E+01, 1.841E-01, 3.469E-16, 2.978E+01, 1.399E+02, 6.365E+01, 4.291E+01, 8.513E+01, 1.523E+02, 2.142E+00, 4.333E-01, 1.406E-01, 3.750E-01, 1.000E+00, 8.656E-01, 9.271E-01, 6.746E-01, 1.000E+00, 1.000E+00, 5.839E-01, 3.817E-03, 4.088E-03, 0.000E+00, 9.957E+01, 4.863E+01, 5.000E-03, 1.827E-02, 4.297E+01, 6.008E-03, 3.184E+00
20/05/2019,10:00,9,3.491,3.991,19.010,.620,.844, 1.008E+03, 4.073E+01, 1.841E-01, 3.469E-16, 3.188E+01, 1.463E+02, 6.590E+01, 4.487E+01, 8.513E+01, 1.523E+02, 2.060E+00, 4.341E-01, 1.351E-01, 3.908E-01, 1.000E+00, 8.778E-01, 9.335E-01, 7.507E-01, 1.000E+00, 1.000E+00, 6.590E-01, 4.322E-03, 4.596E-03, 0.000E+00, 1.036E+02, 5.058E+01, 5.000E-03, 2.069E-02, 3.892E+01, 5.975E-03, 3.618E+00
20/05/2019,11:00,9,3.491,3.991,20.006,.622,.893, 1.008E+03, 3.994E+01, 1.841E-01, 3.469E-16, 3.234E+01, 1.477E+02, 6.638E+01, 4.529E+01, 8.513E+01, 1.523E+02, 2.631E+00, 4.348E-01, 1.726E-01, 3.941E-01, 1.000E+00, 8.802E-01, 9.348E-01, 8.167E-01, 1.000E+00, 1.000E+00, 7.189E-01, 4.731E-03, 5.024E-03, 0.000E+00, 8.119E+01, 3.961E+01, 5.000E-03, 2.265E-02, 3.616E+01, 7.312E-03, 3.753E+00
20/05/2019,12:00,9,3.491,3.991,21.003,.624,.946, 1.008E+03, 4.196E+01, 2.766E-01, 3.469E-16, 3.478E+02, 7.474E+01, 2.651E+02, 3.121E+01, 9.200E+01, 1.802E+02, 3.554E+00, 4.796E-01, 2.302E-01, 3.853E-01, 1.000E+00, 8.297E-01, 1.000E+00, 8.726E-01, 1.000E+00, 1.000E+00, 7.240E-01, 4.781E-03, 5.762E-03, 0.000E+00, 6.222E+01, 2.970E+01, 5.000E-03, 2.289E-02, 3.586E+01, 8.955E-03, 3.309E+00
20/05/2019,13:00,9,3.491,3.991,21.103,.646,.897, 1.007E+03, 4.635E+01, 2.766E-01, 3.469E-16, 3.168E+02, 7.795E+01, 2.613E+02, 3.184E+01, 9.200E+01, 1.802E+02, 3.068E+00, 4.798E-01, 1.987E-01, 3.639E-01, 1.000E+00, 8.283E-01, 1.000E+00, 8.776E-01, 1.000E+00, 1.000E+00, 7.269E-01, 4.802E-03, 5.797E-03, 0.000E+00, 7.208E+01, 3.440E+01, 5.000E-03, 2.299E-02, 3.573E+01, 8.094E-03, 2.610E+00
20/05/2019,14:00,9,3.491,3.991,21.203,.668,.847, 1.007E+03, 5.239E+01, 2.766E-01, 3.469E-16, 2.705E+02, 8.022E+01, 2.535E+02, 3.189E+01, 9.200E+01, 1.802E+02, 2.589E+00, 4.799E-01, 1.677E-01, 3.296E-01, 1.000E+00, 8.194E-01, 1.000E+00, 8.826E-01, 1.000E+00, 1.000E+00, 7.232E-01, 4.779E-03, 5.832E-03, 0.000E+00, 8.543E+01, 4.077E+01, 5.000E-03, 2.288E-02, 3.587E+01, 7.145E-03, 2.345E+00
20/05/2019,15:00,9,3.491,3.991,21.303,.689,.797, 1.007E+03, 5.939E+01, 1.667E-01, 3.469E-16, 2.128E+02, 7.881E+01, 2.394E+02, 3.047E+01,-6.803E+00, 8.719E+01, 2.120E+00, 2.350E-01, 1.115E-01, 2.822E-01, 1.000E+00, 7.950E-01, 9.999E-01, 8.874E-01, 1.000E+00, 1.000E+00, 7.055E-01, 4.663E-03, 5.866E-03, 0.000E+00, 1.704E+02, 6.128E+01, 5.000E-03, 2.233E-02, 3.659E+01, 5.029E-03, 2.097E+00
20/05/2019,16:00,9,3.491,3.991,20.566,.732,.656, 1.007E+03, 6.682E+01, 1.667E-01, 3.469E-16, 1.480E+02, 7.114E+01, 2.146E+02, 2.668E+01,-6.803E+00, 8.719E+01, 1.929E+00, 2.347E-01, 1.014E-01, 2.229E-01, 1.000E+00, 7.406E-01, 9.999E-01, 8.493E-01, 1.000E+00, 1.000E+00, 6.290E-01, 4.148E-03, 5.599E-03, 0.000E+00, 1.875E+02, 6.739E+01, 5.000E-03, 1.986E-02, 4.023E+01, 4.573E-03, 2.005E+00
20/05/2019,17:00,9,3.491,3.991,19.828,.775,.527, 1.007E+03, 7.423E+01, 1.667E-01, 3.469E-16, 8.287E+01, 5.620E+01, 1.727E+02, 2.025E+01,-6.803E+00, 8.719E+01, 1.783E+00, 2.344E-01, 1.000E-01, 1.555E-01, 1.000E+00, 6.327E-01, 9.992E-01, 8.056E-01, 1.000E+00, 1.000E+00, 5.098E-01, 3.353E-03, 5.294E-03, 0.000E+00, 1.902E+02, 6.835E+01, 5.000E-03, 1.605E-02, 4.750E+01, 4.376E-03, 1.992E+00
20/05/2019,18:00,9,3.491,3.991,19.091,.818,.407, 1.007E+03, 8.126E+01, 2.563E-04, 3.469E-16, 2.714E+01, 3.480E+01, 1.011E+02, 1.171E+01,-2.556E+01, 3.793E+00, 1.694E+00, 2.325E-01, 1.000E-01, 8.701E-02, 1.000E+00, 4.347E-01, 9.843E-01, 7.564E-01, 1.000E+00, 1.000E+00, 3.288E-01, 2.157E-03, 4.885E-03, 0.000E+00, 2.526E+02, 6.835E+01, 5.000E-03, 1.033E-02, 6.524E+01, 3.968E-03, 2.470E+00
20/05/2019,19:00,9,3.491,3.991,17.334,.858,.284, 1.008E+03, 8.759E+01, 2.563E-04, 3.469E-16, 3.163E-01, 1.008E+01, 6.816E+00, 3.053E+00,-2.556E+01, 3.793E+00, 1.822E+00, 2.317E-01, 1.000E-01, 2.408E-02, 1.000E+00, 1.211E-01, 2.445E-01, 6.169E-01, 1.000E+00, 1.000E+00, 7.468E-02, 4.870E-04, 9.834E-04, 0.000E+00, 2.534E+02, 6.835E+01, 5.000E-03, 2.332E-03, 1.364E+02, 3.094E-03, 3.020E+00
20/05/2019,20:00,9,3.491,3.991,15.578,.898,.182, 1.008E+03, 9.288E+01, 2.563E-04, 3.469E-16, 0.000E+00, 0.000E+00, 0.000E+00, 0.000E+00,-2.556E+01, 3.793E+00, 1.989E+00, 2.310E-01, 1.000E-01,-9.990E+02, 1.000E+00,-9.990E+02, 0.000E+00, 0.000E+00, 0.000E+00, 1.000E+00, 0.000E+00, 0.000E+00, 0.000E+00, 0.000E+00, 2.542E+02, 6.835E+01, 7.725E-03, 0.000E+00, 1.294E+02, 3.161E-03, 2.988E+00
20/05/2019,21:00,9,3.491,3.991,13.821,.938,.098, 1.008E+03, 9.682E+01, 0.000E+00, 3.469E-16, 0.000E+00, 0.000E+00, 0.000E+00, 0.000E+00,-8.430E+00,-5.810E+00, 2.185E+00, 1.262E-01, 1.000E-01,-9.990E+02, 1.000E+00,-9.990E+02, 0.000E+00, 0.000E+00, 0.000E+00, 1.000E+00, 0.000E+00, 0.000E+00, 0.000E+00, 0.000E+00, 3.421E+02, 6.835E+01, 1.420E-02, 0.000E+00, 7.042E+01, 3.766E-03, 2.909E+00
20/05/2019,22:00,9,3.491,3.991,13.095,.950,.075, 1.008E+03, 9.912E+01, 0.000E+00, 3.469E-16, 0.000E+00, 0.000E+00, 0.000E+00, 0.000E+00,-8.430E+00,-5.810E+00, 1.831E+00, 1.260E-01, 1.000E-01,-9.990E+02, 1.000E+00,-9.990E+02, 0.000E+00, 0.000E+00, 0.000E+00, 1.000E+00, 0.000E+00, 0.000E+00, 0.000E+00, 0.000E+00, 3.428E+02, 6.835E+01, 1.922E-02, 0.000E+00, 5.202E+01, 4.046E-03, 3.014E+00
20/05/2019,23:00,9,3.491,3.991,12.369,.963,.054, 1.008E+03, 9.962E+01, 0.000E+00, 3.469E-16, 0.000E+00, 0.000E+00, 0.000E+00, 0.000E+00,-8.430E+00,-5.810E+00, 1.944E+00, 1.258E-01, 1.000E-01,-9.990E+02, 1.000E+00,-9.990E+02, 0.000E+00, 0.000E+00, 0.000E+00, 1.000E+00, 0.000E+00, 0.000E+00, 0.000E+00, 0.000E+00, 3.434E+02, 6.835E+01, 2.259E-02, 0.000E+00, 4.427E+01, 4.176E-03, 3.241E+00
21/05/2019,00:00,9,3.491,3.991,11.643,.975,.035, 1.008E+03, 9.827E+01, 0.000E+00, 3.469E-16, 0.000E+00, 0.000E+00, 0.000E+00, 0.000E+00,-1.854E+01, 3.347E+00, 2.460E+00, 2.516E-01, 1.136E-01,-9.990E+02, 1.000E+00,-9.990E+02, 0.000E+00, 0.000E+00, 0.000E+00, 1.000E+00, 0.000E+00, 0.000E+00, 0.000E+00, 0.000E+00, 1.906E+02, 6.017E+01, 2.657E-02, 0.000E+00, 3.763E+01, 5.022E-03, 3.447E+00
21/05/2019,01:00,9,3.491,3.991,11.213,.963,.050, 1.008E+03, 9.518E+01, 0.000E+00, 3.469E-16, 0.000E+00, 0.000E+00, 0.000E+00, 0.000E+00,-1.854E+01, 3.347E+00, 2.353E+00, 2.514E-01, 1.086E-01,-9.990E+02, 1.000E+00,-9.990E+02, 0.000E+00, 0.000E+00, 0.000E+00, 1.000E+00, 0.000E+00, 0.000E+00, 0.000E+00, 0.000E+00, 1.995E+02, 6.293E+01, 2.332E-02, 0.000E+00, 4.288E+01, 4.722E-03, 3.187E+00
21/05/2019,02:00,9,3.491,3.991,10.784,.951,.064, 1.008E+03, 9.059E+01, 0.000E+00, 3.469E-16, 0.000E+00, 0.000E+00, 0.000E+00, 0.000E+00,-1.854E+01, 3.347E+00, 2.256E+00, 2.512E-01, 1.041E-01,-9.990E+02, 1.000E+00,-9.990E+02, 0.000E+00, 0.000E+00, 0.000E+00, 1.000E+00, 0.000E+00, 0.000E+00, 0.000E+00, 0.000E+00, 2.083E+02, 6.569E+01, 2.048E-02, 0.000E+00, 4.883E+01, 4.442E-03, 2.981E+00
21/05/2019,03:00,9,3.491,3.991,10.355,.939,.077, 1.008E+03, 8.477E+01, 8.390E-05, 3.469E-16, 7.250E+00, 2.160E+01, 4.664E+01, 6.857E+00, 4.515E+01, 4.158E+01, 2.168E+00, 3.697E-01, 1.410E-01, 5.219E-02, 1.000E+00, 2.774E-01, 8.532E-01, 1.000E-02, 1.000E+00, 1.000E+00, 2.774E-03, 1.766E-05, 5.430E-05, 0.000E+00, 1.009E+02, 4.848E+01, 1.560E-02, 8.454E-05, 6.377E+01, 5.338E-03, 2.962E+00
21/05/2019,04:00,9,3.491,3.991,12.377,.871,.187, 1.008E+03, 7.807E+01, 8.390E-05, 3.469E-16, 5.092E+01, 4.540E+01, 1.390E+02, 1.586E+01, 4.515E+01, 4.158E+01, 2.241E+00, 3.710E-01, 1.456E-01, 1.184E-01, 1.000E+00, 5.404E-01, 9.967E-01, 5.318E-02, 1.000E+00, 1.000E+00, 2.874E-02, 1.842E-04, 3.397E-04, 0.000E+00, 9.781E+01, 4.694E+01, 6.243E-03, 8.818E-04, 1.404E+02, 3.845E-03, 2.820E+00
21/05/2019,05:00,9,3.491,3.991,14.400,.803,.325, 1.008E+03, 7.081E+01, 8.390E-05, 3.469E-16, 1.127E+02, 6.408E+01, 1.950E+02, 2.357E+01, 4.515E+01, 4.158E+01, 2.333E+00, 3.724E-01, 1.515E-01, 1.874E-01, 1.000E+00, 6.917E-01, 9.997E-01, 3.134E-01, 1.000E+00, 1.000E+00, 2.168E-01, 1.400E-03, 2.023E-03, 0.000E+00, 9.411E+01, 4.512E+01, 5.000E-03, 6.701E-03, 8.546E+01, 4.986E-03, 3.202E+00
21/05/2019,06:00,9,3.491,3.991,16.422,.735,.499, 1.008E+03, 6.333E+01, 3.054E-02, 3.469E-16, 1.785E+02, 7.552E+01, 2.275E+02, 2.874E+01, 1.425E+02, 1.378E+02, 2.441E+00, 4.971E-01, 1.612E-01, 2.519E-01, 1.000E+00, 7.706E-01, 9.999E-01, 5.320E-01, 1.000E+00, 1.000E+00, 4.099E-01, 2.665E-03, 3.458E-03, 0.000E+00, 8.584E+01, 4.239E+01, 5.000E-03, 1.276E-02, 5.631E+01, 6.111E-03, 3.316E+00
21/05/2019,07:00,9,3.491,3.991,18.101,.687,.656, 1.008E+03, 5.602E+01, 3.054E-02, 3.469E-16, 2.409E+02, 8.008E+01, 2.469E+02, 3.137E+01, 1.425E+02, 1.378E+02, 2.517E+00, 4.986E-01, 1.661E-01, 3.061E-01, 1.000E+00, 8.090E-01, 1.000E+00, 6.816E-01, 1.000E+00, 1.000E+00, 5.515E-01, 3.606E-03, 4.457E-03, 0.000E+00, 8.340E+01, 4.115E+01, 5.000E-03, 1.726E-02, 4.492E+01, 6.706E-03, 3.293E+00
21/05/2019,08:00,9,3.491,3.991,19.779,.640,.840, 1.008E+03, 4.936E+01, 3.054E-02, 3.469E-16, 2.942E+02, 7.945E+01, 2.578E+02, 3.200E+01, 1.425E+02, 1.378E+02, 2.596E+00, 5.000E-01, 1.713E-01, 3.476E-01, 1.000E+00, 8.250E-01, 1.000E+00, 8.026E-01, 1.000E+00, 1.000E+00, 6.621E-01, 4.354E-03, 5.277E-03, 0.000E+00, 8.097E+01, 3.991E+01, 5.000E-03, 2.085E-02, 3.869E+01, 7.153E-03, 3.433E+00
21/05/2019,09:00,9,3.491,3.991,21.458,.592,1.057, 1.008E+03, 4.395E+01, 5.951E-03, 3.469E-16, 3.345E+02, 7.645E+01, 2.639E+02, 3.159E+01, 2.086E+02, 1.989E+02, 2.679E+00, 6.291E-01, 1.736E-01, 3.759E-01, 1.000E+00, 8.298E-01, 1.000E+00, 8.947E-01, 1.000E+00, 1.000E+00, 7.425E-01, 4.910E-03, 5.917E-03, 0.000E+00, 8.249E+01, 3.938E+01, 5.000E-03, 2.351E-02, 3.508E+01, 7.374E-03, 3.670E+00
21/05/2019,10:00,9,3.491,3.991,22.234,.572,1.165, 1.008E+03, 4.053E+01, 5.951E-03, 3.469E-16, 3.580E+02, 7.358E+01, 2.665E+02, 3.097E+01, 2.086E+02, 1.989E+02, 3.001E+00, 6.299E-01, 1.944E-01, 3.916E-01, 1.000E+00, 8.298E-01, 1.000E+00, 9.277E-01, 1.000E+00, 1.000E+00, 7.697E-01, 5.104E-03, 6.151E-03, 0.000E+00, 7.368E+01, 3.517E+01, 5.000E-03, 2.444E-02, 3.397E+01, 8.081E-03, 3.914E+00
21/05/2019,11:00,9,3.491,3.991,23.011,.551,1.280, 1.007E+03, 3.974E+01, 5.951E-03, 3.469E-16, 3.632E+02, 7.284E+01, 2.670E+02, 3.079E+01, 2.086E+02, 1.989E+02, 3.400E+00, 6.308E-01, 2.202E-01, 3.950E-01, 1.000E+00, 8.295E-01, 1.000E+00, 9.544E-01, 1.000E+00, 1.000E+00, 7.917E-01, 5.264E-03, 6.345E-03, 0.000E+00, 6.507E+01, 3.104E+01, 5.000E-03, 2.520E-02, 3.311E+01, 8.899E-03, 3.762E+00
21/05/2019,12:00,9,3.491,3.991,23.788,.531,1.404, 1.007E+03, 4.176E+01, 1.790E-02, 3.469E-16, 3.430E+02, 7.324E+01, 2.606E+02, 3.062E+01, 1.228E+02, 1.879E+02, 3.853E+00, 5.363E-01, 2.489E-01, 3.862E-01, 1.000E+00, 8.258E-01, 1.000E+00, 9.750E-01, 9.393E-01, 1.000E+00, 7.562E-01, 5.041E-03, 6.105E-03, 0.000E+00, 5.780E+01, 2.746E+01, 5.000E-03, 2.414E-02, 3.432E+01, 9.569E-03, 3.243E+00
21/05/2019,13:00,9,3.491,3.991,23.763,.533,1.397, 1.007E+03, 4.616E+01, 1.790E-02, 3.469E-16, 3.126E+02, 7.645E+01, 2.569E+02, 3.125E+01, 1.228E+02, 1.879E+02, 3.476E+00, 5.364E-01, 2.246E-01, 3.649E-01, 1.000E+00, 8.244E-01, 1.000E+00, 9.745E-01, 9.437E-01, 1.000E+00, 7.581E-01, 5.053E-03, 6.129E-03, 0.000E+00, 6.407E+01, 3.044E+01, 5.000E-03, 2.419E-02, 3.426E+01, 8.924E-03, 2.946E+00
21/05/2019,14:00,9,3.491,3.991,23.738,.535,1.389, 1.007E+03, 5.220E+01, 1.790E-02, 3.469E-16, 2.672E+02, 7.877E+01, 2.493E+02, 3.134E+01, 1.228E+02, 1.879E+02, 3.098E+00, 5.364E-01, 2.002E-01, 3.307E-01, 1.000E+00, 8.156E-01, 1.000E+00, 9.739E-01, 9.481E-01, 1.000E+00, 7.531E-01, 5.019E-03, 6.154E-03, 0.000E+00, 7.187E+01, 3.414E+01, 5.000E-03, 2.403E-02, 3.445E+01, 8.216E-03, 2.706E+00
21/05/2019,15:00,9,3.491,3.991,23.713,.536,1.381, 1.006E+03, 5.921E+01, 1.590E-02, 3.469E-16, 2.053E+02, 7.557E+01, 2.298E+02, 2.924E+01, 2.196E+00, 8.621E+01, 2.721E+00, 3.931E-01, 1.627E-01, 2.835E-01, 1.000E+00, 7.847E-01, 9.999E-01, 9.733E-01, 9.526E-01, 1.000E+00, 7.276E-01, 4.849E-03, 6.178E-03, 0.000E+00, 1.021E+02, 4.201E+01, 5.000E-03, 2.321E-02, 3.544E+01, 6.883E-03, 2.447E+00
21/05/2019,16:00,9,3.491,3.991,22.209,.603,1.079, 1.007E+03, 6.664E+01, 1.590E-02, 3.469E-16, 1.433E+02, 6.839E+01, 2.064E+02, 2.567E+01, 2.196E+00, 8.621E+01, 2.684E+00, 3.921E-01, 1.605E-01, 2.244E-01, 1.000E+00, 7.301E-01, 9.998E-01, 9.267E-01, 1.000E+00, 1.000E+00, 6.766E-01, 4.486E-03, 6.143E-03, 0.000E+00, 1.035E+02, 4.258E+01, 5.000E-03, 2.148E-02, 3.777E+01, 6.706E-03, 2.214E+00
21/05/2019,17:00,9,3.491,3.991,20.704,.669,.818, 1.007E+03, 7.405E+01, 1.590E-02, 3.469E-16, 8.087E+01, 5.426E+01, 1.667E+02, 1.958E+01, 2.196E+00, 8.621E+01, 2.753E+00, 3.910E-01, 1.646E-01, 1.572E-01, 1.000E+00, 6.231E-01, 9.989E-01, 8.569E-01, 1.000E+00, 1.000E+00, 5.340E-01, 3.522E-03, 5.647E-03, 0.000E+00, 1.009E+02, 4.152E+01, 5.000E-03, 1.686E-02, 4.574E+01, 6.480E-03, 2.045E+00
21/05/2019,18:00,9,3.491,3.991,19.200,.735,.595, 1.007E+03, 8.108E+01, 8.390E-05, 3.469E-16, 6.872E+00, 3.051E+01, 3.166E+01, 9.501E+00,-2.033E+01, 1.560E+01, 2.920E+00, 3.853E-01, 1.595E-01, 8.881E-02, 1.000E+00, 3.594E-01, 7.281E-01, 7.641E-01, 1.000E+00, 1.000E+00, 2.746E-01, 1.802E-03, 3.651E-03, 0.000E+00, 1.148E+02, 4.287E+01, 5.000E-03, 8.629E-03, 7.337E+01, 5.363E-03, 1.981E+00
21/05/2019,19:00,9,3.491,3.991,17.493,.773,.459, 1.007E+03, 8.740E+01, 8.390E-05, 3.469E-16, 1.132E-01, 6.519E+00, 3.219E+00, 1.970E+00,-2.033E+01, 1.560E+01, 2.764E+00, 3.841E-01, 1.509E-01, 2.595E-02, 1.000E+00, 7.903E-02, 1.240E-01, 6.308E-01, 1.000E+00, 1.000E+00, 4.985E-02, 3.252E-04, 5.104E-04, 0.000E+00, 1.215E+02, 4.531E+01, 5.000E-03, 1.557E-03, 1.525E+02, 3.676E-03, 1.994E+00
21/05/2019,20:00,9,3.491,3.991,15.786,.810,.344, 1.008E+03, 9.269E+01, 8.390E-05, 3.469E-16, 0.000E+00, 0.000E+00, 0.000E+00, 0.000E+00,-2.033E+01, 1.560E+01, 2.630E+00, 3.829E-01, 1.434E-01,-9.990E+02, 1.000E+00,-9.990E+02, 0.000E+00, 0.000E+00, 0.000E+00, 1.000E+00, 0.000E+00, 0.000E+00, 0.000E+00, 0.000E+00, 1.279E+02, 4.766E+01, 5.000E-03, 0.000E+00, 2.000E+02, 3.070E-03, 2.083E+00
21/05/2019,21:00,9,3.491,3.991,14.079,.847,.248, 1.008E+03, 9.662E+01, 1.277E-01, 3.469E-16, 0.000E+00, 0.000E+00, 0.000E+00, 0.000E+00, 2.130E+00, 1.484E+01, 2.520E+00, 3.661E-01, 1.509E-01,-9.990E+02, 1.000E+00,-9.990E+02, 0.000E+00, 0.000E+00, 0.000E+00, 1.000E+00, 0.000E+00, 0.000E+00, 0.000E+00, 0.000E+00, 1.098E+02, 4.530E+01, 5.000E-03, 0.000E+00, 2.000E+02, 3.140E-03, 2.199E+00
21/05/2019,22:00,9,3.491,3.991,13.266,.876,.191, 1.008E+03, 9.892E+01, 1.277E-01, 3.469E-16, 0.000E+00, 0.000E+00, 0.000E+00, 0.000E+00, 2.130E+00, 1.484E+01, 2.538E+00, 3.656E-01, 1.520E-01,-9.990E+02, 1.000E+00,-9.990E+02, 0.000E+00, 0.000E+00, 0.000E+00, 1.000E+00, 0.000E+00, 0.000E+00, 0.000E+00, 0.000E+00, 1.090E+02, 4.497E+01, 6.106E-03, 0.000E+00, 1.638E+02, 3.554E-03, 2.042E+00
21/05/2019,23:00,9,3.491,3.991,12.453,.904,.139, 1.008E+03, 9.942E+01, 1.277E-01, 3.469E-16, 0.000E+00, 0.000E+00, 0.000E+00, 0.000E+00, 2.130E+00, 1.484E+01, 2.578E+00, 3.651E-01, 1.543E-01,-9.990E+02, 1.000E+00,-9.990E+02, 0.000E+00, 0.000E+00, 0.000E+00, 1.000E+00, 0.000E+00, 0.000E+00, 0.000E+00, 0.000E+00, 1.074E+02, 4.429E+01, 9.564E-03, 0.000E+00, 1.046E+02, 4.538E-03, 1.571E+00
22/05/2019,00:00,9,3.491,3.991,11.641,.933,.092, 1.008E+03, 9.808E+01, 1.990E-01, 3.469E-16, 0.000E+00, 0.000E+00, 0.000E+00, 0.000E+00, 1.044E+01, 1.740E+01, 2.637E+00, 3.843E-01, 1.612E-01,-9.990E+02, 1.000E+00,-9.990E+02, 0.000E+00, 0.000E+00, 0.000E+00, 1.000E+00, 0.000E+00, 0.000E+00, 0.000E+00, 0.000E+00, 9.877E+01, 4.241E+01, 1.501E-02, 0.000E+00, 6.664E+01, 5.650E-03, 1.277E+00
22/05/2019,01:00,9,3.491,3.991,10.829,.937,.082, 1.008E+03, 9.500E+01, 1.990E-01, 3.469E-16, 0.000E+00, 0.000E+00, 0.000E+00, 0.000E+00, 1.044E+01, 1.740E+01, 2.584E+00, 3.837E-01, 1.580E-01,-9.990E+02, 1.000E+00,-9.990E+02, 0.000E+00, 0.000E+00, 0.000E+00, 1.000E+00, 0.000E+00, 0.000E+00, 0.000E+00, 0.000E+00, 1.008E+02, 4.327E+01, 1.537E-02, 0.000E+00, 6.507E+01, 5.628E-03, 1.142E+00
22/05/2019,02:00,9,3.491,3.991,10.018,.941,.073, 1.008E+03, 9.041E+01, 1.990E-01, 3.469E-16, 0.000E+00, 0.000E+00, 0.000E+00, 0.000E+00, 1.044E+01, 1.740E+01, 2.531E+00, 3.832E-01, 1.547E-01,-9.990E+02, 1.000E+00,-9.990E+02, 0.000E+00, 0.000E+00, 0.000E+00, 1.000E+00, 0.000E+00, 0.000E+00, 0.000E+00, 0.000E+00, 1.028E+02, 4.417E+01, 1.819E-02, 0.000E+00, 5.496E+01, 5.885E-03, 1.067E+00
22/05/2019,03:00,9,3.491,3.991,9.206,.945,.064, 1.008E+03, 8.460E+01, 1.535E-01, 3.469E-16, 7.700E+00, 2.153E+01, 4.780E+01, 6.854E+00, 3.685E+01, 5.838E+01, 2.478E+00, 3.726E-01, 1.592E-01, 5.386E-02, 1.000E+00, 2.787E-01, 8.600E-01, 1.000E-02, 1.000E+00, 1.000E+00, 2.787E-03, 1.767E-05, 5.451E-05, 0.000E+00, 9.135E+01, 4.295E+01, 1.872E-02, 8.459E-05, 5.318E+01, 6.128E-03, 1.088E+00
22/05/2019,04:00,9,3.491,3.991,10.053,.921,.098, 1.008E+03, 7.791E+01, 1.535E-01, 3.469E-16, 5.046E+01, 4.437E+01, 1.360E+02, 1.552E+01, 3.685E+01, 5.838E+01, 2.296E+00, 3.732E-01, 1.474E-01, 1.200E-01, 1.000E+00, 5.347E-01, 9.963E-01, 1.000E-02, 1.000E+00, 1.000E+00, 5.347E-03, 3.400E-05, 6.334E-05, 0.000E+00, 9.864E+01, 4.636E+01, 1.366E-02, 1.628E-04, 7.237E+01, 5.232E-03, 1.194E+00
22/05/2019,05:00,9,3.491,3.991,10.900,.896,.135, 1.008E+03, 7.065E+01, 1.535E-01, 3.469E-16, 1.103E+02, 6.226E+01, 1.893E+02, 2.292E+01, 3.685E+01, 5.838E+01, 2.116E+00, 3.737E-01, 1.359E-01, 1.888E-01, 1.000E+00, 6.839E-01, 9.996E-01, 1.000E-02, 1.000E+00, 1.000E+00, 6.839E-03, 4.361E-05, 6.374E-05, 0.000E+00, 1.071E+02, 5.031E+01, 8.660E-03, 2.088E-04, 1.128E+02, 4.138E-03, 1.330E+00
22/05/2019,06:00,9,3.491,3.991,11.747,.872,.177, 1.008E+03, 6.317E+01, 6.033E-03, 3.469E-16, 1.800E+02, 7.579E+01, 2.283E+02, 2.886E+01, 1.682E+02, 1.302E+02, 1.939E+00, 4.014E-01, 1.358E-01, 2.531E-01, 1.000E+00, 7.721E-01, 9.999E-01, 1.000E-02, 1.000E+00, 1.000E+00, 7.721E-03, 4.938E-05, 6.395E-05, 0.000E+00, 9.197E+01, 5.032E+01, 6.350E-03, 2.364E-04, 1.518E+02, 3.632E-03, 1.632E+00
22/05/2019,07:00,9,3.491,3.991,13.968,.803,.317, 1.008E+03, 5.586E+01, 6.033E-03, 3.469E-16, 2.425E+02, 8.023E+01, 2.475E+02, 3.145E+01, 1.682E+02, 1.302E+02, 1.778E+00, 4.029E-01, 1.244E-01, 3.072E-01, 1.000E+00, 8.099E-01, 1.000E+00, 2.614E-01, 1.000E+00, 1.000E+00, 2.117E-01, 1.364E-03, 1.685E-03, 0.000E+00, 1.006E+02, 5.494E+01, 5.000E-03, 6.532E-03, 8.672E+01, 4.512E-03, 2.091E+00
22/05/2019,08:00,9,3.491,3.991,16.188,.733,.495, 1.008E+03, 4.919E+01, 6.033E-03, 3.469E-16, 2.958E+02, 7.949E+01, 2.584E+02, 3.204E+01, 1.682E+02, 1.302E+02, 1.626E+00, 4.045E-01, 1.137E-01, 3.485E-01, 1.000E+00, 8.256E-01, 1.000E+00, 5.088E-01, 1.000E+00, 1.000E+00, 4.201E-01, 2.728E-03, 3.305E-03, 0.000E+00, 1.103E+02, 6.013E+01, 5.000E-03, 1.306E-02, 5.536E+01, 4.923E-03, 2.422E+00
22/05/2019,09:00,9,3.491,3.991,18.409,.663,.720, 1.008E+03, 4.377E+01, 1.855E-02, 3.469E-16, 3.164E+02, 7.193E+01, 2.489E+02, 2.975E+01, 2.254E+02, 1.743E+02, 1.486E+00, 3.725E-01, 1.091E-01, 3.768E-01, 1.000E+00, 8.167E-01, 1.000E+00, 7.060E-01, 1.000E+00, 1.000E+00, 5.765E-01, 3.774E-03, 4.621E-03, 0.000E+00, 1.057E+02, 6.266E+01, 5.000E-03, 1.807E-02, 4.335E+01, 5.189E-03, 2.723E+00
22/05/2019,10:00,9,3.491,3.991,19.802,.624,.877, 1.008E+03, 4.034E+01, 1.855E-02, 3.469E-16, 3.386E+02, 6.918E+01, 2.512E+02, 2.915E+01, 2.254E+02, 1.743E+02, 1.344E+00, 3.735E-01, 1.000E-01, 3.924E-01, 1.000E+00, 8.168E-01, 1.000E+00, 8.040E-01, 1.000E+00, 1.000E+00, 6.567E-01, 4.319E-03, 5.287E-03, 0.000E+00, 1.155E+02, 6.835E+01, 5.000E-03, 2.068E-02, 3.895E+01, 4.951E-03, 2.843E+00
22/05/2019,11:00,9,3.491,3.991,21.196,.586,1.056, 1.007E+03, 3.955E+01, 1.855E-02, 3.469E-16, 3.435E+02, 6.846E+01, 2.517E+02, 2.898E+01, 2.254E+02, 1.743E+02, 1.349E+00, 3.745E-01, 1.000E-01, 3.958E-01, 1.000E+00, 8.165E-01, 1.000E+00, 8.822E-01, 1.000E+00, 1.000E+00, 7.204E-01, 4.760E-03, 5.829E-03, 0.000E+00, 1.156E+02, 6.835E+01, 5.000E-03, 2.279E-02, 3.598E+01, 5.023E-03, 2.920E+00
22/05/2019,12:00,9,3.491,3.991,22.589,.547,1.258, 1.007E+03, 4.157E+01, 2.434E-03, 3.469E-16, 3.511E+02, 7.448E+01, 2.658E+02, 3.117E+01, 1.799E+02, 1.770E+02, 1.498E+00, 6.027E-01, 1.000E-01, 3.870E-01, 1.000E+00, 8.299E-01, 1.000E+00, 9.407E-01, 1.000E+00, 1.000E+00, 7.807E-01, 5.183E-03, 6.245E-03, 0.000E+00, 1.434E+02, 6.835E+01, 5.000E-03, 2.481E-02, 3.354E+01, 4.805E-03, 2.739E+00
22/05/2019,13:00,9,3.491,3.991,21.821,.553,1.185, 1.007E+03, 4.597E+01, 2.434E-03, 3.469E-16, 3.201E+02, 7.780E+01, 2.621E+02, 3.184E+01, 1.799E+02, 1.770E+02, 2.075E+00, 6.020E-01, 1.343E-01, 3.659E-01, 1.000E+00, 8.288E-01, 1.000E+00, 9.109E-01, 1.000E+00, 1.000E+00, 7.550E-01, 4.999E-03, 6.032E-03, 0.000E+00, 1.067E+02, 5.089E+01, 5.000E-03, 2.393E-02, 3.456E+01, 6.079E-03, 2.375E+00
22/05/2019,14:00,9,3.491,3.991,21.053,.559,1.115, 1.007E+03, 5.202E+01, 2.434E-03, 3.469E-16, 2.738E+02, 8.026E+01, 2.545E+02, 3.196E+01, 1.799E+02, 1.770E+02, 2.747E+00, 6.012E-01, 1.779E-01, 3.318E-01, 1.000E+00, 8.205E-01, 1.000E+00, 8.751E-01, 1.000E+00, 1.000E+00, 7.181E-01, 4.742E-03, 5.780E-03, 0.000E+00, 8.057E+01, 3.843E+01, 5.000E-03, 2.271E-02, 3.609E+01, 7.451E-03, 2.141E+00
22/05/2019,15:00,9,3.491,3.991,20.284,.564,1.049, 1.006E+03, 5.904E+01, 3.533E-05, 3.469E-16, 2.156E+02, 7.892E+01, 2.401E+02, 3.055E+01, 3.726E+01, 9.952E+01, 3.460E+00, 5.665E-01, 2.121E-01, 2.848E-01, 1.000E+00, 7.964E-01, 9.999E-01, 8.333E-01, 1.000E+00, 1.000E+00, 6.637E-01, 4.372E-03, 5.489E-03, 0.000E+00, 7.469E+01, 3.223E+01, 5.000E-03, 2.093E-02, 3.856E+01, 8.171E-03, 1.940E+00
22/05/2019,16:00,9,3.491,3.991,19.030,.605,.878, 1.007E+03, 6.646E+01, 3.533E-05, 3.469E-16, 1.510E+02, 7.158E+01, 2.159E+02, 2.689E+01, 3.726E+01, 9.952E+01, 3.248E+00, 5.652E-01, 1.991E-01, 2.259E-01, 1.000E+00, 7.438E-01, 9.999E-01, 7.522E-01, 1.000E+00, 1.000E+00, 5.595E-01, 3.670E-03, 4.933E-03, 0.000E+00, 7.952E+01, 3.433E+01, 5.000E-03, 1.757E-02, 4.431E+01, 7.487E-03, 1.867E+00
22/05/2019,17:00,9,3.491,3.991,17.777,.646,.727, 1.007E+03, 7.387E+01, 3.533E-05, 3.469E-16, 8.585E+01, 5.703E+01, 1.751E+02, 2.060E+01, 3.726E+01, 9.952E+01, 3.038E+00, 5.640E-01, 1.863E-01, 1.588E-01, 1.000E+00, 6.394E-01, 9.993E-01, 6.550E-01, 1.000E+00, 1.000E+00, 4.188E-01, 2.735E-03, 4.274E-03, 0.000E+00, 8.497E+01, 3.669E+01, 5.000E-03, 1.309E-02, 5.527E+01, 6.637E-03, 1.627E+00
22/05/2019,18:00,9,3.491,3.991,16.523,.687,.594, 1.007E+03, 8.090E+01, 3.533E-05, 3.469E-16, 2.963E+01, 3.604E+01, 1.059E+02, 1.219E+01,-2.448E+01, 1.362E+01, 2.831E+00, 3.133E-01, 1.406E-01, 9.057E-02, 1.000E+00, 4.480E-01, 9.872E-01, 5.417E-01, 1.000E+00, 1.000E+00, 2.427E-01, 1.578E-03, 3.478E-03, 0.000E+00, 1.432E+02, 4.862E+01, 5.000E-03, 7.556E-03, 7.964E+01, 4.782E-03, 1.532E+00
22/05/2019,19:00,9,3.491,3.991,14.862,.763,.402, 1.007E+03, 8.722E+01, 3.533E-05, 3.469E-16, 6.551E-01, 1.161E+01, 1.029E+01, 3.532E+00,-2.448E+01, 1.362E+01, 2.643E+00, 3.124E-01, 1.311E-01, 2.777E-02, 1.000E+00, 1.410E-01, 3.450E-01, 3.670E-01, 1.000E+00, 1.000E+00, 5.177E-02, 3.347E-04, 8.188E-04, 0.000E+00, 1.538E+02, 5.215E+01, 5.000E-03, 1.602E-03, 1.515E+02, 3.444E-03, 1.216E+00
22/05/2019,20:00,9,3.491,3.991,13.201,.840,.244, 1.007E+03, 9.250E+01, 3.533E-05, 3.469E-16, 0.000E+00, 0.000E+00, 0.000E+00, 0.000E+00,-2.448E+01, 1.362E+01, 2.489E+00, 3.115E-01, 1.233E-01,-9.990E+02, 1.000E+00,-9.990E+02, 0.000E+00, 0.000E+00, 0.000E+00, 1.000E+00, 0.000E+00, 0.000E+00, 0.000E+00, 0.000E+00, 1.638E+02, 5.545E+01, 5.000E-03, 0.000E+00, 2.000E+02, 2.876E-03, 1.016E+00
22/05/2019,21:00,9,3.491,3.991,11.540,.917,.114, 1.007E+03, 9.643E+01, 3.533E-05, 3.469E-16, 0.000E+00, 0.000E+00, 0.000E+00, 0.000E+00,-1.096E+00, 5.898E+00, 2.376E+00, 3.598E-01, 1.403E-01,-9.990E+02, 1.000E+00,-9.990E+02, 0.000E+00, 0.000E+00, 0.000E+00, 1.000E+00, 0.000E+00, 0.000E+00, 0.000E+00, 0.000E+00, 1.207E+02, 4.873E+01, 1.131E-02, 0.000E+00, 8.842E+01, 4.628E-03, 1.233E+00
22/05/2019,22:00,9,3.491,3.991,10.766,.922,.101, 1.007E+03, 9.873E+01, 3.533E-05, 3.469E-16, 0.000E+00, 0.000E+00, 0.000E+00, 0.000E+00,-1.096E+00, 5.898E+00, 2.370E+00, 3.593E-01, 1.399E-01,-9.990E+02, 1.000E+00,-9.990E+02, 0.000E+00, 0.000E+00, 0.000E+00, 1.000E+00, 0.000E+00, 0.000E+00, 0.000E+00, 0.000E+00, 1.210E+02, 4.884E+01, 1.335E-02, 0.000E+00, 7.492E+01, 4.929E-03, 1.241E+00
22/05/2019,23:00,9,3.491,3.991,9.991,.927,.090, 1.007E+03, 9.923E+01, 3.533E-05, 3.469E-16, 0.000E+00, 0.000E+00, 0.000E+00, 0.000E+00,-1.096E+00, 5.898E+00, 2.415E+00, 3.588E-01, 1.426E-01,-9.990E+02, 1.000E+00,-9.990E+02, 0.000E+00, 0.000E+00, 0.000E+00, 1.000E+00, 0.000E+00, 0.000E+00, 0.000E+00, 0.000E+00, 1.187E+02, 4.792E+01, 1.368E-02, 0.000E+00, 7.308E+01, 5.035E-03, 1.081E+00
23/05/2019,00:00,9,3.491,3.991,9.217,.932,.080, 1.007E+03, 9.790E+01, 1.453E-03, 3.469E-16, 0.000E+00, 0.000E+00, 0.000E+00, 0.000E+00, 2.135E+00, 6.083E+00, 2.509E+00, 3.612E-01, 1.503E-01,-9.990E+02, 1.000E+00,-9.990E+02, 0.000E+00, 0.000E+00, 0.000E+00, 1.000E+00, 0.000E+00, 0.000E+00, 0.000E+00, 0.000E+00, 1.102E+02, 4.548E+01, 1.622E-02, 0.000E+00, 6.165E+01, 5.539E-03, 9.251E-01
23/05/2019,01:00,9,3.491,3.991,9.011,.933,.077, 1.007E+03, 9.482E+01, 1.453E-03, 3.469E-16, 0.000E+00, 0.000E+00, 0.000E+00, 0.000E+00, 2.135E+00, 6.083E+00, 2.338E+00, 3.611E-01, 1.401E-01,-9.990E+02, 1.000E+00,-9.990E+02, 0.000E+00, 0.000E+00, 0.000E+00, 1.000E+00, 0.000E+00, 0.000E+00, 0.000E+00, 0.000E+00, 1.182E+02, 4.881E+01, 1.635E-02, 0.000E+00, 6.117E+01, 5.298E-03, 9.131E-01
23/05/2019,02:00,9,3.491,3.991,8.806,.935,.074, 1.007E+03, 9.024E+01, 1.453E-03, 3.469E-16, 0.000E+00, 0.000E+00, 0.000E+00, 0.000E+00, 2.135E+00, 6.083E+00, 2.196E+00, 3.610E-01, 1.315E-01,-9.990E+02, 1.000E+00,-9.990E+02, 0.000E+00, 0.000E+00, 0.000E+00, 1.000E+00, 0.000E+00, 0.000E+00, 0.000E+00, 0.000E+00, 1.259E+02, 5.198E+01, 1.648E-02, 0.000E+00, 6.069E+01, 5.087E-03, 8.824E-01
23/05/2019,03:00,9,3.491,3.991,8.600,.936,.071, 1.006E+03, 8.444E+01, 4.045E-02, 3.469E-16, 8.696E+00, 2.287E+01, 5.221E+01, 7.307E+00, 6.798E+01, 3.288E+01, 2.086E+00, 3.473E-01, 1.409E-01, 5.547E-02, 1.000E+00, 2.942E-01, 8.832E-01, 1.000E-02, 1.000E+00, 1.000E+00, 2.942E-03, 1.861E-05, 5.586E-05, 0.000E+00, 9.440E+01, 4.850E+01, 1.793E-02, 8.908E-05, 5.549E+01, 5.652E-03, 8.336E-01
23/05/2019,04:00,9,3.491,3.991,9.763,.893,.130, 1.007E+03, 7.775E+01, 4.045E-02, 3.469E-16, 5.343E+01, 4.631E+01, 1.422E+02, 1.623E+01, 6.798E+01, 3.288E+01, 1.777E+00, 3.480E-01, 1.200E-01, 1.215E-01, 1.000E+00, 5.489E-01, 9.971E-01, 1.000E-02, 1.000E+00, 1.000E+00, 5.489E-03, 3.486E-05, 6.333E-05, 0.000E+00, 1.109E+02, 5.696E+01, 9.700E-03, 1.669E-04, 1.014E+02, 4.098E-03, 9.084E-01
23/05/2019,05:00,9,3.491,3.991,10.927,.850,.197, 1.007E+03, 7.050E+01, 4.045E-02, 3.469E-16, 1.153E+02, 6.462E+01, 1.966E+02, 2.381E+01, 6.798E+01, 3.288E+01, 1.681E+00, 3.487E-01, 1.134E-01, 1.902E-01, 1.000E+00, 6.958E-01, 9.997E-01, 1.000E-02, 1.000E+00, 1.000E+00, 6.958E-03, 4.437E-05, 6.375E-05, 0.000E+00, 1.175E+02, 6.026E+01, 5.000E-03, 2.124E-04, 1.918E+02, 2.917E-03, 1.127E+00
23/05/2019,06:00,9,3.491,3.991,12.090,.806,.274, 1.007E+03, 6.302E+01, 5.489E-01, 3.469E-16, 2.451E+01, 9.796E+01, 5.736E+01, 3.034E+01, 9.649E+01, 1.421E+02, 1.831E+00, 3.292E-01, 1.287E-01, 2.543E-01, 1.000E+00, 7.618E-01, 9.055E-01, 1.281E-02, 1.000E+00, 1.000E+00, 9.757E-03, 6.248E-05, 7.426E-05, 0.000E+00, 9.651E+01, 5.312E+01, 5.000E-03, 2.991E-04, 1.887E+02, 3.136E-03, 1.299E+00
23/05/2019,07:00,9,3.491,3.991,12.946,.816,.276, 1.007E+03, 5.571E+01, 5.489E-01, 3.469E-16, 3.295E+01, 1.213E+02, 6.677E+01, 3.753E+01, 9.649E+01, 1.421E+02, 1.498E+00, 3.296E-01, 1.053E-01, 3.082E-01, 1.000E+00, 8.325E-01, 9.358E-01, 1.305E-01, 1.000E+00, 1.000E+00, 1.087E-01, 6.980E-04, 7.846E-04, 0.000E+00, 1.180E+02, 6.492E+01, 5.000E-03, 3.342E-03, 1.199E+02, 3.585E-03, 1.243E+00
23/05/2019,08:00,9,3.491,3.991,13.802,.825,.277, 1.007E+03, 4.903E+01, 5.489E-01, 3.469E-16, 4.015E+01, 1.391E+02, 7.361E+01, 4.299E+01, 9.649E+01, 1.421E+02, 1.181E+00, 3.301E-01, 1.000E-01, 3.494E-01, 1.000E+00, 8.721E-01, 9.516E-01, 2.408E-01, 1.000E+00, 1.000E+00, 2.100E-01, 1.353E-03, 1.476E-03, 0.000E+00, 1.244E+02, 6.835E+01, 5.000E-03, 6.477E-03, 8.713E+01, 3.927E-03, 1.311E+00
23/05/2019,09:00,9,3.491,3.991,14.657,.835,.278, 1.007E+03, 4.360E+01, 5.642E-01, 3.469E-16, 2.018E+02, 1.320E+02, 1.843E+02, 4.491E+01, 3.388E+01, 1.493E+02, 8.922E-01, 2.572E-01, 1.000E-01, 3.776E-01, 1.000E+00, 9.017E-01, 9.995E-01, 3.436E-01, 1.000E+00, 1.000E+00, 3.098E-01, 2.002E-03, 2.219E-03, 0.000E+00, 1.296E+02, 6.835E+01, 5.000E-03, 9.584E-03, 6.857E+01, 4.195E-03, 1.427E+00
23/05/2019,10:00,9,3.491,3.991,14.736,.851,.252, 1.007E+03, 4.016E+01, 5.642E-01, 3.469E-16, 2.158E+02, 1.345E+02, 1.870E+02, 4.581E+01, 3.388E+01, 1.493E+02, 9.165E-01, 2.572E-01, 1.000E-01, 3.932E-01, 1.000E+00, 9.076E-01, 9.995E-01, 3.526E-01, 1.000E+00, 1.000E+00, 3.201E-01, 2.068E-03, 2.278E-03, 0.000E+00, 1.296E+02, 6.835E+01, 5.000E-03, 9.903E-03, 6.710E+01, 4.221E-03, 1.671E+00
23/05/2019,11:00,9,3.491,3.991,14.814,.867,.226, 1.007E+03, 3.936E+01, 5.642E-01, 3.469E-16, 2.190E+02, 1.350E+02, 1.876E+02, 4.599E+01, 3.388E+01, 1.493E+02, 1.057E+00, 2.572E-01, 1.000E-01, 3.966E-01, 1.000E+00, 9.088E-01, 9.996E-01, 3.616E-01, 1.000E+00, 1.000E+00, 3.286E-01, 2.124E-03, 2.336E-03, 0.000E+00, 1.296E+02, 6.835E+01, 5.519E-03, 1.017E-02, 6.374E+01, 4.282E-03, 1.854E+00
23/05/2019,12:00,9,3.491,3.991,14.892,.883,.199, 1.007E+03, 4.138E+01, 3.592E-01, 3.469E-16, 1.802E+02, 1.466E+02, 1.687E+02, 4.864E+01, 4.039E+00, 7.956E+01, 1.276E+00, 2.349E-01, 1.000E-01, 3.879E-01, 1.000E+00, 9.168E-01, 9.990E-01, 3.705E-01, 1.000E+00, 1.000E+00, 3.397E-01, 2.196E-03, 2.393E-03, 0.000E+00, 1.548E+02, 6.835E+01, 7.332E-03, 1.052E-02, 5.603E+01, 4.288E-03, 1.839E+00
23/05/2019,13:00,9,3.491,3.991,14.805,.905,.162, 1.006E+03, 4.579E+01, 3.592E-01, 3.469E-16, 1.644E+02, 1.413E+02, 1.648E+02, 4.688E+01, 4.039E+00, 7.956E+01, 1.407E+00, 2.349E-01, 1.000E-01, 3.668E-01, 1.000E+00, 9.075E-01, 9.989E-01, 3.606E-01, 1.000E+00, 1.000E+00, 3.272E-01, 2.115E-03, 2.328E-03, 0.000E+00, 1.548E+02, 6.835E+01, 9.775E-03, 1.013E-02, 5.024E+01, 4.397E-03, 1.724E+00
23/05/2019,14:00,9,3.491,3.991,14.718,.926,.124, 1.006E+03, 5.185E+01, 3.592E-01, 3.469E-16, 1.408E+02, 1.315E+02, 1.576E+02, 4.361E+01, 4.039E+00, 7.956E+01, 1.547E+00, 2.349E-01, 1.000E-01, 3.329E-01, 1.000E+00, 8.885E-01, 9.985E-01, 3.506E-01, 1.000E+00, 1.000E+00, 3.116E-01, 2.013E-03, 2.263E-03, 0.000E+00, 1.548E+02, 6.835E+01, 1.207E-02, 9.640E-03, 4.606E+01, 4.480E-03, 1.516E+00
23/05/2019,15:00,9,3.491,3.991,14.632,.948,.088, 1.006E+03, 5.887E+01, 1.507E-03, 3.469E-16, 2.174E+02, 7.912E+01, 2.409E+02, 3.065E+01, 2.031E+00, 7.287E+01, 1.696E+00, 2.324E-01, 1.034E-01, 2.861E-01, 1.000E+00, 7.976E-01, 1.000E+00, 3.406E-01, 1.000E+00, 1.000E+00, 2.717E-01, 1.755E-03, 2.200E-03, 0.000E+00, 1.549E+02, 6.613E+01, 1.609E-02, 8.403E-03, 4.083E+01, 4.694E-03, 1.376E+00
23/05/2019,16:00,9,3.491,3.991,14.611,.937,.106, 1.006E+03, 6.629E+01, 1.507E-03, 3.469E-16, 1.527E+02, 7.192E+01, 2.170E+02, 2.704E+01, 2.031E+00, 7.287E+01, 1.198E+00, 2.324E-01, 1.000E-01, 2.273E-01, 1.000E+00, 7.459E-01, 9.999E-01, 3.382E-01, 1.000E+00, 1.000E+00, 2.523E-01, 1.630E-03, 2.185E-03, 0.000E+00, 1.601E+02, 6.835E+01, 1.395E-02, 7.803E-03, 4.596E+01, 4.465E-03, 1.731E+00
23/05/2019,17:00,9,3.491,3.991,14.591,.926,.124, 1.006E+03, 7.370E+01, 1.507E-03, 3.469E-16, 8.751E+01, 5.753E+01, 1.767E+02, 2.081E+01, 2.031E+00, 7.287E+01, 1.557E+00, 2.324E-01, 1.000E-01, 1.604E-01, 1.000E+00, 6.431E-01, 9.993E-01, 3.359E-01, 1.000E+00, 1.000E+00, 2.160E-01, 1.395E-03, 2.168E-03, 0.000E+00, 1.601E+02, 6.835E+01, 1.210E-02, 6.680E-03, 5.324E+01, 4.324E-03, 2.387E+00
23/05/2019,18:00,9,3.491,3.991,14.570,.915,.142, 1.006E+03, 8.073E+01, 0.000E+00, 3.469E-16, 1.250E+01, 3.515E+01, 4.994E+01, 1.115E+01,-5.692E+01, 2.873E+01, 2.418E+00, 3.156E-01, 1.000E-01, 9.229E-02, 1.000E+00, 4.143E-01, 8.718E-01, 3.335E-01, 1.000E+00, 1.000E+00, 1.382E-01, 8.925E-04, 1.878E-03, 0.000E+00, 2.435E+02, 6.835E+01, 1.050E-02, 4.273E-03, 6.771E+01, 3.942E-03, 2.982E+00
23/05/2019,19:00,9,3.491,3.991,13.671,.835,.260, 1.006E+03, 8.704E+01, 0.000E+00, 3.469E-16, 3.558E-01, 8.980E+00, 6.172E+00, 2.724E+00,-5.692E+01, 2.873E+01, 2.049E+00, 3.151E-01, 1.000E-01, 2.955E-02, 1.000E+00, 1.095E-01, 2.242E-01, 2.245E-01, 1.000E+00, 1.000E+00, 2.458E-02, 1.582E-04, 3.241E-04, 0.000E+00, 2.439E+02, 6.835E+01, 5.000E-03, 7.576E-04, 1.737E+02, 2.780E-03, 2.876E+00
23/05/2019,20:00,9,3.491,3.991,12.772,.754,.364, 1.006E+03, 9.232E+01, 0.000E+00, 3.469E-16, 0.000E+00, 0.000E+00, 0.000E+00, 0.000E+00,-5.692E+01, 2.873E+01, 2.801E+00, 3.146E-01, 1.147E-01,-9.990E+02, 1.000E+00,-9.990E+02, 0.000E+00, 0.000E+00, 0.000E+00, 1.000E+00, 0.000E+00, 0.000E+00, 0.000E+00, 0.000E+00, 2.130E+02, 5.961E+01, 5.000E-03, 0.000E+00, 2.000E+02, 2.761E-03, 1.819E+00
23/05/2019,21:00,9,3.491,3.991,11.873,.674,.455, 1.006E+03, 9.624E+01, 0.000E+00, 3.469E-16, 0.000E+00, 0.000E+00, 0.000E+00, 0.000E+00,-6.247E+01, 3.027E+01, 4.096E+00, 3.794E-01, 1.898E-01,-9.990E+02, 1.000E+00,-9.990E+02, 0.000E+00, 0.000E+00, 0.000E+00, 1.000E+00, 0.000E+00, 0.000E+00, 0.000E+00, 0.000E+00, 1.137E+02, 3.602E+01, 5.000E-03, 0.000E+00, 2.000E+02, 3.371E-03, 1.321E+00
23/05/2019,22:00,9,3.491,3.991,11.224,.701,.400, 1.006E+03, 9.854E+01, 0.000E+00, 3.469E-16, 0.000E+00, 0.000E+00, 0.000E+00, 0.000E+00,-6.247E+01, 3.027E+01, 3.750E+00, 3.789E-01, 1.736E-01,-9.990E+02, 1.000E+00,-9.990E+02, 0.000E+00, 0.000E+00, 0.000E+00, 1.000E+00, 0.000E+00, 0.000E+00, 0.000E+00, 0.000E+00, 1.244E+02, 3.937E+01, 5.000E-03, 0.000E+00, 2.000E+02, 3.272E-03, 1.296E+00
23/05/2019,23:00,9,3.491,3.991,10.575,.728,.348, 1.006E+03, 9.905E+01, 0.000E+00, 3.469E-16, 0.000E+00, 0.000E+00, 0.000E+00, 0.000E+00,-6.247E+01, 3.027E+01, 3.427E+00, 3.785E-01, 1.585E-01,-9.990E+02, 1.000E+00,-9.990E+02, 0.000E+00, 0.000E+00, 0.000E+00, 1.000E+00, 0.000E+00, 0.000E+00, 0.000E+00, 0.000E+00, 1.364E+02, 4.312E+01, 5.000E-03, 0.000E+00, 2.000E+02, 3.168E-03, 1.306E+00
24/05/2019,00:00,9,3.491,3.991,9.925,.755,.301, 1.006E+03, 9.772E+01, 1.163E-05, 3.469E-16, 0.000E+00, 0.000E+00, 0.000E+00, 0.000E+00,-2.256E+01, 1.033E+01, 3.132E+00, 2.036E-01, 1.122E-01,-9.990E+02, 1.000E+00,-9.990E+02, 0.000E+00, 0.000E+00, 0.000E+00, 1.000E+00, 0.000E+00, 0.000E+00, 0.000E+00, 0.000E+00, 2.489E+02, 6.094E+01, 5.000E-03, 0.000E+00, 2.000E+02, 2.712E-03, 1.331E+00
24/05/2019,01:00,9,3.491,3.991,9.537,.799,.240, 1.006E+03, 9.465E+01, 1.163E-05, 3.469E-16, 0.000E+00, 0.000E+00, 0.000E+00, 0.000E+00,-2.256E+01, 1.033E+01, 2.766E+00, 2.035E-01, 1.000E-01,-9.990E+02, 1.000E+00,-9.990E+02, 0.000E+00, 0.000E+00, 0.000E+00, 1.000E+00, 0.000E+00, 0.000E+00, 0.000E+00, 0.000E+00, 2.794E+02, 6.835E+01, 5.000E-03, 0.000E+00, 2.000E+02, 2.569E-03, 1.509E+00
24/05/2019,02:00,9,3.491,3.991,9.149,.843,.182, 1.006E+03, 9.008E+01, 1.163E-05, 3.469E-16, 0.000E+00, 0.000E+00, 0.000E+00, 0.000E+00,-2.256E+01, 1.033E+01, 2.458E+00, 2.033E-01, 1.000E-01,-9.990E+02, 1.000E+00,-9.990E+02, 0.000E+00, 0.000E+00, 0.000E+00, 1.000E+00, 0.000E+00, 0.000E+00, 0.000E+00, 0.000E+00, 2.797E+02, 6.835E+01, 5.000E-03, 0.000E+00, 2.000E+02, 2.569E-03, 1.830E+00
24/05/2019,03:00,9,3.491,3.991,8.761,.887,.128, 1.006E+03, 8.429E+01, 1.012E-03, 3.469E-16, 9.350E+00, 2.330E+01, 5.444E+01, 7.467E+00, 2.389E+01, 5.649E+01, 2.231E+00, 2.418E-01, 1.512E-01, 5.701E-02, 1.000E+00, 3.003E-01, 8.935E-01, 1.000E-02, 1.000E+00, 1.000E+00, 3.003E-03, 1.900E-05, 5.654E-05, 0.000E+00, 8.756E+01, 4.522E+01, 8.080E-03, 9.098E-05, 1.224E+02, 4.247E-03, 2.317E+00
24/05/2019,04:00,9,3.491,3.991,10.462,.834,.211, 1.005E+03, 7.761E+01, 1.012E-03, 3.469E-16, 5.427E+01, 4.640E+01, 1.427E+02, 1.628E+01, 2.389E+01, 5.649E+01, 1.875E+00, 2.426E-01, 1.269E-01, 1.229E-01, 1.000E+00, 5.507E-01, 9.972E-01, 1.000E-02, 1.000E+00, 1.000E+00, 5.507E-03, 3.506E-05, 6.349E-05, 0.000E+00, 1.044E+02, 5.385E+01, 5.000E-03, 1.679E-04, 1.935E+02, 3.047E-03, 2.916E+00
24/05/2019,05:00,9,3.491,3.991,12.163,.780,.313, 1.005E+03, 7.036E+01, 1.012E-03, 3.469E-16, 1.158E+02, 6.440E+01, 1.960E+02, 2.375E+01, 2.389E+01, 5.649E+01, 1.710E+00, 2.434E-01, 1.157E-01, 1.915E-01, 1.000E+00, 6.956E-01, 9.997E-01, 2.313E-02, 1.000E+00, 1.000E+00, 1.609E-02, 1.030E-04, 1.481E-04, 0.000E+00, 1.147E+02, 5.908E+01, 5.000E-03, 4.933E-04, 1.820E+02, 3.032E-03, 3.889E+00
24/05/2019,06:00,9,3.491,3.991,13.864,.726,.436, 1.005E+03, 6.288E+01, 6.607E-05, 3.469E-16, 8.172E+01, 1.075E+02, 1.247E+02, 3.510E+01, 1.435E+02, 1.523E+02, 1.791E+00, 6.120E-01, 1.143E-01, 2.555E-01, 1.000E+00, 8.227E-01, 9.941E-01, 2.485E-01, 1.000E+00, 1.000E+00, 2.045E-01, 1.317E-03, 1.592E-03, 0.000E+00, 1.286E+02, 5.980E+01, 5.000E-03, 6.307E-03, 8.844E+01, 4.132E-03, 5.462E+00
24/05/2019,07:00,9,3.491,3.991,14.978,.640,.616, 1.004E+03, 5.556E+01, 6.607E-05, 3.469E-16, 1.096E+02, 1.282E+02, 1.388E+02, 4.191E+01, 1.435E+02, 1.523E+02, 2.622E+00, 6.133E-01, 1.673E-01, 3.092E-01, 1.000E+00, 8.757E-01, 9.967E-01, 3.802E-01, 1.000E+00, 1.000E+00, 3.329E-01, 2.153E-03, 2.451E-03, 0.000E+00, 8.792E+01, 4.086E+01, 5.000E-03, 1.031E-02, 6.532E+01, 5.874E-03, 4.010E+00
24/05/2019,08:00,9,3.491,3.991,16.092,.554,.821, 1.004E+03, 4.887E+01, 6.607E-05, 3.469E-16, 1.334E+02, 1.427E+02, 1.481E+02, 4.662E+01, 1.435E+02, 1.523E+02, 3.494E+00, 6.147E-01, 2.229E-01, 3.503E-01, 1.000E+00, 9.037E-01, 9.977E-01, 4.991E-01, 1.000E+00, 1.000E+00, 4.511E-01, 2.929E-03, 3.234E-03, 0.000E+00, 6.603E+01, 3.067E+01, 5.000E-03, 1.402E-02, 5.257E+01, 7.614E-03, 3.491E+00
24/05/2019,09:00,9,3.491,3.991,17.206,.468,1.052, 1.003E+03, 4.343E+01, 8.298E-04, 3.469E-16, 1.712E+01, 1.268E+02, 5.042E+01, 3.864E+01, 8.283E+01, 1.412E+02, 4.383E+00, 6.673E-01, 2.710E-01, 3.784E-01, 1.000E+00, 8.256E-01, 8.743E-01, 6.055E-01, 1.000E+00, 1.000E+00, 4.998E-01, 3.258E-03, 3.450E-03, 0.000E+00, 5.750E+01, 2.522E+01, 5.000E-03, 1.560E-02, 4.855E+01, 8.773E-03, 3.776E+00
24/05/2019,10:00,9,3.491,3.991,17.035,.486,1.005, 1.003E+03, 3.998E+01, 8.298E-04, 3.469E-16, 1.831E+01, 1.327E+02, 5.238E+01, 4.043E+01, 8.283E+01, 1.412E+02, 3.904E+00, 6.673E-01, 2.414E-01, 3.940E-01, 1.000E+00, 8.394E-01, 8.840E-01, 5.899E-01, 1.000E+00, 1.000E+00, 4.952E-01, 3.226E-03, 3.397E-03, 0.000E+00, 6.454E+01, 2.831E+01, 5.000E-03, 1.544E-02, 4.891E+01, 8.172E-03, 3.711E+00
24/05/2019,11:00,9,3.491,3.991,16.863,.505,.959, 1.002E+03, 3.918E+01, 8.298E-04, 3.469E-16, 1.857E+01, 1.340E+02, 5.281E+01, 4.083E+01, 8.283E+01, 1.412E+02, 3.463E+00, 6.673E-01, 2.142E-01, 3.974E-01, 1.000E+00, 8.423E-01, 8.860E-01, 5.740E-01, 1.000E+00, 1.000E+00, 4.835E-01, 3.148E-03, 3.311E-03, 0.000E+00, 7.275E+01, 3.192E+01, 5.000E-03, 1.507E-02, 4.982E+01, 7.540E-03, 3.817E+00
24/05/2019,12:00,9,3.491,3.991,16.691,.523,.914, 1.001E+03, 4.120E+01, 2.908E-01, 3.469E-16, 1.734E+02, 1.496E+02, 1.646E+02, 4.936E+01,-1.037E+01, 8.477E+01, 3.075E+00, 4.494E-01, 1.776E-01, 3.887E-01, 1.000E+00, 9.193E-01, 9.989E-01, 5.579E-01, 1.000E+00, 1.000E+00, 5.129E-01, 3.337E-03, 3.626E-03, 0.000E+00, 9.747E+01, 3.848E+01, 5.000E-03, 1.598E-02, 4.767E+01, 6.726E-03, 3.897E+00
24/05/2019,13:00,9,3.491,3.991,15.194,.631,.641, 1.001E+03, 4.561E+01, 2.908E-01, 3.469E-16, 1.583E+02, 1.440E+02, 1.607E+02, 4.752E+01,-1.037E+01, 8.477E+01, 2.152E+00, 4.482E-01, 1.243E-01, 3.677E-01, 1.000E+00, 9.099E-01, 9.987E-01, 4.042E-01, 1.000E+00, 1.000E+00, 3.678E-01, 2.381E-03, 2.613E-03, 0.000E+00, 1.394E+02, 5.501E+01, 5.000E-03, 1.140E-02, 6.098E+01, 4.869E-03, 3.283E+00
24/05/2019,14:00,9,3.491,3.991,13.697,.740,.410, 1.001E+03, 5.168E+01, 2.908E-01, 3.469E-16, 1.357E+02, 1.338E+02, 1.536E+02, 4.414E+01,-1.037E+01, 8.477E+01, 1.233E+00, 4.471E-01, 1.000E-01, 3.339E-01, 1.000E+00, 8.910E-01, 9.982E-01, 2.277E-01, 1.000E+00, 1.000E+00, 2.029E-01, 1.307E-03, 1.464E-03, 0.000E+00, 1.732E+02, 6.835E+01, 5.000E-03, 6.256E-03, 8.884E+01, 3.728E-03, 2.898E+00
24/05/2019,15:00,9,3.491,3.991,12.200,.848,.217, 1.001E+03, 5.870E+01, 3.601E-01, 3.469E-16, 2.026E+02, 7.311E+01, 2.233E+02, 2.836E+01,-2.358E+00, 4.325E+01, 3.538E-01, 2.836E-01, 1.000E-01, 2.873E-01, 1.000E+00, 7.780E-01, 9.999E-01, 2.834E-02, 1.000E+00, 1.000E+00, 2.205E-02, 1.412E-04, 1.815E-04, 0.000E+00, 1.727E+02, 6.835E+01, 5.000E-03, 6.762E-04, 1.762E+02, 2.813E-03, 2.545E+00
24/05/2019,16:00,9,3.491,3.991,11.934,.864,.190, 1.000E+03, 6.613E+01, 3.601E-01, 3.469E-16, 1.428E+02, 6.662E+01, 2.016E+02, 2.508E+01,-2.358E+00, 4.325E+01, 8.289E-01, 2.836E-01, 1.000E-01, 2.287E-01, 1.000E+00, 7.250E-01, 9.997E-01, 1.000E-02, 1.000E+00, 1.000E+00, 7.250E-03, 4.640E-05, 6.398E-05, 0.000E+00, 1.727E+02, 6.835E+01, 5.476E-03, 2.222E-04, 1.755E+02, 2.818E-03, 2.504E+00
24/05/2019,17:00,9,3.491,3.991,11.667,.880,.165, 9.997E+02, 7.354E+01, 3.601E-01, 3.469E-16, 8.251E+01, 5.350E+01, 1.649E+02, 1.939E+01,-2.358E+00, 4.325E+01, 1.665E+00, 2.835E-01, 1.000E-01, 1.620E-01, 1.000E+00, 6.223E-01, 9.989E-01, 1.000E-02, 1.000E+00, 1.000E+00, 6.223E-03, 3.979E-05, 6.387E-05, 0.000E+00, 1.727E+02, 6.835E+01, 7.341E-03, 1.905E-04, 1.328E+02, 3.204E-03, 2.434E+00
24/05/2019,18:00,9,3.491,3.991,11.401,.897,.140, 9.990E+02, 8.056E+01, 1.745E+00, 3.469E-16, 2.449E+01, 3.592E+01, 8.657E+01, 1.191E+01,-1.508E+01, 2.931E+01, 2.527E+00, 2.446E-01, 1.195E-01, 9.396E-02, 1.000E+00, 4.423E-01, 9.716E-01, 1.000E-02, 1.000E+00, 1.000E+00, 4.423E-03, 2.825E-05, 6.206E-05, 0.000E+00, 1.768E+02, 5.718E+01, 8.533E-03, 1.353E-04, 1.154E+02, 3.725E-03, 2.381E+00
24/05/2019,19:00,9,3.491,3.991,10.749,.930,.091, 9.987E+02, 8.687E+01, 1.745E+00, 3.469E-16, 8.793E-01, 1.148E+01, 1.155E+01, 3.504E+00,-1.508E+01, 2.931E+01, 1.764E+00, 2.444E-01, 1.000E-01, 3.129E-02, 1.000E+00, 1.418E-01, 3.782E-01, 1.000E-02, 1.000E+00, 1.000E+00, 1.418E-03, 9.040E-06, 2.411E-05, 0.000E+00, 2.115E+02, 6.835E+01, 1.541E-02, 4.328E-05, 6.473E+01, 4.037E-03, 1.645E+00
24/05/2019,20:00,9,3.491,3.991,10.098,.963,.045, 9.983E+02, 9.214E+01, 1.745E+00, 3.469E-16, 0.000E+00, 0.000E+00, 0.000E+00, 0.000E+00,-1.508E+01, 2.931E+01, 1.296E+00, 2.441E-01, 1.000E-01,-9.990E+02, 1.000E+00,-9.990E+02, 0.000E+00, 0.000E+00, 0.000E+00, 1.000E+00, 0.000E+00, 0.000E+00, 0.000E+00, 0.000E+00, 2.117E+02, 6.835E+01, 2.415E-02, 0.000E+00, 4.141E+01, 4.456E-03, 1.382E+00
24/05/2019,21:00,9,3.491,3.991,9.446,.997,.004, 9.980E+02, 9.606E+01, 5.061E-01, 3.469E-16, 0.000E+00, 0.000E+00, 0.000E+00, 0.000E+00,-2.713E+00, 3.780E+00, 1.446E+00, 1.000E-01, 1.000E-01,-9.990E+02, 1.000E+00,-9.990E+02, 0.000E+00, 0.000E+00, 0.000E+00, 1.000E+00, 0.000E+00, 0.000E+00, 0.000E+00, 0.000E+00, 2.818E+02, 6.835E+01, 3.791E-02, 0.000E+00, 2.638E+01, 4.632E-03, 1.246E+00
24/05/2019,22:00,9,3.491,3.991,9.209,.987,.015, 9.977E+02, 9.836E+01, 5.061E-01, 3.469E-16, 0.000E+00, 0.000E+00, 0.000E+00, 0.000E+00,-2.713E+00, 3.780E+00, 1.398E+00, 1.000E-01, 1.000E-01,-9.990E+02, 1.000E+00,-9.990E+02, 0.000E+00, 0.000E+00, 0.000E+00, 1.000E+00, 0.000E+00, 0.000E+00, 0.000E+00, 0.000E+00, 2.818E+02, 6.835E+01, 3.315E-02, 0.000E+00, 3.017E+01, 4.552E-03, 1.499E+00
24/05/2019,23:00,9,3.491,3.991,8.971,.977,.026, 9.973E+02, 9.887E+01, 5.061E-01, 3.469E-16, 0.000E+00, 0.000E+00, 0.000E+00, 0.000E+00,-2.713E+00, 3.780E+00, 1.608E+00, 1.000E-01, 1.000E-01,-9.990E+02, 1.000E+00,-9.990E+02, 0.000E+00, 0.000E+00, 0.000E+00, 1.000E+00, 0.000E+00, 0.000E+00, 0.000E+00, 0.000E+00, 2.818E+02, 6.835E+01, 2.899E-02, 0.000E+00, 3.449E+01, 4.464E-03, 1.473E+00
25/05/2019,00:00,9,3.491,3.991,8.734,.967,.037, 9.970E+02, 9.754E+01, 4.206E-01, 3.469E-16, 0.000E+00, 0.000E+00, 0.000E+00, 0.000E+00,-8.277E+00, 1.492E+01, 1.995E+00, 2.910E-01, 1.094E-01,-9.990E+02, 1.000E+00,-9.990E+02, 0.000E+00, 0.000E+00, 0.000E+00, 1.000E+00, 0.000E+00, 0.000E+00, 0.000E+00, 0.000E+00, 1.668E+02, 6.249E+01, 2.536E-02, 0.000E+00, 3.943E+01, 4.896E-03, 1.408E+00
25/05/2019,01:00,9,3.491,3.991,8.642,.978,.025, 9.971E+02, 9.448E+01, 4.206E-01, 3.469E-16, 0.000E+00, 0.000E+00, 0.000E+00, 0.000E+00,-8.277E+00, 1.492E+01, 1.725E+00, 2.909E-01, 1.000E-01,-9.990E+02, 1.000E+00,-9.990E+02, 0.000E+00, 0.000E+00, 0.000E+00, 1.000E+00, 0.000E+00, 0.000E+00, 0.000E+00, 0.000E+00, 1.824E+02, 6.835E+01, 2.936E-02, 0.000E+00, 3.406E+01, 4.666E-03, 1.068E+00
25/05/2019,02:00,9,3.491,3.991,8.551,.988,.013, 9.972E+02, 8.992E+01, 4.206E-01, 3.469E-16, 3.311E-58, 1.323E-01, 0.000E+00, 0.000E+00,-8.277E+00, 1.492E+01, 2.256E+00, 2.909E-01, 1.236E-01,-9.990E+02, 1.000E+00,-9.990E+02, 0.000E+00, 0.000E+00, 0.000E+00, 1.000E+00, 0.000E+00, 0.000E+00, 0.000E+00, 0.000E+00, 1.476E+02, 5.528E+01, 3.400E-02, 0.000E+00, 2.941E+01, 5.707E-03, 9.653E-01
25/05/2019,03:00,9,3.491,3.991,8.459,.998,.002, 9.972E+02, 8.414E+01, 2.010E-01, 3.469E-16, 1.737E+00, 1.595E+01, 1.339E+01, 4.888E+00, 8.237E+00, 6.166E+01, 3.213E+00, 5.150E-01, 1.929E-01, 5.850E-02, 1.000E+00, 1.962E-01, 4.235E-01, 1.000E-02, 1.000E+00, 1.000E+00, 1.962E-03, 1.241E-05, 2.678E-05, 0.000E+00, 8.540E+01, 3.543E+01, 3.936E-02, 5.939E-05, 2.537E+01, 8.479E-03, 8.712E-01
25/05/2019,04:00,9,3.491,3.991,8.460,.982,.020, 9.978E+02, 7.746E+01, 2.010E-01, 3.469E-16, 9.491E+00, 4.373E+01, 3.544E+01, 1.358E+01, 8.237E+00, 6.166E+01, 3.705E+00, 5.149E-01, 2.225E-01, 1.243E-01, 1.000E+00, 4.701E-01, 7.672E-01, 1.000E-02, 1.000E+00, 1.000E+00, 4.701E-03, 2.972E-05, 4.850E-05, 0.000E+00, 7.405E+01, 3.072E+01, 4.295E-02, 1.423E-04, 2.321E+01, 9.663E-03, 6.549E-01
25/05/2019,05:00,9,3.491,3.991,8.461,.966,.038, 9.984E+02, 7.022E+01, 2.010E-01, 3.469E-16, 1.999E+01, 7.449E+01, 5.273E+01, 2.319E+01, 8.237E+00, 6.166E+01, 4.214E+00, 5.148E-01, 2.530E-01, 1.928E-01, 1.000E+00, 6.670E-01, 8.857E-01, 1.000E-02, 1.000E+00, 1.000E+00, 6.670E-03, 4.217E-05, 5.599E-05, 0.000E+00, 6.511E+01, 2.701E+01, 3.227E-02, 2.019E-04, 3.079E+01, 9.864E-03, 6.485E-01
25/05/2019,06:00,9,3.491,3.991,8.462,.950,.056, 9.989E+02, 6.274E+01, 8.945E-02, 3.469E-16, 9.329E+00, 8.116E+01, 3.495E+01, 2.476E+01, 1.867E+00, 1.059E+02, 4.734E+00, 7.056E-01, 2.815E-01, 2.566E-01, 1.000E+00, 6.706E-01, 7.625E-01, 1.000E-02, 1.000E+00, 1.000E+00, 6.706E-03, 4.239E-05, 4.820E-05, 0.000E+00, 5.969E+01, 2.428E+01, 2.246E-02, 2.030E-04, 4.412E+01, 9.285E-03, 7.847E-01
25/05/2019,07:00,9,3.491,3.991,9.100,.913,.101, 9.996E+02, 5.542E+01, 8.945E-02, 3.469E-16, 1.248E+01, 1.011E+02, 4.182E+01, 3.082E+01, 1.867E+00, 1.059E+02, 5.083E+00, 7.061E-01, 3.022E-01, 3.101E-01, 1.000E+00, 7.503E-01, 8.209E-01, 1.000E-02, 1.000E+00, 1.000E+00, 7.503E-03, 4.754E-05, 5.202E-05, 0.000E+00, 5.560E+01, 2.262E+01, 1.427E-02, 2.276E-04, 6.897E+01, 7.801E-03, 1.099E+00
25/05/2019,08:00,9,3.491,3.991,9.738,.876,.150, 1.000E+03, 4.872E+01, 8.945E-02, 3.469E-16, 1.517E+01, 1.165E+02, 4.701E+01, 3.551E+01, 1.867E+00, 1.059E+02, 5.441E+00, 7.067E-01, 3.235E-01, 3.511E-01, 1.000E+00, 7.986E-01, 8.554E-01, 1.000E-02, 1.000E+00, 1.000E+00, 7.986E-03, 5.072E-05, 5.432E-05, 0.000E+00, 5.194E+01, 2.113E+01, 7.877E-03, 2.428E-04, 1.232E+02, 5.603E-03, 1.288E+00
25/05/2019,09:00,9,3.491,3.991,10.376,.839,.203, 1.001E+03, 4.327E+01, 6.397E-02, 3.469E-16, 2.833E+02, 8.623E+01, 2.277E+02, 3.317E+01, 9.860E+01, 1.297E+02, 5.808E+00, 6.997E-01, 3.595E-01, 3.792E-01, 1.000E+00, 8.413E-01, 9.999E-01, 1.000E-02, 1.000E+00, 1.000E+00, 8.413E-03, 5.355E-05, 6.364E-05, 0.000E+00, 4.326E+01, 1.901E+01, 5.000E-03, 2.564E-04, 1.902E+02, 4.174E-03, 1.422E+00
25/05/2019,10:00,9,3.491,3.991,11.341,.774,.304, 1.001E+03, 3.981E+01, 6.397E-02, 3.469E-16, 3.028E+02, 8.484E+01, 2.300E+02, 3.294E+01, 9.860E+01, 1.297E+02, 4.936E+00, 7.008E-01, 3.055E-01, 3.947E-01, 1.000E+00, 8.438E-01, 9.999E-01, 1.000E-02, 1.000E+00, 1.000E+00, 8.438E-03, 5.389E-05, 6.386E-05, 0.000E+00, 5.091E+01, 2.237E+01, 5.000E-03, 2.580E-04, 1.902E+02, 4.029E-03, 1.463E+00
25/05/2019,11:00,9,3.491,3.991,12.305,.709,.418, 1.001E+03, 3.900E+01, 6.397E-02, 3.469E-16, 3.072E+02, 8.444E+01, 2.305E+02, 3.286E+01, 9.860E+01, 1.297E+02, 4.068E+00, 7.019E-01, 2.517E-01, 3.981E-01, 1.000E+00, 8.442E-01, 9.999E-01, 4.315E-02, 1.000E+00, 1.000E+00, 3.643E-02, 2.334E-04, 2.765E-04, 0.000E+00, 6.181E+01, 2.715E+01, 5.000E-03, 1.118E-03, 1.635E+02, 4.275E-03, 1.505E+00
25/05/2019,12:00,9,3.491,3.991,13.270,.644,.545, 1.002E+03, 4.102E+01, 9.617E-03, 3.469E-16, 3.072E+02, 7.707E+01, 2.344E+02, 3.081E+01, 9.115E+01, 1.241E+02, 3.203E+00, 3.870E-01, 2.160E-01, 3.895E-01, 1.000E+00, 8.281E-01, 9.999E-01, 1.732E-01, 1.000E+00, 1.000E+00, 1.434E-01, 9.223E-04, 1.114E-03, 0.000E+00, 6.180E+01, 3.165E+01, 5.000E-03, 4.416E-03, 1.062E+02, 5.390E-03, 1.508E+00
25/05/2019,13:00,9,3.491,3.991,13.955,.612,.621, 1.001E+03, 4.544E+01, 9.617E-03, 3.469E-16, 2.806E+02, 7.923E+01, 2.311E+02, 3.118E+01, 9.115E+01, 1.241E+02, 2.594E+00, 3.875E-01, 1.749E-01, 3.686E-01, 1.000E+00, 8.249E-01, 9.999E-01, 2.598E-01, 1.000E+00, 1.000E+00, 2.143E-01, 1.381E-03, 1.675E-03, 0.000E+00, 7.636E+01, 3.909E+01, 5.000E-03, 6.614E-03, 8.610E+01, 5.432E-03, 1.401E+00
25/05/2019,14:00,9,3.491,3.991,14.641,.580,.703, 1.001E+03, 5.151E+01, 9.617E-03, 3.469E-16, 2.407E+02, 8.026E+01, 2.244E+02, 3.097E+01, 9.115E+01, 1.241E+02, 2.185E+00, 3.880E-01, 1.473E-01, 3.349E-01, 1.000E+00, 8.139E-01, 9.999E-01, 3.417E-01, 1.000E+00, 1.000E+00, 2.781E-01, 1.797E-03, 2.207E-03, 0.000E+00, 9.072E+01, 4.642E+01, 5.000E-03, 8.601E-03, 7.352E+01, 5.266E-03, 1.213E+00
25/05/2019,15:00,9,3.491,3.991,15.326,.549,.791, 1.001E+03, 5.854E+01, 1.856E-02, 3.469E-16, 7.086E+01, 1.237E+02, 1.074E+02, 3.947E+01,-7.393E-01, 6.008E+01, 2.096E+00, 1.919E-01, 1.213E-01, 2.884E-01, 1.000E+00, 8.562E-01, 9.879E-01, 4.187E-01, 1.000E+00, 1.000E+00, 3.585E-01, 2.321E-03, 2.679E-03, 0.000E+00, 1.424E+02, 5.633E+01, 5.000E-03, 1.111E-02, 6.206E+01, 4.764E-03, 1.036E+00
25/05/2019,16:00,9,3.491,3.991,14.668,.628,.624, 1.001E+03, 6.597E+01, 1.856E-02, 3.469E-16, 5.010E+01, 9.803E+01, 9.280E+01, 3.129E+01,-7.393E-01, 6.008E+01, 1.165E+00, 1.916E-01, 1.000E-01, 2.301E-01, 1.000E+00, 7.824E-01, 9.780E-01, 3.449E-01, 1.000E+00, 1.000E+00, 2.698E-01, 1.743E-03, 2.179E-03, 0.000E+00, 1.728E+02, 6.835E+01, 5.000E-03, 8.346E-03, 7.493E+01, 3.932E-03, 1.047E+00
25/05/2019,17:00,9,3.491,3.991,14.011,.708,.470, 1.001E+03, 7.337E+01, 1.856E-02, 3.469E-16, 2.911E+01, 6.752E+01, 7.237E+01, 2.149E+01,-7.393E-01, 6.008E+01, 8.842E-01, 1.914E-01, 1.000E-01, 1.635E-01, 1.000E+00, 6.461E-01, 9.490E-01, 2.666E-01, 1.000E+00, 1.000E+00, 1.723E-01, 1.111E-03, 1.631E-03, 0.000E+00, 1.728E+02, 6.835E+01, 5.000E-03, 5.317E-03, 9.693E+01, 3.619E-03, 1.122E+00
25/05/2019,18:00,9,3.491,3.991,13.353,.788,.327, 1.001E+03, 8.039E+01, 1.418E-05, 3.469E-16, 2.379E+01, 3.699E+01, 8.349E+01, 1.220E+01,-2.003E+01, 1.014E+01, 1.632E+00, 2.349E-01, 1.000E-01, 9.559E-02, 1.000E+00, 4.494E-01, 9.677E-01, 1.840E-01, 1.000E+00, 1.000E+00, 8.268E-02, 5.318E-04, 1.145E-03, 0.000E+00, 2.328E+02, 6.835E+01, 5.000E-03, 2.546E-03, 1.325E+02, 3.150E-03, 1.627E+00
25/05/2019,19:00,9,3.491,3.991,12.664,.799,.295, 1.000E+03, 8.670E+01, 1.418E-05, 3.469E-16, 1.027E+00, 1.195E+01, 1.258E+01, 3.652E+00,-2.003E+01, 1.014E+01, 1.958E+00, 2.347E-01, 1.000E-01, 3.297E-02, 1.000E+00, 1.482E-01, 4.038E-01, 9.260E-02, 1.000E+00, 1.000E+00, 1.372E-02, 8.804E-05, 2.399E-04, 0.000E+00, 2.330E+02, 6.835E+01, 5.000E-03, 4.215E-04, 1.845E+02, 2.707E-03, 2.459E+00
25/05/2019,20:00,9,3.491,3.991,11.975,.811,.265, 9.995E+02, 9.197E+01, 1.418E-05, 3.469E-16, 0.000E+00, 0.000E+00, 0.000E+00, 0.000E+00,-2.003E+01, 1.014E+01, 2.286E+00, 2.345E-01, 1.000E-01,-9.990E+02, 1.000E+00,-9.990E+02, 0.000E+00, 0.000E+00, 0.000E+00, 1.000E+00, 0.000E+00, 0.000E+00, 0.000E+00, 0.000E+00, 2.332E+02, 6.835E+01, 5.000E-03, 0.000E+00, 2.000E+02, 2.598E-03, 3.131E+00
25/05/2019,21:00,9,3.491,3.991,11.285,.823,.237, 9.990E+02, 9.589E+01, 2.251E-02, 3.469E-16, 0.000E+00, 0.000E+00, 0.000E+00, 0.000E+00,-1.980E+01, 8.843E+00, 2.615E+00, 3.001E-01, 1.314E-01,-9.990E+02, 1.000E+00,-9.990E+02, 0.000E+00, 0.000E+00, 0.000E+00, 1.000E+00, 0.000E+00, 0.000E+00, 0.000E+00, 0.000E+00, 1.514E+02, 5.200E+01, 5.000E-03, 0.000E+00, 2.000E+02, 2.956E-03, 3.739E+00
25/05/2019,22:00,9,3.491,3.991,10.995,.830,.223, 9.983E+02, 9.819E+01, 2.251E-02, 3.469E-16, 0.000E+00, 0.000E+00, 0.000E+00, 0.000E+00,-1.980E+01, 8.843E+00, 2.536E+00, 3.001E-01, 1.275E-01,-9.990E+02, 1.000E+00,-9.990E+02, 0.000E+00, 0.000E+00, 0.000E+00, 1.000E+00, 0.000E+00, 0.000E+00, 0.000E+00, 0.000E+00, 1.561E+02, 5.363E+01, 5.000E-03, 0.000E+00, 2.000E+02, 2.918E-03, 3.784E+00
25/05/2019,23:00,9,3.491,3.991,10.705,.837,.210, 9.975E+02, 9.870E+01, 2.251E-02, 3.469E-16, 0.000E+00, 0.000E+00, 0.000E+00, 0.000E+00,-1.980E+01, 8.843E+00, 2.465E+00, 3.000E-01, 1.239E-01,-9.990E+02, 1.000E+00,-9.990E+02, 0.000E+00, 0.000E+00, 0.000E+00, 1.000E+00, 0.000E+00, 0.000E+00, 0.000E+00, 0.000E+00, 1.607E+02, 5.518E+01, 5.000E-03, 0.000E+00, 2.000E+02, 2.884E-03, 3.710E+00
26/05/2019,00:00,9,3.491,3.991,10.414,.844,.197, 9.968E+02, 9.738E+01, 6.564E-01, 3.469E-16, 0.000E+00, 0.000E+00, 0.000E+00, 0.000E+00,-1.567E+01, 1.549E+01, 2.403E+00, 3.500E-01, 1.308E-01,-9.990E+02, 1.000E+00,-9.990E+02, 0.000E+00, 0.000E+00, 0.000E+00, 1.000E+00, 0.000E+00, 0.000E+00, 0.000E+00, 0.000E+00, 1.404E+02, 5.225E+01, 5.000E-03, 0.000E+00, 2.000E+02, 2.960E-03, 3.759E+00
26/05/2019,01:00,9,3.491,3.991,10.208,.889,.139, 9.958E+02, 9.433E+01, 6.564E-01, 3.469E-16, 0.000E+00, 0.000E+00, 0.000E+00, 0.000E+00,-1.567E+01, 1.549E+01, 2.568E+00, 3.501E-01, 1.398E-01,-9.990E+02, 1.000E+00,-9.990E+02, 0.000E+00, 0.000E+00, 0.000E+00, 1.000E+00, 0.000E+00, 0.000E+00, 0.000E+00, 0.000E+00, 1.314E+02, 4.889E+01, 7.672E-03, 0.000E+00, 1.303E+02, 3.856E-03, 3.200E+00
26/05/2019,02:00,9,3.491,3.991,10.002,.933,.083, 9.949E+02, 8.977E+01, 6.564E-01, 3.469E-16, 2.034E-21, 2.905E-01, 0.000E+00, 0.000E+00,-1.567E+01, 1.549E+01, 2.944E+00, 3.501E-01, 1.603E-01,-9.990E+02, 1.000E+00,-9.990E+02, 0.000E+00, 0.000E+00, 0.000E+00, 1.000E+00, 0.000E+00, 0.000E+00, 0.000E+00, 0.000E+00, 1.146E+02, 4.264E+01, 1.578E-02, 0.000E+00, 6.337E+01, 5.685E-03, 2.301E+00
26/05/2019,03:00,9,3.491,3.991,9.796,.977,.028, 9.939E+02, 8.400E+01, 1.398E-01, 3.469E-16, 5.595E-01, 1.184E+01, 6.267E+00, 3.593E+00,-3.971E+00, 6.137E+01, 3.464E+00, 5.021E-01, 2.041E-01, 5.992E-02, 1.000E+00, 1.428E-01, 2.272E-01, 1.000E-02, 1.000E+00, 1.000E+00, 1.428E-03, 9.068E-06, 1.443E-05, 0.000E+00, 8.314E+01, 3.349E+01, 2.814E-02, 4.341E-05, 3.548E+01, 8.115E-03, 1.560E+00
26/05/2019,04:00,9,3.491,3.991,9.645,.967,.040, 9.929E+02, 7.733E+01, 1.398E-01, 3.469E-16, 2.912E+00, 3.361E+01, 1.689E+01, 1.025E+01,-3.971E+00, 6.137E+01, 3.438E+00, 5.022E-01, 2.026E-01, 1.256E-01, 1.000E+00, 3.637E-01, 5.007E-01, 1.000E-02, 1.000E+00, 1.000E+00, 3.637E-03, 2.309E-05, 3.179E-05, 0.000E+00, 8.375E+01, 3.374E+01, 2.452E-02, 1.105E-04, 4.060E+01, 7.753E-03, 1.477E+00
26/05/2019,05:00,9,3.491,3.991,9.495,.957,.051, 9.919E+02, 7.009E+01, 1.398E-01, 3.469E-16, 6.071E+00, 5.832E+01, 2.671E+01, 1.780E+01,-3.971E+00, 6.137E+01, 3.447E+00, 5.023E-01, 2.031E-01, 1.940E-01, 1.000E+00, 5.477E-01, 6.667E-01, 1.000E-02, 1.000E+00, 1.000E+00, 5.477E-03, 3.475E-05, 4.230E-05, 0.000E+00, 8.353E+01, 3.365E+01, 2.137E-02, 1.664E-04, 4.643E+01, 7.430E-03, 1.395E+00
26/05/2019,06:00,9,3.491,3.991,9.344,.948,.061, 9.910E+02, 6.261E+01, 9.856E-01, 3.469E-16, 2.245E+00, 6.335E+01, 2.160E+01, 1.916E+01, 4.840E+00, 8.693E+01, 3.490E+00, 4.991E-01, 2.088E-01, 2.576E-01, 1.000E+00, 5.565E-01, 5.887E-01, 1.000E-02, 1.000E+00, 1.000E+00, 5.565E-03, 3.529E-05, 3.733E-05, 0.000E+00, 7.947E+01, 3.273E+01, 1.863E-02, 1.690E-04, 5.321E+01, 7.205E-03, 1.486E+00
26/05/2019,07:00,9,3.491,3.991,9.282,.964,.043, 9.901E+02, 5.529E+01, 9.856E-01, 3.469E-16, 2.998E+00, 7.919E+01, 2.658E+01, 2.395E+01, 4.840E+00, 8.693E+01, 3.715E+00, 4.993E-01, 2.223E-01, 3.110E-01, 1.000E+00, 6.385E-01, 6.649E-01, 1.000E-02, 1.000E+00, 1.000E+00, 6.385E-03, 4.048E-05, 4.216E-05, 0.000E+00, 7.466E+01, 3.075E+01, 2.484E-02, 1.938E-04, 3.994E+01, 8.308E-03, 1.379E+00
26/05/2019,08:00,9,3.491,3.991,9.219,.979,.024, 9.892E+02, 4.858E+01, 9.856E-01, 3.469E-16, 3.641E+00, 9.159E+01, 3.045E+01, 2.769E+01, 4.840E+00, 8.693E+01, 4.010E+00, 4.995E-01, 2.399E-01, 3.519E-01, 1.000E+00, 6.919E-01, 7.141E-01, 1.000E-02, 1.000E+00, 1.000E+00, 6.919E-03, 4.386E-05, 4.527E-05, 0.000E+00, 6.917E+01, 2.849E+01, 2.872E-02, 2.100E-04, 3.456E+01, 9.169E-03, 1.358E+00
26/05/2019,09:00,9,3.491,3.991,9.157,.995,.006, 9.883E+02, 4.312E+01, 6.384E-01, 3.469E-16, 6.868E+00, 1.080E+02, 3.741E+01, 3.271E+01,-7.684E+00, 1.191E+02, 4.361E+00, 5.626E-01, 2.563E-01, 3.799E-01, 1.000E+00, 7.569E-01, 7.854E-01, 1.000E-02, 1.000E+00, 1.000E+00, 7.569E-03, 4.797E-05, 4.977E-05, 0.000E+00, 6.641E+01, 2.667E+01, 3.831E-02, 2.297E-04, 2.595E+01, 1.043E-02, 1.379E+00
26/05/2019,10:00,9,3.491,3.991,9.491,.969,.037, 9.880E+02, 3.965E+01, 6.384E-01, 3.469E-16, 7.339E+00, 1.131E+02, 3.903E+01, 3.426E+01,-7.684E+00, 1.191E+02, 4.012E+00, 5.630E-01, 2.358E-01, 3.954E-01, 1.000E+00, 7.729E-01, 7.991E-01, 1.000E-02, 1.000E+00, 1.000E+00, 7.729E-03, 4.904E-05, 5.071E-05, 0.000E+00, 7.219E+01, 2.899E+01, 2.465E-02, 2.348E-04, 4.018E+01, 8.609E-03, 1.591E+00
26/05/2019,11:00,9,3.491,3.991,9.825,.944,.069, 9.876E+02, 3.883E+01, 6.384E-01, 3.469E-16, 7.446E+00, 1.143E+02, 3.938E+01, 3.460E+01,-7.684E+00, 1.191E+02, 3.761E+00, 5.635E-01, 2.210E-01, 3.988E-01, 1.000E+00, 7.762E-01, 8.021E-01, 1.000E-02, 1.000E+00, 1.000E+00, 7.762E-03, 4.931E-05, 5.095E-05, 0.000E+00, 7.702E+01, 3.093E+01, 1.831E-02, 2.361E-04, 5.391E+01, 7.408E-03, 1.732E+00
26/05/2019,12:00,9,3.491,3.991,10.160,.918,.102, 9.872E+02, 4.085E+01, 6.348E-01, 3.469E-16, 3.508E+02, 7.194E+01, 2.622E+02, 3.033E+01,-6.256E-01, 1.202E+02, 3.626E+00, 5.329E-01, 2.152E-01, 3.902E-01, 1.000E+00, 8.248E-01, 1.000E+00, 1.000E-02, 1.000E+00, 1.000E+00, 8.248E-03, 5.246E-05, 6.360E-05, 0.000E+00, 7.834E+01, 3.177E+01, 1.180E-02, 2.512E-04, 8.300E+01, 6.017E-03, 1.623E+00
26/05/2019,13:00,9,3.491,3.991,9.905,.926,.090, 9.880E+02, 4.527E+01, 6.348E-01, 3.469E-16, 3.205E+02, 7.545E+01, 2.588E+02, 3.107E+01,-6.256E-01, 1.202E+02, 2.877E+00, 5.324E-01, 1.707E-01, 3.694E-01, 1.000E+00, 8.243E-01, 1.000E+00, 1.000E-02, 1.000E+00, 1.000E+00, 8.243E-03, 5.238E-05, 6.354E-05, 0.000E+00, 9.874E+01, 4.004E+01, 1.372E-02, 2.508E-04, 7.156E+01, 5.669E-03, 1.426E+00
26/05/2019,14:00,9,3.491,3.991,9.651,.935,.079, 9.888E+02, 5.135E+01, 6.348E-01, 3.469E-16, 2.753E+02, 7.826E+01, 2.517E+02, 3.133E+01,-6.256E-01, 1.202E+02, 3.484E+00, 5.320E-01, 2.067E-01, 3.359E-01, 1.000E+00, 8.169E-01, 1.000E+00, 1.000E-02, 1.000E+00, 1.000E+00, 8.169E-03, 5.186E-05, 6.348E-05, 0.000E+00, 8.154E+01, 3.307E+01, 1.724E-02, 2.483E-04, 5.717E+01, 6.956E-03, 1.091E+00
26/05/2019,15:00,9,3.491,3.991,9.397,.943,.067, 9.897E+02, 5.838E+01, 1.064E-01, 3.469E-16, 2.047E+02, 7.267E+01, 2.235E+02, 2.827E+01, 2.277E+01, 1.281E+02, 4.973E+00, 7.285E-01, 2.986E-01, 2.896E-01, 1.000E+00, 7.778E-01, 9.999E-01, 1.000E-02, 1.000E+00, 1.000E+00, 7.778E-03, 4.934E-05, 6.342E-05, 0.000E+00, 5.520E+01, 2.289E+01, 2.340E-02, 2.362E-04, 4.231E+01, 9.791E-03, 8.036E-01
26/05/2019,16:00,9,3.491,3.991,9.062,.930,.081, 9.908E+02, 6.581E+01, 1.064E-01, 3.469E-16, 1.452E+02, 6.655E+01, 2.024E+02, 2.512E+01, 2.277E+01, 1.281E+02, 4.774E+00, 7.276E-01, 2.866E-01, 2.314E-01, 1.000E+00, 7.264E-01, 9.998E-01, 1.000E-02, 1.000E+00, 1.000E+00, 7.264E-03, 4.602E-05, 6.334E-05, 0.000E+00, 5.750E+01, 2.385E+01, 1.922E-02, 2.203E-04, 5.144E+01, 8.791E-03, 7.317E-01
26/05/2019,17:00,9,3.491,3.991,8.726,.917,.094, 9.920E+02, 7.322E+01, 1.064E-01, 3.469E-16, 8.502E+01, 5.386E+01, 1.668E+02, 1.958E+01, 2.277E+01, 1.281E+02, 4.576E+00, 7.268E-01, 2.748E-01, 1.650E-01, 1.000E+00, 6.266E-01, 9.990E-01, 1.000E-02, 1.000E+00, 1.000E+00, 6.266E-03, 3.965E-05, 6.321E-05, 0.000E+00, 5.998E+01, 2.488E+01, 1.563E-02, 1.898E-04, 6.321E+01, 7.800E-03, 6.463E-01
26/05/2019,18:00,9,3.491,3.991,8.391,.903,.107, 9.931E+02, 8.023E+01, 1.605E-03, 3.469E-16, 3.494E+01, 3.834E+01, 1.161E+02, 1.310E+01,-3.026E+01, 1.946E+01, 4.380E+00, 4.311E-01, 2.377E-01, 9.717E-02, 1.000E+00, 4.725E-01, 9.916E-01, 1.000E-02, 1.000E+00, 1.000E+00, 4.725E-03, 2.986E-05, 6.267E-05, 0.000E+00, 7.749E+01, 2.875E+01, 1.272E-02, 1.430E-04, 7.774E+01, 6.509E-03, 5.559E-01
26/05/2019,19:00,9,3.491,3.991,7.771,.923,.082, 9.937E+02, 8.654E+01, 1.605E-03, 3.469E-16, 1.798E+00, 1.446E+01, 1.933E+01, 4.445E+00,-3.026E+01, 1.946E+01, 3.655E+00, 4.305E-01, 1.983E-01, 3.461E-02, 1.000E+00, 1.803E-01, 5.484E-01, 1.000E-02, 1.000E+00, 1.000E+00, 1.803E-03, 1.137E-05, 3.458E-05, 0.000E+00, 9.294E+01, 3.447E+01, 1.738E-02, 5.443E-05, 5.734E+01, 6.741E-03, 5.381E-01
26/05/2019,20:00,9,3.491,3.991,7.151,.942,.058, 9.943E+02, 9.180E+01, 1.605E-03, 3.469E-16, 0.000E+00, 0.000E+00, 0.000E+00, 0.000E+00,-3.026E+01, 1.946E+01, 3.067E+00, 4.299E-01, 1.664E-01,-9.990E+02, 1.000E+00,-9.990E+02, 0.000E+00, 0.000E+00, 0.000E+00, 1.000E+00, 0.000E+00, 0.000E+00, 0.000E+00, 0.000E+00, 1.108E+02, 4.108E+01, 2.206E-02, 0.000E+00, 4.533E+01, 6.502E-03, 5.565E-01
26/05/2019,21:00,9,3.491,3.991,6.531,.962,.037, 9.949E+02, 9.572E+01, 1.343E-05, 3.469E-16, 0.000E+00, 0.000E+00, 0.000E+00, 0.000E+00,-2.874E+01,-5.189E+00, 2.709E+00, 2.682E-01, 1.174E-01,-9.990E+02, 1.000E+00,-9.990E+02, 0.000E+00, 0.000E+00, 0.000E+00, 1.000E+00, 0.000E+00, 0.000E+00, 0.000E+00, 0.000E+00, 1.967E+02, 5.824E+01, 2.808E-02, 0.000E+00, 3.561E+01, 5.180E-03, 6.819E-01
26/05/2019,22:00,9,3.491,3.991,6.328,.961,.038, 9.951E+02, 9.802E+01, 1.343E-05, 3.469E-16, 0.000E+00, 0.000E+00, 0.000E+00, 0.000E+00,-2.874E+01,-5.189E+00, 2.739E+00, 2.681E-01, 1.186E-01,-9.990E+02, 1.000E+00,-9.990E+02, 0.000E+00, 0.000E+00, 0.000E+00, 1.000E+00, 0.000E+00, 0.000E+00, 0.000E+00, 0.000E+00, 1.947E+02, 5.763E+01, 2.840E-02, 0.000E+00, 3.521E+01, 5.236E-03, 8.267E-01
26/05/2019,23:00,9,3.491,3.991,6.126,.959,.039, 9.953E+02, 9.853E+01, 1.343E-05, 3.469E-16, 0.000E+00, 0.000E+00, 0.000E+00, 0.000E+00,-2.874E+01,-5.189E+00, 2.768E+00, 2.680E-01, 1.199E-01,-9.990E+02, 1.000E+00,-9.990E+02, 0.000E+00, 0.000E+00, 0.000E+00, 1.000E+00, 0.000E+00, 0.000E+00, 0.000E+00, 0.000E+00, 1.927E+02, 5.703E+01, 2.491E-02, 0.000E+00, 4.015E+01, 5.146E-03, 9.054E-01
27/05/2019,00:00,9,3.491,3.991,5.923,.958,.039, 9.956E+02, 9.721E+01, 0.000E+00, 3.469E-16, 0.000E+00, 0.000E+00, 0.000E+00, 0.000E+00,-1.483E+01,-3.038E+00, 2.798E+00, 1.865E-01, 1.059E-01,-9.990E+02, 1.000E+00,-9.990E+02, 0.000E+00, 0.000E+00, 0.000E+00, 1.000E+00, 0.000E+00, 0.000E+00, 0.000E+00, 0.000E+00, 2.494E+02, 6.453E+01, 2.521E-02, 0.000E+00, 3.966E+01, 4.608E-03, 9.973E-01
27/05/2019,01:00,9,3.491,3.991,5.785,.957,.039, 9.958E+02, 9.417E+01, 0.000E+00, 3.469E-16, 0.000E+00, 0.000E+00, 0.000E+00, 0.000E+00,-1.483E+01,-3.038E+00, 2.465E+00, 1.864E-01, 1.000E-01,-9.990E+02, 1.000E+00,-9.990E+02, 0.000E+00, 0.000E+00, 0.000E+00, 1.000E+00, 0.000E+00, 0.000E+00, 0.000E+00, 0.000E+00, 2.643E+02, 6.835E+01, 2.543E-02, 0.000E+00, 3.933E+01, 4.402E-03, 1.146E+00
27/05/2019,02:00,9,3.491,3.991,5.647,.957,.039, 9.961E+02, 8.962E+01, 0.000E+00, 3.469E-16, 3.549E-12, 1.569E+00, 0.000E+00, 0.000E+00,-1.483E+01,-3.038E+00, 2.132E+00, 1.864E-01, 1.000E-01,-9.990E+02, 1.000E+00,-9.990E+02, 0.000E+00, 0.000E+00, 0.000E+00, 1.000E+00, 0.000E+00, 0.000E+00, 0.000E+00, 0.000E+00, 2.644E+02, 6.835E+01, 2.565E-02, 0.000E+00, 3.898E+01, 4.408E-03, 1.288E+00
27/05/2019,03:00,9,3.491,3.991,5.509,.957,.039, 9.964E+02, 8.386E+01, 1.180E-04, 3.469E-16, 5.483E+00, 2.191E+01, 3.249E+01, 6.860E+00, 2.574E+01, 4.749E+01, 1.799E+00, 1.644E-01, 1.361E-01, 6.127E-02, 1.000E+00, 2.759E-01, 7.372E-01, 1.000E-02, 1.000E+00, 1.000E+00, 2.759E-03, 1.726E-05, 4.612E-05, 0.000E+00, 8.050E+01, 5.023E+01, 2.588E-02, 8.264E-05, 3.851E+01, 6.418E-03, 1.459E+00
27/05/2019,04:00,9,3.491,3.991,6.860,.910,.089, 9.964E+02, 7.720E+01, 1.180E-04, 3.469E-16, 2.739E+01, 5.171E+01, 7.854E+01, 1.673E+01, 2.574E+01, 4.749E+01, 1.083E+00, 1.648E-01, 1.000E-01, 1.269E-01, 1.000E+00, 5.563E-01, 9.605E-01, 1.000E-02, 1.000E+00, 1.000E+00, 5.563E-03, 3.497E-05, 6.037E-05, 0.000E+00, 1.097E+02, 6.835E+01, 1.351E-02, 1.674E-04, 7.312E+01, 4.295E-03, 1.477E+00
27/05/2019,05:00,9,3.491,3.991,8.211,.863,.149, 9.963E+02, 6.996E+01, 1.180E-04, 3.469E-16, 5.662E+01, 8.196E+01, 1.094E+02, 2.681E+01, 2.574E+01, 4.749E+01, 6.319E-01, 1.652E-01, 1.000E-01, 1.951E-01, 1.000E+00, 7.306E-01, 9.889E-01, 1.000E-02, 1.000E+00, 1.000E+00, 7.306E-03, 4.615E-05, 6.246E-05, 0.000E+00, 1.098E+02, 6.835E+01, 6.209E-03, 2.209E-04, 1.555E+02, 3.171E-03, 2.048E+00
27/05/2019,06:00,9,3.491,3.991,9.562,.816,.220, 9.963E+02, 6.249E+01, 1.296E-02, 3.469E-16, 1.507E+02, 8.154E+01, 1.927E+02, 2.956E+01, 1.667E+02, 1.306E+02, 9.554E-01, 2.857E-01, 1.000E-01, 2.586E-01, 1.000E+00, 7.801E-01, 9.996E-01, 1.000E-02, 1.000E+00, 1.000E+00, 7.801E-03, 4.951E-05, 6.344E-05, 0.000E+00, 1.054E+02, 6.835E+01, 5.000E-03, 2.370E-04, 1.909E+02, 2.873E-03, 3.136E+00
27/05/2019,07:00,9,3.491,3.991,10.881,.740,.339, 9.961E+02, 5.516E+01, 1.296E-02, 3.469E-16, 2.010E+02, 8.965E+01, 2.089E+02, 3.298E+01, 1.667E+02, 1.306E+02, 8.105E-01, 2.864E-01, 1.000E-01, 3.119E-01, 1.000E+00, 8.227E-01, 9.998E-01, 1.000E-02, 1.000E+00, 1.000E+00, 8.227E-03, 5.246E-05, 6.375E-05, 0.000E+00, 1.055E+02, 6.835E+01, 5.000E-03, 2.511E-04, 1.904E+02, 2.877E-03, 2.210E+00
27/05/2019,08:00,9,3.491,3.991,12.199,.664,.479, 9.959E+02, 4.845E+01, 1.296E-02, 3.469E-16, 2.440E+02, 9.261E+01, 2.184E+02, 3.451E+01, 1.667E+02, 1.306E+02, 8.378E-01, 2.871E-01, 1.000E-01, 3.526E-01, 1.000E+00, 8.434E-01, 9.999E-01, 2.826E-02, 1.000E+00, 1.000E+00, 2.383E-02, 1.527E-04, 1.810E-04, 0.000E+00, 1.056E+02, 6.835E+01, 5.000E-03, 7.309E-04, 1.745E+02, 3.014E-03, 2.129E+00
27/05/2019,09:00,9,3.491,3.991,13.518,.589,.640, 9.957E+02, 4.297E+01, 7.603E-02, 3.469E-16, 9.620E+01, 1.620E+02, 1.170E+02, 5.125E+01, 1.041E+02, 1.284E+02, 1.024E+00, 3.819E-01, 1.000E-01, 3.806E-01, 1.000E+00, 9.216E-01, 9.919E-01, 2.051E-01, 1.000E+00, 1.000E+00, 1.890E-01, 1.216E-03, 1.309E-03, 0.000E+00, 1.305E+02, 6.835E+01, 5.000E-03, 5.823E-03, 9.240E+01, 3.808E-03, 2.223E+00
27/05/2019,10:00,9,3.491,3.991,13.075,.605,.597, 9.956E+02, 3.949E+01, 7.603E-02, 3.469E-16, 1.028E+02, 1.680E+02, 1.197E+02, 5.311E+01, 1.041E+02, 1.284E+02, 9.897E-01, 3.816E-01, 1.000E-01, 3.961E-01, 1.000E+00, 9.292E-01, 9.927E-01, 1.476E-01, 1.000E+00, 1.000E+00, 1.372E-01, 8.814E-04, 9.417E-04, 0.000E+00, 1.305E+02, 6.835E+01, 5.000E-03, 4.220E-03, 1.085E+02, 3.589E-03, 2.002E+00
27/05/2019,11:00,9,3.491,3.991,12.632,.621,.556, 9.956E+02, 3.866E+01, 7.603E-02, 3.469E-16, 1.043E+02, 1.693E+02, 1.203E+02, 5.352E+01, 1.041E+02, 1.284E+02, 1.061E+00, 3.813E-01, 1.000E-01, 3.995E-01, 1.000E+00, 9.307E-01, 9.929E-01, 8.819E-02, 1.000E+00, 1.000E+00, 8.208E-02, 5.266E-04, 5.618E-04, 0.000E+00, 1.304E+02, 6.835E+01, 5.000E-03, 2.521E-03, 1.330E+02, 3.299E-03, 2.025E+00
27/05/2019,12:00,9,3.491,3.991,12.189,.637,.517, 9.956E+02, 4.068E+01, 3.713E-01, 3.469E-16, 8.662E+01, 1.659E+02, 1.092E+02, 5.213E+01,-6.721E+00, 9.455E+01, 1.220E+00, 4.269E-01, 1.000E-01, 3.909E-01, 1.000E+00, 9.243E-01, 9.888E-01, 2.676E-02, 1.000E+00, 1.000E+00, 2.473E-02, 1.584E-04, 1.695E-04, 0.000E+00, 1.720E+02, 6.835E+01, 5.000E-03, 7.584E-04, 1.737E+02, 2.833E-03, 2.129E+00
27/05/2019,13:00,9,3.491,3.991,11.511,.734,.362, 9.955E+02, 4.511E+01, 3.713E-01, 3.469E-16, 7.919E+01, 1.575E+02, 1.056E+02, 4.950E+01,-6.721E+00, 9.455E+01, 1.805E+00, 4.264E-01, 1.050E-01, 3.702E-01, 1.000E+00, 9.130E-01, 9.870E-01, 1.000E-02, 1.000E+00, 1.000E+00, 9.130E-03, 5.834E-05, 6.307E-05, 0.000E+00, 1.639E+02, 6.512E+01, 5.000E-03, 2.793E-04, 1.894E+02, 2.776E-03, 1.902E+00
27/05/2019,14:00,9,3.491,3.991,10.833,.832,.219, 9.954E+02, 5.119E+01, 3.713E-01, 3.469E-16, 6.807E+01, 1.434E+02, 9.943E+01, 4.512E+01,-6.721E+00, 9.455E+01, 2.402E+00, 4.259E-01, 1.397E-01, 3.369E-01, 1.000E+00, 8.907E-01, 9.833E-01, 1.000E-02, 1.000E+00, 1.000E+00, 8.907E-03, 5.678E-05, 6.268E-05, 0.000E+00, 1.232E+02, 4.894E+01, 5.000E-03, 2.719E-04, 1.897E+02, 3.144E-03, 1.647E+00
27/05/2019,15:00,9,3.491,3.991,10.156,.929,.089, 9.953E+02, 5.823E+01, 1.983E-02, 3.469E-16, 3.022E+01, 1.139E+02, 6.396E+01, 3.527E+01,-1.351E+01, 5.011E+01, 3.004E+00, 3.230E-01, 1.622E-01, 2.907E-01, 1.000E+00, 8.128E-01, 9.280E-01, 1.000E-02, 1.000E+00, 1.000E+00, 8.128E-03, 5.169E-05, 5.902E-05, 0.000E+00, 1.141E+02, 4.214E+01, 1.361E-02, 2.475E-04, 7.217E+01, 5.451E-03, 1.607E+00
27/05/2019,16:00,9,3.491,3.991,10.181,.910,.112, 9.954E+02, 6.566E+01, 1.983E-02, 3.469E-16, 2.149E+01, 8.880E+01, 5.358E+01, 2.750E+01,-1.351E+01, 5.011E+01, 2.942E+00, 3.230E-01, 1.589E-01, 2.327E-01, 1.000E+00, 7.267E-01, 8.896E-01, 1.000E-02, 1.000E+00, 1.000E+00, 7.267E-03, 4.622E-05, 5.658E-05, 0.000E+00, 1.165E+02, 4.302E+01, 1.179E-02, 2.213E-04, 8.327E+01, 5.079E-03, 1.852E+00
27/05/2019,17:00,9,3.491,3.991,10.206,.891,.135, 9.955E+02, 7.306E+01, 1.983E-02, 3.469E-16, 1.265E+01, 5.999E+01, 4.029E+01, 1.857E+01,-1.351E+01, 5.011E+01, 2.881E+00, 3.230E-01, 1.556E-01, 1.665E-01, 1.000E+00, 5.799E-01, 8.093E-01, 1.000E-02, 1.000E+00, 1.000E+00, 5.799E-03, 3.689E-05, 5.148E-05, 0.000E+00, 1.190E+02, 4.394E+01, 8.851E-03, 1.766E-04, 1.108E+02, 4.409E-03, 1.864E+00
27/05/2019,18:00,9,3.491,3.991,10.231,.873,.159, 9.955E+02, 8.008E+01, 1.900E-03, 3.469E-16, 1.011E+01, 3.616E+01, 4.069E+01, 1.134E+01,-3.326E+01, 2.667E+01, 2.820E+00, 3.148E-01, 1.324E-01, 9.871E-02, 1.000E+00, 4.162E-01, 8.124E-01, 1.000E-02, 1.000E+00, 1.000E+00, 4.162E-03, 2.648E-05, 5.168E-05, 0.000E+00, 1.610E+02, 5.164E+01, 6.646E-03, 1.268E-04, 1.476E+02, 3.497E-03, 1.950E+00
27/05/2019,19:00,9,3.491,3.991,9.776,.875,.152, 9.955E+02, 8.638E+01, 1.900E-03, 3.469E-16, 5.996E-01, 1.006E+01, 7.805E+00, 3.060E+00,-3.326E+01, 2.667E+01, 2.889E+00, 3.146E-01, 1.355E-01, 3.620E-02, 1.000E+00, 1.239E-01, 2.746E-01, 1.000E-02, 1.000E+00, 1.000E+00, 1.239E-03, 7.871E-06, 1.744E-05, 0.000E+00, 1.573E+02, 5.043E+01, 6.748E-03, 3.769E-05, 1.474E+02, 3.540E-03, 2.066E+00
27/05/2019,20:00,9,3.491,3.991,9.320,.877,.145, 9.955E+02, 9.164E+01, 1.900E-03, 3.469E-16, 0.000E+00, 0.000E+00, 0.000E+00, 0.000E+00,-3.326E+01, 2.667E+01, 2.973E+00, 3.143E-01, 1.394E-01,-9.990E+02, 1.000E+00,-9.990E+02, 0.000E+00, 0.000E+00, 0.000E+00, 1.000E+00, 0.000E+00, 0.000E+00, 0.000E+00, 0.000E+00, 1.530E+02, 4.903E+01, 6.858E-03, 0.000E+00, 1.458E+02, 3.608E-03, 2.199E+00
27/05/2019,21:00,9,3.491,3.991,8.865,.879,.138, 9.955E+02, 9.555E+01, 1.973E-01, 3.469E-16, 0.000E+00, 0.000E+00, 0.000E+00, 0.000E+00,-3.384E+01, 1.453E+01, 3.072E+00, 4.025E-01, 1.616E-01,-9.990E+02, 1.000E+00,-9.990E+02, 0.000E+00, 0.000E+00, 0.000E+00, 1.000E+00, 0.000E+00, 0.000E+00, 0.000E+00, 0.000E+00, 1.177E+02, 4.231E+01, 6.976E-03, 0.000E+00, 1.434E+02, 3.916E-03, 2.426E+00
27/05/2019,22:00,9,3.491,3.991,8.534,.907,.104, 9.956E+02, 9.785E+01, 1.973E-01, 3.469E-16, 0.000E+00, 0.000E+00, 0.000E+00, 0.000E+00,-3.384E+01, 1.453E+01, 3.180E+00, 4.022E-01, 1.672E-01,-9.990E+02, 1.000E+00,-9.990E+02, 0.000E+00, 0.000E+00, 0.000E+00, 1.000E+00, 0.000E+00, 0.000E+00, 0.000E+00, 0.000E+00, 1.137E+02, 4.088E+01, 1.085E-02, 0.000E+00, 9.217E+01, 4.990E-03, 2.391E+00
27/05/2019,23:00,9,3.491,3.991,8.203,.934,.072, 9.957E+02, 9.837E+01, 1.973E-01, 3.469E-16, 0.000E+00, 0.000E+00, 0.000E+00, 0.000E+00,-3.384E+01, 1.453E+01, 3.288E+00, 4.020E-01, 1.729E-01,-9.990E+02, 1.000E+00,-9.990E+02, 0.000E+00, 0.000E+00, 0.000E+00, 1.000E+00, 0.000E+00, 0.000E+00, 0.000E+00, 0.000E+00, 1.100E+02, 3.954E+01, 1.688E-02, 0.000E+00, 5.923E+01, 6.100E-03, 2.264E+00
28/05/2019,00:00,9,3.491,3.991,7.872,.961,.041, 9.958E+02, 9.706E+01, 2.352E-02, 3.469E-16, 0.000E+00, 0.000E+00, 0.000E+00, 0.000E+00,-3.028E+01, 1.221E+01, 3.397E+00, 4.634E-01, 1.876E-01,-9.990E+02, 1.000E+00,-9.990E+02, 0.000E+00, 0.000E+00, 0.000E+00, 1.000E+00, 0.000E+00, 0.000E+00, 0.000E+00, 0.000E+00, 9.656E+01, 3.644E+01, 2.629E-02, 0.000E+00, 3.804E+01, 7.458E-03, 2.157E+00
28/05/2019,01:00,9,3.491,3.991,8.073,.959,.044, 9.959E+02, 9.403E+01, 2.352E-02, 3.469E-16, 0.000E+00, 0.000E+00, 0.000E+00, 0.000E+00,-3.028E+01, 1.221E+01, 3.369E+00, 4.636E-01, 1.860E-01,-9.990E+02, 1.000E+00,-9.990E+02, 0.000E+00, 0.000E+00, 0.000E+00, 1.000E+00, 0.000E+00, 0.000E+00, 0.000E+00, 0.000E+00, 9.737E+01, 3.675E+01, 2.259E-02, 0.000E+00, 4.427E+01, 7.086E-03, 2.254E+00
28/05/2019,02:00,9,3.491,3.991,8.275,.957,.047, 9.960E+02, 8.949E+01, 2.352E-02, 3.469E-16, 8.178E-09, 2.093E+00, 0.000E+00, 0.000E+00,-3.028E+01, 1.221E+01, 3.402E+00, 4.637E-01, 1.879E-01,-9.990E+02, 1.000E+00,-9.990E+02, 0.000E+00, 0.000E+00, 0.000E+00, 1.000E+00, 0.000E+00, 0.000E+00, 0.000E+00, 0.000E+00, 9.640E+01, 3.639E+01, 2.240E-02, 0.000E+00, 4.464E+01, 7.115E-03, 2.240E+00
28/05/2019,03:00,9,3.491,3.991,8.476,.954,.051, 9.961E+02, 8.373E+01, 5.032E-02, 3.469E-16, 9.086E+00, 2.366E+01, 4.915E+01, 7.556E+00, 8.545E+00, 5.083E+01, 3.496E+00, 5.613E-01, 2.095E-01, 6.257E-02, 1.000E+00, 3.047E-01, 8.675E-01, 1.000E-02, 1.000E+00, 1.000E+00, 3.047E-03, 1.926E-05, 5.485E-05, 0.000E+00, 7.897E+01, 3.263E+01, 2.221E-02, 9.223E-05, 4.483E+01, 7.685E-03, 2.077E+00
28/05/2019,04:00,9,3.491,3.991,9.381,.902,.116, 9.965E+02, 7.707E+01, 5.032E-02, 3.469E-16, 4.364E+01, 4.916E+01, 1.142E+02, 1.665E+01, 8.545E+00, 5.083E+01, 3.540E+00, 5.622E-01, 2.122E-01, 1.281E-01, 1.000E+00, 5.592E-01, 9.909E-01, 1.000E-02, 1.000E+00, 1.000E+00, 5.592E-03, 3.547E-05, 6.285E-05, 0.000E+00, 7.798E+01, 3.222E+01, 1.050E-02, 1.698E-04, 9.369E+01, 5.621E-03, 1.822E+00
28/05/2019,05:00,9,3.491,3.991,10.286,.850,.189, 9.968E+02, 6.984E+01, 5.032E-02, 3.469E-16, 8.942E+01, 7.218E+01, 1.548E+02, 2.508E+01, 8.545E+00, 5.083E+01, 3.654E+00, 5.630E-01, 2.190E-01, 1.962E-01, 1.000E+00, 7.131E-01, 9.983E-01, 1.000E-02, 1.000E+00, 1.000E+00, 7.131E-03, 4.537E-05, 6.352E-05, 0.000E+00, 7.556E+01, 3.122E+01, 5.000E-03, 2.172E-04, 1.917E+02, 3.659E-03, 1.867E+00
28/05/2019,06:00,9,3.491,3.991,11.191,.797,.270, 9.971E+02, 6.237E+01, 1.920E-01, 3.469E-16, 1.858E+02, 7.560E+01, 2.292E+02, 2.892E+01, 7.921E+01, 1.238E+02, 3.830E+00, 5.888E-01, 2.396E-01, 2.595E-01, 1.000E+00, 7.746E-01, 9.999E-01, 1.000E-02, 1.000E+00, 1.000E+00, 7.746E-03, 4.944E-05, 6.383E-05, 0.000E+00, 6.365E+01, 2.853E+01, 5.000E-03, 2.367E-04, 1.910E+02, 3.778E-03, 1.892E+00
28/05/2019,07:00,9,3.491,3.991,11.846,.783,.303, 9.975E+02, 5.504E+01, 1.920E-01, 3.469E-16, 2.474E+02, 7.929E+01, 2.471E+02, 3.122E+01, 7.921E+01, 1.238E+02, 3.580E+00, 5.893E-01, 2.240E-01, 3.127E-01, 1.000E+00, 8.097E-01, 1.000E+00, 1.000E-02, 1.000E+00, 1.000E+00, 8.097E-03, 5.180E-05, 6.398E-05, 0.000E+00, 6.812E+01, 3.052E+01, 5.000E-03, 2.480E-04, 1.905E+02, 3.711E-03, 1.821E+00
28/05/2019,08:00,9,3.491,3.991,12.501,.768,.337, 9.978E+02, 4.832E+01, 1.920E-01, 3.469E-16, 3.000E+02, 7.802E+01, 2.572E+02, 3.162E+01, 7.921E+01, 1.238E+02, 3.359E+00, 5.899E-01, 2.101E-01, 3.534E-01, 1.000E+00, 8.238E-01, 1.000E+00, 7.025E-02, 1.000E+00, 1.000E+00, 5.787E-02, 3.711E-04, 4.505E-04, 0.000E+00, 7.263E+01, 3.253E+01, 5.000E-03, 1.777E-03, 1.476E+02, 4.316E-03, 1.805E+00
28/05/2019,09:00,9,3.491,3.991,13.156,.754,.374, 9.981E+02, 4.283E+01, 1.067E-01, 3.469E-16, 7.016E+01, 1.604E+02, 9.793E+01, 5.010E+01, 1.935E+02, 1.614E+02, 3.173E+00, 5.923E-01, 2.069E-01, 3.812E-01, 1.000E+00, 9.144E-01, 9.822E-01, 1.583E-01, 1.000E+00, 1.000E+00, 1.447E-01, 9.302E-04, 9.992E-04, 0.000E+00, 6.840E+01, 3.304E+01, 5.000E-03, 4.454E-03, 1.058E+02, 5.266E-03, 1.849E+00
28/05/2019,10:00,9,3.491,3.991,13.847,.724,.439, 9.981E+02, 3.934E+01, 1.067E-01, 3.469E-16, 7.496E+01, 1.668E+02, 1.005E+02, 5.207E+01, 1.935E+02, 1.614E+02, 3.024E+00, 5.930E-01, 1.972E-01, 3.967E-01, 1.000E+00, 9.228E-01, 9.840E-01, 2.464E-01, 1.000E+00, 1.000E+00, 2.274E-01, 1.465E-03, 1.562E-03, 0.000E+00, 7.181E+01, 3.467E+01, 5.000E-03, 7.015E-03, 8.323E+01, 5.831E-03, 1.840E+00
28/05/2019,11:00,9,3.491,3.991,14.538,.693,.510, 9.982E+02, 3.850E+01, 1.067E-01, 3.469E-16, 7.605E+01, 1.682E+02, 1.011E+02, 5.250E+01, 1.935E+02, 1.614E+02, 2.876E+00, 5.937E-01, 1.875E-01, 4.001E-01, 1.000E+00, 9.245E-01, 9.844E-01, 3.297E-01, 1.000E+00, 1.000E+00, 3.049E-01, 1.969E-03, 2.096E-03, 0.000E+00, 7.554E+01, 3.646E+01, 5.000E-03, 9.426E-03, 6.932E+01, 6.167E-03, 1.855E+00
28/05/2019,12:00,9,3.491,3.991,15.230,.663,.587, 9.982E+02, 4.052E+01, 3.501E-01, 3.469E-16, 1.758E+02, 1.503E+02, 1.652E+02, 4.961E+01, 7.168E+01, 1.854E+02, 2.729E+00, 5.925E-01, 1.700E-01, 3.916E-01, 1.000E+00, 9.205E-01, 9.989E-01, 4.082E-01, 1.000E+00, 1.000E+00, 3.757E-01, 2.432E-03, 2.639E-03, 0.000E+00, 9.045E+01, 4.021E+01, 5.000E-03, 1.164E-02, 6.008E+01, 6.091E-03, 1.849E+00
28/05/2019,13:00,9,3.491,3.991,14.883,.687,.533, 9.981E+02, 4.495E+01, 3.501E-01, 3.469E-16, 1.608E+02, 1.449E+02, 1.614E+02, 4.783E+01, 7.168E+01, 1.854E+02, 2.896E+00, 5.921E-01, 1.804E-01, 3.710E-01, 1.000E+00, 9.116E-01, 9.987E-01, 3.694E-01, 1.000E+00, 1.000E+00, 3.368E-01, 2.177E-03, 2.386E-03, 0.000E+00, 8.523E+01, 3.789E+01, 5.000E-03, 1.043E-02, 6.483E+01, 6.137E-03, 1.719E+00
28/05/2019,14:00,9,3.491,3.991,14.536,.711,.482, 9.980E+02, 5.104E+01, 3.501E-01, 3.469E-16, 1.383E+02, 1.350E+02, 1.545E+02, 4.456E+01, 7.168E+01, 1.854E+02, 3.111E+00, 5.918E-01, 1.938E-01, 3.378E-01, 1.000E+00, 8.935E-01, 9.983E-01, 3.295E-01, 1.000E+00, 1.000E+00, 2.944E-01, 1.901E-03, 2.124E-03, 0.000E+00, 7.931E+01, 3.527E+01, 5.000E-03, 9.102E-03, 7.091E+01, 6.165E-03, 1.552E+00
28/05/2019,15:00,9,3.491,3.991,14.189,.734,.432, 9.979E+02, 5.808E+01, 2.886E-01, 3.469E-16, 2.195E+02, 7.752E+01, 2.378E+02, 3.016E+01,-8.641E+00, 7.370E+01, 3.366E+00, 4.225E-01, 1.944E-01, 2.918E-01, 1.000E+00, 7.951E-01, 9.999E-01, 2.883E-01, 1.000E+00, 1.000E+00, 2.292E-01, 1.479E-03, 1.860E-03, 0.000E+00, 8.908E+01, 3.516E+01, 5.000E-03, 7.079E-03, 8.279E+01, 5.711E-03, 1.299E+00
28/05/2019,16:00,9,3.491,3.991,13.484,.781,.341, 9.982E+02, 6.551E+01, 2.886E-01, 3.469E-16, 1.565E+02, 7.122E+01, 2.157E+02, 2.689E+01,-8.641E+00, 7.370E+01, 3.013E+00, 4.219E-01, 1.740E-01, 2.339E-01, 1.000E+00, 7.465E-01, 9.999E-01, 2.007E-01, 1.000E+00, 1.000E+00, 1.498E-01, 9.642E-04, 1.291E-03, 0.000E+00, 9.953E+01, 3.929E+01, 5.000E-03, 4.616E-03, 1.040E+02, 4.828E-03, 1.147E+00
28/05/2019,17:00,9,3.491,3.991,12.778,.827,.257, 9.984E+02, 7.291E+01, 2.886E-01, 3.469E-16, 9.258E+01, 5.800E+01, 1.786E+02, 2.110E+01,-8.641E+00, 7.370E+01, 2.668E+00, 4.213E-01, 1.541E-01, 1.679E-01, 1.000E+00, 6.506E-01, 9.994E-01, 1.081E-01, 1.000E+00, 1.000E+00, 7.030E-02, 4.513E-04, 6.932E-04, 0.000E+00, 1.124E+02, 4.437E+01, 5.000E-03, 2.160E-03, 1.397E+02, 3.904E-03, 1.104E+00
28/05/2019,18:00,9,3.491,3.991,12.072,.873,.179, 9.987E+02, 7.993E+01, 6.824E-03, 3.469E-16, 3.697E+01, 3.936E+01, 1.192E+02, 1.349E+01,-1.115E+01, 3.591E+00, 2.334E+00, 1.536E-01, 1.000E-01, 1.002E-01, 1.000E+00, 4.826E-01, 9.926E-01, 1.033E-02, 1.000E+00, 1.000E+00, 4.984E-03, 3.191E-05, 6.563E-05, 0.000E+00, 2.968E+02, 6.835E+01, 6.294E-03, 1.528E-04, 1.551E+02, 2.890E-03, 1.215E+00
28/05/2019,19:00,9,3.491,3.991,11.205,.889,.149, 9.986E+02, 8.622E+01, 6.824E-03, 3.469E-16, 2.479E+00, 1.573E+01, 2.368E+01, 4.863E+00,-1.115E+01, 3.591E+00, 2.478E+00, 1.534E-01, 1.000E-01, 3.774E-02, 1.000E+00, 1.979E-01, 6.224E-01, 1.000E-02, 1.000E+00, 1.000E+00, 1.979E-03, 1.263E-05, 3.973E-05, 0.000E+00, 2.974E+02, 6.835E+01, 7.439E-03, 6.049E-05, 1.333E+02, 3.084E-03, 1.606E+00
28/05/2019,20:00,9,3.491,3.991,10.338,.904,.121, 9.986E+02, 9.148E+01, 6.824E-03, 3.469E-16, 0.000E+00, 0.000E+00, 0.000E+00, 0.000E+00,-1.115E+01, 3.591E+00, 2.626E+00, 1.532E-01, 1.000E-01,-9.990E+02, 1.000E+00,-9.990E+02, 0.000E+00, 0.000E+00, 0.000E+00, 1.000E+00, 0.000E+00, 0.000E+00, 0.000E+00, 0.000E+00, 2.980E+02, 6.835E+01, 1.017E-02, 0.000E+00, 9.836E+01, 3.456E-03, 1.970E+00
28/05/2019,21:00,9,3.491,3.991,9.470,.919,.096, 9.985E+02, 9.539E+01, 0.000E+00, 3.469E-16, 0.000E+00, 0.000E+00, 0.000E+00, 0.000E+00,-4.457E+01, 7.233E+00, 2.779E+00, 3.051E-01, 1.188E-01,-9.990E+02, 1.000E+00,-9.990E+02, 0.000E+00, 0.000E+00, 0.000E+00, 1.000E+00, 0.000E+00, 0.000E+00, 0.000E+00, 0.000E+00, 1.969E+02, 5.754E+01, 1.208E-02, 0.000E+00, 8.279E+01, 4.192E-03, 2.608E+00
28/05/2019,22:00,9,3.491,3.991,8.799,.910,.102, 9.986E+02, 9.770E+01, 0.000E+00, 3.469E-16, 0.000E+00, 0.000E+00, 0.000E+00, 0.000E+00,-4.457E+01, 7.233E+00, 2.814E+00, 3.047E-01, 1.201E-01,-9.990E+02, 1.000E+00,-9.990E+02, 0.000E+00, 0.000E+00, 0.000E+00, 1.000E+00, 0.000E+00, 0.000E+00, 0.000E+00, 0.000E+00, 1.949E+02, 5.689E+01, 1.238E-02, 0.000E+00, 8.075E+01, 4.259E-03, 2.754E+00
28/05/2019,23:00,9,3.491,3.991,8.129,.901,.107, 9.986E+02, 9.822E+01, 0.000E+00, 3.469E-16, 0.000E+00, 0.000E+00, 0.000E+00, 0.000E+00,-4.457E+01, 7.233E+00, 3.149E+00, 3.044E-01, 1.343E-01,-9.990E+02, 1.000E+00,-9.990E+02, 0.000E+00, 0.000E+00, 0.000E+00, 1.000E+00, 0.000E+00, 0.000E+00, 0.000E+00, 0.000E+00, 1.745E+02, 5.088E+01, 1.103E-02, 0.000E+00, 9.064E+01, 4.378E-03, 2.348E+00
29/05/2019,00:00,9,3.491,3.991,7.458,.892,.112, 9.987E+02, 9.691E+01, 3.520E-05, 3.469E-16, 0.000E+00, 0.000E+00, 0.000E+00, 0.000E+00,-4.653E+01, 1.342E+01, 3.705E+00, 3.966E-01, 1.857E-01,-9.990E+02, 1.000E+00,-9.990E+02, 0.000E+00, 0.000E+00, 0.000E+00, 1.000E+00, 0.000E+00, 0.000E+00, 0.000E+00, 0.000E+00, 1.075E+02, 3.681E+01, 9.856E-03, 0.000E+00, 1.015E+02, 5.015E-03, 1.868E+00
29/05/2019,01:00,9,3.491,3.991,7.115,.866,.136, 9.990E+02, 9.389E+01, 3.520E-05, 3.469E-16, 0.000E+00, 0.000E+00, 0.000E+00, 0.000E+00,-4.653E+01, 1.342E+01, 3.667E+00, 3.962E-01, 1.837E-01,-9.990E+02, 1.000E+00,-9.990E+02, 0.000E+00, 0.000E+00, 0.000E+00, 1.000E+00, 0.000E+00, 0.000E+00, 0.000E+00, 0.000E+00, 1.087E+02, 3.721E+01, 7.048E-03, 0.000E+00, 1.419E+02, 4.151E-03, 1.636E+00
29/05/2019,02:00,9,3.491,3.991,6.773,.840,.158, 9.993E+02, 8.935E+01, 3.520E-05, 3.469E-16, 6.274E-07, 2.705E+00, 0.000E+00, 0.000E+00,-4.653E+01, 1.342E+01, 3.673E+00, 3.959E-01, 1.839E-01,-9.990E+02, 1.000E+00,-9.990E+02, 0.000E+00, 0.000E+00, 0.000E+00, 1.000E+00, 0.000E+00, 0.000E+00, 0.000E+00, 0.000E+00, 1.086E+02, 3.716E+01, 5.000E-03, 0.000E+00, 2.000E+02, 3.346E-03, 1.729E+00
29/05/2019,03:00,9,3.491,3.991,6.431,.814,.180, 9.996E+02, 8.361E+01, 3.520E-05, 3.469E-16, 1.297E+01, 2.615E+01, 6.673E+01, 8.489E+00, 4.761E+01, 6.039E+01, 3.722E+00, 6.835E-01, 2.265E-01, 6.380E-02, 1.000E+00, 3.356E-01, 9.357E-01, 1.000E-02, 1.000E+00, 1.000E+00, 3.356E-03, 2.106E-05, 5.873E-05, 0.000E+00, 7.089E+01, 3.018E+01, 5.000E-03, 1.008E-04, 1.960E+02, 3.641E-03, 1.901E+00
29/05/2019,04:00,9,3.491,3.991,7.597,.765,.245, 9.998E+02, 7.696E+01, 3.520E-05, 3.469E-16, 6.031E+01, 4.873E+01, 1.508E+02, 1.721E+01, 4.761E+01, 6.039E+01, 4.294E+00, 6.848E-01, 2.613E-01, 1.292E-01, 1.000E+00, 5.707E-01, 9.980E-01, 1.000E-02, 1.000E+00, 1.000E+00, 5.707E-03, 3.597E-05, 6.290E-05, 0.000E+00, 6.146E+01, 2.616E+01, 5.000E-03, 1.722E-04, 1.933E+02, 3.824E-03, 1.730E+00
29/05/2019,05:00,9,3.491,3.991,8.763,.717,.320, 1.000E+03, 6.973E+01, 3.520E-05, 3.469E-16, 1.227E+02, 6.615E+01, 2.016E+02, 2.449E+01, 4.761E+01, 6.039E+01, 4.905E+00, 6.861E-01, 2.984E-01, 1.972E-01, 1.000E+00, 7.068E-01, 9.997E-01, 1.000E-02, 1.000E+00, 1.000E+00, 7.068E-03, 4.473E-05, 6.327E-05, 0.000E+00, 5.382E+01, 2.290E+01, 5.000E-03, 2.142E-04, 1.918E+02, 3.977E-03, 1.653E+00
29/05/2019,06:00,9,3.491,3.991,9.930,.669,.405, 1.000E+03, 6.225E+01, 2.560E-03, 3.469E-16, 1.886E+02, 7.657E+01, 2.318E+02, 2.929E+01, 2.297E+02, 1.405E+02, 5.541E+00, 1.041E+00, 3.397E-01, 2.604E-01, 1.000E+00, 7.783E-01, 9.999E-01, 1.000E-02, 1.000E+00, 1.000E+00, 7.783E-03, 4.946E-05, 6.354E-05, 0.000E+00, 4.663E+01, 2.012E+01, 5.000E-03, 2.368E-04, 1.910E+02, 4.110E-03, 1.556E+00
29/05/2019,07:00,9,3.491,3.991,10.428,.607,.498, 1.001E+03, 5.492E+01, 2.560E-03, 3.469E-16, 2.508E+02, 8.023E+01, 2.498E+02, 3.159E+01, 2.297E+02, 1.405E+02, 6.005E+00, 1.041E+00, 3.681E-01, 3.134E-01, 1.000E+00, 8.128E-01, 1.000E+00, 1.000E-02, 1.000E+00, 1.000E+00, 8.128E-03, 5.174E-05, 6.366E-05, 0.000E+00, 4.304E+01, 1.857E+01, 5.000E-03, 2.477E-04, 1.906E+02, 4.187E-03, 1.161E+00
29/05/2019,08:00,9,3.491,3.991,10.926,.545,.596, 1.002E+03, 4.819E+01, 2.560E-03, 3.469E-16, 3.038E+02, 7.890E+01, 2.599E+02, 3.197E+01, 2.297E+02, 1.405E+02, 6.548E+00, 1.042E+00, 4.014E-01, 3.540E-01, 1.000E+00, 8.266E-01, 1.000E+00, 1.000E-02, 1.000E+00, 1.000E+00, 8.266E-03, 5.271E-05, 6.377E-05, 0.000E+00, 3.947E+01, 1.703E+01, 5.000E-03, 2.524E-04, 1.904E+02, 4.261E-03, 1.066E+00
29/05/2019,09:00,9,3.491,3.991,11.425,.483,.701, 1.002E+03, 4.270E+01, 7.129E-04, 3.469E-16, 3.313E+02, 7.261E+01, 2.556E+02, 3.023E+01, 2.539E+02, 2.311E+02, 7.153E+00, 1.288E+00, 4.334E-01, 3.819E-01, 1.000E+00, 8.217E-01, 1.000E+00, 1.000E-02, 1.000E+00, 1.000E+00, 8.217E-03, 5.249E-05, 6.388E-05, 0.000E+00, 3.735E+01, 1.577E+01, 5.000E-03, 2.513E-04, 1.904E+02, 4.319E-03, 1.091E+00
29/05/2019,10:00,9,3.491,3.991,11.896,.420,.811, 1.003E+03, 3.919E+01, 7.129E-04, 3.469E-16, 3.538E+02, 6.958E+01, 2.578E+02, 2.953E+01, 2.539E+02, 2.311E+02, 7.869E+00, 1.289E+00, 4.768E-01, 3.973E-01, 1.000E+00, 8.211E-01, 1.000E+00, 1.000E-02, 1.000E+00, 1.000E+00, 8.211E-03, 5.254E-05, 6.399E-05, 0.000E+00, 3.396E+01, 1.434E+01, 5.000E-03, 2.516E-04, 1.904E+02, 4.390E-03, 1.115E+00
29/05/2019,11:00,9,3.491,3.991,12.368,.357,.928, 1.004E+03, 3.835E+01, 7.129E-04, 3.469E-16, 3.590E+02, 6.880E+01, 2.582E+02, 2.934E+01, 2.539E+02, 2.311E+02, 8.626E+00, 1.289E+00, 5.227E-01, 4.008E-01, 1.000E+00, 8.207E-01, 1.000E+00, 5.194E-02, 1.000E+00, 1.000E+00, 4.262E-02, 2.732E-04, 3.329E-04, 0.000E+00, 3.098E+01, 1.308E+01, 5.000E-03, 1.308E-03, 1.585E+02, 5.191E-03, 1.128E+00
29/05/2019,12:00,9,3.491,3.991,12.840,.294,1.052, 1.005E+03, 4.037E+01, 4.354E-04, 3.469E-16, 2.390E+02, 1.225E+02, 1.996E+02, 4.277E+01, 1.031E+02, 2.113E+02, 9.414E+00, 1.010E+00, 5.689E-01, 3.923E-01, 1.000E+00, 8.953E-01, 9.997E-01, 1.164E-01, 1.000E+00, 1.000E+00, 1.042E-01, 6.693E-04, 7.474E-04, 0.000E+00, 2.861E+01, 1.202E+01, 5.000E-03, 3.204E-03, 1.219E+02, 6.526E-03, 1.096E+00
29/05/2019,13:00,9,3.491,3.991,13.013,.288,1.072, 1.006E+03, 4.480E+01, 4.354E-04, 3.469E-16, 2.186E+02, 1.203E+02, 1.959E+02, 4.191E+01, 1.031E+02, 2.113E+02, 8.241E+00, 1.009E+00, 4.980E-01, 3.718E-01, 1.000E+00, 8.878E-01, 9.997E-01, 1.394E-01, 1.000E+00, 1.000E+00, 1.238E-01, 7.953E-04, 8.955E-04, 0.000E+00, 3.269E+01, 1.373E+01, 5.000E-03, 3.808E-03, 1.135E+02, 6.695E-03, 1.057E+00
29/05/2019,14:00,9,3.491,3.991,13.185,.282,1.093, 1.007E+03, 5.089E+01, 4.354E-04, 3.469E-16, 1.881E+02, 1.151E+02, 1.890E+02, 3.993E+01, 1.031E+02, 2.113E+02, 7.068E+00, 1.009E+00, 4.271E-01, 3.386E-01, 1.000E+00, 8.718E-01, 9.996E-01, 1.621E-01, 1.000E+00, 1.000E+00, 1.414E-01, 9.087E-04, 1.042E-03, 0.000E+00, 3.811E+01, 1.601E+01, 5.000E-03, 4.351E-03, 1.069E+02, 6.724E-03, 1.003E+00
29/05/2019,15:00,9,3.491,3.991,13.358,.277,1.114, 1.008E+03, 5.793E+01, 7.443E-04, 3.469E-16, 2.252E+02, 7.959E+01, 2.430E+02, 3.094E+01,-3.477E+01, 1.180E+02, 5.895E+00, 5.540E-01, 3.334E-01, 2.928E-01, 1.000E+00, 8.019E-01, 1.000E+00, 1.845E-01, 1.000E+00, 1.000E+00, 1.480E-01, 9.518E-04, 1.187E-03, 0.000E+00, 5.305E+01, 2.050E+01, 5.000E-03, 4.557E-03, 1.046E+02, 6.307E-03, 8.648E-01
29/05/2019,16:00,9,3.491,3.991,12.784,.323,1.004, 1.009E+03, 6.537E+01, 7.443E-04, 3.469E-16, 1.608E+02, 7.323E+01, 2.205E+02, 2.763E+01,-3.477E+01, 1.180E+02, 5.063E+00, 5.532E-01, 2.863E-01, 2.352E-01, 1.000E+00, 7.545E-01, 9.999E-01, 1.089E-01, 1.000E+00, 1.000E+00, 8.214E-02, 5.272E-04, 6.987E-04, 0.000E+00, 6.179E+01, 2.388E+01, 5.000E-03, 2.524E-03, 1.329E+02, 5.110E-03, 7.311E-01
29/05/2019,17:00,9,3.491,3.991,12.210,.369,.900, 1.009E+03, 7.277E+01, 7.443E-04, 3.469E-16, 9.540E+01, 5.979E+01, 1.828E+02, 2.174E+01,-3.477E+01, 1.180E+02, 4.252E+00, 5.525E-01, 2.404E-01, 1.692E-01, 1.000E+00, 6.602E-01, 9.995E-01, 2.982E-02, 1.000E+00, 1.000E+00, 1.969E-02, 1.261E-04, 1.909E-04, 0.000E+00, 7.359E+01, 2.844E+01, 5.000E-03, 6.038E-04, 1.784E+02, 3.949E-03, 7.040E-01
29/05/2019,18:00,9,3.491,3.991,11.637,.416,.803, 1.010E+03, 7.978E+01, 3.520E-05, 3.469E-16, 3.764E+01, 3.991E+01, 1.197E+02, 1.368E+01,-6.978E+01, 3.285E+01, 3.477E+00, 4.343E-01, 1.708E-01, 1.016E-01, 1.000E+00, 4.875E-01, 9.927E-01, 1.000E-02, 1.000E+00, 1.000E+00, 4.875E-03, 3.117E-05, 6.347E-05, 0.000E+00, 1.192E+02, 4.001E+01, 5.000E-03, 1.492E-04, 1.942E+02, 3.324E-03, 7.451E-01
29/05/2019,19:00,9,3.491,3.991,10.466,.433,.721, 1.011E+03, 8.607E+01, 3.520E-05, 3.469E-16, 2.772E+00, 1.636E+01, 2.531E+01, 5.065E+00,-6.978E+01, 3.285E+01, 3.690E+00, 4.332E-01, 1.811E-01, 3.923E-02, 1.000E+00, 2.061E-01, 6.468E-01, 1.000E-02, 1.000E+00, 1.000E+00, 2.061E-03, 1.312E-05, 4.118E-05, 0.000E+00, 1.126E+02, 3.775E+01, 5.000E-03, 6.281E-05, 1.975E+02, 3.354E-03, 7.757E-01
29/05/2019,20:00,9,3.491,3.991,9.296,.450,.646, 1.012E+03, 9.133E+01, 3.520E-05, 3.469E-16, 0.000E+00, 0.000E+00, 0.000E+00, 0.000E+00,-6.978E+01, 3.285E+01, 3.989E+00, 4.322E-01, 1.955E-01,-9.990E+02, 1.000E+00,-9.990E+02, 0.000E+00, 0.000E+00, 0.000E+00, 1.000E+00, 0.000E+00, 0.000E+00, 0.000E+00, 0.000E+00, 1.044E+02, 3.496E+01, 5.000E-03, 0.000E+00, 2.000E+02, 3.410E-03, 8.961E-01
29/05/2019,21:00,9,3.491,3.991,8.126,.467,.578, 1.012E+03, 9.524E+01, 3.520E-05, 3.469E-16, 0.000E+00, 0.000E+00, 0.000E+00, 0.000E+00,-7.416E+01, 1.913E+01, 4.357E+00, 5.188E-01, 2.290E-01,-9.990E+02, 1.000E+00,-9.990E+02, 0.000E+00, 0.000E+00, 0.000E+00, 1.000E+00, 0.000E+00, 0.000E+00, 0.000E+00, 0.000E+00, 8.308E+01, 2.985E+01, 5.000E-03, 0.000E+00, 2.000E+02, 3.584E-03, 1.026E+00
29/05/2019,22:00,9,3.491,3.991,7.573,.530,.490, 1.013E+03, 9.755E+01, 3.520E-05, 3.469E-16, 0.000E+00, 0.000E+00, 0.000E+00, 0.000E+00,-7.416E+01, 1.913E+01, 4.254E+00, 5.182E-01, 2.235E-01,-9.990E+02, 1.000E+00,-9.990E+02, 0.000E+00, 0.000E+00, 0.000E+00, 1.000E+00, 0.000E+00, 0.000E+00, 0.000E+00, 0.000E+00, 8.514E+01, 3.058E+01, 5.000E-03, 0.000E+00, 2.000E+02, 3.559E-03, 1.056E+00
29/05/2019,23:00,9,3.491,3.991,7.020,.593,.409, 1.013E+03, 9.807E+01, 3.520E-05, 3.469E-16, 0.000E+00, 0.000E+00, 0.000E+00, 0.000E+00,-7.416E+01, 1.913E+01, 4.153E+00, 5.176E-01, 2.181E-01,-9.990E+02, 1.000E+00,-9.990E+02, 0.000E+00, 0.000E+00, 0.000E+00, 1.000E+00, 0.000E+00, 0.000E+00, 0.000E+00, 0.000E+00, 8.728E+01, 3.133E+01, 5.000E-03, 0.000E+00, 2.000E+02, 3.534E-03, 1.110E+00
30/05/2019,00:00,9,3.491,3.991,6.467,.656,.333, 1.014E+03, 9.677E+01, 2.757E-04, 3.469E-16, 0.000E+00, 0.000E+00, 0.000E+00, 0.000E+00,-5.300E+01, 1.290E+01, 4.054E+00, 4.811E-01, 2.157E-01,-9.990E+02, 1.000E+00,-9.990E+02, 0.000E+00, 0.000E+00, 0.000E+00, 1.000E+00, 0.000E+00, 0.000E+00, 0.000E+00, 0.000E+00, 8.714E+01, 3.169E+01, 5.000E-03, 0.000E+00, 2.000E+02, 3.523E-03, 1.164E+00
30/05/2019,01:00,9,3.491,3.991,6.300,.694,.292, 1.014E+03, 9.375E+01, 2.757E-04, 3.469E-16, 0.000E+00, 0.000E+00, 0.000E+00, 0.000E+00,-5.300E+01, 1.290E+01, 4.028E+00, 4.809E-01, 2.143E-01,-9.990E+02, 1.000E+00,-9.990E+02, 0.000E+00, 0.000E+00, 0.000E+00, 1.000E+00, 0.000E+00, 0.000E+00, 0.000E+00, 0.000E+00, 8.772E+01, 3.190E+01, 5.000E-03, 0.000E+00, 2.000E+02, 3.517E-03, 1.259E+00
30/05/2019,02:00,9,3.491,3.991,6.134,.732,.253, 1.014E+03, 8.923E+01, 2.757E-04, 3.469E-16, 8.529E-06, 3.230E+00, 0.000E+00, 0.000E+00,-5.300E+01, 1.290E+01, 4.043E+00, 4.807E-01, 2.150E-01,-9.990E+02, 1.000E+00,-9.990E+02, 0.000E+00, 0.000E+00, 0.000E+00, 1.000E+00, 0.000E+00, 0.000E+00, 0.000E+00, 0.000E+00, 8.743E+01, 3.179E+01, 5.000E-03, 0.000E+00, 2.000E+02, 3.520E-03, 1.388E+00
30/05/2019,03:00,9,3.491,3.991,5.967,.770,.215, 1.014E+03, 8.349E+01, 0.000E+00, 3.469E-16, 9.438E+00, 2.457E+01, 4.946E+01, 7.847E+00, 5.117E+01, 5.414E+01, 4.096E+00, 6.428E-01, 2.506E-01, 6.496E-02, 1.000E+00, 3.144E-01, 8.692E-01, 1.000E-02, 1.000E+00, 1.000E+00, 3.144E-03, 1.970E-05, 5.446E-05, 0.000E+00, 6.340E+01, 2.727E+01, 5.000E-03, 9.431E-05, 1.963E+02, 3.742E-03, 1.548E+00
30/05/2019,04:00,9,3.491,3.991,7.214,.740,.265, 1.014E+03, 7.684E+01, 0.000E+00, 3.469E-16, 4.299E+01, 5.046E+01, 1.114E+02, 1.700E+01, 5.117E+01, 5.414E+01, 4.214E+00, 6.443E-01, 2.578E-01, 1.303E-01, 1.000E+00, 5.665E-01, 9.898E-01, 1.000E-02, 1.000E+00, 1.000E+00, 5.665E-03, 3.566E-05, 6.230E-05, 0.000E+00, 6.166E+01, 2.651E+01, 5.000E-03, 1.707E-04, 1.934E+02, 3.811E-03, 1.476E+00
30/05/2019,05:00,9,3.491,3.991,8.462,.710,.322, 1.014E+03, 6.962E+01, 0.000E+00, 3.469E-16, 8.720E+01, 7.411E+01, 1.508E+02, 2.556E+01, 5.117E+01, 5.414E+01, 4.332E+00, 6.457E-01, 2.650E-01, 1.982E-01, 1.000E+00, 7.194E-01, 9.980E-01, 1.000E-02, 1.000E+00, 1.000E+00, 7.194E-03, 4.548E-05, 6.309E-05, 0.000E+00, 6.001E+01, 2.580E+01, 5.000E-03, 2.177E-04, 1.917E+02, 3.864E-03, 1.440E+00
30/05/2019,06:00,9,3.491,3.991,9.709,.679,.387, 1.014E+03, 6.215E+01, 0.000E+00, 3.469E-16, 4.562E+01, 1.098E+02, 8.340E+01, 3.458E+01, 1.859E+02, 1.423E+02, 4.449E+00, 8.587E-01, 2.755E-01, 2.613E-01, 1.000E+00, 8.134E-01, 9.676E-01, 1.000E-02, 1.000E+00, 1.000E+00, 8.134E-03, 5.165E-05, 6.144E-05, 0.000E+00, 5.643E+01, 2.481E+01, 5.000E-03, 2.473E-04, 1.906E+02, 3.923E-03, 1.504E+00
30/05/2019,07:00,9,3.491,3.991,10.894,.605,.516, 1.014E+03, 5.481E+01, 0.000E+00, 3.469E-16, 6.067E+01, 1.333E+02, 9.458E+01, 4.194E+01, 1.859E+02, 1.423E+02, 4.946E+00, 8.607E-01, 3.062E-01, 3.142E-01, 1.000E+00, 8.714E-01, 9.796E-01, 1.000E-02, 1.000E+00, 1.000E+00, 8.714E-03, 5.556E-05, 6.246E-05, 0.000E+00, 5.079E+01, 2.233E+01, 5.000E-03, 2.660E-04, 1.899E+02, 4.036E-03, 1.571E+00
30/05/2019,08:00,9,3.491,3.991,12.078,.531,.663, 1.014E+03, 4.808E+01, 0.000E+00, 3.469E-16, 7.352E+01, 1.507E+02, 1.024E+02, 4.738E+01, 1.859E+02, 1.423E+02, 5.454E+00, 8.626E-01, 3.375E-01, 3.547E-01, 1.000E+00, 9.028E-01, 9.852E-01, 1.113E-02, 1.000E+00, 1.000E+00, 1.005E-02, 6.434E-05, 7.020E-05, 0.000E+00, 4.609E+01, 2.025E+01, 5.000E-03, 3.080E-04, 1.884E+02, 4.151E-03, 1.747E+00
30/05/2019,09:00,9,3.491,3.991,13.263,.457,.831, 1.014E+03, 4.257E+01, 0.000E+00, 3.469E-16, 1.462E+02, 1.547E+02, 1.496E+02, 5.030E+01, 8.342E+01, 1.726E+02, 5.970E+00, 9.566E-01, 3.604E-01, 3.824E-01, 1.000E+00, 9.212E-01, 9.979E-01, 1.723E-01, 1.000E+00, 1.000E+00, 1.587E-01, 1.020E-03, 1.105E-03, 0.000E+00, 4.524E+01, 1.897E+01, 5.000E-03, 4.884E-03, 1.012E+02, 6.637E-03, 2.142E+00
30/05/2019,10:00,9,3.491,3.991,13.854,.444,.885, 1.013E+03, 3.905E+01, 0.000E+00, 3.469E-16, 1.562E+02, 1.593E+02, 1.524E+02, 5.178E+01, 8.342E+01, 1.726E+02, 6.169E+00, 9.579E-01, 3.724E-01, 3.979E-01, 1.000E+00, 9.277E-01, 9.981E-01, 2.474E-01, 1.000E+00, 1.000E+00, 2.295E-01, 1.478E-03, 1.591E-03, 0.000E+00, 4.378E+01, 1.835E+01, 5.000E-03, 7.078E-03, 8.279E+01, 7.651E-03, 2.319E+00
30/05/2019,11:00,9,3.491,3.991,14.446,.431,.941, 1.012E+03, 3.820E+01, 0.000E+00, 3.469E-16, 1.586E+02, 1.603E+02, 1.530E+02, 5.210E+01, 8.342E+01, 1.726E+02, 6.385E+00, 9.593E-01, 3.854E-01, 4.013E-01, 1.000E+00, 9.290E-01, 9.982E-01, 3.189E-01, 1.000E+00, 1.000E+00, 2.962E-01, 1.913E-03, 2.055E-03, 0.000E+00, 4.231E+01, 1.773E+01, 5.000E-03, 9.157E-03, 7.064E+01, 8.553E-03, 2.522E+00
30/05/2019,12:00,9,3.491,3.991,15.037,.419,1.000, 1.011E+03, 4.022E+01, 1.441E-01, 3.469E-16, 6.703E+01, 1.638E+02, 9.488E+01, 5.098E+01, 1.158E+01, 1.194E+02, 6.615E+00, 8.749E-01, 3.942E-01, 3.930E-01, 1.000E+00, 9.175E-01, 9.798E-01, 3.868E-01, 1.000E+00, 1.000E+00, 3.549E-01, 2.296E-03, 2.452E-03, 0.000E+00, 4.244E+01, 1.734E+01, 5.000E-03, 1.099E-02, 6.253E+01, 9.267E-03, 2.325E+00
30/05/2019,13:00,9,3.491,3.991,14.171,.502,.809, 1.010E+03, 4.466E+01, 1.441E-01, 3.469E-16, 6.136E+01, 1.552E+02, 9.147E+01, 4.833E+01, 1.158E+01, 1.194E+02, 6.394E+00, 8.741E-01, 3.810E-01, 3.725E-01, 1.000E+00, 9.054E-01, 9.768E-01, 2.861E-01, 1.000E+00, 1.000E+00, 2.591E-01, 1.671E-03, 1.803E-03, 0.000E+00, 4.390E+01, 1.794E+01, 5.000E-03, 8.000E-03, 7.692E+01, 8.073E-03, 2.306E+00
30/05/2019,14:00,9,3.491,3.991,13.305,.585,.636, 1.009E+03, 5.075E+01, 1.441E-01, 3.469E-16, 5.286E+01, 1.410E+02, 8.573E+01, 4.395E+01, 1.158E+01, 1.194E+02, 6.373E+00, 8.733E-01, 3.798E-01, 3.395E-01, 1.000E+00, 8.817E-01, 9.706E-01, 1.777E-01, 1.000E+00, 1.000E+00, 1.567E-01, 1.008E-03, 1.109E-03, 0.000E+00, 4.404E+01, 1.800E+01, 5.000E-03, 4.825E-03, 1.018E+02, 6.717E-03, 2.355E+00
30/05/2019,15:00,9,3.491,3.991,12.439,.669,.480, 1.008E+03, 5.779E+01, 1.326E-01, 3.469E-16, 6.615E+00, 8.514E+01, 3.206E+01, 2.586E+01,-5.025E+01, 8.285E+01, 6.554E+00, 9.742E-01, 3.841E-01, 2.938E-01, 1.000E+00, 6.776E-01, 7.325E-01, 6.171E-02, 1.000E+00, 1.000E+00, 4.181E-02, 2.681E-04, 2.898E-04, 0.000E+00, 4.442E+01, 1.779E+01, 5.000E-03, 1.283E-03, 1.592E+02, 4.859E-03, 2.014E+00
30/05/2019,16:00,9,3.491,3.991,12.111,.685,.447, 1.007E+03, 6.523E+01, 1.326E-01, 3.469E-16, 4.737E+00, 6.587E+01, 2.566E+01, 2.001E+01,-5.025E+01, 8.285E+01, 6.534E+00, 9.743E-01, 3.830E-01, 2.363E-01, 1.000E+00, 5.824E-01, 6.520E-01, 1.573E-02, 1.000E+00, 1.000E+00, 9.164E-03, 5.869E-05, 6.569E-05, 0.000E+00, 4.455E+01, 1.785E+01, 5.000E-03, 2.810E-04, 1.894E+02, 4.235E-03, 1.787E+00
30/05/2019,17:00,9,3.491,3.991,11.782,.701,.415, 1.005E+03, 7.263E+01, 1.326E-01, 3.469E-16, 2.830E+00, 4.422E+01, 1.817E+01, 1.343E+01,-5.025E+01, 8.285E+01, 6.519E+00, 9.743E-01, 3.821E-01, 1.706E-01, 1.000E+00, 4.419E-01, 5.264E-01, 1.000E-02, 1.000E+00, 1.000E+00, 4.419E-03, 2.827E-05, 3.367E-05, 0.000E+00, 4.466E+01, 1.789E+01, 5.000E-03, 1.353E-04, 1.947E+02, 4.139E-03, 1.611E+00
30/05/2019,18:00,9,3.491,3.991,11.454,.717,.384, 1.004E+03, 7.964E+01, 2.354E-01, 3.469E-16, 1.969E+00, 2.557E+01, 1.326E+01, 7.789E+00,-6.280E+01, 6.021E+01, 6.509E+00, 9.332E-01, 3.794E-01, 1.030E-01, 1.000E+00, 2.892E-01, 4.204E-01, 1.000E-02, 1.000E+00, 1.000E+00, 2.892E-03, 1.848E-05, 2.686E-05, 0.000E+00, 4.523E+01, 1.802E+01, 5.000E-03, 8.846E-05, 1.965E+02, 4.102E-03, 1.558E+00
30/05/2019,19:00,9,3.491,3.991,11.408,.775,.304, 1.003E+03, 8.593E+01, 2.354E-01, 3.469E-16, 1.630E-01, 6.840E+00, 3.217E+00, 2.069E+00,-6.280E+01, 6.021E+01, 6.245E+00, 9.335E-01, 3.640E-01, 4.067E-02, 1.000E+00, 8.329E-02, 1.239E-01, 1.000E-02, 1.000E+00, 1.000E+00, 8.329E-04, 5.321E-06, 7.916E-06, 0.000E+00, 4.714E+01, 1.878E+01, 5.000E-03, 2.547E-05, 1.990E+02, 4.028E-03, 1.299E+00
30/05/2019,20:00,9,3.491,3.991,11.362,.833,.225, 1.003E+03, 9.118E+01, 2.354E-01, 3.469E-16, 0.000E+00, 0.000E+00, 0.000E+00, 0.000E+00,-6.280E+01, 6.021E+01, 6.108E+00, 9.337E-01, 3.560E-01,-9.990E+02, 1.000E+00,-9.990E+02, 0.000E+00, 0.000E+00, 0.000E+00, 1.000E+00, 0.000E+00, 0.000E+00, 0.000E+00, 0.000E+00, 4.820E+01, 1.920E+01, 5.000E-03, 0.000E+00, 2.000E+02, 3.994E-03, 9.524E-01
30/05/2019,21:00,9,3.491,3.991,11.316,.891,.146, 1.002E+03, 9.509E+01, 3.246E-01, 3.469E-16, 0.000E+00, 0.000E+00, 0.000E+00, 0.000E+00,-6.758E+01, 4.697E+01, 6.105E+00, 8.325E-01, 3.524E-01,-9.990E+02, 1.000E+00,-9.990E+02, 0.000E+00, 0.000E+00, 0.000E+00, 1.000E+00, 0.000E+00, 0.000E+00, 0.000E+00, 0.000E+00, 4.916E+01, 1.940E+01, 8.554E-03, 0.000E+00, 1.169E+02, 5.958E-03, 6.897E-01
30/05/2019,22:00,9,3.491,3.991,10.899,.910,.117, 1.002E+03, 9.740E+01, 3.246E-01, 3.469E-16, 0.000E+00, 0.000E+00, 0.000E+00, 0.000E+00,-6.758E+01, 4.697E+01, 5.732E+00, 8.318E-01, 3.309E-01,-9.990E+02, 1.000E+00,-9.990E+02, 0.000E+00, 0.000E+00, 0.000E+00, 1.000E+00, 0.000E+00, 0.000E+00, 0.000E+00, 0.000E+00, 5.237E+01, 2.066E+01, 1.152E-02, 0.000E+00, 8.678E+01, 7.092E-03, 6.551E-01
30/05/2019,23:00,9,3.491,3.991,10.483,.929,.090, 1.002E+03, 9.793E+01, 3.246E-01, 3.469E-16, 0.000E+00, 0.000E+00, 0.000E+00, 0.000E+00,-6.758E+01, 4.697E+01, 5.808E+00, 8.310E-01, 3.352E-01,-9.990E+02, 1.000E+00,-9.990E+02, 0.000E+00, 0.000E+00, 0.000E+00, 1.000E+00, 0.000E+00, 0.000E+00, 0.000E+00, 0.000E+00, 5.170E+01, 2.039E+01, 1.347E-02, 0.000E+00, 7.426E+01, 7.825E-03, 6.272E-01
31/05/2019,00:00,9,3.491,3.991,10.066,.948,.064, 1.003E+03, 9.664E+01, 2.319E-05, 3.469E-16, 0.000E+00, 0.000E+00, 0.000E+00, 0.000E+00,-6.400E+01, 3.272E+01, 6.314E+00, 5.786E-01, 3.467E-01,-9.990E+02, 1.000E+00,-9.990E+02, 0.000E+00, 0.000E+00, 0.000E+00, 1.000E+00, 0.000E+00, 0.000E+00, 0.000E+00, 0.000E+00, 5.253E+01, 1.972E+01, 1.961E-02, 0.000E+00, 5.099E+01, 9.711E-03, 3.416E-01
31/05/2019,01:00,9,3.491,3.991,9.083,.879,.140, 1.004E+03, 9.362E+01, 2.319E-05, 3.469E-16, 0.000E+00, 0.000E+00, 0.000E+00, 0.000E+00,-6.400E+01, 3.272E+01, 5.482E+00, 5.773E-01, 3.009E-01,-9.990E+02, 1.000E+00,-9.990E+02, 0.000E+00, 0.000E+00, 0.000E+00, 1.000E+00, 0.000E+00, 0.000E+00, 0.000E+00, 0.000E+00, 6.056E+01, 2.272E+01, 8.065E-03, 0.000E+00, 1.240E+02, 5.438E-03, 4.819E-01
31/05/2019,02:00,9,3.491,3.991,8.100,.811,.205, 1.004E+03, 8.911E+01, 2.319E-05, 3.469E-16, 6.918E-05, 3.728E+00, 0.000E+00, 0.000E+00,-6.400E+01, 3.272E+01, 4.654E+00, 5.761E-01, 2.553E-01,-9.990E+02, 1.000E+00,-9.990E+02, 0.000E+00, 0.000E+00, 0.000E+00, 1.000E+00, 0.000E+00, 0.000E+00, 0.000E+00, 0.000E+00, 7.138E+01, 2.677E+01, 5.000E-03, 0.000E+00, 2.000E+02, 3.696E-03, 5.726E-01
31/05/2019,03:00,9,3.491,3.991,7.117,.742,.261, 1.005E+03, 8.338E+01, 2.319E-05, 3.469E-16, 1.409E+01, 2.703E+01, 6.987E+01, 8.804E+00, 3.451E+01, 7.565E+01, 3.834E+00, 5.897E-01, 2.339E-01, 6.607E-02, 1.000E+00, 3.461E-01, 9.435E-01, 1.000E-02, 1.000E+00, 1.000E+00, 3.461E-03, 2.177E-05, 5.936E-05, 0.000E+00, 6.832E+01, 2.922E+01, 5.000E-03, 1.042E-04, 1.959E+02, 3.676E-03, 6.696E-01
31/05/2019,04:00,9,3.491,3.991,8.139,.682,.345, 1.006E+03, 7.674E+01, 2.319E-05, 3.469E-16, 6.180E+01, 4.938E+01, 1.522E+02, 1.746E+01, 3.451E+01, 7.565E+01, 3.937E+00, 5.907E-01, 2.402E-01, 1.313E-01, 1.000E+00, 5.762E-01, 9.981E-01, 1.000E-02, 1.000E+00, 1.000E+00, 5.762E-03, 3.638E-05, 6.303E-05, 0.000E+00, 6.655E+01, 2.846E+01, 5.000E-03, 1.742E-04, 1.933E+02, 3.740E-03, 7.384E-01
31/05/2019,05:00,9,3.491,3.991,9.162,.623,.439, 1.006E+03, 6.952E+01, 2.319E-05, 3.469E-16, 1.242E+02, 6.660E+01, 2.021E+02, 2.467E+01, 3.451E+01, 7.565E+01, 4.089E+00, 5.916E-01, 2.494E-01, 1.991E-01, 1.000E+00, 7.096E-01, 9.998E-01, 1.000E-02, 1.000E+00, 1.000E+00, 7.096E-03, 4.497E-05, 6.336E-05, 0.000E+00, 6.410E+01, 2.741E+01, 5.000E-03, 2.153E-04, 1.917E+02, 3.801E-03, 8.258E-01
31/05/2019,06:00,9,3.491,3.991,10.185,.563,.544, 1.007E+03, 6.205E+01, 1.452E-04, 3.469E-16, 1.900E+02, 7.687E+01, 2.321E+02, 2.941E+01, 1.955E+02, 1.707E+02, 4.284E+00, 7.695E-01, 2.689E-01, 2.620E-01, 1.000E+00, 7.799E-01, 9.999E-01, 1.000E-02, 1.000E+00, 1.000E+00, 7.799E-03, 4.960E-05, 6.360E-05, 0.000E+00, 5.634E+01, 2.542E+01, 5.000E-03, 2.375E-04, 1.909E+02, 3.898E-03, 9.517E-01
31/05/2019,07:00,9,3.491,3.991,11.396,.513,.659, 1.007E+03, 5.471E+01, 1.452E-04, 3.469E-16, 2.522E+02, 8.039E+01, 2.499E+02, 3.166E+01, 1.955E+02, 1.707E+02, 4.234E+00, 7.710E-01, 2.658E-01, 3.148E-01, 1.000E+00, 8.137E-01, 1.000E+00, 1.000E-02, 1.000E+00, 1.000E+00, 8.137E-03, 5.197E-05, 6.388E-05, 0.000E+00, 5.704E+01, 2.572E+01, 5.000E-03, 2.488E-04, 1.905E+02, 3.892E-03, 1.037E+00
31/05/2019,08:00,9,3.491,3.991,12.607,.463,.788, 1.007E+03, 4.797E+01, 1.452E-04, 3.469E-16, 3.052E+02, 7.894E+01, 2.599E+02, 3.200E+01, 1.955E+02, 1.707E+02, 4.230E+00, 7.726E-01, 2.654E-01, 3.553E-01, 1.000E+00, 8.271E-01, 1.000E+00, 8.482E-02, 1.000E+00, 1.000E+00, 7.015E-02, 4.500E-04, 5.441E-04, 0.000E+00, 5.714E+01, 2.575E+01, 5.000E-03, 2.154E-03, 1.398E+02, 4.847E-03, 1.068E+00
31/05/2019,09:00,9,3.491,3.991,13.818,.412,.933, 1.007E+03, 4.245E+01, 2.319E-05, 3.469E-16, 3.354E+02, 7.315E+01, 2.577E+02, 3.047E+01, 2.148E+02, 2.388E+02, 4.271E+00, 8.379E-01, 2.665E-01, 3.830E-01, 1.000E+00, 8.238E-01, 1.000E+00, 2.428E-01, 1.000E+00, 1.000E+00, 2.000E-01, 1.289E-03, 1.564E-03, 0.000E+00, 5.752E+01, 2.565E+01, 5.000E-03, 6.170E-03, 8.953E+01, 6.414E-03, 1.125E+00
31/05/2019,10:00,9,3.491,3.991,14.802,.365,1.075, 1.007E+03, 3.892E+01, 2.319E-05, 3.469E-16, 3.582E+02, 7.003E+01, 2.600E+02, 2.975E+01, 2.148E+02, 2.388E+02, 4.744E+00, 8.393E-01, 2.959E-01, 3.984E-01, 1.000E+00, 8.230E-01, 1.000E+00, 3.603E-01, 1.000E+00, 1.000E+00, 2.965E-01, 1.917E-03, 2.329E-03, 0.000E+00, 5.181E+01, 2.310E+01, 5.000E-03, 9.177E-03, 7.054E+01, 7.674E-03, 1.110E+00
31/05/2019,11:00,9,3.491,3.991,15.787,.319,1.230, 1.007E+03, 3.806E+01, 2.319E-05, 3.469E-16, 3.635E+02, 6.920E+01, 2.604E+02, 2.954E+01, 2.148E+02, 2.388E+02, 5.247E+00, 8.407E-01, 3.272E-01, 4.019E-01, 1.000E+00, 8.226E-01, 1.000E+00, 4.678E-01, 1.000E+00, 1.000E+00, 3.848E-01, 2.496E-03, 3.034E-03, 0.000E+00, 4.686E+01, 2.089E+01, 5.000E-03, 1.195E-02, 5.900E+01, 8.845E-03, 1.105E+00
31/05/2019,12:00,9,3.491,3.991,16.771,.272,1.401, 1.008E+03, 4.008E+01, 2.319E-05, 3.469E-16, 3.417E+02, 6.924E+01, 2.525E+02, 2.922E+01, 3.026E+01, 1.987E+02, 5.772E+00, 7.808E-01, 3.467E-01, 3.936E-01, 1.000E+00, 8.177E-01, 1.000E+00, 5.655E-01, 9.410E-01, 1.000E+00, 4.351E-01, 2.832E-03, 3.463E-03, 0.000E+00, 4.748E+01, 1.971E+01, 5.000E-03, 1.356E-02, 5.389E+01, 9.489E-03, 1.049E+00
31/05/2019,13:00,9,3.491,3.991,16.614,.297,1.339, 1.008E+03, 4.451E+01, 2.319E-05, 3.469E-16, 3.128E+02, 7.275E+01, 2.493E+02, 2.998E+01, 3.026E+01, 1.987E+02, 5.020E+00, 7.805E-01, 3.016E-01, 3.732E-01, 1.000E+00, 8.173E-01, 1.000E+00, 5.505E-01, 9.771E-01, 1.000E+00, 4.396E-01, 2.860E-03, 3.499E-03, 0.000E+00, 5.459E+01, 2.267E+01, 5.000E-03, 1.369E-02, 5.350E+01, 8.871E-03, 9.949E-01
31/05/2019,14:00,9,3.491,3.991,16.456,.322,1.279, 1.008E+03, 5.061E+01, 2.319E-05, 3.469E-16, 2.696E+02, 7.571E+01, 2.428E+02, 3.032E+01, 3.026E+01, 1.987E+02, 4.322E+00, 7.802E-01, 2.597E-01, 3.403E-01, 1.000E+00, 8.105E-01, 1.000E+00, 5.353E-01, 1.000E+00, 1.000E+00, 4.338E-01, 2.820E-03, 3.480E-03, 0.000E+00, 6.340E+01, 2.632E+01, 5.000E-03, 1.350E-02, 5.405E+01, 8.142E-03, 9.320E-01
31/05/2019,15:00,9,3.491,3.991,16.298,.347,1.219, 1.008E+03, 5.766E+01, 2.319E-05, 3.469E-16, 2.275E+02, 7.971E+01, 2.437E+02, 3.102E+01,-2.636E+01, 1.103E+02, 3.711E+00, 4.246E-01, 2.032E-01, 2.947E-01, 1.000E+00, 8.031E-01, 1.000E+00, 5.198E-01, 1.000E+00, 1.000E+00, 4.174E-01, 2.712E-03, 3.377E-03, 0.000E+00, 8.987E+01, 3.364E+01, 5.000E-03, 1.299E-02, 5.560E+01, 6.929E-03, 8.327E-01
31/05/2019,16:00,9,3.491,3.991,15.622,.408,1.057, 1.009E+03, 6.509E+01, 2.319E-05, 3.469E-16, 1.632E+02, 7.359E+01, 2.215E+02, 2.780E+01,-2.636E+01, 1.103E+02, 2.997E+00, 4.240E-01, 1.641E-01, 2.374E-01, 1.000E+00, 7.569E-01, 9.999E-01, 4.505E-01, 1.000E+00, 1.000E+00, 3.410E-01, 2.211E-03, 2.920E-03, 0.000E+00, 1.113E+02, 4.165E+01, 5.000E-03, 1.058E-02, 6.417E+01, 5.746E-03, 7.442E-01
31/05/2019,17:00,9,3.491,3.991,14.946,.470,.907, 1.009E+03, 7.249E+01, 2.319E-05, 3.469E-16, 9.782E+01, 6.043E+01, 1.846E+02, 2.201E+01,-2.636E+01, 1.103E+02, 2.346E+00, 4.234E-01, 1.284E-01, 1.718E-01, 1.000E+00, 6.650E-01, 9.995E-01, 3.765E-01, 1.000E+00, 1.000E+00, 2.504E-01, 1.619E-03, 2.434E-03, 0.000E+00, 1.423E+02, 5.323E+01, 5.000E-03, 7.753E-03, 7.841E+01, 4.570E-03, 6.989E-01
31/05/2019,18:00,9,3.491,3.991,14.269,.531,.767, 1.010E+03, 7.950E+01, 2.319E-05, 3.469E-16, 3.975E+01, 4.084E+01, 1.231E+02, 1.405E+01,-4.359E+01, 2.035E+01, 1.826E+00, 2.895E-01, 1.000E-01, 1.044E-01, 1.000E+00, 4.967E-01, 9.937E-01, 2.979E-01, 1.000E+00, 1.000E+00, 1.480E-01, 9.548E-04, 1.910E-03, 0.000E+00, 2.426E+02, 6.835E+01, 5.000E-03, 4.571E-03, 1.045E+02, 3.444E-03, 7.527E-01
31/05/2019,19:00,9,3.491,3.991,13.167,.547,.690, 1.010E+03, 8.579E+01, 2.319E-05, 3.469E-16, 3.570E+00, 1.751E+01, 2.977E+01, 5.451E+00,-4.359E+01, 2.035E+01, 2.479E+00, 2.889E-01, 1.020E-01, 4.205E-02, 1.000E+00, 2.221E-01, 7.061E-01, 1.597E-01, 1.000E+00, 1.000E+00, 3.548E-02, 2.280E-04, 7.250E-04, 0.000E+00, 2.383E+02, 6.701E+01, 5.000E-03, 1.092E-03, 1.642E+02, 2.887E-03, 7.773E-01
31/05/2019,20:00,9,3.491,3.991,12.065,.562,.619, 1.010E+03, 9.104E+01, 2.319E-05, 3.469E-16, 0.000E+00, 0.000E+00, 0.000E+00, 0.000E+00,-4.359E+01, 2.035E+01, 3.253E+00, 2.882E-01, 1.336E-01,-9.990E+02, 1.000E+00,-9.990E+02, 0.000E+00, 0.000E+00, 0.000E+00, 1.000E+00, 0.000E+00, 0.000E+00, 0.000E+00, 0.000E+00, 1.823E+02, 5.116E+01, 5.000E-03, 0.000E+00, 2.000E+02, 2.948E-03, 8.549E-01
31/05/2019,21:00,9,3.491,3.991,10.962,.578,.554, 1.011E+03, 9.495E+01, 2.319E-05, 3.469E-16, 0.000E+00, 0.000E+00, 0.000E+00, 0.000E+00,-5.991E+01, 1.201E+01, 4.080E+00, 3.664E-01, 1.866E-01,-9.990E+02, 1.000E+00,-9.990E+02, 0.000E+00, 0.000E+00, 0.000E+00, 1.000E+00, 0.000E+00, 0.000E+00, 0.000E+00, 0.000E+00, 1.172E+02, 3.663E+01, 5.000E-03, 0.000E+00, 2.000E+02, 3.351E-03, 1.029E+00
31/05/2019,22:00,9,3.491,3.991,10.040,.635,.450, 1.011E+03, 9.726E+01, 2.319E-05, 3.469E-16, 0.000E+00, 0.000E+00, 0.000E+00, 0.000E+00,-5.991E+01, 1.201E+01, 3.747E+00, 3.657E-01, 1.712E-01,-9.990E+02, 1.000E+00,-9.990E+02, 0.000E+00, 0.000E+00, 0.000E+00, 1.000E+00, 0.000E+00, 0.000E+00, 0.000E+00, 0.000E+00, 1.279E+02, 3.993E+01, 5.000E-03, 0.000E+00, 2.000E+02, 3.254E-03, 1.263E+00
31/05/2019,23:00,9,3.491,3.991,9.118,.692,.357, 1.011E+03, 9.779E+01, 2.319E-05, 3.469E-16, 0.000E+00, 0.000E+00, 0.000E+00, 0.000E+00,-5.991E+01, 1.201E+01, 3.418E+00, 3.651E-01, 1.560E-01,-9.990E+02, 1.000E+00,-9.990E+02, 0.000E+00, 0.000E+00, 0.000E+00, 1.000E+00, 0.000E+00, 0.000E+00, 0.000E+00, 0.000E+00, 1.405E+02, 4.382E+01, 5.000E-03, 0.000E+00, 2.000E+02, 3.147E-03, 1.409E+00
01/06/2019,00:00,9,3.491,3.991,8.196,.749,.273, 1.011E+03, 9.651E+01, 0.000E+00, 3.469E-16, 0.000E+00, 0.000E+00, 0.000E+00, 0.000E+00,-4.222E+01, 9.281E+00, 3.093E+00, 3.031E-01, 1.340E-01,-9.990E+02, 1.000E+00,-9.990E+02, 0.000E+00, 0.000E+00, 0.000E+00, 1.000E+00, 0.000E+00, 0.000E+00, 0.000E+00, 0.000E+00, 1.724E+02, 5.103E+01, 5.000E-03, 0.000E+00, 2.000E+02, 2.959E-03, 1.444E+00
01/06/2019,01:00,9,3.491,3.991,8.006,.770,.248, 1.011E+03, 9.350E+01, 0.000E+00, 3.469E-16, 0.000E+00, 0.000E+00, 0.000E+00, 0.000E+00,-4.222E+01, 9.281E+00, 2.869E+00, 3.030E-01, 1.242E-01,-9.990E+02, 1.000E+00,-9.990E+02, 0.000E+00, 0.000E+00, 0.000E+00, 1.000E+00, 0.000E+00, 0.000E+00, 0.000E+00, 0.000E+00, 1.859E+02, 5.503E+01, 5.000E-03, 0.000E+00, 2.000E+02, 2.867E-03, 1.596E+00
01/06/2019,02:00,9,3.491,3.991,7.815,.790,.223, 1.011E+03, 8.900E+01, 0.000E+00, 3.469E-16, 4.126E-05, 2.080E+00, 6.278E-01, 6.266E-01,-4.222E+01, 9.281E+00, 2.658E+00, 3.029E-01, 1.150E-01, 1.002E-02, 1.000E+00, 2.544E-02, 2.549E-02, 1.000E-02, 1.000E+00, 1.000E+00, 2.544E-04, 1.605E-06, 1.608E-06, 0.000E+00, 2.008E+02, 5.941E+01, 5.000E-03, 7.683E-06, 1.997E+02, 2.775E-03, 1.782E+00
01/06/2019,03:00,9,3.491,3.991,7.625,.811,.198, 1.012E+03, 8.327E+01, 0.000E+00, 3.469E-16, 1.750E-01, 1.031E+01, 3.863E+00, 3.116E+00, 1.808E+01, 3.426E+01, 2.463E+00, 3.393E-01, 1.551E-01, 6.711E-02, 1.000E+00, 1.221E-01, 1.469E-01, 1.000E-02, 1.000E+00, 1.000E+00, 1.221E-03, 7.694E-06, 9.259E-06, 0.000E+00, 9.720E+01, 4.408E+01, 5.000E-03, 3.684E-05, 1.985E+02, 3.202E-03, 2.001E+00
01/06/2019,04:00,9,3.491,3.991,8.640,.788,.238, 1.011E+03, 7.664E+01, 0.000E+00, 3.469E-16, 7.513E-01, 2.726E+01, 9.870E+00, 8.244E+00, 1.808E+01, 3.426E+01, 2.492E+00, 3.400E-01, 1.568E-01, 1.323E-01, 1.000E+00, 2.937E-01, 3.337E-01, 1.000E-02, 1.000E+00, 1.000E+00, 2.937E-03, 1.858E-05, 2.111E-05, 0.000E+00, 9.614E+01, 4.358E+01, 5.000E-03, 8.894E-05, 1.965E+02, 3.237E-03, 2.114E+00
01/06/2019,05:00,9,3.491,3.991,9.655,.765,.282, 1.011E+03, 6.942E+01, 0.000E+00, 3.469E-16, 1.503E+00, 4.638E+01, 1.617E+01, 1.403E+01, 1.808E+01, 3.426E+01, 2.624E+00, 3.406E-01, 1.651E-01, 1.999E-01, 1.000E+00, 4.479E-01, 4.857E-01, 1.000E-02, 1.000E+00, 1.000E+00, 4.479E-03, 2.844E-05, 3.084E-05, 0.000E+00, 9.136E+01, 4.139E+01, 5.000E-03, 1.361E-04, 1.947E+02, 3.317E-03, 2.272E+00
01/06/2019,06:00,9,3.491,3.991,10.670,.742,.332, 1.010E+03, 6.195E+01, 7.329E-02, 3.469E-16, 1.703E+01, 9.373E+01, 4.691E+01, 2.880E+01, 5.846E+01, 8.375E+01, 2.845E+00, 6.141E-01, 1.754E-01, 2.628E-01, 1.000E+00, 7.363E-01, 8.548E-01, 1.000E-02, 1.000E+00, 1.000E+00, 7.363E-03, 4.692E-05, 5.446E-05, 0.000E+00, 8.937E+01, 3.897E+01, 5.000E-03, 2.246E-04, 1.914E+02, 3.418E-03, 2.594E+00
01/06/2019,07:00,9,3.491,3.991,10.943,.720,.367, 1.010E+03, 5.461E+01, 7.329E-02, 3.469E-16, 2.259E+01, 1.153E+02, 5.492E+01, 3.542E+01, 5.846E+01, 8.375E+01, 3.251E+00, 6.145E-01, 2.004E-01, 3.155E-01, 1.000E+00, 8.075E-01, 8.955E-01, 1.000E-02, 1.000E+00, 1.000E+00, 8.075E-03, 5.150E-05, 5.711E-05, 0.000E+00, 7.822E+01, 3.411E+01, 5.000E-03, 2.466E-04, 1.906E+02, 3.582E-03, 2.749E+00
01/06/2019,08:00,9,3.491,3.991,11.216,.698,.403, 1.010E+03, 4.787E+01, 7.329E-02, 3.469E-16, 2.734E+01, 1.319E+02, 6.086E+01, 4.049E+01, 5.846E+01, 8.375E+01, 3.661E+00, 6.149E-01, 2.256E-01, 3.558E-01, 1.000E+00, 8.491E-01, 9.182E-01, 1.000E-02, 1.000E+00, 1.000E+00, 8.491E-03, 5.420E-05, 5.861E-05, 0.000E+00, 6.948E+01, 3.030E+01, 5.000E-03, 2.595E-04, 1.901E+02, 3.720E-03, 2.971E+00
01/06/2019,09:00,9,3.491,3.991,11.490,.677,.440, 1.009E+03, 4.234E+01, 2.902E-01, 3.469E-16, 5.240E+01, 1.561E+02, 8.378E+01, 4.834E+01, 5.222E+01, 1.036E+02, 4.072E+00, 6.302E-01, 2.497E-01, 3.835E-01, 1.000E+00, 9.033E-01, 9.681E-01, 1.000E-02, 1.000E+00, 1.000E+00, 9.033E-03, 5.772E-05, 6.186E-05, 0.000E+00, 6.338E+01, 2.737E+01, 5.000E-03, 2.764E-04, 1.895E+02, 3.836E-03, 3.221E+00
01/06/2019,10:00,9,3.491,3.991,11.501,.693,.418, 1.008E+03, 3.879E+01, 2.902E-01, 3.469E-16, 5.598E+01, 1.626E+02, 8.624E+01, 5.033E+01, 5.222E+01, 1.036E+02, 3.911E+00, 6.304E-01, 2.398E-01, 3.989E-01, 1.000E+00, 9.127E-01, 9.712E-01, 1.000E-02, 1.000E+00, 1.000E+00, 9.127E-03, 5.832E-05, 6.206E-05, 0.000E+00, 6.600E+01, 2.850E+01, 5.000E-03, 2.792E-04, 1.894E+02, 3.795E-03, 2.890E+00
01/06/2019,11:00,9,3.491,3.991,11.513,.709,.396, 1.007E+03, 3.793E+01, 2.902E-01, 3.469E-16, 5.683E+01, 1.640E+02, 8.680E+01, 5.078E+01, 5.222E+01, 1.036E+02, 3.763E+00, 6.307E-01, 2.307E-01, 4.024E-01, 1.000E+00, 9.147E-01, 9.718E-01, 1.000E-02, 1.000E+00, 1.000E+00, 9.147E-03, 5.845E-05, 6.210E-05, 0.000E+00, 6.860E+01, 2.962E+01, 5.000E-03, 2.798E-04, 1.894E+02, 3.753E-03, 2.736E+00
01/06/2019,12:00,9,3.491,3.991,11.524,.726,.374, 1.007E+03, 3.994E+01, 1.354E+00, 3.469E-16, 1.017E+02, 1.671E+02, 1.192E+02, 5.284E+01,-2.589E+01, 1.225E+02, 3.630E+00, 4.755E-01, 2.035E-01, 3.942E-01, 1.000E+00, 9.281E-01, 9.926E-01, 1.000E-02, 1.000E+00, 1.000E+00, 9.281E-03, 5.931E-05, 6.343E-05, 0.000E+00, 8.762E+01, 3.358E+01, 5.000E-03, 2.840E-04, 1.893E+02, 3.602E-03, 2.691E+00
01/06/2019,13:00,9,3.491,3.991,12.400,.804,.283, 1.005E+03, 4.438E+01, 1.354E+00, 3.469E-16, 9.319E+01, 1.592E+02, 1.156E+02, 5.037E+01,-2.589E+01, 1.225E+02, 3.686E+00, 4.765E-01, 2.067E-01, 3.738E-01, 1.000E+00, 9.179E-01, 9.914E-01, 5.629E-02, 1.000E+00, 1.000E+00, 5.167E-02, 3.312E-04, 3.577E-04, 0.000E+00, 8.624E+01, 3.306E+01, 5.000E-03, 1.586E-03, 1.518E+02, 4.187E-03, 1.948E+00
01/06/2019,14:00,9,3.491,3.991,13.275,.882,.180, 1.004E+03, 5.048E+01, 1.354E+00, 3.469E-16, 8.041E+01, 1.458E+02, 1.094E+02, 4.618E+01,-2.589E+01, 1.225E+02, 3.769E+00, 4.775E-01, 2.114E-01, 3.411E-01, 1.000E+00, 8.976E-01, 9.889E-01, 1.739E-01, 1.000E+00, 1.000E+00, 1.560E-01, 1.003E-03, 1.105E-03, 0.000E+00, 8.431E+01, 3.233E+01, 7.042E-03, 4.804E-03, 8.442E+01, 5.900E-03, 1.611E+00
01/06/2019,15:00,9,3.491,3.991,14.150,.960,.064, 1.003E+03, 5.753E+01, 8.093E-01, 3.469E-16, 2.270E+02, 7.898E+01, 2.422E+02, 3.077E+01,-3.536E+01, 7.481E+01, 3.876E+00, 5.389E-01, 2.180E-01, 2.957E-01, 1.000E+00, 8.013E-01, 1.000E+00, 2.836E-01, 1.000E+00, 1.000E+00, 2.272E-01, 1.466E-03, 1.829E-03, 0.000E+00, 8.154E+01, 3.135E+01, 2.164E-02, 7.017E-03, 3.490E+01, 8.519E-03, 1.420E+00
01/06/2019,16:00,9,3.491,3.991,13.903,.961,.063, 1.003E+03, 6.496E+01, 8.093E-01, 3.469E-16, 1.633E+02, 7.304E+01, 2.206E+02, 2.763E+01,-3.536E+01, 7.481E+01, 3.800E+00, 5.388E-01, 2.137E-01, 2.385E-01, 1.000E+00, 7.555E-01, 9.999E-01, 2.534E-01, 1.000E+00, 1.000E+00, 1.914E-01, 1.234E-03, 1.632E-03, 0.000E+00, 8.317E+01, 3.198E+01, 2.176E-02, 5.906E-03, 3.615E+01, 8.313E-03, 1.169E+00
01/06/2019,17:00,9,3.491,3.991,13.655,.961,.062, 1.002E+03, 7.236E+01, 8.093E-01, 3.469E-16, 9.851E+01, 6.015E+01, 1.845E+02, 2.195E+01,-3.536E+01, 7.481E+01, 3.900E+00, 5.387E-01, 2.194E-01, 1.730E-01, 1.000E+00, 6.646E-01, 9.995E-01, 2.225E-01, 1.000E+00, 1.000E+00, 1.479E-01, 9.520E-04, 1.432E-03, 0.000E+00, 8.104E+01, 3.116E+01, 2.188E-02, 4.558E-03, 3.782E+01, 8.348E-03, 9.081E-01
01/06/2019,18:00,9,3.491,3.991,13.408,.961,.060, 1.002E+03, 7.937E+01, 3.691E-02, 3.469E-16, 2.190E+01, 4.206E+01, 7.297E+01, 1.363E+01,-4.960E+01, 3.014E+01, 4.165E+00, 5.416E-01, 2.296E-01, 1.057E-01, 1.000E+00, 4.842E-01, 9.503E-01, 1.910E-01, 1.000E+00, 1.000E+00, 9.248E-02, 5.949E-04, 1.168E-03, 0.000E+00, 7.899E+01, 2.977E+01, 2.201E-02, 2.848E-03, 4.023E+01, 8.425E-03, 6.948E-01
01/06/2019,19:00,9,3.491,3.991,12.976,.964,.053, 1.002E+03, 8.566E+01, 3.691E-02, 3.469E-16, 2.164E+00, 1.502E+01, 1.892E+01, 4.630E+00,-4.960E+01, 3.014E+01, 4.142E+00, 5.411E-01, 2.283E-01, 4.339E-02, 1.000E+00, 1.893E-01, 5.407E-01, 1.346E-01, 1.000E+00, 1.000E+00, 2.548E-02, 1.637E-04, 4.674E-04, 0.000E+00, 7.946E+01, 2.994E+01, 2.401E-02, 7.836E-04, 4.033E+01, 8.386E-03, 6.967E-01
01/06/2019,20:00,9,3.491,3.991,12.544,.968,.047, 1.002E+03, 9.091E+01, 3.691E-02, 3.469E-16, 0.000E+00, 0.000E+00, 0.000E+00, 0.000E+00,-4.960E+01, 3.014E+01, 4.196E+00, 5.406E-01, 2.312E-01,-9.990E+02, 1.000E+00,-9.990E+02, 0.000E+00, 0.000E+00, 0.000E+00, 1.000E+00, 0.000E+00, 0.000E+00, 0.000E+00, 0.000E+00, 7.846E+01, 2.956E+01, 2.428E-02, 0.000E+00, 4.119E+01, 8.396E-03, 6.464E-01
01/06/2019,21:00,9,3.491,3.991,12.113,.972,.040, 1.002E+03, 9.482E+01, 2.712E-02, 3.469E-16, 0.000E+00, 0.000E+00, 0.000E+00, 0.000E+00,-2.927E+01, 3.838E+01, 4.324E+00, 5.361E-01, 2.453E-01,-9.990E+02, 1.000E+00,-9.990E+02, 0.000E+00, 0.000E+00, 0.000E+00, 1.000E+00, 0.000E+00, 0.000E+00, 0.000E+00, 0.000E+00, 7.187E+01, 2.787E+01, 2.832E-02, 0.000E+00, 3.531E+01, 9.210E-03, 5.089E-01
01/06/2019,22:00,9,3.491,3.991,11.163,.964,.048, 1.003E+03, 9.713E+01, 2.712E-02, 3.469E-16, 0.000E+00, 0.000E+00, 0.000E+00, 0.000E+00,-2.927E+01, 3.838E+01, 3.282E+00, 5.350E-01, 1.861E-01,-9.990E+02, 1.000E+00,-9.990E+02, 0.000E+00, 0.000E+00, 0.000E+00, 1.000E+00, 0.000E+00, 0.000E+00, 0.000E+00, 0.000E+00, 9.473E+01, 3.672E+01, 2.336E-02, 0.000E+00, 4.282E+01, 7.175E-03, 5.577E-01
01/06/2019,23:00,9,3.491,3.991,10.214,.957,.054, 1.004E+03, 9.766E+01, 2.712E-02, 3.469E-16, 0.000E+00, 0.000E+00, 0.000E+00, 0.000E+00,-2.927E+01, 3.838E+01, 2.704E+00, 5.338E-01, 1.533E-01,-9.990E+02, 1.000E+00,-9.990E+02, 0.000E+00, 0.000E+00, 0.000E+00, 1.000E+00, 0.000E+00, 0.000E+00, 0.000E+00, 0.000E+00, 1.151E+02, 4.459E+01, 2.085E-02, 0.000E+00, 4.796E+01, 6.054E-03, 6.339E-01
02/06/2019,00:00,9,3.491,3.991,9.264,.950,.059, 1.005E+03, 9.639E+01, 3.122E-03, 3.469E-16, 0.000E+00, 0.000E+00, 0.000E+00, 0.000E+00,-1.482E+01, 1.226E+01, 2.882E+00, 3.845E-01, 1.608E-01,-9.990E+02, 1.000E+00,-9.990E+02, 0.000E+00, 0.000E+00, 0.000E+00, 1.000E+00, 0.000E+00, 0.000E+00, 0.000E+00, 0.000E+00, 1.114E+02, 4.250E+01, 2.017E-02, 0.000E+00, 4.958E+01, 6.193E-03, 6.135E-01
02/06/2019,01:00,9,3.491,3.991,9.146,.952,.056, 1.006E+03, 9.339E+01, 3.122E-03, 3.469E-16, 0.000E+00, 0.000E+00, 0.000E+00, 0.000E+00,-1.482E+01, 1.226E+01, 2.698E+00, 3.843E-01, 1.506E-01,-9.990E+02, 1.000E+00,-9.990E+02, 0.000E+00, 0.000E+00, 0.000E+00, 1.000E+00, 0.000E+00, 0.000E+00, 0.000E+00, 0.000E+00, 1.190E+02, 4.540E+01, 2.337E-02, 0.000E+00, 4.279E+01, 6.160E-03, 6.011E-01
02/06/2019,02:00,9,3.491,3.991,9.028,.954,.053, 1.006E+03, 8.889E+01, 3.122E-03, 3.469E-16, 8.676E-04, 4.641E+00, 1.421E+00, 1.398E+00,-1.482E+01, 1.226E+01, 2.545E+00, 3.841E-01, 1.420E-01, 1.108E-02, 1.000E+00, 5.590E-02, 5.676E-02, 1.000E-02, 1.000E+00, 1.000E+00, 5.590E-04, 3.541E-06, 3.595E-06, 0.000E+00, 1.262E+02, 4.814E+01, 2.174E-02, 1.695E-05, 4.596E+01, 5.790E-03, 6.407E-01
02/06/2019,03:00,9,3.491,3.991,8.910,.956,.050, 1.007E+03, 8.317E+01, 0.000E+00, 3.469E-16, 1.431E+01, 2.620E+01, 6.877E+01, 8.562E+00, 2.440E+01, 5.122E+01, 2.428E+00, 3.830E-01, 1.525E-01, 6.809E-02, 1.000E+00, 3.407E-01, 9.409E-01, 1.000E-02, 1.000E+00, 1.000E+00, 3.407E-03, 2.157E-05, 5.958E-05, 0.000E+00, 9.928E+01, 4.482E+01, 2.184E-02, 1.033E-04, 4.558E+01, 6.199E-03, 6.775E-01
02/06/2019,04:00,9,3.491,3.991,9.527,.907,.111, 1.007E+03, 7.655E+01, 0.000E+00, 3.469E-16, 5.966E+01, 4.707E+01, 1.449E+02, 1.667E+01, 2.440E+01, 5.122E+01, 2.388E+00, 3.833E-01, 1.500E-01, 1.332E-01, 1.000E+00, 5.629E-01, 9.974E-01, 1.000E-02, 1.000E+00, 1.000E+00, 5.629E-03, 3.572E-05, 6.329E-05, 0.000E+00, 1.010E+02, 4.558E+01, 1.045E-02, 1.710E-04, 9.416E+01, 4.720E-03, 7.032E-01
02/06/2019,05:00,9,3.491,3.991,10.144,.857,.177, 1.008E+03, 6.933E+01, 0.000E+00, 3.469E-16, 1.185E+02, 6.310E+01, 1.912E+02, 2.339E+01, 2.440E+01, 5.122E+01, 2.350E+00, 3.836E-01, 1.476E-01, 2.007E-01, 1.000E+00, 6.945E-01, 9.996E-01, 1.000E-02, 1.000E+00, 1.000E+00, 6.945E-03, 4.417E-05, 6.357E-05, 0.000E+00, 1.026E+02, 4.632E+01, 5.009E-03, 2.115E-04, 1.916E+02, 3.213E-03, 7.875E-01
02/06/2019,06:00,9,3.491,3.991,10.761,.808,.249, 1.008E+03, 6.187E+01, 2.689E-03, 3.469E-16, 1.910E+02, 7.689E+01, 2.320E+02, 2.943E+01, 1.731E+02, 1.487E+02, 2.314E+00, 4.585E-01, 1.574E-01, 2.635E-01, 1.000E+00, 7.805E-01, 9.999E-01, 1.000E-02, 1.000E+00, 1.000E+00, 7.805E-03, 4.974E-05, 6.373E-05, 0.000E+00, 8.346E+01, 4.342E+01, 5.000E-03, 2.382E-04, 1.909E+02, 3.342E-03, 9.137E-01
02/06/2019,07:00,9,3.491,3.991,12.325,.721,.402, 1.009E+03, 5.452E+01, 2.689E-03, 3.469E-16, 2.530E+02, 8.027E+01, 2.495E+02, 3.162E+01, 1.731E+02, 1.487E+02, 2.295E+00, 4.596E-01, 1.560E-01, 3.161E-01, 1.000E+00, 8.137E-01, 1.000E+00, 4.592E-02, 1.000E+00, 1.000E+00, 3.737E-02, 2.395E-04, 2.943E-04, 0.000E+00, 8.428E+01, 4.381E+01, 5.000E-03, 1.147E-03, 1.627E+02, 3.676E-03, 1.075E+00
02/06/2019,08:00,9,3.491,3.991,13.889,.633,.585, 1.010E+03, 4.777E+01, 2.689E-03, 3.469E-16, 3.058E+02, 7.873E+01, 2.594E+02, 3.193E+01, 1.731E+02, 1.487E+02, 2.293E+00, 4.607E-01, 1.559E-01, 3.564E-01, 1.000E+00, 8.269E-01, 1.000E+00, 2.517E-01, 1.000E+00, 1.000E+00, 2.081E-01, 1.341E-03, 1.622E-03, 0.000E+00, 8.446E+01, 4.386E+01, 5.000E-03, 6.420E-03, 8.756E+01, 5.075E-03, 1.183E+00
02/06/2019,09:00,9,3.491,3.991,15.453,.546,.803, 1.010E+03, 4.223E+01, 0.000E+00, 3.469E-16, 1.922E+02, 1.397E+02, 1.767E+02, 4.692E+01, 1.265E+02, 1.857E+02, 2.310E+00, 4.706E-01, 1.530E-01, 3.840E-01, 1.000E+00, 9.103E-01, 9.993E-01, 4.325E-01, 1.000E+00, 1.000E+00, 3.937E-01, 2.551E-03, 2.800E-03, 0.000E+00, 9.005E+01, 4.469E+01, 5.000E-03, 1.221E-02, 5.810E+01, 5.845E-03, 1.297E+00
02/06/2019,10:00,9,3.491,3.991,16.084,.502,.917, 1.010E+03, 3.868E+01, 0.000E+00, 3.469E-16, 2.052E+02, 1.427E+02, 1.794E+02, 4.792E+01, 1.265E+02, 1.857E+02, 2.314E+00, 4.711E-01, 1.532E-01, 3.994E-01, 1.000E+00, 9.161E-01, 9.994E-01, 4.983E-01, 1.000E+00, 1.000E+00, 4.565E-01, 2.964E-03, 3.233E-03, 0.000E+00, 8.996E+01, 4.462E+01, 5.000E-03, 1.419E-02, 5.211E+01, 6.062E-03, 1.248E+00
02/06/2019,11:00,9,3.491,3.991,16.714,.458,1.039, 1.010E+03, 3.780E+01, 0.000E+00, 3.469E-16, 2.083E+02, 1.433E+02, 1.799E+02, 4.813E+01, 1.265E+02, 1.857E+02, 2.483E+00, 4.716E-01, 1.644E-01, 4.030E-01, 1.000E+00, 9.173E-01, 9.994E-01, 5.601E-01, 1.000E+00, 1.000E+00, 5.137E-01, 3.343E-03, 3.642E-03, 0.000E+00, 8.387E+01, 4.159E+01, 5.000E-03, 1.601E-02, 4.761E+01, 6.545E-03, 1.267E+00
02/06/2019,12:00,9,3.491,3.991,17.345,.415,1.169, 1.010E+03, 3.981E+01, 0.000E+00, 3.469E-16, 2.012E+02, 1.418E+02, 1.786E+02, 4.763E+01, 2.927E+01, 1.596E+02, 2.788E+00, 3.695E-01, 1.773E-01, 3.947E-01, 1.000E+00, 9.144E-01, 9.994E-01, 6.178E-01, 1.000E+00, 1.000E+00, 5.649E-01, 3.684E-03, 4.026E-03, 0.000E+00, 8.350E+01, 3.855E+01, 5.000E-03, 1.764E-02, 4.417E+01, 6.978E-03, 1.172E+00
02/06/2019,13:00,9,3.491,3.991,17.480,.432,1.144, 1.010E+03, 4.425E+01, 0.000E+00, 3.469E-16, 1.843E+02, 1.377E+02, 1.749E+02, 4.623E+01, 2.927E+01, 1.596E+02, 2.204E+00, 3.695E-01, 1.401E-01, 3.745E-01, 1.000E+00, 9.063E-01, 9.992E-01, 6.297E-01, 1.000E+00, 1.000E+00, 5.707E-01, 3.723E-03, 4.105E-03, 0.000E+00, 1.057E+02, 4.878E+01, 5.000E-03, 1.783E-02, 4.381E+01, 5.909E-03, 1.440E+00
02/06/2019,14:00,9,3.491,3.991,17.616,.449,1.119, 1.011E+03, 5.035E+01, 0.000E+00, 3.469E-16, 1.591E+02, 1.297E+02, 1.682E+02, 4.349E+01, 2.927E+01, 1.596E+02, 1.949E+00, 3.696E-01, 1.239E-01, 3.418E-01, 1.000E+00, 8.896E-01, 9.990E-01, 6.414E-01, 1.000E+00, 1.000E+00, 5.706E-01, 3.725E-03, 4.182E-03, 0.000E+00, 1.195E+02, 5.515E+01, 5.000E-03, 1.783E-02, 4.380E+01, 5.388E-03, 1.326E+00
02/06/2019,15:00,9,3.491,3.991,17.752,.467,1.093, 1.011E+03, 5.740E+01, 0.000E+00, 3.469E-16, 3.480E+01, 1.184E+02, 6.905E+01, 3.675E+01,-2.217E+01, 7.717E+01, 2.146E+00, 3.120E-01, 1.081E-01, 2.966E-01, 1.000E+00, 8.275E-01, 9.416E-01, 6.529E-01, 1.000E+00, 1.000E+00, 5.403E-01, 3.528E-03, 4.015E-03, 0.000E+00, 1.836E+02, 6.322E+01, 5.000E-03, 1.689E-02, 4.568E+01, 4.677E-03, 9.916E-01
02/06/2019,16:00,9,3.491,3.991,16.933,.530,.913, 1.011E+03, 6.484E+01, 0.000E+00, 3.469E-16, 2.506E+01, 9.344E+01, 5.848E+01, 2.901E+01,-2.217E+01, 7.717E+01, 2.226E+00, 3.115E-01, 1.121E-01, 2.396E-01, 1.000E+00, 7.478E-01, 9.098E-01, 5.806E-01, 1.000E+00, 1.000E+00, 4.342E-01, 2.827E-03, 3.439E-03, 0.000E+00, 1.772E+02, 6.098E+01, 5.000E-03, 1.354E-02, 5.395E+01, 4.627E-03, 9.281E-01
02/06/2019,17:00,9,3.491,3.991,16.114,.594,.749, 1.011E+03, 7.224E+01, 0.000E+00, 3.469E-16, 1.516E+01, 6.459E+01, 4.489E+01, 2.005E+01,-2.217E+01, 7.717E+01, 2.307E+00, 3.111E-01, 1.160E-01, 1.742E-01, 1.000E+00, 6.105E-01, 8.422E-01, 5.013E-01, 1.000E+00, 1.000E+00, 3.061E-01, 1.987E-03, 2.742E-03, 0.000E+00, 1.713E+02, 5.891E+01, 5.000E-03, 9.515E-03, 6.889E+01, 4.434E-03, 9.979E-01
02/06/2019,18:00,9,3.491,3.991,15.295,.658,.599, 1.011E+03, 7.924E+01, 0.000E+00, 3.469E-16, 7.030E+00, 3.585E+01, 2.994E+01, 1.111E+01,-2.140E+01, 1.094E+01, 2.387E+00, 1.903E-01, 1.000E-01, 1.069E-01, 1.000E+00, 4.032E-01, 7.081E-01, 4.153E-01, 1.000E+00, 1.000E+00, 1.675E-01, 1.084E-03, 1.904E-03, 0.000E+00, 2.966E+02, 6.835E+01, 5.000E-03, 5.191E-03, 9.812E+01, 3.460E-03, 1.325E+00
02/06/2019,19:00,9,3.491,3.991,14.360,.697,.498, 1.011E+03, 8.553E+01, 0.000E+00, 3.469E-16, 7.393E-01, 1.107E+01, 8.112E+00, 3.372E+00,-2.140E+01, 1.094E+01, 2.342E+00, 1.899E-01, 1.000E-01, 4.467E-02, 1.000E+00, 1.364E-01, 2.837E-01, 3.087E-01, 1.000E+00, 1.000E+00, 4.210E-02, 2.717E-04, 5.652E-04, 0.000E+00, 2.972E+02, 6.835E+01, 5.000E-03, 1.301E-03, 1.587E+02, 2.860E-03, 1.767E+00
02/06/2019,20:00,9,3.491,3.991,13.425,.737,.407, 1.012E+03, 9.078E+01, 0.000E+00, 3.469E-16, 0.000E+00, 0.000E+00, 0.000E+00, 0.000E+00,-2.140E+01, 1.094E+01, 2.473E+00, 1.896E-01, 1.000E-01,-9.990E+02, 1.000E+00,-9.990E+02, 0.000E+00, 0.000E+00, 0.000E+00, 1.000E+00, 0.000E+00, 0.000E+00, 0.000E+00, 0.000E+00, 2.979E+02, 6.835E+01, 5.000E-03, 0.000E+00, 2.000E+02, 2.558E-03, 2.440E+00
02/06/2019,21:00,9,3.491,3.991,12.490,.776,.325, 1.012E+03, 9.469E+01, 0.000E+00, 3.469E-16, 0.000E+00, 0.000E+00, 0.000E+00, 0.000E+00,-3.947E+01, 8.270E+00, 2.756E+00, 3.027E-01, 1.214E-01,-9.990E+02, 1.000E+00,-9.990E+02, 0.000E+00, 0.000E+00, 0.000E+00, 1.000E+00, 0.000E+00, 0.000E+00, 0.000E+00, 0.000E+00, 1.870E+02, 5.631E+01, 5.000E-03, 0.000E+00, 2.000E+02, 2.842E-03, 3.451E+00
02/06/2019,22:00,9,3.491,3.991,12.133,.786,.303, 1.012E+03, 9.700E+01, 0.000E+00, 3.469E-16, 0.000E+00, 0.000E+00, 0.000E+00, 0.000E+00,-3.947E+01, 8.270E+00, 2.854E+00, 3.025E-01, 1.257E-01,-9.990E+02, 1.000E+00,-9.990E+02, 0.000E+00, 0.000E+00, 0.000E+00, 1.000E+00, 0.000E+00, 0.000E+00, 0.000E+00, 0.000E+00, 1.808E+02, 5.440E+01, 5.000E-03, 0.000E+00, 2.000E+02, 2.884E-03, 3.820E+00
02/06/2019,23:00,9,3.491,3.991,11.777,.796,.283, 1.012E+03, 9.754E+01, 0.000E+00, 3.469E-16, 0.000E+00, 0.000E+00, 0.000E+00, 0.000E+00,-3.947E+01, 8.270E+00, 2.979E+00, 3.023E-01, 1.311E-01,-9.990E+02, 1.000E+00,-9.990E+02, 0.000E+00, 0.000E+00, 0.000E+00, 1.000E+00, 0.000E+00, 0.000E+00, 0.000E+00, 0.000E+00, 1.734E+02, 5.214E+01, 5.000E-03, 0.000E+00, 2.000E+02, 2.935E-03, 3.612E+00
03/06/2019,00:00,9,3.491,3.991,11.421,.806,.263, 1.012E+03, 9.627E+01, 2.062E-02, 3.469E-16, 0.000E+00, 0.000E+00, 0.000E+00, 0.000E+00,-2.875E+01, 1.192E+01, 3.128E+00, 4.215E-01, 1.698E-01,-9.990E+02, 1.000E+00,-9.990E+02, 0.000E+00, 0.000E+00, 0.000E+00, 1.000E+00, 0.000E+00, 0.000E+00, 0.000E+00, 0.000E+00, 1.085E+02, 4.026E+01, 5.000E-03, 0.000E+00, 2.000E+02, 3.265E-03, 3.296E+00
03/06/2019,01:00,9,3.491,3.991,11.551,.795,.281, 1.011E+03, 9.328E+01, 2.062E-02, 3.469E-16, 0.000E+00, 0.000E+00, 0.000E+00, 0.000E+00,-2.875E+01, 1.192E+01, 3.293E+00, 4.216E-01, 1.788E-01,-9.990E+02, 1.000E+00,-9.990E+02, 0.000E+00, 0.000E+00, 0.000E+00, 1.000E+00, 0.000E+00, 0.000E+00, 0.000E+00, 0.000E+00, 1.030E+02, 3.824E+01, 5.000E-03, 0.000E+00, 2.000E+02, 3.323E-03, 2.869E+00
03/06/2019,02:00,9,3.491,3.991,11.681,.783,.299, 1.011E+03, 8.879E+01, 2.062E-02, 3.469E-16, 9.705E-04, 3.817E+00, 1.173E+00, 1.150E+00,-2.875E+01, 1.192E+01, 3.520E+00, 4.218E-01, 1.911E-01, 1.207E-02, 1.000E+00, 4.621E-02, 4.710E-02, 1.000E-02, 1.000E+00, 1.000E+00, 4.621E-04, 2.955E-06, 3.012E-06, 0.000E+00, 9.637E+01, 3.576E+01, 5.000E-03, 1.415E-05, 1.994E+02, 3.403E-03, 2.695E+00
03/06/2019,03:00,9,3.491,3.991,11.812,.772,.318, 1.011E+03, 8.308E+01, 0.000E+00, 3.469E-16, 2.909E+00, 2.041E+01, 1.836E+01, 6.286E+00, 2.327E+01, 5.403E+01, 3.798E+00, 6.250E-01, 2.293E-01, 6.900E-02, 1.000E+00, 2.487E-01, 5.301E-01, 1.000E-02, 1.000E+00, 1.000E+00, 2.487E-03, 1.591E-05, 3.391E-05, 0.000E+00, 7.109E+01, 2.981E+01, 5.000E-03, 7.616E-05, 1.970E+02, 3.639E-03, 2.496E+00
03/06/2019,04:00,9,3.491,3.991,12.826,.752,.369, 1.010E+03, 7.646E+01, 0.000E+00, 3.469E-16, 1.190E+01, 4.888E+01, 4.064E+01, 1.522E+01, 2.327E+01, 5.403E+01, 4.111E+00, 6.262E-01, 2.482E-01, 1.340E-01, 1.000E+00, 5.118E-01, 8.120E-01, 1.145E-01, 1.000E+00, 1.000E+00, 5.860E-02, 3.762E-04, 5.969E-04, 0.000E+00, 6.570E+01, 2.754E+01, 5.000E-03, 1.801E-03, 1.470E+02, 4.568E-03, 1.980E+00
03/06/2019,05:00,9,3.491,3.991,13.840,.732,.426, 1.010E+03, 6.925E+01, 0.000E+00, 3.469E-16, 2.353E+01, 7.954E+01, 5.805E+01, 2.483E+01, 2.327E+01, 5.403E+01, 4.438E+00, 6.275E-01, 2.679E-01, 2.015E-01, 1.000E+00, 6.939E-01, 9.081E-01, 2.456E-01, 1.000E+00, 1.000E+00, 1.704E-01, 1.098E-03, 1.437E-03, 0.000E+00, 6.087E+01, 2.551E+01, 5.000E-03, 5.257E-03, 9.750E+01, 6.094E-03, 1.869E+00
03/06/2019,06:00,9,3.491,3.991,14.854,.712,.489, 1.010E+03, 6.178E+01, 0.000E+00, 3.469E-16, 1.775E+02, 7.128E+01, 2.150E+02, 2.729E+01, 1.141E+02, 1.511E+02, 4.776E+00, 8.807E-01, 2.913E-01, 2.641E-01, 1.000E+00, 7.605E-01, 9.999E-01, 3.662E-01, 1.000E+00, 1.000E+00, 2.785E-01, 1.800E-03, 2.367E-03, 0.000E+00, 5.489E+01, 2.347E+01, 5.000E-03, 8.620E-03, 7.342E+01, 7.434E-03, 1.962E+00
03/06/2019,07:00,9,3.491,3.991,15.692,.649,.630, 1.009E+03, 5.444E+01, 0.000E+00, 3.469E-16, 2.349E+02, 7.434E+01, 2.312E+02, 2.930E+01, 1.141E+02, 1.511E+02, 5.191E+00, 8.821E-01, 3.166E-01, 3.166E-01, 1.000E+00, 7.952E-01, 9.999E-01, 4.578E-01, 1.000E+00, 1.000E+00, 3.641E-01, 2.361E-03, 2.968E-03, 0.000E+00, 5.051E+01, 2.159E+01, 5.000E-03, 1.130E-02, 6.134E+01, 8.506E-03, 2.029E+00
03/06/2019,08:00,9,3.491,3.991,16.529,.586,.784, 1.009E+03, 4.768E+01, 0.000E+00, 3.469E-16, 2.839E+02, 7.285E+01, 2.404E+02, 2.956E+01, 1.141E+02, 1.511E+02, 5.609E+00, 8.835E-01, 3.420E-01, 3.568E-01, 1.000E+00, 8.093E-01, 9.999E-01, 5.423E-01, 1.000E+00, 1.000E+00, 4.389E-01, 2.854E-03, 3.527E-03, 0.000E+00, 4.676E+01, 1.998E+01, 5.000E-03, 1.367E-02, 5.358E+01, 9.469E-03, 1.803E+00
03/06/2019,09:00,9,3.491,3.991,17.366,.523,.954, 1.009E+03, 4.213E+01, 0.000E+00, 3.469E-16, 9.752E+01, 1.634E+02, 1.174E+02, 5.166E+01, 2.118E+02, 1.875E+02, 6.029E+00, 1.105E+00, 3.673E-01, 3.845E-01, 1.000E+00, 9.234E-01, 9.920E-01, 6.197E-01, 1.000E+00, 1.000E+00, 5.722E-01, 3.732E-03, 4.009E-03, 0.000E+00, 4.364E+01, 1.861E+01, 5.000E-03, 1.787E-02, 4.373E+01, 1.084E-02, 1.801E+00
03/06/2019,10:00,9,3.491,3.991,17.682,.553,.913, 1.008E+03, 3.856E+01, 0.000E+00, 3.469E-16, 1.042E+02, 1.693E+02, 1.201E+02, 5.351E+01, 2.118E+02, 1.875E+02, 6.538E+00, 1.105E+00, 3.983E-01, 3.999E-01, 1.000E+00, 9.307E-01, 9.928E-01, 6.470E-01, 1.000E+00, 1.000E+00, 6.021E-01, 3.931E-03, 4.194E-03, 0.000E+00, 4.025E+01, 1.716E+01, 5.000E-03, 1.882E-02, 4.198E+01, 1.154E-02, 1.718E+00
03/06/2019,11:00,9,3.491,3.991,17.997,.582,.870, 1.008E+03, 3.768E+01, 0.000E+00, 3.469E-16, 1.057E+02, 1.706E+02, 1.207E+02, 5.393E+01, 2.118E+02, 1.875E+02, 7.051E+00, 1.106E+00, 4.295E-01, 4.034E-01, 1.000E+00, 9.323E-01, 9.930E-01, 6.732E-01, 1.000E+00, 1.000E+00, 6.276E-01, 4.102E-03, 4.369E-03, 0.000E+00, 3.733E+01, 1.592E+01, 5.000E-03, 1.964E-02, 4.059E+01, 1.219E-02, 1.834E+00
03/06/2019,12:00,9,3.491,3.991,18.313,.612,.825, 1.007E+03, 3.968E+01, 2.308E-01, 3.469E-16, 3.279E+02, 6.562E+01, 2.408E+02, 2.776E+01, 1.104E+02, 2.111E+02, 7.566E+00, 9.589E-01, 4.589E-01, 3.952E-01, 1.000E+00, 8.069E-01, 9.999E-01, 6.985E-01, 1.000E+00, 1.000E+00, 5.636E-01, 3.688E-03, 4.570E-03, 0.000E+00, 3.523E+01, 1.490E+01, 5.000E-03, 1.765E-02, 4.414E+01, 1.205E-02, 1.830E+00
03/06/2019,13:00,9,3.491,3.991,18.580,.616,.829, 1.007E+03, 4.412E+01, 2.308E-01, 3.469E-16, 3.006E+02, 6.903E+01, 2.379E+02, 2.851E+01, 1.104E+02, 2.111E+02, 6.878E+00, 9.595E-01, 4.171E-01, 3.751E-01, 1.000E+00, 8.065E-01, 9.999E-01, 7.191E-01, 1.000E+00, 1.000E+00, 5.800E-01, 3.798E-03, 4.709E-03, 0.000E+00, 3.875E+01, 1.639E+01, 5.000E-03, 1.818E-02, 4.313E+01, 1.165E-02, 1.773E+00
03/06/2019,14:00,9,3.491,3.991,18.847,.621,.834, 1.006E+03, 5.023E+01, 2.308E-01, 3.469E-16, 2.597E+02, 7.200E+01, 2.319E+02, 2.889E+01, 1.104E+02, 2.111E+02, 6.190E+00, 9.602E-01, 3.754E-01, 3.425E-01, 1.000E+00, 7.996E-01, 9.999E-01, 7.390E-01, 1.000E+00, 1.000E+00, 5.909E-01, 3.873E-03, 4.844E-03, 0.000E+00, 4.306E+01, 1.821E+01, 5.000E-03, 1.854E-02, 4.247E+01, 1.112E-02, 2.058E+00
03/06/2019,15:00,9,3.491,3.991,19.115,.625,.838, 1.006E+03, 5.728E+01, 0.000E+00, 3.469E-16, 3.119E+01, 1.166E+02, 6.495E+01, 3.610E+01,-1.153E+01, 7.821E+01, 5.503E+00, 6.267E-01, 3.231E-01, 2.974E-01, 1.000E+00, 8.203E-01, 9.308E-01, 7.581E-01, 1.000E+00, 1.000E+00, 6.219E-01, 4.080E-03, 4.630E-03, 0.000E+00, 5.271E+01, 2.116E+01, 5.000E-03, 1.953E-02, 4.076E+01, 1.039E-02, 2.203E+00
03/06/2019,16:00,9,3.491,3.991,18.601,.664,.727, 1.006E+03, 6.472E+01, 0.000E+00, 3.469E-16, 2.252E+01, 9.202E+01, 5.486E+01, 2.850E+01,-1.153E+01, 7.821E+01, 4.990E+00, 6.262E-01, 2.930E-01, 2.406E-01, 1.000E+00, 7.396E-01, 8.953E-01, 7.207E-01, 1.000E+00, 1.000E+00, 5.330E-01, 3.491E-03, 4.226E-03, 0.000E+00, 5.813E+01, 2.333E+01, 5.000E-03, 1.671E-02, 4.605E+01, 9.329E-03, 2.308E+00
03/06/2019,17:00,9,3.491,3.991,18.086,.703,.621, 1.005E+03, 7.211E+01, 0.000E+00, 3.469E-16, 1.369E+01, 6.368E+01, 4.201E+01, 1.972E+01,-1.153E+01, 7.821E+01, 4.478E+00, 6.257E-01, 2.629E-01, 1.753E-01, 1.000E+00, 6.023E-01, 8.223E-01, 6.805E-01, 1.000E+00, 1.000E+00, 4.099E-01, 2.680E-03, 3.658E-03, 0.000E+00, 6.478E+01, 2.600E+01, 5.000E-03, 1.283E-02, 5.609E+01, 8.050E-03, 2.298E+00
03/06/2019,18:00,9,3.491,3.991,17.572,.743,.522, 1.005E+03, 7.912E+01, 0.000E+00, 3.469E-16, 5.787E+00, 3.461E+01, 2.601E+01, 1.068E+01,-4.249E+01, 1.471E+01, 3.966E+00, 4.904E-01, 2.163E-01, 1.081E-01, 1.000E+00, 3.881E-01, 6.569E-01, 6.376E-01, 1.000E+00, 1.000E+00, 2.475E-01, 1.615E-03, 2.734E-03, 0.000E+00, 8.474E+01, 3.160E+01, 5.000E-03, 7.732E-03, 7.854E+01, 6.176E-03, 2.360E+00
03/06/2019,19:00,9,3.491,3.991,16.981,.763,.461, 1.005E+03, 8.540E+01, 0.000E+00, 3.469E-16, 6.573E-01, 1.073E+01, 7.367E+00, 3.266E+00,-4.249E+01, 1.471E+01, 3.977E+00, 4.899E-01, 2.169E-01, 4.590E-02, 1.000E+00, 1.319E-01, 2.614E-01, 5.850E-01, 1.000E+00, 1.000E+00, 7.717E-02, 5.026E-04, 9.960E-04, 0.000E+00, 8.455E+01, 3.152E+01, 5.000E-03, 2.406E-03, 1.350E+02, 4.583E-03, 2.463E+00
03/06/2019,20:00,9,3.491,3.991,16.389,.784,.405, 1.005E+03, 9.065E+01, 0.000E+00, 3.469E-16, 0.000E+00, 0.000E+00, 0.000E+00, 0.000E+00,-4.249E+01, 1.471E+01, 4.002E+00, 4.895E-01, 2.182E-01,-9.990E+02, 1.000E+00,-9.990E+02, 0.000E+00, 0.000E+00, 0.000E+00, 1.000E+00, 0.000E+00, 0.000E+00, 0.000E+00, 0.000E+00, 8.407E+01, 3.133E+01, 5.000E-03, 0.000E+00, 2.000E+02, 3.538E-03, 2.601E+00
03/06/2019,21:00,9,3.491,3.991,15.798,.805,.352, 1.005E+03, 9.457E+01, 0.000E+00, 3.469E-16, 0.000E+00, 0.000E+00, 0.000E+00, 0.000E+00,-4.559E+01, 6.131E+00, 4.040E+00, 4.729E-01, 2.169E-01,-9.990E+02, 1.000E+00,-9.990E+02, 0.000E+00, 0.000E+00, 0.000E+00, 1.000E+00, 0.000E+00, 0.000E+00, 0.000E+00, 0.000E+00, 8.587E+01, 3.151E+01, 5.000E-03, 0.000E+00, 2.000E+02, 3.530E-03, 2.786E+00
03/06/2019,22:00,9,3.491,3.991,15.809,.837,.295, 1.005E+03, 9.688E+01, 0.000E+00, 3.469E-16, 0.000E+00, 0.000E+00, 0.000E+00, 0.000E+00,-4.559E+01, 6.131E+00, 3.835E+00, 4.729E-01, 2.059E-01,-9.990E+02, 1.000E+00,-9.990E+02, 0.000E+00, 0.000E+00, 0.000E+00, 1.000E+00, 0.000E+00, 0.000E+00, 0.000E+00, 0.000E+00, 9.048E+01, 3.320E+01, 5.000E-03, 0.000E+00, 2.000E+02, 3.475E-03, 2.934E+00
03/06/2019,23:00,9,3.491,3.991,15.820,.869,.238, 1.005E+03, 9.743E+01, 0.000E+00, 3.469E-16, 0.000E+00, 0.000E+00, 0.000E+00, 0.000E+00,-4.559E+01, 6.131E+00, 3.854E+00, 4.729E-01, 2.069E-01,-9.990E+02, 1.000E+00,-9.990E+02, 0.000E+00, 0.000E+00, 0.000E+00, 1.000E+00, 0.000E+00, 0.000E+00, 0.000E+00, 0.000E+00, 9.004E+01, 3.304E+01, 5.009E-03, 0.000E+00, 1.997E+02, 3.485E-03, 2.986E+00
04/06/2019,00:00,9,3.491,3.991,15.831,.900,.180, 1.005E+03, 9.616E+01, 4.001E-04, 3.469E-16, 0.000E+00, 0.000E+00, 0.000E+00, 0.000E+00,-4.758E+01, 4.296E+00, 4.094E+00, 4.935E-01, 2.216E-01,-9.990E+02, 1.000E+00,-9.990E+02, 0.000E+00, 0.000E+00, 0.000E+00, 1.000E+00, 0.000E+00, 0.000E+00, 0.000E+00, 0.000E+00, 8.341E+01, 3.085E+01, 8.867E-03, 0.000E+00, 1.128E+02, 5.148E-03, 3.001E+00
04/06/2019,01:00,9,3.491,3.991,15.128,.904,.166, 1.006E+03, 9.318E+01, 4.001E-04, 3.469E-16, 0.000E+00, 0.000E+00, 0.000E+00, 0.000E+00,-4.758E+01, 4.296E+00, 4.006E+00, 4.928E-01, 2.167E-01,-9.990E+02, 1.000E+00,-9.990E+02, 0.000E+00, 0.000E+00, 0.000E+00, 1.000E+00, 0.000E+00, 0.000E+00, 0.000E+00, 0.000E+00, 8.531E+01, 3.155E+01, 8.993E-03, 0.000E+00, 1.112E+02, 5.141E-03, 2.459E+00
04/06/2019,02:00,9,3.491,3.991,14.425,.908,.152, 1.006E+03, 8.870E+01, 4.001E-04, 3.469E-16, 4.146E-03, 5.447E+00, 1.733E+00, 1.641E+00,-4.758E+01, 4.296E+00, 3.922E+00, 4.921E-01, 2.121E-01, 1.300E-02, 1.000E+00, 6.532E-02, 6.878E-02, 3.165E-01, 1.000E+00, 1.000E+00, 2.067E-02, 1.335E-04, 1.405E-04, 0.000E+00, 8.719E+01, 3.223E+01, 9.127E-03, 6.390E-04, 1.024E+02, 5.333E-03, 1.613E+00
04/06/2019,03:00,9,3.491,3.991,13.723,.912,.139, 1.007E+03, 8.300E+01, 0.000E+00, 3.469E-16, 1.620E+01, 2.847E+01, 7.576E+01, 9.332E+00, 3.039E+01, 7.242E+01, 3.844E+00, 6.199E-01, 2.332E-01, 6.985E-02, 1.000E+00, 3.632E-01, 9.557E-01, 2.310E-01, 1.000E+00, 1.000E+00, 8.390E-02, 5.403E-04, 1.422E-03, 0.000E+00, 6.926E+01, 2.931E+01, 1.155E-02, 2.587E-03, 7.075E+01, 6.795E-03, 1.239E+00
04/06/2019,04:00,9,3.491,3.991,14.083,.833,.270, 1.007E+03, 7.638E+01, 0.000E+00, 3.469E-16, 6.469E+01, 5.041E+01, 1.553E+02, 1.788E+01, 3.039E+01, 7.242E+01, 3.928E+00, 6.201E-01, 2.383E-01, 1.348E-01, 1.000E+00, 5.850E-01, 9.983E-01, 2.755E-01, 1.000E+00, 1.000E+00, 1.612E-01, 1.039E-03, 1.773E-03, 0.000E+00, 6.778E+01, 2.868E+01, 5.000E-03, 4.975E-03, 1.002E+02, 5.713E-03, 1.164E+00
04/06/2019,05:00,9,3.491,3.991,14.444,.753,.408, 1.007E+03, 6.918E+01, 0.000E+00, 3.469E-16, 1.271E+02, 6.724E+01, 2.038E+02, 2.494E+01, 3.039E+01, 7.242E+01, 4.020E+00, 6.204E-01, 2.439E-01, 2.022E-01, 1.000E+00, 7.140E-01, 9.998E-01, 3.187E-01, 1.000E+00, 1.000E+00, 2.275E-01, 1.469E-03, 2.057E-03, 0.000E+00, 6.624E+01, 2.803E+01, 5.000E-03, 7.032E-03, 8.311E+01, 6.403E-03, 1.246E+00
04/06/2019,06:00,9,3.491,3.991,14.804,.674,.552, 1.008E+03, 6.171E+01, 0.000E+00, 3.469E-16, 1.929E+02, 7.718E+01, 2.330E+02, 2.957E+01, 1.872E+02, 1.749E+02, 4.120E+00, 7.517E-01, 2.589E-01, 2.647E-01, 1.000E+00, 7.820E-01, 9.999E-01, 3.605E-01, 1.000E+00, 1.000E+00, 2.819E-01, 1.822E-03, 2.330E-03, 0.000E+00, 5.842E+01, 2.640E+01, 5.000E-03, 8.725E-03, 7.286E+01, 7.091E-03, 1.335E+00
04/06/2019,07:00,9,3.491,3.991,15.972,.616,.703, 1.008E+03, 5.436E+01, 0.000E+00, 3.469E-16, 2.549E+02, 8.043E+01, 2.505E+02, 3.172E+01, 1.872E+02, 1.749E+02, 4.258E+00, 7.532E-01, 2.675E-01, 3.171E-01, 1.000E+00, 8.147E-01, 1.000E+00, 4.869E-01, 1.000E+00, 1.000E+00, 3.967E-01, 2.575E-03, 3.160E-03, 0.000E+00, 5.656E+01, 2.555E+01, 5.000E-03, 1.233E-02, 5.771E+01, 8.085E-03, 1.463E+00
04/06/2019,08:00,9,3.491,3.991,17.140,.557,.874, 1.008E+03, 4.759E+01, 0.000E+00, 3.469E-16, 3.080E+02, 7.878E+01, 2.603E+02, 3.198E+01, 1.872E+02, 1.749E+02, 4.406E+00, 7.546E-01, 2.767E-01, 3.573E-01, 1.000E+00, 8.275E-01, 1.000E+00, 5.995E-01, 1.000E+00, 1.000E+00, 4.961E-01, 3.233E-03, 3.906E-03, 0.000E+00, 5.470E+01, 2.470E+01, 5.000E-03, 1.548E-02, 4.884E+01, 8.880E-03, 1.625E+00
04/06/2019,09:00,9,3.491,3.991,18.307,.498,1.066, 1.008E+03, 4.204E+01, 0.000E+00, 3.469E-16, 3.447E+02, 7.427E+01, 2.631E+02, 3.100E+01, 2.400E+02, 2.525E+02, 4.562E+00, 8.100E-01, 2.870E-01, 3.849E-01, 1.000E+00, 8.281E-01, 1.000E+00, 6.981E-01, 1.000E+00, 1.000E+00, 5.781E-01, 3.782E-03, 4.567E-03, 0.000E+00, 5.261E+01, 2.382E+01, 5.000E-03, 1.811E-02, 4.327E+01, 9.547E-03, 1.846E+00
04/06/2019,10:00,9,3.491,3.991,19.112,.454,1.220, 1.008E+03, 3.846E+01, 0.000E+00, 3.469E-16, 3.682E+02, 7.098E+01, 2.653E+02, 3.023E+01, 2.400E+02, 2.525E+02, 4.601E+00, 8.112E-01, 2.894E-01, 4.003E-01, 1.000E+00, 8.270E-01, 1.000E+00, 7.579E-01, 1.000E+00, 1.000E+00, 6.268E-01, 4.113E-03, 4.973E-03, 0.000E+00, 5.219E+01, 2.362E+01, 5.000E-03, 1.969E-02, 4.050E+01, 9.855E-03, 1.924E+00
04/06/2019,11:00,9,3.491,3.991,19.917,.410,1.388, 1.008E+03, 3.756E+01, 0.000E+00, 3.469E-16, 3.738E+02, 7.007E+01, 2.658E+02, 3.000E+01, 2.400E+02, 2.525E+02, 4.640E+00, 8.123E-01, 2.917E-01, 4.039E-01, 1.000E+00, 8.265E-01, 1.000E+00, 8.112E-01, 9.490E-01, 1.000E+00, 6.363E-01, 4.186E-03, 5.065E-03, 0.000E+00, 5.178E+01, 2.343E+01, 5.000E-03, 2.004E-02, 3.993E+01, 9.959E-03, 1.952E+00
04/06/2019,12:00,9,3.491,3.991,20.722,.366,1.568, 1.008E+03, 3.956E+01, 0.000E+00, 3.469E-16, 3.573E+02, 7.129E+01, 2.619E+02, 3.017E+01, 1.413E+02, 2.562E+02, 4.678E+00, 8.431E-01, 2.878E-01, 3.958E-01, 1.000E+00, 8.253E-01, 1.000E+00, 8.579E-01, 8.438E-01, 1.000E+00, 5.974E-01, 3.941E-03, 4.775E-03, 0.000E+00, 5.465E+01, 2.375E+01, 5.000E-03, 1.887E-02, 4.190E+01, 9.653E-03, 1.954E+00
04/06/2019,13:00,9,3.491,3.991,20.798,.365,1.578, 1.008E+03, 4.400E+01, 0.000E+00, 3.469E-16, 3.277E+02, 7.503E+01, 2.588E+02, 3.100E+01, 1.413E+02, 2.562E+02, 4.615E+00, 8.432E-01, 2.839E-01, 3.757E-01, 1.000E+00, 8.255E-01, 1.000E+00, 8.620E-01, 8.380E-01, 1.000E+00, 5.963E-01, 3.935E-03, 4.766E-03, 0.000E+00, 5.540E+01, 2.407E+01, 5.000E-03, 1.884E-02, 4.195E+01, 9.570E-03, 1.859E+00
04/06/2019,14:00,9,3.491,3.991,20.875,.364,1.588, 1.008E+03, 5.011E+01, 0.000E+00, 3.469E-16, 2.832E+02, 7.831E+01, 2.523E+02, 3.143E+01, 1.413E+02, 2.562E+02, 4.556E+00, 8.432E-01, 2.803E-01, 3.432E-01, 1.000E+00, 8.197E-01, 1.000E+00, 8.660E-01, 8.322E-01, 1.000E+00, 5.907E-01, 3.899E-03, 4.757E-03, 0.000E+00, 5.612E+01, 2.439E+01, 5.000E-03, 1.867E-02, 4.225E+01, 9.469E-03, 1.652E+00
04/06/2019,15:00,9,3.491,3.991,20.951,.363,1.598, 1.008E+03, 5.716E+01, 0.000E+00, 3.469E-16, 2.317E+02, 7.989E+01, 2.448E+02, 3.115E+01,-7.774E+00, 1.481E+02, 4.502E+00, 4.868E-01, 2.630E-01, 2.982E-01, 1.000E+00, 8.051E-01, 1.000E+00, 8.699E-01, 8.264E-01, 1.000E+00, 5.788E-01, 3.821E-03, 4.746E-03, 0.000E+00, 6.508E+01, 2.599E+01, 5.000E-03, 1.830E-02, 4.293E+01, 9.003E-03, 1.367E+00
04/06/2019,16:00,9,3.491,3.991,19.995,.419,1.374, 1.008E+03, 6.460E+01, 0.000E+00, 3.469E-16, 1.676E+02, 7.420E+01, 2.234E+02, 2.809E+01,-7.774E+00, 1.481E+02, 3.891E+00, 4.860E-01, 2.273E-01, 2.415E-01, 1.000E+00, 7.611E-01, 9.999E-01, 8.160E-01, 9.572E-01, 1.000E+00, 5.945E-01, 3.912E-03, 5.140E-03, 0.000E+00, 7.530E+01, 3.007E+01, 5.000E-03, 1.873E-02, 4.214E+01, 8.265E-03, 1.185E+00
04/06/2019,17:00,9,3.491,3.991,19.040,.475,1.169, 1.008E+03, 7.200E+01, 0.000E+00, 3.469E-16, 1.022E+02, 6.154E+01, 1.878E+02, 2.249E+01,-7.774E+00, 1.481E+02, 3.280E+00, 4.852E-01, 1.916E-01, 1.764E-01, 1.000E+00, 6.733E-01, 9.996E-01, 7.528E-01, 1.000E+00, 1.000E+00, 5.069E-01, 3.325E-03, 4.936E-03, 0.000E+00, 8.934E+01, 3.567E+01, 5.000E-03, 1.592E-02, 4.781E+01, 7.075E-03, 1.069E+00
04/06/2019,18:00,9,3.491,3.991,18.084,.530,.984, 1.008E+03, 7.900E+01, 0.000E+00, 3.469E-16, 4.292E+01, 4.180E+01, 1.269E+02, 1.446E+01,-3.605E+01, 2.790E+01, 2.670E+00, 2.260E-01, 1.000E-01, 1.093E-01, 1.000E+00, 5.079E-01, 9.946E-01, 6.803E-01, 1.000E+00, 1.000E+00, 3.456E-01, 2.259E-03, 4.424E-03, 0.000E+00, 2.975E+02, 6.835E+01, 5.000E-03, 1.082E-02, 6.322E+01, 3.934E-03, 1.038E+00
04/06/2019,19:00,9,3.491,3.991,16.604,.569,.820, 1.009E+03, 8.529E+01, 0.000E+00, 3.469E-16, 5.158E+00, 1.924E+01, 3.743E+01, 6.048E+00,-3.605E+01, 2.790E+01, 2.766E+00, 2.254E-01, 1.000E-01, 4.707E-02, 1.000E+00, 2.468E-01, 7.855E-01, 5.496E-01, 1.000E+00, 1.000E+00, 1.357E-01, 8.824E-04, 2.808E-03, 0.000E+00, 2.985E+02, 6.835E+01, 5.000E-03, 4.225E-03, 1.084E+02, 3.339E-03, 9.874E-01
04/06/2019,20:00,9,3.491,3.991,15.124,.609,.677, 1.009E+03, 9.054E+01, 0.000E+00, 3.469E-16, 0.000E+00, 0.000E+00, 0.000E+00, 0.000E+00,-3.605E+01, 2.790E+01, 2.886E+00, 2.248E-01, 1.000E-01,-9.990E+02, 1.000E+00,-9.990E+02, 0.000E+00, 0.000E+00, 0.000E+00, 1.000E+00, 0.000E+00, 0.000E+00, 0.000E+00, 0.000E+00, 2.996E+02, 6.835E+01, 5.000E-03, 0.000E+00, 2.000E+02, 2.557E-03, 9.846E-01
04/06/2019,21:00,9,3.491,3.991,13.643,.648,.553, 1.009E+03, 9.445E+01, 0.000E+00, 3.469E-16, 0.000E+00, 0.000E+00, 0.000E+00, 0.000E+00,-1.604E+01, 1.143E+01, 3.028E+00, 1.571E-01, 1.000E-01,-9.990E+02, 1.000E+00,-9.990E+02, 0.000E+00, 0.000E+00, 0.000E+00, 1.000E+00, 0.000E+00, 0.000E+00, 0.000E+00, 0.000E+00, 3.394E+02, 6.835E+01, 5.000E-03, 0.000E+00, 2.000E+02, 2.533E-03, 1.159E+00
04/06/2019,22:00,9,3.491,3.991,13.404,.672,.508, 1.010E+03, 9.677E+01, 0.000E+00, 3.469E-16, 0.000E+00, 0.000E+00, 0.000E+00, 0.000E+00,-1.604E+01, 1.143E+01, 2.639E+00, 1.570E-01, 1.000E-01,-9.990E+02, 1.000E+00,-9.990E+02, 0.000E+00, 0.000E+00, 0.000E+00, 1.000E+00, 0.000E+00, 0.000E+00, 0.000E+00, 0.000E+00, 3.396E+02, 6.835E+01, 5.000E-03, 0.000E+00, 2.000E+02, 2.533E-03, 1.340E+00
04/06/2019,23:00,9,3.491,3.991,13.166,.695,.463, 1.010E+03, 9.732E+01, 0.000E+00, 3.469E-16, 0.000E+00, 0.000E+00, 0.000E+00, 0.000E+00,-1.604E+01, 1.143E+01, 2.280E+00, 1.569E-01, 1.000E-01,-9.990E+02, 1.000E+00,-9.990E+02, 0.000E+00, 0.000E+00, 0.000E+00, 1.000E+00, 0.000E+00, 0.000E+00, 0.000E+00, 0.000E+00, 3.398E+02, 6.835E+01, 5.000E-03, 0.000E+00, 2.000E+02, 2.532E-03, 1.465E+00
05/06/2019,00:00,9,3.491,3.991,12.927,.719,.420, 1.010E+03, 9.606E+01, 0.000E+00, 3.469E-16, 0.000E+00, 0.000E+00, 0.000E+00, 0.000E+00,-1.554E+00, 3.360E+00, 1.968E+00, 1.000E-01, 1.000E-01,-9.990E+02, 1.000E+00,-9.990E+02, 0.000E+00, 0.000E+00, 0.000E+00, 1.000E+00, 0.000E+00, 0.000E+00, 0.000E+00, 0.000E+00, 2.325E+02, 6.835E+01, 5.000E-03, 0.000E+00, 2.000E+02, 2.598E-03, 1.584E+00
05/06/2019,01:00,9,3.491,3.991,12.898,.751,.372, 1.010E+03, 9.309E+01, 0.000E+00, 3.469E-16, 0.000E+00, 0.000E+00, 0.000E+00, 0.000E+00,-1.554E+00, 3.360E+00, 1.234E+00, 1.000E-01, 1.000E-01,-9.990E+02, 1.000E+00,-9.990E+02, 0.000E+00, 0.000E+00, 0.000E+00, 1.000E+00, 0.000E+00, 0.000E+00, 0.000E+00, 0.000E+00, 2.325E+02, 6.835E+01, 5.000E-03, 0.000E+00, 2.000E+02, 2.598E-03, 1.864E+00
05/06/2019,02:00,9,3.491,3.991,12.869,.782,.325, 1.010E+03, 8.861E+01, 0.000E+00, 3.469E-16, 2.867E-03, 4.097E+00, 1.294E+00, 1.234E+00,-1.554E+00, 3.360E+00, 7.261E-01, 1.000E-01, 1.000E-01, 1.386E-02, 1.000E+00, 4.954E-02, 5.182E-02, 1.203E-01, 1.000E+00, 1.000E+00, 5.961E-03, 3.827E-05, 4.004E-05, 0.000E+00, 2.325E+02, 6.835E+01, 5.000E-03, 1.832E-04, 1.929E+02, 2.647E-03, 2.522E+00
05/06/2019,03:00,9,3.491,3.991,12.840,.814,.277, 1.010E+03, 8.292E+01, 0.000E+00, 3.469E-16, 6.526E-01, 1.403E+01, 6.904E+00, 4.257E+00, 2.972E+01, 5.085E+01, 9.398E-01, 2.036E-01, 1.000E-01, 7.063E-02, 1.000E+00, 1.667E-01, 2.472E-01, 1.164E-01, 1.000E+00, 1.000E+00, 1.941E-02, 1.246E-04, 1.848E-04, 0.000E+00, 1.194E+02, 6.835E+01, 5.000E-03, 5.967E-04, 1.787E+02, 2.909E-03, 3.958E+00
05/06/2019,04:00,9,3.491,3.991,14.453,.778,.367, 1.010E+03, 7.631E+01, 0.000E+00, 3.469E-16, 2.566E+00, 3.492E+01, 1.605E+01, 1.063E+01, 2.972E+01, 5.085E+01, 1.035E+00, 2.042E-01, 1.000E-01, 1.355E-01, 1.000E+00, 3.716E-01, 4.832E-01, 3.198E-01, 1.000E+00, 1.000E+00, 1.188E-01, 7.672E-04, 9.976E-04, 0.000E+00, 1.196E+02, 6.835E+01, 5.000E-03, 3.673E-03, 1.153E+02, 3.565E-03, 2.294E+00
05/06/2019,05:00,9,3.491,3.991,16.067,.743,.473, 1.010E+03, 6.911E+01, 0.000E+00, 3.469E-16, 5.026E+00, 5.810E+01, 2.474E+01, 1.769E+01, 2.972E+01, 5.085E+01, 1.195E+00, 2.048E-01, 1.000E-01, 2.028E-01, 1.000E+00, 5.416E-01, 6.385E-01, 4.966E-01, 1.000E+00, 1.000E+00, 2.689E-01, 1.746E-03, 2.058E-03, 0.000E+00, 1.197E+02, 6.835E+01, 5.000E-03, 8.360E-03, 7.485E+01, 4.164E-03, 2.104E+00
05/06/2019,06:00,9,3.491,3.991,17.680,.707,.598, 1.010E+03, 6.164E+01, 0.000E+00, 3.469E-16, 1.844E+02, 7.372E+01, 2.223E+02, 2.824E+01, 1.591E+02, 1.463E+02, 1.399E+00, 4.484E-01, 1.000E-01, 2.652E-01, 1.000E+00, 7.700E-01, 9.999E-01, 6.468E-01, 1.000E+00, 1.000E+00, 4.980E-01, 3.251E-03, 4.222E-03, 0.000E+00, 1.317E+02, 6.835E+01, 5.000E-03, 1.557E-02, 4.862E+01, 4.560E-03, 2.273E+00
05/06/2019,07:00,9,3.491,3.991,19.251,.682,.716, 1.010E+03, 5.429E+01, 0.000E+00, 3.469E-16, 2.436E+02, 7.678E+01, 2.389E+02, 3.027E+01, 1.591E+02, 1.463E+02, 1.823E+00, 4.496E-01, 1.238E-01, 3.176E-01, 1.000E+00, 8.035E-01, 9.999E-01, 7.676E-01, 1.000E+00, 1.000E+00, 6.168E-01, 4.049E-03, 5.039E-03, 0.000E+00, 1.065E+02, 5.523E+01, 5.000E-03, 1.938E-02, 4.101E+01, 5.588E-03, 2.415E+00
05/06/2019,08:00,9,3.491,3.991,20.823,.658,.853, 1.010E+03, 4.752E+01, 0.000E+00, 3.469E-16, 2.942E+02, 7.517E+01, 2.483E+02, 3.052E+01, 1.591E+02, 1.463E+02, 2.385E+00, 4.508E-01, 1.619E-01, 3.577E-01, 1.000E+00, 8.169E-01, 1.000E+00, 8.633E-01, 1.000E+00, 1.000E+00, 7.052E-01, 4.654E-03, 5.697E-03, 0.000E+00, 8.154E+01, 4.223E+01, 5.000E-03, 2.228E-02, 3.665E+01, 7.035E-03, 2.468E+00
05/06/2019,09:00,9,3.491,3.991,22.395,.633,1.008, 1.010E+03, 4.195E+01, 0.000E+00, 3.469E-16, 3.482E+02, 7.491E+01, 2.653E+02, 3.127E+01, 2.100E+02, 2.331E+02, 3.010E+00, 6.496E-01, 1.940E-01, 3.853E-01, 1.000E+00, 8.301E-01, 1.000E+00, 9.337E-01, 1.000E+00, 1.000E+00, 7.751E-01, 5.142E-03, 6.195E-03, 0.000E+00, 7.444E+01, 3.523E+01, 5.000E-03, 2.462E-02, 3.376E+01, 8.073E-03, 2.588E+00
05/06/2019,10:00,9,3.491,3.991,23.327,.594,1.180, 1.010E+03, 3.836E+01, 0.000E+00, 3.469E-16, 3.718E+02, 7.156E+01, 2.676E+02, 3.048E+01, 2.100E+02, 2.331E+02, 3.242E+00, 6.507E-01, 2.090E-01, 4.007E-01, 1.000E+00, 8.289E-01, 1.000E+00, 9.636E-01, 1.000E+00, 1.000E+00, 7.987E-01, 5.316E-03, 6.413E-03, 0.000E+00, 6.915E+01, 3.271E+01, 5.000E-03, 2.545E-02, 3.284E+01, 8.583E-03, 2.252E+00
05/06/2019,11:00,9,3.491,3.991,24.260,.556,1.369, 1.010E+03, 3.745E+01, 0.000E+00, 3.469E-16, 3.775E+02, 7.064E+01, 2.680E+02, 3.025E+01, 2.100E+02, 2.331E+02, 3.489E+00, 6.518E-01, 2.248E-01, 4.043E-01, 1.000E+00, 8.284E-01, 1.000E+00, 9.846E-01, 9.599E-01, 1.000E+00, 7.829E-01, 5.227E-03, 6.310E-03, 0.000E+00, 6.431E+01, 3.041E+01, 5.000E-03, 2.503E-02, 3.330E+01, 9.001E-03, 2.121E+00
05/06/2019,12:00,9,3.491,3.991,25.193,.517,1.575, 1.010E+03, 3.945E+01, 0.000E+00, 3.469E-16, 3.648E+02, 7.261E+01, 2.669E+02, 3.074E+01, 1.293E+02, 2.284E+02, 3.746E+00, 6.236E-01, 2.373E-01, 3.962E-01, 1.000E+00, 8.294E-01, 1.000E+00, 9.967E-01, 8.400E-01, 1.000E+00, 6.944E-01, 4.651E-03, 5.607E-03, 0.000E+00, 6.282E+01, 2.881E+01, 5.000E-03, 2.227E-02, 3.668E+01, 9.021E-03, 2.092E+00
05/06/2019,13:00,9,3.491,3.991,25.501,.508,1.635, 1.009E+03, 4.389E+01, 0.000E+00, 3.469E-16, 3.347E+02, 7.643E+01, 2.638E+02, 3.159E+01, 1.293E+02, 2.284E+02, 3.880E+00, 6.241E-01, 2.458E-01, 3.762E-01, 1.000E+00, 8.299E-01, 1.000E+00, 9.987E-01, 8.048E-01, 1.000E+00, 6.670E-01, 4.472E-03, 5.389E-03, 0.000E+00, 6.067E+01, 2.781E+01, 5.000E-03, 2.141E-02, 3.786E+01, 9.134E-03, 2.236E+00
05/06/2019,14:00,9,3.491,3.991,25.809,.499,1.697, 1.009E+03, 5.000E+01, 0.000E+00, 3.469E-16, 2.895E+02, 7.981E+01, 2.572E+02, 3.205E+01, 1.293E+02, 2.284E+02, 4.015E+00, 6.245E-01, 2.543E-01, 3.439E-01, 1.000E+00, 8.244E-01, 1.000E+00, 9.998E-01, 7.686E-01, 1.000E+00, 6.335E-01, 4.252E-03, 5.157E-03, 0.000E+00, 5.864E+01, 2.688E+01, 5.000E-03, 2.036E-02, 3.944E+01, 9.204E-03, 2.482E+00
05/06/2019,15:00,9,3.491,3.991,26.117,.490,1.761, 1.009E+03, 5.705E+01, 0.000E+00, 3.469E-16, 2.325E+02, 7.991E+01, 2.449E+02, 3.117E+01,-2.255E+01, 1.447E+02, 4.151E+00, 5.545E-01, 2.388E-01, 2.990E-01, 1.000E+00, 8.055E-01, 1.000E+00, 9.999E-01, 7.315E-01, 1.000E+00, 5.892E-01, 3.958E-03, 4.914E-03, 0.000E+00, 7.281E+01, 2.863E+01, 5.000E-03, 1.895E-02, 4.175E+01, 8.552E-03, 2.300E+00
05/06/2019,16:00,9,3.491,3.991,25.121,.533,1.515, 1.009E+03, 6.449E+01, 0.000E+00, 3.469E-16, 1.684E+02, 7.432E+01, 2.237E+02, 2.815E+01,-2.255E+01, 1.447E+02, 3.997E+00, 5.535E-01, 2.299E-01, 2.424E-01, 1.000E+00, 7.619E-01, 9.999E-01, 9.961E-01, 8.747E-01, 1.000E+00, 6.638E-01, 4.445E-03, 5.833E-03, 0.000E+00, 7.564E+01, 2.974E+01, 5.000E-03, 2.128E-02, 3.805E+01, 8.611E-03, 2.671E+00
05/06/2019,17:00,9,3.491,3.991,24.124,.577,1.292, 1.009E+03, 7.189E+01, 0.000E+00, 3.469E-16, 1.031E+02, 6.177E+01, 1.884E+02, 2.258E+01,-2.255E+01, 1.447E+02, 3.859E+00, 5.525E-01, 2.219E-01, 1.775E-01, 1.000E+00, 6.750E-01, 9.996E-01, 9.820E-01, 1.000E+00, 1.000E+00, 6.629E-01, 4.424E-03, 6.551E-03, 0.000E+00, 7.837E+01, 3.080E+01, 5.000E-03, 2.118E-02, 3.820E+01, 8.397E-03, 3.144E+00
05/06/2019,18:00,9,3.491,3.991,23.128,.621,1.089, 1.009E+03, 7.889E+01, 0.000E+00, 3.469E-16, 4.442E+01, 4.282E+01, 1.301E+02, 1.483E+01,-6.005E+01, 2.733E+01, 3.739E+00, 4.123E-01, 1.835E-01, 1.104E-01, 1.000E+00, 5.160E-01, 9.953E-01, 9.579E-01, 1.000E+00, 1.000E+00, 4.943E-01, 3.288E-03, 6.341E-03, 0.000E+00, 1.110E+02, 3.725E+01, 5.000E-03, 1.574E-02, 4.821E+01, 6.778E-03, 3.286E+00
05/06/2019,19:00,9,3.491,3.991,21.689,.673,.861, 1.010E+03, 8.517E+01, 0.000E+00, 3.469E-16, 5.635E+00, 2.000E+01, 3.979E+01, 6.298E+00,-6.005E+01, 2.733E+01, 3.665E+00, 4.112E-01, 1.796E-01, 4.819E-02, 1.000E+00, 2.560E-01, 8.053E-01, 9.052E-01, 1.000E+00, 1.000E+00, 2.318E-01, 1.534E-03, 4.825E-03, 0.000E+00, 1.136E+02, 3.805E+01, 5.000E-03, 7.344E-03, 8.101E+01, 5.480E-03, 3.253E+00
05/06/2019,20:00,9,3.491,3.991,20.251,.724,.663, 1.011E+03, 9.042E+01, 0.000E+00, 3.469E-16, 0.000E+00, 0.000E+00, 0.000E+00, 0.000E+00,-6.005E+01, 2.733E+01, 3.591E+00, 4.101E-01, 1.758E-01,-9.990E+02, 1.000E+00,-9.990E+02, 0.000E+00, 0.000E+00, 0.000E+00, 1.000E+00, 0.000E+00, 0.000E+00, 0.000E+00, 0.000E+00, 1.162E+02, 3.889E+01, 5.000E-03, 0.000E+00, 2.000E+02, 3.292E-03, 3.413E+00
05/06/2019,21:00,9,3.491,3.991,18.812,.775,.493, 1.011E+03, 9.434E+01, 0.000E+00, 3.469E-16, 0.000E+00, 0.000E+00, 0.000E+00, 0.000E+00,-4.519E+01, 7.335E+00, 3.517E+00, 3.663E-01, 1.705E-01,-9.990E+02, 1.000E+00,-9.990E+02, 0.000E+00, 0.000E+00, 0.000E+00, 1.000E+00, 0.000E+00, 0.000E+00, 0.000E+00, 0.000E+00, 1.210E+02, 4.010E+01, 5.000E-03, 0.000E+00, 2.000E+02, 3.257E-03, 3.703E+00
05/06/2019,22:00,9,3.491,3.991,18.027,.798,.421, 1.011E+03, 9.666E+01, 0.000E+00, 3.469E-16, 0.000E+00, 0.000E+00, 0.000E+00, 0.000E+00,-4.519E+01, 7.335E+00, 3.446E+00, 3.657E-01, 1.669E-01,-9.990E+02, 1.000E+00,-9.990E+02, 0.000E+00, 0.000E+00, 0.000E+00, 1.000E+00, 0.000E+00, 0.000E+00, 0.000E+00, 0.000E+00, 1.237E+02, 4.095E+01, 5.000E-03, 0.000E+00, 2.000E+02, 3.233E-03, 3.670E+00
05/06/2019,23:00,9,3.491,3.991,17.241,.821,.355, 1.012E+03, 9.722E+01, 0.000E+00, 3.469E-16, 0.000E+00, 0.000E+00, 0.000E+00, 0.000E+00,-4.519E+01, 7.335E+00, 3.376E+00, 3.652E-01, 1.634E-01,-9.990E+02, 1.000E+00,-9.990E+02, 0.000E+00, 0.000E+00, 0.000E+00, 1.000E+00, 0.000E+00, 0.000E+00, 0.000E+00, 0.000E+00, 1.265E+02, 4.184E+01, 5.000E-03, 0.000E+00, 2.000E+02, 3.208E-03, 3.444E+00
06/06/2019,00:00,9,3.491,3.991,16.456,.844,.295, 1.012E+03, 9.596E+01, 0.000E+00, 3.469E-16, 0.000E+00, 0.000E+00, 0.000E+00, 0.000E+00,-4.121E+01, 1.169E+01, 3.306E+00, 3.536E-01, 1.599E-01,-9.990E+02, 1.000E+00,-9.990E+02, 0.000E+00, 0.000E+00, 0.000E+00, 1.000E+00, 0.000E+00, 0.000E+00, 0.000E+00, 0.000E+00, 1.294E+02, 4.276E+01, 5.000E-03, 0.000E+00, 2.000E+02, 3.183E-03, 3.430E+00
06/06/2019,01:00,9,3.491,3.991,16.308,.830,.318, 1.012E+03, 9.300E+01, 0.000E+00, 3.469E-16, 0.000E+00, 0.000E+00, 0.000E+00, 0.000E+00,-4.121E+01, 1.169E+01, 3.130E+00, 3.535E-01, 1.513E-01,-9.990E+02, 1.000E+00,-9.990E+02, 0.000E+00, 0.000E+00, 0.000E+00, 1.000E+00, 0.000E+00, 0.000E+00, 0.000E+00, 0.000E+00, 1.367E+02, 4.517E+01, 5.000E-03, 0.000E+00, 2.000E+02, 3.119E-03, 3.613E+00
06/06/2019,02:00,9,3.491,3.991,16.160,.815,.341, 1.012E+03, 8.853E+01, 0.000E+00, 3.469E-16, 1.118E-02, 6.142E+00, 2.070E+00, 1.851E+00,-4.121E+01, 1.169E+01, 2.955E+00, 3.534E-01, 1.429E-01, 1.466E-02, 1.000E+00, 7.343E-02, 8.160E-02, 5.060E-01, 1.000E+00, 1.000E+00, 3.716E-02, 2.413E-04, 2.682E-04, 0.000E+00, 1.448E+02, 4.784E+01, 5.000E-03, 1.155E-03, 1.625E+02, 3.446E-03, 3.677E+00
06/06/2019,03:00,9,3.491,3.991,16.012,.801,.364, 1.013E+03, 8.284E+01, 0.000E+00, 3.469E-16, 1.693E+01, 2.905E+01, 7.751E+01, 9.538E+00, 2.279E+01, 6.989E+01, 2.782E+00, 3.255E-01, 1.780E-01, 7.135E-02, 1.000E+00, 3.698E-01, 9.587E-01, 4.911E-01, 1.000E+00, 1.000E+00, 1.816E-01, 1.179E-03, 3.056E-03, 0.000E+00, 8.227E+01, 3.840E+01, 5.000E-03, 5.643E-03, 9.396E+01, 5.195E-03, 3.469E+00
06/06/2019,04:00,9,3.491,3.991,17.865,.750,.515, 1.013E+03, 7.624E+01, 0.000E+00, 3.469E-16, 6.557E+01, 5.084E+01, 1.559E+02, 1.803E+01, 2.279E+01, 6.989E+01, 2.459E+00, 3.265E-01, 1.572E-01, 1.362E-01, 1.000E+00, 5.884E-01, 9.984E-01, 6.623E-01, 1.000E+00, 1.000E+00, 3.897E-01, 2.546E-03, 4.320E-03, 0.000E+00, 9.321E+01, 4.348E+01, 5.000E-03, 1.219E-02, 5.818E+01, 5.891E-03, 3.736E+00
06/06/2019,05:00,9,3.491,3.991,19.717,.699,.698, 1.013E+03, 6.904E+01, 0.000E+00, 3.469E-16, 1.280E+02, 6.754E+01, 2.039E+02, 2.505E+01, 2.279E+01, 6.989E+01, 2.147E+00, 3.275E-01, 1.372E-01, 2.033E-01, 1.000E+00, 7.157E-01, 9.998E-01, 7.986E-01, 1.000E+00, 1.000E+00, 5.715E-01, 3.757E-03, 5.249E-03, 0.000E+00, 1.069E+02, 4.982E+01, 5.000E-03, 1.799E-02, 4.350E+01, 5.836E-03, 4.137E+00
06/06/2019,06:00,9,3.491,3.991,21.570,.649,.917, 1.013E+03, 6.158E+01, 0.000E+00, 3.469E-16, 1.936E+02, 7.737E+01, 2.330E+02, 2.963E+01, 1.264E+02, 1.915E+02, 1.852E+00, 4.950E-01, 1.214E-01, 2.657E-01, 1.000E+00, 7.829E-01, 9.999E-01, 8.999E-01, 1.000E+00, 1.000E+00, 7.045E-01, 4.661E-03, 5.953E-03, 0.000E+00, 1.154E+02, 5.629E+01, 5.000E-03, 2.232E-02, 3.661E+01, 5.569E-03, 4.790E+00
06/06/2019,07:00,9,3.491,3.991,23.394,.594,1.187, 1.013E+03, 5.422E+01, 0.000E+00, 3.469E-16, 2.556E+02, 8.053E+01, 2.504E+02, 3.175E+01, 1.264E+02, 1.915E+02, 2.395E+00, 4.965E-01, 1.570E-01, 3.180E-01, 1.000E+00, 8.152E-01, 1.000E+00, 9.653E-01, 1.000E+00, 1.000E+00, 7.870E-01, 5.239E-03, 6.426E-03, 0.000E+00, 8.932E+01, 4.354E+01, 5.000E-03, 2.508E-02, 3.324E+01, 6.952E-03, 5.132E+00
06/06/2019,08:00,9,3.491,3.991,25.218,.539,1.507, 1.013E+03, 4.745E+01, 0.000E+00, 3.469E-16, 3.087E+02, 7.881E+01, 2.602E+02, 3.200E+01, 1.264E+02, 1.915E+02, 2.971E+00, 4.981E-01, 1.947E-01, 3.581E-01, 1.000E+00, 8.278E-01, 1.000E+00, 9.969E-01, 8.795E-01, 1.000E+00, 7.258E-01, 4.861E-03, 5.872E-03, 0.000E+00, 7.211E+01, 3.511E+01, 5.000E-03, 2.327E-02, 3.537E+01, 8.026E-03, 4.890E+00
06/06/2019,09:00,9,3.491,3.991,27.042,.484,1.883, 1.013E+03, 4.187E+01, 1.889E-03, 3.469E-16, 3.474E+02, 7.467E+01, 2.644E+02, 3.117E+01, 1.065E+02, 2.372E+02, 3.565E+00, 7.723E-01, 2.192E-01, 3.857E-01, 1.000E+00, 8.295E-01, 1.000E+00, 9.945E-01, 6.604E-01, 1.000E+00, 5.448E-01, 3.671E-03, 4.426E-03, 0.000E+00, 7.187E+01, 3.119E+01, 5.000E-03, 1.758E-02, 4.429E+01, 7.978E-03, 4.912E+00
06/06/2019,10:00,9,3.491,3.991,27.225,.458,1.998, 1.013E+03, 3.827E+01, 1.889E-03, 3.469E-16, 3.710E+02, 7.131E+01, 2.667E+02, 3.038E+01, 1.065E+02, 2.372E+02, 4.074E+00, 7.727E-01, 2.505E-01, 4.011E-01, 1.000E+00, 8.283E-01, 1.000E+00, 9.923E-01, 5.934E-01, 1.000E+00, 4.878E-01, 3.289E-03, 3.971E-03, 0.000E+00, 6.288E+01, 2.729E+01, 5.000E-03, 1.575E-02, 4.820E+01, 8.396E-03, 4.494E+00
06/06/2019,11:00,9,3.491,3.991,27.408,.433,2.116, 1.012E+03, 3.735E+01, 1.889E-03, 3.469E-16, 3.768E+02, 7.038E+01, 2.671E+02, 3.015E+01, 1.065E+02, 2.372E+02, 4.584E+00, 7.730E-01, 2.818E-01, 4.047E-01, 1.000E+00, 8.277E-01, 1.000E+00, 9.899E-01, 5.251E-01, 1.000E+00, 4.302E-01, 2.903E-03, 3.507E-03, 0.000E+00, 5.590E+01, 2.425E+01, 5.000E-03, 1.390E-02, 5.292E+01, 8.625E-03, 4.406E+00
06/06/2019,12:00,9,3.491,3.991,27.590,.407,2.235, 1.012E+03, 3.934E+01, 3.664E-03, 3.469E-16, 3.653E+02, 7.256E+01, 2.669E+02, 3.072E+01, 8.666E+01, 2.212E+02, 5.094E+00, 8.118E-01, 3.105E-01, 3.967E-01, 1.000E+00, 8.295E-01, 1.000E+00, 9.871E-01, 4.554E-01, 1.000E+00, 3.729E-01, 2.517E-03, 3.035E-03, 0.000E+00, 5.157E+01, 2.202E+01, 5.000E-03, 1.205E-02, 5.864E+01, 8.622E-03, 3.946E+00
06/06/2019,13:00,9,3.491,3.991,27.383,.439,2.089, 1.012E+03, 4.378E+01, 3.664E-03, 3.469E-16, 3.353E+02, 7.640E+01, 2.638E+02, 3.158E+01, 8.666E+01, 2.212E+02, 5.000E+00, 8.117E-01, 3.048E-01, 3.767E-01, 1.000E+00, 8.299E-01, 1.000E+00, 9.902E-01, 5.405E-01, 1.000E+00, 4.442E-01, 2.997E-03, 3.611E-03, 0.000E+00, 5.253E+01, 2.243E+01, 5.000E-03, 1.435E-02, 5.169E+01, 9.083E-03, 3.087E+00
06/06/2019,14:00,9,3.491,3.991,27.176,.471,1.946, 1.012E+03, 4.989E+01, 3.664E-03, 3.469E-16, 2.901E+02, 7.982E+01, 2.572E+02, 3.205E+01, 8.666E+01, 2.212E+02, 4.916E+00, 8.115E-01, 2.996E-01, 3.445E-01, 1.000E+00, 8.246E-01, 1.000E+00, 9.929E-01, 6.237E-01, 1.000E+00, 5.106E-01, 3.443E-03, 4.175E-03, 0.000E+00, 5.343E+01, 2.281E+01, 5.000E-03, 1.648E-02, 4.655E+01, 9.437E-03, 3.298E+00
06/06/2019,15:00,9,3.491,3.991,26.969,.503,1.807, 1.011E+03, 5.694E+01, 8.505E-03, 3.469E-16, 2.333E+02, 8.001E+01, 2.451E+02, 3.121E+01, 4.561E+00, 1.301E+02, 4.841E+00, 6.220E-01, 2.886E-01, 2.997E-01, 1.000E+00, 8.060E-01, 1.000E+00, 9.952E-01, 7.050E-01, 1.000E+00, 5.655E-01, 3.810E-03, 4.727E-03, 0.000E+00, 5.793E+01, 2.369E+01, 5.000E-03, 1.824E-02, 4.302E+01, 9.523E-03, 3.465E+00
06/06/2019,16:00,9,3.491,3.991,25.850,.564,1.479, 1.011E+03, 6.438E+01, 8.505E-03, 3.469E-16, 1.692E+02, 7.450E+01, 2.239E+02, 2.822E+01, 4.561E+00, 1.301E+02, 4.477E+00, 6.208E-01, 2.669E-01, 2.433E-01, 1.000E+00, 7.629E-01, 9.999E-01, 9.999E-01, 8.959E-01, 1.000E+00, 6.834E-01, 4.587E-03, 6.012E-03, 0.000E+00, 6.263E+01, 2.561E+01, 5.000E-03, 2.196E-02, 3.709E+01, 9.606E-03, 2.526E+00
06/06/2019,17:00,9,3.491,3.991,24.732,.626,1.186, 1.011E+03, 7.178E+01, 8.505E-03, 3.469E-16, 1.039E+02, 6.204E+01, 1.889E+02, 2.269E+01, 4.561E+00, 1.301E+02, 4.168E+00, 6.197E-01, 2.485E-01, 1.784E-01, 1.000E+00, 6.768E-01, 9.996E-01, 9.918E-01, 1.000E+00, 1.000E+00, 6.713E-01, 4.489E-03, 6.629E-03, 0.000E+00, 6.727E+01, 2.751E+01, 5.000E-03, 2.149E-02, 3.775E+01, 9.113E-03, 1.552E+00
06/06/2019,18:00,9,3.491,3.991,23.613,.688,.924, 1.011E+03, 7.878E+01, 0.000E+00, 3.469E-16, 4.517E+01, 4.317E+01, 1.311E+02, 1.496E+01,-4.529E+01, 2.192E+01, 3.927E+00, 4.355E-01, 2.056E-01, 1.114E-01, 1.000E+00, 5.193E-01, 9.954E-01, 9.709E-01, 1.000E+00, 1.000E+00, 5.042E-01, 3.359E-03, 6.439E-03, 0.000E+00, 9.290E+01, 3.325E+01, 5.000E-03, 1.608E-02, 4.744E+01, 7.380E-03, 1.320E+00
06/06/2019,19:00,9,3.491,3.991,22.032,.742,.692, 1.011E+03, 8.507E+01, 0.000E+00, 3.469E-16, 6.021E+00, 2.043E+01, 4.146E+01, 6.446E+00,-4.529E+01, 2.192E+01, 3.734E+00, 4.343E-01, 1.953E-01, 4.926E-02, 1.000E+00, 2.617E-01, 8.183E-01, 9.197E-01, 1.000E+00, 1.000E+00, 2.407E-01, 1.595E-03, 4.987E-03, 0.000E+00, 9.788E+01, 3.500E+01, 5.000E-03, 7.636E-03, 7.914E+01, 5.819E-03, 1.415E+00
06/06/2019,20:00,9,3.491,3.991,20.450,.796,.495, 1.012E+03, 9.032E+01, 0.000E+00, 3.469E-16, 0.000E+00, 0.000E+00, 0.000E+00, 0.000E+00,-4.529E+01, 2.192E+01, 3.543E+00, 4.331E-01, 1.852E-01,-9.990E+02, 1.000E+00,-9.990E+02, 0.000E+00, 0.000E+00, 0.000E+00, 1.000E+00, 0.000E+00, 0.000E+00, 0.000E+00, 0.000E+00, 1.033E+02, 3.691E+01, 5.000E-03, 0.000E+00, 2.000E+02, 3.358E-03, 1.598E+00
06/06/2019,21:00,9,3.491,3.991,18.869,.851,.329, 1.012E+03, 9.423E+01, 0.000E+00, 3.469E-16, 0.000E+00, 0.000E+00, 0.000E+00, 0.000E+00,-3.314E+01, 4.509E+00, 3.356E+00, 3.293E-01, 1.624E-01,-9.990E+02, 1.000E+00,-9.990E+02, 0.000E+00, 0.000E+00, 0.000E+00, 1.000E+00, 0.000E+00, 0.000E+00, 0.000E+00, 0.000E+00, 1.272E+02, 4.209E+01, 5.000E-03, 0.000E+00, 2.000E+02, 3.201E-03, 1.836E+00
06/06/2019,22:00,9,3.491,3.991,18.213,.872,.271, 1.012E+03, 9.656E+01, 0.000E+00, 3.469E-16, 0.000E+00, 0.000E+00, 0.000E+00, 0.000E+00,-3.314E+01, 4.509E+00, 3.187E+00, 3.290E-01, 1.541E-01,-9.990E+02, 1.000E+00,-9.990E+02, 0.000E+00, 0.000E+00, 0.000E+00, 1.000E+00, 0.000E+00, 0.000E+00, 0.000E+00, 0.000E+00, 1.341E+02, 4.435E+01, 5.977E-03, 0.000E+00, 1.673E+02, 3.500E-03, 2.162E+00
06/06/2019,23:00,9,3.491,3.991,17.557,.892,.218, 1.012E+03, 9.712E+01, 0.000E+00, 3.469E-16, 0.000E+00, 0.000E+00, 0.000E+00, 0.000E+00,-3.314E+01, 4.509E+00, 3.018E+00, 3.286E-01, 1.459E-01,-9.990E+02, 1.000E+00,-9.990E+02, 0.000E+00, 0.000E+00, 0.000E+00, 1.000E+00, 0.000E+00, 0.000E+00, 0.000E+00, 0.000E+00, 1.418E+02, 4.686E+01, 8.041E-03, 0.000E+00, 1.244E+02, 4.008E-03, 2.385E+00
07/06/2019,00:00,9,3.491,3.991,16.901,.913,.168, 1.011E+03, 9.587E+01, 0.000E+00, 3.469E-16, 0.000E+00, 0.000E+00, 0.000E+00, 0.000E+00,-2.467E+01, 5.498E+00, 2.849E+00, 2.631E-01, 1.270E-01,-9.990E+02, 1.000E+00,-9.990E+02, 0.000E+00, 0.000E+00, 0.000E+00, 1.000E+00, 0.000E+00, 0.000E+00, 0.000E+00, 0.000E+00, 1.765E+02, 5.381E+01, 1.003E-02, 0.000E+00, 9.974E+01, 4.087E-03, 2.498E+00
07/06/2019,01:00,9,3.491,3.991,16.820,.903,.187, 1.011E+03, 9.292E+01, 0.000E+00, 3.469E-16, 0.000E+00, 0.000E+00, 0.000E+00, 0.000E+00,-2.467E+01, 5.498E+00, 2.726E+00, 2.631E-01, 1.215E-01,-9.990E+02, 1.000E+00,-9.990E+02, 0.000E+00, 0.000E+00, 0.000E+00, 1.000E+00, 0.000E+00, 0.000E+00, 0.000E+00, 0.000E+00, 1.845E+02, 5.624E+01, 8.704E-03, 0.000E+00, 1.149E+02, 3.754E-03, 2.629E+00
07/06/2019,02:00,9,3.491,3.991,16.739,.893,.205, 1.011E+03, 8.846E+01, 0.000E+00, 3.469E-16, 1.675E-02, 6.448E+00, 2.255E+00, 1.944E+00,-2.467E+01, 5.498E+00, 2.610E+00, 2.631E-01, 1.164E-01, 1.539E-02, 1.000E+00, 7.701E-02, 8.859E-02, 5.624E-01, 1.000E+00, 1.000E+00, 4.331E-02, 2.819E-04, 3.242E-04, 0.000E+00, 1.927E+02, 5.874E+01, 7.556E-03, 1.349E-03, 1.123E+02, 3.696E-03, 2.684E+00
07/06/2019,03:00,9,3.491,3.991,16.658,.883,.223, 1.010E+03, 8.278E+01, 0.000E+00, 3.469E-16, 1.738E+01, 2.929E+01, 7.876E+01, 9.632E+00, 3.932E+01, 5.828E+01, 2.502E+00, 3.707E-01, 1.614E-01, 7.201E-02, 1.000E+00, 3.727E-01, 9.608E-01, 5.547E-01, 1.000E+00, 1.000E+00, 2.068E-01, 1.345E-03, 3.467E-03, 0.000E+00, 8.945E+01, 4.236E+01, 6.560E-03, 6.440E-03, 7.692E+01, 5.398E-03, 2.772E+00
07/06/2019,04:00,9,3.491,3.991,18.443,.818,.390, 1.010E+03, 7.618E+01, 0.000E+00, 3.469E-16, 6.619E+01, 5.100E+01, 1.567E+02, 1.811E+01, 3.932E+01, 5.828E+01, 2.475E+00, 3.718E-01, 1.596E-01, 1.367E-01, 1.000E+00, 5.898E-01, 9.984E-01, 7.087E-01, 1.000E+00, 1.000E+00, 4.180E-01, 2.736E-03, 4.631E-03, 0.000E+00, 9.053E+01, 4.284E+01, 5.000E-03, 1.310E-02, 5.525E+01, 6.067E-03, 2.590E+00
07/06/2019,05:00,9,3.491,3.991,20.229,.752,.594, 1.010E+03, 6.898E+01, 0.000E+00, 3.469E-16, 1.286E+02, 6.762E+01, 2.044E+02, 2.510E+01, 3.932E+01, 5.828E+01, 2.458E+00, 3.730E-01, 1.584E-01, 2.039E-01, 1.000E+00, 7.164E-01, 9.998E-01, 8.301E-01, 1.000E+00, 1.000E+00, 5.946E-01, 3.916E-03, 5.466E-03, 0.000E+00, 9.129E+01, 4.316E+01, 5.000E-03, 1.875E-02, 4.211E+01, 6.556E-03, 2.726E+00
07/06/2019,06:00,9,3.491,3.991,22.015,.687,.840, 1.010E+03, 6.152E+01, 1.545E-02, 3.469E-16, 1.935E+02, 7.704E+01, 2.324E+02, 2.952E+01, 1.453E+02, 1.640E+02, 2.450E+00, 5.765E-01, 1.579E-01, 2.661E-01, 1.000E+00, 7.821E-01, 9.999E-01, 9.190E-01, 1.000E+00, 1.000E+00, 7.187E-01, 4.762E-03, 6.089E-03, 0.000E+00, 9.157E+01, 4.330E+01, 5.000E-03, 2.280E-02, 3.597E+01, 6.815E-03, 3.255E+00
07/06/2019,07:00,9,3.491,3.991,23.360,.643,1.040, 1.010E+03, 5.416E+01, 1.545E-02, 3.469E-16, 2.552E+02, 8.013E+01, 2.496E+02, 3.161E+01, 1.453E+02, 1.640E+02, 2.990E+00, 5.779E-01, 1.926E-01, 3.184E-01, 1.000E+00, 8.143E-01, 1.000E+00, 9.644E-01, 1.000E+00, 1.000E+00, 7.853E-01, 5.227E-03, 6.419E-03, 0.000E+00, 7.512E+01, 3.550E+01, 5.000E-03, 2.503E-02, 3.330E+01, 8.056E-03, 3.280E+00
07/06/2019,08:00,9,3.491,3.991,24.705,.600,1.266, 1.010E+03, 4.738E+01, 1.545E-02, 3.469E-16, 3.080E+02, 7.836E+01, 2.593E+02, 3.184E+01, 1.453E+02, 1.640E+02, 3.531E+00, 5.792E-01, 2.274E-01, 3.584E-01, 1.000E+00, 8.268E-01, 1.000E+00, 9.915E-01, 1.000E+00, 1.000E+00, 8.197E-01, 5.481E-03, 6.629E-03, 0.000E+00, 6.367E+01, 3.006E+01, 5.000E-03, 2.624E-02, 3.201E+01, 9.179E-03, 3.063E+00
07/06/2019,09:00,9,3.491,3.991,26.051,.557,1.523, 1.010E+03, 4.180E+01, 8.471E-01, 3.469E-16, 3.485E+02, 7.460E+01, 2.649E+02, 3.117E+01, 8.606E+01, 2.856E+02, 4.074E+00, 6.401E-01, 2.532E-01, 3.860E-01, 1.000E+00, 8.296E-01, 1.000E+00, 1.000E+00, 8.704E-01, 1.000E+00, 7.221E-01, 4.850E-03, 5.846E-03, 0.000E+00, 6.096E+01, 2.699E+01, 5.000E-03, 2.322E-02, 3.544E+01, 9.491E-03, 2.969E+00
07/06/2019,10:00,9,3.491,3.991,25.802,.582,1.415, 1.010E+03, 3.818E+01, 8.471E-01, 3.469E-16, 3.722E+02, 7.121E+01, 2.671E+02, 3.037E+01, 8.606E+01, 2.856E+02, 4.306E+00, 6.398E-01, 2.677E-01, 4.014E-01, 1.000E+00, 8.283E-01, 1.000E+00, 9.998E-01, 9.330E-01, 1.000E+00, 7.727E-01, 5.186E-03, 6.260E-03, 0.000E+00, 5.766E+01, 2.554E+01, 5.000E-03, 2.483E-02, 3.353E+01, 1.003E-02, 2.138E+00
07/06/2019,11:00,9,3.491,3.991,25.552,.607,1.310, 1.010E+03, 3.726E+01, 8.471E-01, 3.469E-16, 3.780E+02, 7.027E+01, 2.676E+02, 3.013E+01, 8.606E+01, 2.856E+02, 4.550E+00, 6.396E-01, 2.828E-01, 4.051E-01, 1.000E+00, 8.277E-01, 1.000E+00, 9.990E-01, 9.940E-01, 1.000E+00, 8.219E-01, 5.511E-03, 6.658E-03, 0.000E+00, 5.457E+01, 2.417E+01, 5.000E-03, 2.639E-02, 3.186E+01, 1.058E-02, 1.918E+00
07/06/2019,12:00,9,3.491,3.991,25.303,.632,1.208, 1.009E+03, 3.924E+01, 2.497E-01, 3.469E-16, 3.662E+02, 7.240E+01, 2.671E+02, 3.069E+01, 1.349E+02, 2.238E+02, 4.803E+00, 7.583E-01, 2.979E-01, 3.971E-01, 1.000E+00, 8.293E-01, 1.000E+00, 9.975E-01, 1.000E+00, 1.000E+00, 8.273E-01, 5.543E-03, 6.683E-03, 0.000E+00, 5.200E+01, 2.294E+01, 5.000E-03, 2.654E-02, 3.171E+01, 1.097E-02, 1.864E+00
07/06/2019,13:00,9,3.491,3.991,24.888,.659,1.091, 1.009E+03, 4.368E+01, 2.497E-01, 3.469E-16, 3.363E+02, 7.627E+01, 2.640E+02, 3.156E+01, 1.349E+02, 2.238E+02, 4.428E+00, 7.579E-01, 2.747E-01, 3.772E-01, 1.000E+00, 8.299E-01, 1.000E+00, 9.937E-01, 1.000E+00, 1.000E+00, 8.247E-01, 5.518E-03, 6.648E-03, 0.000E+00, 5.639E+01, 2.488E+01, 5.000E-03, 2.642E-02, 3.183E+01, 1.038E-02, 2.040E+00
07/06/2019,14:00,9,3.491,3.991,24.472,.687,.979, 1.009E+03, 4.979E+01, 2.497E-01, 3.469E-16, 2.912E+02, 7.973E+01, 2.575E+02, 3.205E+01, 1.349E+02, 2.238E+02, 4.073E+00, 7.575E-01, 2.527E-01, 3.451E-01, 1.000E+00, 8.247E-01, 1.000E+00, 9.881E-01, 1.000E+00, 1.000E+00, 8.149E-01, 5.445E-03, 6.602E-03, 0.000E+00, 6.129E+01, 2.705E+01, 5.000E-03, 2.607E-02, 3.219E+01, 9.775E-03, 1.940E+00
07/06/2019,15:00,9,3.491,3.991,24.056,.714,.871, 1.008E+03, 5.684E+01, 1.640E-01, 3.469E-16, 2.344E+02, 8.000E+01, 2.455E+02, 3.123E+01,-5.078E+00, 1.388E+02, 3.744E+00, 5.023E-01, 2.202E-01, 3.004E-01, 1.000E+00, 8.064E-01, 1.000E+00, 9.807E-01, 1.000E+00, 1.000E+00, 7.908E-01, 5.276E-03, 6.543E-03, 0.000E+00, 7.722E+01, 3.104E+01, 5.000E-03, 2.526E-02, 3.305E+01, 8.742E-03, 1.841E+00
07/06/2019,16:00,9,3.491,3.991,23.664,.728,.809, 1.009E+03, 6.428E+01, 1.640E-01, 3.469E-16, 1.703E+02, 7.458E+01, 2.245E+02, 2.827E+01,-5.078E+00, 1.388E+02, 3.703E+00, 5.019E-01, 2.178E-01, 2.441E-01, 1.000E+00, 7.637E-01, 9.999E-01, 9.722E-01, 1.000E+00, 1.000E+00, 7.424E-01, 4.947E-03, 6.477E-03, 0.000E+00, 7.807E+01, 3.139E+01, 5.000E-03, 2.368E-02, 3.486E+01, 8.539E-03, 1.940E+00
07/06/2019,17:00,9,3.491,3.991,23.272,.742,.749, 1.009E+03, 7.168E+01, 1.640E-01, 3.469E-16, 1.050E+02, 6.224E+01, 1.897E+02, 2.278E+01,-5.078E+00, 1.388E+02, 3.684E+00, 5.016E-01, 2.166E-01, 1.794E-01, 1.000E+00, 6.784E-01, 9.996E-01, 9.620E-01, 1.000E+00, 1.000E+00, 6.527E-01, 4.343E-03, 6.399E-03, 0.000E+00, 7.849E+01, 3.155E+01, 5.000E-03, 2.079E-02, 3.877E+01, 8.234E-03, 2.022E+00
07/06/2019,18:00,9,3.491,3.991,22.880,.756,.691, 1.009E+03, 7.868E+01, 0.000E+00, 3.469E-16, 4.605E+01, 4.348E+01, 1.324E+02, 1.509E+01,-4.657E+01, 2.758E+01, 3.686E+00, 4.274E-01, 1.910E-01, 1.124E-01, 1.000E+00, 5.224E-01, 9.957E-01, 9.503E-01, 1.000E+00, 1.000E+00, 4.964E-01, 3.299E-03, 6.288E-03, 0.000E+00, 1.011E+02, 3.579E+01, 5.000E-03, 1.579E-02, 4.809E+01, 6.993E-03, 2.231E+00
07/06/2019,19:00,9,3.491,3.991,21.411,.805,.504, 1.009E+03, 8.497E+01, 0.000E+00, 3.469E-16, 6.442E+00, 2.083E+01, 4.330E+01, 6.586E+00,-4.657E+01, 2.758E+01, 3.526E+00, 4.263E-01, 1.825E-01, 5.026E-02, 1.000E+00, 2.672E-01, 8.315E-01, 8.926E-01, 1.000E+00, 1.000E+00, 2.385E-01, 1.577E-03, 4.907E-03, 0.000E+00, 1.059E+02, 3.746E+01, 5.000E-03, 7.550E-03, 7.968E+01, 5.586E-03, 2.450E+00
07/06/2019,20:00,9,3.491,3.991,19.941,.854,.343, 1.010E+03, 9.022E+01, 0.000E+00, 3.469E-16, 0.000E+00, 0.000E+00, 0.000E+00, 0.000E+00,-4.657E+01, 2.758E+01, 3.379E+00, 4.251E-01, 1.747E-01,-9.990E+02, 1.000E+00,-9.990E+02, 0.000E+00, 0.000E+00, 0.000E+00, 1.000E+00, 0.000E+00, 0.000E+00, 0.000E+00, 0.000E+00, 1.107E+02, 3.913E+01, 5.000E-03, 0.000E+00, 2.000E+02, 3.292E-03, 2.503E+00
07/06/2019,21:00,9,3.491,3.991,18.472,.903,.207, 1.010E+03, 9.414E+01, 0.000E+00, 3.469E-16, 0.000E+00, 0.000E+00, 0.000E+00, 0.000E+00,-3.130E+01, 5.372E+00, 3.245E+00, 3.211E-01, 1.564E-01,-9.990E+02, 1.000E+00,-9.990E+02, 0.000E+00, 0.000E+00, 0.000E+00, 1.000E+00, 0.000E+00, 0.000E+00, 0.000E+00, 0.000E+00, 1.326E+02, 4.369E+01, 9.864E-03, 0.000E+00, 1.014E+02, 4.585E-03, 2.460E+00
07/06/2019,22:00,9,3.491,3.991,17.655,.924,.155, 1.010E+03, 9.646E+01, 0.000E+00, 3.469E-16, 0.000E+00, 0.000E+00, 0.000E+00, 0.000E+00,-3.130E+01, 5.372E+00, 3.069E+00, 3.207E-01, 1.478E-01,-9.990E+02, 1.000E+00,-9.990E+02, 0.000E+00, 0.000E+00, 0.000E+00, 1.000E+00, 0.000E+00, 0.000E+00, 0.000E+00, 0.000E+00, 1.404E+02, 4.623E+01, 1.331E-02, 0.000E+00, 7.516E+01, 5.034E-03, 2.251E+00
07/06/2019,23:00,9,3.491,3.991,16.838,.944,.108, 1.010E+03, 9.703E+01, 0.000E+00, 3.469E-16, 0.000E+00, 0.000E+00, 0.000E+00, 0.000E+00,-3.130E+01, 5.372E+00, 2.893E+00, 3.203E-01, 1.393E-01,-9.990E+02, 1.000E+00,-9.990E+02, 0.000E+00, 0.000E+00, 0.000E+00, 1.000E+00, 0.000E+00, 0.000E+00, 0.000E+00, 0.000E+00, 1.491E+02, 4.907E+01, 1.664E-02, 0.000E+00, 6.011E+01, 5.230E-03, 1.982E+00
08/06/2019,00:00,9,3.491,3.991,16.020,.965,.065, 1.010E+03, 9.579E+01, 4.273E-05, 3.469E-16, 0.000E+00, 0.000E+00, 0.000E+00, 0.000E+00,-1.615E+01, 4.220E+00, 2.719E+00, 2.722E-01, 1.349E-01,-9.990E+02, 1.000E+00,-9.990E+02, 0.000E+00, 0.000E+00, 0.000E+00, 1.000E+00, 0.000E+00, 0.000E+00, 0.000E+00, 0.000E+00, 1.493E+02, 5.065E+01, 2.248E-02, 0.000E+00, 4.449E+01, 5.574E-03, 1.856E+00
08/06/2019,01:00,9,3.491,3.991,15.731,.956,.079, 1.010E+03, 9.284E+01, 4.273E-05, 3.469E-16, 0.000E+00, 0.000E+00, 0.000E+00, 0.000E+00,-1.615E+01, 4.220E+00, 2.515E+00, 2.720E-01, 1.248E-01,-9.990E+02, 1.000E+00,-9.990E+02, 0.000E+00, 0.000E+00, 0.000E+00, 1.000E+00, 0.000E+00, 0.000E+00, 0.000E+00, 0.000E+00, 1.615E+02, 5.476E+01, 1.815E-02, 0.000E+00, 5.510E+01, 4.976E-03, 1.932E+00
08/06/2019,02:00,9,3.491,3.991,15.442,.948,.093, 1.010E+03, 8.839E+01, 4.273E-05, 3.469E-16, 2.333E-02, 6.722E+00, 2.443E+00, 2.027E+00,-1.615E+01, 4.220E+00, 2.314E+00, 2.719E-01, 1.148E-01, 1.606E-02, 1.000E+00, 8.023E-02, 9.559E-02, 4.312E-01, 1.000E+00, 1.000E+00, 3.459E-02, 2.241E-04, 2.670E-04, 0.000E+00, 1.756E+02, 5.953E+01, 1.582E-02, 1.073E-03, 5.918E+01, 4.593E-03, 1.856E+00
08/06/2019,03:00,9,3.491,3.991,15.152,.939,.106, 1.010E+03, 8.272E+01, 4.273E-05, 3.469E-16, 1.774E+01, 2.952E+01, 7.971E+01, 9.715E+00, 7.107E+01, 4.835E+01, 2.117E+00, 4.070E-01, 1.390E-01, 7.260E-02, 1.000E+00, 3.754E-01, 9.623E-01, 3.996E-01, 1.000E+00, 1.000E+00, 1.500E-01, 9.708E-04, 2.489E-03, 0.000E+00, 1.007E+02, 4.919E+01, 1.380E-02, 4.648E-03, 5.421E+01, 5.584E-03, 1.928E+00
08/06/2019,04:00,9,3.491,3.991,16.544,.870,.247, 1.010E+03, 7.613E+01, 4.273E-05, 3.469E-16, 6.666E+01, 5.115E+01, 1.572E+02, 1.817E+01, 7.107E+01, 4.835E+01, 2.295E+00, 4.079E-01, 1.506E-01, 1.373E-01, 1.000E+00, 5.912E-01, 9.984E-01, 5.438E-01, 1.000E+00, 1.000E+00, 3.214E-01, 2.090E-03, 3.531E-03, 0.000E+00, 9.295E+01, 4.539E+01, 5.000E-03, 1.001E-02, 6.663E+01, 5.498E-03, 1.866E+00
08/06/2019,05:00,9,3.491,3.991,17.935,.800,.414, 1.010E+03, 6.893E+01, 4.273E-05, 3.469E-16, 1.291E+02, 6.771E+01, 2.047E+02, 2.514E+01, 7.107E+01, 4.835E+01, 2.474E+00, 4.089E-01, 1.623E-01, 2.043E-01, 1.000E+00, 7.170E-01, 9.998E-01, 6.681E-01, 1.000E+00, 1.000E+00, 4.790E-01, 3.130E-03, 4.365E-03, 0.000E+00, 8.632E+01, 4.212E+01, 5.000E-03, 1.499E-02, 5.003E+01, 6.369E-03, 2.265E+00
08/06/2019,06:00,9,3.491,3.991,19.326,.731,.610, 1.010E+03, 6.147E+01, 2.903E-04, 3.469E-16, 1.947E+02, 7.742E+01, 2.335E+02, 2.968E+01, 1.989E+02, 1.540E+02, 2.654E+00, 6.146E-01, 1.722E-01, 2.665E-01, 1.000E+00, 7.836E-01, 9.999E-01, 7.728E-01, 1.000E+00, 1.000E+00, 6.055E-01, 3.976E-03, 5.074E-03, 0.000E+00, 8.300E+01, 3.970E+01, 5.000E-03, 1.903E-02, 4.161E+01, 6.997E-03, 2.462E+00
08/06/2019,07:00,9,3.491,3.991,20.791,.671,.817, 1.010E+03, 5.411E+01, 2.903E-04, 3.469E-16, 2.568E+02, 8.048E+01, 2.508E+02, 3.176E+01, 1.989E+02, 1.540E+02, 3.022E+00, 6.162E-01, 1.959E-01, 3.187E-01, 1.000E+00, 8.155E-01, 1.000E+00, 8.616E-01, 1.000E+00, 1.000E+00, 7.026E-01, 4.636E-03, 5.685E-03, 0.000E+00, 7.299E+01, 3.489E+01, 5.000E-03, 2.220E-02, 3.677E+01, 7.948E-03, 1.861E+00
08/06/2019,08:00,9,3.491,3.991,22.256,.612,1.058, 1.010E+03, 4.732E+01, 2.903E-04, 3.469E-16, 3.098E+02, 7.868E+01, 2.605E+02, 3.197E+01, 1.989E+02, 1.540E+02, 3.418E+00, 6.178E-01, 2.215E-01, 3.587E-01, 1.000E+00, 8.278E-01, 1.000E+00, 9.285E-01, 1.000E+00, 1.000E+00, 7.686E-01, 5.097E-03, 6.157E-03, 0.000E+00, 6.460E+01, 3.086E+01, 5.000E-03, 2.440E-02, 3.401E+01, 8.867E-03, 1.694E+00
08/06/2019,09:00,9,3.491,3.991,23.721,.552,1.336, 1.010E+03, 4.173E+01, 2.458E-04, 3.469E-16, 3.497E+02, 7.471E+01, 2.655E+02, 3.122E+01, 2.500E+02, 2.278E+02, 3.834E+00, 7.194E-01, 2.455E-01, 3.863E-01, 1.000E+00, 8.301E-01, 1.000E+00, 9.735E-01, 9.791E-01, 1.000E+00, 7.912E-01, 5.273E-03, 6.352E-03, 0.000E+00, 5.954E+01, 2.784E+01, 5.000E-03, 2.525E-02, 3.306E+01, 9.573E-03, 1.730E+00
08/06/2019,10:00,9,3.491,3.991,24.452,.497,1.567, 1.009E+03, 3.811E+01, 2.458E-04, 3.469E-16, 3.735E+02, 7.128E+01, 2.678E+02, 3.042E+01, 2.500E+02, 2.278E+02, 3.947E+00, 7.205E-01, 2.527E-01, 4.017E-01, 1.000E+00, 8.288E-01, 1.000E+00, 9.878E-01, 8.446E-01, 1.000E+00, 6.914E-01, 4.619E-03, 5.573E-03, 0.000E+00, 5.787E+01, 2.705E+01, 5.000E-03, 2.211E-02, 3.688E+01, 9.411E-03, 1.596E+00
08/06/2019,11:00,9,3.491,3.991,25.182,.443,1.816, 1.009E+03, 3.717E+01, 2.458E-04, 3.469E-16, 3.794E+02, 7.031E+01, 2.682E+02, 3.017E+01, 2.500E+02, 2.278E+02, 4.059E+00, 7.215E-01, 2.598E-01, 4.054E-01, 1.000E+00, 8.281E-01, 1.000E+00, 9.966E-01, 6.995E-01, 1.000E+00, 5.773E-01, 3.866E-03, 4.669E-03, 0.000E+00, 5.630E+01, 2.631E+01, 5.000E-03, 1.851E-02, 4.253E+01, 9.090E-03, 1.474E+00
08/06/2019,12:00,9,3.491,3.991,25.913,.388,2.084, 1.009E+03, 3.915E+01, 4.273E-05, 3.469E-16, 3.669E+02, 7.230E+01, 2.672E+02, 3.066E+01, 1.445E+02, 2.415E+02, 4.172E+00, 7.941E-01, 2.582E-01, 3.975E-01, 1.000E+00, 8.293E-01, 1.000E+00, 1.000E+00, 5.434E-01, 1.000E+00, 4.506E-01, 3.025E-03, 3.648E-03, 0.000E+00, 6.024E+01, 2.647E+01, 5.000E-03, 1.449E-02, 5.132E+01, 8.335E-03, 1.389E+00
08/06/2019,13:00,9,3.491,3.991,25.789,.369,2.135, 1.008E+03, 4.358E+01, 4.273E-05, 3.469E-16, 3.371E+02, 7.618E+01, 2.642E+02, 3.154E+01, 1.445E+02, 2.415E+02, 4.474E+00, 7.941E-01, 2.769E-01, 3.777E-01, 1.000E+00, 8.299E-01, 1.000E+00, 9.998E-01, 5.136E-01, 1.000E+00, 4.262E-01, 2.860E-03, 3.446E-03, 0.000E+00, 5.617E+01, 2.468E+01, 5.000E-03, 1.369E-02, 5.350E+01, 8.509E-03, 1.285E+00
08/06/2019,14:00,9,3.491,3.991,25.664,.349,2.186, 1.008E+03, 4.969E+01, 4.273E-05, 3.469E-16, 2.920E+02, 7.969E+01, 2.578E+02, 3.205E+01, 1.445E+02, 2.415E+02, 4.777E+00, 7.941E-01, 2.956E-01, 3.456E-01, 1.000E+00, 8.249E-01, 1.000E+00, 9.994E-01, 4.843E-01, 1.000E+00, 3.992E-01, 2.678E-03, 3.247E-03, 0.000E+00, 5.261E+01, 2.312E+01, 5.000E-03, 1.282E-02, 5.611E+01, 8.615E-03, 1.259E+00
08/06/2019,15:00,9,3.491,3.991,25.540,.329,2.235, 1.008E+03, 5.675E+01, 4.273E-05, 3.469E-16, 2.352E+02, 8.001E+01, 2.457E+02, 3.125E+01, 3.642E+00, 1.568E+02, 5.079E+00, 7.525E-01, 3.022E-01, 3.011E-01, 1.000E+00, 8.067E-01, 1.000E+00, 9.989E-01, 4.555E-01, 1.000E+00, 3.671E-01, 2.461E-03, 3.051E-03, 0.000E+00, 5.554E+01, 2.262E+01, 5.000E-03, 1.178E-02, 5.958E+01, 8.418E-03, 1.477E+00
08/06/2019,16:00,9,3.491,3.991,23.959,.387,1.853, 1.008E+03, 6.419E+01, 4.273E-05, 3.469E-16, 1.712E+02, 7.468E+01, 2.249E+02, 2.833E+01, 3.642E+00, 1.568E+02, 5.034E+00, 7.505E-01, 2.995E-01, 2.449E-01, 1.000E+00, 7.645E-01, 9.999E-01, 9.787E-01, 6.777E-01, 1.000E+00, 5.071E-01, 3.382E-03, 4.424E-03, 0.000E+00, 5.604E+01, 2.283E+01, 5.000E-03, 1.619E-02, 4.719E+01, 9.352E-03, 1.652E+00
08/06/2019,17:00,9,3.491,3.991,22.378,.445,1.522, 1.008E+03, 7.158E+01, 4.273E-05, 3.469E-16, 1.059E+02, 6.244E+01, 1.904E+02, 2.287E+01, 3.642E+00, 1.568E+02, 4.989E+00, 7.485E-01, 2.968E-01, 1.803E-01, 1.000E+00, 6.799E-01, 9.996E-01, 9.331E-01, 8.710E-01, 1.000E+00, 5.525E-01, 3.666E-03, 5.389E-03, 0.000E+00, 5.653E+01, 2.303E+01, 5.000E-03, 1.755E-02, 4.434E+01, 9.558E-03, 1.753E+00
08/06/2019,18:00,9,3.491,3.991,20.796,.504,1.234, 1.008E+03, 7.859E+01, 1.098E-01, 3.469E-16, 4.665E+01, 4.359E+01, 1.330E+02, 1.515E+01,-4.420E+01, 3.982E+01, 4.946E+00, 5.926E-01, 2.792E-01, 1.133E-01, 1.000E+00, 5.240E-01, 9.958E-01, 8.618E-01, 1.000E+00, 1.000E+00, 4.516E-01, 2.980E-03, 5.663E-03, 0.000E+00, 6.346E+01, 2.448E+01, 5.000E-03, 1.427E-02, 5.190E+01, 8.598E-03, 1.737E+00
08/06/2019,19:00,9,3.491,3.991,19.704,.595,.940, 1.008E+03, 8.487E+01, 1.098E-01, 3.469E-16, 6.814E+00, 2.112E+01, 4.480E+01, 6.691E+00,-4.420E+01, 3.982E+01, 4.448E+00, 5.914E-01, 2.510E-01, 5.122E-02, 1.000E+00, 2.714E-01, 8.416E-01, 7.978E-01, 1.000E+00, 1.000E+00, 2.165E-01, 1.423E-03, 4.414E-03, 0.000E+00, 7.060E+01, 2.723E+01, 5.000E-03, 6.814E-03, 8.465E+01, 6.399E-03, 1.541E+00
08/06/2019,20:00,9,3.491,3.991,18.612,.686,.679, 1.008E+03, 9.012E+01, 1.098E-01, 3.469E-16, 0.000E+00, 0.000E+00, 0.000E+00, 0.000E+00,-4.420E+01, 3.982E+01, 4.239E+00, 5.901E-01, 2.391E-01,-9.990E+02, 1.000E+00,-9.990E+02, 0.000E+00, 0.000E+00, 0.000E+00, 1.000E+00, 0.000E+00, 0.000E+00, 0.000E+00, 0.000E+00, 7.413E+01, 2.858E+01, 5.000E-03, 0.000E+00, 2.000E+02, 3.634E-03, 1.276E+00
08/06/2019,21:00,9,3.491,3.991,17.520,.778,.448, 1.009E+03, 9.404E+01, 1.497E-01, 3.469E-16, 0.000E+00, 0.000E+00, 0.000E+00, 0.000E+00,-5.031E+01, 5.895E+01, 4.360E+00, 6.327E-01, 2.469E-01,-9.990E+02, 1.000E+00,-9.990E+02, 0.000E+00, 0.000E+00, 0.000E+00, 1.000E+00, 0.000E+00, 0.000E+00, 0.000E+00, 0.000E+00, 7.152E+01, 2.768E+01, 5.000E-03, 0.000E+00, 2.000E+02, 3.666E-03, 8.766E-01
08/06/2019,22:00,9,3.491,3.991,16.848,.773,.440, 1.009E+03, 9.638E+01, 1.497E-01, 3.469E-16, 0.000E+00, 0.000E+00, 0.000E+00, 0.000E+00,-5.031E+01, 5.895E+01, 4.357E+00, 6.318E-01, 2.467E-01,-9.990E+02, 1.000E+00,-9.990E+02, 0.000E+00, 0.000E+00, 0.000E+00, 1.000E+00, 0.000E+00, 0.000E+00, 0.000E+00, 0.000E+00, 7.160E+01, 2.771E+01, 5.000E-03, 0.000E+00, 2.000E+02, 3.665E-03, 7.447E-01
08/06/2019,23:00,9,3.491,3.991,16.176,.767,.431, 1.010E+03, 9.695E+01, 1.497E-01, 3.469E-16, 0.000E+00, 0.000E+00, 0.000E+00, 0.000E+00,-5.031E+01, 5.895E+01, 4.365E+00, 6.309E-01, 2.471E-01,-9.990E+02, 1.000E+00,-9.990E+02, 0.000E+00, 0.000E+00, 0.000E+00, 1.000E+00, 0.000E+00, 0.000E+00, 0.000E+00, 0.000E+00, 7.149E+01, 2.766E+01, 5.000E-03, 0.000E+00, 2.000E+02, 3.666E-03, 9.243E-01
09/06/2019,00:00,9,3.491,3.991,15.505,.762,.422, 1.010E+03, 9.572E+01, 0.000E+00, 3.469E-16, 0.000E+00, 0.000E+00, 0.000E+00, 0.000E+00,-4.098E+01, 2.149E+01, 4.384E+00, 5.556E-01, 2.459E-01,-9.990E+02, 1.000E+00,-9.990E+02, 0.000E+00, 0.000E+00, 0.000E+00, 1.000E+00, 0.000E+00, 0.000E+00, 0.000E+00, 0.000E+00, 7.247E+01, 2.779E+01, 5.000E-03, 0.000E+00, 2.000E+02, 3.661E-03, 1.423E+00
09/06/2019,01:00,9,3.491,3.991,14.841,.770,.391, 1.011E+03, 9.278E+01, 0.000E+00, 3.469E-16, 0.000E+00, 0.000E+00, 0.000E+00, 0.000E+00,-4.098E+01, 2.149E+01, 4.330E+00, 5.549E-01, 2.429E-01,-9.990E+02, 1.000E+00,-9.990E+02, 0.000E+00, 0.000E+00, 0.000E+00, 1.000E+00, 0.000E+00, 0.000E+00, 0.000E+00, 0.000E+00, 7.339E+01, 2.814E+01, 5.000E-03, 0.000E+00, 2.000E+02, 3.649E-03, 2.026E+00
09/06/2019,02:00,9,3.491,3.991,14.178,.777,.363, 1.011E+03, 8.833E+01, 0.000E+00, 3.469E-16, 3.047E-02, 6.979E+00, 2.628E+00, 2.104E+00,-4.098E+01, 2.149E+01, 4.314E+00, 5.541E-01, 2.419E-01, 1.666E-02, 1.000E+00, 8.323E-02, 1.025E-01, 2.869E-01, 1.000E+00, 1.000E+00, 2.388E-02, 1.540E-04, 1.896E-04, 0.000E+00, 7.370E+01, 2.825E+01, 5.000E-03, 7.375E-04, 1.743E+02, 4.022E-03, 2.444E+00
09/06/2019,03:00,9,3.491,3.991,13.514,.784,.336, 1.012E+03, 8.267E+01, 0.000E+00, 3.469E-16, 1.802E+01, 2.972E+01, 8.037E+01, 9.788E+00, 6.149E+01, 6.912E+01, 4.335E+00, 7.594E-01, 2.634E-01, 7.313E-02, 1.000E+00, 3.776E-01, 9.633E-01, 2.046E-01, 1.000E+00, 1.000E+00, 7.727E-02, 4.973E-04, 1.269E-03, 0.000E+00, 6.111E+01, 2.595E+01, 5.000E-03, 2.381E-03, 1.355E+02, 4.924E-03, 2.495E+00
09/06/2019,04:00,9,3.491,3.991,14.399,.729,.447, 1.012E+03, 7.608E+01, 0.000E+00, 3.469E-16, 6.698E+01, 5.130E+01, 1.574E+02, 1.822E+01, 6.149E+01, 6.912E+01, 4.844E+00, 7.606E-01, 2.943E-01, 1.377E-01, 1.000E+00, 5.923E-01, 9.985E-01, 3.134E-01, 1.000E+00, 1.000E+00, 1.856E-01, 1.198E-03, 2.020E-03, 0.000E+00, 5.471E+01, 2.322E+01, 5.000E-03, 5.736E-03, 9.315E+01, 6.508E-03, 2.396E+00
09/06/2019,05:00,9,3.491,3.991,15.284,.674,.570, 1.012E+03, 6.889E+01, 0.000E+00, 3.469E-16, 1.294E+02, 6.780E+01, 2.048E+02, 2.517E+01, 6.149E+01, 6.912E+01, 5.358E+00, 7.617E-01, 3.255E-01, 2.047E-01, 1.000E+00, 7.175E-01, 9.998E-01, 4.141E-01, 1.000E+00, 1.000E+00, 2.971E-01, 1.924E-03, 2.681E-03, 0.000E+00, 4.947E+01, 2.100E+01, 5.000E-03, 9.211E-03, 7.037E+01, 7.994E-03, 2.328E+00
09/06/2019,06:00,9,3.491,3.991,16.168,.619,.706, 1.012E+03, 6.143E+01, 2.735E-02, 3.469E-16, 1.928E+02, 7.661E+01, 2.310E+02, 2.937E+01, 1.770E+02, 1.437E+02, 5.876E+00, 9.816E-01, 3.593E-01, 2.669E-01, 1.000E+00, 7.809E-01, 9.999E-01, 5.068E-01, 1.000E+00, 1.000E+00, 3.958E-01, 2.571E-03, 3.292E-03, 0.000E+00, 4.428E+01, 1.902E+01, 5.000E-03, 1.231E-02, 5.778E+01, 9.321E-03, 2.460E+00
09/06/2019,07:00,9,3.491,3.991,16.881,.573,.827, 1.012E+03, 5.407E+01, 2.735E-02, 3.469E-16, 2.541E+02, 7.962E+01, 2.479E+02, 3.142E+01, 1.770E+02, 1.437E+02, 6.145E+00, 9.828E-01, 3.757E-01, 3.190E-01, 1.000E+00, 8.129E-01, 1.000E+00, 5.757E-01, 1.000E+00, 1.000E+00, 4.680E-01, 3.047E-03, 3.748E-03, 0.000E+00, 4.235E+01, 1.819E+01, 5.000E-03, 1.459E-02, 5.105E+01, 1.016E-02, 2.663E+00
09/06/2019,08:00,9,3.491,3.991,17.593,.528,.957, 1.012E+03, 4.727E+01, 2.735E-02, 3.469E-16, 3.066E+02, 7.781E+01, 2.576E+02, 3.162E+01, 1.770E+02, 1.437E+02, 6.419E+00, 9.840E-01, 3.925E-01, 3.590E-01, 1.000E+00, 8.254E-01, 1.000E+00, 6.394E-01, 1.000E+00, 1.000E+00, 5.278E-01, 3.445E-03, 4.173E-03, 0.000E+00, 4.055E+01, 1.742E+01, 5.000E-03, 1.649E-02, 4.653E+01, 1.089E-02, 2.651E+00
09/06/2019,09:00,9,3.491,3.991,18.305,.483,1.098, 1.012E+03, 4.167E+01, 3.244E-02, 3.469E-16, 3.469E+02, 7.405E+01, 2.632E+02, 3.095E+01, 1.665E+02, 1.666E+02, 6.697E+00, 1.029E+00, 4.077E-01, 3.866E-01, 1.000E+00, 8.282E-01, 1.000E+00, 6.979E-01, 1.000E+00, 1.000E+00, 5.780E-01, 3.782E-03, 4.566E-03, 0.000E+00, 3.937E+01, 1.677E+01, 5.000E-03, 1.811E-02, 4.328E+01, 1.150E-02, 2.510E+00
09/06/2019,10:00,9,3.491,3.991,18.596,.480,1.125, 1.012E+03, 3.803E+01, 3.244E-02, 3.469E-16, 3.705E+02, 7.065E+01, 2.653E+02, 3.015E+01, 1.665E+02, 1.666E+02, 6.718E+00, 1.030E+00, 4.089E-01, 4.020E-01, 1.000E+00, 8.269E-01, 1.000E+00, 7.203E-01, 1.000E+00, 1.000E+00, 5.956E-01, 3.901E-03, 4.717E-03, 0.000E+00, 3.925E+01, 1.672E+01, 5.000E-03, 1.868E-02, 4.224E+01, 1.166E-02, 2.217E+00
09/06/2019,11:00,9,3.491,3.991,18.886,.477,1.153, 1.012E+03, 3.709E+01, 3.244E-02, 3.469E-16, 3.764E+02, 6.969E+01, 2.658E+02, 2.991E+01, 1.665E+02, 1.666E+02, 6.742E+00, 1.031E+00, 4.104E-01, 4.057E-01, 1.000E+00, 8.263E-01, 1.000E+00, 7.418E-01, 1.000E+00, 1.000E+00, 6.129E-01, 4.018E-03, 4.863E-03, 0.000E+00, 3.911E+01, 1.666E+01, 5.000E-03, 1.924E-02, 4.126E+01, 1.181E-02, 1.996E+00
09/06/2019,12:00,9,3.491,3.991,19.176,.474,1.182, 1.012E+03, 3.906E+01, 6.123E-03, 3.469E-16, 3.654E+02, 7.192E+01, 2.658E+02, 3.050E+01, 1.496E+02, 1.486E+02, 6.770E+00, 1.103E+00, 4.097E-01, 3.979E-01, 1.000E+00, 8.283E-01, 1.000E+00, 7.624E-01, 1.000E+00, 1.000E+00, 6.315E-01, 4.144E-03, 5.003E-03, 0.000E+00, 3.961E+01, 1.668E+01, 5.000E-03, 1.984E-02, 4.026E+01, 1.194E-02, 1.686E+00
09/06/2019,13:00,9,3.491,3.991,18.832,.495,1.110, 1.011E+03, 4.349E+01, 6.123E-03, 3.469E-16, 3.357E+02, 7.580E+01, 2.628E+02, 3.138E+01, 1.496E+02, 1.486E+02, 6.684E+00, 1.102E+00, 4.045E-01, 3.781E-01, 1.000E+00, 8.289E-01, 1.000E+00, 7.379E-01, 1.000E+00, 1.000E+00, 6.116E-01, 4.009E-03, 4.836E-03, 0.000E+00, 4.011E+01, 1.690E+01, 5.000E-03, 1.919E-02, 4.133E+01, 1.171E-02, 1.295E+00
09/06/2019,14:00,9,3.491,3.991,18.488,.516,1.040, 1.011E+03, 4.960E+01, 6.123E-03, 3.469E-16, 2.910E+02, 7.933E+01, 2.564E+02, 3.190E+01, 1.496E+02, 1.486E+02, 6.602E+00, 1.101E+00, 3.996E-01, 3.462E-01, 1.000E+00, 8.239E-01, 1.000E+00, 7.121E-01, 1.000E+00, 1.000E+00, 5.867E-01, 3.841E-03, 4.662E-03, 0.000E+00, 4.060E+01, 1.711E+01, 5.000E-03, 1.839E-02, 4.275E+01, 1.145E-02, 9.935E-01
09/06/2019,15:00,9,3.491,3.991,18.143,.537,.973, 1.011E+03, 5.665E+01, 6.442E-03, 3.469E-16, 2.357E+02, 8.010E+01, 2.457E+02, 3.128E+01, 5.993E+01, 9.700E+01, 6.526E+00, 1.013E+00, 3.916E-01, 3.017E-01, 1.000E+00, 8.071E-01, 1.000E+00, 6.851E-01, 1.000E+00, 1.000E+00, 5.529E-01, 3.616E-03, 4.480E-03, 0.000E+00, 4.212E+01, 1.745E+01, 5.000E-03, 1.731E-02, 4.482E+01, 1.106E-02, 8.211E-01
09/06/2019,16:00,9,3.491,3.991,17.336,.583,.833, 1.011E+03, 6.409E+01, 6.442E-03, 3.469E-16, 1.718E+02, 7.484E+01, 2.250E+02, 2.838E+01, 5.993E+01, 9.700E+01, 6.397E+00, 1.012E+00, 3.839E-01, 2.457E-01, 1.000E+00, 7.652E-01, 9.999E-01, 6.170E-01, 1.000E+00, 1.000E+00, 4.721E-01, 3.079E-03, 4.023E-03, 0.000E+00, 4.296E+01, 1.780E+01, 5.000E-03, 1.474E-02, 5.066E+01, 1.029E-02, 7.213E-01
09/06/2019,17:00,9,3.491,3.991,16.528,.628,.705, 1.011E+03, 7.149E+01, 6.442E-03, 3.469E-16, 1.064E+02, 6.267E+01, 1.906E+02, 2.295E+01, 5.993E+01, 9.700E+01, 6.270E+00, 1.010E+00, 3.763E-01, 1.811E-01, 1.000E+00, 6.814E-01, 9.996E-01, 5.423E-01, 1.000E+00, 1.000E+00, 3.695E-01, 2.403E-03, 3.525E-03, 0.000E+00, 4.383E+01, 1.816E+01, 5.000E-03, 1.150E-02, 6.059E+01, 9.254E-03, 6.341E-01
09/06/2019,18:00,9,3.491,3.991,15.721,.674,.587, 1.012E+03, 7.850E+01, 0.000E+00, 3.469E-16, 4.738E+01, 4.408E+01, 1.341E+02, 1.532E+01,-4.525E+01, 3.116E+01, 6.144E+00, 8.910E-01, 3.593E-01, 1.142E-01, 1.000E+00, 5.279E-01, 9.960E-01, 4.609E-01, 1.000E+00, 1.000E+00, 2.433E-01, 1.578E-03, 2.977E-03, 0.000E+00, 4.760E+01, 1.903E+01, 5.000E-03, 7.554E-03, 7.966E+01, 7.720E-03, 5.835E-01
09/06/2019,19:00,9,3.491,3.991,14.901,.656,.586, 1.012E+03, 8.478E+01, 0.000E+00, 3.469E-16, 7.155E+00, 2.157E+01, 4.617E+01, 6.843E+00,-4.525E+01, 3.116E+01, 5.963E+00, 8.895E-01, 3.487E-01, 5.211E-02, 1.000E+00, 2.768E-01, 8.503E-01, 3.714E-01, 1.000E+00, 1.000E+00, 1.028E-01, 6.649E-04, 2.042E-03, 0.000E+00, 4.905E+01, 1.960E+01, 5.000E-03, 3.183E-03, 1.222E+02, 5.760E-03, 5.573E-01
09/06/2019,20:00,9,3.491,3.991,14.080,.639,.584, 1.012E+03, 9.003E+01, 0.000E+00, 3.469E-16, 0.000E+00, 0.000E+00, 0.000E+00, 0.000E+00,-4.525E+01, 3.116E+01, 5.786E+00, 8.881E-01, 3.383E-01,-9.990E+02, 1.000E+00,-9.990E+02, 0.000E+00, 0.000E+00, 0.000E+00, 1.000E+00, 0.000E+00, 0.000E+00, 0.000E+00, 0.000E+00, 5.056E+01, 2.020E+01, 5.000E-03, 0.000E+00, 2.000E+02, 3.953E-03, 5.832E-01
09/06/2019,21:00,9,3.491,3.991,13.260,.621,.580, 1.013E+03, 9.396E+01, 0.000E+00, 3.469E-16, 0.000E+00, 0.000E+00, 0.000E+00, 0.000E+00,-6.370E+01, 2.223E+01, 5.613E+00, 7.888E-01, 3.231E-01,-9.990E+02, 1.000E+00,-9.990E+02, 0.000E+00, 0.000E+00, 0.000E+00, 1.000E+00, 0.000E+00, 0.000E+00, 0.000E+00, 0.000E+00, 5.376E+01, 2.115E+01, 5.000E-03, 0.000E+00, 2.000E+02, 3.913E-03, 6.712E-01
09/06/2019,22:00,9,3.491,3.991,12.910,.618,.571, 1.013E+03, 9.629E+01, 0.000E+00, 3.469E-16, 0.000E+00, 0.000E+00, 0.000E+00, 0.000E+00,-6.370E+01, 2.223E+01, 5.589E+00, 7.882E-01, 3.217E-01,-9.990E+02, 1.000E+00,-9.990E+02, 0.000E+00, 0.000E+00, 0.000E+00, 1.000E+00, 0.000E+00, 0.000E+00, 0.000E+00, 0.000E+00, 5.400E+01, 2.125E+01, 5.000E-03, 0.000E+00, 2.000E+02, 3.909E-03, 7.558E-01
09/06/2019,23:00,9,3.491,3.991,12.560,.615,.562, 1.013E+03, 9.687E+01, 0.000E+00, 3.469E-16, 0.000E+00, 0.000E+00, 0.000E+00, 0.000E+00,-6.370E+01, 2.223E+01, 5.564E+00, 7.876E-01, 3.203E-01,-9.990E+02, 1.000E+00,-9.990E+02, 0.000E+00, 0.000E+00, 0.000E+00, 1.000E+00, 0.000E+00, 0.000E+00, 0.000E+00, 0.000E+00, 5.425E+01, 2.134E+01, 5.000E-03, 0.000E+00, 2.000E+02, 3.906E-03, 7.867E-01
10/06/2019,00:00,9,3.491,3.991,12.209,.612,.554, 1.013E+03, 9.565E+01, 0.000E+00, 3.469E-16, 0.000E+00, 0.000E+00, 0.000E+00, 0.000E+00,-5.294E+01, 2.060E+01, 5.540E+00, 7.233E-01, 3.182E-01,-9.990E+02, 1.000E+00,-9.990E+02, 0.000E+00, 0.000E+00, 0.000E+00, 1.000E+00, 0.000E+00, 0.000E+00, 0.000E+00, 0.000E+00, 5.473E+01, 2.148E+01, 5.000E-03, 0.000E+00, 2.000E+02, 3.900E-03, 8.020E-01
10/06/2019,01:00,9,3.491,3.991,12.066,.645,.501, 1.014E+03, 9.272E+01, 0.000E+00, 3.469E-16, 0.000E+00, 0.000E+00, 0.000E+00, 0.000E+00,-5.294E+01, 2.060E+01, 5.369E+00, 7.230E-01, 3.083E-01,-9.990E+02, 1.000E+00,-9.990E+02, 0.000E+00, 0.000E+00, 0.000E+00, 1.000E+00, 0.000E+00, 0.000E+00, 0.000E+00, 0.000E+00, 5.648E+01, 2.217E+01, 5.000E-03, 0.000E+00, 2.000E+02, 3.873E-03, 8.403E-01
10/06/2019,02:00,9,3.491,3.991,11.923,.679,.450, 1.014E+03, 8.828E+01, 0.000E+00, 3.469E-16, 3.763E-02, 7.203E+00, 2.799E+00, 2.172E+00,-5.294E+01, 2.060E+01, 5.201E+00, 7.227E-01, 2.987E-01, 1.719E-02, 1.000E+00, 8.586E-02, 1.087E-01, 1.000E-02, 1.000E+00, 1.000E+00, 8.586E-04, 5.495E-06, 6.959E-06, 0.000E+00, 5.831E+01, 2.289E+01, 5.000E-03, 2.631E-05, 1.990E+02, 3.860E-03, 9.219E-01
10/06/2019,03:00,9,3.491,3.991,11.780,.712,.400, 1.014E+03, 8.262E+01, 0.000E+00, 3.469E-16, 1.823E+01, 2.990E+01, 8.079E+01, 9.851E+00, 5.851E+01, 6.149E+01, 5.035E+00, 7.806E-01, 3.052E-01, 7.360E-02, 1.000E+00, 3.796E-01, 9.639E-01, 1.000E-02, 1.000E+00, 1.000E+00, 3.796E-03, 2.428E-05, 6.166E-05, 0.000E+00, 5.300E+01, 2.239E+01, 5.000E-03, 1.162E-04, 1.955E+02, 3.939E-03, 1.012E+00
10/06/2019,04:00,9,3.491,3.991,12.659,.688,.459, 1.014E+03, 7.604E+01, 0.000E+00, 3.469E-16, 6.719E+01, 5.143E+01, 1.575E+02, 1.827E+01, 5.851E+01, 6.149E+01, 5.027E+00, 7.818E-01, 3.047E-01, 1.381E-01, 1.000E+00, 5.933E-01, 9.985E-01, 9.190E-02, 1.000E+00, 1.000E+00, 5.452E-02, 3.498E-04, 5.887E-04, 0.000E+00, 5.310E+01, 2.243E+01, 5.000E-03, 1.675E-03, 1.498E+02, 4.801E-03, 1.086E+00
10/06/2019,05:00,9,3.491,3.991,13.538,.663,.525, 1.014E+03, 6.885E+01, 0.000E+00, 3.469E-16, 1.296E+02, 6.790E+01, 2.047E+02, 2.520E+01, 5.851E+01, 6.149E+01, 5.026E+00, 7.831E-01, 3.046E-01, 2.051E-01, 1.000E+00, 7.180E-01, 9.998E-01, 2.076E-01, 1.000E+00, 1.000E+00, 1.491E-01, 9.593E-04, 1.336E-03, 0.000E+00, 5.313E+01, 2.244E+01, 5.000E-03, 4.593E-03, 1.042E+02, 6.144E-03, 1.142E+00
10/06/2019,06:00,9,3.491,3.991,14.416,.639,.596, 1.014E+03, 6.139E+01, 0.000E+00, 3.469E-16, 1.951E+02, 7.755E+01, 2.335E+02, 2.972E+01, 2.300E+02, 1.406E+02, 5.029E+00, 8.872E-01, 3.126E-01, 2.672E-01, 1.000E+00, 7.841E-01, 9.999E-01, 3.154E-01, 1.000E+00, 1.000E+00, 2.473E-01, 1.597E-03, 2.036E-03, 0.000E+00, 4.938E+01, 2.187E+01, 5.000E-03, 7.644E-03, 7.909E+01, 7.367E-03, 1.235E+00
10/06/2019,07:00,9,3.491,3.991,15.756,.572,.771, 1.014E+03, 5.403E+01, 0.000E+00, 3.469E-16, 2.571E+02, 8.056E+01, 2.506E+02, 3.178E+01, 2.300E+02, 1.406E+02, 5.161E+00, 8.892E-01, 3.207E-01, 3.193E-01, 1.000E+00, 8.158E-01, 1.000E+00, 4.646E-01, 1.000E+00, 1.000E+00, 3.790E-01, 2.458E-03, 3.013E-03, 0.000E+00, 4.815E+01, 2.131E+01, 5.000E-03, 1.177E-02, 5.963E+01, 8.707E-03, 1.336E+00
10/06/2019,08:00,9,3.491,3.991,17.096,.505,.973, 1.014E+03, 4.723E+01, 0.000E+00, 3.469E-16, 3.102E+02, 7.873E+01, 2.604E+02, 3.199E+01, 2.300E+02, 1.406E+02, 5.297E+00, 8.913E-01, 3.290E-01, 3.593E-01, 1.000E+00, 8.281E-01, 1.000E+00, 5.955E-01, 1.000E+00, 1.000E+00, 4.931E-01, 3.213E-03, 3.880E-03, 0.000E+00, 4.695E+01, 2.077E+01, 5.000E-03, 1.538E-02, 4.906E+01, 9.720E-03, 1.366E+00
10/06/2019,09:00,9,3.491,3.991,18.435,.438,1.203, 1.014E+03, 4.162E+01, 0.000E+00, 3.469E-16, 3.501E+02, 7.473E+01, 2.654E+02, 3.123E+01, 2.906E+02, 2.049E+02, 5.437E+00, 9.049E-01, 3.400E-01, 3.868E-01, 1.000E+00, 8.303E-01, 1.000E+00, 7.080E-01, 1.000E+00, 1.000E+00, 5.878E-01, 3.848E-03, 4.635E-03, 0.000E+00, 4.488E+01, 2.010E+01, 5.000E-03, 1.842E-02, 4.269E+01, 1.056E-02, 1.380E+00
10/06/2019,10:00,9,3.491,3.991,19.168,.409,1.327, 1.014E+03, 3.797E+01, 0.000E+00, 3.469E-16, 3.739E+02, 7.128E+01, 2.676E+02, 3.041E+01, 2.906E+02, 2.049E+02, 5.323E+00, 9.061E-01, 3.328E-01, 4.023E-01, 1.000E+00, 8.289E-01, 1.000E+00, 7.619E-01, 9.845E-01, 1.000E+00, 6.217E-01, 4.080E-03, 4.922E-03, 0.000E+00, 4.586E+01, 2.054E+01, 5.000E-03, 1.953E-02, 4.076E+01, 1.065E-02, 1.337E+00
10/06/2019,11:00,9,3.491,3.991,19.901,.379,1.459, 1.014E+03, 3.701E+01, 0.000E+00, 3.469E-16, 3.799E+02, 7.030E+01, 2.680E+02, 3.017E+01, 2.906E+02, 2.049E+02, 5.209E+00, 9.072E-01, 3.257E-01, 4.060E-01, 1.000E+00, 8.282E-01, 1.000E+00, 8.102E-01, 9.075E-01, 1.000E+00, 6.090E-01, 4.006E-03, 4.837E-03, 0.000E+00, 4.687E+01, 2.099E+01, 5.000E-03, 1.918E-02, 4.136E+01, 1.046E-02, 1.310E+00
10/06/2019,12:00,9,3.491,3.991,20.634,.350,1.600, 1.014E+03, 3.898E+01, 0.000E+00, 3.469E-16, 3.675E+02, 7.229E+01, 2.670E+02, 3.066E+01, 1.658E+02, 1.920E+02, 5.097E+00, 8.902E-01, 3.135E-01, 3.982E-01, 1.000E+00, 8.295E-01, 1.000E+00, 8.531E-01, 8.251E-01, 1.000E+00, 5.838E-01, 3.850E-03, 4.642E-03, 0.000E+00, 5.020E+01, 2.180E+01, 5.000E-03, 1.843E-02, 4.267E+01, 1.007E-02, 1.254E+00
10/06/2019,13:00,9,3.491,3.991,20.497,.346,1.595, 1.015E+03, 4.341E+01, 0.000E+00, 3.469E-16, 3.378E+02, 7.620E+01, 2.640E+02, 3.155E+01, 1.658E+02, 1.920E+02, 5.094E+00, 8.899E-01, 3.133E-01, 3.785E-01, 1.000E+00, 8.302E-01, 1.000E+00, 8.455E-01, 8.282E-01, 1.000E+00, 5.813E-01, 3.832E-03, 4.616E-03, 0.000E+00, 5.022E+01, 2.181E+01, 5.000E-03, 1.835E-02, 4.283E+01, 1.005E-02, 1.164E+00
10/06/2019,14:00,9,3.491,3.991,20.360,.343,1.590, 1.015E+03, 4.951E+01, 0.000E+00, 3.469E-16, 2.928E+02, 7.977E+01, 2.576E+02, 3.208E+01, 1.658E+02, 1.920E+02, 5.094E+00, 8.896E-01, 3.133E-01, 3.467E-01, 1.000E+00, 8.253E-01, 1.000E+00, 8.377E-01, 8.314E-01, 1.000E+00, 5.748E-01, 3.787E-03, 4.589E-03, 0.000E+00, 5.023E+01, 2.182E+01, 5.000E-03, 1.813E-02, 4.323E+01, 1.001E-02, 1.011E+00
10/06/2019,15:00,9,3.491,3.991,20.223,.339,1.584, 1.015E+03, 5.657E+01, 0.000E+00, 3.469E-16, 2.361E+02, 8.019E+01, 2.456E+02, 3.131E+01, 2.698E+01, 1.303E+02, 5.095E+00, 5.904E-01, 3.092E-01, 3.023E-01, 1.000E+00, 8.075E-01, 1.000E+00, 8.297E-01, 8.345E-01, 1.000E+00, 5.592E-01, 3.683E-03, 4.560E-03, 0.000E+00, 5.221E+01, 2.211E+01, 5.000E-03, 1.763E-02, 4.419E+01, 9.822E-03, 8.104E-01
10/06/2019,16:00,9,3.491,3.991,19.506,.377,1.429, 1.015E+03, 6.401E+01, 0.000E+00, 3.469E-16, 1.723E+02, 7.498E+01, 2.250E+02, 2.843E+01, 2.698E+01, 1.303E+02, 4.188E+00, 5.897E-01, 2.542E-01, 2.464E-01, 1.000E+00, 7.659E-01, 9.999E-01, 7.848E-01, 9.251E-01, 1.000E+00, 5.561E-01, 3.653E-03, 4.769E-03, 0.000E+00, 6.350E+01, 2.689E+01, 5.000E-03, 1.749E-02, 4.446E+01, 8.729E-03, 6.613E-01
10/06/2019,17:00,9,3.491,3.991,18.790,.414,1.284, 1.015E+03, 7.141E+01, 0.000E+00, 3.469E-16, 1.070E+02, 6.288E+01, 1.908E+02, 2.303E+01, 2.698E+01, 1.303E+02, 3.303E+00, 5.889E-01, 2.005E-01, 1.819E-01, 1.000E+00, 6.827E-01, 9.996E-01, 7.348E-01, 1.000E+00, 1.000E+00, 5.016E-01, 3.287E-03, 4.813E-03, 0.000E+00, 8.050E+01, 3.410E+01, 5.000E-03, 1.574E-02, 4.822E+01, 7.294E-03, 5.609E-01
10/06/2019,18:00,9,3.491,3.991,18.073,.451,1.148, 1.015E+03, 7.841E+01, 0.000E+00, 3.469E-16, 4.601E+01, 4.262E+01, 1.293E+02, 1.482E+01,-2.543E+01, 2.417E+01, 2.462E+00, 1.819E-01, 1.000E-01, 1.151E-01, 1.000E+00, 5.184E-01, 9.951E-01, 6.794E-01, 1.000E+00, 1.000E+00, 3.522E-01, 2.303E-03, 4.420E-03, 0.000E+00, 3.420E+02, 6.835E+01, 5.000E-03, 1.102E-02, 6.241E+01, 3.884E-03, 5.139E-01
10/06/2019,19:00,9,3.491,3.991,16.648,.507,.942, 1.015E+03, 8.470E+01, 0.000E+00, 3.469E-16, 7.164E+00, 2.105E+01, 4.544E+01, 6.684E+00,-2.543E+01, 2.417E+01, 2.498E+00, 1.814E-01, 1.000E-01, 5.295E-02, 1.000E+00, 2.724E-01, 8.457E-01, 5.537E-01, 1.000E+00, 1.000E+00, 1.508E-01, 9.814E-04, 3.047E-03, 0.000E+00, 3.433E+02, 6.835E+01, 5.000E-03, 4.698E-03, 1.031E+02, 3.352E-03, 5.360E-01
10/06/2019,20:00,9,3.491,3.991,15.222,.562,.762, 1.016E+03, 8.995E+01, 0.000E+00, 3.469E-16, 6.981E-98, 1.918E-01, 0.000E+00, 0.000E+00,-2.543E+01, 2.417E+01, 2.566E+00, 1.810E-01, 1.000E-01,-9.990E+02, 1.000E+00,-9.990E+02, 0.000E+00, 0.000E+00, 0.000E+00, 1.000E+00, 0.000E+00, 0.000E+00, 0.000E+00, 0.000E+00, 3.447E+02, 6.835E+01, 5.000E-03, 0.000E+00, 2.000E+02, 2.530E-03, 6.645E-01
10/06/2019,21:00,9,3.491,3.991,13.796,.618,.606, 1.016E+03, 9.388E+01, 0.000E+00, 3.469E-16, 0.000E+00, 0.000E+00, 0.000E+00, 0.000E+00,-7.583E+00, 5.567E+00, 2.663E+00, 1.000E-01, 1.000E-01,-9.990E+02, 1.000E+00,-9.990E+02, 0.000E+00, 0.000E+00, 0.000E+00, 1.000E+00, 0.000E+00, 0.000E+00, 0.000E+00, 0.000E+00, 4.798E+02, 6.835E+01, 5.000E-03, 0.000E+00, 2.000E+02, 2.452E-03, 1.207E+00
10/06/2019,22:00,9,3.491,3.991,13.457,.661,.525, 1.016E+03, 9.622E+01, 0.000E+00, 3.469E-16, 0.000E+00, 0.000E+00, 0.000E+00, 0.000E+00,-7.583E+00, 5.567E+00, 1.918E+00, 1.000E-01, 1.000E-01,-9.990E+02, 1.000E+00,-9.990E+02, 0.000E+00, 0.000E+00, 0.000E+00, 1.000E+00, 0.000E+00, 0.000E+00, 0.000E+00, 0.000E+00, 4.797E+02, 6.835E+01, 5.000E-03, 0.000E+00, 2.000E+02, 2.452E-03, 2.102E+00
10/06/2019,23:00,9,3.491,3.991,13.119,.705,.447, 1.016E+03, 9.680E+01, 0.000E+00, 3.469E-16, 0.000E+00, 0.000E+00, 0.000E+00, 0.000E+00,-7.583E+00, 5.567E+00, 1.184E+00, 1.000E-01, 1.000E-01,-9.990E+02, 1.000E+00,-9.990E+02, 0.000E+00, 0.000E+00, 0.000E+00, 1.000E+00, 0.000E+00, 0.000E+00, 0.000E+00, 0.000E+00, 4.796E+02, 6.835E+01, 5.000E-03, 0.000E+00, 2.000E+02, 2.452E-03, 2.776E+00
11/06/2019,00:00,9,3.491,3.991,12.780,.749,.372, 1.017E+03, 9.559E+01, 2.231E-05, 3.469E-16, 0.000E+00, 0.000E+00, 0.000E+00, 0.000E+00,-6.462E+00, 5.588E+00, 5.080E-01, 1.000E-01, 1.000E-01,-9.990E+02, 1.000E+00,-9.990E+02, 0.000E+00, 0.000E+00, 0.000E+00, 1.000E+00, 0.000E+00, 0.000E+00, 0.000E+00, 0.000E+00, 4.335E+02, 6.835E+01, 5.000E-03, 0.000E+00, 2.000E+02, 2.478E-03, 3.143E+00
11/06/2019,01:00,9,3.491,3.991,12.209,.765,.335, 1.017E+03, 9.266E+01, 2.231E-05, 3.469E-16, 0.000E+00, 0.000E+00, 0.000E+00, 0.000E+00,-6.462E+00, 5.588E+00, 8.022E-01, 1.000E-01, 1.000E-01,-9.990E+02, 1.000E+00,-9.990E+02, 0.000E+00, 0.000E+00, 0.000E+00, 1.000E+00, 0.000E+00, 0.000E+00, 0.000E+00, 0.000E+00, 4.335E+02, 6.835E+01, 5.000E-03, 0.000E+00, 2.000E+02, 2.478E-03, 2.858E+00
11/06/2019,02:00,9,3.491,3.991,11.637,.782,.300, 1.017E+03, 8.823E+01, 2.231E-05, 3.469E-16, 4.452E-02, 7.356E+00, 2.940E+00, 2.219E+00,-6.462E+00, 5.588E+00, 1.497E+00, 1.000E-01, 1.000E-01, 1.766E-02, 1.000E+00, 8.768E-02, 1.139E-01, 1.000E-02, 1.000E+00, 1.000E+00, 8.768E-04, 5.606E-06, 7.283E-06, 0.000E+00, 4.334E+02, 6.835E+01, 5.000E-03, 2.684E-05, 1.989E+02, 2.485E-03, 1.978E+00
11/06/2019,03:00,9,3.491,3.991,11.066,.798,.267, 1.017E+03, 8.258E+01, 2.231E-05, 3.469E-16, 1.484E+01, 2.791E+01, 6.653E+01, 9.096E+00, 2.694E+01, 3.854E+01, 2.247E+00, 2.860E-01, 1.482E-01, 7.400E-02, 1.000E+00, 3.582E-01, 9.352E-01, 1.000E-02, 1.000E+00, 1.000E+00, 3.582E-03, 2.285E-05, 5.967E-05, 0.000E+00, 9.353E+01, 4.611E+01, 5.000E-03, 1.094E-04, 1.957E+02, 3.200E-03, 1.681E+00
11/06/2019,04:00,9,3.491,3.991,12.539,.762,.347, 1.017E+03, 7.600E+01, 2.231E-05, 3.469E-16, 5.430E+01, 5.059E+01, 1.297E+02, 1.748E+01, 2.694E+01, 3.854E+01, 1.899E+00, 2.867E-01, 1.252E-01, 1.385E-01, 1.000E+00, 5.796E-01, 9.952E-01, 7.548E-02, 1.000E+00, 1.000E+00, 4.375E-02, 2.806E-04, 4.818E-04, 0.000E+00, 1.108E+02, 5.459E+01, 5.000E-03, 1.343E-03, 1.576E+02, 3.379E-03, 2.015E+00
11/06/2019,05:00,9,3.491,3.991,14.011,.725,.442, 1.018E+03, 6.882E+01, 2.231E-05, 3.469E-16, 1.045E+02, 6.983E+01, 1.695E+02, 2.487E+01, 2.694E+01, 3.854E+01, 1.631E+00, 2.874E-01, 1.075E-01, 2.053E-01, 1.000E+00, 7.141E-01, 9.991E-01, 2.667E-01, 1.000E+00, 1.000E+00, 1.904E-01, 1.228E-03, 1.717E-03, 0.000E+00, 1.292E+02, 6.357E+01, 5.000E-03, 5.877E-03, 9.194E+01, 3.952E-03, 2.365E+00
11/06/2019,06:00,9,3.491,3.991,15.484,.689,.551, 1.018E+03, 6.136E+01, 2.231E-05, 3.469E-16, 1.839E+02, 7.315E+01, 2.199E+02, 2.803E+01, 1.293E+02, 1.055E+02, 1.489E+00, 4.308E-01, 1.005E-01, 2.674E-01, 1.000E+00, 7.686E-01, 9.999E-01, 4.357E-01, 1.000E+00, 1.000E+00, 3.349E-01, 2.170E-03, 2.823E-03, 0.000E+00, 1.326E+02, 6.803E+01, 5.000E-03, 1.039E-02, 6.498E+01, 4.248E-03, 3.095E+00
11/06/2019,07:00,9,3.491,3.991,16.745,.629,.712, 1.018E+03, 5.399E+01, 2.231E-05, 3.469E-16, 2.423E+02, 7.599E+01, 2.361E+02, 2.997E+01, 1.293E+02, 1.055E+02, 2.027E+00, 4.317E-01, 1.367E-01, 3.195E-01, 1.000E+00, 8.016E-01, 9.999E-01, 5.630E-01, 1.000E+00, 1.000E+00, 4.513E-01, 2.937E-03, 3.664E-03, 0.000E+00, 9.757E+01, 5.000E+01, 5.000E-03, 1.406E-02, 5.246E+01, 5.625E-03, 1.938E+00
11/06/2019,08:00,9,3.491,3.991,18.007,.570,.897, 1.018E+03, 4.719E+01, 2.231E-05, 3.469E-16, 2.923E+02, 7.425E+01, 2.452E+02, 3.016E+01, 1.293E+02, 1.055E+02, 2.571E+00, 4.326E-01, 1.733E-01, 3.595E-01, 1.000E+00, 8.147E-01, 1.000E+00, 6.740E-01, 1.000E+00, 1.000E+00, 5.491E-01, 3.589E-03, 4.405E-03, 0.000E+00, 7.703E+01, 3.944E+01, 5.000E-03, 1.718E-02, 4.508E+01, 6.947E-03, 1.709E+00
11/06/2019,09:00,9,3.491,3.991,19.268,.510,1.106, 1.018E+03, 4.157E+01, 2.231E-05, 3.469E-16, 1.770E+01, 1.298E+02, 5.139E+01, 3.955E+01, 1.639E+02, 1.312E+02, 3.117E+00, 7.401E-01, 1.952E-01, 3.870E-01, 1.000E+00, 8.328E-01, 8.792E-01, 7.688E-01, 1.000E+00, 1.000E+00, 6.402E-01, 4.203E-03, 4.437E-03, 0.000E+00, 7.804E+01, 3.503E+01, 5.000E-03, 2.012E-02, 3.981E+01, 7.672E-03, 1.542E+00
11/06/2019,10:00,9,3.491,3.991,18.892,.508,1.084, 1.018E+03, 3.791E+01, 2.231E-05, 3.469E-16, 1.891E+01, 1.357E+02, 5.332E+01, 4.134E+01, 1.639E+02, 1.312E+02, 3.709E+00, 7.396E-01, 2.322E-01, 4.025E-01, 1.000E+00, 8.460E-01, 8.884E-01, 7.423E-01, 1.000E+00, 1.000E+00, 6.279E-01, 4.117E-03, 4.323E-03, 0.000E+00, 6.558E+01, 2.944E+01, 5.000E-03, 1.971E-02, 4.047E+01, 8.580E-03, 1.221E+00
11/06/2019,11:00,9,3.491,3.991,18.516,.507,1.061, 1.019E+03, 3.694E+01, 2.231E-05, 3.469E-16, 1.921E+01, 1.371E+02, 5.379E+01, 4.177E+01, 1.639E+02, 1.312E+02, 4.324E+00, 7.390E-01, 2.708E-01, 4.063E-01, 1.000E+00, 8.490E-01, 8.906E-01, 7.143E-01, 1.000E+00, 1.000E+00, 6.064E-01, 3.971E-03, 4.165E-03, 0.000E+00, 5.623E+01, 2.525E+01, 5.000E-03, 1.901E-02, 4.165E+01, 9.354E-03, 1.157E+00
11/06/2019,12:00,9,3.491,3.991,18.140,.505,1.039, 1.019E+03, 3.890E+01, 6.705E-03, 3.469E-16, 1.181E+02, 1.674E+02, 1.291E+02, 5.328E+01, 4.274E+01, 6.412E+01, 4.954E+00, 7.564E-01, 2.992E-01, 3.985E-01, 1.000E+00, 9.308E-01, 9.951E-01, 6.848E-01, 1.000E+00, 1.000E+00, 6.375E-01, 4.168E-03, 4.456E-03, 0.000E+00, 5.444E+01, 2.284E+01, 5.000E-03, 1.996E-02, 4.007E+01, 1.003E-02, 1.058E+00
11/06/2019,13:00,9,3.491,3.991,16.790,.538,.890, 1.019E+03, 4.333E+01, 6.705E-03, 3.469E-16, 1.085E+02, 1.602E+02, 1.256E+02, 5.102E+01, 4.274E+01, 6.412E+01, 5.010E+00, 7.545E-01, 3.026E-01, 3.789E-01, 1.000E+00, 9.217E-01, 9.943E-01, 5.672E-01, 1.000E+00, 1.000E+00, 5.228E-01, 3.403E-03, 3.671E-03, 0.000E+00, 5.382E+01, 2.259E+01, 5.000E-03, 1.629E-02, 4.697E+01, 9.442E-03, 9.747E-01
11/06/2019,14:00,9,3.491,3.991,15.439,.571,.757, 1.020E+03, 4.943E+01, 6.705E-03, 3.469E-16, 9.412E+01, 1.478E+02, 1.195E+02, 4.712E+01, 4.274E+01, 6.412E+01, 5.066E+00, 7.526E-01, 3.060E-01, 3.471E-01, 1.000E+00, 9.034E-01, 9.927E-01, 4.309E-01, 1.000E+00, 1.000E+00, 3.893E-01, 2.522E-03, 2.771E-03, 0.000E+00, 5.321E+01, 2.233E+01, 5.000E-03, 1.208E-02, 5.856E+01, 8.558E-03, 8.934E-01
11/06/2019,15:00,9,3.491,3.991,14.088,.604,.640, 1.020E+03, 5.649E+01, 1.210E-03, 3.469E-16, 1.679E+02, 1.020E+02, 1.879E+02, 3.582E+01, 2.934E+01, 4.978E+01, 5.122E+00, 7.165E-01, 3.085E-01, 3.029E-01, 1.000E+00, 8.401E-01, 9.996E-01, 2.760E-01, 1.000E+00, 1.000E+00, 2.319E-01, 1.495E-03, 1.779E-03, 0.000E+00, 5.311E+01, 2.216E+01, 5.000E-03, 7.160E-03, 8.224E+01, 7.137E-03, 7.537E-01
11/06/2019,16:00,9,3.491,3.991,13.790,.604,.628, 1.020E+03, 6.393E+01, 1.210E-03, 3.469E-16, 1.226E+02, 8.856E+01, 1.703E+02, 3.084E+01, 2.934E+01, 4.978E+01, 4.987E+00, 7.161E-01, 3.004E-01, 2.470E-01, 1.000E+00, 7.880E-01, 9.991E-01, 2.394E-01, 1.000E+00, 1.000E+00, 1.886E-01, 1.215E-03, 1.541E-03, 0.000E+00, 5.454E+01, 2.276E+01, 5.000E-03, 5.818E-03, 9.244E+01, 6.585E-03, 6.347E-01
11/06/2019,17:00,9,3.491,3.991,13.493,.604,.616, 1.020E+03, 7.133E+01, 1.210E-03, 3.469E-16, 7.625E+01, 6.903E+01, 1.428E+02, 2.371E+01, 2.934E+01, 4.978E+01, 4.855E+00, 7.157E-01, 2.924E-01, 1.826E-01, 1.000E+00, 6.912E-01, 9.972E-01, 2.019E-01, 1.000E+00, 1.000E+00, 1.395E-01, 8.978E-04, 1.295E-03, 0.000E+00, 5.603E+01, 2.338E+01, 5.000E-03, 4.298E-03, 1.075E+02, 5.932E-03, 5.217E-01
11/06/2019,18:00,9,3.491,3.991,13.195,.604,.604, 1.020E+03, 7.833E+01, 2.231E-05, 3.469E-16, 1.551E+01, 4.478E+01, 5.251E+01, 1.416E+01,-1.269E+01, 2.465E+01, 4.725E+00, 7.972E-01, 2.789E-01, 1.158E-01, 1.000E+00, 4.928E-01, 8.846E-01, 1.634E-01, 1.000E+00, 1.000E+00, 8.051E-02, 5.176E-04, 9.292E-04, 0.000E+00, 6.073E+01, 2.451E+01, 5.000E-03, 2.478E-03, 1.337E+02, 5.052E-03, 4.405E-01
11/06/2019,19:00,9,3.491,3.991,12.582,.601,.584, 1.020E+03, 8.462E+01, 2.231E-05, 3.469E-16, 2.478E+00, 1.694E+01, 1.843E+01, 5.223E+00,-1.269E+01, 2.465E+01, 5.021E+00, 7.962E-01, 2.964E-01, 5.372E-02, 1.000E+00, 2.115E-01, 5.315E-01, 8.144E-02, 1.000E+00, 1.000E+00, 1.722E-02, 1.105E-04, 2.776E-04, 0.000E+00, 5.716E+01, 2.306E+01, 5.000E-03, 5.289E-04, 1.809E+02, 4.145E-03, 4.051E-01
11/06/2019,20:00,9,3.491,3.991,11.970,.598,.565, 1.021E+03, 8.988E+01, 2.231E-05, 3.469E-16, 1.415E-38, 3.364E-01, 0.000E+00, 0.000E+00,-1.269E+01, 2.465E+01, 5.331E+00, 7.953E-01, 3.147E-01,-9.990E+02, 1.000E+00,-9.990E+02, 0.000E+00, 0.000E+00, 0.000E+00, 1.000E+00, 0.000E+00, 0.000E+00, 0.000E+00, 0.000E+00, 5.383E+01, 2.172E+01, 5.000E-03, 0.000E+00, 2.000E+02, 3.893E-03, 4.068E-01
11/06/2019,21:00,9,3.491,3.991,11.357,.595,.547, 1.021E+03, 9.381E+01, 2.231E-05, 3.469E-16, 0.000E+00, 0.000E+00, 0.000E+00, 0.000E+00,-1.865E+01, 2.007E+01, 5.653E+00, 8.282E-01, 3.331E-01,-9.990E+02, 1.000E+00,-9.990E+02, 0.000E+00, 0.000E+00, 0.000E+00, 1.000E+00, 0.000E+00, 0.000E+00, 0.000E+00, 0.000E+00, 5.095E+01, 2.052E+01, 5.000E-03, 0.000E+00, 2.000E+02, 3.941E-03, 4.376E-01
11/06/2019,22:00,9,3.491,3.991,11.295,.592,.547, 1.021E+03, 9.615E+01, 2.231E-05, 3.469E-16, 0.000E+00, 0.000E+00, 0.000E+00, 0.000E+00,-1.865E+01, 2.007E+01, 5.655E+00, 8.281E-01, 3.332E-01,-9.990E+02, 1.000E+00,-9.990E+02, 0.000E+00, 0.000E+00, 0.000E+00, 1.000E+00, 0.000E+00, 0.000E+00, 0.000E+00, 0.000E+00, 5.093E+01, 2.051E+01, 5.000E-03, 0.000E+00, 2.000E+02, 3.941E-03, 5.360E-01
11/06/2019,23:00,9,3.491,3.991,11.233,.590,.548, 1.021E+03, 9.674E+01, 2.231E-05, 3.469E-16, 0.000E+00, 0.000E+00, 0.000E+00, 0.000E+00,-1.865E+01, 2.007E+01, 5.673E+00, 8.280E-01, 3.343E-01,-9.990E+02, 1.000E+00,-9.990E+02, 0.000E+00, 0.000E+00, 0.000E+00, 1.000E+00, 0.000E+00, 0.000E+00, 0.000E+00, 0.000E+00, 5.077E+01, 2.045E+01, 5.000E-03, 0.000E+00, 2.000E+02, 3.944E-03, 6.303E-01
12/06/2019,00:00,9,3.491,3.991,11.171,.588,.548, 1.021E+03, 9.553E+01, 9.607E-05, 3.469E-16, 0.000E+00, 0.000E+00, 0.000E+00, 0.000E+00,-3.635E+01, 2.977E+01, 5.706E+00, 7.458E-01, 3.319E-01,-9.990E+02, 1.000E+00,-9.990E+02, 0.000E+00, 0.000E+00, 0.000E+00, 1.000E+00, 0.000E+00, 0.000E+00, 0.000E+00, 0.000E+00, 5.181E+01, 2.060E+01, 5.000E-03, 0.000E+00, 2.000E+02, 3.937E-03, 6.363E-01
12/06/2019,01:00,9,3.491,3.991,10.886,.587,.540, 1.021E+03, 9.261E+01, 9.607E-05, 3.469E-16, 0.000E+00, 0.000E+00, 0.000E+00, 0.000E+00,-3.635E+01, 2.977E+01, 5.508E+00, 7.453E-01, 3.203E-01,-9.990E+02, 1.000E+00,-9.990E+02, 0.000E+00, 0.000E+00, 0.000E+00, 1.000E+00, 0.000E+00, 0.000E+00, 0.000E+00, 0.000E+00, 5.368E+01, 2.134E+01, 5.000E-03, 0.000E+00, 2.000E+02, 3.907E-03, 6.341E-01
12/06/2019,02:00,9,3.491,3.991,10.601,.586,.531, 1.021E+03, 8.819E+01, 9.607E-05, 3.469E-16, 4.638E-02, 6.870E+00, 2.807E+00, 2.072E+00,-3.635E+01, 2.977E+01, 5.316E+00, 7.449E-01, 3.091E-01, 1.807E-02, 1.000E+00, 8.219E-02, 1.091E-01, 1.000E-02, 1.000E+00, 1.000E+00, 8.219E-04, 5.236E-06, 6.947E-06, 0.000E+00, 5.563E+01, 2.211E+01, 5.000E-03, 2.507E-05, 1.990E+02, 3.891E-03, 6.339E-01
12/06/2019,03:00,9,3.491,3.991,10.316,.584,.523, 1.022E+03, 8.254E+01, 1.412E-02, 3.469E-16, 1.398E+00, 1.770E+01, 1.078E+01, 5.397E+00, 1.893E+01, 4.539E+01, 5.131E+00, 7.421E-01, 3.073E-01, 7.434E-02, 1.000E+00, 2.109E-01, 3.582E-01, 1.000E-02, 1.000E+00, 1.000E+00, 2.109E-03, 1.342E-05, 2.280E-05, 0.000E+00, 5.389E+01, 2.224E+01, 5.000E-03, 6.425E-05, 1.975E+02, 3.912E-03, 6.535E-01
12/06/2019,04:00,9,3.491,3.991,10.340,.591,.516, 1.022E+03, 7.597E+01, 1.412E-02, 3.469E-16, 5.093E+00, 4.159E+01, 2.325E+01, 1.274E+01, 1.893E+01, 4.539E+01, 5.123E+00, 7.421E-01, 3.069E-01, 1.388E-01, 1.000E+00, 4.367E-01, 6.156E-01, 1.000E-02, 1.000E+00, 1.000E+00, 4.367E-03, 2.779E-05, 3.918E-05, 0.000E+00, 5.396E+01, 2.227E+01, 5.000E-03, 1.331E-04, 1.948E+02, 3.952E-03, 6.952E-01
12/06/2019,05:00,9,3.491,3.991,10.363,.597,.508, 1.022E+03, 6.879E+01, 1.412E-02, 3.469E-16, 9.798E+00, 6.774E+01, 3.431E+01, 2.077E+01, 1.893E+01, 4.539E+01, 5.120E+00, 7.421E-01, 3.066E-01, 2.056E-01, 1.000E+00, 6.118E-01, 7.562E-01, 1.000E-02, 1.000E+00, 1.000E+00, 6.118E-03, 3.894E-05, 4.813E-05, 0.000E+00, 5.400E+01, 2.229E+01, 5.000E-03, 1.864E-04, 1.928E+02, 3.983E-03, 7.758E-01
12/06/2019,06:00,9,3.491,3.991,10.387,.604,.501, 1.022E+03, 6.133E+01, 9.607E-05, 3.469E-16, 1.949E+02, 7.763E+01, 2.328E+02, 2.973E+01, 1.344E+02, 6.990E+01, 5.119E+00, 8.542E-01, 3.141E-01, 2.676E-01, 1.000E+00, 7.844E-01, 9.999E-01, 1.000E-02, 1.000E+00, 1.000E+00, 7.844E-03, 4.993E-05, 6.365E-05, 0.000E+00, 5.035E+01, 2.176E+01, 5.000E-03, 2.390E-04, 1.909E+02, 4.041E-03, 9.040E-01
12/06/2019,07:00,9,3.491,3.991,10.949,.588,.541, 1.022E+03, 5.397E+01, 9.607E-05, 3.469E-16, 2.568E+02, 8.064E+01, 2.500E+02, 3.179E+01, 1.344E+02, 6.990E+01, 5.220E+00, 8.550E-01, 3.202E-01, 3.197E-01, 1.000E+00, 8.160E-01, 1.000E+00, 1.000E-02, 1.000E+00, 1.000E+00, 8.160E-03, 5.204E-05, 6.377E-05, 0.000E+00, 4.938E+01, 2.134E+01, 5.000E-03, 2.491E-04, 1.905E+02, 4.065E-03, 1.023E+00
12/06/2019,08:00,9,3.491,3.991,11.511,.573,.582, 1.022E+03, 4.716E+01, 9.607E-05, 3.469E-16, 3.098E+02, 7.879E+01, 2.598E+02, 3.199E+01, 1.344E+02, 6.990E+01, 5.325E+00, 8.559E-01, 3.266E-01, 3.596E-01, 1.000E+00, 8.282E-01, 1.000E+00, 1.000E-02, 1.000E+00, 1.000E+00, 8.282E-03, 5.292E-05, 6.390E-05, 0.000E+00, 4.842E+01, 2.093E+01, 5.000E-03, 2.534E-04, 1.904E+02, 4.086E-03, 1.083E+00
12/06/2019,09:00,9,3.491,3.991,12.073,.557,.627, 1.022E+03, 4.153E+01, 9.607E-05, 3.469E-16, 3.327E+02, 7.113E+01, 2.519E+02, 2.970E+01, 3.605E+02, 1.358E+02, 5.433E+00, 9.398E-01, 3.410E-01, 3.872E-01, 1.000E+00, 8.194E-01, 1.000E+00, 1.039E-02, 1.000E+00, 1.000E+00, 8.510E-03, 5.449E-05, 6.650E-05, 0.000E+00, 4.445E+01, 2.004E+01, 5.000E-03, 2.609E-04, 1.901E+02, 4.135E-03, 1.145E+00
12/06/2019,10:00,9,3.491,3.991,13.094,.530,.712, 1.022E+03, 3.786E+01, 9.607E-05, 3.469E-16, 3.554E+02, 6.783E+01, 2.540E+02, 2.892E+01, 3.605E+02, 1.358E+02, 5.395E+00, 9.416E-01, 3.386E-01, 4.027E-01, 1.000E+00, 8.182E-01, 1.000E+00, 1.502E-01, 1.000E+00, 1.000E+00, 1.229E-01, 7.899E-04, 9.653E-04, 0.000E+00, 4.478E+01, 2.019E+01, 5.000E-03, 3.782E-03, 1.139E+02, 6.024E-03, 1.176E+00
12/06/2019,11:00,9,3.491,3.991,14.116,.502,.806, 1.022E+03, 3.688E+01, 9.607E-05, 3.469E-16, 3.612E+02, 6.687E+01, 2.545E+02, 2.868E+01, 3.605E+02, 1.358E+02, 5.364E+00, 9.435E-01, 3.365E-01, 4.065E-01, 1.000E+00, 8.176E-01, 1.000E+00, 2.794E-01, 1.000E+00, 1.000E+00, 2.284E-01, 1.473E-03, 1.802E-03, 0.000E+00, 4.508E+01, 2.031E+01, 5.000E-03, 7.053E-03, 8.296E+01, 7.384E-03, 1.219E+00
12/06/2019,12:00,9,3.491,3.991,15.137,.475,.909, 1.021E+03, 3.883E+01, 8.434E-02, 3.469E-16, 1.860E+01, 1.342E+02, 5.283E+01, 4.089E+01, 1.231E+02, 8.979E+01, 5.337E+00, 8.657E-01, 3.264E-01, 3.988E-01, 1.000E+00, 8.428E-01, 8.862E-01, 3.980E-01, 1.000E+00, 1.000E+00, 3.354E-01, 2.171E-03, 2.282E-03, 0.000E+00, 4.873E+01, 2.094E+01, 5.000E-03, 1.039E-02, 6.497E+01, 8.371E-03, 1.213E+00
12/06/2019,13:00,9,3.491,3.991,14.132,.550,.730, 1.020E+03, 4.325E+01, 8.434E-02, 3.469E-16, 1.711E+01, 1.268E+02, 5.039E+01, 3.865E+01, 1.231E+02, 8.979E+01, 5.202E+00, 8.646E-01, 3.182E-01, 3.793E-01, 1.000E+00, 8.256E-01, 8.741E-01, 2.814E-01, 1.000E+00, 1.000E+00, 2.323E-01, 1.498E-03, 1.586E-03, 0.000E+00, 4.998E+01, 2.148E+01, 5.000E-03, 7.174E-03, 8.214E+01, 7.244E-03, 1.145E+00
12/06/2019,14:00,9,3.491,3.991,13.127,.624,.570, 1.020E+03, 4.936E+01, 8.434E-02, 3.469E-16, 1.485E+01, 1.148E+02, 4.640E+01, 3.500E+01, 1.231E+02, 8.979E+01, 5.069E+00, 8.634E-01, 3.101E-01, 3.475E-01, 1.000E+00, 7.938E-01, 8.517E-01, 1.545E-01, 1.000E+00, 1.000E+00, 1.227E-01, 7.883E-04, 8.458E-04, 0.000E+00, 5.128E+01, 2.204E+01, 5.000E-03, 3.774E-03, 1.140E+02, 5.837E-03, 1.063E+00
12/06/2019,15:00,9,3.491,3.991,12.122,.699,.428, 1.019E+03, 5.641E+01, 5.213E-01, 3.469E-16, 1.793E+01, 1.066E+02, 4.886E+01, 3.266E+01, 1.879E+00, 7.528E+01, 4.939E+00, 6.630E-01, 2.937E-01, 3.034E-01, 1.000E+00, 7.775E-01, 8.660E-01, 1.734E-02, 1.000E+00, 1.000E+00, 1.348E-02, 8.634E-05, 9.616E-05, 0.000E+00, 5.719E+01, 2.327E+01, 5.000E-03, 4.134E-04, 1.847E+02, 4.071E-03, 9.538E-01
12/06/2019,16:00,9,3.491,3.991,11.524,.763,.323, 1.018E+03, 6.385E+01, 5.213E-01, 3.469E-16, 1.311E+01, 8.440E+01, 4.075E+01, 2.587E+01, 1.879E+00, 7.528E+01, 4.827E+00, 6.624E-01, 2.870E-01, 2.476E-01, 1.000E+00, 6.941E-01, 8.129E-01, 1.000E-02, 1.000E+00, 1.000E+00, 6.941E-03, 4.436E-05, 5.195E-05, 0.000E+00, 5.851E+01, 2.381E+01, 5.000E-03, 2.124E-04, 1.919E+02, 3.934E-03, 7.960E-01
12/06/2019,17:00,9,3.491,3.991,10.926,.827,.226, 1.018E+03, 7.125E+01, 5.213E-01, 3.469E-16, 8.177E+00, 5.905E+01, 3.083E+01, 1.810E+01, 1.879E+00, 7.528E+01, 4.732E+00, 6.619E-01, 2.814E-01, 1.833E-01, 1.000E+00, 5.605E-01, 7.186E-01, 1.000E-02, 1.000E+00, 1.000E+00, 5.605E-03, 3.575E-05, 4.582E-05, 0.000E+00, 5.969E+01, 2.429E+01, 5.000E-03, 1.711E-04, 1.934E+02, 3.892E-03, 7.036E-01
12/06/2019,18:00,9,3.491,3.991,10.329,.892,.136, 1.017E+03, 7.826E+01, 8.670E-01, 3.469E-16, 3.705E+00, 3.311E+01, 1.924E+01, 1.014E+01,-7.151E+01, 9.173E+01, 4.654E+00, 6.482E-01, 2.598E-01, 1.166E-01, 1.000E+00, 3.649E-01, 5.467E-01, 1.000E-02, 1.000E+00, 1.000E+00, 3.649E-03, 2.322E-05, 3.479E-05, 0.000E+00, 6.895E+01, 2.631E+01, 1.028E-02, 1.112E-04, 9.626E+01, 6.041E-03, 6.537E-01
12/06/2019,19:00,9,3.491,3.991,10.280,.900,.125, 1.017E+03, 8.455E+01, 8.670E-01, 3.469E-16, 6.111E-01, 1.139E+01, 6.675E+00, 3.460E+00,-7.151E+01, 9.173E+01, 4.682E+00, 6.484E-01, 2.614E-01, 5.444E-02, 1.000E+00, 1.385E-01, 2.401E-01, 1.000E-02, 1.000E+00, 1.000E+00, 1.385E-03, 8.812E-06, 1.528E-05, 0.000E+00, 6.854E+01, 2.615E+01, 1.282E-02, 4.219E-05, 7.775E+01, 6.821E-03, 4.906E-01
12/06/2019,20:00,9,3.491,3.991,10.232,.909,.114, 1.016E+03, 8.981E+01, 8.670E-01, 3.469E-16, 2.251E-25, 3.183E-01, 0.000E+00, 0.000E+00,-7.151E+01, 9.173E+01, 4.779E+00, 6.485E-01, 2.668E-01,-9.990E+02, 1.000E+00,-9.990E+02, 0.000E+00, 0.000E+00, 0.000E+00, 1.000E+00, 0.000E+00, 0.000E+00, 0.000E+00, 0.000E+00, 6.715E+01, 2.562E+01, 1.189E-02, 0.000E+00, 8.409E+01, 6.598E-03, 4.320E-01
12/06/2019,21:00,9,3.491,3.991,10.184,.918,.102, 1.015E+03, 9.374E+01, 5.087E-01, 3.469E-16, 0.000E+00, 0.000E+00, 0.000E+00, 0.000E+00,-8.315E+01, 1.032E+02, 4.940E+00, 6.808E-01, 2.757E-01,-9.990E+02, 1.000E+00,-9.990E+02, 0.000E+00, 0.000E+00, 0.000E+00, 1.000E+00, 0.000E+00, 0.000E+00, 0.000E+00, 0.000E+00, 6.500E+01, 2.479E+01, 1.374E-02, 0.000E+00, 7.278E+01, 7.243E-03, 4.008E-01
12/06/2019,22:00,9,3.491,3.991,10.346,.925,.095, 1.014E+03, 9.609E+01, 5.087E-01, 3.469E-16, 0.000E+00, 0.000E+00, 0.000E+00, 0.000E+00,-8.315E+01, 1.032E+02, 4.800E+00, 6.813E-01, 2.679E-01,-9.990E+02, 1.000E+00,-9.990E+02, 0.000E+00, 0.000E+00, 0.000E+00, 1.000E+00, 0.000E+00, 0.000E+00, 0.000E+00, 0.000E+00, 6.688E+01, 2.551E+01, 1.460E-02, 0.000E+00, 6.848E+01, 7.372E-03, 4.175E-01
12/06/2019,23:00,9,3.491,3.991,10.508,.932,.087, 1.013E+03, 9.669E+01, 5.087E-01, 3.469E-16, 0.000E+00, 0.000E+00, 0.000E+00, 0.000E+00,-8.315E+01, 1.032E+02, 4.698E+00, 6.818E-01, 2.622E-01,-9.990E+02, 1.000E+00,-9.990E+02, 0.000E+00, 0.000E+00, 0.000E+00, 1.000E+00, 0.000E+00, 0.000E+00, 0.000E+00, 0.000E+00, 6.833E+01, 2.607E+01, 1.676E-02, 0.000E+00, 5.967E+01, 7.794E-03, 4.169E-01
13/06/2019,00:00,9,3.491,3.991,10.670,.939,.079, 1.012E+03, 9.548E+01, 3.823E+00, 3.469E-16, 0.000E+00, 0.000E+00, 0.000E+00, 0.000E+00,-3.955E+01, 4.676E+01, 4.636E+00, 5.328E-01, 2.588E-01,-9.990E+02, 1.000E+00,-9.990E+02, 0.000E+00, 0.000E+00, 0.000E+00, 1.000E+00, 0.000E+00, 0.000E+00, 0.000E+00, 0.000E+00, 6.923E+01, 2.641E+01, 1.800E-02, 0.000E+00, 5.555E+01, 7.994E-03, 4.144E-01
13/06/2019,01:00,9,3.491,3.991,10.752,.952,.063, 1.012E+03, 9.257E+01, 3.823E+00, 3.469E-16, 0.000E+00, 0.000E+00, 0.000E+00, 0.000E+00,-3.955E+01, 4.676E+01, 3.919E+00, 5.331E-01, 2.188E-01,-9.990E+02, 1.000E+00,-9.990E+02, 0.000E+00, 0.000E+00, 0.000E+00, 1.000E+00, 0.000E+00, 0.000E+00, 0.000E+00, 0.000E+00, 8.189E+01, 3.125E+01, 2.390E-02, 0.000E+00, 4.185E+01, 8.057E-03, 2.601E-01
13/06/2019,02:00,9,3.491,3.991,10.834,.964,.046, 1.011E+03, 8.816E+01, 3.823E+00, 3.469E-16, 7.410E-04, 1.942E+00, 5.967E-01, 5.852E-01,-3.955E+01, 4.676E+01, 3.357E+00, 5.333E-01, 1.874E-01, 1.840E-02, 1.000E+00, 2.379E-02, 2.424E-02, 1.000E-02, 1.000E+00, 1.000E+00, 2.379E-04, 1.517E-06, 1.546E-06, 0.000E+00, 9.557E+01, 3.647E+01, 2.750E-02, 7.261E-06, 3.636E+01, 7.554E-03, 3.562E-01
13/06/2019,03:00,9,3.491,3.991,10.916,.977,.030, 1.011E+03, 8.252E+01, 1.912E+00, 3.469E-16, 2.258E+00, 2.018E+01, 1.485E+01, 6.183E+00,-1.126E+01, 5.255E+01, 3.039E+00, 5.170E-01, 1.770E-01, 7.462E-02, 1.000E+00, 2.419E-01, 4.571E-01, 1.000E-02, 1.000E+00, 1.000E+00, 2.419E-03, 1.543E-05, 2.915E-05, 0.000E+00, 9.704E+01, 3.862E+01, 3.164E-02, 7.385E-05, 3.153E+01, 7.528E-03, 3.703E-01
13/06/2019,04:00,9,3.491,3.991,11.841,.969,.043, 1.010E+03, 7.595E+01, 1.912E+00, 3.469E-16, 8.124E+00, 4.648E+01, 3.107E+01, 1.434E+01,-1.126E+01, 5.255E+01, 3.200E+00, 5.180E-01, 1.864E-01, 1.390E-01, 1.000E+00, 4.839E-01, 7.214E-01, 1.000E-02, 1.000E+00, 1.000E+00, 4.839E-03, 3.096E-05, 4.615E-05, 0.000E+00, 9.215E+01, 3.668E+01, 2.291E-02, 1.482E-04, 4.337E+01, 7.165E-03, 4.277E-01
13/06/2019,05:00,9,3.491,3.991,12.766,.962,.057, 1.009E+03, 6.877E+01, 1.912E+00, 3.469E-16, 1.557E+01, 7.494E+01, 4.464E+01, 2.315E+01,-1.126E+01, 5.255E+01, 3.540E+00, 5.190E-01, 2.062E-01, 2.058E-01, 1.000E+00, 6.607E-01, 8.406E-01, 1.064E-01, 1.000E+00, 1.000E+00, 7.032E-02, 4.514E-04, 5.743E-04, 0.000E+00, 8.327E+01, 3.315E+01, 2.236E-02, 2.161E-03, 4.078E+01, 7.829E-03, 4.657E-01
13/06/2019,06:00,9,3.491,3.991,13.691,.954,.073, 1.008E+03, 6.131E+01, 3.951E-03, 3.469E-16, 1.485E+02, 8.909E+01, 1.864E+02, 3.167E+01, 9.070E+00, 1.337E+02, 4.015E+00, 6.196E-01, 2.402E-01, 2.678E-01, 1.000E+00, 8.009E-01, 9.995E-01, 2.270E-01, 1.000E+00, 1.000E+00, 1.818E-01, 1.171E-03, 1.461E-03, 0.000E+00, 6.913E+01, 2.846E+01, 1.895E-02, 5.605E-03, 4.072E+01, 8.685E-03, 5.643E-01
13/06/2019,07:00,9,3.491,3.991,15.709,.891,.196, 1.008E+03, 5.394E+01, 3.951E-03, 3.469E-16, 1.955E+02, 9.852E+01, 2.015E+02, 3.539E+01, 9.070E+00, 1.337E+02, 3.693E+00, 6.218E-01, 2.209E-01, 3.198E-01, 1.000E+00, 8.412E-01, 9.997E-01, 4.596E-01, 1.000E+00, 1.000E+00, 3.867E-01, 2.507E-03, 2.980E-03, 0.000E+00, 7.517E+01, 3.094E+01, 7.705E-03, 1.200E-02, 5.074E+01, 7.596E-03, 1.141E+00
13/06/2019,08:00,9,3.491,3.991,17.726,.828,.353, 1.008E+03, 4.713E+01, 3.951E-03, 3.469E-16, 2.357E+02, 1.028E+02, 2.105E+02, 3.723E+01, 9.070E+00, 1.337E+02, 3.511E+00, 6.241E-01, 2.100E-01, 3.598E-01, 1.000E+00, 8.615E-01, 9.998E-01, 6.507E-01, 1.000E+00, 1.000E+00, 5.606E-01, 3.661E-03, 4.248E-03, 0.000E+00, 7.909E+01, 3.255E+01, 5.000E-03, 1.753E-02, 4.439E+01, 7.721E-03, 1.643E+00
13/06/2019,09:00,9,3.491,3.991,19.743,.765,.548, 1.008E+03, 4.150E+01, 9.029E-02, 3.469E-16, 3.476E+02, 7.362E+01, 2.629E+02, 3.082E+01, 1.180E+02, 2.128E+02, 3.491E+00, 5.415E-01, 2.247E-01, 3.874E-01, 1.000E+00, 8.275E-01, 1.000E+00, 8.003E-01, 1.000E+00, 1.000E+00, 6.623E-01, 4.354E-03, 5.262E-03, 0.000E+00, 6.443E+01, 3.041E+01, 5.000E-03, 2.085E-02, 3.869E+01, 8.581E-03, 1.949E+00
13/06/2019,10:00,9,3.491,3.991,20.909,.736,.662, 1.007E+03, 3.782E+01, 9.029E-02, 3.469E-16, 3.713E+02, 7.015E+01, 2.650E+02, 2.999E+01, 1.180E+02, 2.128E+02, 3.216E+00, 5.426E-01, 2.070E-01, 4.029E-01, 1.000E+00, 8.261E-01, 1.000E+00, 8.678E-01, 1.000E+00, 1.000E+00, 7.169E-01, 4.732E-03, 5.728E-03, 0.000E+00, 7.001E+01, 3.303E+01, 5.000E-03, 2.266E-02, 3.616E+01, 8.285E-03, 2.120E+00
13/06/2019,11:00,9,3.491,3.991,22.075,.707,.789, 1.007E+03, 3.683E+01, 9.029E-02, 3.469E-16, 3.774E+02, 6.913E+01, 2.655E+02, 2.974E+01, 1.180E+02, 2.128E+02, 2.975E+00, 5.438E-01, 1.914E-01, 4.067E-01, 1.000E+00, 8.254E-01, 1.000E+00, 9.214E-01, 1.000E+00, 1.000E+00, 7.605E-01, 5.040E-03, 6.107E-03, 0.000E+00, 7.573E+01, 3.571E+01, 5.000E-03, 2.413E-02, 3.433E+01, 7.953E-03, 2.345E+00
13/06/2019,12:00,9,3.491,3.991,23.241,.678,.931, 1.007E+03, 3.877E+01, 3.262E-01, 3.469E-16, 2.794E+01, 1.452E+02, 6.235E+01, 4.443E+01, 8.346E+00, 1.185E+02, 2.779E+00, 2.974E-01, 1.725E-01, 3.990E-01, 1.000E+00, 8.726E-01, 9.230E-01, 9.612E-01, 1.000E+00, 1.000E+00, 8.387E-01, 5.581E-03, 5.903E-03, 0.000E+00, 8.964E+01, 3.962E+01, 5.000E-03, 2.672E-02, 3.153E+01, 7.452E-03, 2.466E+00
13/06/2019,13:00,9,3.491,3.991,21.837,.764,.626, 1.007E+03, 4.319E+01, 3.262E-01, 3.469E-16, 2.570E+01, 1.374E+02, 5.968E+01, 4.205E+01, 8.346E+00, 1.185E+02, 1.572E+00, 2.967E-01, 1.000E-01, 3.796E-01, 1.000E+00, 8.574E-01, 9.141E-01, 9.116E-01, 1.000E+00, 1.000E+00, 7.816E-01, 5.176E-03, 5.518E-03, 0.000E+00, 1.546E+02, 6.835E+01, 5.000E-03, 2.478E-02, 3.358E+01, 4.746E-03, 2.113E+00
13/06/2019,14:00,9,3.491,3.991,20.433,.850,.364, 1.007E+03, 4.929E+01, 3.262E-01, 3.469E-16, 2.232E+01, 1.247E+02, 5.528E+01, 3.817E+01, 8.346E+00, 1.185E+02, 1.141E+00, 2.959E-01, 1.000E-01, 3.479E-01, 1.000E+00, 8.285E-01, 8.971E-01, 8.419E-01, 1.000E+00, 1.000E+00, 6.975E-01, 4.597E-03, 4.978E-03, 0.000E+00, 1.545E+02, 6.835E+01, 5.000E-03, 2.201E-02, 3.702E+01, 4.670E-03, 1.763E+00
13/06/2019,15:00,9,3.491,3.991,19.030,.936,.142, 1.008E+03, 5.634E+01, 5.385E-02, 3.469E-16, 1.015E+02, 1.273E+02, 1.330E+02, 4.142E+01,-3.723E+00, 4.827E+01, 2.053E+00, 4.317E-01, 1.206E-01, 3.039E-01, 1.000E+00, 8.720E-01, 9.958E-01, 7.521E-01, 1.000E+00, 1.000E+00, 6.558E-01, 4.302E-03, 4.912E-03, 0.000E+00, 1.412E+02, 5.669E+01, 1.287E-02, 2.060E-02, 2.988E+01, 5.604E-03, 1.310E+00
13/06/2019,16:00,9,3.491,3.991,18.110,.944,.118, 1.008E+03, 6.378E+01, 5.385E-02, 3.469E-16, 7.434E+01, 1.051E+02, 1.183E+02, 3.416E+01,-3.723E+00, 4.827E+01, 2.268E+00, 4.309E-01, 1.332E-01, 2.482E-01, 1.000E+00, 8.137E-01, 9.923E-01, 6.824E-01, 1.000E+00, 1.000E+00, 5.552E-01, 3.630E-03, 4.427E-03, 0.000E+00, 1.279E+02, 5.132E+01, 1.507E-02, 1.738E-02, 3.081E+01, 6.049E-03, 9.626E-01
13/06/2019,17:00,9,3.491,3.991,17.190,.951,.096, 1.009E+03, 7.118E+01, 5.385E-02, 3.469E-16, 4.651E+01, 7.742E+01, 9.720E+01, 2.510E+01,-3.723E+00, 4.827E+01, 2.603E+00, 4.301E-01, 1.528E-01, 1.839E-01, 1.000E+00, 7.059E-01, 9.816E-01, 6.040E-01, 1.000E+00, 1.000E+00, 4.264E-01, 2.779E-03, 3.865E-03, 0.000E+00, 1.114E+02, 4.473E+01, 1.766E-02, 1.331E-02, 3.229E+01, 6.688E-03, 8.038E-01
13/06/2019,18:00,9,3.491,3.991,16.271,.959,.076, 1.010E+03, 7.819E+01, 3.169E-03, 3.469E-16, 4.988E+01, 4.504E+01, 1.376E+02, 1.571E+01,-1.718E+01, 1.896E+01, 3.017E+00, 3.814E-01, 1.665E-01, 1.172E-01, 1.000E+00, 5.369E-01, 9.965E-01, 5.171E-01, 1.000E+00, 1.000E+00, 2.776E-01, 1.804E-03, 3.348E-03, 0.000E+00, 1.088E+02, 4.105E+01, 2.094E-02, 8.635E-03, 3.381E+01, 7.042E-03, 4.587E-01
13/06/2019,19:00,9,3.491,3.991,15.490,.966,.061, 1.010E+03, 8.448E+01, 3.169E-03, 3.469E-16, 8.480E+00, 2.276E+01, 5.134E+01, 7.262E+00,-1.718E+01, 1.896E+01, 2.677E+00, 3.807E-01, 1.477E-01, 5.510E-02, 1.000E+00, 2.924E-01, 8.790E-01, 4.364E-01, 1.000E+00, 1.000E+00, 1.276E-01, 8.269E-04, 2.486E-03, 0.000E+00, 1.227E+02, 4.627E+01, 2.271E-02, 3.959E-03, 3.749E+01, 6.272E-03, 4.957E-01
13/06/2019,20:00,9,3.491,3.991,14.709,.972,.047, 1.011E+03, 8.974E+01, 3.169E-03, 3.469E-16, 3.898E-18, 1.078E+00, 0.000E+00, 0.000E+00,-1.718E+01, 1.896E+01, 2.431E+00, 3.801E-01, 1.341E-01,-9.990E+02, 1.000E+00,-9.990E+02, 0.000E+00, 0.000E+00, 0.000E+00, 1.000E+00, 0.000E+00, 0.000E+00, 0.000E+00, 0.000E+00, 1.352E+02, 5.096E+01, 2.466E-02, 0.000E+00, 4.055E+01, 5.718E-03, 6.298E-01
13/06/2019,21:00,9,3.491,3.991,13.927,.979,.034, 1.011E+03, 9.368E+01, 3.354E-05, 3.469E-16, 0.000E+00, 0.000E+00, 0.000E+00, 0.000E+00,-1.866E+01,-1.245E+01, 2.309E+00, 2.195E-01, 1.000E-01,-9.990E+02, 1.000E+00,-9.990E+02, 0.000E+00, 0.000E+00, 0.000E+00, 1.000E+00, 0.000E+00, 0.000E+00, 0.000E+00, 0.000E+00, 2.412E+02, 6.835E+01, 2.709E-02, 0.000E+00, 3.692E+01, 4.492E-03, 6.036E-01
13/06/2019,22:00,9,3.491,3.991,13.260,.981,.030, 1.011E+03, 9.604E+01, 3.354E-05, 3.469E-16, 0.000E+00, 0.000E+00, 0.000E+00, 0.000E+00,-1.866E+01,-1.245E+01, 2.271E+00, 2.192E-01, 1.000E-01,-9.990E+02, 1.000E+00,-9.990E+02, 0.000E+00, 0.000E+00, 0.000E+00, 1.000E+00, 0.000E+00, 0.000E+00, 0.000E+00, 0.000E+00, 2.414E+02, 6.835E+01, 3.174E-02, 0.000E+00, 3.151E+01, 4.603E-03, 6.363E-01
13/06/2019,23:00,9,3.491,3.991,12.593,.982,.026, 1.012E+03, 9.664E+01, 3.354E-05, 3.469E-16, 0.000E+00, 0.000E+00, 0.000E+00, 0.000E+00,-1.866E+01,-1.245E+01, 2.388E+00, 2.189E-01, 1.000E-01,-9.990E+02, 1.000E+00,-9.990E+02, 0.000E+00, 0.000E+00, 0.000E+00, 1.000E+00, 0.000E+00, 0.000E+00, 0.000E+00, 0.000E+00, 2.417E+02, 6.835E+01, 3.227E-02, 0.000E+00, 3.099E+01, 4.613E-03, 6.093E-01
14/06/2019,00:00,9,3.491,3.991,11.925,.984,.022, 1.012E+03, 9.544E+01, 3.751E-03, 3.469E-16, 0.000E+00, 0.000E+00, 0.000E+00, 0.000E+00,-1.315E+01, 5.544E+00, 2.638E+00, 3.336E-01, 1.442E-01,-9.990E+02, 1.000E+00,-9.990E+02, 0.000E+00, 0.000E+00, 0.000E+00, 1.000E+00, 0.000E+00, 0.000E+00, 0.000E+00, 0.000E+00, 1.269E+02, 4.741E+01, 3.041E-02, 0.000E+00, 3.288E+01, 6.331E-03, 7.090E-01
14/06/2019,01:00,9,3.491,3.991,11.693,.983,.023, 1.012E+03, 9.254E+01, 3.751E-03, 3.469E-16, 0.000E+00, 0.000E+00, 0.000E+00, 0.000E+00,-1.315E+01, 5.544E+00, 2.643E+00, 3.334E-01, 1.444E-01,-9.990E+02, 1.000E+00,-9.990E+02, 0.000E+00, 0.000E+00, 0.000E+00, 1.000E+00, 0.000E+00, 0.000E+00, 0.000E+00, 0.000E+00, 1.267E+02, 4.733E+01, 3.061E-02, 0.000E+00, 3.267E+01, 6.348E-03, 7.214E-01
14/06/2019,02:00,9,3.491,3.991,11.461,.982,.024, 1.013E+03, 8.813E+01, 3.751E-03, 3.469E-16, 6.188E-02, 7.189E+00, 3.118E+00, 2.169E+00,-1.315E+01, 5.544E+00, 2.648E+00, 3.332E-01, 1.447E-01, 1.868E-02, 1.000E+00, 8.601E-02, 1.204E-01, 1.000E-02, 1.000E+00, 1.000E+00, 8.601E-04, 5.495E-06, 7.690E-06, 0.000E+00, 1.265E+02, 4.723E+01, 3.081E-02, 2.631E-05, 3.243E+01, 6.368E-03, 6.939E-01
14/06/2019,03:00,9,3.491,3.991,11.229,.981,.025, 1.013E+03, 8.249E+01, 2.234E-05, 3.469E-16, 1.192E+00, 1.708E+01, 9.763E+00, 5.201E+00, 1.081E+01, 9.670E+01, 2.654E+00, 5.106E-01, 1.599E-01, 7.483E-02, 1.000E+00, 2.029E-01, 3.307E-01, 1.000E-02, 1.000E+00, 1.000E+00, 2.029E-03, 1.295E-05, 2.111E-05, 0.000E+00, 1.024E+02, 4.275E+01, 3.102E-02, 6.202E-05, 3.217E+01, 6.954E-03, 6.362E-01
14/06/2019,04:00,9,3.491,3.991,12.122,.936,.091, 1.013E+03, 7.593E+01, 2.234E-05, 3.469E-16, 4.269E+00, 4.008E+01, 2.103E+01, 1.225E+01, 1.081E+01, 9.670E+01, 3.258E+00, 5.113E-01, 1.962E-01, 1.392E-01, 1.000E+00, 4.213E-01, 5.790E-01, 1.730E-02, 1.000E+00, 1.000E+00, 7.289E-03, 4.668E-05, 6.414E-05, 0.000E+00, 8.345E+01, 3.483E+01, 1.481E-02, 2.235E-04, 6.652E+01, 6.350E-03, 6.215E-01
14/06/2019,05:00,9,3.491,3.991,13.014,.890,.165, 1.013E+03, 6.876E+01, 2.234E-05, 3.469E-16, 8.173E+00, 6.528E+01, 3.125E+01, 1.997E+01, 1.081E+01, 9.670E+01, 3.861E+00, 5.120E-01, 2.326E-01, 2.059E-01, 1.000E+00, 5.937E-01, 7.234E-01, 1.396E-01, 1.000E+00, 1.000E+00, 8.288E-02, 5.325E-04, 6.487E-04, 0.000E+00, 7.042E+01, 2.939E+01, 8.175E-03, 2.549E-03, 9.325E+01, 5.883E-03, 6.878E-01
14/06/2019,06:00,9,3.491,3.991,13.906,.845,.247, 1.014E+03, 6.130E+01, 2.234E-05, 3.469E-16, 1.960E+02, 7.761E+01, 2.338E+02, 2.976E+01, 7.029E+01, 1.647E+02, 4.465E+00, 6.395E-01, 2.757E-01, 2.679E-01, 1.000E+00, 7.847E-01, 9.999E-01, 2.538E-01, 1.000E+00, 1.000E+00, 1.991E-01, 1.283E-03, 1.635E-03, 0.000E+00, 5.667E+01, 2.479E+01, 5.000E-03, 6.144E-03, 8.974E+01, 6.490E-03, 8.073E-01
14/06/2019,07:00,9,3.491,3.991,15.625,.764,.422, 1.014E+03, 5.393E+01, 2.234E-05, 3.469E-16, 2.579E+02, 8.056E+01, 2.508E+02, 3.180E+01, 7.029E+01, 1.647E+02, 4.139E+00, 6.413E-01, 2.555E-01, 3.199E-01, 1.000E+00, 8.161E-01, 1.000E+00, 4.508E-01, 1.000E+00, 1.000E+00, 3.679E-01, 2.385E-03, 2.923E-03, 0.000E+00, 6.117E+01, 2.675E+01, 5.000E-03, 1.142E-02, 6.090E+01, 7.672E-03, 9.029E-01
14/06/2019,08:00,9,3.491,3.991,17.344,.683,.634, 1.014E+03, 4.711E+01, 2.234E-05, 3.469E-16, 3.110E+02, 7.867E+01, 2.605E+02, 3.198E+01, 7.029E+01, 1.647E+02, 3.817E+00, 6.431E-01, 2.356E-01, 3.599E-01, 1.000E+00, 8.282E-01, 1.000E+00, 6.178E-01, 1.000E+00, 1.000E+00, 5.116E-01, 3.336E-03, 4.028E-03, 0.000E+00, 6.639E+01, 2.902E+01, 5.000E-03, 1.597E-02, 4.768E+01, 8.130E-03, 9.402E-01
14/06/2019,09:00,9,3.491,3.991,19.064,.601,.888, 1.015E+03, 4.147E+01, 2.234E-05, 3.469E-16, 3.510E+02, 7.459E+01, 2.654E+02, 3.120E+01, 2.017E+02, 2.687E+02, 3.499E+00, 6.440E-01, 2.254E-01, 3.875E-01, 1.000E+00, 8.302E-01, 1.000E+00, 7.545E-01, 1.000E+00, 1.000E+00, 6.264E-01, 4.109E-03, 4.949E-03, 0.000E+00, 6.420E+01, 3.033E+01, 5.000E-03, 1.967E-02, 4.053E+01, 8.465E-03, 1.015E+00
14/06/2019,10:00,9,3.491,3.991,20.027,.561,1.039, 1.015E+03, 3.778E+01, 2.234E-05, 3.469E-16, 3.750E+02, 7.108E+01, 2.676E+02, 3.036E+01, 2.017E+02, 2.687E+02, 3.441E+00, 6.451E-01, 2.216E-01, 4.030E-01, 1.000E+00, 8.287E-01, 1.000E+00, 8.180E-01, 1.000E+00, 1.000E+00, 6.779E-01, 4.462E-03, 5.384E-03, 0.000E+00, 6.534E+01, 3.085E+01, 5.000E-03, 2.136E-02, 3.793E+01, 8.555E-03, 9.693E-01
14/06/2019,11:00,9,3.491,3.991,20.991,.521,1.205, 1.015E+03, 3.678E+01, 2.234E-05, 3.469E-16, 3.812E+02, 7.005E+01, 2.681E+02, 3.010E+01, 2.017E+02, 2.687E+02, 3.383E+00, 6.462E-01, 2.178E-01, 4.069E-01, 1.000E+00, 8.280E-01, 1.000E+00, 8.720E-01, 1.000E+00, 1.000E+00, 7.220E-01, 4.768E-03, 5.758E-03, 0.000E+00, 6.650E+01, 3.139E+01, 5.000E-03, 2.283E-02, 3.594E+01, 8.600E-03, 9.993E-01
14/06/2019,12:00,9,3.491,3.991,21.955,.481,1.387, 1.015E+03, 3.871E+01, 1.183E-02, 3.469E-16, 3.692E+02, 7.203E+01, 2.672E+02, 3.060E+01, 7.946E+01, 1.842E+02, 3.326E+00, 5.524E-01, 2.095E-01, 3.993E-01, 1.000E+00, 8.293E-01, 1.000E+00, 9.165E-01, 9.491E-01, 1.000E+00, 7.214E-01, 4.779E-03, 5.763E-03, 0.000E+00, 7.185E+01, 3.262E+01, 5.000E-03, 2.288E-02, 3.587E+01, 8.333E-03, 1.064E+00
14/06/2019,13:00,9,3.491,3.991,21.104,.540,1.165, 1.014E+03, 4.313E+01, 1.183E-02, 3.469E-16, 3.398E+02, 7.598E+01, 2.643E+02, 3.150E+01, 7.946E+01, 1.842E+02, 2.656E+00, 5.517E-01, 1.674E-01, 3.799E-01, 1.000E+00, 8.302E-01, 1.000E+00, 8.777E-01, 1.000E+00, 1.000E+00, 7.287E-01, 4.814E-03, 5.798E-03, 0.000E+00, 8.994E+01, 4.084E+01, 5.000E-03, 2.305E-02, 3.566E+01, 7.092E-03, 1.148E+00
14/06/2019,14:00,9,3.491,3.991,20.253,.600,.961, 1.014E+03, 4.923E+01, 1.183E-02, 3.469E-16, 2.951E+02, 7.965E+01, 2.580E+02, 3.207E+01, 7.946E+01, 1.842E+02, 2.379E+00, 5.510E-01, 1.499E-01, 3.483E-01, 1.000E+00, 8.257E-01, 1.000E+00, 8.315E-01, 1.000E+00, 1.000E+00, 6.866E-01, 4.522E-03, 5.477E-03, 0.000E+00, 1.004E+02, 4.559E+01, 5.000E-03, 2.165E-02, 3.752E+01, 6.447E-03, 1.103E+00
14/06/2019,15:00,9,3.491,3.991,19.403,.660,.775, 1.014E+03, 5.628E+01, 2.234E-05, 3.469E-16, 2.386E+02, 8.024E+01, 2.463E+02, 3.138E+01, 2.739E+01, 1.167E+02, 2.623E+00, 2.214E-01, 1.832E-01, 3.043E-01, 1.000E+00, 8.086E-01, 1.000E+00, 7.779E-01, 1.000E+00, 1.000E+00, 6.290E-01, 4.131E-03, 5.109E-03, 0.000E+00, 6.854E+01, 3.731E+01, 5.000E-03, 1.978E-02, 4.036E+01, 7.570E-03, 1.033E+00
14/06/2019,16:00,9,3.491,3.991,19.108,.699,.673, 1.014E+03, 6.372E+01, 2.234E-05, 3.469E-16, 1.749E+02, 7.529E+01, 2.261E+02, 2.859E+01, 2.739E+01, 1.167E+02, 1.279E+00, 2.213E-01, 1.000E-01, 2.487E-01, 1.000E+00, 7.682E-01, 9.999E-01, 7.577E-01, 1.000E+00, 1.000E+00, 5.820E-01, 3.819E-03, 4.971E-03, 0.000E+00, 1.255E+02, 6.835E+01, 5.000E-03, 1.828E-02, 4.295E+01, 4.739E-03, 1.002E+00
14/06/2019,17:00,9,3.491,3.991,18.814,.738,.574, 1.014E+03, 7.112E+01, 2.234E-05, 3.469E-16, 1.096E+02, 6.348E+01, 1.926E+02, 2.329E+01, 2.739E+01, 1.167E+02, 4.665E-01, 2.212E-01, 1.000E-01, 1.845E-01, 1.000E+00, 6.871E-01, 9.996E-01, 7.366E-01, 1.000E+00, 1.000E+00, 5.061E-01, 3.317E-03, 4.826E-03, 0.000E+00, 1.255E+02, 6.835E+01, 5.000E-03, 1.588E-02, 4.789E+01, 4.631E-03, 1.066E+00
14/06/2019,18:00,9,3.491,3.991,18.520,.778,.479, 1.014E+03, 7.813E+01, 2.234E-05, 3.469E-16, 5.018E+01, 4.525E+01, 1.377E+02, 1.578E+01,-3.687E+01, 1.224E+01, 1.621E+00, 2.768E-01, 1.000E-01, 1.178E-01, 1.000E+00, 5.386E-01, 9.965E-01, 7.145E-01, 1.000E+00, 1.000E+00, 3.849E-01, 2.520E-03, 4.662E-03, 0.000E+00, 2.399E+02, 6.835E+01, 5.000E-03, 1.206E-02, 5.860E+01, 4.095E-03, 1.278E+00
14/06/2019,19:00,9,3.491,3.991,17.458,.790,.422, 1.014E+03, 8.442E+01, 2.234E-05, 3.469E-16, 8.687E+00, 2.300E+01, 5.201E+01, 7.344E+00,-3.687E+01, 1.224E+01, 1.858E+00, 2.762E-01, 1.000E-01, 5.570E-02, 1.000E+00, 2.953E-01, 8.823E-01, 6.277E-01, 1.000E+00, 1.000E+00, 1.854E-01, 1.209E-03, 3.613E-03, 0.000E+00, 2.403E+02, 6.835E+01, 5.000E-03, 5.790E-03, 9.267E+01, 3.593E-03, 1.346E+00
14/06/2019,20:00,9,3.491,3.991,16.396,.803,.370, 1.014E+03, 8.969E+01, 2.234E-05, 3.469E-16, 7.611E-15, 1.319E+00, 0.000E+00, 0.000E+00,-3.687E+01, 1.224E+01, 2.732E+00, 2.757E-01, 1.135E-01,-9.990E+02, 1.000E+00,-9.990E+02, 0.000E+00, 0.000E+00, 0.000E+00, 1.000E+00, 0.000E+00, 0.000E+00, 0.000E+00, 0.000E+00, 2.122E+02, 6.024E+01, 5.000E-03, 0.000E+00, 2.000E+02, 2.750E-03, 1.312E+00
14/06/2019,21:00,9,3.491,3.991,15.334,.816,.323, 1.014E+03, 9.363E+01, 0.000E+00, 3.469E-16, 0.000E+00, 0.000E+00, 0.000E+00, 0.000E+00,-5.352E+01, 4.355E+00, 3.828E+00, 3.639E-01, 1.788E-01,-9.990E+02, 1.000E+00,-9.990E+02, 0.000E+00, 0.000E+00, 0.000E+00, 1.000E+00, 0.000E+00, 0.000E+00, 0.000E+00, 0.000E+00, 1.197E+02, 3.822E+01, 5.000E-03, 0.000E+00, 2.000E+02, 3.306E-03, 1.440E+00
14/06/2019,22:00,9,3.491,3.991,14.784,.842,.267, 1.014E+03, 9.599E+01, 0.000E+00, 3.469E-16, 0.000E+00, 0.000E+00, 0.000E+00, 0.000E+00,-5.352E+01, 4.355E+00, 3.567E+00, 3.635E-01, 1.665E-01,-9.990E+02, 1.000E+00,-9.990E+02, 0.000E+00, 0.000E+00, 0.000E+00, 1.000E+00, 0.000E+00, 0.000E+00, 0.000E+00, 0.000E+00, 1.286E+02, 4.104E+01, 5.000E-03, 0.000E+00, 2.000E+02, 3.226E-03, 1.421E+00
14/06/2019,23:00,9,3.491,3.991,14.234,.869,.214, 1.015E+03, 9.660E+01, 0.000E+00, 3.469E-16, 0.000E+00, 0.000E+00, 0.000E+00, 0.000E+00,-5.352E+01, 4.355E+00, 3.359E+00, 3.631E-01, 1.567E-01,-9.990E+02, 1.000E+00,-9.990E+02, 0.000E+00, 0.000E+00, 0.000E+00, 1.000E+00, 0.000E+00, 0.000E+00, 0.000E+00, 0.000E+00, 1.368E+02, 4.361E+01, 5.176E-03, 0.000E+00, 1.932E+02, 3.225E-03, 1.332E+00
15/06/2019,00:00,9,3.491,3.991,13.684,.895,.165, 1.015E+03, 9.541E+01, 5.907E-05, 3.469E-16, 0.000E+00, 0.000E+00, 0.000E+00, 0.000E+00,-4.051E+01, 3.990E+00, 3.214E+00, 3.387E-01, 1.522E-01,-9.990E+02, 1.000E+00,-9.990E+02, 0.000E+00, 0.000E+00, 0.000E+00, 1.000E+00, 0.000E+00, 0.000E+00, 0.000E+00, 0.000E+00, 1.388E+02, 4.492E+01, 8.045E-03, 0.000E+00, 1.243E+02, 4.090E-03, 1.223E+00
15/06/2019,01:00,9,3.491,3.991,13.465,.901,.154, 1.015E+03, 9.251E+01, 5.907E-05, 3.469E-16, 0.000E+00, 0.000E+00, 0.000E+00, 0.000E+00,-4.051E+01, 3.990E+00, 3.144E+00, 3.386E-01, 1.488E-01,-9.990E+02, 1.000E+00,-9.990E+02, 0.000E+00, 0.000E+00, 0.000E+00, 1.000E+00, 0.000E+00, 0.000E+00, 0.000E+00, 0.000E+00, 1.420E+02, 4.594E+01, 9.328E-03, 0.000E+00, 1.072E+02, 4.345E-03, 1.163E+00
15/06/2019,02:00,9,3.491,3.991,13.245,.906,.144, 1.015E+03, 8.811E+01, 5.907E-05, 3.469E-16, 7.166E-02, 7.911E+00, 3.474E+00, 2.387E+00,-4.051E+01, 3.990E+00, 3.073E+00, 3.385E-01, 1.454E-01, 1.889E-02, 1.000E+00, 9.427E-02, 1.332E-01, 1.700E-01, 1.000E+00, 1.000E+00, 1.603E-02, 1.030E-04, 1.455E-04, 0.000E+00, 1.453E+02, 4.701E+01, 9.377E-03, 4.933E-04, 1.013E+02, 4.403E-03, 1.103E+00
15/06/2019,03:00,9,3.491,3.991,13.026,.911,.134, 1.015E+03, 8.248E+01, 5.907E-05, 3.469E-16, 1.907E+01, 3.042E+01, 8.288E+01, 1.004E+01, 3.384E+01, 5.921E+01, 3.002E+00, 3.848E-01, 1.911E-01, 7.498E-02, 1.000E+00, 3.855E-01, 9.669E-01, 1.412E-01, 1.000E+00, 1.000E+00, 5.444E-02, 3.497E-04, 8.771E-04, 0.000E+00, 7.735E+01, 3.577E+01, 1.087E-02, 1.674E-03, 7.969E+01, 5.826E-03, 1.056E+00
15/06/2019,04:00,9,3.491,3.991,14.508,.851,.247, 1.015E+03, 7.592E+01, 5.907E-05, 3.469E-16, 6.816E+01, 5.176E+01, 1.585E+02, 1.840E+01, 3.384E+01, 5.921E+01, 2.709E+00, 3.857E-01, 1.723E-01, 1.393E-01, 1.000E+00, 5.960E-01, 9.985E-01, 3.262E-01, 1.000E+00, 1.000E+00, 1.944E-01, 1.256E-03, 2.104E-03, 0.000E+00, 8.582E+01, 3.966E+01, 5.000E-03, 6.011E-03, 9.082E+01, 5.187E-03, 9.718E-01
15/06/2019,05:00,9,3.491,3.991,15.991,.792,.381, 1.015E+03, 6.875E+01, 5.907E-05, 3.469E-16, 1.304E+02, 6.808E+01, 2.052E+02, 2.528E+01, 3.384E+01, 5.921E+01, 2.435E+00, 3.867E-01, 1.549E-01, 2.060E-01, 1.000E+00, 7.193E-01, 9.998E-01, 4.888E-01, 1.000E+00, 1.000E+00, 3.516E-01, 2.282E-03, 3.172E-03, 0.000E+00, 9.556E+01, 4.414E+01, 5.000E-03, 1.093E-02, 6.279E+01, 5.673E-03, 9.664E-01
15/06/2019,06:00,9,3.491,3.991,17.473,.733,.539, 1.015E+03, 6.129E+01, 5.907E-05, 3.469E-16, 1.960E+02, 7.763E+01, 2.337E+02, 2.976E+01, 1.323E+02, 2.064E+02, 2.189E+00, 5.041E-01, 1.435E-01, 2.679E-01, 1.000E+00, 7.847E-01, 9.999E-01, 6.290E-01, 1.000E+00, 1.000E+00, 4.936E-01, 3.220E-03, 4.103E-03, 0.000E+00, 9.777E+01, 4.765E+01, 5.000E-03, 1.542E-02, 4.898E+01, 5.882E-03, 1.061E+00
15/06/2019,07:00,9,3.491,3.991,18.787,.651,.764, 1.015E+03, 5.392E+01, 5.907E-05, 3.469E-16, 2.580E+02, 8.057E+01, 2.508E+02, 3.180E+01, 1.323E+02, 2.064E+02, 2.421E+00, 5.053E-01, 1.586E-01, 3.200E-01, 1.000E+00, 8.161E-01, 1.000E+00, 7.345E-01, 1.000E+00, 1.000E+00, 5.995E-01, 3.929E-03, 4.814E-03, 0.000E+00, 8.848E+01, 4.309E+01, 5.000E-03, 1.881E-02, 4.200E+01, 6.601E-03, 1.405E+00
15/06/2019,08:00,9,3.491,3.991,20.101,.570,1.023, 1.015E+03, 4.710E+01, 5.907E-05, 3.469E-16, 3.111E+02, 7.866E+01, 2.605E+02, 3.198E+01, 1.323E+02, 2.064E+02, 2.663E+00, 5.064E-01, 1.744E-01, 3.599E-01, 1.000E+00, 8.282E-01, 1.000E+00, 8.224E-01, 1.000E+00, 1.000E+00, 6.812E-01, 4.484E-03, 5.414E-03, 0.000E+00, 8.054E+01, 3.919E+01, 5.000E-03, 2.147E-02, 3.778E+01, 7.279E-03, 1.839E+00
15/06/2019,09:00,9,3.491,3.991,21.415,.489,1.321, 1.015E+03, 4.145E+01, 9.951E-04, 3.469E-16, 3.512E+02, 7.459E+01, 2.655E+02, 3.120E+01, 1.618E+02, 2.938E+02, 2.912E+00, 5.673E-01, 1.892E-01, 3.876E-01, 1.000E+00, 8.302E-01, 1.000E+00, 8.927E-01, 9.876E-01, 1.000E+00, 7.320E-01, 4.841E-03, 5.830E-03, 0.000E+00, 7.531E+01, 3.614E+01, 5.000E-03, 2.317E-02, 3.549E+01, 7.835E-03, 1.946E+00
15/06/2019,10:00,9,3.491,3.991,22.184,.470,1.436, 1.014E+03, 3.775E+01, 9.951E-04, 3.469E-16, 3.753E+02, 7.106E+01, 2.677E+02, 3.036E+01, 1.618E+02, 2.938E+02, 2.726E+00, 5.681E-01, 1.771E-01, 4.032E-01, 1.000E+00, 8.287E-01, 1.000E+00, 9.257E-01, 9.206E-01, 1.000E+00, 7.063E-01, 4.683E-03, 5.650E-03, 0.000E+00, 8.049E+01, 3.860E+01, 5.000E-03, 2.242E-02, 3.647E+01, 7.412E-03, 1.884E+00
15/06/2019,11:00,9,3.491,3.991,22.953,.452,1.559, 1.014E+03, 3.674E+01, 9.951E-04, 3.469E-16, 3.816E+02, 7.000E+01, 2.682E+02, 3.009E+01, 1.618E+02, 2.938E+02, 2.560E+00, 5.689E-01, 1.663E-01, 4.071E-01, 1.000E+00, 8.280E-01, 1.000E+00, 9.526E-01, 8.491E-01, 1.000E+00, 6.698E-01, 4.452E-03, 5.377E-03, 0.000E+00, 8.576E+01, 4.111E+01, 5.000E-03, 2.132E-02, 3.800E+01, 7.000E-03, 1.799E+00
15/06/2019,12:00,9,3.491,3.991,23.722,.433,1.690, 1.013E+03, 3.866E+01, 5.907E-05, 3.469E-16, 3.696E+02, 7.195E+01, 2.673E+02, 3.058E+01, 9.380E+01, 2.893E+02, 2.418E+00, 3.587E-01, 1.660E-01, 3.995E-01, 1.000E+00, 8.292E-01, 1.000E+00, 9.735E-01, 7.729E-01, 1.000E+00, 6.239E-01, 4.158E-03, 5.014E-03, 0.000E+00, 7.792E+01, 4.118E+01, 5.000E-03, 1.991E-02, 4.015E+01, 7.023E-03, 1.677E+00
15/06/2019,13:00,9,3.491,3.991,23.865,.414,1.762, 1.013E+03, 4.307E+01, 5.907E-05, 3.469E-16, 3.402E+02, 7.590E+01, 2.643E+02, 3.148E+01, 9.380E+01, 2.893E+02, 1.732E+00, 3.588E-01, 1.189E-01, 3.801E-01, 1.000E+00, 8.302E-01, 1.000E+00, 9.767E-01, 7.307E-01, 1.000E+00, 5.925E-01, 3.951E-03, 4.759E-03, 0.000E+00, 1.088E+02, 5.748E+01, 5.000E-03, 1.892E-02, 4.181E+01, 5.419E-03, 1.512E+00
15/06/2019,14:00,9,3.491,3.991,24.008,.395,1.836, 1.013E+03, 4.917E+01, 5.907E-05, 3.469E-16, 2.956E+02, 7.960E+01, 2.581E+02, 3.206E+01, 9.380E+01, 2.893E+02, 1.083E+00, 3.590E-01, 1.000E-01, 3.486E-01, 1.000E+00, 8.258E-01, 1.000E+00, 9.798E-01, 6.879E-01, 1.000E+00, 5.566E-01, 3.713E-03, 4.496E-03, 0.000E+00, 1.294E+02, 6.835E+01, 5.000E-03, 1.778E-02, 4.391E+01, 4.681E-03, 1.298E+00
15/06/2019,15:00,9,3.491,3.991,24.151,.376,1.911, 1.012E+03, 5.622E+01, 5.907E-05, 3.469E-16, 2.391E+02, 8.021E+01, 2.464E+02, 3.138E+01,-1.392E+01, 1.488E+02, 5.998E-01, 3.479E-01, 1.000E-01, 3.047E-01, 1.000E+00, 8.087E-01, 1.000E+00, 9.826E-01, 6.445E-01, 1.000E+00, 5.121E-01, 3.418E-03, 4.226E-03, 0.000E+00, 1.820E+02, 6.835E+01, 5.000E-03, 1.636E-02, 4.681E+01, 4.404E-03, 1.067E+00
15/06/2019,16:00,9,3.491,3.991,22.567,.480,1.445, 1.012E+03, 6.366E+01, 5.907E-05, 3.469E-16, 1.754E+02, 7.532E+01, 2.263E+02, 2.861E+01,-1.392E+01, 1.488E+02, 1.198E+00, 3.470E-01, 1.000E-01, 2.492E-01, 1.000E+00, 7.685E-01, 9.999E-01, 9.399E-01, 9.158E-01, 1.000E+00, 6.615E-01, 4.391E-03, 5.713E-03, 0.000E+00, 1.821E+02, 6.835E+01, 5.000E-03, 2.102E-02, 3.843E+01, 4.573E-03, 9.827E-01
15/06/2019,17:00,9,3.491,3.991,20.982,.583,1.048, 1.013E+03, 7.106E+01, 5.907E-05, 3.469E-16, 1.101E+02, 6.357E+01, 1.930E+02, 2.334E+01,-1.392E+01, 1.488E+02, 2.325E+00, 3.460E-01, 1.276E-01, 1.851E-01, 1.000E+00, 6.879E-01, 9.996E-01, 8.715E-01, 1.000E+00, 1.000E+00, 5.995E-01, 3.958E-03, 5.753E-03, 0.000E+00, 1.428E+02, 5.358E+01, 5.000E-03, 1.895E-02, 4.175E+01, 5.463E-03, 1.005E+00
15/06/2019,18:00,9,3.491,3.991,19.397,.687,.712, 1.013E+03, 7.807E+01, 5.907E-05, 3.469E-16, 5.068E+01, 4.542E+01, 1.385E+02, 1.585E+01,-3.231E+01, 2.509E+01, 3.503E+00, 3.060E-01, 1.631E-01, 1.184E-01, 1.000E+00, 5.402E-01, 9.966E-01, 7.776E-01, 1.000E+00, 1.000E+00, 4.201E-01, 2.759E-03, 5.089E-03, 0.000E+00, 1.317E+02, 4.192E+01, 5.000E-03, 1.321E-02, 5.492E+01, 5.976E-03, 1.102E+00
15/06/2019,19:00,9,3.491,3.991,17.854,.726,.565, 1.013E+03, 8.437E+01, 5.907E-05, 3.469E-16, 8.955E+00, 2.321E+01, 5.303E+01, 7.420E+00,-3.231E+01, 2.509E+01, 3.098E+00, 3.052E-01, 1.439E-01, 5.624E-02, 1.000E+00, 2.981E-01, 8.871E-01, 6.614E-01, 1.000E+00, 1.000E+00, 1.972E-01, 1.288E-03, 3.833E-03, 0.000E+00, 1.495E+02, 4.749E+01, 5.000E-03, 6.167E-03, 8.955E+01, 4.610E-03, 1.184E+00
15/06/2019,20:00,9,3.491,3.991,16.310,.765,.438, 1.013E+03, 8.963E+01, 5.907E-05, 3.469E-16, 1.022E-12, 1.533E+00, 0.000E+00, 0.000E+00,-3.231E+01, 2.509E+01, 2.841E+00, 3.044E-01, 1.318E-01,-9.990E+02, 1.000E+00,-9.990E+02, 0.000E+00, 0.000E+00, 0.000E+00, 1.000E+00, 0.000E+00, 0.000E+00, 0.000E+00, 0.000E+00, 1.635E+02, 5.186E+01, 5.000E-03, 0.000E+00, 2.000E+02, 2.949E-03, 1.276E+00
15/06/2019,21:00,9,3.491,3.991,14.767,.804,.331, 1.013E+03, 9.358E+01, 5.907E-05, 3.469E-16, 0.000E+00, 0.000E+00, 0.000E+00, 0.000E+00,-1.770E+01, 3.512E+00, 2.776E+00, 1.874E-01, 1.000E-01,-9.990E+02, 1.000E+00,-9.990E+02, 0.000E+00, 0.000E+00, 0.000E+00, 1.000E+00, 0.000E+00, 0.000E+00, 0.000E+00, 0.000E+00, 2.791E+02, 6.835E+01, 5.000E-03, 0.000E+00, 2.000E+02, 2.569E-03, 1.507E+00
15/06/2019,22:00,9,3.491,3.991,13.849,.841,.252, 1.013E+03, 9.595E+01, 5.907E-05, 3.469E-16, 0.000E+00, 0.000E+00, 0.000E+00, 0.000E+00,-1.770E+01, 3.512E+00, 2.599E+00, 1.871E-01, 1.000E-01,-9.990E+02, 1.000E+00,-9.990E+02, 0.000E+00, 0.000E+00, 0.000E+00, 1.000E+00, 0.000E+00, 0.000E+00, 0.000E+00, 0.000E+00, 2.797E+02, 6.835E+01, 5.000E-03, 0.000E+00, 2.000E+02, 2.569E-03, 1.703E+00
15/06/2019,23:00,9,3.491,3.991,12.931,.879,.182, 1.013E+03, 9.656E+01, 5.907E-05, 3.469E-16, 0.000E+00, 0.000E+00, 0.000E+00, 0.000E+00,-1.770E+01, 3.512E+00, 2.500E+00, 1.868E-01, 1.000E-01,-9.990E+02, 1.000E+00,-9.990E+02, 0.000E+00, 0.000E+00, 0.000E+00, 1.000E+00, 0.000E+00, 0.000E+00, 0.000E+00, 0.000E+00, 2.802E+02, 6.835E+01, 6.156E-03, 0.000E+00, 1.625E+02, 2.843E-03, 1.820E+00
16/06/2019,00:00,9,3.491,3.991,12.013,.916,.119, 1.012E+03, 9.538E+01, 0.000E+00, 3.469E-16, 0.000E+00, 0.000E+00, 0.000E+00, 0.000E+00,-9.786E+00, 2.504E+00, 2.487E+00, 2.211E-01, 1.209E-01,-9.990E+02, 1.000E+00,-9.990E+02, 0.000E+00, 0.000E+00, 0.000E+00, 1.000E+00, 0.000E+00, 0.000E+00, 0.000E+00, 0.000E+00, 1.701E+02, 5.652E+01, 1.116E-02, 0.000E+00, 8.959E+01, 4.159E-03, 1.920E+00
16/06/2019,01:00,9,3.491,3.991,11.624,.928,.098, 1.012E+03, 9.249E+01, 0.000E+00, 3.469E-16, 0.000E+00, 0.000E+00, 0.000E+00, 0.000E+00,-9.786E+00, 2.504E+00, 2.157E+00, 2.210E-01, 1.048E-01,-9.990E+02, 1.000E+00,-9.990E+02, 0.000E+00, 0.000E+00, 0.000E+00, 1.000E+00, 0.000E+00, 0.000E+00, 0.000E+00, 0.000E+00, 1.962E+02, 6.520E+01, 1.302E-02, 0.000E+00, 7.683E+01, 3.986E-03, 1.960E+00
16/06/2019,02:00,9,3.491,3.991,11.235,.941,.079, 1.012E+03, 8.810E+01, 0.000E+00, 3.469E-16, 7.643E-02, 7.970E+00, 3.556E+00, 2.405E+00,-9.786E+00, 2.504E+00, 1.830E+00, 2.209E-01, 1.000E-01, 1.903E-02, 1.000E+00, 9.498E-02, 1.360E-01, 1.000E-02, 1.000E+00, 1.000E+00, 9.498E-04, 6.064E-06, 8.685E-06, 0.000E+00, 2.058E+02, 6.835E+01, 1.751E-02, 2.903E-05, 5.700E+01, 4.176E-03, 1.817E+00
16/06/2019,03:00,9,3.491,3.991,10.846,.954,.060, 1.012E+03, 8.247E+01, 0.000E+00, 3.469E-16, 1.920E+01, 3.045E+01, 8.331E+01, 1.006E+01, 6.182E+01, 5.301E+01, 1.509E+00, 2.889E-01, 1.055E-01, 7.507E-02, 1.000E+00, 3.860E-01, 9.675E-01, 1.000E-02, 1.000E+00, 1.000E+00, 3.860E-03, 2.461E-05, 6.168E-05, 0.000E+00, 1.187E+02, 6.478E+01, 2.044E-02, 1.178E-04, 4.864E+01, 4.813E-03, 1.816E+00
16/06/2019,04:00,9,3.491,3.991,12.825,.879,.180, 1.012E+03, 7.591E+01, 0.000E+00, 3.469E-16, 6.835E+01, 5.175E+01, 1.588E+02, 1.841E+01, 6.182E+01, 5.301E+01, 1.353E+00, 2.899E-01, 1.000E-01, 1.393E-01, 1.000E+00, 5.962E-01, 9.985E-01, 1.144E-01, 1.000E+00, 1.000E+00, 6.822E-02, 4.380E-04, 7.336E-04, 0.000E+00, 1.254E+02, 6.835E+01, 6.172E-03, 2.097E-03, 1.209E+02, 3.461E-03, 1.634E+00
16/06/2019,05:00,9,3.491,3.991,14.804,.804,.332, 1.012E+03, 6.875E+01, 0.000E+00, 3.469E-16, 1.307E+02, 6.806E+01, 2.055E+02, 2.528E+01, 6.182E+01, 5.301E+01, 1.325E+00, 2.909E-01, 1.000E-01, 2.060E-01, 1.000E+00, 7.193E-01, 9.998E-01, 3.605E-01, 1.000E+00, 1.000E+00, 2.593E-01, 1.676E-03, 2.330E-03, 0.000E+00, 1.256E+02, 6.835E+01, 5.000E-03, 8.025E-03, 7.677E+01, 4.084E-03, 1.697E+00
16/06/2019,06:00,9,3.491,3.991,16.783,.729,.523, 1.012E+03, 6.129E+01, 0.000E+00, 3.469E-16, 1.962E+02, 7.758E+01, 2.340E+02, 2.975E+01, 1.458E+02, 1.905E+02, 1.431E+00, 3.414E-01, 1.033E-01, 2.679E-01, 1.000E+00, 7.847E-01, 9.999E-01, 5.666E-01, 1.000E+00, 1.000E+00, 4.446E-01, 2.894E-03, 3.688E-03, 0.000E+00, 1.149E+02, 6.616E+01, 5.000E-03, 1.385E-02, 5.304E+01, 4.706E-03, 2.016E+00
16/06/2019,07:00,9,3.491,3.991,18.725,.653,.758, 1.011E+03, 5.392E+01, 0.000E+00, 3.469E-16, 2.582E+02, 8.051E+01, 2.510E+02, 3.179E+01, 1.458E+02, 1.905E+02, 1.412E+00, 3.425E-01, 1.018E-01, 3.200E-01, 1.000E+00, 8.160E-01, 1.000E+00, 7.299E-01, 1.000E+00, 1.000E+00, 5.957E-01, 3.903E-03, 4.783E-03, 0.000E+00, 1.168E+02, 6.714E+01, 5.000E-03, 1.869E-02, 4.222E+01, 4.899E-03, 2.376E+00
16/06/2019,08:00,9,3.491,3.991,20.666,.576,1.045, 1.011E+03, 4.709E+01, 0.000E+00, 3.469E-16, 3.114E+02, 7.858E+01, 2.607E+02, 3.196E+01, 1.458E+02, 1.905E+02, 1.541E+00, 3.437E-01, 1.110E-01, 3.600E-01, 1.000E+00, 8.281E-01, 1.000E+00, 8.548E-01, 1.000E+00, 1.000E+00, 7.079E-01, 4.669E-03, 5.638E-03, 0.000E+00, 1.072E+02, 6.157E+01, 5.000E-03, 2.235E-02, 3.656E+01, 5.402E-03, 2.883E+00
16/06/2019,09:00,9,3.491,3.991,22.607,.500,1.391, 1.011E+03, 4.144E+01, 0.000E+00, 3.469E-16, 3.516E+02, 7.448E+01, 2.657E+02, 3.117E+01, 1.819E+02, 2.866E+02, 1.787E+00, 4.916E-01, 1.201E-01, 3.876E-01, 1.000E+00, 8.301E-01, 1.000E+00, 9.413E-01, 9.469E-01, 1.000E+00, 7.399E-01, 4.912E-03, 5.918E-03, 0.000E+00, 1.116E+02, 5.689E+01, 5.000E-03, 2.352E-02, 3.506E+01, 5.622E-03, 3.248E+00
16/06/2019,10:00,9,3.491,3.991,23.384,.470,1.547, 1.011E+03, 3.773E+01, 0.000E+00, 3.469E-16, 3.758E+02, 7.093E+01, 2.679E+02, 3.033E+01, 1.819E+02, 2.866E+02, 2.082E+00, 4.924E-01, 1.400E-01, 4.032E-01, 1.000E+00, 8.286E-01, 1.000E+00, 9.651E-01, 8.561E-01, 1.000E+00, 6.846E-01, 4.557E-03, 5.500E-03, 0.000E+00, 9.585E+01, 4.884E+01, 5.000E-03, 2.182E-02, 3.729E+01, 6.254E-03, 2.964E+00
16/06/2019,11:00,9,3.491,3.991,24.160,.440,1.715, 1.010E+03, 3.671E+01, 0.000E+00, 3.469E-16, 3.821E+02, 6.986E+01, 2.684E+02, 3.006E+01, 1.819E+02, 2.866E+02, 2.380E+00, 4.931E-01, 1.600E-01, 4.072E-01, 1.000E+00, 8.278E-01, 1.000E+00, 9.827E-01, 7.586E-01, 1.000E+00, 6.171E-01, 4.119E-03, 4.975E-03, 0.000E+00, 8.390E+01, 4.273E+01, 5.000E-03, 1.972E-02, 4.045E+01, 6.769E-03, 2.784E+00
16/06/2019,12:00,9,3.491,3.991,24.936,.410,1.894, 1.010E+03, 3.862E+01, 5.745E-04, 3.469E-16, 3.532E+02, 6.851E+01, 2.552E+02, 2.914E+01, 9.054E+01, 2.688E+02, 2.681E+00, 5.385E-01, 1.704E-01, 3.997E-01, 1.000E+00, 8.189E-01, 1.000E+00, 9.942E-01, 6.539E-01, 1.000E+00, 5.324E-01, 3.563E-03, 4.351E-03, 0.000E+00, 8.686E+01, 4.010E+01, 5.000E-03, 1.706E-02, 4.534E+01, 6.736E-03, 2.316E+00
16/06/2019,13:00,9,3.491,3.991,24.893,.407,1.900, 1.010E+03, 4.302E+01, 5.745E-04, 3.469E-16, 3.252E+02, 7.230E+01, 2.524E+02, 3.001E+01, 9.054E+01, 2.688E+02, 2.600E+00, 5.385E-01, 1.653E-01, 3.803E-01, 1.000E+00, 8.197E-01, 1.000E+00, 9.937E-01, 6.505E-01, 1.000E+00, 5.299E-01, 3.545E-03, 4.325E-03, 0.000E+00, 8.956E+01, 4.135E+01, 5.000E-03, 1.697E-02, 4.551E+01, 6.586E-03, 2.010E+00
16/06/2019,14:00,9,3.491,3.991,24.849,.403,1.906, 1.010E+03, 4.912E+01, 5.745E-04, 3.469E-16, 2.826E+02, 7.586E+01, 2.465E+02, 3.058E+01, 9.054E+01, 2.688E+02, 2.717E+00, 5.385E-01, 1.728E-01, 3.489E-01, 1.000E+00, 8.149E-01, 1.000E+00, 9.932E-01, 6.471E-01, 1.000E+00, 5.238E-01, 3.504E-03, 4.300E-03, 0.000E+00, 8.568E+01, 3.956E+01, 5.000E-03, 1.678E-02, 4.592E+01, 6.773E-03, 1.846E+00
16/06/2019,15:00,9,3.491,3.991,24.805,.400,1.912, 1.010E+03, 5.617E+01, 1.431E-04, 3.469E-16, 2.270E+02, 7.591E+01, 2.336E+02, 2.971E+01,-7.800E+00, 1.423E+02, 3.010E+00, 3.092E-01, 1.679E-01, 3.051E-01, 1.000E+00, 7.952E-01, 9.999E-01, 9.927E-01, 6.438E-01, 1.000E+00, 5.082E-01, 3.399E-03, 4.275E-03, 0.000E+00, 1.068E+02, 4.071E+01, 5.000E-03, 1.628E-02, 4.700E+01, 6.485E-03, 1.607E+00
16/06/2019,16:00,9,3.491,3.991,23.844,.484,1.551, 1.010E+03, 6.361E+01, 1.431E-04, 3.469E-16, 1.667E+02, 7.133E+01, 2.147E+02, 2.711E+01,-7.800E+00, 1.423E+02, 2.829E+00, 3.088E-01, 1.577E-01, 2.496E-01, 1.000E+00, 7.539E-01, 9.999E-01, 9.763E-01, 8.538E-01, 1.000E+00, 6.284E-01, 4.190E-03, 5.557E-03, 0.000E+00, 1.137E+02, 4.333E+01, 5.000E-03, 2.006E-02, 3.990E+01, 6.493E-03, 1.554E+00
16/06/2019,17:00,9,3.491,3.991,22.882,.567,1.225, 1.009E+03, 7.101E+01, 1.431E-04, 3.469E-16, 1.049E+02, 6.027E+01, 1.833E+02, 2.214E+01,-7.800E+00, 1.423E+02, 2.654E+00, 3.083E-01, 1.480E-01, 1.855E-01, 1.000E+00, 6.722E-01, 9.995E-01, 9.504E-01, 1.000E+00, 1.000E+00, 6.389E-01, 4.246E-03, 6.313E-03, 0.000E+00, 1.212E+02, 4.620E+01, 5.000E-03, 2.033E-02, 3.948E+01, 6.206E-03, 1.564E+00
16/06/2019,18:00,9,3.491,3.991,21.921,.651,.931, 1.009E+03, 7.802E+01, 0.000E+00, 3.469E-16, 4.651E+01, 4.135E+01, 1.265E+02, 1.445E+01,-4.356E+01, 2.422E+01, 2.488E+00, 2.963E-01, 1.047E-01, 1.189E-01, 1.000E+00, 5.130E-01, 9.945E-01, 9.151E-01, 1.000E+00, 1.000E+00, 4.694E-01, 3.109E-03, 6.028E-03, 0.000E+00, 2.270E+02, 6.529E+01, 5.000E-03, 1.489E-02, 5.029E+01, 4.398E-03, 1.665E+00
16/06/2019,19:00,9,3.491,3.991,20.561,.653,.851, 1.009E+03, 8.432E+01, 0.000E+00, 3.469E-16, 8.380E+00, 2.124E+01, 4.911E+01, 6.798E+00,-4.356E+01, 2.422E+01, 2.766E+00, 2.955E-01, 1.162E-01, 5.672E-02, 1.000E+00, 2.793E-01, 8.674E-01, 8.491E-01, 1.000E+00, 1.000E+00, 2.371E-01, 1.564E-03, 4.856E-03, 0.000E+00, 2.050E+02, 5.884E+01, 5.000E-03, 7.486E-03, 8.009E+01, 4.171E-03, 1.821E+00
16/06/2019,20:00,9,3.491,3.991,19.201,.654,.778, 1.010E+03, 8.959E+01, 0.000E+00, 3.469E-16, 2.645E-11, 1.562E+00, 0.000E+00, 0.000E+00,-4.356E+01, 2.422E+01, 3.099E+00, 2.948E-01, 1.299E-01,-9.990E+02, 1.000E+00,-9.990E+02, 0.000E+00, 0.000E+00, 0.000E+00, 1.000E+00, 0.000E+00, 0.000E+00, 0.000E+00, 0.000E+00, 1.837E+02, 5.262E+01, 5.000E-03, 0.000E+00, 2.000E+02, 2.917E-03, 1.895E+00
16/06/2019,21:00,9,3.491,3.991,17.842,.656,.710, 1.010E+03, 9.354E+01, 0.000E+00, 3.469E-16, 0.000E+00, 0.000E+00, 0.000E+00, 0.000E+00,-4.265E+01, 1.772E+01, 3.472E+00, 3.637E-01, 1.694E-01,-9.990E+02, 1.000E+00,-9.990E+02, 0.000E+00, 0.000E+00, 0.000E+00, 1.000E+00, 0.000E+00, 0.000E+00, 0.000E+00, 0.000E+00, 1.210E+02, 4.035E+01, 5.000E-03, 0.000E+00, 2.000E+02, 3.250E-03, 2.090E+00
16/06/2019,22:00,9,3.491,3.991,17.425,.696,.610, 1.010E+03, 9.591E+01, 0.000E+00, 3.469E-16, 0.000E+00, 0.000E+00, 0.000E+00, 0.000E+00,-4.265E+01, 1.772E+01, 3.228E+00, 3.635E-01, 1.574E-01,-9.990E+02, 1.000E+00,-9.990E+02, 0.000E+00, 0.000E+00, 0.000E+00, 1.000E+00, 0.000E+00, 0.000E+00, 0.000E+00, 0.000E+00, 1.303E+02, 4.342E+01, 5.000E-03, 0.000E+00, 2.000E+02, 3.166E-03, 2.034E+00
16/06/2019,23:00,9,3.491,3.991,17.008,.737,.514, 1.010E+03, 9.653E+01, 0.000E+00, 3.469E-16, 0.000E+00, 0.000E+00, 0.000E+00, 0.000E+00,-4.265E+01, 1.772E+01, 3.109E+00, 3.632E-01, 1.515E-01,-9.990E+02, 1.000E+00,-9.990E+02, 0.000E+00, 0.000E+00, 0.000E+00, 1.000E+00, 0.000E+00, 0.000E+00, 0.000E+00, 0.000E+00, 1.354E+02, 4.511E+01, 5.000E-03, 0.000E+00, 2.000E+02, 3.122E-03, 1.822E+00
17/06/2019,00:00,9,3.491,3.991,16.591,.777,.423, 1.010E+03, 9.536E+01, 1.443E-02, 3.469E-16, 0.000E+00, 0.000E+00, 0.000E+00, 0.000E+00,-3.092E+01, 7.523E+00, 3.128E+00, 4.375E-01, 1.703E-01,-9.990E+02, 1.000E+00,-9.990E+02, 0.000E+00, 0.000E+00, 0.000E+00, 1.000E+00, 0.000E+00, 0.000E+00, 0.000E+00, 0.000E+00, 1.078E+02, 4.013E+01, 5.000E-03, 0.000E+00, 2.000E+02, 3.269E-03, 1.759E+00
17/06/2019,01:00,9,3.491,3.991,16.177,.802,.367, 1.010E+03, 9.248E+01, 1.443E-02, 3.469E-16, 0.000E+00, 0.000E+00, 0.000E+00, 0.000E+00,-3.092E+01, 7.523E+00, 3.242E+00, 4.371E-01, 1.765E-01,-9.990E+02, 1.000E+00,-9.990E+02, 0.000E+00, 0.000E+00, 0.000E+00, 1.000E+00, 0.000E+00, 0.000E+00, 0.000E+00, 0.000E+00, 1.040E+02, 3.872E+01, 5.000E-03, 0.000E+00, 2.000E+02, 3.309E-03, 1.442E+00
17/06/2019,02:00,9,3.491,3.991,15.763,.826,.313, 1.010E+03, 8.809E+01, 1.443E-02, 3.469E-16, 3.548E-02, 5.870E+00, 2.302E+00, 1.770E+00,-3.092E+01, 7.523E+00, 3.364E+00, 4.368E-01, 1.831E-01, 1.911E-02, 1.000E+00, 7.061E-02, 9.035E-02, 4.654E-01, 1.000E+00, 1.000E+00, 3.286E-02, 2.131E-04, 2.727E-04, 0.000E+00, 1.003E+02, 3.733E+01, 5.000E-03, 1.020E-03, 1.661E+02, 3.779E-03, 1.014E+00
17/06/2019,03:00,9,3.491,3.991,15.349,.851,.262, 1.010E+03, 8.247E+01, 0.000E+00, 3.469E-16, 1.919E+01, 3.034E+01, 8.321E+01, 1.003E+01, 2.467E+01, 6.518E+01, 3.491E+00, 5.561E-01, 2.122E-01, 7.510E-02, 1.000E+00, 3.852E-01, 9.674E-01, 4.213E-01, 1.000E+00, 1.000E+00, 1.623E-01, 1.051E-03, 2.639E-03, 0.000E+00, 7.579E+01, 3.221E+01, 5.000E-03, 5.031E-03, 9.969E+01, 5.446E-03, 8.047E-01
17/06/2019,04:00,9,3.491,3.991,15.905,.777,.407, 1.010E+03, 7.592E+01, 0.000E+00, 3.469E-16, 6.816E+01, 5.155E+01, 1.584E+02, 1.834E+01, 2.467E+01, 6.518E+01, 3.634E+00, 5.567E-01, 2.210E-01, 1.393E-01, 1.000E+00, 5.950E-01, 9.985E-01, 4.800E-01, 1.000E+00, 1.000E+00, 2.856E-01, 1.853E-03, 3.110E-03, 0.000E+00, 7.281E+01, 3.094E+01, 5.000E-03, 8.873E-03, 7.208E+01, 6.549E-03, 8.302E-01
17/06/2019,05:00,9,3.491,3.991,16.460,.703,.561, 1.010E+03, 6.875E+01, 0.000E+00, 3.469E-16, 1.302E+02, 6.778E+01, 2.049E+02, 2.519E+01, 2.467E+01, 6.518E+01, 3.778E+00, 5.572E-01, 2.297E-01, 2.060E-01, 1.000E+00, 7.182E-01, 9.998E-01, 5.357E-01, 1.000E+00, 1.000E+00, 3.847E-01, 2.501E-03, 3.482E-03, 0.000E+00, 7.005E+01, 2.976E+01, 5.000E-03, 1.197E-02, 5.891E+01, 7.328E-03, 1.006E+00
17/06/2019,06:00,9,3.491,3.991,17.016,.629,.726, 1.010E+03, 6.129E+01, 3.530E-04, 3.469E-16, 1.963E+02, 7.757E+01, 2.341E+02, 2.975E+01, 1.634E+02, 1.987E+02, 3.923E+00, 7.559E-01, 2.451E-01, 2.679E-01, 1.000E+00, 7.846E-01, 9.999E-01, 5.882E-01, 1.000E+00, 1.000E+00, 4.615E-01, 3.006E-03, 3.831E-03, 0.000E+00, 6.240E+01, 2.789E+01, 5.000E-03, 1.439E-02, 5.157E+01, 8.083E-03, 1.093E+00
17/06/2019,07:00,9,3.491,3.991,18.180,.564,.919, 1.010E+03, 5.392E+01, 3.530E-04, 3.469E-16, 2.583E+02, 8.049E+01, 2.511E+02, 3.179E+01, 1.634E+02, 1.987E+02, 4.286E+00, 7.574E-01, 2.677E-01, 3.200E-01, 1.000E+00, 8.160E-01, 1.000E+00, 6.880E-01, 1.000E+00, 1.000E+00, 5.614E-01, 3.671E-03, 4.499E-03, 0.000E+00, 5.714E+01, 2.553E+01, 5.000E-03, 1.758E-02, 4.429E+01, 9.063E-03, 1.072E+00
17/06/2019,08:00,9,3.491,3.991,19.343,.499,1.136, 1.010E+03, 4.709E+01, 3.530E-04, 3.469E-16, 3.115E+02, 7.856E+01, 2.608E+02, 3.196E+01, 1.634E+02, 1.987E+02, 4.652E+00, 7.590E-01, 2.905E-01, 3.600E-01, 1.000E+00, 8.281E-01, 1.000E+00, 7.739E-01, 1.000E+00, 1.000E+00, 6.409E-01, 4.208E-03, 5.082E-03, 0.000E+00, 5.269E+01, 2.353E+01, 5.000E-03, 2.015E-02, 3.977E+01, 9.936E-03, 1.008E+00
17/06/2019,09:00,9,3.491,3.991,20.507,.435,1.380, 1.010E+03, 4.143E+01, 0.000E+00, 3.469E-16, 3.518E+02, 7.445E+01, 2.657E+02, 3.117E+01, 2.302E+02, 2.718E+02, 5.019E+00, 9.031E-01, 3.114E-01, 3.877E-01, 1.000E+00, 8.301E-01, 1.000E+00, 8.461E-01, 9.536E-01, 1.000E+00, 6.697E-01, 4.415E-03, 5.319E-03, 0.000E+00, 4.971E+01, 2.195E+01, 5.000E-03, 2.114E-02, 3.826E+01, 1.051E-02, 1.008E+00
17/06/2019,10:00,9,3.491,3.991,21.178,.408,1.507, 1.010E+03, 3.771E+01, 0.000E+00, 3.469E-16, 3.760E+02, 7.089E+01, 2.679E+02, 3.032E+01, 2.302E+02, 2.718E+02, 5.237E+00, 9.042E-01, 3.249E-01, 4.033E-01, 1.000E+00, 8.285E-01, 1.000E+00, 8.814E-01, 8.792E-01, 1.000E+00, 6.421E-01, 4.242E-03, 5.120E-03, 0.000E+00, 4.766E+01, 2.104E+01, 5.000E-03, 2.031E-02, 3.951E+01, 1.063E-02, 1.009E+00
17/06/2019,11:00,9,3.491,3.991,21.850,.381,1.643, 1.009E+03, 3.668E+01, 0.000E+00, 3.469E-16, 3.824E+02, 6.981E+01, 2.684E+02, 3.005E+01, 2.302E+02, 2.718E+02, 5.457E+00, 9.053E-01, 3.385E-01, 4.073E-01, 1.000E+00, 8.278E-01, 1.000E+00, 9.121E-01, 8.001E-01, 1.000E+00, 6.041E-01, 4.000E-03, 4.833E-03, 0.000E+00, 4.575E+01, 2.019E+01, 5.000E-03, 1.915E-02, 4.140E+01, 1.067E-02, 1.031E+00
17/06/2019,12:00,9,3.491,3.991,22.521,.354,1.788, 1.009E+03, 3.858E+01, 0.000E+00, 3.469E-16, 3.697E+02, 7.160E+01, 2.669E+02, 3.047E+01, 1.566E+02, 2.574E+02, 5.678E+00, 9.355E-01, 3.474E-01, 3.998E-01, 1.000E+00, 8.286E-01, 1.000E+00, 9.382E-01, 7.160E-01, 1.000E+00, 5.566E-01, 3.694E-03, 4.459E-03, 0.000E+00, 4.575E+01, 1.968E+01, 5.000E-03, 1.769E-02, 4.408E+01, 1.050E-02, 9.986E-01
17/06/2019,13:00,9,3.491,3.991,22.585,.364,1.766, 1.009E+03, 4.298E+01, 0.000E+00, 3.469E-16, 3.405E+02, 7.556E+01, 2.641E+02, 3.138E+01, 1.566E+02, 2.574E+02, 5.803E+00, 9.356E-01, 3.551E-01, 3.805E-01, 1.000E+00, 8.296E-01, 1.000E+00, 9.405E-01, 7.285E-01, 1.000E+00, 5.684E-01, 3.773E-03, 4.549E-03, 0.000E+00, 4.476E+01, 1.925E+01, 5.000E-03, 1.807E-02, 4.335E+01, 1.070E-02, 9.289E-01
17/06/2019,14:00,9,3.491,3.991,22.649,.375,1.745, 1.009E+03, 4.907E+01, 0.000E+00, 3.469E-16, 2.960E+02, 7.930E+01, 2.579E+02, 3.198E+01, 1.566E+02, 2.574E+02, 5.961E+00, 9.358E-01, 3.647E-01, 3.492E-01, 1.000E+00, 8.253E-01, 1.000E+00, 9.427E-01, 7.411E-01, 1.000E+00, 5.766E-01, 3.829E-03, 4.639E-03, 0.000E+00, 4.358E+01, 1.874E+01, 5.000E-03, 1.833E-02, 4.286E+01, 1.091E-02, 8.540E-01
17/06/2019,15:00,9,3.491,3.991,22.713,.385,1.723, 1.009E+03, 5.612E+01, 0.000E+00, 3.469E-16, 2.403E+02, 8.020E+01, 2.470E+02, 3.140E+01,-1.384E+01, 1.721E+02, 6.149E+00, 8.004E-01, 3.628E-01, 3.054E-01, 1.000E+00, 8.090E-01, 1.000E+00, 9.449E-01, 7.539E-01, 1.000E+00, 5.763E-01, 3.828E-03, 4.731E-03, 0.000E+00, 4.671E+01, 1.884E+01, 5.000E-03, 1.833E-02, 4.287E+01, 1.084E-02, 7.937E-01
17/06/2019,16:00,9,3.491,3.991,21.903,.416,1.556, 1.009E+03, 6.356E+01, 0.000E+00, 3.469E-16, 1.766E+02, 7.541E+01, 2.270E+02, 2.867E+01,-1.384E+01, 1.721E+02, 5.547E+00, 7.992E-01, 3.272E-01, 2.500E-01, 1.000E+00, 7.693E-01, 9.999E-01, 9.144E-01, 8.507E-01, 1.000E+00, 5.984E-01, 3.964E-03, 5.152E-03, 0.000E+00, 5.179E+01, 2.089E+01, 5.000E-03, 1.898E-02, 4.171E+01, 1.037E-02, 7.635E-01
17/06/2019,17:00,9,3.491,3.991,21.093,.446,1.402, 1.010E+03, 7.096E+01, 0.000E+00, 3.469E-16, 1.112E+02, 6.377E+01, 1.939E+02, 2.343E+01,-1.384E+01, 1.721E+02, 5.016E+00, 7.979E-01, 2.960E-01, 1.860E-01, 1.000E+00, 6.894E-01, 9.997E-01, 8.771E-01, 9.407E-01, 1.000E+00, 5.688E-01, 3.757E-03, 5.448E-03, 0.000E+00, 5.727E+01, 2.310E+01, 5.000E-03, 1.799E-02, 4.350E+01, 9.615E-03, 6.835E-01
17/06/2019,18:00,9,3.491,3.991,20.283,.477,1.258, 1.010E+03, 7.798E+01, 0.000E+00, 3.469E-16, 5.157E+01, 4.570E+01, 1.398E+02, 1.597E+01,-8.048E+01, 4.972E+01, 4.584E+00, 6.323E-01, 2.525E-01, 1.193E-01, 1.000E+00, 5.430E-01, 9.968E-01, 8.332E-01, 1.000E+00, 1.000E+00, 4.524E-01, 2.980E-03, 5.471E-03, 0.000E+00, 7.188E+01, 2.707E+01, 5.000E-03, 1.427E-02, 5.190E+01, 8.113E-03, 6.214E-01
17/06/2019,19:00,9,3.491,3.991,19.173,.516,1.087, 1.010E+03, 8.428E+01, 0.000E+00, 3.469E-16, 9.418E+00, 2.356E+01, 5.476E+01, 7.548E+00,-8.048E+01, 4.972E+01, 4.735E+00, 6.310E-01, 2.608E-01, 5.714E-02, 1.000E+00, 3.028E-01, 8.948E-01, 7.622E-01, 1.000E+00, 1.000E+00, 2.308E-01, 1.514E-03, 4.476E-03, 0.000E+00, 6.964E+01, 2.621E+01, 5.000E-03, 7.250E-03, 8.163E+01, 6.634E-03, 5.059E-01
17/06/2019,20:00,9,3.491,3.991,18.063,.554,.932, 1.010E+03, 8.955E+01, 0.000E+00, 3.469E-16, 2.826E-10, 1.881E+00, 0.000E+00, 0.000E+00,-8.048E+01, 4.972E+01, 4.896E+00, 6.298E-01, 2.695E-01,-9.990E+02, 1.000E+00,-9.990E+02, 0.000E+00, 0.000E+00, 0.000E+00, 1.000E+00, 0.000E+00, 0.000E+00, 0.000E+00, 0.000E+00, 6.741E+01, 2.536E+01, 5.000E-03, 0.000E+00, 2.000E+02, 3.747E-03, 5.136E-01
17/06/2019,21:00,9,3.491,3.991,16.953,.593,.793, 1.010E+03, 9.351E+01, 0.000E+00, 3.469E-16, 0.000E+00, 0.000E+00, 0.000E+00, 0.000E+00,-7.068E+01, 1.954E+01, 5.065E+00, 6.155E-01, 2.800E-01,-9.990E+02, 1.000E+00,-9.990E+02, 0.000E+00, 0.000E+00, 0.000E+00, 1.000E+00, 0.000E+00, 0.000E+00, 0.000E+00, 0.000E+00, 6.460E+01, 2.441E+01, 5.000E-03, 0.000E+00, 2.000E+02, 3.783E-03, 5.447E-01
17/06/2019,22:00,9,3.491,3.991,16.288,.641,.670, 1.011E+03, 9.588E+01, 0.000E+00, 3.469E-16, 0.000E+00, 0.000E+00, 0.000E+00, 0.000E+00,-7.068E+01, 1.954E+01, 4.791E+00, 6.147E-01, 2.648E-01,-9.990E+02, 1.000E+00,-9.990E+02, 0.000E+00, 0.000E+00, 0.000E+00, 1.000E+00, 0.000E+00, 0.000E+00, 0.000E+00, 0.000E+00, 6.833E+01, 2.581E+01, 5.000E-03, 0.000E+00, 2.000E+02, 3.731E-03, 6.088E-01
17/06/2019,23:00,9,3.491,3.991,15.622,.690,.555, 1.011E+03, 9.651E+01, 0.000E+00, 3.469E-16, 0.000E+00, 0.000E+00, 0.000E+00, 0.000E+00,-7.068E+01, 1.954E+01, 4.516E+00, 6.139E-01, 2.496E-01,-9.990E+02, 1.000E+00,-9.990E+02, 0.000E+00, 0.000E+00, 0.000E+00, 1.000E+00, 0.000E+00, 0.000E+00, 0.000E+00, 0.000E+00, 7.252E+01, 2.739E+01, 5.000E-03, 0.000E+00, 2.000E+02, 3.674E-03, 7.198E-01
18/06/2019,00:00,9,3.491,3.991,14.956,.738,.448, 1.011E+03, 9.535E+01, 0.000E+00, 3.469E-16, 0.000E+00, 0.000E+00, 0.000E+00, 0.000E+00,-5.133E+01, 1.781E+01, 4.242E+00, 5.232E-01, 2.316E-01,-9.990E+02, 1.000E+00,-9.990E+02, 0.000E+00, 0.000E+00, 0.000E+00, 1.000E+00, 0.000E+00, 0.000E+00, 0.000E+00, 0.000E+00, 7.907E+01, 2.951E+01, 5.000E-03, 0.000E+00, 2.000E+02, 3.599E-03, 8.065E-01
18/06/2019,01:00,9,3.491,3.991,14.573,.743,.429, 1.012E+03, 9.247E+01, 0.000E+00, 3.469E-16, 0.000E+00, 0.000E+00, 0.000E+00, 0.000E+00,-5.133E+01, 1.781E+01, 4.107E+00, 5.229E-01, 2.242E-01,-9.990E+02, 1.000E+00,-9.990E+02, 0.000E+00, 0.000E+00, 0.000E+00, 1.000E+00, 0.000E+00, 0.000E+00, 0.000E+00, 0.000E+00, 8.170E+01, 3.049E+01, 5.000E-03, 0.000E+00, 2.000E+02, 3.566E-03, 8.420E-01
18/06/2019,02:00,9,3.491,3.991,14.190,.747,.411, 1.012E+03, 8.809E+01, 0.000E+00, 3.469E-16, 7.903E-02, 8.010E+00, 3.601E+00, 2.417E+00,-5.133E+01, 1.781E+01, 3.972E+00, 5.225E-01, 2.168E-01, 1.912E-02, 1.000E+00, 9.547E-02, 1.377E-01, 2.884E-01, 1.000E+00, 9.777E-01, 2.692E-02, 1.736E-04, 2.504E-04, 0.000E+00, 8.450E+01, 3.153E+01, 5.000E-03, 8.314E-04, 1.715E+02, 3.927E-03, 8.182E-01
18/06/2019,03:00,9,3.491,3.991,13.807,.752,.393, 1.012E+03, 8.247E+01, 0.000E+00, 3.469E-16, 1.919E+01, 3.044E+01, 8.329E+01, 1.006E+01, 4.500E+01, 7.426E+01, 3.838E+00, 6.359E-01, 2.343E-01, 7.506E-02, 1.000E+00, 3.860E-01, 9.675E-01, 2.415E-01, 1.000E+00, 9.777E-01, 9.113E-02, 5.870E-04, 1.471E-03, 0.000E+00, 6.811E+01, 2.917E+01, 5.000E-03, 2.810E-03, 1.280E+02, 4.903E-03, 7.784E-01
18/06/2019,04:00,9,3.491,3.991,14.805,.716,.481, 1.012E+03, 7.592E+01, 0.000E+00, 3.469E-16, 6.827E+01, 5.173E+01, 1.587E+02, 1.840E+01, 4.500E+01, 7.426E+01, 4.089E+00, 6.370E-01, 2.496E-01, 1.392E-01, 1.000E+00, 5.960E-01, 9.985E-01, 3.606E-01, 1.000E+00, 9.777E-01, 2.101E-01, 1.358E-03, 2.276E-03, 0.000E+00, 6.395E+01, 2.738E+01, 5.000E-03, 6.502E-03, 8.694E+01, 6.320E-03, 7.125E-01
18/06/2019,05:00,9,3.491,3.991,15.803,.680,.578, 1.012E+03, 6.876E+01, 0.000E+00, 3.469E-16, 1.305E+02, 6.804E+01, 2.054E+02, 2.527E+01, 4.500E+01, 7.426E+01, 4.341E+00, 6.381E-01, 2.650E-01, 2.059E-01, 1.000E+00, 7.191E-01, 9.998E-01, 4.695E-01, 1.000E+00, 9.777E-01, 3.301E-01, 2.141E-03, 2.977E-03, 0.000E+00, 6.025E+01, 2.580E+01, 5.000E-03, 1.025E-02, 6.557E+01, 7.535E-03, 7.266E-01
18/06/2019,06:00,9,3.491,3.991,16.801,.644,.686, 1.012E+03, 6.130E+01, 0.000E+00, 3.469E-16, 1.961E+02, 7.757E+01, 2.339E+02, 2.975E+01, 1.899E+02, 1.669E+02, 4.594E+00, 8.659E-01, 2.844E-01, 2.678E-01, 1.000E+00, 7.846E-01, 9.999E-01, 5.682E-01, 1.000E+00, 9.777E-01, 4.359E-01, 2.837E-03, 3.616E-03, 0.000E+00, 5.466E+01, 2.403E+01, 5.000E-03, 1.358E-02, 5.381E+01, 8.610E-03, 7.836E-01
18/06/2019,07:00,9,3.491,3.991,18.414,.585,.888, 1.012E+03, 5.393E+01, 0.000E+00, 3.469E-16, 2.581E+02, 8.051E+01, 2.510E+02, 3.179E+01, 1.899E+02, 1.669E+02, 4.931E+00, 8.682E-01, 3.052E-01, 3.199E-01, 1.000E+00, 8.160E-01, 1.000E+00, 7.064E-01, 1.000E+00, 9.777E-01, 5.636E-01, 3.689E-03, 4.521E-03, 0.000E+00, 5.096E+01, 2.240E+01, 5.000E-03, 1.766E-02, 4.413E+01, 9.783E-03, 8.740E-01
18/06/2019,08:00,9,3.491,3.991,20.028,.525,1.125, 1.012E+03, 4.710E+01, 0.000E+00, 3.469E-16, 3.113E+02, 7.860E+01, 2.606E+02, 3.196E+01, 1.899E+02, 1.669E+02, 5.283E+00, 8.706E-01, 3.269E-01, 3.599E-01, 1.000E+00, 8.281E-01, 1.000E+00, 8.180E-01, 1.000E+00, 9.777E-01, 6.623E-01, 4.359E-03, 5.264E-03, 0.000E+00, 4.760E+01, 2.091E+01, 5.000E-03, 2.087E-02, 3.865E+01, 1.077E-02, 1.067E+00
18/06/2019,09:00,9,3.491,3.991,21.641,.466,1.400, 1.012E+03, 4.143E+01, 3.544E-03, 3.469E-16, 3.509E+02, 7.437E+01, 2.652E+02, 3.112E+01, 1.436E+02, 2.302E+02, 5.648E+00, 1.072E+00, 3.421E-01, 3.877E-01, 1.000E+00, 8.297E-01, 1.000E+00, 9.031E-01, 9.418E-01, 9.777E-01, 6.900E-01, 4.566E-03, 5.503E-03, 0.000E+00, 4.737E+01, 1.998E+01, 5.000E-03, 2.186E-02, 3.723E+01, 1.119E-02, 1.610E+00
18/06/2019,10:00,9,3.491,3.991,21.950,.474,1.407, 1.012E+03, 3.770E+01, 3.544E-03, 3.469E-16, 3.752E+02, 7.081E+01, 2.674E+02, 3.027E+01, 1.436E+02, 2.302E+02, 5.799E+00, 1.073E+00, 3.512E-01, 4.033E-01, 1.000E+00, 8.282E-01, 1.000E+00, 9.163E-01, 9.379E-01, 9.777E-01, 6.960E-01, 4.610E-03, 5.567E-03, 0.000E+00, 4.614E+01, 1.946E+01, 5.000E-03, 2.207E-02, 3.694E+01, 1.140E-02, 1.726E+00
18/06/2019,11:00,9,3.491,3.991,22.259,.481,1.413, 1.011E+03, 3.666E+01, 3.544E-03, 3.469E-16, 3.816E+02, 6.972E+01, 2.679E+02, 3.000E+01, 1.436E+02, 2.302E+02, 6.000E+00, 1.073E+00, 3.634E-01, 4.074E-01, 1.000E+00, 8.275E-01, 1.000E+00, 9.286E-01, 9.342E-01, 9.777E-01, 7.019E-01, 4.655E-03, 5.625E-03, 0.000E+00, 4.460E+01, 1.881E+01, 5.000E-03, 2.228E-02, 3.665E+01, 1.167E-02, 1.424E+00
18/06/2019,12:00,9,3.491,3.991,22.568,.489,1.419, 1.011E+03, 3.855E+01, 1.806E-02, 3.469E-16, 2.988E+02, 9.148E+01, 2.258E+02, 3.475E+01, 1.003E+02, 1.628E+02, 6.248E+00, 8.517E-01, 3.809E-01, 3.999E-01, 1.000E+00, 8.562E-01, 9.999E-01, 9.399E-01, 9.308E-01, 9.777E-01, 7.324E-01, 4.862E-03, 5.678E-03, 0.000E+00, 4.203E+01, 1.795E+01, 5.000E-03, 2.328E-02, 3.536E+01, 1.218E-02, 1.474E+00
18/06/2019,13:00,9,3.491,3.991,22.242,.533,1.271, 1.011E+03, 4.294E+01, 1.806E-02, 3.469E-16, 2.752E+02, 9.276E+01, 2.229E+02, 3.490E+01, 1.003E+02, 1.628E+02, 5.471E+00, 8.514E-01, 3.335E-01, 3.807E-01, 1.000E+00, 8.526E-01, 9.999E-01, 9.279E-01, 1.000E+00, 9.777E-01, 7.735E-01, 5.130E-03, 6.016E-03, 0.000E+00, 4.800E+01, 2.050E+01, 5.000E-03, 2.456E-02, 3.383E+01, 1.147E-02, 1.461E+00
18/06/2019,14:00,9,3.491,3.991,21.915,.577,1.128, 1.011E+03, 4.903E+01, 1.806E-02, 3.469E-16, 2.394E+02, 9.269E+01, 2.170E+02, 3.446E+01, 1.003E+02, 1.628E+02, 4.701E+00, 8.511E-01, 2.865E-01, 3.494E-01, 1.000E+00, 8.423E-01, 9.999E-01, 9.149E-01, 1.000E+00, 9.777E-01, 7.534E-01, 4.990E-03, 5.924E-03, 0.000E+00, 5.586E+01, 2.386E+01, 5.000E-03, 2.389E-02, 3.461E+01, 1.034E-02, 1.347E+00
18/06/2019,15:00,9,3.491,3.991,21.588,.621,.991, 1.010E+03, 5.608E+01, 2.679E-02, 3.469E-16, 1.126E+02, 1.256E+02, 1.422E+02, 4.124E+01, 5.278E+00, 9.000E+01, 3.942E+00, 6.257E-01, 2.351E-01, 3.057E-01, 1.000E+00, 8.718E-01, 9.971E-01, 9.007E-01, 1.000E+00, 9.777E-01, 7.677E-01, 5.080E-03, 5.810E-03, 0.000E+00, 7.104E+01, 2.908E+01, 5.000E-03, 2.432E-02, 3.411E+01, 9.076E-03, 1.293E+00
18/06/2019,16:00,9,3.491,3.991,21.076,.653,.877, 1.010E+03, 6.352E+01, 2.679E-02, 3.469E-16, 8.284E+01, 1.046E+02, 1.272E+02, 3.430E+01, 5.278E+00, 9.000E+01, 3.932E+00, 6.252E-01, 2.345E-01, 2.503E-01, 1.000E+00, 8.158E-01, 9.947E-01, 8.763E-01, 1.000E+00, 9.777E-01, 6.990E-01, 4.617E-03, 5.629E-03, 0.000E+00, 7.122E+01, 2.915E+01, 5.000E-03, 2.210E-02, 3.690E+01, 8.837E-03, 1.269E+00
18/06/2019,17:00,9,3.491,3.991,20.564,.686,.769, 1.010E+03, 7.092E+01, 2.679E-02, 3.469E-16, 5.224E+01, 7.804E+01, 1.054E+02, 2.549E+01, 5.278E+00, 9.000E+01, 3.976E+00, 6.248E-01, 2.371E-01, 1.863E-01, 1.000E+00, 7.124E-01, 9.869E-01, 8.492E-01, 1.000E+00, 9.777E-01, 5.916E-01, 3.900E-03, 5.403E-03, 0.000E+00, 7.042E+01, 2.882E+01, 5.000E-03, 1.867E-02, 4.224E+01, 8.500E-03, 1.293E+00
18/06/2019,18:00,9,3.491,3.991,20.052,.719,.667, 1.009E+03, 7.794E+01, 0.000E+00, 3.469E-16, 4.326E+01, 4.362E+01, 1.185E+02, 1.499E+01,-4.633E+01, 2.268E+01, 4.073E+00, 5.250E-01, 2.243E-01, 1.197E-01, 1.000E+00, 5.238E-01, 9.924E-01, 8.195E-01, 1.000E+00, 9.777E-01, 4.197E-01, 2.763E-03, 5.234E-03, 0.000E+00, 8.098E+01, 3.048E+01, 5.000E-03, 1.323E-02, 5.487E+01, 7.396E-03, 1.227E+00
18/06/2019,19:00,9,3.491,3.991,19.427,.742,.588, 1.009E+03, 8.424E+01, 0.000E+00, 3.469E-16, 8.002E+00, 2.161E+01, 4.675E+01, 6.891E+00,-4.633E+01, 2.268E+01, 4.040E+00, 5.245E-01, 2.224E-01, 5.750E-02, 1.000E+00, 2.817E-01, 8.538E-01, 7.796E-01, 1.000E+00, 9.777E-01, 2.147E-01, 1.410E-03, 4.274E-03, 0.000E+00, 8.167E+01, 3.073E+01, 5.000E-03, 6.752E-03, 8.509E+01, 6.020E-03, 1.165E+00
18/06/2019,20:00,9,3.491,3.991,18.802,.765,.514, 1.009E+03, 8.952E+01, 0.000E+00, 3.469E-16, 1.233E-09, 1.792E+00, 0.000E+00, 0.000E+00,-4.633E+01, 2.268E+01, 4.011E+00, 5.239E-01, 2.208E-01,-9.990E+02, 1.000E+00,-9.990E+02, 0.000E+00, 0.000E+00, 0.000E+00, 9.777E-01, 0.000E+00, 0.000E+00, 0.000E+00, 0.000E+00, 8.230E+01, 3.096E+01, 5.000E-03, 0.000E+00, 2.000E+02, 3.551E-03, 1.152E+00
18/06/2019,21:00,9,3.491,3.991,18.177,.789,.445, 1.009E+03, 9.348E+01, 0.000E+00, 3.469E-16, 0.000E+00, 0.000E+00, 0.000E+00, 0.000E+00,-4.339E+01, 9.581E+00, 3.986E+00, 5.025E-01, 2.184E-01,-9.990E+02, 1.000E+00,-9.990E+02, 0.000E+00, 0.000E+00, 0.000E+00, 9.777E-01, 0.000E+00, 0.000E+00, 0.000E+00, 0.000E+00, 8.358E+01, 3.130E+01, 5.000E-03, 0.000E+00, 2.000E+02, 3.539E-03, 1.215E+00
18/06/2019,22:00,9,3.491,3.991,17.815,.808,.395, 1.009E+03, 9.586E+01, 0.000E+00, 3.469E-16, 0.000E+00, 0.000E+00, 0.000E+00, 0.000E+00,-4.339E+01, 9.581E+00, 3.801E+00, 5.022E-01, 2.082E-01,-9.990E+02, 1.000E+00,-9.990E+02, 0.000E+00, 0.000E+00, 0.000E+00, 9.777E-01, 0.000E+00, 0.000E+00, 0.000E+00, 0.000E+00, 8.766E+01, 3.282E+01, 5.000E-03, 0.000E+00, 2.000E+02, 3.489E-03, 1.284E+00
18/06/2019,23:00,9,3.491,3.991,17.453,.827,.348, 1.009E+03, 9.650E+01, 0.000E+00, 3.469E-16, 0.000E+00, 0.000E+00, 0.000E+00, 0.000E+00,-4.339E+01, 9.581E+00, 3.619E+00, 5.019E-01, 1.982E-01,-9.990E+02, 1.000E+00,-9.990E+02, 0.000E+00, 0.000E+00, 0.000E+00, 9.777E-01, 0.000E+00, 0.000E+00, 0.000E+00, 0.000E+00, 9.210E+01, 3.448E+01, 5.000E-03, 0.000E+00, 2.000E+02, 3.437E-03, 1.369E+00
19/06/2019,00:00,9,3.491,3.991,17.091,.846,.302, 1.009E+03, 9.534E+01, 0.000E+00, 3.469E-16, 0.000E+00, 0.000E+00, 0.000E+00, 0.000E+00,-3.394E+01, 1.429E+01, 3.439E+00, 4.347E-01, 1.854E-01,-9.990E+02, 1.000E+00,-9.990E+02, 0.000E+00, 0.000E+00, 0.000E+00, 9.777E-01, 0.000E+00, 0.000E+00, 0.000E+00, 0.000E+00, 1.000E+02, 3.686E+01, 5.000E-03, 0.000E+00, 2.000E+02, 3.363E-03, 1.494E+00
19/06/2019,01:00,9,3.491,3.991,16.666,.883,.225, 1.009E+03, 9.247E+01, 0.000E+00, 3.469E-16, 0.000E+00, 0.000E+00, 0.000E+00, 0.000E+00,-3.394E+01, 1.429E+01, 3.261E+00, 4.344E-01, 1.758E-01,-9.990E+02, 1.000E+00,-9.990E+02, 0.000E+00, 0.000E+00, 0.000E+00, 9.777E-01, 0.000E+00, 0.000E+00, 0.000E+00, 0.000E+00, 1.055E+02, 3.888E+01, 7.082E-03, 0.000E+00, 1.412E+02, 4.100E-03, 1.587E+00
19/06/2019,02:00,9,3.491,3.991,16.242,.919,.151, 1.009E+03, 8.809E+01, 0.000E+00, 3.469E-16, 1.761E-02, 4.568E+00, 1.642E+00, 1.377E+00,-3.394E+01, 1.429E+01, 3.102E+00, 4.341E-01, 1.672E-01, 1.907E-02, 1.000E+00, 5.527E-02, 6.530E-02, 5.142E-01, 1.000E+00, 9.762E-01, 2.774E-02, 1.802E-04, 2.129E-04, 0.000E+00, 1.110E+02, 4.088E+01, 1.015E-02, 8.628E-04, 9.081E+01, 5.030E-03, 1.552E+00
19/06/2019,03:00,9,3.491,3.991,15.817,.955,.082, 1.009E+03, 8.248E+01, 1.027E-01, 3.469E-16, 6.172E+00, 2.602E+01, 3.170E+01, 8.125E+00, 2.390E+00, 6.856E+01, 2.965E+00, 4.435E-01, 1.770E-01, 7.497E-02, 1.000E+00, 3.174E-01, 7.286E-01, 4.710E-01, 1.000E+00, 9.762E-01, 1.459E-01, 9.466E-04, 2.173E-03, 0.000E+00, 9.416E+01, 3.862E+01, 1.812E-02, 4.532E-03, 4.415E+01, 6.888E-03, 1.465E+00
19/06/2019,04:00,9,3.491,3.991,16.539,.919,.154, 1.009E+03, 7.594E+01, 1.027E-01, 3.469E-16, 2.194E+01, 5.591E+01, 6.290E+01, 1.775E+01, 2.390E+00, 6.856E+01, 3.369E+00, 4.441E-01, 2.011E-01, 1.391E-01, 1.000E+00, 5.747E-01, 9.248E-01, 5.433E-01, 1.000E+00, 9.762E-01, 3.048E-01, 1.982E-03, 3.189E-03, 0.000E+00, 8.287E+01, 3.399E+01, 1.090E-02, 9.490E-03, 4.905E+01, 7.248E-03, 1.344E+00
19/06/2019,05:00,9,3.491,3.991,17.260,.883,.233, 1.009E+03, 6.877E+01, 1.027E-01, 3.469E-16, 4.195E+01, 8.690E+01, 8.565E+01, 2.772E+01, 2.390E+00, 6.856E+01, 3.780E+00, 4.447E-01, 2.256E-01, 2.057E-01, 1.000E+00, 7.399E-01, 9.705E-01, 6.103E-01, 1.000E+00, 9.762E-01, 4.408E-01, 2.874E-03, 3.769E-03, 0.000E+00, 7.387E+01, 3.029E+01, 7.007E-03, 1.376E-02, 4.816E+01, 7.849E-03, 1.401E+00
19/06/2019,06:00,9,3.491,3.991,17.981,.846,.319, 1.008E+03, 6.132E+01, 9.947E-02, 3.469E-16, 1.885E+02, 7.448E+01, 2.249E+02, 2.857E+01, 5.679E+01, 1.684E+02, 4.195E+00, 6.291E-01, 2.579E-01, 2.677E-01, 1.000E+00, 7.738E-01, 9.999E-01, 6.720E-01, 1.000E+00, 9.762E-01, 5.076E-01, 3.317E-03, 4.287E-03, 0.000E+00, 6.111E+01, 2.651E+01, 5.000E-03, 1.588E-02, 4.789E+01, 8.564E-03, 1.540E+00
19/06/2019,07:00,9,3.491,3.991,19.134,.773,.508, 1.008E+03, 5.395E+01, 9.947E-02, 3.469E-16, 2.481E+02, 7.729E+01, 2.413E+02, 3.053E+01, 5.679E+01, 1.684E+02, 4.214E+00, 6.304E-01, 2.590E-01, 3.198E-01, 1.000E+00, 8.062E-01, 1.000E+00, 7.595E-01, 1.000E+00, 9.762E-01, 5.977E-01, 3.922E-03, 4.864E-03, 0.000E+00, 6.086E+01, 2.639E+01, 5.000E-03, 1.878E-02, 4.206E+01, 9.037E-03, 1.699E+00
19/06/2019,08:00,9,3.491,3.991,20.287,.699,.724, 1.008E+03, 4.711E+01, 9.947E-02, 3.469E-16, 2.993E+02, 7.544E+01, 2.506E+02, 3.070E+01, 5.679E+01, 1.684E+02, 4.233E+00, 6.317E-01, 2.601E-01, 3.599E-01, 1.000E+00, 8.189E-01, 1.000E+00, 8.335E-01, 1.000E+00, 9.762E-01, 6.662E-01, 4.389E-03, 5.359E-03, 0.000E+00, 6.062E+01, 2.628E+01, 5.000E-03, 2.101E-02, 3.844E+01, 9.368E-03, 1.756E+00
19/06/2019,09:00,9,3.491,3.991,21.439,.626,.969, 1.008E+03, 4.143E+01, 6.963E-02, 3.469E-16, 1.423E+02, 1.583E+02, 1.461E+02, 5.122E+01, 1.658E+02, 2.308E+02, 4.251E+00, 7.296E-01, 2.668E-01, 3.876E-01, 1.000E+00, 9.246E-01, 9.975E-01, 8.939E-01, 1.000E+00, 9.762E-01, 8.068E-01, 5.335E-03, 5.756E-03, 0.000E+00, 5.682E+01, 2.562E+01, 5.000E-03, 2.554E-02, 3.274E+01, 1.011E-02, 1.743E+00
19/06/2019,10:00,9,3.491,3.991,22.214,.595,1.101, 1.008E+03, 3.770E+01, 6.963E-02, 3.469E-16, 1.521E+02, 1.631E+02, 1.489E+02, 5.275E+01, 1.658E+02, 2.308E+02, 4.140E+00, 7.307E-01, 2.598E-01, 4.034E-01, 1.000E+00, 9.310E-01, 9.978E-01, 9.269E-01, 1.000E+00, 9.762E-01, 8.424E-01, 5.585E-03, 5.986E-03, 0.000E+00, 5.837E+01, 2.631E+01, 5.000E-03, 2.674E-02, 3.151E+01, 1.005E-02, 1.736E+00
19/06/2019,11:00,9,3.491,3.991,22.989,.564,1.243, 1.007E+03, 3.664E+01, 6.963E-02, 3.469E-16, 1.547E+02, 1.642E+02, 1.496E+02, 5.313E+01, 1.658E+02, 2.308E+02, 4.050E+00, 7.317E-01, 2.541E-01, 4.074E-01, 1.000E+00, 9.325E-01, 9.979E-01, 9.537E-01, 1.000E+00, 9.762E-01, 8.682E-01, 5.772E-03, 6.176E-03, 0.000E+00, 5.969E+01, 2.690E+01, 5.000E-03, 2.763E-02, 3.064E+01, 9.988E-03, 1.996E+00
19/06/2019,12:00,9,3.491,3.991,23.764,.533,1.396, 1.007E+03, 3.853E+01, 7.832E-01, 3.469E-16, 3.646E+02, 7.041E+01, 2.630E+02, 2.998E+01, 4.779E+01, 1.823E+02, 3.982E+00, 5.134E-01, 2.482E-01, 4.000E-01, 1.000E+00, 8.252E-01, 1.000E+00, 9.745E-01, 9.443E-01, 9.762E-01, 7.413E-01, 4.941E-03, 5.988E-03, 0.000E+00, 6.189E+01, 2.754E+01, 5.000E-03, 2.366E-02, 3.490E+01, 9.416E-03, 2.187E+00
19/06/2019,13:00,9,3.491,3.991,22.866,.620,1.076, 1.007E+03, 4.291E+01, 7.832E-01, 3.469E-16, 3.359E+02, 7.432E+01, 2.602E+02, 3.088E+01, 4.779E+01, 1.823E+02, 3.606E+00, 5.127E-01, 2.248E-01, 3.809E-01, 1.000E+00, 8.261E-01, 1.000E+00, 9.499E-01, 1.000E+00, 9.762E-01, 7.661E-01, 5.091E-03, 6.162E-03, 0.000E+00, 6.832E+01, 3.041E+01, 5.000E-03, 2.437E-02, 3.405E+01, 8.868E-03, 1.385E+00
19/06/2019,14:00,9,3.491,3.991,21.968,.706,.786, 1.007E+03, 4.900E+01, 7.832E-01, 3.469E-16, 2.923E+02, 7.803E+01, 2.542E+02, 3.148E+01, 4.779E+01, 1.823E+02, 3.247E+00, 5.119E-01, 2.024E-01, 3.496E-01, 1.000E+00, 8.218E-01, 1.000E+00, 9.170E-01, 1.000E+00, 9.762E-01, 7.357E-01, 4.874E-03, 5.931E-03, 0.000E+00, 7.583E+01, 3.377E+01, 5.000E-03, 2.334E-02, 3.529E+01, 8.151E-03, 7.638E-01
19/06/2019,15:00,9,3.491,3.991,21.070,.793,.525, 1.007E+03, 5.605E+01, 1.249E-02, 3.469E-16, 1.825E+02, 9.638E+01, 1.979E+02, 3.453E+01, 6.847E+00, 9.360E+01, 2.912E+00, 4.295E-01, 1.756E-01, 3.059E-01, 1.000E+00, 8.321E-01, 9.997E-01, 8.760E-01, 1.000E+00, 9.762E-01, 7.116E-01, 4.700E-03, 5.646E-03, 0.000E+00, 9.308E+01, 3.893E+01, 5.000E-03, 2.250E-02, 3.636E+01, 7.247E-03, 5.985E-01
19/06/2019,16:00,9,3.491,3.991,20.703,.812,.465, 1.007E+03, 6.348E+01, 1.249E-02, 3.469E-16, 1.343E+02, 8.521E+01, 1.806E+02, 3.019E+01, 6.847E+00, 9.360E+01, 2.810E+00, 4.293E-01, 1.694E-01, 2.506E-01, 1.000E+00, 7.834E-01, 9.994E-01, 8.568E-01, 1.000E+00, 9.762E-01, 6.552E-01, 4.322E-03, 5.514E-03, 0.000E+00, 9.647E+01, 4.034E+01, 5.000E-03, 2.069E-02, 3.892E+01, 6.933E-03, 5.668E-01
19/06/2019,17:00,9,3.491,3.991,20.336,.831,.408, 1.007E+03, 7.089E+01, 1.249E-02, 3.469E-16, 8.480E+01, 6.791E+01, 1.532E+02, 2.367E+01, 6.847E+00, 9.360E+01, 2.708E+00, 4.290E-01, 1.633E-01, 1.866E-01, 1.000E+00, 6.925E-01, 9.982E-01, 8.363E-01, 1.000E+00, 9.762E-01, 5.654E-01, 3.725E-03, 5.369E-03, 0.000E+00, 1.001E+02, 4.186E+01, 5.000E-03, 1.783E-02, 4.380E+01, 6.533E-03, 5.774E-01
19/06/2019,18:00,9,3.491,3.991,19.970,.850,.353, 1.007E+03, 7.790E+01, 0.000E+00, 3.469E-16, 4.776E+01, 4.193E+01, 1.286E+02, 1.467E+01,-1.759E+01, 4.419E+00, 2.607E+00, 2.148E-01, 1.078E-01, 1.200E-01, 1.000E+00, 5.181E-01, 9.950E-01, 8.145E-01, 1.000E+00, 9.762E-01, 4.119E-01, 2.710E-03, 5.205E-03, 0.000E+00, 2.244E+02, 6.341E+01, 5.000E-03, 1.298E-02, 5.563E+01, 4.386E-03, 6.338E-01
19/06/2019,19:00,9,3.491,3.991,19.143,.883,.261, 1.006E+03, 8.421E+01, 0.000E+00, 3.469E-16, 8.941E+00, 2.176E+01, 5.129E+01, 6.980E+00,-1.759E+01, 4.419E+00, 2.503E+00, 2.145E-01, 1.033E-01, 5.780E-02, 1.000E+00, 2.859E-01, 8.787E-01, 7.601E-01, 1.000E+00, 9.762E-01, 2.122E-01, 1.392E-03, 4.279E-03, 0.000E+00, 2.344E+02, 6.615E+01, 6.793E-03, 6.665E-03, 7.431E+01, 3.935E-03, 7.546E-01
19/06/2019,20:00,9,3.491,3.991,18.317,.917,.177, 1.006E+03, 8.949E+01, 0.000E+00, 3.469E-16, 4.548E-09, 1.938E+00, 0.000E+00, 0.000E+00,-1.759E+01, 4.419E+00, 2.449E+00, 2.142E-01, 1.010E-01,-9.990E+02, 1.000E+00,-9.990E+02, 0.000E+00, 0.000E+00, 0.000E+00, 9.762E-01, 0.000E+00, 0.000E+00, 0.000E+00, 0.000E+00, 2.401E+02, 6.768E+01, 1.057E-02, 0.000E+00, 9.465E+01, 3.588E-03, 1.064E+00
19/06/2019,21:00,9,3.491,3.991,17.491,.950,.101, 1.006E+03, 9.346E+01, 0.000E+00, 3.469E-16, 0.000E+00, 0.000E+00, 0.000E+00, 0.000E+00,-2.424E+01,-1.141E+00, 2.450E+00, 2.294E-01, 1.000E-01,-9.990E+02, 1.000E+00,-9.990E+02, 0.000E+00, 0.000E+00, 0.000E+00, 9.762E-01, 0.000E+00, 0.000E+00, 0.000E+00, 0.000E+00, 2.516E+02, 6.835E+01, 1.644E-02, 0.000E+00, 6.081E+01, 4.040E-03, 1.701E+00
19/06/2019,22:00,9,3.491,3.991,16.745,.936,.122, 1.006E+03, 9.585E+01, 0.000E+00, 3.469E-16, 0.000E+00, 0.000E+00, 0.000E+00, 0.000E+00,-2.424E+01,-1.141E+00, 2.567E+00, 2.291E-01, 1.019E-01,-9.990E+02, 1.000E+00,-9.990E+02, 0.000E+00, 0.000E+00, 0.000E+00, 9.762E-01, 0.000E+00, 0.000E+00, 0.000E+00, 0.000E+00, 2.472E+02, 6.708E+01, 1.445E-02, 0.000E+00, 6.923E+01, 3.961E-03, 2.512E+00
19/06/2019,23:00,9,3.491,3.991,15.999,.923,.141, 1.006E+03, 9.649E+01, 0.000E+00, 3.469E-16, 0.000E+00, 0.000E+00, 0.000E+00, 0.000E+00,-2.424E+01,-1.141E+00, 2.722E+00, 2.288E-01, 1.079E-01,-9.990E+02, 1.000E+00,-9.990E+02, 0.000E+00, 0.000E+00, 0.000E+00, 9.762E-01, 0.000E+00, 0.000E+00, 0.000E+00, 0.000E+00, 2.338E+02, 6.335E+01, 1.270E-02, 0.000E+00, 7.875E+01, 3.971E-03, 3.111E+00
20/06/2019,00:00,9,3.491,3.991,15.253,.909,.158, 1.006E+03, 9.534E+01, 7.955E-06, 3.469E-16, 0.000E+00, 0.000E+00, 0.000E+00, 0.000E+00,-4.257E+01, 2.785E+01, 2.907E+00, 3.480E-01, 1.383E-01,-9.990E+02, 1.000E+00,-9.990E+02, 0.000E+00, 0.000E+00, 0.000E+00, 9.762E-01, 0.000E+00, 0.000E+00, 0.000E+00, 0.000E+00, 1.520E+02, 4.943E+01, 9.684E-03, 0.000E+00, 1.033E+02, 4.246E-03, 3.658E+00
20/06/2019,01:00,9,3.491,3.991,15.388,.890,.193, 1.006E+03, 9.247E+01, 7.955E-06, 3.469E-16, 0.000E+00, 0.000E+00, 0.000E+00, 0.000E+00,-4.257E+01, 2.785E+01, 3.032E+00, 3.482E-01, 1.443E-01,-9.990E+02, 1.000E+00,-9.990E+02, 0.000E+00, 0.000E+00, 0.000E+00, 9.762E-01, 0.000E+00, 0.000E+00, 0.000E+00, 0.000E+00, 1.457E+02, 4.738E+01, 8.372E-03, 0.000E+00, 1.194E+02, 4.062E-03, 3.830E+00
20/06/2019,02:00,9,3.491,3.991,15.523,.871,.230, 1.005E+03, 8.810E+01, 7.955E-06, 3.469E-16, 7.689E-02, 7.895E+00, 3.544E+00, 2.383E+00,-4.257E+01, 2.785E+01, 3.167E+00, 3.483E-01, 1.507E-01, 1.896E-02, 1.000E+00, 9.415E-02, 1.356E-01, 4.399E-01, 1.000E+00, 9.818E-01, 4.067E-02, 2.635E-04, 3.797E-04, 0.000E+00, 1.395E+02, 4.537E+01, 6.275E-03, 1.262E-03, 1.327E+02, 3.936E-03, 3.725E+00
20/06/2019,03:00,9,3.491,3.991,15.657,.851,.266, 1.005E+03, 8.250E+01, 7.955E-06, 3.469E-16, 1.922E+01, 3.034E+01, 8.361E+01, 1.003E+01, 1.313E+01, 9.136E+01, 3.309E+00, 4.831E-01, 2.004E-01, 7.481E-02, 1.000E+00, 3.851E-01, 9.679E-01, 4.542E-01, 1.000E+00, 9.818E-01, 1.717E-01, 1.113E-03, 2.799E-03, 0.000E+00, 8.085E+01, 3.411E+01, 5.000E-03, 5.331E-03, 9.680E+01, 5.383E-03, 3.629E+00
20/06/2019,04:00,9,3.491,3.991,17.139,.791,.412, 1.005E+03, 7.596E+01, 7.955E-06, 3.469E-16, 6.836E+01, 5.161E+01, 1.592E+02, 1.837E+01, 1.313E+01, 9.136E+01, 3.445E+00, 4.844E-01, 2.086E-01, 1.389E-01, 1.000E+00, 5.953E-01, 9.986E-01, 5.994E-01, 1.000E+00, 9.818E-01, 3.503E-01, 2.283E-03, 3.829E-03, 0.000E+00, 7.768E+01, 3.276E+01, 5.000E-03, 1.093E-02, 6.278E+01, 6.746E-03, 3.356E+00
20/06/2019,05:00,9,3.491,3.991,18.620,.730,.584, 1.005E+03, 6.879E+01, 7.955E-06, 3.469E-16, 1.307E+02, 6.790E+01, 2.059E+02, 2.524E+01, 1.313E+01, 9.136E+01, 3.587E+00, 4.857E-01, 2.172E-01, 2.055E-01, 1.000E+00, 7.187E-01, 9.998E-01, 7.221E-01, 1.000E+00, 9.818E-01, 5.095E-01, 3.337E-03, 4.643E-03, 0.000E+00, 7.463E+01, 3.147E+01, 5.000E-03, 1.598E-02, 4.767E+01, 7.707E-03, 3.229E+00
20/06/2019,06:00,9,3.491,3.991,20.102,.670,.786, 1.004E+03, 6.134E+01, 8.301E-02, 3.469E-16, 1.954E+02, 7.711E+01, 2.333E+02, 2.959E+01, 1.307E+02, 2.066E+02, 3.735E+00, 7.092E-01, 2.331E-01, 2.675E-01, 1.000E+00, 7.831E-01, 9.999E-01, 8.225E-01, 1.000E+00, 9.818E-01, 6.324E-01, 4.163E-03, 5.316E-03, 0.000E+00, 6.572E+01, 2.933E+01, 5.000E-03, 1.993E-02, 4.011E+01, 8.621E-03, 3.079E+00
20/06/2019,07:00,9,3.491,3.991,21.440,.626,.968, 1.004E+03, 5.397E+01, 8.301E-02, 3.469E-16, 2.573E+02, 8.002E+01, 2.503E+02, 3.162E+01, 1.307E+02, 2.066E+02, 4.152E+00, 7.110E-01, 2.591E-01, 3.197E-01, 1.000E+00, 8.147E-01, 1.000E+00, 8.939E-01, 1.000E+00, 9.818E-01, 7.150E-01, 4.729E-03, 5.804E-03, 0.000E+00, 5.916E+01, 2.638E+01, 5.000E-03, 2.264E-02, 3.618E+01, 9.574E-03, 2.952E+00
20/06/2019,08:00,9,3.491,3.991,22.779,.582,1.176, 1.003E+03, 4.713E+01, 8.301E-02, 3.469E-16, 3.105E+02, 7.808E+01, 2.600E+02, 3.179E+01, 1.307E+02, 2.066E+02, 4.597E+00, 7.128E-01, 2.868E-01, 3.598E-01, 1.000E+00, 8.268E-01, 1.000E+00, 9.471E-01, 1.000E+00, 9.818E-01, 7.688E-01, 5.108E-03, 6.177E-03, 0.000E+00, 5.347E+01, 2.384E+01, 5.000E-03, 2.445E-02, 3.395E+01, 1.046E-02, 2.595E+00
20/06/2019,09:00,9,3.491,3.991,24.118,.538,1.411, 1.003E+03, 4.145E+01, 2.287E-02, 3.469E-16, 3.522E+02, 7.428E+01, 2.661E+02, 3.113E+01, 1.498E+02, 2.530E+02, 5.063E+00, 7.696E-01, 3.147E-01, 3.876E-01, 1.000E+00, 8.298E-01, 1.000E+00, 9.819E-01, 9.353E-01, 9.818E-01, 7.482E-01, 4.993E-03, 6.017E-03, 0.000E+00, 4.901E+01, 2.172E+01, 5.000E-03, 2.390E-02, 3.460E+01, 1.101E-02, 2.418E+00
20/06/2019,10:00,9,3.491,3.991,24.835,.507,1.573, 1.002E+03, 3.770E+01, 2.287E-02, 3.469E-16, 3.767E+02, 7.068E+01, 2.683E+02, 3.027E+01, 1.498E+02, 2.530E+02, 4.863E+00, 7.708E-01, 3.023E-01, 4.033E-01, 1.000E+00, 8.282E-01, 1.000E+00, 9.931E-01, 8.413E-01, 9.818E-01, 6.794E-01, 4.544E-03, 5.487E-03, 0.000E+00, 5.105E+01, 2.261E+01, 5.000E-03, 2.176E-02, 3.737E+01, 1.042E-02, 2.258E+00
20/06/2019,11:00,9,3.491,3.991,25.552,.477,1.745, 1.002E+03, 3.664E+01, 2.287E-02, 3.469E-16, 3.833E+02, 6.955E+01, 2.688E+02, 2.999E+01, 1.498E+02, 2.530E+02, 4.669E+00, 7.719E-01, 2.902E-01, 4.075E-01, 1.000E+00, 8.274E-01, 1.000E+00, 9.990E-01, 7.408E-01, 9.818E-01, 6.011E-01, 4.031E-03, 4.872E-03, 0.000E+00, 5.319E+01, 2.356E+01, 5.000E-03, 1.930E-02, 4.115E+01, 9.787E-03, 1.918E+00
20/06/2019,12:00,9,3.491,3.991,26.270,.446,1.930, 1.001E+03, 3.851E+01, 1.243E-01, 3.469E-16, 4.429E+01, 1.577E+02, 7.687E+01, 4.857E+01, 3.357E+01, 1.560E+02, 4.481E+00, 6.480E-01, 2.717E-01, 4.001E-01, 1.000E+00, 9.017E-01, 9.576E-01, 9.996E-01, 6.333E-01, 9.818E-01, 5.605E-01, 3.767E-03, 4.001E-03, 0.000E+00, 5.950E+01, 2.516E+01, 5.000E-03, 1.804E-02, 4.341E+01, 9.174E-03, 1.691E+00
20/06/2019,13:00,9,3.491,3.991,24.971,.549,1.452, 1.001E+03, 4.289E+01, 1.243E-01, 3.469E-16, 4.082E+01, 1.497E+02, 7.399E+01, 4.613E+01, 3.357E+01, 1.560E+02, 4.033E+00, 6.466E-01, 2.446E-01, 3.810E-01, 1.000E+00, 8.890E-01, 9.523E-01, 9.946E-01, 9.116E-01, 9.818E-01, 7.914E-01, 5.296E-03, 5.673E-03, 0.000E+00, 6.609E+01, 2.795E+01, 5.000E-03, 2.536E-02, 3.294E+01, 9.451E-03, 1.482E+00
20/06/2019,14:00,9,3.491,3.991,23.673,.652,1.035, 1.001E+03, 4.897E+01, 1.243E-01, 3.469E-16, 3.553E+01, 1.365E+02, 6.915E+01, 4.209E+01, 3.357E+01, 1.560E+02, 3.616E+00, 6.452E-01, 2.193E-01, 3.497E-01, 1.000E+00, 8.645E-01, 9.418E-01, 9.724E-01, 1.000E+00, 9.818E-01, 8.253E-01, 5.499E-03, 5.991E-03, 0.000E+00, 7.369E+01, 3.117E+01, 5.000E-03, 2.633E-02, 3.192E+01, 8.835E-03, 1.494E+00
20/06/2019,15:00,9,3.491,3.991,22.374,.755,.672, 1.001E+03, 5.602E+01, 8.018E-01, 3.469E-16, 2.397E+02, 7.938E+01, 2.456E+02, 3.112E+01,-2.612E+00, 1.022E+02, 3.241E+00, 4.813E-01, 1.914E-01, 3.061E-01, 1.000E+00, 8.071E-01, 1.000E+00, 9.329E-01, 1.000E+00, 9.818E-01, 7.392E-01, 4.904E-03, 6.076E-03, 0.000E+00, 8.849E+01, 3.572E+01, 5.000E-03, 2.348E-02, 3.511E+01, 7.771E-03, 1.272E+00
20/06/2019,16:00,9,3.491,3.991,21.521,.812,.490, 1.001E+03, 6.345E+01, 8.018E-01, 3.469E-16, 1.766E+02, 7.475E+01, 2.260E+02, 2.846E+01,-2.612E+00, 1.022E+02, 2.951E+00, 4.806E-01, 1.743E-01, 2.509E-01, 1.000E+00, 7.676E-01, 9.999E-01, 8.976E-01, 1.000E+00, 9.818E-01, 6.765E-01, 4.475E-03, 5.829E-03, 0.000E+00, 9.717E+01, 3.922E+01, 5.000E-03, 2.143E-02, 3.784E+01, 7.113E-03, 9.493E-01
20/06/2019,17:00,9,3.491,3.991,20.668,.869,.324, 1.001E+03, 7.086E+01, 8.018E-01, 3.469E-16, 1.117E+02, 6.335E+01, 1.936E+02, 2.332E+01,-2.612E+00, 1.022E+02, 2.884E+00, 4.799E-01, 1.703E-01, 1.869E-01, 1.000E+00, 6.883E-01, 9.997E-01, 8.549E-01, 1.000E+00, 9.818E-01, 5.778E-01, 3.811E-03, 5.535E-03, 0.000E+00, 9.945E+01, 4.014E+01, 5.388E-03, 1.825E-02, 4.231E+01, 6.782E-03, 8.660E-01
20/06/2019,18:00,9,3.491,3.991,19.814,.925,.175, 1.001E+03, 7.788E+01, 2.940E-02, 3.469E-16, 5.274E+01, 4.593E+01, 1.417E+02, 1.609E+01,-2.507E+01, 1.946E+01, 3.054E+00, 3.439E-01, 1.573E-01, 1.203E-01, 1.000E+00, 5.457E-01, 9.971E-01, 8.048E-01, 1.000E+00, 9.818E-01, 4.312E-01, 2.836E-03, 5.181E-03, 0.000E+00, 1.233E+02, 4.344E+01, 1.286E-02, 1.358E-02, 3.783E+01, 6.532E-03, 5.885E-01
20/06/2019,19:00,9,3.491,3.991,19.216,.944,.125, 1.001E+03, 8.419E+01, 2.940E-02, 3.469E-16, 9.996E+00, 2.389E+01, 5.701E+01, 7.672E+00,-2.507E+01, 1.946E+01, 3.000E+00, 3.436E-01, 1.545E-01, 5.803E-02, 1.000E+00, 3.074E-01, 9.041E-01, 7.652E-01, 1.000E+00, 9.818E-01, 2.309E-01, 1.516E-03, 4.458E-03, 0.000E+00, 1.256E+02, 4.424E+01, 1.599E-02, 7.256E-03, 4.302E+01, 6.235E-03, 4.909E-01
20/06/2019,20:00,9,3.491,3.991,18.617,.964,.079, 1.001E+03, 8.947E+01, 2.940E-02, 3.469E-16, 1.220E-08, 2.200E+00, 0.000E+00, 0.000E+00,-2.507E+01, 1.946E+01, 2.949E+00, 3.432E-01, 1.518E-01,-9.990E+02, 1.000E+00,-9.990E+02, 0.000E+00, 0.000E+00, 0.000E+00, 9.818E-01, 0.000E+00, 0.000E+00, 0.000E+00, 0.000E+00, 1.279E+02, 4.503E+01, 1.989E-02, 0.000E+00, 5.027E+01, 5.891E-03, 5.524E-01
20/06/2019,21:00,9,3.491,3.991,18.018,.983,.036, 1.001E+03, 9.345E+01, 0.000E+00, 3.469E-16, 0.000E+00, 0.000E+00, 0.000E+00, 0.000E+00,-2.857E+01,-4.847E+00, 2.900E+00, 3.609E-01, 1.497E-01,-9.990E+02, 1.000E+00,-9.990E+02, 0.000E+00, 0.000E+00, 0.000E+00, 9.818E-01, 0.000E+00, 0.000E+00, 0.000E+00, 0.000E+00, 1.294E+02, 4.566E+01, 2.673E-02, 0.000E+00, 3.741E+01, 6.308E-03, 7.168E-01
20/06/2019,22:00,9,3.491,3.991,17.547,.980,.040, 1.001E+03, 9.584E+01, 0.000E+00, 3.469E-16, 0.000E+00, 0.000E+00, 0.000E+00, 0.000E+00,-2.857E+01,-4.847E+00, 3.084E+00, 3.606E-01, 1.592E-01,-9.990E+02, 1.000E+00,-9.990E+02, 0.000E+00, 0.000E+00, 0.000E+00, 9.818E-01, 0.000E+00, 0.000E+00, 0.000E+00, 0.000E+00, 1.217E+02, 4.295E+01, 2.695E-02, 0.000E+00, 3.711E+01, 6.621E-03, 8.211E-01
20/06/2019,23:00,9,3.491,3.991,17.076,.977,.045, 1.002E+03, 9.649E+01, 0.000E+00, 3.469E-16, 0.000E+00, 0.000E+00, 0.000E+00, 0.000E+00,-2.857E+01,-4.847E+00, 3.290E+00, 3.603E-01, 1.698E-01,-9.990E+02, 1.000E+00,-9.990E+02, 0.000E+00, 0.000E+00, 0.000E+00, 9.818E-01, 0.000E+00, 0.000E+00, 0.000E+00, 0.000E+00, 1.142E+02, 4.026E+01, 2.355E-02, 0.000E+00, 4.246E+01, 6.699E-03, 8.520E-01
21/06/2019,00:00,9,3.491,3.991,16.605,.975,.048, 1.002E+03, 9.534E+01, 3.725E-05, 3.469E-16, 0.000E+00, 0.000E+00, 0.000E+00, 0.000E+00,-2.810E+01, 8.368E+00, 3.516E+00, 4.322E-01, 1.923E-01,-9.990E+02, 1.000E+00,-9.990E+02, 0.000E+00, 0.000E+00, 0.000E+00, 9.818E-01, 0.000E+00, 0.000E+00, 0.000E+00, 0.000E+00, 9.510E+01, 3.555E+01, 2.565E-02, 0.000E+00, 3.899E+01, 7.532E-03, 8.714E-01
21/06/2019,01:00,9,3.491,3.991,16.111,.962,.070, 1.002E+03, 9.249E+01, 3.725E-05, 3.469E-16, 0.000E+00, 0.000E+00, 0.000E+00, 0.000E+00,-2.810E+01, 8.368E+00, 3.479E+00, 4.318E-01, 1.902E-01,-9.990E+02, 1.000E+00,-9.990E+02, 0.000E+00, 0.000E+00, 0.000E+00, 9.818E-01, 0.000E+00, 0.000E+00, 0.000E+00, 0.000E+00, 9.616E+01, 3.594E+01, 2.244E-02, 0.000E+00, 4.457E+01, 7.175E-03, 8.801E-01
21/06/2019,02:00,9,3.491,3.991,15.617,.950,.090, 1.003E+03, 8.812E+01, 3.725E-05, 3.469E-16, 7.365E-02, 7.867E+00, 3.497E+00, 2.374E+00,-2.810E+01, 8.368E+00, 3.451E+00, 4.313E-01, 1.886E-01, 1.878E-02, 1.000E+00, 9.379E-02, 1.340E-01, 4.499E-01, 1.000E+00, 9.767E-01, 4.122E-02, 2.672E-04, 3.817E-04, 0.000E+00, 9.699E+01, 3.624E+01, 1.702E-02, 1.279E-03, 5.463E+01, 6.656E-03, 8.992E-01
21/06/2019,03:00,9,3.491,3.991,15.122,.937,.108, 1.003E+03, 8.252E+01, 0.000E+00, 3.469E-16, 1.810E+01, 2.864E+01, 7.897E+01, 9.463E+00, 5.869E+01, 6.609E+01, 3.431E+00, 6.113E-01, 2.117E-01, 7.459E-02, 1.000E+00, 3.701E-01, 9.611E-01, 3.963E-01, 1.000E+00, 9.767E-01, 1.432E-01, 9.269E-04, 2.407E-03, 0.000E+00, 7.396E+01, 3.229E+01, 1.491E-02, 4.438E-03, 5.170E+01, 7.378E-03, 8.563E-01
21/06/2019,04:00,9,3.491,3.991,15.647,.874,.226, 1.004E+03, 7.598E+01, 0.000E+00, 3.469E-16, 6.455E+01, 4.877E+01, 1.506E+02, 1.736E+01, 5.869E+01, 6.609E+01, 3.593E+00, 6.118E-01, 2.216E-01, 1.387E-01, 1.000E+00, 5.779E-01, 9.980E-01, 4.531E-01, 1.000E+00, 9.767E-01, 2.558E-01, 1.658E-03, 2.863E-03, 0.000E+00, 7.065E+01, 3.085E+01, 6.259E-03, 7.939E-03, 7.043E+01, 6.644E-03, 8.318E-01
21/06/2019,05:00,9,3.491,3.991,16.172,.811,.351, 1.004E+03, 6.882E+01, 0.000E+00, 3.469E-16, 1.235E+02, 6.422E+01, 1.948E+02, 2.387E+01, 5.869E+01, 6.609E+01, 3.757E+00, 6.123E-01, 2.317E-01, 2.053E-01, 1.000E+00, 7.022E-01, 9.997E-01, 5.071E-01, 1.000E+00, 9.767E-01, 3.478E-01, 2.259E-03, 3.216E-03, 0.000E+00, 6.758E+01, 2.950E+01, 5.000E-03, 1.082E-02, 6.323E+01, 7.152E-03, 8.892E-01
21/06/2019,06:00,9,3.491,3.991,16.696,.747,.484, 1.004E+03, 6.137E+01, 3.725E-05, 3.469E-16, 1.839E+02, 7.263E+01, 2.198E+02, 2.787E+01, 1.917E+02, 1.522E+02, 3.923E+00, 7.712E-01, 2.461E-01, 2.673E-01, 1.000E+00, 7.671E-01, 9.999E-01, 5.584E-01, 1.000E+00, 9.767E-01, 4.183E-01, 2.722E-03, 3.548E-03, 0.000E+00, 6.168E+01, 2.778E+01, 5.000E-03, 1.303E-02, 5.546E+01, 7.861E-03, 9.761E-01
21/06/2019,07:00,9,3.491,3.991,17.612,.680,.649, 1.004E+03, 5.399E+01, 3.725E-05, 3.469E-16, 2.422E+02, 7.541E+01, 2.358E+02, 2.979E+01, 1.917E+02, 1.522E+02, 4.289E+00, 7.723E-01, 2.690E-01, 3.195E-01, 1.000E+00, 8.001E-01, 9.999E-01, 6.410E-01, 1.000E+00, 9.767E-01, 5.010E-01, 3.270E-03, 4.086E-03, 0.000E+00, 5.645E+01, 2.541E+01, 5.000E-03, 1.566E-02, 4.841E+01, 8.767E-03, 1.080E+00
21/06/2019,08:00,9,3.491,3.991,18.528,.614,.832, 1.005E+03, 4.715E+01, 3.725E-05, 3.469E-16, 2.923E+02, 7.361E+01, 2.449E+02, 2.996E+01, 1.917E+02, 1.522E+02, 4.656E+00, 7.734E-01, 2.919E-01, 3.597E-01, 1.000E+00, 8.133E-01, 1.000E+00, 7.151E-01, 1.000E+00, 9.767E-01, 5.680E-01, 3.719E-03, 4.573E-03, 0.000E+00, 5.203E+01, 2.342E+01, 5.000E-03, 1.781E-02, 4.385E+01, 9.584E-03, 1.204E+00
21/06/2019,09:00,9,3.491,3.991,19.444,.547,1.034, 1.005E+03, 4.147E+01, 3.725E-05, 3.469E-16, 3.519E+02, 7.434E+01, 2.659E+02, 3.114E+01, 2.526E+02, 2.263E+02, 5.022E+00, 9.164E-01, 3.122E-01, 3.875E-01, 1.000E+00, 8.298E-01, 1.000E+00, 7.807E-01, 1.000E+00, 9.767E-01, 6.327E-01, 4.156E-03, 5.008E-03, 0.000E+00, 4.942E+01, 2.189E+01, 5.000E-03, 1.990E-02, 4.016E+01, 1.032E-02, 1.365E+00
21/06/2019,10:00,9,3.491,3.991,20.074,.509,1.166, 1.005E+03, 3.771E+01, 3.725E-05, 3.469E-16, 3.763E+02, 7.075E+01, 2.681E+02, 3.028E+01, 2.526E+02, 2.263E+02, 5.422E+00, 9.174E-01, 3.370E-01, 4.033E-01, 1.000E+00, 8.283E-01, 1.000E+00, 8.208E-01, 1.000E+00, 9.767E-01, 6.640E-01, 4.371E-03, 5.277E-03, 0.000E+00, 4.579E+01, 2.028E+01, 5.000E-03, 2.093E-02, 3.857E+01, 1.098E-02, 1.444E+00
21/06/2019,11:00,9,3.491,3.991,20.704,.472,1.306, 1.005E+03, 3.664E+01, 3.725E-05, 3.469E-16, 3.829E+02, 6.963E+01, 2.686E+02, 3.000E+01, 2.526E+02, 2.263E+02, 5.824E+00, 9.184E-01, 3.620E-01, 4.075E-01, 1.000E+00, 8.275E-01, 1.000E+00, 8.569E-01, 9.964E-01, 9.767E-01, 6.900E-01, 4.552E-03, 5.501E-03, 0.000E+00, 4.265E+01, 1.888E+01, 5.000E-03, 2.179E-02, 3.732E+01, 1.159E-02, 1.424E+00
21/06/2019,12:00,9,3.491,3.991,21.334,.434,1.456, 1.005E+03, 3.851E+01, 3.725E-05, 3.469E-16, 3.714E+02, 7.156E+01, 2.678E+02, 3.049E+01, 1.715E+02, 2.536E+02, 6.227E+00, 1.044E+00, 3.790E-01, 4.001E-01, 1.000E+00, 8.288E-01, 1.000E+00, 8.889E-01, 9.091E-01, 9.767E-01, 6.541E-01, 4.324E-03, 5.218E-03, 0.000E+00, 4.235E+01, 1.803E+01, 5.000E-03, 2.070E-02, 3.890E+01, 1.164E-02, 1.335E+00
21/06/2019,13:00,9,3.491,3.991,21.198,.413,1.497, 1.005E+03, 4.287E+01, 3.725E-05, 3.469E-16, 3.423E+02, 7.554E+01, 2.649E+02, 3.141E+01, 1.715E+02, 2.536E+02, 6.416E+00, 1.043E+00, 3.905E-01, 3.810E-01, 1.000E+00, 8.299E-01, 1.000E+00, 8.823E-01, 8.852E-01, 9.767E-01, 6.331E-01, 4.183E-03, 5.041E-03, 0.000E+00, 4.110E+01, 1.750E+01, 5.000E-03, 2.003E-02, 3.996E+01, 1.169E-02, 1.160E+00
21/06/2019,14:00,9,3.491,3.991,21.062,.392,1.537, 1.005E+03, 4.895E+01, 3.725E-05, 3.469E-16, 2.980E+02, 7.934E+01, 2.589E+02, 3.203E+01, 1.715E+02, 2.536E+02, 6.631E+00, 1.043E+00, 4.036E-01, 3.498E-01, 1.000E+00, 8.258E-01, 1.000E+00, 8.756E-01, 8.617E-01, 9.767E-01, 6.086E-01, 4.020E-03, 4.867E-03, 0.000E+00, 3.977E+01, 1.693E+01, 5.000E-03, 1.924E-02, 4.125E+01, 1.171E-02, 9.539E-01
21/06/2019,15:00,9,3.491,3.991,20.927,.371,1.577, 1.005E+03, 5.599E+01, 3.725E-05, 3.469E-16, 2.417E+02, 8.015E+01, 2.475E+02, 3.141E+01, 1.071E+01, 1.689E+02, 6.870E+00, 8.814E-01, 4.092E-01, 3.063E-01, 1.000E+00, 8.094E-01, 1.000E+00, 8.687E-01, 8.388E-01, 9.767E-01, 5.760E-01, 3.803E-03, 4.698E-03, 0.000E+00, 4.090E+01, 1.670E+01, 5.000E-03, 1.821E-02, 4.309E+01, 1.152E-02, 7.375E-01
21/06/2019,16:00,9,3.491,3.991,19.900,.403,1.404, 1.005E+03, 6.343E+01, 3.725E-05, 3.469E-16, 1.780E+02, 7.549E+01, 2.278E+02, 2.873E+01, 1.071E+01, 1.689E+02, 6.169E+00, 8.797E-01, 3.675E-01, 2.511E-01, 1.000E+00, 7.702E-01, 9.999E-01, 8.102E-01, 9.396E-01, 9.767E-01, 5.726E-01, 3.767E-03, 4.891E-03, 0.000E+00, 4.554E+01, 1.860E+01, 5.000E-03, 1.804E-02, 4.341E+01, 1.086E-02, 5.896E-01
21/06/2019,17:00,9,3.491,3.991,18.873,.434,1.245, 1.005E+03, 7.084E+01, 3.725E-05, 3.469E-16, 1.126E+02, 6.400E+01, 1.950E+02, 2.354E+01, 1.071E+01, 1.689E+02, 5.478E+00, 8.781E-01, 3.263E-01, 1.871E-01, 1.000E+00, 6.913E-01, 9.997E-01, 7.409E-01, 1.000E+00, 9.767E-01, 5.002E-01, 3.279E-03, 4.742E-03, 0.000E+00, 5.128E+01, 2.095E+01, 5.000E-03, 1.570E-02, 4.831E+01, 9.697E-03, 5.062E-01
21/06/2019,18:00,9,3.491,3.991,17.847,.466,1.101, 1.005E+03, 7.786E+01, 3.725E-05, 3.469E-16, 5.271E+01, 4.604E+01, 1.414E+02, 1.612E+01,-6.628E+01, 5.114E+01, 4.802E+00, 6.204E-01, 2.670E-01, 1.205E-01, 1.000E+00, 5.464E-01, 9.970E-01, 6.608E-01, 1.000E+00, 9.767E-01, 3.526E-01, 2.304E-03, 4.204E-03, 0.000E+00, 6.738E+01, 2.560E+01, 5.000E-03, 1.103E-02, 6.239E+01, 7.703E-03, 4.802E-01
21/06/2019,19:00,9,3.491,3.991,16.639,.507,.941, 1.006E+03, 8.417E+01, 3.725E-05, 3.469E-16, 9.993E+00, 2.397E+01, 5.688E+01, 7.697E+00,-6.628E+01, 5.114E+01, 4.660E+00, 6.190E-01, 2.589E-01, 5.820E-02, 1.000E+00, 3.082E-01, 9.036E-01, 5.530E-01, 1.000E+00, 9.767E-01, 1.664E-01, 1.083E-03, 3.175E-03, 0.000E+00, 6.950E+01, 2.640E+01, 5.000E-03, 5.184E-03, 9.820E+01, 5.962E-03, 4.711E-01
21/06/2019,20:00,9,3.491,3.991,15.432,.548,.798, 1.006E+03, 8.946E+01, 3.725E-05, 3.469E-16, 1.796E-08, 2.254E+00, 0.000E+00, 0.000E+00,-6.628E+01, 5.114E+01, 4.519E+00, 6.176E-01, 2.510E-01,-9.990E+02, 1.000E+00,-9.990E+02, 0.000E+00, 0.000E+00, 0.000E+00, 9.767E-01, 0.000E+00, 0.000E+00, 0.000E+00, 0.000E+00, 7.173E+01, 2.723E+01, 5.000E-03, 0.000E+00, 2.000E+02, 3.680E-03, 5.000E-01
21/06/2019,21:00,9,3.491,3.991,14.225,.589,.671, 1.007E+03, 9.344E+01, 3.725E-05, 3.469E-16, 0.000E+00, 0.000E+00, 0.000E+00, 0.000E+00,-5.857E+01, 2.317E+01, 4.380E+00, 6.036E-01, 2.441E-01,-9.990E+02, 1.000E+00,-9.990E+02, 0.000E+00, 0.000E+00, 0.000E+00, 9.767E-01, 0.000E+00, 0.000E+00, 0.000E+00, 0.000E+00, 7.349E+01, 2.800E+01, 5.000E-03, 0.000E+00, 2.000E+02, 3.653E-03, 5.764E-01
21/06/2019,22:00,9,3.491,3.991,13.606,.618,.598, 1.007E+03, 9.584E+01, 3.725E-05, 3.469E-16, 0.000E+00, 0.000E+00, 0.000E+00, 0.000E+00,-5.857E+01, 2.317E+01, 4.458E+00, 6.029E-01, 2.484E-01,-9.990E+02, 1.000E+00,-9.990E+02, 0.000E+00, 0.000E+00, 0.000E+00, 9.767E-01, 0.000E+00, 0.000E+00, 0.000E+00, 0.000E+00, 7.223E+01, 2.751E+01, 5.000E-03, 0.000E+00, 2.000E+02, 3.670E-03, 6.575E-01
21/06/2019,23:00,9,3.491,3.991,12.986,.648,.529, 1.007E+03, 9.650E+01, 3.725E-05, 3.469E-16, 0.000E+00, 0.000E+00, 0.000E+00, 0.000E+00,-5.857E+01, 2.317E+01, 4.536E+00, 6.023E-01, 2.527E-01,-9.990E+02, 1.000E+00,-9.990E+02, 0.000E+00, 0.000E+00, 0.000E+00, 9.767E-01, 0.000E+00, 0.000E+00, 0.000E+00, 0.000E+00, 7.101E+01, 2.705E+01, 5.000E-03, 0.000E+00, 2.000E+02, 3.687E-03, 7.352E-01
22/06/2019,00:00,9,3.491,3.991,12.367,.678,.465, 1.007E+03, 9.536E+01, 2.456E-05, 3.469E-16, 0.000E+00, 0.000E+00, 0.000E+00, 0.000E+00,-4.444E+01, 2.071E+01, 4.615E+00, 6.542E-01, 2.638E-01,-9.990E+02, 1.000E+00,-9.990E+02, 0.000E+00, 0.000E+00, 0.000E+00, 9.767E-01, 0.000E+00, 0.000E+00, 0.000E+00, 0.000E+00, 6.633E+01, 2.591E+01, 5.000E-03, 0.000E+00, 2.000E+02, 3.730E-03, 7.914E-01
22/06/2019,01:00,9,3.491,3.991,12.103,.709,.412, 1.007E+03, 9.251E+01, 2.456E-05, 3.469E-16, 0.000E+00, 0.000E+00, 0.000E+00, 0.000E+00,-4.444E+01, 2.071E+01, 4.652E+00, 6.538E-01, 2.659E-01,-9.990E+02, 1.000E+00,-9.990E+02, 0.000E+00, 0.000E+00, 0.000E+00, 9.767E-01, 0.000E+00, 0.000E+00, 0.000E+00, 0.000E+00, 6.580E+01, 2.571E+01, 5.000E-03, 0.000E+00, 2.000E+02, 3.738E-03, 7.969E-01
22/06/2019,02:00,9,3.491,3.991,11.840,.741,.361, 1.007E+03, 8.815E+01, 2.456E-05, 3.469E-16, 6.593E-02, 7.766E+00, 3.362E+00, 2.343E+00,-4.444E+01, 2.071E+01, 4.690E+00, 6.534E-01, 2.681E-01, 1.854E-02, 1.000E+00, 9.257E-02, 1.291E-01, 1.000E-02, 1.000E+00, 9.599E-01, 8.886E-04, 5.685E-06, 8.262E-06, 0.000E+00, 6.527E+01, 2.550E+01, 5.000E-03, 2.722E-05, 1.989E+02, 3.761E-03, 7.510E-01
22/06/2019,03:00,9,3.491,3.991,11.576,.772,.312, 1.008E+03, 8.255E+01, 2.456E-05, 3.469E-16, 1.884E+01, 3.016E+01, 8.257E+01, 9.956E+00, 6.033E+01, 6.712E+01, 4.730E+00, 7.683E-01, 2.872E-01, 7.431E-02, 1.000E+00, 3.829E-01, 9.665E-01, 1.000E-02, 1.000E+00, 9.599E-01, 3.675E-03, 2.349E-05, 6.178E-05, 0.000E+00, 5.616E+01, 2.380E+01, 5.000E-03, 1.125E-04, 1.956E+02, 3.881E-03, 6.931E-01
22/06/2019,04:00,9,3.491,3.991,12.669,.734,.392, 1.008E+03, 7.601E+01, 2.456E-05, 3.469E-16, 6.772E+01, 5.147E+01, 1.584E+02, 1.830E+01, 6.033E+01, 6.712E+01, 4.864E+00, 7.696E-01, 2.953E-01, 1.384E-01, 1.000E+00, 5.939E-01, 9.985E-01, 9.323E-02, 1.000E+00, 9.599E-01, 5.315E-02, 3.410E-04, 5.734E-04, 0.000E+00, 5.463E+01, 2.315E+01, 5.000E-03, 1.633E-03, 1.508E+02, 4.737E-03, 6.307E-01
22/06/2019,05:00,9,3.491,3.991,13.761,.695,.483, 1.008E+03, 6.885E+01, 2.456E-05, 3.469E-16, 1.299E+02, 6.783E+01, 2.053E+02, 2.520E+01, 6.033E+01, 6.712E+01, 5.028E+00, 7.710E-01, 3.052E-01, 2.050E-01, 1.000E+00, 7.179E-01, 9.998E-01, 2.357E-01, 1.000E+00, 9.599E-01, 1.624E-01, 1.046E-03, 1.457E-03, 0.000E+00, 5.287E+01, 2.240E+01, 5.000E-03, 5.009E-03, 9.991E+01, 6.317E-03, 6.163E-01
22/06/2019,06:00,9,3.491,3.991,14.853,.656,.584, 1.009E+03, 6.140E+01, 2.048E-02, 3.469E-16, 1.953E+02, 7.740E+01, 2.337E+02, 2.968E+01, 1.813E+02, 1.656E+02, 5.217E+00, 8.607E-01, 3.228E-01, 2.670E-01, 1.000E+00, 7.838E-01, 9.999E-01, 3.660E-01, 1.000E+00, 9.599E-01, 2.754E-01, 1.780E-03, 2.271E-03, 0.000E+00, 4.823E+01, 2.118E+01, 5.000E-03, 8.524E-03, 7.394E+01, 7.759E-03, 6.608E-01
22/06/2019,07:00,9,3.491,3.991,15.996,.591,.749, 1.009E+03, 5.403E+01, 2.048E-02, 3.469E-16, 2.573E+02, 8.041E+01, 2.508E+02, 3.175E+01, 1.813E+02, 1.656E+02, 5.002E+00, 8.621E-01, 3.094E-01, 3.193E-01, 1.000E+00, 8.155E-01, 1.000E+00, 4.894E-01, 1.000E+00, 9.599E-01, 3.831E-01, 2.487E-03, 3.049E-03, 0.000E+00, 5.033E+01, 2.209E+01, 5.000E-03, 1.191E-02, 5.915E+01, 8.587E-03, 7.414E-01
22/06/2019,08:00,9,3.491,3.991,17.140,.526,.935, 1.010E+03, 4.718E+01, 2.048E-02, 3.469E-16, 3.106E+02, 7.854E+01, 2.605E+02, 3.194E+01, 1.813E+02, 1.656E+02, 4.942E+00, 8.636E-01, 3.056E-01, 3.595E-01, 1.000E+00, 8.278E-01, 1.000E+00, 5.995E-01, 1.000E+00, 9.599E-01, 4.764E-01, 3.104E-03, 3.750E-03, 0.000E+00, 5.097E+01, 2.237E+01, 5.000E-03, 1.486E-02, 5.035E+01, 9.228E-03, 8.178E-01
22/06/2019,09:00,9,3.491,3.991,18.284,.461,1.144, 1.010E+03, 4.149E+01, 1.353E-02, 3.469E-16, 3.505E+02, 7.435E+01, 2.651E+02, 3.111E+01, 1.896E+02, 2.093E+02, 5.042E+00, 7.684E-01, 3.162E-01, 3.874E-01, 1.000E+00, 8.296E-01, 1.000E+00, 6.962E-01, 1.000E+00, 9.599E-01, 5.544E-01, 3.627E-03, 4.372E-03, 0.000E+00, 4.803E+01, 2.162E+01, 5.000E-03, 1.737E-02, 4.471E+01, 9.944E-03, 9.021E-01
22/06/2019,10:00,9,3.491,3.991,18.750,.438,1.227, 1.011E+03, 3.773E+01, 1.353E-02, 3.469E-16, 3.749E+02, 7.079E+01, 2.673E+02, 3.026E+01, 1.896E+02, 2.093E+02, 4.719E+00, 7.689E-01, 2.958E-01, 4.032E-01, 1.000E+00, 8.281E-01, 1.000E+00, 7.318E-01, 1.000E+00, 9.599E-01, 5.817E-01, 3.812E-03, 4.603E-03, 0.000E+00, 5.134E+01, 2.310E+01, 5.000E-03, 1.825E-02, 4.301E+01, 9.737E-03, 8.986E-01
22/06/2019,11:00,9,3.491,3.991,19.216,.416,1.315, 1.011E+03, 3.665E+01, 1.353E-02, 3.469E-16, 3.816E+02, 6.967E+01, 2.678E+02, 2.998E+01, 1.896E+02, 2.093E+02, 4.405E+00, 7.693E-01, 2.762E-01, 4.074E-01, 1.000E+00, 8.274E-01, 1.000E+00, 7.652E-01, 9.914E-01, 9.599E-01, 6.025E-01, 3.954E-03, 4.780E-03, 0.000E+00, 5.501E+01, 2.475E+01, 5.000E-03, 1.893E-02, 4.178E+01, 9.458E-03, 9.020E-01
22/06/2019,12:00,9,3.491,3.991,19.682,.393,1.406, 1.012E+03, 3.850E+01, 2.456E-05, 3.469E-16, 3.585E+02, 6.936E+01, 2.585E+02, 2.951E+01, 6.262E+01, 1.993E+02, 4.104E+00, 7.876E-01, 2.490E-01, 4.001E-01, 1.000E+00, 8.218E-01, 1.000E+00, 7.964E-01, 9.382E-01, 9.599E-01, 5.894E-01, 3.874E-03, 4.714E-03, 0.000E+00, 6.488E+01, 2.745E+01, 5.000E-03, 1.855E-02, 4.246E+01, 8.769E-03, 8.595E-01
22/06/2019,13:00,9,3.491,3.991,19.762,.377,1.450, 1.012E+03, 4.286E+01, 2.456E-05, 3.469E-16, 3.304E+02, 7.319E+01, 2.558E+02, 3.040E+01, 6.262E+01, 1.993E+02, 3.913E+00, 7.876E-01, 2.374E-01, 3.811E-01, 1.000E+00, 8.227E-01, 1.000E+00, 8.015E-01, 9.125E-01, 9.599E-01, 5.775E-01, 3.798E-03, 4.616E-03, 0.000E+00, 6.805E+01, 2.880E+01, 5.000E-03, 1.818E-02, 4.314E+01, 8.459E-03, 8.181E-01
22/06/2019,14:00,9,3.491,3.991,19.842,.361,1.495, 1.012E+03, 4.893E+01, 2.456E-05, 3.469E-16, 2.876E+02, 7.684E+01, 2.499E+02, 3.099E+01, 6.262E+01, 1.993E+02, 3.733E+00, 7.876E-01, 2.265E-01, 3.499E-01, 1.000E+00, 8.183E-01, 1.000E+00, 8.065E-01, 8.865E-01, 9.599E-01, 5.616E-01, 3.694E-03, 4.514E-03, 0.000E+00, 7.132E+01, 3.018E+01, 5.000E-03, 1.768E-02, 4.408E+01, 8.146E-03, 7.605E-01
22/06/2019,15:00,9,3.491,3.991,19.921,.346,1.540, 1.012E+03, 5.597E+01, 0.000E+00, 3.469E-16, 2.379E+02, 7.917E+01, 2.436E+02, 3.100E+01,-2.649E+01, 1.242E+02, 3.567E+00, 4.868E-01, 2.006E-01, 3.064E-01, 1.000E+00, 8.062E-01, 1.000E+00, 8.115E-01, 8.603E-01, 9.599E-01, 5.403E-01, 3.554E-03, 4.409E-03, 0.000E+00, 8.865E+01, 3.407E+01, 5.000E-03, 1.702E-02, 4.542E+01, 7.404E-03, 6.347E-01
22/06/2019,16:00,9,3.491,3.991,19.292,.380,1.401, 1.013E+03, 6.341E+01, 0.000E+00, 3.469E-16, 1.752E+02, 7.456E+01, 2.240E+02, 2.835E+01,-2.649E+01, 1.242E+02, 3.245E+00, 4.862E-01, 1.825E-01, 2.512E-01, 1.000E+00, 7.666E-01, 9.999E-01, 7.704E-01, 9.412E-01, 9.599E-01, 5.336E-01, 3.503E-03, 4.569E-03, 0.000E+00, 9.748E+01, 3.746E+01, 5.000E-03, 1.677E-02, 4.593E+01, 6.920E-03, 5.368E-01
22/06/2019,17:00,9,3.491,3.991,18.663,.415,1.270, 1.013E+03, 7.082E+01, 0.000E+00, 3.469E-16, 1.107E+02, 6.320E+01, 1.916E+02, 2.323E+01,-2.649E+01, 1.242E+02, 2.947E+00, 4.855E-01, 1.657E-01, 1.873E-01, 1.000E+00, 6.873E-01, 9.996E-01, 7.254E-01, 1.000E+00, 9.599E-01, 4.786E-01, 3.135E-03, 4.560E-03, 0.000E+00, 1.074E+02, 4.126E+01, 5.000E-03, 1.501E-02, 4.997E+01, 6.308E-03, 4.785E-01
22/06/2019,18:00,9,3.491,3.991,18.034,.450,1.148, 1.014E+03, 7.784E+01, 0.000E+00, 3.469E-16, 5.246E+01, 4.612E+01, 1.407E+02, 1.613E+01,-4.852E+01, 3.487E+01, 2.681E+00, 3.483E-01, 1.244E-01, 1.206E-01, 1.000E+00, 5.467E-01, 9.969E-01, 6.763E-01, 1.000E+00, 9.599E-01, 3.549E-01, 2.320E-03, 4.230E-03, 0.000E+00, 1.734E+02, 5.496E+01, 5.000E-03, 1.111E-02, 6.209E+01, 4.773E-03, 4.869E-01
22/06/2019,19:00,9,3.491,3.991,16.909,.488,.994, 1.014E+03, 8.416E+01, 0.000E+00, 3.469E-16, 9.894E+00, 2.402E+01, 5.631E+01, 7.708E+00,-4.852E+01, 3.487E+01, 2.985E+00, 3.476E-01, 1.383E-01, 5.831E-02, 1.000E+00, 3.084E-01, 9.013E-01, 5.784E-01, 1.000E+00, 9.599E-01, 1.712E-01, 1.115E-03, 3.258E-03, 0.000E+00, 1.561E+02, 4.944E+01, 5.000E-03, 5.338E-03, 9.673E+01, 4.360E-03, 4.773E-01
22/06/2019,20:00,9,3.491,3.991,15.784,.526,.856, 1.015E+03, 8.946E+01, 0.000E+00, 3.469E-16, 1.903E-08, 2.279E+00, 0.000E+00, 0.000E+00,-4.852E+01, 3.487E+01, 3.482E+00, 3.468E-01, 1.611E-01,-9.990E+02, 1.000E+00,-9.990E+02, 0.000E+00, 0.000E+00, 0.000E+00, 9.599E-01, 0.000E+00, 0.000E+00, 0.000E+00, 0.000E+00, 1.342E+02, 4.244E+01, 5.000E-03, 0.000E+00, 2.000E+02, 3.186E-03, 5.030E-01
22/06/2019,21:00,9,3.491,3.991,14.659,.564,.731, 1.016E+03, 9.344E+01, 2.456E-05, 3.469E-16, 0.000E+00, 0.000E+00, 0.000E+00, 0.000E+00,-6.018E+01, 1.681E+01, 4.103E+00, 4.303E-01, 2.058E-01,-9.990E+02, 1.000E+00,-9.990E+02, 0.000E+00, 0.000E+00, 0.000E+00, 9.599E-01, 0.000E+00, 0.000E+00, 0.000E+00, 0.000E+00, 9.692E+01, 3.322E+01, 5.000E-03, 0.000E+00, 2.000E+02, 3.468E-03, 6.340E-01
22/06/2019,22:00,9,3.491,3.991,13.759,.611,.615, 1.016E+03, 9.585E+01, 2.456E-05, 3.469E-16, 0.000E+00, 0.000E+00, 0.000E+00, 0.000E+00,-6.018E+01, 1.681E+01, 3.773E+00, 4.295E-01, 1.891E-01,-9.990E+02, 1.000E+00,-9.990E+02, 0.000E+00, 0.000E+00, 0.000E+00, 9.599E-01, 0.000E+00, 0.000E+00, 0.000E+00, 0.000E+00, 1.056E+02, 3.615E+01, 5.000E-03, 0.000E+00, 2.000E+02, 3.376E-03, 7.299E-01
22/06/2019,23:00,9,3.491,3.991,12.859,.658,.510, 1.016E+03, 9.651E+01, 2.456E-05, 3.469E-16, 0.000E+00, 0.000E+00, 0.000E+00, 0.000E+00,-6.018E+01, 1.681E+01, 3.477E+00, 4.288E-01, 1.741E-01,-9.990E+02, 1.000E+00,-9.990E+02, 0.000E+00, 0.000E+00, 0.000E+00, 9.599E-01, 0.000E+00, 0.000E+00, 0.000E+00, 0.000E+00, 1.147E+02, 3.926E+01, 5.000E-03, 0.000E+00, 2.000E+02, 3.284E-03, 7.777E-01
23/06/2019,00:00,9,3.491,3.991,11.960,.704,.415, 1.017E+03, 9.538E+01, 8.205E-05, 3.469E-16, 0.000E+00, 0.000E+00, 0.000E+00, 0.000E+00,-3.806E+01, 1.215E+01, 3.225E+00, 2.931E-01, 1.400E-01,-9.990E+02, 1.000E+00,-9.990E+02, 0.000E+00, 0.000E+00, 0.000E+00, 9.599E-01, 0.000E+00, 0.000E+00, 0.000E+00, 0.000E+00, 1.646E+02, 4.883E+01, 5.000E-03, 0.000E+00, 2.000E+02, 3.012E-03, 8.036E-01
23/06/2019,01:00,9,3.491,3.991,11.731,.735,.366, 1.017E+03, 9.253E+01, 8.205E-05, 3.469E-16, 0.000E+00, 0.000E+00, 0.000E+00, 0.000E+00,-3.806E+01, 1.215E+01, 2.968E+00, 2.929E-01, 1.288E-01,-9.990E+02, 1.000E+00,-9.990E+02, 0.000E+00, 0.000E+00, 0.000E+00, 9.599E-01, 0.000E+00, 0.000E+00, 0.000E+00, 0.000E+00, 1.790E+02, 5.307E+01, 5.000E-03, 0.000E+00, 2.000E+02, 2.912E-03, 8.526E-01
23/06/2019,02:00,9,3.491,3.991,11.503,.766,.319, 1.017E+03, 8.818E+01, 8.205E-05, 3.469E-16, 5.573E-02, 7.638E+00, 3.180E+00, 2.304E+00,-3.806E+01, 1.215E+01, 2.713E+00, 2.928E-01, 1.176E-01, 1.823E-02, 1.000E+00, 9.101E-02, 1.226E-01, 1.000E-02, 1.000E+00, 9.449E-01, 8.600E-04, 5.495E-06, 7.834E-06, 0.000E+00, 1.960E+02, 5.810E+01, 5.000E-03, 2.631E-05, 1.990E+02, 2.809E-03, 9.065E-01
23/06/2019,03:00,9,3.491,3.991,11.274,.797,.272, 1.018E+03, 8.258E+01, 8.205E-05, 3.469E-16, 1.837E+01, 3.004E+01, 8.103E+01, 9.901E+00, 4.602E+01, 5.932E+01, 2.458E+00, 3.206E-01, 1.642E-01, 7.398E-02, 1.000E+00, 3.811E-01, 9.643E-01, 1.000E-02, 1.000E+00, 9.449E-01, 3.601E-03, 2.299E-05, 6.157E-05, 0.000E+00, 8.263E+01, 4.164E+01, 5.000E-03, 1.101E-04, 1.957E+02, 3.327E-03, 9.814E-01
23/06/2019,04:00,9,3.491,3.991,12.852,.745,.380, 1.018E+03, 7.605E+01, 8.205E-05, 3.469E-16, 6.692E+01, 5.141E+01, 1.570E+02, 1.825E+01, 4.602E+01, 5.932E+01, 2.175E+00, 3.215E-01, 1.452E-01, 1.380E-01, 1.000E+00, 5.929E-01, 9.984E-01, 1.180E-01, 1.000E+00, 9.449E-01, 6.612E-02, 4.245E-04, 7.148E-04, 0.000E+00, 9.351E+01, 4.707E+01, 5.000E-03, 2.032E-03, 1.422E+02, 3.835E-03, 9.765E-01
23/06/2019,05:00,9,3.491,3.991,14.430,.693,.508, 1.018E+03, 6.889E+01, 8.205E-05, 3.469E-16, 1.289E+02, 6.785E+01, 2.042E+02, 2.517E+01, 4.602E+01, 5.932E+01, 1.946E+00, 3.223E-01, 1.298E-01, 2.047E-01, 1.000E+00, 7.175E-01, 9.998E-01, 3.170E-01, 1.000E+00, 9.449E-01, 2.149E-01, 1.387E-03, 1.933E-03, 0.000E+00, 1.047E+02, 5.264E+01, 5.000E-03, 6.643E-03, 8.589E+01, 4.576E-03, 1.011E+00
23/06/2019,06:00,9,3.491,3.991,16.007,.640,.659, 1.018E+03, 6.144E+01, 8.205E-05, 3.469E-16, 1.934E+02, 7.716E+01, 2.319E+02, 2.955E+01, 1.818E+02, 1.638E+02, 1.791E+00, 4.939E-01, 1.203E-01, 2.667E-01, 1.000E+00, 7.825E-01, 9.999E-01, 4.905E-01, 1.000E+00, 9.449E-01, 3.627E-01, 2.355E-03, 3.009E-03, 0.000E+00, 1.118E+02, 5.684E+01, 5.000E-03, 1.127E-02, 6.145E+01, 4.897E-03, 1.158E+00
23/06/2019,07:00,9,3.491,3.991,17.376,.564,.873, 1.018E+03, 5.406E+01, 8.205E-05, 3.469E-16, 2.552E+02, 8.022E+01, 2.491E+02, 3.163E+01, 1.818E+02, 1.638E+02, 2.186E+00, 4.951E-01, 1.467E-01, 3.190E-01, 1.000E+00, 8.146E-01, 1.000E+00, 6.206E-01, 1.000E+00, 9.449E-01, 4.777E-01, 3.115E-03, 3.824E-03, 0.000E+00, 9.168E+01, 4.658E+01, 5.000E-03, 1.492E-02, 5.021E+01, 5.979E-03, 1.162E+00
23/06/2019,08:00,9,3.491,3.991,18.745,.487,1.121, 1.018E+03, 4.722E+01, 8.205E-05, 3.469E-16, 3.084E+02, 7.841E+01, 2.588E+02, 3.184E+01, 1.818E+02, 1.638E+02, 2.583E+00, 4.962E-01, 1.733E-01, 3.593E-01, 1.000E+00, 8.271E-01, 1.000E+00, 7.315E-01, 1.000E+00, 9.449E-01, 5.717E-01, 3.746E-03, 4.529E-03, 0.000E+00, 7.771E+01, 3.945E+01, 5.000E-03, 1.793E-02, 4.360E+01, 7.006E-03, 1.272E+00
23/06/2019,09:00,9,3.491,3.991,20.114,.410,1.405, 1.018E+03, 4.152E+01, 8.205E-05, 3.469E-16, 6.530E+01, 1.613E+02, 9.382E+01, 5.021E+01, 1.269E+02, 1.937E+02, 2.980E+00, 6.058E-01, 1.893E-01, 3.872E-01, 1.000E+00, 9.141E-01, 9.789E-01, 8.232E-01, 9.388E-01, 9.449E-01, 6.676E-01, 4.395E-03, 4.707E-03, 0.000E+00, 7.837E+01, 3.611E+01, 5.000E-03, 2.104E-02, 3.840E+01, 7.617E-03, 1.460E+00
23/06/2019,10:00,9,3.491,3.991,20.361,.395,1.463, 1.018E+03, 3.775E+01, 8.205E-05, 3.469E-16, 6.987E+01, 1.679E+02, 9.643E+01, 5.225E+01, 1.269E+02, 1.937E+02, 3.111E+00, 6.061E-01, 1.976E-01, 4.031E-01, 1.000E+00, 9.228E-01, 9.811E-01, 8.378E-01, 9.052E-01, 9.449E-01, 6.612E-01, 4.357E-03, 4.632E-03, 0.000E+00, 7.509E+01, 3.460E+01, 5.000E-03, 2.086E-02, 3.867E+01, 7.833E-03, 1.347E+00
23/06/2019,11:00,9,3.491,3.991,20.608,.381,1.522, 1.018E+03, 3.666E+01, 8.205E-05, 3.469E-16, 7.114E+01, 1.696E+02, 9.712E+01, 5.278E+01, 1.269E+02, 1.937E+02, 3.244E+00, 6.064E-01, 2.060E-01, 4.074E-01, 1.000E+00, 9.249E-01, 9.816E-01, 8.517E-01, 8.708E-01, 9.449E-01, 6.481E-01, 4.274E-03, 4.536E-03, 0.000E+00, 7.201E+01, 3.317E+01, 5.000E-03, 2.046E-02, 3.927E+01, 8.025E-03, 1.301E+00
23/06/2019,12:00,9,3.491,3.991,20.855,.366,1.582, 1.017E+03, 3.851E+01, 8.205E-05, 3.469E-16, 5.614E+01, 1.629E+02, 8.630E+01, 5.043E+01, 1.026E+01, 1.346E+02, 3.380E+00, 4.560E-01, 2.044E-01, 4.001E-01, 1.000E+00, 9.131E-01, 9.713E-01, 8.649E-01, 8.355E-01, 9.449E-01, 6.235E-01, 4.115E-03, 4.377E-03, 0.000E+00, 7.947E+01, 3.344E+01, 5.000E-03, 1.970E-02, 4.048E+01, 7.830E-03, 1.184E+00
23/06/2019,13:00,9,3.491,3.991,20.697,.394,1.497, 1.017E+03, 4.286E+01, 8.205E-05, 3.469E-16, 5.175E+01, 1.549E+02, 8.328E+01, 4.798E+01, 1.026E+01, 1.346E+02, 2.829E+00, 4.559E-01, 1.711E-01, 3.811E-01, 1.000E+00, 9.016E-01, 9.675E-01, 8.565E-01, 8.854E-01, 9.449E-01, 6.461E-01, 4.262E-03, 4.573E-03, 0.000E+00, 9.493E+01, 3.994E+01, 5.000E-03, 2.041E-02, 3.936E+01, 6.965E-03, 1.040E+00
23/06/2019,14:00,9,3.491,3.991,20.539,.423,1.412, 1.017E+03, 4.893E+01, 8.205E-05, 3.469E-16, 4.505E+01, 1.416E+02, 7.816E+01, 4.388E+01, 1.026E+01, 1.346E+02, 2.301E+00, 4.558E-01, 1.392E-01, 3.500E-01, 1.000E+00, 8.790E-01, 9.598E-01, 8.478E-01, 9.345E-01, 9.449E-01, 6.581E-01, 4.339E-03, 4.738E-03, 0.000E+00, 1.167E+02, 4.911E+01, 5.000E-03, 2.077E-02, 3.880E+01, 5.991E-03, 9.042E-01
23/06/2019,15:00,9,3.491,3.991,20.381,.451,1.330, 1.017E+03, 5.596E+01, 2.116E-03, 3.469E-16, 2.394E+02, 7.984E+01, 2.451E+02, 3.124E+01,-2.559E+01, 7.816E+01, 1.815E+00, 3.329E-01, 1.000E-01, 3.065E-01, 1.000E+00, 8.081E-01, 1.000E+00, 8.389E-01, 9.827E-01, 9.449E-01, 6.295E-01, 4.148E-03, 5.133E-03, 0.000E+00, 1.968E+02, 6.835E+01, 5.000E-03, 1.986E-02, 4.022E+01, 4.508E-03, 8.159E-01
23/06/2019,16:00,9,3.491,3.991,19.638,.484,1.193, 1.017E+03, 6.340E+01, 2.116E-03, 3.469E-16, 1.762E+02, 7.518E+01, 2.253E+02, 2.857E+01,-2.559E+01, 7.816E+01, 2.136E+00, 3.325E-01, 1.085E-01, 2.513E-01, 1.000E+00, 7.688E-01, 9.999E-01, 7.935E-01, 1.000E+00, 9.449E-01, 5.764E-01, 3.789E-03, 4.928E-03, 0.000E+00, 1.816E+02, 6.302E+01, 5.000E-03, 1.814E-02, 4.322E+01, 4.747E-03, 7.515E-01
23/06/2019,17:00,9,3.491,3.991,18.895,.517,1.066, 1.018E+03, 7.081E+01, 2.116E-03, 3.469E-16, 1.113E+02, 6.373E+01, 1.927E+02, 2.341E+01,-2.559E+01, 7.816E+01, 2.457E+00, 3.320E-01, 1.247E-01, 1.874E-01, 1.000E+00, 6.897E-01, 9.996E-01, 7.425E-01, 1.000E+00, 9.449E-01, 4.839E-01, 3.172E-03, 4.598E-03, 0.000E+00, 1.580E+02, 5.482E+01, 5.000E-03, 1.519E-02, 4.953E+01, 5.123E-03, 6.702E-01
23/06/2019,18:00,9,3.491,3.991,18.152,.549,.948, 1.018E+03, 7.783E+01, 8.205E-05, 3.469E-16, 5.231E+01, 4.615E+01, 1.402E+02, 1.613E+01,-3.123E+01, 2.502E+01, 2.778E+00, 2.205E-01, 1.000E-01, 1.207E-01, 1.000E+00, 5.467E-01, 9.969E-01, 6.858E-01, 1.000E+00, 9.449E-01, 3.543E-01, 2.317E-03, 4.225E-03, 0.000E+00, 2.878E+02, 6.835E+01, 5.000E-03, 1.109E-02, 6.214E+01, 3.965E-03, 6.591E-01
23/06/2019,19:00,9,3.491,3.991,16.866,.587,.799, 1.019E+03, 8.415E+01, 8.205E-05, 3.469E-16, 9.835E+00, 2.404E+01, 5.598E+01, 7.709E+00,-3.123E+01, 2.502E+01, 2.596E+00, 2.199E-01, 1.000E-01, 5.835E-02, 1.000E+00, 3.084E-01, 9.000E-01, 5.743E-01, 1.000E+00, 9.449E-01, 1.674E-01, 1.090E-03, 3.180E-03, 0.000E+00, 2.886E+02, 6.835E+01, 5.000E-03, 5.216E-03, 9.788E+01, 3.472E-03, 6.952E-01
23/06/2019,20:00,9,3.491,3.991,15.579,.625,.668, 1.019E+03, 8.946E+01, 8.205E-05, 3.469E-16, 1.711E-08, 2.276E+00, 0.000E+00, 0.000E+00,-3.123E+01, 2.502E+01, 2.526E+00, 2.194E-01, 1.000E-01,-9.990E+02, 1.000E+00,-9.990E+02, 0.000E+00, 0.000E+00, 0.000E+00, 9.449E-01, 0.000E+00, 0.000E+00, 0.000E+00, 0.000E+00, 2.894E+02, 6.835E+01, 5.000E-03, 0.000E+00, 2.000E+02, 2.563E-03, 7.664E-01
23/06/2019,21:00,9,3.491,3.991,14.292,.663,.552, 1.020E+03, 9.344E+01, 8.205E-05, 3.469E-16, 0.000E+00, 0.000E+00, 0.000E+00, 0.000E+00,-2.656E+01, 8.659E+00, 2.575E+00, 2.075E-01, 1.000E-01,-9.990E+02, 1.000E+00,-9.990E+02, 0.000E+00, 0.000E+00, 0.000E+00, 9.449E-01, 0.000E+00, 0.000E+00, 0.000E+00, 0.000E+00, 2.899E+02, 6.835E+01, 5.000E-03, 0.000E+00, 2.000E+02, 2.562E-03, 8.820E-01
23/06/2019,22:00,9,3.491,3.991,13.259,.730,.413, 1.021E+03, 9.586E+01, 8.205E-05, 3.469E-16, 0.000E+00, 0.000E+00, 0.000E+00, 0.000E+00,-2.656E+01, 8.659E+00, 2.054E+00, 2.070E-01, 1.000E-01,-9.990E+02, 1.000E+00,-9.990E+02, 0.000E+00, 0.000E+00, 0.000E+00, 9.449E-01, 0.000E+00, 0.000E+00, 0.000E+00, 0.000E+00, 2.906E+02, 6.835E+01, 5.000E-03, 0.000E+00, 2.000E+02, 2.562E-03, 1.098E+00
23/06/2019,23:00,9,3.491,3.991,12.227,.797,.290, 1.022E+03, 9.653E+01, 8.205E-05, 3.469E-16, 0.000E+00, 0.000E+00, 0.000E+00, 0.000E+00,-2.656E+01, 8.659E+00, 2.179E+00, 2.066E-01, 1.000E-01,-9.990E+02, 1.000E+00,-9.990E+02, 0.000E+00, 0.000E+00, 0.000E+00, 9.449E-01, 0.000E+00, 0.000E+00, 0.000E+00, 0.000E+00, 2.914E+02, 6.835E+01, 5.000E-03, 0.000E+00, 2.000E+02, 2.562E-03, 1.519E+00
24/06/2019,00:00,9,3.491,3.991,11.194,.864,.182, 1.022E+03, 9.540E+01, 0.000E+00, 3.469E-16, 0.000E+00, 0.000E+00, 0.000E+00, 0.000E+00,-3.256E+01, 7.265E+00, 2.868E+00, 3.305E-01, 1.398E-01,-9.990E+02, 1.000E+00,-9.990E+02, 0.000E+00, 0.000E+00, 0.000E+00, 9.449E-01, 0.000E+00, 0.000E+00, 0.000E+00, 0.000E+00, 1.468E+02, 4.890E+01, 5.592E-03, 0.000E+00, 1.788E+02, 3.233E-03, 2.049E+00
24/06/2019,01:00,9,3.491,3.991,11.364,.872,.173, 1.023E+03, 9.256E+01, 0.000E+00, 3.469E-16, 0.000E+00, 0.000E+00, 0.000E+00, 0.000E+00,-3.256E+01, 7.265E+00, 2.842E+00, 3.305E-01, 1.385E-01,-9.990E+02, 1.000E+00,-9.990E+02, 0.000E+00, 0.000E+00, 0.000E+00, 9.449E-01, 0.000E+00, 0.000E+00, 0.000E+00, 0.000E+00, 1.481E+02, 4.934E+01, 6.419E-03, 0.000E+00, 1.558E+02, 3.479E-03, 1.701E+00
24/06/2019,02:00,9,3.491,3.991,11.533,.880,.164, 1.023E+03, 8.821E+01, 0.000E+00, 3.469E-16, 4.678E-02, 7.485E+00, 3.008E+00, 2.258E+00,-3.256E+01, 7.265E+00, 2.817E+00, 3.306E-01, 1.373E-01, 1.787E-02, 1.000E+00, 8.917E-02, 1.164E-01, 1.000E-02, 1.000E+00, 9.361E-01, 8.347E-04, 5.334E-06, 7.436E-06, 0.000E+00, 1.494E+02, 4.978E+01, 7.369E-03, 2.554E-05, 1.352E+02, 3.731E-03, 1.283E+00
24/06/2019,03:00,9,3.491,3.991,11.703,.888,.154, 1.024E+03, 8.262E+01, 0.000E+00, 3.469E-16, 1.798E+01, 2.990E+01, 7.982E+01, 9.840E+00, 4.932E+01, 5.513E+01, 2.791E+00, 4.945E-01, 1.748E-01, 7.358E-02, 1.000E+00, 3.792E-01, 9.625E-01, 1.000E-02, 1.000E+00, 9.361E-01, 3.549E-03, 2.270E-05, 6.155E-05, 0.000E+00, 8.712E+01, 3.911E+01, 7.334E-03, 1.087E-04, 1.344E+02, 4.247E-03, 1.121E+00
24/06/2019,04:00,9,3.491,3.991,13.103,.798,.306, 1.024E+03, 7.609E+01, 0.000E+00, 3.469E-16, 6.624E+01, 5.132E+01, 1.560E+02, 1.820E+01, 4.932E+01, 5.513E+01, 2.966E+00, 4.956E-01, 1.857E-01, 1.376E-01, 1.000E+00, 5.918E-01, 9.984E-01, 1.514E-01, 1.000E+00, 9.361E-01, 8.385E-02, 5.388E-04, 9.090E-04, 0.000E+00, 8.206E+01, 3.682E+01, 5.000E-03, 2.580E-03, 1.319E+02, 4.403E-03, 7.508E-01
24/06/2019,05:00,9,3.491,3.991,14.503,.708,.485, 1.025E+03, 6.894E+01, 0.000E+00, 3.469E-16, 1.281E+02, 6.784E+01, 2.034E+02, 2.514E+01, 4.932E+01, 5.513E+01, 3.163E+00, 4.967E-01, 1.979E-01, 2.043E-01, 1.000E+00, 7.170E-01, 9.998E-01, 3.256E-01, 1.000E+00, 9.361E-01, 2.186E-01, 1.411E-03, 1.968E-03, 0.000E+00, 7.701E+01, 3.454E+01, 5.000E-03, 6.757E-03, 8.506E+01, 5.736E-03, 7.653E-01
24/06/2019,06:00,9,3.491,3.991,15.903,.618,.695, 1.025E+03, 6.149E+01, 0.000E+00, 3.469E-16, 1.074E+02, 1.062E+02, 1.480E+02, 3.549E+01, 1.932E+02, 1.471E+02, 3.378E+00, 5.469E-01, 2.231E-01, 2.664E-01, 1.000E+00, 8.289E-01, 9.977E-01, 4.799E-01, 1.000E+00, 9.361E-01, 3.724E-01, 2.416E-03, 2.908E-03, 0.000E+00, 6.203E+01, 3.064E+01, 5.000E-03, 1.157E-02, 6.036E+01, 7.250E-03, 8.623E-01
24/06/2019,07:00,9,3.491,3.991,16.914,.572,.831, 1.025E+03, 5.411E+01, 0.000E+00, 3.469E-16, 1.418E+02, 1.231E+02, 1.622E+02, 4.123E+01, 1.932E+02, 1.471E+02, 2.829E+00, 5.478E-01, 1.868E-01, 3.187E-01, 1.000E+00, 8.746E-01, 9.987E-01, 5.788E-01, 1.000E+00, 9.361E-01, 4.739E-01, 3.086E-03, 3.523E-03, 0.000E+00, 7.414E+01, 3.660E+01, 5.000E-03, 1.477E-02, 5.057E+01, 6.981E-03, 8.948E-01
24/06/2019,08:00,9,3.491,3.991,17.924,.526,.983, 1.026E+03, 4.726E+01, 0.000E+00, 3.469E-16, 1.715E+02, 1.341E+02, 1.713E+02, 4.498E+01, 1.932E+02, 1.471E+02, 2.291E+00, 5.487E-01, 1.512E-01, 3.591E-01, 1.000E+00, 8.989E-01, 9.991E-01, 6.673E-01, 1.000E+00, 9.361E-01, 5.615E-01, 3.669E-03, 4.078E-03, 0.000E+00, 9.163E+01, 4.520E+01, 5.000E-03, 1.756E-02, 4.432E+01, 6.297E-03, 9.214E-01
24/06/2019,09:00,9,3.491,3.991,18.935,.480,1.151, 1.026E+03, 4.156E+01, 0.000E+00, 3.469E-16, 1.788E+02, 1.464E+02, 1.680E+02, 4.855E+01, 2.139E+02, 1.844E+02, 1.774E+00, 3.015E-01, 1.383E-01, 3.871E-01, 1.000E+00, 9.164E-01, 9.990E-01, 7.453E-01, 1.000E+00, 9.361E-01, 6.393E-01, 4.192E-03, 4.570E-03, 0.000E+00, 7.535E+01, 4.944E+01, 5.000E-03, 2.007E-02, 3.989E+01, 6.538E-03, 9.972E-01
24/06/2019,10:00,9,3.491,3.991,19.619,.445,1.281, 1.026E+03, 3.779E+01, 0.000E+00, 3.469E-16, 1.913E+02, 1.499E+02, 1.708E+02, 4.973E+01, 2.139E+02, 1.844E+02, 1.279E+00, 3.018E-01, 1.000E-01, 4.030E-01, 1.000E+00, 9.224E-01, 9.991E-01, 7.922E-01, 1.000E+00, 9.361E-01, 6.841E-01, 4.496E-03, 4.870E-03, 0.000E+00, 1.042E+02, 6.835E+01, 5.000E-03, 2.152E-02, 3.770E+01, 5.153E-03, 9.936E-01
24/06/2019,11:00,9,3.491,3.991,20.302,.411,1.420, 1.025E+03, 3.668E+01, 0.000E+00, 3.469E-16, 1.948E+02, 1.508E+02, 1.715E+02, 5.002E+01, 2.139E+02, 1.844E+02, 9.947E-01, 3.022E-01, 1.000E-01, 4.073E-01, 1.000E+00, 9.239E-01, 9.991E-01, 8.344E-01, 9.301E-01, 9.361E-01, 6.712E-01, 4.421E-03, 4.781E-03, 0.000E+00, 1.043E+02, 6.835E+01, 5.000E-03, 2.117E-02, 3.821E+01, 5.138E-03, 1.014E+00
24/06/2019,12:00,9,3.491,3.991,20.986,.376,1.569, 1.025E+03, 3.852E+01, 0.000E+00, 3.469E-16, 3.538E+02, 6.906E+01, 2.554E+02, 2.931E+01, 5.968E+01, 1.440E+02, 1.101E+00, 1.444E-01, 1.000E-01, 4.001E-01, 1.000E+00, 8.203E-01, 1.000E+00, 8.717E-01, 8.435E-01, 9.361E-01, 5.646E-01, 3.728E-03, 4.545E-03, 0.000E+00, 8.496E+01, 6.835E+01, 5.000E-03, 1.785E-02, 4.376E+01, 5.360E-03, 9.676E-01
24/06/2019,13:00,9,3.491,3.991,20.879,.384,1.539, 1.025E+03, 4.286E+01, 0.000E+00, 3.469E-16, 3.262E+02, 7.281E+01, 2.527E+02, 3.017E+01, 5.968E+01, 1.440E+02, 8.770E-01, 1.443E-01, 1.000E-01, 3.811E-01, 1.000E+00, 8.211E-01, 1.000E+00, 8.662E-01, 8.610E-01, 9.361E-01, 5.732E-01, 3.784E-03, 4.608E-03, 0.000E+00, 8.495E+01, 6.835E+01, 5.000E-03, 1.812E-02, 4.326E+01, 5.374E-03, 9.519E-01
24/06/2019,14:00,9,3.491,3.991,20.773,.392,1.509, 1.025E+03, 4.892E+01, 0.000E+00, 3.469E-16, 2.839E+02, 7.638E+01, 2.468E+02, 3.075E+01, 5.968E+01, 1.440E+02, 1.412E+00, 1.443E-01, 1.240E-01, 3.500E-01, 1.000E+00, 8.165E-01, 1.000E+00, 8.606E-01, 8.783E-01, 9.361E-01, 5.777E-01, 3.812E-03, 4.669E-03, 0.000E+00, 6.850E+01, 5.513E+01, 5.000E-03, 1.825E-02, 4.301E+01, 6.322E-03, 9.590E-01
24/06/2019,15:00,9,3.491,3.991,20.666,.400,1.479, 1.026E+03, 5.596E+01, 0.000E+00, 3.469E-16, 2.385E+02, 7.991E+01, 2.443E+02, 3.124E+01, 3.096E+01, 1.097E+02, 2.210E+00, 5.873E-01, 1.345E-01, 3.065E-01, 1.000E+00, 8.081E-01, 1.000E+00, 8.548E-01, 8.955E-01, 9.361E-01, 5.791E-01, 3.819E-03, 4.726E-03, 0.000E+00, 1.194E+02, 5.081E+01, 5.000E-03, 1.829E-02, 4.294E+01, 5.704E-03, 8.481E-01
24/06/2019,16:00,9,3.491,3.991,19.650,.447,1.280, 1.026E+03, 6.339E+01, 0.000E+00, 3.469E-16, 1.755E+02, 7.522E+01, 2.245E+02, 2.856E+01, 3.096E+01, 1.097E+02, 2.094E+00, 5.862E-01, 1.274E-01, 2.514E-01, 1.000E+00, 7.687E-01, 9.999E-01, 7.943E-01, 1.000E+00, 9.361E-01, 5.715E-01, 3.757E-03, 4.887E-03, 0.000E+00, 1.260E+02, 5.364E+01, 5.000E-03, 1.799E-02, 4.351E+01, 5.457E-03, 7.515E-01
24/06/2019,17:00,9,3.491,3.991,18.634,.493,1.099, 1.026E+03, 7.080E+01, 0.000E+00, 3.469E-16, 1.107E+02, 6.374E+01, 1.918E+02, 2.339E+01, 3.096E+01, 1.097E+02, 2.362E+00, 5.852E-01, 1.438E-01, 1.874E-01, 1.000E+00, 6.895E-01, 9.996E-01, 7.232E-01, 1.000E+00, 9.361E-01, 4.667E-01, 3.057E-03, 4.432E-03, 0.000E+00, 1.116E+02, 4.754E+01, 5.000E-03, 1.464E-02, 5.092E+01, 5.722E-03, 7.281E-01
24/06/2019,18:00,9,3.491,3.991,17.618,.540,.936, 1.026E+03, 7.783E+01, 0.000E+00, 3.469E-16, 5.188E+01, 4.610E+01, 1.392E+02, 1.610E+01,-3.906E+01, 2.904E+01, 2.911E+00, 3.444E-01, 1.405E-01, 1.207E-01, 1.000E+00, 5.461E-01, 9.967E-01, 6.415E-01, 1.000E+00, 9.361E-01, 3.280E-01, 2.141E-03, 3.907E-03, 0.000E+00, 1.475E+02, 4.867E+01, 5.000E-03, 1.025E-02, 6.558E+01, 5.113E-03, 6.817E-01
24/06/2019,19:00,9,3.491,3.991,16.494,.564,.824, 1.026E+03, 8.416E+01, 0.000E+00, 3.469E-16, 9.677E+00, 2.399E+01, 5.520E+01, 7.688E+00,-3.906E+01, 2.904E+01, 2.922E+00, 3.437E-01, 1.408E-01, 5.833E-02, 1.000E+00, 3.076E-01, 8.967E-01, 5.390E-01, 1.000E+00, 9.361E-01, 1.552E-01, 1.009E-03, 2.942E-03, 0.000E+00, 1.473E+02, 4.853E+01, 5.000E-03, 4.831E-03, 1.017E+02, 4.322E-03, 7.086E-01
24/06/2019,20:00,9,3.491,3.991,15.371,.589,.722, 1.027E+03, 8.946E+01, 0.000E+00, 3.469E-16, 1.126E-08, 2.242E+00, 0.000E+00, 0.000E+00,-3.906E+01, 2.904E+01, 3.072E+00, 3.430E-01, 1.479E-01,-9.990E+02, 1.000E+00,-9.990E+02, 0.000E+00, 0.000E+00, 0.000E+00, 9.361E-01, 0.000E+00, 0.000E+00, 0.000E+00, 0.000E+00, 1.404E+02, 4.622E+01, 5.000E-03, 0.000E+00, 2.000E+02, 3.091E-03, 7.637E-01
24/06/2019,21:00,9,3.491,3.991,14.248,.614,.631, 1.027E+03, 9.346E+01, 0.000E+00, 3.469E-16, 0.000E+00, 0.000E+00, 0.000E+00, 0.000E+00,-2.729E+01, 1.426E+01, 3.342E+00, 3.420E-01, 1.704E-01,-9.990E+02, 1.000E+00,-9.990E+02, 0.000E+00, 0.000E+00, 0.000E+00, 9.361E-01, 0.000E+00, 0.000E+00, 0.000E+00, 0.000E+00, 1.151E+02, 4.011E+01, 5.000E-03, 0.000E+00, 2.000E+02, 3.262E-03, 9.691E-01
24/06/2019,22:00,9,3.491,3.991,13.927,.643,.571, 1.027E+03, 9.588E+01, 0.000E+00, 3.469E-16, 0.000E+00, 0.000E+00, 0.000E+00, 0.000E+00,-2.729E+01, 1.426E+01, 3.119E+00, 3.418E-01, 1.590E-01,-9.990E+02, 1.000E+00,-9.990E+02, 0.000E+00, 0.000E+00, 0.000E+00, 9.361E-01, 0.000E+00, 0.000E+00, 0.000E+00, 0.000E+00, 1.233E+02, 4.298E+01, 5.000E-03, 0.000E+00, 2.000E+02, 3.183E-03, 1.215E+00
24/06/2019,23:00,9,3.491,3.991,13.606,.672,.513, 1.027E+03, 9.656E+01, 0.000E+00, 3.469E-16, 0.000E+00, 0.000E+00, 0.000E+00, 0.000E+00,-2.729E+01, 1.426E+01, 2.897E+00, 3.416E-01, 1.476E-01,-9.990E+02, 1.000E+00,-9.990E+02, 0.000E+00, 0.000E+00, 0.000E+00, 9.361E-01, 0.000E+00, 0.000E+00, 0.000E+00, 0.000E+00, 1.329E+02, 4.630E+01, 5.000E-03, 0.000E+00, 2.000E+02, 3.096E-03, 1.365E+00
25/06/2019,00:00,9,3.491,3.991,13.285,.702,.457, 1.027E+03, 9.544E+01, 0.000E+00, 3.469E-16, 0.000E+00, 0.000E+00, 0.000E+00, 0.000E+00,-1.981E+01, 1.413E+01, 2.674E+00, 3.383E-01, 1.414E-01,-9.990E+02, 1.000E+00,-9.990E+02, 0.000E+00, 0.000E+00, 0.000E+00, 9.361E-01, 0.000E+00, 0.000E+00, 0.000E+00, 0.000E+00, 1.338E+02, 4.836E+01, 5.000E-03, 0.000E+00, 2.000E+02, 3.049E-03, 1.496E+00
25/06/2019,01:00,9,3.491,3.991,13.300,.711,.443, 1.027E+03, 9.260E+01, 0.000E+00, 3.469E-16, 0.000E+00, 0.000E+00, 0.000E+00, 0.000E+00,-1.981E+01, 1.413E+01, 2.645E+00, 3.383E-01, 1.398E-01,-9.990E+02, 1.000E+00,-9.990E+02, 0.000E+00, 0.000E+00, 0.000E+00, 9.361E-01, 0.000E+00, 0.000E+00, 0.000E+00, 0.000E+00, 1.353E+02, 4.889E+01, 5.000E-03, 0.000E+00, 2.000E+02, 3.036E-03, 1.588E+00
25/06/2019,02:00,9,3.491,3.991,13.314,.720,.429, 1.026E+03, 8.826E+01, 0.000E+00, 3.469E-16, 4.022E-03, 3.192E+00, 1.028E+00, 9.619E-01,-1.981E+01, 1.413E+01, 2.634E+00, 3.384E-01, 1.392E-01, 1.744E-02, 1.000E+00, 3.883E-02, 4.140E-02, 1.789E-01, 1.000E+00, 9.123E-01, 6.339E-03, 4.077E-05, 4.346E-05, 0.000E+00, 1.359E+02, 4.909E+01, 5.000E-03, 1.952E-04, 1.925E+02, 3.102E-03, 1.605E+00
25/06/2019,03:00,9,3.491,3.991,13.329,.730,.415, 1.026E+03, 8.267E+01, 0.000E+00, 3.469E-16, 5.667E+00, 2.507E+01, 3.001E+01, 7.816E+00, 5.629E+00, 3.341E+01, 2.641E+00, 3.631E-01, 1.599E-01, 7.312E-02, 1.000E+00, 3.067E-01, 7.090E-01, 1.808E-01, 1.000E+00, 9.123E-01, 5.059E-02, 3.253E-04, 7.522E-04, 0.000E+00, 1.014E+02, 4.274E+01, 5.000E-03, 1.558E-03, 1.525E+02, 3.788E-03, 1.584E+00
25/06/2019,04:00,9,3.491,3.991,14.035,.722,.448, 1.026E+03, 7.614E+01, 0.000E+00, 3.469E-16, 2.112E+01, 5.476E+01, 6.145E+01, 1.737E+01, 5.629E+00, 3.341E+01, 2.362E+00, 3.636E-01, 1.430E-01, 1.371E-01, 1.000E+00, 5.668E-01, 9.201E-01, 2.696E-01, 1.000E+00, 9.123E-01, 1.394E-01, 8.988E-04, 1.459E-03, 0.000E+00, 1.133E+02, 4.779E+01, 5.000E-03, 4.303E-03, 1.075E+02, 4.308E-03, 1.463E+00
25/06/2019,05:00,9,3.491,3.991,14.742,.713,.484, 1.025E+03, 6.899E+01, 0.000E+00, 3.469E-16, 4.099E+01, 8.577E+01, 8.450E+01, 2.735E+01, 5.629E+00, 3.341E+01, 2.091E+00, 3.641E-01, 1.266E-01, 2.038E-01, 1.000E+00, 7.352E-01, 9.691E-01, 3.534E-01, 1.000E+00, 9.123E-01, 2.370E-01, 1.532E-03, 2.019E-03, 0.000E+00, 1.280E+02, 5.398E+01, 5.000E-03, 7.333E-03, 8.108E+01, 4.507E-03, 1.470E+00
25/06/2019,06:00,9,3.491,3.991,15.449,.705,.521, 1.025E+03, 6.154E+01, 0.000E+00, 3.469E-16, 1.460E+01, 9.157E+01, 4.338E+01, 2.807E+01, 6.151E+01, 8.275E+01, 1.831E+00, 3.528E-01, 1.223E-01, 2.660E-01, 1.000E+00, 7.239E-01, 8.321E-01, 4.320E-01, 1.000E+00, 9.123E-01, 2.853E-01, 1.848E-03, 2.124E-03, 0.000E+00, 1.110E+02, 5.591E+01, 5.000E-03, 8.849E-03, 7.221E+01, 4.694E-03, 1.632E+00
25/06/2019,07:00,9,3.491,3.991,16.790,.655,.666, 1.025E+03, 5.416E+01, 0.000E+00, 3.469E-16, 1.930E+01, 1.125E+02, 5.094E+01, 3.446E+01, 6.151E+01, 8.275E+01, 1.930E+00, 3.537E-01, 1.288E-01, 3.184E-01, 1.000E+00, 7.956E-01, 8.769E-01, 5.672E-01, 1.000E+00, 9.123E-01, 4.117E-01, 2.680E-03, 2.954E-03, 0.000E+00, 1.055E+02, 5.306E+01, 5.000E-03, 1.283E-02, 5.609E+01, 5.270E-03, 1.840E+00
25/06/2019,08:00,9,3.491,3.991,18.131,.604,.832, 1.025E+03, 4.731E+01, 0.000E+00, 3.469E-16, 2.334E+01, 1.287E+02, 5.663E+01, 3.941E+01, 6.151E+01, 8.275E+01, 2.032E+00, 3.545E-01, 1.355E-01, 3.588E-01, 1.000E+00, 8.383E-01, 9.026E-01, 6.841E-01, 1.000E+00, 9.123E-01, 5.232E-01, 3.421E-03, 3.683E-03, 0.000E+00, 1.003E+02, 5.043E+01, 5.000E-03, 1.638E-02, 4.678E+01, 5.752E-03, 2.037E+00
25/06/2019,09:00,9,3.491,3.991,19.472,.553,1.022, 1.025E+03, 4.161E+01, 0.000E+00, 3.469E-16, 7.141E+01, 1.623E+02, 9.844E+01, 5.068E+01, 4.874E+01, 1.163E+02, 2.135E+00, 4.535E-01, 1.350E-01, 3.869E-01, 1.000E+00, 9.170E-01, 9.826E-01, 7.826E-01, 1.000E+00, 9.123E-01, 6.547E-01, 4.301E-03, 4.608E-03, 0.000E+00, 1.107E+02, 5.061E+01, 5.000E-03, 2.059E-02, 3.908E+01, 5.901E-03, 2.222E+00
25/06/2019,10:00,9,3.491,3.991,20.145,.508,1.173, 1.024E+03, 3.782E+01, 0.000E+00, 3.469E-16, 7.647E+01, 1.689E+02, 1.011E+02, 5.272E+01, 4.874E+01, 1.163E+02, 2.521E+00, 4.542E-01, 1.594E-01, 4.029E-01, 1.000E+00, 9.254E-01, 9.844E-01, 8.251E-01, 1.000E+00, 9.123E-01, 6.966E-01, 4.586E-03, 4.878E-03, 0.000E+00, 9.380E+01, 4.288E+01, 5.000E-03, 2.196E-02, 3.710E+01, 6.777E-03, 2.030E+00
25/06/2019,11:00,9,3.491,3.991,20.817,.463,1.336, 1.023E+03, 3.671E+01, 0.000E+00, 3.469E-16, 7.789E+01, 1.707E+02, 1.018E+02, 5.326E+01, 4.874E+01, 1.163E+02, 2.946E+00, 4.548E-01, 1.863E-01, 4.072E-01, 1.000E+00, 9.275E-01, 9.848E-01, 8.630E-01, 9.790E-01, 9.123E-01, 7.149E-01, 4.718E-03, 5.009E-03, 0.000E+00, 8.029E+01, 3.669E+01, 5.000E-03, 2.259E-02, 3.625E+01, 7.646E-03, 1.804E+00
25/06/2019,12:00,9,3.491,3.991,21.490,.418,1.510, 1.023E+03, 3.854E+01, 0.000E+00, 3.469E-16, 1.080E+01, 1.216E+02, 4.381E+01, 3.690E+01, 2.339E+01, 1.110E+02, 3.397E+00, 5.300E-01, 2.069E-01, 4.000E-01, 1.000E+00, 8.025E-01, 8.350E-01, 8.962E-01, 8.775E-01, 9.123E-01, 5.758E-01, 3.808E-03, 3.962E-03, 0.000E+00, 7.752E+01, 3.304E+01, 5.000E-03, 1.823E-02, 4.304E+01, 7.745E-03, 1.556E+00
25/06/2019,13:00,9,3.491,3.991,21.002,.437,1.417, 1.023E+03, 4.287E+01, 0.000E+00, 3.469E-16, 9.957E+00, 1.150E+02, 4.169E+01, 3.490E+01, 2.339E+01, 1.110E+02, 3.388E+00, 5.296E-01, 2.063E-01, 3.811E-01, 1.000E+00, 7.841E-01, 8.200E-01, 8.726E-01, 9.320E-01, 9.123E-01, 5.817E-01, 3.841E-03, 4.017E-03, 0.000E+00, 7.773E+01, 3.313E+01, 5.000E-03, 1.839E-02, 4.275E+01, 7.749E-03, 1.440E+00
25/06/2019,14:00,9,3.491,3.991,20.515,.457,1.327, 1.022E+03, 4.893E+01, 0.000E+00, 3.469E-16, 8.669E+00, 1.042E+02, 3.822E+01, 3.162E+01, 2.339E+01, 1.110E+02, 3.407E+00, 5.293E-01, 2.075E-01, 3.500E-01, 1.000E+00, 7.503E-01, 7.924E-01, 8.465E-01, 9.840E-01, 9.123E-01, 5.702E-01, 3.759E-03, 3.970E-03, 0.000E+00, 7.728E+01, 3.295E+01, 5.000E-03, 1.800E-02, 4.349E+01, 7.734E-03, 1.371E+00
25/06/2019,15:00,9,3.491,3.991,20.028,.476,1.242, 1.022E+03, 5.596E+01, 8.441E-03, 3.469E-16, 1.217E+01, 9.933E+01, 4.116E+01, 3.029E+01,-1.677E+01, 4.541E+01, 3.454E+00, 3.991E-01, 1.928E-01, 3.065E-01, 1.000E+00, 7.441E-01, 8.160E-01, 8.180E-01, 1.000E+00, 9.123E-01, 5.553E-01, 3.655E-03, 4.008E-03, 0.000E+00, 9.292E+01, 3.545E+01, 5.000E-03, 1.750E-02, 4.445E+01, 7.257E-03, 1.233E+00
25/06/2019,16:00,9,3.491,3.991,18.931,.552,.989, 1.021E+03, 6.339E+01, 8.441E-03, 3.469E-16, 8.958E+00, 7.885E+01, 3.406E+01, 2.406E+01,-1.677E+01, 4.541E+01, 2.961E+00, 3.984E-01, 1.652E-01, 2.514E-01, 1.000E+00, 6.598E-01, 7.536E-01, 7.450E-01, 1.000E+00, 9.123E-01, 4.484E-01, 2.940E-03, 3.359E-03, 0.000E+00, 1.084E+02, 4.137E+01, 5.000E-03, 1.408E-02, 5.242E+01, 6.198E-03, 1.141E+00
25/06/2019,17:00,9,3.491,3.991,17.834,.629,.765, 1.021E+03, 7.080E+01, 8.441E-03, 3.469E-16, 5.657E+00, 5.548E+01, 2.553E+01, 1.693E+01,-1.677E+01, 4.541E+01, 2.539E+00, 3.978E-01, 1.416E-01, 1.874E-01, 1.000E+00, 5.294E-01, 6.501E-01, 6.597E-01, 1.000E+00, 9.123E-01, 3.186E-01, 2.081E-03, 2.556E-03, 0.000E+00, 1.266E+02, 4.826E+01, 5.000E-03, 9.965E-03, 6.682E+01, 5.157E-03, 1.145E+00
25/06/2019,18:00,9,3.491,3.991,16.736,.706,.565, 1.020E+03, 7.784E+01, 3.415E-01, 3.469E-16, 1.048E+00, 2.603E+01, 1.037E+01, 7.886E+00,-1.464E+01, 1.757E+01, 2.227E+00, 2.371E-01, 1.044E-01, 1.207E-01, 1.000E+00, 2.855E-01, 3.473E-01, 5.622E-01, 1.000E+00, 9.123E-01, 1.464E-01, 9.528E-04, 1.159E-03, 0.000E+00, 2.043E+02, 6.546E+01, 5.000E-03, 4.562E-03, 1.046E+02, 3.572E-03, 1.290E+00
25/06/2019,19:00,9,3.491,3.991,16.188,.751,.462, 1.020E+03, 8.416E+01, 3.415E-01, 3.469E-16, 1.961E-01, 9.098E+00, 3.715E+00, 2.751E+00,-1.464E+01, 1.757E+01, 2.128E+00, 2.369E-01, 1.000E-01, 5.825E-02, 1.000E+00, 1.090E-01, 1.417E-01, 5.088E-01, 1.000E+00, 9.123E-01, 5.058E-02, 3.286E-04, 4.271E-04, 0.000E+00, 2.134E+02, 6.835E+01, 5.000E-03, 1.573E-03, 1.521E+02, 2.983E-03, 1.304E+00
25/06/2019,20:00,9,3.491,3.991,15.639,.796,.365, 1.020E+03, 8.948E+01, 3.415E-01, 3.469E-16, 1.489E-10, 6.026E-01, 0.000E+00, 0.000E+00,-1.464E+01, 1.757E+01, 2.031E+00, 2.367E-01, 1.000E-01,-9.990E+02, 1.000E+00,-9.990E+02, 0.000E+00, 0.000E+00, 0.000E+00, 9.123E-01, 0.000E+00, 0.000E+00, 0.000E+00, 0.000E+00, 2.135E+02, 6.835E+01, 5.000E-03, 0.000E+00, 2.000E+02, 2.610E-03, 1.376E+00
25/06/2019,21:00,9,3.491,3.991,15.090,.841,.274, 1.020E+03, 9.348E+01, 6.105E-01, 3.469E-16, 0.000E+00, 0.000E+00, 0.000E+00, 0.000E+00,-1.363E+01, 2.690E+01, 1.934E+00, 2.195E-01, 1.000E-01,-9.990E+02, 1.000E+00,-9.990E+02, 0.000E+00, 0.000E+00, 0.000E+00, 9.123E-01, 0.000E+00, 0.000E+00, 0.000E+00, 0.000E+00, 2.211E+02, 6.835E+01, 5.000E-03, 0.000E+00, 2.000E+02, 2.605E-03, 1.523E+00
25/06/2019,22:00,9,3.491,3.991,14.656,.893,.180, 1.019E+03, 9.591E+01, 6.105E-01, 3.469E-16, 0.000E+00, 0.000E+00, 0.000E+00, 0.000E+00,-1.363E+01, 2.690E+01, 1.990E+00, 2.194E-01, 1.000E-01,-9.990E+02, 1.000E+00,-9.990E+02, 0.000E+00, 0.000E+00, 0.000E+00, 9.123E-01, 0.000E+00, 0.000E+00, 0.000E+00, 0.000E+00, 2.212E+02, 6.835E+01, 8.500E-03, 0.000E+00, 1.176E+02, 3.317E-03, 1.552E+00
25/06/2019,23:00,9,3.491,3.991,14.222,.945,.090, 1.019E+03, 9.659E+01, 6.105E-01, 3.469E-16, 0.000E+00, 0.000E+00, 0.000E+00, 0.000E+00,-1.363E+01, 2.690E+01, 2.093E+00, 2.193E-01, 1.000E-01,-9.990E+02, 1.000E+00,-9.990E+02, 0.000E+00, 0.000E+00, 0.000E+00, 9.123E-01, 0.000E+00, 0.000E+00, 0.000E+00, 0.000E+00, 2.213E+02, 6.835E+01, 1.753E-02, 0.000E+00, 5.705E+01, 4.151E-03, 1.484E+00
26/06/2019,00:00,9,3.491,3.991,13.787,.996,.006, 1.018E+03, 9.548E+01, 5.588E-01, 3.469E-16, 0.000E+00, 0.000E+00, 0.000E+00, 0.000E+00,-6.656E+00, 1.532E+01, 2.237E+00, 1.683E-01, 1.000E-01,-9.990E+02, 1.000E+00,-9.990E+02, 0.000E+00, 0.000E+00, 0.000E+00, 9.123E-01, 0.000E+00, 0.000E+00, 0.000E+00, 0.000E+00, 2.256E+02, 6.835E+01, 3.616E-02, 0.000E+00, 2.766E+01, 4.718E-03, 1.247E+00
26/06/2019,01:00,9,3.491,3.991,13.865,.997,.005, 1.018E+03, 9.265E+01, 5.588E-01, 3.469E-16, 0.000E+00, 0.000E+00, 0.000E+00, 0.000E+00,-6.656E+00, 1.532E+01, 2.009E+00, 1.684E-01, 1.000E-01,-9.990E+02, 1.000E+00,-9.990E+02, 0.000E+00, 0.000E+00, 0.000E+00, 9.123E-01, 0.000E+00, 0.000E+00, 0.000E+00, 0.000E+00, 2.255E+02, 6.835E+01, 3.343E-02, 0.000E+00, 2.991E+01, 4.669E-03, 1.181E+00
26/06/2019,02:00,9,3.491,3.991,13.943,.998,.004, 1.017E+03, 8.830E+01, 5.588E-01, 3.469E-16, 1.685E-03, 2.475E+00, 7.743E-01, 7.458E-01,-6.656E+00, 1.532E+01, 1.780E+00, 1.684E-01, 1.000E-01, 1.695E-02, 1.000E+00, 3.023E-02, 3.134E-02, 2.583E-01, 1.000E+00, 9.033E-01, 7.053E-03, 4.546E-05, 4.714E-05, 0.000E+00, 2.255E+02, 6.835E+01, 3.337E-02, 2.176E-04, 2.977E+01, 4.672E-03, 1.163E+00
26/06/2019,03:00,9,3.491,3.991,14.021,.998,.003, 1.016E+03, 8.272E+01, 2.004E-01, 3.469E-16, 3.530E-01, 1.261E+01, 5.209E+00, 3.816E+00,-6.324E-01, 3.201E+01, 1.552E+00, 2.255E-01, 1.000E-01, 7.260E-02, 1.000E+00, 1.487E-01, 1.928E-01, 2.679E-01, 1.000E+00, 9.033E-01, 3.598E-02, 2.320E-04, 3.008E-04, 0.000E+00, 1.706E+02, 6.835E+01, 3.331E-02, 1.111E-03, 2.905E+01, 4.802E-03, 1.195E+00
26/06/2019,04:00,9,3.491,3.991,14.334,.997,.005, 1.016E+03, 7.619E+01, 2.004E-01, 3.469E-16, 1.322E+00, 3.082E+01, 1.211E+01, 9.342E+00,-6.324E-01, 3.201E+01, 1.597E+00, 2.257E-01, 1.000E-01, 1.366E-01, 1.000E+00, 3.290E-01, 3.923E-01, 3.056E-01, 1.000E+00, 9.033E-01, 9.083E-02, 5.862E-04, 6.989E-04, 0.000E+00, 1.706E+02, 6.835E+01, 3.308E-02, 2.806E-03, 2.786E+01, 4.830E-03, 1.336E+00
26/06/2019,05:00,9,3.491,3.991,14.646,.996,.007, 1.015E+03, 6.904E+01, 2.004E-01, 3.469E-16, 2.566E+00, 5.120E+01, 1.911E+01, 1.552E+01,-6.324E-01, 3.201E+01, 1.681E+00, 2.259E-01, 1.000E-01, 2.033E-01, 1.000E+00, 4.866E-01, 5.443E-01, 3.423E-01, 1.000E+00, 9.033E-01, 1.504E-01, 9.720E-04, 1.087E-03, 0.000E+00, 1.706E+02, 6.835E+01, 3.286E-02, 4.653E-03, 2.666E+01, 4.858E-03, 1.668E+00
26/06/2019,06:00,9,3.491,3.991,14.959,.994,.010, 1.014E+03, 6.159E+01, 6.174E-01, 3.469E-16, 9.890E+01, 1.085E+02, 1.399E+02, 3.591E+01, 7.244E-01, 6.703E+01, 1.798E+00, 1.519E-01, 1.102E-01, 2.656E-01, 1.000E+00, 8.315E-01, 9.968E-01, 3.780E-01, 1.000E+00, 9.033E-01, 2.839E-01, 1.836E-03, 2.201E-03, 0.000E+00, 1.437E+02, 6.202E+01, 3.264E-02, 8.791E-03, 2.413E+01, 5.393E-03, 2.004E+00
26/06/2019,07:00,9,3.491,3.991,15.420,.988,.021, 1.014E+03, 5.421E+01, 6.174E-01, 3.469E-16, 1.307E+02, 1.267E+02, 1.538E+02, 4.202E+01, 7.244E-01, 6.703E+01, 1.296E+00, 1.520E-01, 1.000E-01, 3.181E-01, 1.000E+00, 8.783E-01, 9.982E-01, 4.289E-01, 1.000E+00, 9.033E-01, 3.403E-01, 2.204E-03, 2.505E-03, 0.000E+00, 1.584E+02, 6.835E+01, 2.803E-02, 1.055E-02, 2.592E+01, 4.910E-03, 1.934E+00
26/06/2019,08:00,9,3.491,3.991,15.881,.982,.032, 1.014E+03, 4.736E+01, 6.174E-01, 3.469E-16, 1.581E+02, 1.390E+02, 1.628E+02, 4.611E+01, 7.244E-01, 6.703E+01, 8.041E-01, 1.521E-01, 1.000E-01, 3.585E-01, 1.000E+00, 9.033E-01, 9.988E-01, 4.776E-01, 1.000E+00, 9.033E-01, 3.897E-01, 2.529E-03, 2.796E-03, 0.000E+00, 1.584E+02, 6.835E+01, 2.778E-02, 1.211E-02, 2.507E+01, 4.930E-03, 2.188E+00
26/06/2019,09:00,9,3.491,3.991,16.343,.976,.045, 1.014E+03, 4.166E+01, 3.121E-01, 3.469E-16, 1.866E+02, 1.434E+02, 1.727E+02, 4.784E+01, 1.660E+00, 1.241E+02, 3.629E-01, 1.089E-01, 1.000E-01, 3.866E-01, 1.000E+00, 9.140E-01, 9.992E-01, 5.242E-01, 1.000E+00, 9.033E-01, 4.327E-01, 2.812E-03, 3.074E-03, 0.000E+00, 1.369E+02, 6.835E+01, 2.387E-02, 1.346E-02, 2.679E+01, 5.017E-03, 2.151E+00
26/06/2019,10:00,9,3.491,3.991,16.677,.963,.070, 1.013E+03, 3.787E+01, 3.121E-01, 3.469E-16, 1.998E+02, 1.466E+02, 1.755E+02, 4.895E+01, 1.660E+00, 1.241E+02, 1.417E-01, 1.090E-01, 1.000E-01, 4.027E-01, 1.000E+00, 9.199E-01, 9.993E-01, 5.565E-01, 1.000E+00, 9.033E-01, 4.625E-01, 3.009E-03, 3.268E-03, 0.000E+00, 1.369E+02, 6.835E+01, 2.056E-02, 1.441E-02, 2.860E+01, 4.971E-03, 1.988E+00
26/06/2019,11:00,9,3.491,3.991,17.011,.951,.096, 1.012E+03, 3.675E+01, 3.121E-01, 3.469E-16, 2.035E+02, 1.474E+02, 1.762E+02, 4.922E+01, 1.660E+00, 1.241E+02, 1.031E-01, 1.091E-01, 1.000E-01, 4.071E-01, 1.000E+00, 9.214E-01, 9.993E-01, 5.878E-01, 1.000E+00, 9.033E-01, 4.892E-01, 3.186E-03, 3.456E-03, 0.000E+00, 1.369E+02, 6.835E+01, 1.772E-02, 1.526E-02, 3.033E+01, 4.928E-03, 1.959E+00
26/06/2019,12:00,9,3.491,3.991,17.345,.938,.124, 1.012E+03, 3.856E+01, 1.903E-01, 3.469E-16, 3.618E+02, 7.013E+01, 2.612E+02, 2.983E+01, 7.614E+01, 1.941E+02, 3.214E-01, 3.872E-01, 1.000E-01, 3.999E-01, 1.000E+00, 8.241E-01, 1.000E+00, 6.179E-01, 1.000E+00, 9.033E-01, 4.599E-01, 2.999E-03, 3.639E-03, 0.000E+00, 1.366E+02, 6.835E+01, 1.324E-02, 1.436E-02, 3.624E+01, 4.792E-03, 1.735E+00
26/06/2019,13:00,9,3.491,3.991,18.259,.840,.339, 1.011E+03, 4.289E+01, 1.903E-01, 3.469E-16, 3.337E+02, 7.395E+01, 2.585E+02, 3.071E+01, 7.614E+01, 1.941E+02, 8.217E-01, 3.879E-01, 1.000E-01, 3.810E-01, 1.000E+00, 8.250E-01, 1.000E+00, 6.943E-01, 1.000E+00, 9.033E-01, 5.173E-01, 3.384E-03, 4.102E-03, 0.000E+00, 1.366E+02, 6.835E+01, 5.000E-03, 1.620E-02, 4.716E+01, 4.553E-03, 1.566E+00
26/06/2019,14:00,9,3.491,3.991,19.173,.742,.580, 1.011E+03, 4.894E+01, 1.903E-01, 3.469E-16, 2.907E+02, 7.761E+01, 2.526E+02, 3.131E+01, 7.614E+01, 1.941E+02, 1.374E+00, 3.886E-01, 1.000E-01, 3.499E-01, 1.000E+00, 8.206E-01, 1.000E+00, 7.622E-01, 1.000E+00, 9.033E-01, 5.650E-01, 3.707E-03, 4.518E-03, 0.000E+00, 1.367E+02, 6.835E+01, 5.000E-03, 1.775E-02, 4.396E+01, 4.620E-03, 1.045E+00
26/06/2019,15:00,9,3.491,3.991,20.086,.643,.848, 1.010E+03, 5.596E+01, 4.175E-02, 3.469E-16, 2.391E+02, 7.946E+01, 2.448E+02, 3.112E+01, 1.223E+01, 9.509E+01, 1.935E+00, 3.007E-01, 1.217E-01, 3.065E-01, 1.000E+00, 8.072E-01, 1.000E+00, 8.216E-01, 1.000E+00, 9.033E-01, 5.990E-01, 3.943E-03, 4.885E-03, 0.000E+00, 1.242E+02, 5.618E+01, 5.000E-03, 1.888E-02, 4.188E+01, 5.351E-03, 7.798E-01
26/06/2019,16:00,9,3.491,3.991,19.518,.686,.721, 1.010E+03, 6.340E+01, 4.175E-02, 3.469E-16, 1.762E+02, 7.484E+01, 2.252E+02, 2.847E+01, 1.223E+01, 9.509E+01, 1.646E+00, 3.005E-01, 1.035E-01, 2.513E-01, 1.000E+00, 7.678E-01, 9.999E-01, 7.857E-01, 1.000E+00, 9.033E-01, 5.449E-01, 3.580E-03, 4.662E-03, 0.000E+00, 1.459E+02, 6.604E+01, 5.000E-03, 1.714E-02, 4.517E+01, 4.638E-03, 8.025E-01
26/06/2019,17:00,9,3.491,3.991,18.950,.728,.601, 1.009E+03, 7.081E+01, 4.175E-02, 3.469E-16, 1.114E+02, 6.345E+01, 1.929E+02, 2.333E+01, 1.223E+01, 9.509E+01, 1.396E+00, 3.003E-01, 1.000E-01, 1.874E-01, 1.000E+00, 6.887E-01, 9.996E-01, 7.464E-01, 1.000E+00, 9.033E-01, 4.643E-01, 3.045E-03, 4.420E-03, 0.000E+00, 1.510E+02, 6.835E+01, 5.000E-03, 1.458E-02, 5.108E+01, 4.396E-03, 7.365E-01
26/06/2019,18:00,9,3.491,3.991,18.382,.771,.489, 1.009E+03, 7.785E+01, 4.573E-04, 3.469E-16, 5.265E+01, 4.610E+01, 1.412E+02, 1.613E+01,-1.780E+01, 1.192E+01, 1.212E+00, 1.969E-01, 1.000E-01, 1.206E-01, 1.000E+00, 5.467E-01, 9.970E-01, 7.039E-01, 1.000E+00, 9.033E-01, 3.476E-01, 2.275E-03, 4.149E-03, 0.000E+00, 2.648E+02, 6.835E+01, 5.000E-03, 1.089E-02, 6.293E+01, 3.987E-03, 6.744E-01
26/06/2019,19:00,9,3.491,3.991,17.246,.801,.394, 1.009E+03, 8.418E+01, 4.573E-04, 3.469E-16, 9.895E+00, 2.394E+01, 5.646E+01, 7.684E+00,-1.780E+01, 1.192E+01, 1.781E+00, 1.965E-01, 1.000E-01, 5.811E-02, 1.000E+00, 3.076E-01, 9.019E-01, 6.090E-01, 1.000E+00, 9.033E-01, 1.692E-01, 1.103E-03, 3.234E-03, 0.000E+00, 2.654E+02, 6.835E+01, 5.000E-03, 5.282E-03, 9.726E+01, 3.506E-03, 6.512E-01
26/06/2019,20:00,9,3.491,3.991,16.109,.832,.310, 1.009E+03, 8.950E+01, 4.573E-04, 3.469E-16, 3.935E-09, 2.104E+00, 0.000E+00, 0.000E+00,-1.780E+01, 1.192E+01, 2.396E+00, 1.961E-01, 1.000E-01,-9.990E+02, 1.000E+00,-9.990E+02, 0.000E+00, 0.000E+00, 0.000E+00, 9.033E-01, 0.000E+00, 0.000E+00, 0.000E+00, 0.000E+00, 2.660E+02, 6.835E+01, 5.000E-03, 0.000E+00, 2.000E+02, 2.577E-03, 6.218E-01
26/06/2019,21:00,9,3.491,3.991,14.973,.862,.236, 1.009E+03, 9.351E+01, 2.238E-04, 3.469E-16, 0.000E+00, 0.000E+00, 0.000E+00, 0.000E+00,-3.034E+01, 3.717E+00, 3.028E+00, 2.806E-01, 1.345E-01,-9.990E+02, 1.000E+00,-9.990E+02, 0.000E+00, 0.000E+00, 0.000E+00, 9.033E-01, 0.000E+00, 0.000E+00, 0.000E+00, 0.000E+00, 1.674E+02, 5.082E+01, 5.501E-03, 0.000E+00, 1.818E+02, 3.137E-03, 7.633E-01
26/06/2019,22:00,9,3.491,3.991,14.245,.896,.170, 1.009E+03, 9.594E+01, 2.238E-04, 3.469E-16, 0.000E+00, 0.000E+00, 0.000E+00, 0.000E+00,-3.034E+01, 3.717E+00, 2.951E+00, 2.803E-01, 1.310E-01,-9.990E+02, 1.000E+00,-9.990E+02, 0.000E+00, 0.000E+00, 0.000E+00, 9.033E-01, 0.000E+00, 0.000E+00, 0.000E+00, 0.000E+00, 1.721E+02, 5.219E+01, 8.577E-03, 0.000E+00, 1.166E+02, 3.887E-03, 8.407E-01
26/06/2019,23:00,9,3.491,3.991,13.516,.929,.110, 1.009E+03, 9.663E+01, 2.238E-04, 3.469E-16, 0.000E+00, 0.000E+00, 0.000E+00, 0.000E+00,-3.034E+01, 3.717E+00, 2.923E+00, 2.799E-01, 1.296E-01,-9.990E+02, 1.000E+00,-9.990E+02, 0.000E+00, 0.000E+00, 0.000E+00, 9.033E-01, 0.000E+00, 0.000E+00, 0.000E+00, 0.000E+00, 1.741E+02, 5.275E+01, 1.339E-02, 0.000E+00, 7.471E+01, 4.610E-03, 8.565E-01
27/06/2019,00:00,9,3.491,3.991,12.788,.963,.056, 1.009E+03, 9.552E+01, 0.000E+00, 3.469E-16, 0.000E+00, 0.000E+00, 0.000E+00, 0.000E+00,-6.474E+01, 3.869E+01, 2.945E+00, 5.615E-01, 1.605E-01,-9.990E+02, 1.000E+00,-9.990E+02, 0.000E+00, 0.000E+00, 0.000E+00, 9.033E-01, 0.000E+00, 0.000E+00, 0.000E+00, 0.000E+00, 1.143E+02, 4.258E+01, 3.279E-02, 0.000E+00, 3.050E+01, 6.999E-03, 7.789E-01
27/06/2019,01:00,9,3.491,3.991,12.864,.880,.179, 1.010E+03, 9.270E+01, 0.000E+00, 3.469E-16, 0.000E+00, 0.000E+00, 0.000E+00, 0.000E+00,-6.474E+01, 3.869E+01, 3.480E+00, 5.614E-01, 1.896E-01,-9.990E+02, 1.000E+00,-9.990E+02, 0.000E+00, 0.000E+00, 0.000E+00, 9.033E-01, 0.000E+00, 0.000E+00, 0.000E+00, 0.000E+00, 9.675E+01, 3.604E+01, 7.188E-03, 0.000E+00, 1.391E+02, 4.269E-03, 6.705E-01
27/06/2019,02:00,9,3.491,3.991,12.940,.797,.304, 1.010E+03, 8.836E+01, 0.000E+00, 3.469E-16, 2.606E-02, 6.576E+00, 2.438E+00, 1.983E+00,-6.474E+01, 3.869E+01, 4.114E+00, 5.613E-01, 2.242E-01, 1.640E-02, 1.000E+00, 7.859E-02, 9.542E-02, 1.298E-01, 1.000E+00, 9.462E-01, 9.652E-03, 6.199E-05, 7.526E-05, 0.000E+00, 8.184E+01, 3.049E+01, 5.000E-03, 2.968E-04, 1.888E+02, 3.714E-03, 7.618E-01
27/06/2019,03:00,9,3.491,3.991,13.016,.715,.429, 1.011E+03, 8.278E+01, 0.000E+00, 3.469E-16, 1.737E+01, 2.930E+01, 7.871E+01, 9.634E+00, 1.852E+01, 9.136E+01, 4.808E+00, 7.223E-01, 2.881E-01, 7.203E-02, 1.000E+00, 3.728E-01, 9.607E-01, 1.399E-01, 1.000E+00, 9.462E-01, 4.935E-02, 3.170E-04, 8.170E-04, 0.000E+00, 5.741E+01, 2.372E+01, 5.000E-03, 1.518E-03, 1.534E+02, 4.642E-03, 8.597E-01
27/06/2019,04:00,9,3.491,3.991,13.508,.672,.510, 1.011E+03, 7.625E+01, 0.000E+00, 3.469E-16, 6.554E+01, 5.080E+01, 1.559E+02, 1.802E+01, 1.852E+01, 9.136E+01, 4.852E+00, 7.228E-01, 2.907E-01, 1.360E-01, 1.000E+00, 5.881E-01, 9.984E-01, 2.038E-01, 1.000E+00, 9.462E-01, 1.134E-01, 7.299E-04, 1.239E-03, 0.000E+00, 5.690E+01, 2.351E+01, 5.000E-03, 3.495E-03, 1.177E+02, 5.581E-03, 6.181E-01
27/06/2019,05:00,9,3.491,3.991,14.000,.630,.595, 1.012E+03, 6.910E+01, 0.000E+00, 3.469E-16, 1.275E+02, 6.741E+01, 2.037E+02, 2.500E+01, 1.852E+01, 9.136E+01, 4.896E+00, 7.232E-01, 2.934E-01, 2.028E-01, 1.000E+00, 7.149E-01, 9.998E-01, 2.653E-01, 1.000E+00, 9.462E-01, 1.795E-01, 1.157E-03, 1.618E-03, 0.000E+00, 5.638E+01, 2.330E+01, 5.000E-03, 5.539E-03, 9.489E+01, 6.419E-03, 5.740E-01
27/06/2019,06:00,9,3.491,3.991,14.492,.587,.685, 1.012E+03, 6.165E+01, 0.000E+00, 3.469E-16, 1.919E+02, 7.684E+01, 2.315E+02, 2.943E+01, 2.015E+02, 1.663E+02, 4.941E+00, 8.478E-01, 3.072E-01, 2.651E-01, 1.000E+00, 7.809E-01, 9.999E-01, 3.243E-01, 1.000E+00, 9.462E-01, 2.396E-01, 1.547E-03, 1.981E-03, 0.000E+00, 5.023E+01, 2.225E+01, 5.000E-03, 7.408E-03, 8.059E+01, 7.234E-03, 6.353E-01
27/06/2019,07:00,9,3.491,3.991,15.610,.543,.817, 1.013E+03, 5.427E+01, 0.000E+00, 3.469E-16, 2.538E+02, 8.005E+01, 2.488E+02, 3.156E+01, 2.015E+02, 1.663E+02, 5.347E+00, 8.492E-01, 3.323E-01, 3.177E-01, 1.000E+00, 8.137E-01, 1.000E+00, 4.492E-01, 1.000E+00, 9.462E-01, 3.459E-01, 2.242E-03, 2.755E-03, 0.000E+00, 4.644E+01, 2.057E+01, 5.000E-03, 1.073E-02, 6.356E+01, 8.559E-03, 6.715E-01
27/06/2019,08:00,9,3.491,3.991,16.728,.498,.964, 1.013E+03, 4.742E+01, 0.000E+00, 3.469E-16, 3.070E+02, 7.834E+01, 2.587E+02, 3.181E+01, 2.015E+02, 1.663E+02, 5.770E+00, 8.507E-01, 3.586E-01, 3.582E-01, 1.000E+00, 8.265E-01, 1.000E+00, 5.614E-01, 1.000E+00, 9.462E-01, 4.391E-01, 2.857E-03, 3.457E-03, 0.000E+00, 4.306E+01, 1.906E+01, 5.000E-03, 1.368E-02, 5.354E+01, 9.716E-03, 6.496E-01
27/06/2019,09:00,9,3.491,3.991,17.847,.453,1.129, 1.013E+03, 4.171E+01, 8.010E-03, 3.469E-16, 3.358E+02, 7.184E+01, 2.550E+02, 3.001E+01, 1.696E+02, 1.917E+02, 6.207E+00, 8.069E-01, 3.855E-01, 3.864E-01, 1.000E+00, 8.214E-01, 1.000E+00, 6.608E-01, 1.000E+00, 9.462E-01, 5.136E-01, 3.355E-03, 4.085E-03, 0.000E+00, 4.009E+01, 1.773E+01, 5.000E-03, 1.606E-02, 4.747E+01, 1.070E-02, 6.810E-01
27/06/2019,10:00,9,3.491,3.991,18.274,.452,1.161, 1.013E+03, 3.792E+01, 8.010E-03, 3.469E-16, 3.597E+02, 6.840E+01, 2.572E+02, 2.920E+01, 1.696E+02, 1.917E+02, 5.389E+00, 8.075E-01, 3.347E-01, 4.025E-01, 1.000E+00, 8.202E-01, 1.000E+00, 6.955E-01, 1.000E+00, 9.462E-01, 5.397E-01, 3.531E-03, 4.305E-03, 0.000E+00, 4.618E+01, 2.042E+01, 5.000E-03, 1.691E-02, 4.565E+01, 1.015E-02, 7.052E-01
27/06/2019,11:00,9,3.491,3.991,18.702,.452,1.193, 1.013E+03, 3.679E+01, 8.010E-03, 3.469E-16, 3.664E+02, 6.728E+01, 2.577E+02, 2.892E+01, 1.696E+02, 1.917E+02, 4.611E+00, 8.082E-01, 2.863E-01, 4.069E-01, 1.000E+00, 8.194E-01, 1.000E+00, 7.283E-01, 1.000E+00, 9.462E-01, 5.647E-01, 3.700E-03, 4.515E-03, 0.000E+00, 5.399E+01, 2.387E+01, 5.000E-03, 1.771E-02, 4.403E+01, 9.444E-03, 7.895E-01
27/06/2019,12:00,9,3.491,3.991,19.130,.452,1.227, 1.013E+03, 3.859E+01, 3.406E-04, 3.469E-16, 3.456E+02, 6.710E+01, 2.496E+02, 2.853E+01, 1.513E+01, 1.319E+02, 3.896E+00, 6.136E-01, 2.341E-01, 3.998E-01, 1.000E+00, 8.143E-01, 1.000E+00, 7.592E-01, 1.000E+00, 9.462E-01, 5.850E-01, 3.838E-03, 4.713E-03, 0.000E+00, 7.029E+01, 2.920E+01, 5.000E-03, 1.838E-02, 4.278E+01, 8.399E-03, 8.225E-01
27/06/2019,13:00,9,3.491,3.991,18.962,.458,1.201, 1.013E+03, 4.291E+01, 3.406E-04, 3.469E-16, 3.187E+02, 7.075E+01, 2.469E+02, 2.937E+01, 1.513E+01, 1.319E+02, 3.633E+00, 6.133E-01, 2.183E-01, 3.809E-01, 1.000E+00, 8.150E-01, 1.000E+00, 7.473E-01, 1.000E+00, 9.462E-01, 5.763E-01, 3.779E-03, 4.637E-03, 0.000E+00, 7.536E+01, 3.131E+01, 5.000E-03, 1.809E-02, 4.330E+01, 7.994E-03, 7.734E-01
27/06/2019,14:00,9,3.491,3.991,18.794,.463,1.176, 1.013E+03, 4.895E+01, 3.406E-04, 3.469E-16, 2.776E+02, 7.425E+01, 2.413E+02, 2.994E+01, 1.513E+01, 1.319E+02, 3.436E+00, 6.131E-01, 2.065E-01, 3.498E-01, 1.000E+00, 8.102E-01, 1.000E+00, 7.351E-01, 1.000E+00, 9.462E-01, 5.635E-01, 3.693E-03, 4.558E-03, 0.000E+00, 7.969E+01, 3.311E+01, 5.000E-03, 1.768E-02, 4.409E+01, 7.658E-03, 7.682E-01
27/06/2019,15:00,9,3.491,3.991,18.627,.469,1.151, 1.013E+03, 5.598E+01, 0.000E+00, 3.469E-16, 2.412E+02, 8.031E+01, 2.470E+02, 3.144E+01, 3.777E+00, 1.164E+02, 3.314E+00, 4.850E-01, 1.981E-01, 3.064E-01, 1.000E+00, 8.097E-01, 1.000E+00, 7.226E-01, 1.000E+00, 9.462E-01, 5.536E-01, 3.626E-03, 4.479E-03, 0.000E+00, 8.397E+01, 3.451E+01, 5.000E-03, 1.736E-02, 4.472E+01, 7.409E-03, 7.537E-01
27/06/2019,16:00,9,3.491,3.991,18.042,.483,1.080, 1.014E+03, 6.341E+01, 0.000E+00, 3.469E-16, 1.776E+02, 7.563E+01, 2.271E+02, 2.875E+01, 3.777E+00, 1.164E+02, 3.142E+00, 4.844E-01, 1.878E-01, 2.512E-01, 1.000E+00, 7.705E-01, 9.999E-01, 6.769E-01, 1.000E+00, 9.462E-01, 4.935E-01, 3.226E-03, 4.186E-03, 0.000E+00, 8.856E+01, 3.640E+01, 5.000E-03, 1.544E-02, 4.891E+01, 6.939E-03, 6.085E-01
27/06/2019,17:00,9,3.491,3.991,17.457,.496,1.014, 1.014E+03, 7.082E+01, 0.000E+00, 3.469E-16, 1.122E+02, 6.409E+01, 1.943E+02, 2.356E+01, 3.777E+00, 1.164E+02, 2.987E+00, 4.839E-01, 1.785E-01, 1.872E-01, 1.000E+00, 6.915E-01, 9.997E-01, 6.276E-01, 1.000E+00, 9.462E-01, 4.106E-01, 2.679E-03, 3.873E-03, 0.000E+00, 9.316E+01, 3.829E+01, 5.000E-03, 1.283E-02, 5.610E+01, 6.400E-03, 4.864E-01
27/06/2019,18:00,9,3.491,3.991,16.872,.509,.950, 1.014E+03, 7.786E+01, 0.000E+00, 3.469E-16, 5.156E+01, 4.542E+01, 1.385E+02, 1.588E+01,-3.597E+01, 3.226E+01, 2.851E+00, 2.692E-01, 1.167E-01, 1.204E-01, 1.000E+00, 5.419E-01, 9.966E-01, 5.749E-01, 1.000E+00, 9.462E-01, 2.948E-01, 1.919E-03, 3.530E-03, 0.000E+00, 2.092E+02, 5.855E+01, 5.000E-03, 9.188E-03, 7.048E+01, 4.351E-03, 4.195E-01
27/06/2019,19:00,9,3.491,3.991,15.897,.525,.864, 1.014E+03, 8.420E+01, 0.000E+00, 3.469E-16, 9.562E+00, 2.353E+01, 5.485E+01, 7.544E+00,-3.597E+01, 3.226E+01, 2.899E+00, 2.686E-01, 1.185E-01, 5.790E-02, 1.000E+00, 3.031E-01, 8.952E-01, 4.792E-01, 1.000E+00, 9.462E-01, 1.375E-01, 8.920E-04, 2.634E-03, 0.000E+00, 2.065E+02, 5.769E+01, 5.000E-03, 4.271E-03, 1.079E+02, 3.775E-03, 4.018E-01
27/06/2019,20:00,9,3.491,3.991,14.922,.540,.785, 1.015E+03, 8.952E+01, 0.000E+00, 3.469E-16, 9.777E-10, 1.964E+00, 0.000E+00, 0.000E+00,-3.597E+01, 3.226E+01, 2.967E+00, 2.681E-01, 1.211E-01,-9.990E+02, 1.000E+00,-9.990E+02, 0.000E+00, 0.000E+00, 0.000E+00, 9.462E-01, 0.000E+00, 0.000E+00, 0.000E+00, 0.000E+00, 2.024E+02, 5.646E+01, 5.000E-03, 0.000E+00, 2.000E+02, 2.827E-03, 4.465E-01
27/06/2019,21:00,9,3.491,3.991,13.948,.556,.711, 1.015E+03, 9.354E+01, 0.000E+00, 3.469E-16, 0.000E+00, 0.000E+00, 0.000E+00, 0.000E+00,-3.956E+01, 1.777E+01, 3.053E+00, 3.080E-01, 1.363E-01,-9.990E+02, 1.000E+00,-9.990E+02, 0.000E+00, 0.000E+00, 0.000E+00, 9.462E-01, 0.000E+00, 0.000E+00, 0.000E+00, 0.000E+00, 1.643E+02, 5.015E+01, 5.000E-03, 0.000E+00, 2.000E+02, 2.984E-03, 6.265E-01
27/06/2019,22:00,9,3.491,3.991,13.319,.580,.646, 1.016E+03, 9.598E+01, 0.000E+00, 3.469E-16, 0.000E+00, 0.000E+00, 0.000E+00, 0.000E+00,-3.956E+01, 1.777E+01, 3.106E+00, 3.077E-01, 1.386E-01,-9.990E+02, 1.000E+00,-9.990E+02, 0.000E+00, 0.000E+00, 0.000E+00, 9.462E-01, 0.000E+00, 0.000E+00, 0.000E+00, 0.000E+00, 1.618E+02, 4.933E+01, 5.000E-03, 0.000E+00, 2.000E+02, 3.004E-03, 7.249E-01
27/06/2019,23:00,9,3.491,3.991,12.690,.603,.585, 1.016E+03, 9.668E+01, 0.000E+00, 3.469E-16, 0.000E+00, 0.000E+00, 0.000E+00, 0.000E+00,-3.956E+01, 1.777E+01, 3.237E+00, 3.073E-01, 1.443E-01,-9.990E+02, 1.000E+00,-9.990E+02, 0.000E+00, 0.000E+00, 0.000E+00, 9.462E-01, 0.000E+00, 0.000E+00, 0.000E+00, 0.000E+00, 1.555E+02, 4.737E+01, 5.000E-03, 0.000E+00, 2.000E+02, 3.052E-03, 7.592E-01
28/06/2019,00:00,9,3.491,3.991,12.061,.627,.527, 1.016E+03, 9.558E+01, 0.000E+00, 3.469E-16, 0.000E+00, 0.000E+00, 0.000E+00, 0.000E+00,-4.399E+01, 1.627E+01, 3.437E+00, 3.493E-01, 1.631E-01,-9.990E+02, 1.000E+00,-9.990E+02, 0.000E+00, 0.000E+00, 0.000E+00, 9.462E-01, 0.000E+00, 0.000E+00, 0.000E+00, 0.000E+00, 1.292E+02, 4.191E+01, 5.000E-03, 0.000E+00, 2.000E+02, 3.204E-03, 8.732E-01
28/06/2019,01:00,9,3.491,3.991,11.546,.655,.472, 1.016E+03, 9.276E+01, 0.000E+00, 3.469E-16, 0.000E+00, 0.000E+00, 0.000E+00, 0.000E+00,-4.399E+01, 1.627E+01, 3.273E+00, 3.489E-01, 1.552E-01,-9.990E+02, 1.000E+00,-9.990E+02, 0.000E+00, 0.000E+00, 0.000E+00, 9.462E-01, 0.000E+00, 0.000E+00, 0.000E+00, 0.000E+00, 1.358E+02, 4.403E+01, 5.000E-03, 0.000E+00, 2.000E+02, 3.146E-03, 8.061E-01
28/06/2019,02:00,9,3.491,3.991,11.031,.682,.419, 1.016E+03, 8.842E+01, 0.000E+00, 3.469E-16, 1.828E-02, 6.173E+00, 2.193E+00, 1.861E+00,-4.399E+01, 1.627E+01, 3.136E+00, 3.486E-01, 1.487E-01, 1.578E-02, 1.000E+00, 7.388E-02, 8.624E-02, 1.000E-02, 1.000E+00, 9.589E-01, 7.084E-04, 4.520E-06, 5.502E-06, 0.000E+00, 1.419E+02, 4.598E+01, 5.000E-03, 2.164E-05, 1.991E+02, 3.104E-03, 6.103E-01
28/06/2019,03:00,9,3.491,3.991,10.516,.710,.370, 1.017E+03, 8.284E+01, 0.000E+00, 3.469E-16, 1.686E+01, 2.907E+01, 7.716E+01, 9.542E+00, 4.110E+01, 6.964E+01, 3.030E+00, 4.703E-01, 1.895E-01, 7.140E-02, 1.000E+00, 3.698E-01, 9.582E-01, 1.000E-02, 1.000E+00, 9.589E-01, 3.546E-03, 2.258E-05, 6.101E-05, 0.000E+00, 8.047E+01, 3.606E+01, 5.000E-03, 1.081E-04, 1.958E+02, 3.460E-03, 5.682E-01
28/06/2019,04:00,9,3.491,3.991,11.719,.662,.468, 1.017E+03, 7.632E+01, 0.000E+00, 3.469E-16, 6.474E+01, 5.064E+01, 1.548E+02, 1.794E+01, 4.110E+01, 6.964E+01, 3.030E+00, 4.713E-01, 1.895E-01, 1.354E-01, 1.000E+00, 5.865E-01, 9.983E-01, 1.000E-02, 1.000E+00, 9.589E-01, 5.624E-03, 3.596E-05, 6.384E-05, 0.000E+00, 8.052E+01, 3.607E+01, 5.000E-03, 1.722E-04, 1.933E+02, 3.489E-03, 5.325E-01
28/06/2019,05:00,9,3.491,3.991,12.921,.613,.579, 1.017E+03, 6.917E+01, 0.000E+00, 3.469E-16, 1.266E+02, 6.734E+01, 2.029E+02, 2.495E+01, 4.110E+01, 6.964E+01, 3.039E+00, 4.723E-01, 1.900E-01, 2.022E-01, 1.000E+00, 7.141E-01, 9.998E-01, 1.273E-01, 1.000E+00, 9.589E-01, 8.717E-02, 5.598E-04, 7.838E-04, 0.000E+00, 8.034E+01, 3.597E+01, 5.000E-03, 2.680E-03, 1.302E+02, 4.480E-03, 5.878E-01
28/06/2019,06:00,9,3.491,3.991,14.124,.565,.705, 1.016E+03, 6.172E+01, 6.430E-05, 3.469E-16, 1.921E+02, 7.730E+01, 2.323E+02, 2.958E+01, 2.048E+02, 1.536E+02, 3.057E+00, 5.587E-01, 2.019E-01, 2.646E-01, 1.000E+00, 7.821E-01, 9.999E-01, 2.805E-01, 1.000E+00, 9.589E-01, 2.103E-01, 1.356E-03, 1.734E-03, 0.000E+00, 6.851E+01, 3.385E+01, 5.000E-03, 6.494E-03, 8.700E+01, 5.791E-03, 6.971E-01
28/06/2019,07:00,9,3.491,3.991,15.155,.525,.824, 1.016E+03, 5.434E+01, 6.430E-05, 3.469E-16, 2.544E+02, 8.059E+01, 2.499E+02, 3.175E+01, 2.048E+02, 1.536E+02, 2.934E+00, 5.598E-01, 1.938E-01, 3.172E-01, 1.000E+00, 8.150E-01, 1.000E+00, 3.999E-01, 1.000E+00, 9.589E-01, 3.125E-01, 2.023E-03, 2.482E-03, 0.000E+00, 7.145E+01, 3.528E+01, 5.000E-03, 9.684E-03, 6.810E+01, 6.352E-03, 7.216E-01
28/06/2019,08:00,9,3.491,3.991,16.185,.484,.956, 1.016E+03, 4.749E+01, 6.430E-05, 3.469E-16, 3.081E+02, 7.890E+01, 2.600E+02, 3.201E+01, 2.048E+02, 1.536E+02, 2.836E+00, 5.608E-01, 1.872E-01, 3.579E-01, 1.000E+00, 8.279E-01, 1.000E+00, 5.085E-01, 1.000E+00, 9.589E-01, 4.037E-01, 2.622E-03, 3.167E-03, 0.000E+00, 7.398E+01, 3.651E+01, 5.000E-03, 1.255E-02, 5.697E+01, 6.693E-03, 7.183E-01
28/06/2019,09:00,9,3.491,3.991,17.216,.444,1.102, 1.016E+03, 4.178E+01, 0.000E+00, 3.469E-16, 1.559E+02, 1.537E+02, 1.547E+02, 5.020E+01, 2.428E+02, 2.059E+02, 2.767E+00, 6.565E-01, 1.794E-01, 3.861E-01, 1.000E+00, 9.215E-01, 9.983E-01, 6.063E-01, 1.000E+00, 9.589E-01, 5.357E-01, 3.492E-03, 3.783E-03, 0.000E+00, 7.968E+01, 3.810E+01, 5.000E-03, 1.672E-02, 4.604E+01, 6.980E-03, 7.548E-01
28/06/2019,10:00,9,3.491,3.991,18.165,.398,1.266, 1.015E+03, 3.798E+01, 0.000E+00, 3.469E-16, 1.670E+02, 1.582E+02, 1.576E+02, 5.165E+01, 2.428E+02, 2.059E+02, 3.381E+00, 6.577E-01, 2.192E-01, 4.022E-01, 1.000E+00, 9.279E-01, 9.985E-01, 6.868E-01, 1.000E+00, 9.589E-01, 6.111E-01, 3.996E-03, 4.300E-03, 0.000E+00, 6.525E+01, 3.119E+01, 5.000E-03, 1.913E-02, 4.144E+01, 8.262E-03, 7.464E-01
28/06/2019,11:00,9,3.491,3.991,19.113,.353,1.446, 1.015E+03, 3.684E+01, 0.000E+00, 3.469E-16, 1.702E+02, 1.593E+02, 1.584E+02, 5.202E+01, 2.428E+02, 2.059E+02, 3.997E+00, 6.589E-01, 2.591E-01, 4.067E-01, 1.000E+00, 9.296E-01, 9.985E-01, 7.580E-01, 9.150E-01, 9.589E-01, 6.182E-01, 4.056E-03, 4.357E-03, 0.000E+00, 5.523E+01, 2.639E+01, 5.000E-03, 1.942E-02, 4.095E+01, 9.233E-03, 7.391E-01
28/06/2019,12:00,9,3.491,3.991,20.062,.308,1.643, 1.014E+03, 3.863E+01, 0.000E+00, 3.469E-16, 3.698E+02, 7.195E+01, 2.672E+02, 3.058E+01, 1.876E+02, 2.103E+02, 4.615E+00, 4.903E-01, 3.111E-01, 3.996E-01, 1.000E+00, 8.293E-01, 1.000E+00, 8.201E-01, 8.005E-01, 9.589E-01, 5.220E-01, 3.436E-03, 4.143E-03, 0.000E+00, 4.290E+01, 2.197E+01, 5.000E-03, 1.645E-02, 4.662E+01, 9.834E-03, 6.829E-01
28/06/2019,13:00,9,3.491,3.991,20.353,.314,1.658, 1.014E+03, 4.294E+01, 0.000E+00, 3.469E-16, 3.411E+02, 7.583E+01, 2.644E+02, 3.147E+01, 1.876E+02, 2.103E+02, 3.754E+00, 4.906E-01, 2.530E-01, 3.807E-01, 1.000E+00, 8.303E-01, 1.000E+00, 8.373E-01, 7.916E-01, 9.589E-01, 5.277E-01, 3.477E-03, 4.187E-03, 0.000E+00, 5.276E+01, 2.701E+01, 5.000E-03, 1.665E-02, 4.620E+01, 8.778E-03, 6.143E-01
28/06/2019,14:00,9,3.491,3.991,20.644,.321,1.673, 1.014E+03, 4.897E+01, 0.000E+00, 3.469E-16, 2.970E+02, 7.955E+01, 2.583E+02, 3.207E+01, 1.876E+02, 2.103E+02, 2.964E+00, 4.908E-01, 1.998E-01, 3.497E-01, 1.000E+00, 8.261E-01, 1.000E+00, 8.537E-01, 7.827E-01, 9.589E-01, 5.292E-01, 3.490E-03, 4.225E-03, 0.000E+00, 6.683E+01, 3.421E+01, 5.000E-03, 1.671E-02, 4.606E+01, 7.586E-03, 5.671E-01
28/06/2019,15:00,9,3.491,3.991,20.936,.327,1.688, 1.014E+03, 5.599E+01, 0.000E+00, 3.469E-16, 1.822E+01, 1.078E+02, 4.932E+01, 3.303E+01, 1.886E+01, 1.262E+02, 2.323E+00, 3.397E-01, 1.464E-01, 3.063E-01, 1.000E+00, 7.814E-01, 8.685E-01, 8.691E-01, 7.738E-01, 9.589E-01, 5.039E-01, 3.327E-03, 3.697E-03, 0.000E+00, 1.026E+02, 4.667E+01, 5.000E-03, 1.593E-02, 4.778E+01, 5.947E-03, 4.762E-01
28/06/2019,16:00,9,3.491,3.991,20.139,.419,1.386, 1.014E+03, 6.343E+01, 0.000E+00, 3.469E-16, 1.342E+01, 8.585E+01, 4.131E+01, 2.632E+01, 1.886E+01, 1.262E+02, 1.490E+00, 3.393E-01, 1.000E-01, 2.511E-01, 1.000E+00, 7.004E-01, 8.172E-01, 8.247E-01, 9.498E-01, 9.589E-01, 5.260E-01, 3.464E-03, 4.041E-03, 0.000E+00, 1.503E+02, 6.835E+01, 5.000E-03, 1.658E-02, 4.633E+01, 4.492E-03, 4.072E-01
28/06/2019,17:00,9,3.491,3.991,19.342,.511,1.109, 1.013E+03, 7.084E+01, 0.000E+00, 3.469E-16, 8.470E+00, 6.060E+01, 3.149E+01, 1.858E+01, 1.886E+01, 1.262E+02, 1.224E+00, 3.389E-01, 1.000E-01, 1.871E-01, 1.000E+00, 5.702E-01, 7.261E-01, 7.738E-01, 1.000E+00, 9.589E-01, 4.231E-01, 2.778E-03, 3.538E-03, 0.000E+00, 1.502E+02, 6.835E+01, 5.000E-03, 1.330E-02, 5.464E+01, 4.331E-03, 3.983E-01
28/06/2019,18:00,9,3.491,3.991,18.545,.603,.856, 1.013E+03, 7.788E+01, 0.000E+00, 3.469E-16, 4.916E+01, 4.334E+01, 1.323E+02, 1.515E+01,-3.659E+01, 2.507E+01, 1.797E+00, 2.622E-01, 1.000E-01, 1.202E-01, 1.000E+00, 5.278E-01, 9.957E-01, 7.165E-01, 1.000E+00, 9.589E-01, 3.626E-01, 2.374E-03, 4.479E-03, 0.000E+00, 2.519E+02, 6.835E+01, 5.000E-03, 1.137E-02, 6.110E+01, 4.035E-03, 4.375E-01
28/06/2019,19:00,9,3.491,3.991,17.652,.582,.852, 1.013E+03, 8.423E+01, 0.000E+00, 3.469E-16, 9.046E+00, 2.239E+01, 5.214E+01, 7.175E+00,-3.659E+01, 2.507E+01, 1.496E+00, 2.618E-01, 1.000E-01, 5.762E-02, 1.000E+00, 2.917E-01, 8.829E-01, 6.444E-01, 1.000E+00, 9.589E-01, 1.803E-01, 1.177E-03, 3.562E-03, 0.000E+00, 2.523E+02, 6.835E+01, 5.000E-03, 5.634E-03, 9.404E+01, 3.561E-03, 4.481E-01
28/06/2019,20:00,9,3.491,3.991,16.758,.560,.846, 1.013E+03, 8.956E+01, 0.000E+00, 3.469E-16, 1.686E-10, 1.744E+00, 0.000E+00, 0.000E+00,-3.659E+01, 2.507E+01, 1.993E+00, 2.615E-01, 1.000E-01,-9.990E+02, 1.000E+00,-9.990E+02, 0.000E+00, 0.000E+00, 0.000E+00, 9.589E-01, 0.000E+00, 0.000E+00, 0.000E+00, 0.000E+00, 2.527E+02, 6.835E+01, 5.000E-03, 0.000E+00, 2.000E+02, 2.585E-03, 4.345E-01
28/06/2019,21:00,9,3.491,3.991,15.865,.539,.838, 1.012E+03, 9.358E+01, 0.000E+00, 3.469E-16, 0.000E+00, 0.000E+00, 0.000E+00, 0.000E+00,-1.995E+01, 1.381E+01, 2.905E+00, 1.794E-01, 1.000E-01,-9.990E+02, 1.000E+00,-9.990E+02, 0.000E+00, 0.000E+00, 0.000E+00, 9.589E-01, 0.000E+00, 0.000E+00, 0.000E+00, 0.000E+00, 3.107E+02, 6.835E+01, 5.000E-03, 0.000E+00, 2.000E+02, 2.550E-03, 5.710E-01
28/06/2019,22:00,9,3.491,3.991,15.521,.572,.760, 1.012E+03, 9.603E+01, 0.000E+00, 3.469E-16, 0.000E+00, 0.000E+00, 0.000E+00, 0.000E+00,-1.995E+01, 1.381E+01, 2.553E+00, 1.793E-01, 1.000E-01,-9.990E+02, 1.000E+00,-9.990E+02, 0.000E+00, 0.000E+00, 0.000E+00, 9.589E-01, 0.000E+00, 0.000E+00, 0.000E+00, 0.000E+00, 3.109E+02, 6.835E+01, 5.000E-03, 0.000E+00, 2.000E+02, 2.550E-03, 8.298E-01
28/06/2019,23:00,9,3.491,3.991,15.178,.605,.686, 1.012E+03, 9.673E+01, 0.000E+00, 3.469E-16, 0.000E+00, 0.000E+00, 0.000E+00, 0.000E+00,-1.995E+01, 1.381E+01, 2.215E+00, 1.792E-01, 1.000E-01,-9.990E+02, 1.000E+00,-9.990E+02, 0.000E+00, 0.000E+00, 0.000E+00, 9.589E-01, 0.000E+00, 0.000E+00, 0.000E+00, 0.000E+00, 3.112E+02, 6.835E+01, 5.000E-03, 0.000E+00, 2.000E+02, 2.550E-03, 1.035E+00
29/06/2019,00:00,9,3.491,3.991,14.834,.638,.614, 1.012E+03, 9.564E+01, 0.000E+00, 3.469E-16, 0.000E+00, 0.000E+00, 0.000E+00, 0.000E+00,-2.269E+01, 1.127E+01, 1.895E+00, 2.460E-01, 1.000E-01,-9.990E+02, 1.000E+00,-9.990E+02, 0.000E+00, 0.000E+00, 0.000E+00, 9.589E-01, 0.000E+00, 0.000E+00, 0.000E+00, 0.000E+00, 2.312E+02, 6.835E+01, 5.000E-03, 0.000E+00, 2.000E+02, 2.599E-03, 1.159E+00
29/06/2019,01:00,9,3.491,3.991,14.860,.682,.540, 1.011E+03, 9.282E+01, 0.000E+00, 3.469E-16, 0.000E+00, 0.000E+00, 0.000E+00, 0.000E+00,-2.269E+01, 1.127E+01, 1.943E+00, 2.461E-01, 1.000E-01,-9.990E+02, 1.000E+00,-9.990E+02, 0.000E+00, 0.000E+00, 0.000E+00, 9.589E-01, 0.000E+00, 0.000E+00, 0.000E+00, 0.000E+00, 2.312E+02, 6.835E+01, 5.000E-03, 0.000E+00, 2.000E+02, 2.599E-03, 8.412E-01
29/06/2019,02:00,9,3.491,3.991,14.886,.726,.466, 1.010E+03, 8.849E+01, 0.000E+00, 3.469E-16, 9.100E-04, 2.347E+00, 7.243E-01, 7.071E-01,-2.269E+01, 1.127E+01, 2.125E+00, 2.462E-01, 1.000E-01, 1.511E-02, 1.000E+00, 2.867E-02, 2.935E-02, 3.698E-01, 1.000E+00, 9.452E-01, 1.002E-02, 6.480E-05, 6.633E-05, 0.000E+00, 2.312E+02, 6.835E+01, 5.000E-03, 3.102E-04, 1.883E+02, 2.680E-03, 6.140E-01
29/06/2019,03:00,9,3.491,3.991,14.912,.770,.392, 1.009E+03, 8.291E+01, 3.549E-03, 3.469E-16, 6.378E+00, 2.505E+01, 3.368E+01, 7.844E+00,-3.440E+00, 2.606E+01, 2.411E+00, 2.875E-01, 1.383E-01, 7.071E-02, 1.000E+00, 3.093E-01, 7.498E-01, 3.727E-01, 1.000E+00, 9.452E-01, 1.089E-01, 7.045E-04, 1.708E-03, 0.000E+00, 1.261E+02, 4.943E+01, 5.000E-03, 3.373E-03, 1.194E+02, 4.012E-03, 7.274E-01
29/06/2019,04:00,9,3.491,3.991,15.434,.763,.419, 1.009E+03, 7.639E+01, 3.549E-03, 3.469E-16, 2.474E+01, 5.476E+01, 7.009E+01, 1.753E+01,-3.440E+00, 2.606E+01, 2.248E+00, 2.878E-01, 1.289E-01, 1.347E-01, 1.000E+00, 5.717E-01, 9.440E-01, 4.304E-01, 1.000E+00, 9.452E-01, 2.325E-01, 1.507E-03, 2.488E-03, 0.000E+00, 1.352E+02, 5.302E+01, 5.000E-03, 7.213E-03, 8.188E+01, 4.522E-03, 8.408E-01
29/06/2019,05:00,9,3.491,3.991,15.956,.755,.447, 1.008E+03, 6.924E+01, 3.549E-03, 3.469E-16, 4.848E+01, 8.544E+01, 9.591E+01, 2.753E+01,-3.440E+00, 2.606E+01, 2.106E+00, 2.881E-01, 1.208E-01, 2.016E-01, 1.000E+00, 7.388E-01, 9.806E-01, 4.853E-01, 1.000E+00, 9.452E-01, 3.389E-01, 2.199E-03, 2.919E-03, 0.000E+00, 1.443E+02, 5.658E+01, 5.000E-03, 1.053E-02, 6.440E+01, 4.695E-03, 1.027E+00
29/06/2019,06:00,9,3.491,3.991,16.478,.748,.477, 1.008E+03, 6.179E+01, 0.000E+00, 3.469E-16, 1.914E+02, 7.683E+01, 2.319E+02, 2.942E+01, 1.060E+02, 1.078E+02, 1.992E+00, 4.428E-01, 1.320E-01, 2.640E-01, 1.000E+00, 7.805E-01, 9.999E-01, 5.374E-01, 1.000E+00, 9.452E-01, 3.965E-01, 2.578E-03, 3.302E-03, 0.000E+00, 1.043E+02, 5.180E+01, 5.000E-03, 1.234E-02, 5.767E+01, 5.302E-03, 1.194E+00
29/06/2019,07:00,9,3.491,3.991,18.332,.676,.688, 1.008E+03, 5.441E+01, 0.000E+00, 3.469E-16, 2.536E+02, 8.012E+01, 2.494E+02, 3.159E+01, 1.060E+02, 1.078E+02, 2.112E+00, 4.443E-01, 1.398E-01, 3.168E-01, 1.000E+00, 8.136E-01, 1.000E+00, 7.000E-01, 1.000E+00, 9.452E-01, 5.384E-01, 3.523E-03, 4.329E-03, 0.000E+00, 9.852E+01, 4.888E+01, 5.000E-03, 1.687E-02, 4.573E+01, 5.905E-03, 1.261E+00
29/06/2019,08:00,9,3.491,3.991,20.187,.605,.945, 1.007E+03, 4.756E+01, 0.000E+00, 3.469E-16, 3.071E+02, 7.845E+01, 2.594E+02, 3.186E+01, 1.060E+02, 1.078E+02, 2.237E+00, 4.458E-01, 1.480E-01, 3.575E-01, 1.000E+00, 8.267E-01, 1.000E+00, 8.276E-01, 1.000E+00, 9.452E-01, 6.466E-01, 4.258E-03, 5.151E-03, 0.000E+00, 9.319E+01, 4.618E+01, 5.000E-03, 2.039E-02, 3.939E+01, 6.401E-03, 1.281E+00
29/06/2019,09:00,9,3.491,3.991,22.041,.534,1.252, 1.007E+03, 4.184E+01, 0.000E+00, 3.469E-16, 2.641E+01, 1.399E+02, 6.053E+01, 4.281E+01, 2.005E+02, 2.140E+02, 2.365E+00, 5.753E-01, 1.552E-01, 3.858E-01, 1.000E+00, 8.624E-01, 9.171E-01, 9.200E-01, 1.000E+00, 9.452E-01, 7.500E-01, 4.970E-03, 5.285E-03, 0.000E+00, 9.008E+01, 4.403E+01, 5.000E-03, 2.379E-02, 3.473E+01, 6.826E-03, 1.322E+00
29/06/2019,10:00,9,3.491,3.991,23.305,.485,1.498, 1.006E+03, 3.804E+01, 0.000E+00, 3.469E-16, 2.830E+01, 1.464E+02, 6.275E+01, 4.479E+01, 2.005E+02, 2.140E+02, 2.727E+00, 5.766E-01, 1.789E-01, 4.020E-01, 1.000E+00, 8.748E-01, 9.243E-01, 9.629E-01, 8.848E-01, 9.452E-01, 7.045E-01, 4.688E-03, 4.954E-03, 0.000E+00, 7.821E+01, 3.820E+01, 5.000E-03, 2.245E-02, 3.644E+01, 7.495E-03, 1.232E+00
29/06/2019,11:00,9,3.491,3.991,24.568,.435,1.774, 1.006E+03, 3.689E+01, 0.000E+00, 3.469E-16, 2.884E+01, 1.482E+02, 6.337E+01, 4.534E+01, 2.005E+02, 2.140E+02, 3.272E+00, 5.780E-01, 2.146E-01, 4.065E-01, 1.000E+00, 8.780E-01, 9.262E-01, 9.895E-01, 7.241E-01, 9.452E-01, 5.947E-01, 3.974E-03, 4.192E-03, 0.000E+00, 6.525E+01, 3.185E+01, 5.000E-03, 1.903E-02, 4.162E+01, 8.164E-03, 1.216E+00
29/06/2019,12:00,9,3.491,3.991,25.831,.386,2.083, 1.005E+03, 3.868E+01, 5.288E-03, 3.469E-16, 3.645E+02, 7.062E+01, 2.635E+02, 3.005E+01, 2.431E+01, 1.552E+02, 3.925E+00, 7.411E-01, 2.356E-01, 3.994E-01, 1.000E+00, 8.255E-01, 1.000E+00, 9.999E-01, 5.440E-01, 9.452E-01, 4.244E-01, 2.849E-03, 3.451E-03, 0.000E+00, 6.995E+01, 2.901E+01, 5.000E-03, 1.364E-02, 5.365E+01, 7.725E-03, 1.178E+00
29/06/2019,13:00,9,3.491,3.991,24.847,.401,1.915, 1.005E+03, 4.297E+01, 5.288E-03, 3.469E-16, 3.363E+02, 7.445E+01, 2.607E+02, 3.093E+01, 2.431E+01, 1.552E+02, 4.113E+00, 7.399E-01, 2.470E-01, 3.806E-01, 1.000E+00, 8.264E-01, 1.000E+00, 9.932E-01, 6.421E-01, 9.452E-01, 4.982E-01, 3.333E-03, 4.032E-03, 0.000E+00, 6.674E+01, 2.768E+01, 5.000E-03, 1.596E-02, 4.772E+01, 8.330E-03, 1.054E+00
29/06/2019,14:00,9,3.491,3.991,23.863,.415,1.758, 1.005E+03, 4.900E+01, 5.288E-03, 3.469E-16, 2.929E+02, 7.813E+01, 2.548E+02, 3.153E+01, 2.431E+01, 1.552E+02, 4.438E+00, 7.388E-01, 2.665E-01, 3.496E-01, 1.000E+00, 8.222E-01, 1.000E+00, 9.767E-01, 7.333E-01, 9.452E-01, 5.566E-01, 3.711E-03, 4.514E-03, 0.000E+00, 6.184E+01, 2.565E+01, 5.000E-03, 1.777E-02, 4.392E+01, 9.014E-03, 8.368E-01
29/06/2019,15:00,9,3.491,3.991,22.879,.430,1.612, 1.005E+03, 5.602E+01, 3.835E-02, 3.469E-16, 2.377E+02, 7.890E+01, 2.436E+02, 3.092E+01, 1.102E+00, 9.933E+01, 4.873E+00, 4.898E-01, 2.900E-01, 3.061E-01, 1.000E+00, 8.054E-01, 1.000E+00, 9.503E-01, 8.180E-01, 9.452E-01, 5.918E-01, 3.933E-03, 4.883E-03, 0.000E+00, 5.786E+01, 2.357E+01, 5.000E-03, 1.883E-02, 4.197E+01, 9.646E-03, 5.938E-01
29/06/2019,16:00,9,3.491,3.991,21.792,.510,1.296, 1.005E+03, 6.345E+01, 3.835E-02, 3.469E-16, 1.751E+02, 7.429E+01, 2.242E+02, 2.827E+01, 1.102E+00, 9.933E+01, 3.784E+00, 4.890E-01, 2.252E-01, 2.509E-01, 1.000E+00, 7.658E-01, 9.999E-01, 9.096E-01, 1.000E+00, 9.452E-01, 6.584E-01, 4.359E-03, 5.692E-03, 0.000E+00, 7.450E+01, 3.036E+01, 5.000E-03, 2.087E-02, 3.865E+01, 8.467E-03, 4.983E-01
29/06/2019,17:00,9,3.491,3.991,20.705,.590,1.014, 1.005E+03, 7.087E+01, 3.835E-02, 3.469E-16, 1.106E+02, 6.293E+01, 1.919E+02, 2.315E+01, 1.102E+00, 9.933E+01, 2.707E+00, 4.881E-01, 1.611E-01, 1.868E-01, 1.000E+00, 6.861E-01, 9.996E-01, 8.569E-01, 1.000E+00, 9.452E-01, 5.557E-01, 3.666E-03, 5.341E-03, 0.000E+00, 1.041E+02, 4.243E+01, 5.000E-03, 1.755E-02, 4.434E+01, 6.435E-03, 4.517E-01
29/06/2019,18:00,9,3.491,3.991,19.617,.670,.763, 1.004E+03, 7.791E+01, 1.310E-02, 3.469E-16, 5.231E+01, 4.587E+01, 1.410E+02, 1.605E+01,-6.992E+00, 1.149E+01, 1.664E+00, 1.000E-01, 1.000E-01, 1.199E-01, 1.000E+00, 5.448E-01, 9.970E-01, 7.922E-01, 1.000E+00, 9.452E-01, 4.079E-01, 2.681E-03, 4.906E-03, 0.000E+00, 4.588E+02, 6.835E+01, 5.000E-03, 1.284E-02, 5.607E+01, 3.817E-03, 4.473E-01
29/06/2019,19:00,9,3.491,3.991,18.716,.710,.633, 1.004E+03, 8.426E+01, 1.310E-02, 3.469E-16, 9.584E+00, 2.361E+01, 5.549E+01, 7.571E+00,-6.992E+00, 1.149E+01, 1.594E+00, 1.000E-01, 1.000E-01, 5.729E-02, 1.000E+00, 3.037E-01, 8.980E-01, 7.293E-01, 1.000E+00, 9.452E-01, 2.093E-01, 1.372E-03, 4.055E-03, 0.000E+00, 4.588E+02, 6.835E+01, 5.000E-03, 6.566E-03, 8.646E+01, 3.420E-03, 4.773E-01
29/06/2019,20:00,9,3.491,3.991,17.814,.749,.516, 1.004E+03, 8.960E+01, 1.310E-02, 3.469E-16, 1.835E-11, 1.682E+00, 0.000E+00, 0.000E+00,-6.992E+00, 1.149E+01, 1.597E+00, 1.000E-01, 1.000E-01,-9.990E+02, 1.000E+00,-9.990E+02, 0.000E+00, 0.000E+00, 0.000E+00, 9.452E-01, 0.000E+00, 0.000E+00, 0.000E+00, 0.000E+00, 4.588E+02, 6.835E+01, 5.000E-03, 0.000E+00, 2.000E+02, 2.464E-03, 5.421E-01
29/06/2019,21:00,9,3.491,3.991,16.912,.789,.409, 1.004E+03, 9.363E+01, 5.742E-04, 3.469E-16, 0.000E+00, 0.000E+00, 0.000E+00, 0.000E+00,-5.874E+00, 2.067E+00, 1.672E+00, 1.000E-01, 1.000E-01,-9.990E+02, 1.000E+00,-9.990E+02, 0.000E+00, 0.000E+00, 0.000E+00, 9.452E-01, 0.000E+00, 0.000E+00, 0.000E+00, 0.000E+00, 4.124E+02, 6.835E+01, 5.000E-03, 0.000E+00, 2.000E+02, 2.490E-03, 7.606E-01
29/06/2019,22:00,9,3.491,3.991,16.333,.809,.357, 1.004E+03, 9.608E+01, 5.742E-04, 3.469E-16, 0.000E+00, 0.000E+00, 0.000E+00, 0.000E+00,-5.874E+00, 2.067E+00, 1.367E+00, 1.000E-01, 1.000E-01,-9.990E+02, 1.000E+00,-9.990E+02, 0.000E+00, 0.000E+00, 0.000E+00, 9.452E-01, 0.000E+00, 0.000E+00, 0.000E+00, 0.000E+00, 4.125E+02, 6.835E+01, 5.000E-03, 0.000E+00, 2.000E+02, 2.490E-03, 1.170E+00
29/06/2019,23:00,9,3.491,3.991,15.755,.830,.307, 1.004E+03, 9.679E+01, 5.742E-04, 3.469E-16, 0.000E+00, 0.000E+00, 0.000E+00, 0.000E+00,-5.874E+00, 2.067E+00, 1.504E+00, 1.000E-01, 1.000E-01,-9.990E+02, 1.000E+00,-9.990E+02, 0.000E+00, 0.000E+00, 0.000E+00, 9.452E-01, 0.000E+00, 0.000E+00, 0.000E+00, 0.000E+00, 4.125E+02, 6.835E+01, 5.000E-03, 0.000E+00, 2.000E+02, 2.490E-03, 1.935E+00
30/06/2019,00:00,9,3.491,3.991,15.176,.850,.261, 1.003E+03, 9.570E+01, 8.301E-05, 3.469E-16, 0.000E+00, 0.000E+00, 0.000E+00, 0.000E+00,-7.300E+00, 5.208E+00, 1.995E+00, 1.786E-01, 1.000E-01,-9.990E+02, 1.000E+00,-9.990E+02, 0.000E+00, 0.000E+00, 0.000E+00, 9.452E-01, 0.000E+00, 0.000E+00, 0.000E+00, 0.000E+00, 2.217E+02, 6.835E+01, 5.000E-03, 0.000E+00, 2.000E+02, 2.605E-03, 3.435E+00
30/06/2019,01:00,9,3.491,3.991,15.179,.844,.270, 1.003E+03, 9.289E+01, 8.301E-05, 3.469E-16, 0.000E+00, 0.000E+00, 0.000E+00, 0.000E+00,-7.300E+00, 5.208E+00, 1.305E+00, 1.786E-01, 1.000E-01,-9.990E+02, 1.000E+00,-9.990E+02, 0.000E+00, 0.000E+00, 0.000E+00, 9.452E-01, 0.000E+00, 0.000E+00, 0.000E+00, 0.000E+00, 2.217E+02, 6.835E+01, 5.000E-03, 0.000E+00, 2.000E+02, 2.605E-03, 4.948E+00
30/06/2019,02:00,9,3.491,3.991,15.181,.839,.279, 1.003E+03, 8.856E+01, 8.301E-05, 3.469E-16, 4.765E-03, 4.476E+00, 1.444E+00, 1.349E+00,-7.300E+00, 5.208E+00, 1.041E+00, 1.786E-01, 1.000E-01, 1.438E-02, 1.000E+00, 5.402E-02, 5.765E-02, 4.028E-01, 1.000E+00, 8.882E-01, 1.933E-02, 1.251E-04, 1.335E-04, 0.000E+00, 2.217E+02, 6.835E+01, 5.000E-03, 5.989E-04, 1.786E+02, 2.758E-03, 6.212E+00
30/06/2019,03:00,9,3.491,3.991,15.183,.834,.288, 1.003E+03, 8.298E+01, 8.301E-05, 3.469E-16, 7.310E+00, 2.547E+01, 3.794E+01, 8.015E+00, 4.297E+01, 4.484E+01, 1.456E+00, 3.667E-01, 1.000E-01, 6.997E-02, 1.000E+00, 3.164E-01, 7.900E-01, 4.030E-01, 1.000E+00, 8.882E-01, 1.133E-01, 7.332E-04, 1.830E-03, 0.000E+00, 1.425E+02, 6.835E+01, 5.000E-03, 3.510E-03, 1.175E+02, 3.427E-03, 6.235E+00
30/06/2019,04:00,9,3.491,3.991,16.306,.782,.406, 1.003E+03, 7.646E+01, 8.301E-05, 3.469E-16, 2.869E+01, 5.486E+01, 7.902E+01, 1.772E+01, 4.297E+01, 4.484E+01, 1.711E+00, 3.674E-01, 1.111E-01, 1.340E-01, 1.000E+00, 5.771E-01, 9.612E-01, 5.206E-01, 1.000E+00, 8.882E-01, 2.668E-01, 1.734E-03, 2.888E-03, 0.000E+00, 1.284E+02, 6.153E+01, 5.000E-03, 8.300E-03, 7.519E+01, 4.308E-03, 3.324E+00
30/06/2019,05:00,9,3.491,3.991,17.429,.731,.541, 1.003E+03, 6.932E+01, 8.301E-05, 3.469E-16, 5.638E+01, 8.471E+01, 1.074E+02, 2.760E+01, 4.297E+01, 4.484E+01, 1.988E+00, 3.681E-01, 1.290E-01, 2.009E-01, 1.000E+00, 7.408E-01, 9.879E-01, 6.252E-01, 1.000E+00, 8.882E-01, 4.114E-01, 2.684E-03, 3.579E-03, 0.000E+00, 1.106E+02, 5.298E+01, 5.000E-03, 1.285E-02, 5.603E+01, 5.231E-03, 2.417E+00
30/06/2019,06:00,9,3.491,3.991,18.552,.679,.692, 1.003E+03, 6.187E+01, 7.827E-04, 3.469E-16, 1.730E+02, 6.942E+01, 2.100E+02, 2.659E+01, 1.070E+02, 8.929E+01, 2.278E+00, 3.276E-01, 1.618E-01, 2.634E-01, 1.000E+00, 7.532E-01, 9.998E-01, 7.170E-01, 1.000E+00, 8.882E-01, 4.797E-01, 3.141E-03, 4.169E-03, 0.000E+00, 7.538E+01, 4.224E+01, 5.000E-03, 1.504E-02, 4.990E+01, 6.548E-03, 1.833E+00
30/06/2019,07:00,9,3.491,3.991,19.429,.669,.756, 1.002E+03, 5.449E+01, 7.827E-04, 3.469E-16, 2.293E+02, 7.243E+01, 2.260E+02, 2.857E+01, 1.070E+02, 8.929E+01, 1.806E+00, 3.282E-01, 1.282E-01, 3.163E-01, 1.000E+00, 7.888E-01, 9.999E-01, 7.797E-01, 1.000E+00, 8.882E-01, 5.463E-01, 3.588E-03, 4.548E-03, 0.000E+00, 9.521E+01, 5.331E+01, 5.000E-03, 1.718E-02, 4.509E+01, 5.717E-03, 1.592E+00
30/06/2019,08:00,9,3.491,3.991,20.306,.658,.824, 1.002E+03, 4.764E+01, 7.827E-04, 3.469E-16, 2.779E+02, 7.093E+01, 2.350E+02, 2.882E+01, 1.070E+02, 8.929E+01, 1.441E+00, 3.287E-01, 1.023E-01, 3.571E-01, 1.000E+00, 8.035E-01, 9.999E-01, 8.346E-01, 1.000E+00, 8.882E-01, 5.956E-01, 3.923E-03, 4.883E-03, 0.000E+00, 1.194E+02, 6.683E+01, 5.000E-03, 1.878E-02, 4.205E+01, 4.883E-03, 1.824E+00
30/06/2019,09:00,9,3.491,3.991,21.183,.648,.898, 1.001E+03, 4.192E+01, 8.301E-05, 3.469E-16, 3.492E+02, 7.465E+01, 2.658E+02, 3.121E+01, 2.711E+02, 1.651E+02, 1.280E+00, 5.263E-01, 1.000E-01, 3.854E-01, 1.000E+00, 8.298E-01, 1.000E+00, 8.816E-01, 1.000E+00, 8.882E-01, 6.497E-01, 4.293E-03, 5.174E-03, 0.000E+00, 1.307E+02, 6.835E+01, 5.000E-03, 2.055E-02, 3.913E+01, 4.776E-03, 2.167E+00
30/06/2019,10:00,9,3.491,3.991,22.618,.606,1.098, 1.000E+03, 3.811E+01, 8.301E-05, 3.469E-16, 3.743E+02, 7.104E+01, 2.682E+02, 3.036E+01, 2.711E+02, 1.651E+02, 1.750E+00, 5.279E-01, 1.194E-01, 4.017E-01, 1.000E+00, 8.284E-01, 1.000E+00, 9.416E-01, 1.000E+00, 8.882E-01, 6.928E-01, 4.600E-03, 5.553E-03, 0.000E+00, 1.095E+02, 5.725E+01, 5.000E-03, 2.202E-02, 3.701E+01, 5.567E-03, 2.224E+00
30/06/2019,11:00,9,3.491,3.991,24.054,.564,1.327, 9.991E+02, 3.696E+01, 8.301E-05, 3.469E-16, 3.816E+02, 6.981E+01, 2.688E+02, 3.005E+01, 2.711E+02, 1.651E+02, 2.364E+00, 5.294E-01, 1.612E-01, 4.063E-01, 1.000E+00, 8.275E-01, 1.000E+00, 9.807E-01, 9.844E-01, 8.882E-01, 7.095E-01, 4.734E-03, 5.720E-03, 0.000E+00, 8.124E+01, 4.241E+01, 5.000E-03, 2.266E-02, 3.615E+01, 7.050E-03, 2.043E+00
30/06/2019,12:00,9,3.491,3.991,25.489,.522,1.587, 9.981E+02, 3.873E+01, 1.996E-04, 3.469E-16, 3.705E+02, 7.160E+01, 2.680E+02, 3.050E+01, 1.258E+02, 1.737E+02, 3.036E+00, 7.289E-01, 1.887E-01, 3.992E-01, 1.000E+00, 8.286E-01, 1.000E+00, 9.987E-01, 8.327E-01, 8.882E-01, 6.121E-01, 4.103E-03, 4.952E-03, 0.000E+00, 8.180E+01, 3.623E+01, 5.000E-03, 1.965E-02, 4.058E+01, 7.439E-03, 2.280E+00
30/06/2019,13:00,9,3.491,3.991,25.562,.517,1.611, 9.970E+02, 4.301E+01, 1.996E-04, 3.469E-16, 3.420E+02, 7.546E+01, 2.653E+02, 3.139E+01, 1.258E+02, 1.737E+02, 2.995E+00, 7.294E-01, 1.862E-01, 3.804E-01, 1.000E+00, 8.296E-01, 1.000E+00, 9.990E-01, 8.187E-01, 8.882E-01, 6.027E-01, 4.041E-03, 4.871E-03, 0.000E+00, 8.290E+01, 3.671E+01, 5.000E-03, 1.935E-02, 4.107E+01, 7.343E-03, 2.359E+00
30/06/2019,14:00,9,3.491,3.991,25.634,.512,1.636, 9.960E+02, 4.904E+01, 1.996E-04, 3.469E-16, 2.980E+02, 7.918E+01, 2.593E+02, 3.199E+01, 1.258E+02, 1.737E+02, 3.045E+00, 7.298E-01, 1.892E-01, 3.494E-01, 1.000E+00, 8.254E-01, 1.000E+00, 9.993E-01, 8.046E-01, 8.882E-01, 5.895E-01, 3.954E-03, 4.790E-03, 0.000E+00, 8.156E+01, 3.612E+01, 5.000E-03, 1.893E-02, 4.179E+01, 7.388E-03, 2.356E+00
30/06/2019,15:00,9,3.491,3.991,25.707,.507,1.660, 9.949E+02, 5.605E+01, 1.959E-02, 3.469E-16, 2.418E+02, 7.989E+01, 2.478E+02, 3.134E+01, 5.094E+00, 1.153E+02, 3.180E+00, 4.111E-01, 1.914E-01, 3.059E-01, 1.000E+00, 8.087E-01, 1.000E+00, 9.996E-01, 7.904E-01, 8.882E-01, 5.675E-01, 3.807E-03, 4.707E-03, 0.000E+00, 8.573E+01, 3.572E+01, 5.000E-03, 1.823E-02, 4.305E+01, 7.335E-03, 2.428E+00
30/06/2019,16:00,9,3.491,3.991,24.885,.539,1.475, 9.937E+02, 6.348E+01, 1.959E-02, 3.469E-16, 1.782E+02, 7.522E+01, 2.283E+02, 2.866E+01, 5.094E+00, 1.153E+02, 2.893E+00, 4.108E-01, 1.741E-01, 2.506E-01, 1.000E+00, 7.694E-01, 9.999E-01, 9.937E-01, 8.979E-01, 8.882E-01, 6.097E-01, 4.079E-03, 5.301E-03, 0.000E+00, 9.422E+01, 3.926E+01, 5.000E-03, 1.953E-02, 4.077E+01, 6.978E-03, 2.498E+00
30/06/2019,17:00,9,3.491,3.991,24.063,.572,1.304, 9.924E+02, 7.090E+01, 1.959E-02, 3.469E-16, 1.127E+02, 6.370E+01, 1.957E+02, 2.346E+01, 5.094E+00, 1.153E+02, 2.650E+00, 4.105E-01, 1.595E-01, 1.865E-01, 1.000E+00, 6.900E-01, 9.997E-01, 9.809E-01, 9.974E-01, 8.882E-01, 5.996E-01, 4.001E-03, 5.796E-03, 0.000E+00, 1.029E+02, 4.286E+01, 5.000E-03, 1.915E-02, 4.140E+01, 6.521E-03, 2.523E+00
30/06/2019,18:00,9,3.491,3.991,23.241,.604,1.146, 9.912E+02, 7.795E+01, 8.301E-05, 3.469E-16, 5.264E+01, 4.571E+01, 1.421E+02, 1.602E+01,-6.998E+01, 3.405E+01, 2.463E+00, 6.122E-01, 1.359E-01, 1.196E-01, 1.000E+00, 5.441E-01, 9.971E-01, 9.612E-01, 1.000E+00, 8.882E-01, 4.645E-01, 3.090E-03, 5.664E-03, 0.000E+00, 1.333E+02, 5.029E+01, 5.000E-03, 1.480E-02, 5.052E+01, 5.462E-03, 2.533E+00
30/06/2019,19:00,9,3.491,3.991,22.534,.632,1.018, 9.907E+02, 8.430E+01, 8.301E-05, 3.469E-16, 9.633E+00, 2.345E+01, 5.603E+01, 7.524E+00,-6.998E+01, 3.405E+01, 2.244E+00, 6.117E-01, 1.238E-01, 5.688E-02, 1.000E+00, 3.022E-01, 9.002E-01, 9.387E-01, 1.000E+00, 8.882E-01, 2.520E-01, 1.672E-03, 4.982E-03, 0.000E+00, 1.464E+02, 5.521E+01, 5.000E-03, 8.007E-03, 7.688E+01, 4.496E-03, 3.042E+00
30/06/2019,20:00,9,3.491,3.991,21.827,.661,.899, 9.903E+02, 8.965E+01, 8.301E-05, 3.469E-16, 7.747E-13, 1.486E+00, 0.000E+00, 0.000E+00,-6.998E+01, 3.405E+01, 3.906E+00, 6.111E-01, 2.155E-01,-9.990E+02, 1.000E+00,-9.990E+02, 0.000E+00, 0.000E+00, 0.000E+00, 8.882E-01, 0.000E+00, 0.000E+00, 0.000E+00, 0.000E+00, 8.414E+01, 3.172E+01, 5.000E-03, 0.000E+00, 2.000E+02, 3.526E-03, 5.152E+00
30/06/2019,21:00,9,3.491,3.991,21.120,.690,.788, 9.898E+02, 9.368E+01, 8.301E-05, 3.469E-16, 0.000E+00, 0.000E+00, 0.000E+00, 0.000E+00,-7.121E+01, 1.292E+01, 6.061E+00, 7.954E-01, 3.476E-01,-9.990E+02, 1.000E+00,-9.990E+02, 0.000E+00, 0.000E+00, 0.000E+00, 8.882E-01, 0.000E+00, 0.000E+00, 0.000E+00, 0.000E+00, 5.015E+01, 1.966E+01, 5.000E-03, 0.000E+00, 2.000E+02, 3.974E-03, 4.508E+00
30/06/2019,22:00,9,3.491,3.991,20.045,.714,.678, 9.901E+02, 9.615E+01, 8.301E-05, 3.469E-16, 0.000E+00, 0.000E+00, 0.000E+00, 0.000E+00,-7.121E+01, 1.292E+01, 5.776E+00, 7.938E-01, 3.313E-01,-9.990E+02, 1.000E+00,-9.990E+02, 0.000E+00, 0.000E+00, 0.000E+00, 8.882E-01, 0.000E+00, 0.000E+00, 0.000E+00, 0.000E+00, 5.264E+01, 2.063E+01, 5.000E-03, 0.000E+00, 2.000E+02, 3.934E-03, 2.047E+00
30/06/2019,23:00,9,3.491,3.991,18.970,.739,.578, 9.903E+02, 9.686E+01, 8.301E-05, 3.469E-16, 0.000E+00, 0.000E+00, 0.000E+00, 0.000E+00,-7.121E+01, 1.292E+01, 5.493E+00, 7.923E-01, 3.149E-01,-9.990E+02, 1.000E+00,-9.990E+02, 0.000E+00, 0.000E+00, 0.000E+00, 8.882E-01, 0.000E+00, 0.000E+00, 0.000E+00, 0.000E+00, 5.538E+01, 2.170E+01, 5.000E-03, 0.000E+00, 2.000E+02, 3.891E-03, 8.899E-01
01/07/2019,00:00,9,3.491,3.991,17.895,.764,.489, 9.906E+02, 9.578E+01, 0.000E+00, 3.469E-16, 0.000E+00, 0.000E+00, 0.000E+00, 0.000E+00,-5.994E+01, 1.786E+01, 5.209E+00, 7.606E-01, 2.992E-01,-9.990E+02, 1.000E+00,-9.990E+02, 0.000E+00, 0.000E+00, 0.000E+00, 8.882E-01, 0.000E+00, 0.000E+00, 0.000E+00, 0.000E+00, 5.819E+01, 2.285E+01, 5.000E-03, 0.000E+00, 2.000E+02, 3.846E-03, 6.574E-01
01/07/2019,01:00,9,3.491,3.991,17.373,.756,.489, 9.910E+02, 9.297E+01, 0.000E+00, 3.469E-16, 0.000E+00, 0.000E+00, 0.000E+00, 0.000E+00,-5.994E+01, 1.786E+01, 5.202E+00, 7.597E-01, 2.988E-01,-9.990E+02, 1.000E+00,-9.990E+02, 0.000E+00, 0.000E+00, 0.000E+00, 8.882E-01, 0.000E+00, 0.000E+00, 0.000E+00, 0.000E+00, 5.828E+01, 2.288E+01, 5.000E-03, 0.000E+00, 2.000E+02, 3.845E-03, 6.479E-01
01/07/2019,02:00,9,3.491,3.991,16.851,.748,.488, 9.913E+02, 8.864E+01, 0.000E+00, 3.469E-16, 6.871E-03, 5.690E+00, 1.860E+00, 1.715E+00,-5.994E+01, 1.786E+01, 5.199E+00, 7.589E-01, 2.986E-01, 1.358E-02, 1.000E+00, 6.818E-02, 7.364E-02, 5.729E-01, 1.000E+00, 8.479E-01, 3.312E-02, 2.156E-04, 2.329E-04, 0.000E+00, 5.833E+01, 2.289E+01, 5.000E-03, 1.032E-03, 1.658E+02, 4.427E-03, 6.686E-01
01/07/2019,03:00,9,3.491,3.991,16.328,.740,.487, 9.917E+02, 8.307E+01, 7.344E-05, 3.469E-16, 1.616E+01, 2.818E+01, 7.616E+01, 9.245E+00, 4.312E+01, 6.494E+01, 5.201E+00, 7.345E-01, 3.147E-01, 6.917E-02, 1.000E+00, 3.606E-01, 9.564E-01, 5.228E-01, 1.000E+00, 8.479E-01, 1.598E-01, 1.039E-03, 2.755E-03, 0.000E+00, 5.157E+01, 2.172E+01, 5.000E-03, 4.973E-03, 1.003E+02, 6.372E-03, 6.640E-01
01/07/2019,04:00,9,3.491,3.991,17.207,.694,.605, 9.918E+02, 7.655E+01, 7.344E-05, 3.469E-16, 6.406E+01, 4.986E+01, 1.554E+02, 1.769E+01, 4.312E+01, 6.494E+01, 5.013E+00, 7.356E-01, 3.033E-01, 1.332E-01, 1.000E+00, 5.810E-01, 9.983E-01, 6.055E-01, 1.000E+00, 8.479E-01, 2.983E-01, 1.945E-03, 3.341E-03, 0.000E+00, 5.351E+01, 2.253E+01, 5.000E-03, 9.310E-03, 6.988E+01, 7.772E-03, 6.541E-01
01/07/2019,05:00,9,3.491,3.991,18.086,.649,.735, 9.920E+02, 6.940E+01, 7.344E-05, 3.469E-16, 1.261E+02, 6.667E+01, 2.040E+02, 2.475E+01, 4.312E+01, 6.494E+01, 4.847E+00, 7.366E-01, 2.933E-01, 2.002E-01, 1.000E+00, 7.109E-01, 9.998E-01, 6.804E-01, 1.000E+00, 8.479E-01, 4.102E-01, 2.682E-03, 3.771E-03, 0.000E+00, 5.536E+01, 2.331E+01, 5.000E-03, 1.284E-02, 5.606E+01, 8.557E-03, 6.872E-01
01/07/2019,06:00,9,3.491,3.991,18.964,.603,.878, 9.921E+02, 6.195E+01, 7.338E-02, 3.469E-16, 1.917E+02, 7.667E+01, 2.332E+02, 2.940E+01, 1.629E+02, 1.493E+02, 4.705E+00, 8.296E-01, 2.912E-01, 2.628E-01, 1.000E+00, 7.799E-01, 9.999E-01, 7.475E-01, 1.000E+00, 8.479E-01, 4.943E-01, 3.242E-03, 4.156E-03, 0.000E+00, 5.339E+01, 2.347E+01, 5.000E-03, 1.552E-02, 4.873E+01, 9.124E-03, 7.558E-01
01/07/2019,07:00,9,3.491,3.991,19.574,.567,.996, 9.921E+02, 5.457E+01, 7.338E-02, 3.469E-16, 2.542E+02, 8.003E+01, 2.508E+02, 3.159E+01, 1.629E+02, 1.493E+02, 4.879E+00, 8.305E-01, 3.020E-01, 3.157E-01, 1.000E+00, 8.134E-01, 1.000E+00, 7.893E-01, 1.000E+00, 8.479E-01, 5.444E-01, 3.578E-03, 4.398E-03, 0.000E+00, 5.151E+01, 2.264E+01, 5.000E-03, 1.713E-02, 4.519E+01, 9.625E-03, 8.211E-01
01/07/2019,08:00,9,3.491,3.991,20.184,.531,1.122, 9.921E+02, 4.772E+01, 7.338E-02, 3.469E-16, 3.080E+02, 7.839E+01, 2.608E+02, 3.188E+01, 1.629E+02, 1.493E+02, 5.084E+00, 8.314E-01, 3.146E-01, 3.566E-01, 1.000E+00, 8.266E-01, 1.000E+00, 8.274E-01, 1.000E+00, 8.479E-01, 5.799E-01, 3.819E-03, 4.620E-03, 0.000E+00, 4.944E+01, 2.172E+01, 5.000E-03, 1.828E-02, 4.295E+01, 1.007E-02, 8.579E-01
01/07/2019,09:00,9,3.491,3.991,20.794,.495,1.255, 9.921E+02, 4.200E+01, 2.718E-01, 3.469E-16, 3.486E+02, 7.433E+01, 2.657E+02, 3.111E+01, 2.245E+02, 1.829E+02, 5.317E+00, 9.275E-01, 3.290E-01, 3.851E-01, 1.000E+00, 8.289E-01, 1.000E+00, 8.617E-01, 1.000E+00, 8.479E-01, 6.057E-01, 3.997E-03, 4.821E-03, 0.000E+00, 4.731E+01, 2.078E+01, 5.000E-03, 1.913E-02, 4.143E+01, 1.049E-02, 9.088E-01
01/07/2019,10:00,9,3.491,3.991,20.165,.543,1.092, 9.921E+02, 3.819E+01, 2.718E-01, 3.469E-16, 3.737E+02, 7.074E+01, 2.680E+02, 3.026E+01, 2.245E+02, 1.829E+02, 5.754E+00, 9.266E-01, 3.560E-01, 4.014E-01, 1.000E+00, 8.276E-01, 1.000E+00, 8.263E-01, 1.000E+00, 8.479E-01, 5.798E-01, 3.818E-03, 4.613E-03, 0.000E+00, 4.370E+01, 1.920E+01, 5.000E-03, 1.828E-02, 4.296E+01, 1.078E-02, 8.591E-01
01/07/2019,11:00,9,3.491,3.991,19.537,.591,.940, 9.920E+02, 3.702E+01, 2.718E-01, 3.469E-16, 3.809E+02, 6.954E+01, 2.685E+02, 2.996E+01, 2.245E+02, 1.829E+02, 6.193E+00, 9.256E-01, 3.832E-01, 4.060E-01, 1.000E+00, 8.268E-01, 1.000E+00, 7.869E-01, 1.000E+00, 8.479E-01, 5.516E-01, 3.625E-03, 4.384E-03, 0.000E+00, 4.059E+01, 1.784E+01, 5.000E-03, 1.735E-02, 4.474E+01, 1.099E-02, 8.026E-01
01/07/2019,12:00,9,3.491,3.991,18.908,.639,.798, 9.920E+02, 3.879E+01, 4.721E-01, 3.469E-16, 3.666E+02, 7.070E+01, 2.653E+02, 3.014E+01, 1.359E+02, 1.928E+02, 6.633E+00, 9.269E-01, 4.049E-01, 3.990E-01, 1.000E+00, 8.260E-01, 1.000E+00, 7.434E-01, 1.000E+00, 8.479E-01, 5.207E-01, 3.414E-03, 4.133E-03, 0.000E+00, 3.942E+01, 1.688E+01, 5.000E-03, 1.634E-02, 4.685E+01, 1.101E-02, 7.407E-01
01/07/2019,13:00,9,3.491,3.991,18.615,.675,.704, 9.920E+02, 4.306E+01, 4.721E-01, 3.469E-16, 3.383E+02, 7.453E+01, 2.625E+02, 3.102E+01, 1.359E+02, 1.928E+02, 5.794E+00, 9.265E-01, 3.537E-01, 3.802E-01, 1.000E+00, 8.269E-01, 1.000E+00, 7.218E-01, 1.000E+00, 8.479E-01, 5.061E-01, 3.315E-03, 4.008E-03, 0.000E+00, 4.512E+01, 1.933E+01, 5.000E-03, 1.587E-02, 4.792E+01, 1.018E-02, 6.901E-01
01/07/2019,14:00,9,3.491,3.991,18.322,.712,.613, 9.920E+02, 4.908E+01, 4.721E-01, 3.469E-16, 2.947E+02, 7.823E+01, 2.566E+02, 3.162E+01, 1.359E+02, 1.928E+02, 4.956E+00, 9.260E-01, 3.026E-01, 3.491E-01, 1.000E+00, 8.227E-01, 1.000E+00, 6.992E-01, 1.000E+00, 8.479E-01, 4.878E-01, 3.192E-03, 3.879E-03, 0.000E+00, 5.275E+01, 2.259E+01, 5.000E-03, 1.528E-02, 4.931E+01, 9.249E-03, 6.441E-01
01/07/2019,15:00,9,3.491,3.991,18.029,.748,.525, 9.920E+02, 5.609E+01, 1.349E-01, 3.469E-16, 2.398E+02, 7.921E+01, 2.460E+02, 3.108E+01, 8.630E+00, 1.377E+02, 4.121E+00, 6.913E-01, 2.460E-01, 3.056E-01, 1.000E+00, 8.066E-01, 1.000E+00, 6.758E-01, 1.000E+00, 8.479E-01, 4.622E-01, 3.021E-03, 3.746E-03, 0.000E+00, 6.777E+01, 2.779E+01, 5.000E-03, 1.447E-02, 5.137E+01, 8.060E-03, 5.673E-01
01/07/2019,16:00,9,3.491,3.991,17.954,.717,.588, 9.922E+02, 6.352E+01, 1.349E-01, 3.469E-16, 1.766E+02, 7.457E+01, 2.265E+02, 2.841E+01, 8.630E+00, 1.377E+02, 4.123E+00, 6.911E-01, 2.461E-01, 2.503E-01, 1.000E+00, 7.670E-01, 9.999E-01, 6.697E-01, 1.000E+00, 8.479E-01, 4.355E-01, 2.846E-03, 3.710E-03, 0.000E+00, 6.774E+01, 2.778E+01, 5.000E-03, 1.363E-02, 5.369E+01, 7.915E-03, 5.216E-01
01/07/2019,17:00,9,3.491,3.991,17.878,.685,.651, 9.924E+02, 7.094E+01, 1.349E-01, 3.469E-16, 1.115E+02, 6.312E+01, 1.940E+02, 2.325E+01, 8.630E+00, 1.377E+02, 4.125E+00, 6.910E-01, 2.462E-01, 1.862E-01, 1.000E+00, 6.871E-01, 9.997E-01, 6.635E-01, 1.000E+00, 8.479E-01, 3.866E-01, 2.526E-03, 3.674E-03, 0.000E+00, 6.770E+01, 2.776E+01, 5.000E-03, 1.209E-02, 5.851E+01, 7.626E-03, 4.651E-01
01/07/2019,18:00,9,3.491,3.991,17.803,.654,.712, 9.925E+02, 7.799E+01, 2.351E-04, 3.469E-16, 5.194E+01, 4.532E+01, 1.407E+02, 1.587E+01,-5.097E+01, 3.790E+01, 4.129E+00, 5.997E-01, 2.315E-01, 1.192E-01, 1.000E+00, 5.411E-01, 9.969E-01, 6.572E-01, 1.000E+00, 8.479E-01, 3.015E-01, 1.970E-03, 3.629E-03, 0.000E+00, 7.701E+01, 2.952E+01, 5.000E-03, 9.430E-03, 6.930E+01, 6.803E-03, 4.207E-01
01/07/2019,19:00,9,3.491,3.991,17.070,.673,.643, 9.928E+02, 8.435E+01, 2.351E-04, 3.469E-16, 9.320E+00, 2.313E+01, 5.473E+01, 7.413E+00,-5.097E+01, 3.790E+01, 4.212E+00, 5.989E-01, 2.362E-01, 5.642E-02, 1.000E+00, 2.984E-01, 8.947E-01, 5.931E-01, 1.000E+00, 8.479E-01, 1.501E-01, 9.779E-04, 2.931E-03, 0.000E+00, 7.552E+01, 2.894E+01, 5.000E-03, 4.682E-03, 1.033E+02, 5.572E-03, 3.948E-01
01/07/2019,20:00,9,3.491,3.991,16.336,.691,.578, 9.931E+02, 8.970E+01, 2.351E-04, 3.469E-16, 3.343E-15, 1.255E+00, 0.000E+00, 0.000E+00,-5.097E+01, 3.790E+01, 4.295E+00, 5.980E-01, 2.408E-01,-9.990E+02, 1.000E+00,-9.990E+02, 0.000E+00, 0.000E+00, 0.000E+00, 8.479E-01, 0.000E+00, 0.000E+00, 0.000E+00, 0.000E+00, 7.408E+01, 2.839E+01, 5.000E-03, 0.000E+00, 2.000E+02, 3.640E-03, 3.973E-01
01/07/2019,21:00,9,3.491,3.991,15.602,.710,.517, 9.934E+02, 9.374E+01, 1.155E-01, 3.469E-16, 0.000E+00, 0.000E+00, 0.000E+00, 0.000E+00,-4.598E+01, 1.943E+01, 4.379E+00, 4.904E-01, 2.370E-01,-9.990E+02, 1.000E+00,-9.990E+02, 0.000E+00, 0.000E+00, 0.000E+00, 8.479E-01, 0.000E+00, 0.000E+00, 0.000E+00, 0.000E+00, 7.794E+01, 2.884E+01, 5.000E-03, 0.000E+00, 2.000E+02, 3.621E-03, 4.256E-01
01/07/2019,22:00,9,3.491,3.991,15.025,.745,.438, 9.935E+02, 9.621E+01, 1.155E-01, 3.469E-16, 0.000E+00, 0.000E+00, 0.000E+00, 0.000E+00,-4.598E+01, 1.943E+01, 4.023E+00, 4.899E-01, 2.177E-01,-9.990E+02, 1.000E+00,-9.990E+02, 0.000E+00, 0.000E+00, 0.000E+00, 8.479E-01, 0.000E+00, 0.000E+00, 0.000E+00, 0.000E+00, 8.489E+01, 3.140E+01, 5.000E-03, 0.000E+00, 2.000E+02, 3.535E-03, 4.527E-01
01/07/2019,23:00,9,3.491,3.991,14.449,.780,.364, 9.936E+02, 9.694E+01, 1.155E-01, 3.469E-16, 0.000E+00, 0.000E+00, 0.000E+00, 0.000E+00,-4.598E+01, 1.943E+01, 3.677E+00, 4.894E-01, 1.989E-01,-9.990E+02, 1.000E+00,-9.990E+02, 0.000E+00, 0.000E+00, 0.000E+00, 8.479E-01, 0.000E+00, 0.000E+00, 0.000E+00, 0.000E+00, 9.293E+01, 3.436E+01, 5.000E-03, 0.000E+00, 2.000E+02, 3.439E-03, 4.784E-01
02/07/2019,00:00,9,3.491,3.991,13.872,.815,.295, 9.937E+02, 9.586E+01, 5.484E-03, 3.469E-16, 0.000E+00, 0.000E+00, 0.000E+00, 0.000E+00,-2.299E+01, 8.020E+00, 3.344E+00, 3.599E-01, 1.768E-01,-9.990E+02, 1.000E+00,-9.990E+02, 0.000E+00, 0.000E+00, 0.000E+00, 8.479E-01, 0.000E+00, 0.000E+00, 0.000E+00, 0.000E+00, 1.069E+02, 3.865E+01, 5.000E-03, 0.000E+00, 2.000E+02, 3.308E-03, 4.979E-01
02/07/2019,01:00,9,3.491,3.991,13.702,.833,.264, 9.945E+02, 9.305E+01, 5.484E-03, 3.469E-16, 0.000E+00, 0.000E+00, 0.000E+00, 0.000E+00,-2.299E+01, 8.020E+00, 2.608E+00, 3.597E-01, 1.379E-01,-9.990E+02, 1.000E+00,-9.990E+02, 0.000E+00, 0.000E+00, 0.000E+00, 8.479E-01, 0.000E+00, 0.000E+00, 0.000E+00, 0.000E+00, 1.371E+02, 4.956E+01, 5.000E-03, 0.000E+00, 2.000E+02, 3.020E-03, 5.252E-01
02/07/2019,02:00,9,3.491,3.991,13.533,.850,.233, 9.952E+02, 8.873E+01, 5.484E-03, 3.469E-16, 3.732E-03, 5.319E+00, 1.687E+00, 1.603E+00,-2.299E+01, 8.020E+00, 2.443E+00, 3.594E-01, 1.292E-01, 1.273E-02, 1.000E+00, 6.384E-02, 6.703E-02, 2.070E-01, 1.000E+00, 8.450E-01, 1.117E-02, 7.186E-05, 7.545E-05, 0.000E+00, 1.464E+02, 5.292E+01, 5.000E-03, 3.441E-04, 1.871E+02, 3.057E-03, 6.105E-01
02/07/2019,03:00,9,3.491,3.991,13.363,.868,.204, 9.960E+02, 8.315E+01, 2.045E-03, 3.469E-16, 1.438E+01, 2.576E+01, 6.873E+01, 8.431E+00, 5.598E+01, 5.004E+01, 2.947E+00, 6.291E-01, 1.811E-01, 6.831E-02, 1.000E+00, 3.373E-01, 9.408E-01, 1.853E-01, 1.000E+00, 8.450E-01, 5.280E-02, 3.396E-04, 9.473E-04, 0.000E+00, 8.702E+01, 3.774E+01, 5.280E-03, 1.626E-03, 1.448E+02, 4.117E-03, 6.616E-01
02/07/2019,04:00,9,3.491,3.991,13.805,.796,.323, 9.965E+02, 7.663E+01, 2.045E-03, 3.469E-16, 5.834E+01, 4.588E+01, 1.424E+02, 1.626E+01, 5.598E+01, 5.004E+01, 3.306E+00, 6.294E-01, 2.032E-01, 1.324E-01, 1.000E+00, 5.550E-01, 9.971E-01, 2.412E-01, 1.000E+00, 8.450E-01, 1.131E-01, 7.289E-04, 1.309E-03, 0.000E+00, 7.756E+01, 3.364E+01, 5.000E-03, 3.490E-03, 1.178E+02, 4.873E-03, 6.381E-01
02/07/2019,05:00,9,3.491,3.991,14.247,.725,.450, 9.970E+02, 6.948E+01, 2.045E-03, 3.469E-16, 1.156E+02, 6.152E+01, 1.877E+02, 2.281E+01, 5.598E+01, 5.004E+01, 3.816E+00, 6.298E-01, 2.345E-01, 1.994E-01, 1.000E+00, 6.866E-01, 9.996E-01, 2.952E-01, 1.000E+00, 8.450E-01, 1.713E-01, 1.105E-03, 1.609E-03, 0.000E+00, 6.721E+01, 2.915E+01, 5.000E-03, 5.291E-03, 9.717E+01, 5.783E-03, 7.639E-01
02/07/2019,06:00,9,3.491,3.991,14.689,.653,.584, 9.976E+02, 6.204E+01, 1.450E-05, 3.469E-16, 1.820E+02, 7.323E+01, 2.221E+02, 2.805E+01, 1.640E+02, 9.736E+01, 4.425E+00, 7.695E-01, 2.760E-01, 2.621E-01, 1.000E+00, 7.672E-01, 9.999E-01, 3.472E-01, 1.000E+00, 8.450E-01, 2.251E-01, 1.455E-03, 1.896E-03, 0.000E+00, 5.554E+01, 2.476E+01, 5.000E-03, 6.964E-03, 8.359E+01, 6.772E-03, 7.079E-01
02/07/2019,07:00,9,3.491,3.991,15.054,.616,.662, 9.979E+02, 5.466E+01, 1.450E-05, 3.469E-16, 2.416E+02, 7.653E+01, 2.390E+02, 3.018E+01, 1.640E+02, 9.736E+01, 4.502E+00, 7.698E-01, 2.808E-01, 3.152E-01, 1.000E+00, 8.021E-01, 9.999E-01, 3.886E-01, 1.000E+00, 8.450E-01, 2.634E-01, 1.704E-03, 2.125E-03, 0.000E+00, 5.460E+01, 2.434E+01, 5.000E-03, 8.159E-03, 7.599E+01, 7.195E-03, 7.263E-01
02/07/2019,08:00,9,3.491,3.991,15.418,.578,.744, 9.982E+02, 4.781E+01, 1.450E-05, 3.469E-16, 2.931E+02, 7.505E+01, 2.486E+02, 3.048E+01, 1.640E+02, 9.736E+01, 4.580E+00, 7.702E-01, 2.857E-01, 3.562E-01, 1.000E+00, 8.162E-01, 1.000E+00, 4.287E-01, 1.000E+00, 8.450E-01, 2.957E-01, 1.915E-03, 2.347E-03, 0.000E+00, 5.368E+01, 2.393E+01, 5.000E-03, 9.170E-03, 7.057E+01, 7.548E-03, 7.333E-01
02/07/2019,09:00,9,3.491,3.991,15.783,.541,.829, 9.985E+02, 4.209E+01, 0.000E+00, 3.469E-16, 9.785E+01, 1.636E+02, 1.177E+02, 5.173E+01, 1.593E+02, 1.123E+02, 4.659E+00, 7.717E-01, 2.902E-01, 3.847E-01, 1.000E+00, 9.237E-01, 9.921E-01, 4.674E-01, 1.000E+00, 8.450E-01, 3.648E-01, 2.366E-03, 2.542E-03, 0.000E+00, 5.296E+01, 2.355E+01, 5.000E-03, 1.133E-02, 6.124E+01, 8.182E-03, 7.639E-01
02/07/2019,10:00,9,3.491,3.991,15.885,.511,.889, 9.990E+02, 3.827E+01, 0.000E+00, 3.469E-16, 1.049E+02, 1.698E+02, 1.205E+02, 5.369E+01, 1.593E+02, 1.123E+02, 4.694E+00, 7.716E-01, 2.924E-01, 4.011E-01, 1.000E+00, 9.314E-01, 9.930E-01, 4.780E-01, 1.000E+00, 8.450E-01, 3.762E-01, 2.441E-03, 2.602E-03, 0.000E+00, 5.256E+01, 2.337E+01, 5.000E-03, 1.169E-02, 5.993E+01, 8.303E-03, 7.725E-01
02/07/2019,11:00,9,3.491,3.991,15.987,.481,.950, 9.995E+02, 3.710E+01, 0.000E+00, 3.469E-16, 1.069E+02, 1.716E+02, 1.213E+02, 5.422E+01, 1.593E+02, 1.123E+02, 4.730E+00, 7.716E-01, 2.946E-01, 4.057E-01, 1.000E+00, 9.333E-01, 9.932E-01, 4.885E-01, 1.000E+00, 8.450E-01, 3.853E-01, 2.501E-03, 2.661E-03, 0.000E+00, 5.216E+01, 2.320E+01, 5.000E-03, 1.197E-02, 5.892E+01, 8.405E-03, 7.976E-01
02/07/2019,12:00,9,3.491,3.991,16.090,.451,1.011, 1.000E+03, 3.885E+01, 9.091E-04, 3.469E-16, 8.942E+01, 1.690E+02, 1.105E+02, 5.306E+01, 9.861E+01, 1.391E+02, 4.766E+00, 6.586E-01, 2.968E-01, 3.987E-01, 1.000E+00, 9.280E-01, 9.894E-01, 4.989E-01, 1.000E+00, 8.450E-01, 3.912E-01, 2.540E-03, 2.708E-03, 0.000E+00, 5.180E+01, 2.303E+01, 5.000E-03, 1.216E-02, 5.827E+01, 8.482E-03, 7.977E-01
02/07/2019,13:00,9,3.491,3.991,15.908,.451,1.000, 1.000E+03, 4.312E+01, 9.091E-04, 3.469E-16, 8.250E+01, 1.614E+02, 1.072E+02, 5.072E+01, 9.861E+01, 1.391E+02, 4.436E+00, 6.582E-01, 2.763E-01, 3.799E-01, 1.000E+00, 9.184E-01, 9.878E-01, 4.803E-01, 1.000E+00, 8.450E-01, 3.728E-01, 2.419E-03, 2.602E-03, 0.000E+00, 5.564E+01, 2.474E+01, 5.000E-03, 1.158E-02, 6.031E+01, 8.041E-03, 7.736E-01
02/07/2019,14:00,9,3.491,3.991,15.726,.450,.989, 1.001E+03, 4.913E+01, 9.091E-04, 3.469E-16, 7.185E+01, 1.484E+02, 1.016E+02, 4.668E+01, 9.861E+01, 1.391E+02, 4.117E+00, 6.579E-01, 2.564E-01, 3.489E-01, 1.000E+00, 8.992E-01, 9.847E-01, 4.615E-01, 1.000E+00, 8.450E-01, 3.506E-01, 2.274E-03, 2.490E-03, 0.000E+00, 5.995E+01, 2.665E+01, 5.000E-03, 1.089E-02, 6.295E+01, 7.578E-03, 7.358E-01
02/07/2019,15:00,9,3.491,3.991,15.544,.450,.978, 1.001E+03, 5.613E+01, 5.579E-03, 3.469E-16, 1.128E+02, 1.256E+02, 1.424E+02, 4.123E+01, 1.424E+00, 6.536E+01, 3.812E+00, 3.740E-01, 2.276E-01, 3.053E-01, 1.000E+00, 8.717E-01, 9.971E-01, 4.422E-01, 1.000E+00, 8.450E-01, 3.257E-01, 2.111E-03, 2.415E-03, 0.000E+00, 7.323E+01, 3.004E+01, 5.000E-03, 1.011E-02, 6.620E+01, 6.908E-03, 6.598E-01
02/07/2019,16:00,9,3.491,3.991,15.184,.482,.900, 1.002E+03, 6.356E+01, 5.579E-03, 3.469E-16, 8.294E+01, 1.045E+02, 1.274E+02, 3.429E+01, 1.424E+00, 6.536E+01, 3.022E+00, 3.737E-01, 1.804E-01, 2.500E-01, 1.000E+00, 8.157E-01, 9.947E-01, 4.032E-01, 1.000E+00, 8.450E-01, 2.779E-01, 1.799E-03, 2.194E-03, 0.000E+00, 9.237E+01, 3.789E+01, 5.000E-03, 8.612E-03, 7.347E+01, 5.795E-03, 5.932E-01
02/07/2019,17:00,9,3.491,3.991,14.825,.514,.825, 1.002E+03, 7.098E+01, 5.579E-03, 3.469E-16, 5.220E+01, 7.789E+01, 1.056E+02, 2.545E+01, 1.424E+00, 6.536E+01, 2.352E+00, 3.733E-01, 1.404E-01, 1.858E-01, 1.000E+00, 7.117E-01, 9.870E-01, 3.628E-01, 1.000E+00, 8.450E-01, 2.182E-01, 1.411E-03, 1.956E-03, 0.000E+00, 1.187E+02, 4.868E+01, 5.000E-03, 6.753E-03, 8.508E+01, 4.708E-03, 5.546E-01
02/07/2019,18:00,9,3.491,3.991,14.465,.546,.753, 1.003E+03, 7.804E+01, 7.756E-03, 3.469E-16, 4.884E+01, 4.322E+01, 1.329E+02, 1.511E+01,-1.127E+01, 1.788E+01, 1.931E+00, 1.664E-01, 1.000E-01, 1.187E-01, 1.000E+00, 5.261E-01, 9.958E-01, 3.211E-01, 1.000E+00, 8.450E-01, 1.428E-01, 9.218E-04, 1.745E-03, 0.000E+00, 2.700E+02, 6.835E+01, 5.000E-03, 4.413E-03, 1.062E+02, 3.394E-03, 5.196E-01
02/07/2019,19:00,9,3.491,3.991,13.581,.585,.649, 1.003E+03, 8.440E+01, 7.756E-03, 3.469E-16, 8.510E+00, 2.192E+01, 5.063E+01, 7.010E+00,-1.127E+01, 1.788E+01, 1.544E+00, 1.662E-01, 1.000E-01, 5.588E-02, 1.000E+00, 2.854E-01, 8.753E-01, 2.131E-01, 1.000E+00, 8.450E-01, 5.139E-02, 3.308E-04, 1.015E-03, 0.000E+00, 2.705E+02, 6.835E+01, 5.000E-03, 1.584E-03, 1.519E+02, 2.938E-03, 4.770E-01
02/07/2019,20:00,9,3.491,3.991,12.697,.624,.554, 1.003E+03, 8.976E+01, 7.756E-03, 3.469E-16, 3.113E-19, 9.606E-01, 0.000E+00, 0.000E+00,-1.127E+01, 1.788E+01, 1.592E+00, 1.659E-01, 1.000E-01,-9.990E+02, 1.000E+00,-9.990E+02, 0.000E+00, 0.000E+00, 0.000E+00, 8.450E-01, 0.000E+00, 0.000E+00, 0.000E+00, 0.000E+00, 2.710E+02, 6.835E+01, 5.000E-03, 0.000E+00, 2.000E+02, 2.574E-03, 5.065E-01
02/07/2019,21:00,9,3.491,3.991,11.813,.664,.468, 1.003E+03, 9.381E+01, 1.450E-05, 3.469E-16, 0.000E+00, 0.000E+00, 0.000E+00, 0.000E+00,-2.031E+01, 1.294E+01, 2.044E+00, 1.952E-01, 1.000E-01,-9.990E+02, 1.000E+00,-9.990E+02, 0.000E+00, 0.000E+00, 0.000E+00, 8.450E-01, 0.000E+00, 0.000E+00, 0.000E+00, 0.000E+00, 2.819E+02, 6.835E+01, 5.000E-03, 0.000E+00, 2.000E+02, 2.567E-03, 7.898E-01
02/07/2019,22:00,9,3.491,3.991,11.122,.671,.437, 1.003E+03, 9.629E+01, 1.450E-05, 3.469E-16, 0.000E+00, 0.000E+00, 0.000E+00, 0.000E+00,-2.031E+01, 1.294E+01, 2.259E+00, 1.950E-01, 1.000E-01,-9.990E+02, 1.000E+00,-9.990E+02, 0.000E+00, 0.000E+00, 0.000E+00, 8.450E-01, 0.000E+00, 0.000E+00, 0.000E+00, 0.000E+00, 2.823E+02, 6.835E+01, 5.000E-03, 0.000E+00, 2.000E+02, 2.567E-03, 1.067E+00
02/07/2019,23:00,9,3.491,3.991,10.431,.679,.407, 1.003E+03, 9.702E+01, 1.450E-05, 3.469E-16, 0.000E+00, 0.000E+00, 0.000E+00, 0.000E+00,-2.031E+01, 1.294E+01, 2.500E+00, 1.947E-01, 1.000E-01,-9.990E+02, 1.000E+00,-9.990E+02, 0.000E+00, 0.000E+00, 0.000E+00, 8.450E-01, 0.000E+00, 0.000E+00, 0.000E+00, 0.000E+00, 2.827E+02, 6.835E+01, 5.000E-03, 0.000E+00, 2.000E+02, 2.567E-03, 1.085E+00
03/07/2019,00:00,9,3.491,3.991,9.741,.686,.380, 1.003E+03, 9.594E+01, 0.000E+00, 3.469E-16, 0.000E+00, 0.000E+00, 0.000E+00, 0.000E+00,-4.172E+00, 6.232E+00, 2.761E+00, 1.000E-01, 1.000E-01,-9.990E+02, 1.000E+00,-9.990E+02, 0.000E+00, 0.000E+00, 0.000E+00, 8.450E-01, 0.000E+00, 0.000E+00, 0.000E+00, 0.000E+00, 3.418E+02, 6.835E+01, 5.000E-03, 0.000E+00, 2.000E+02, 2.531E-03, 1.013E+00
03/07/2019,01:00,9,3.491,3.991,9.828,.724,.336, 1.003E+03, 9.314E+01, 0.000E+00, 3.469E-16, 0.000E+00, 0.000E+00, 0.000E+00, 0.000E+00,-4.172E+00, 6.232E+00, 2.281E+00, 1.000E-01, 1.000E-01,-9.990E+02, 1.000E+00,-9.990E+02, 0.000E+00, 0.000E+00, 0.000E+00, 8.450E-01, 0.000E+00, 0.000E+00, 0.000E+00, 0.000E+00, 3.418E+02, 6.835E+01, 5.000E-03, 0.000E+00, 2.000E+02, 2.531E-03, 1.106E+00
03/07/2019,02:00,9,3.491,3.991,9.915,.762,.292, 1.003E+03, 8.882E+01, 0.000E+00, 3.469E-16, 8.435E-04, 3.737E+00, 1.146E+00, 1.126E+00,-4.172E+00, 6.232E+00, 1.819E+00, 1.000E-01, 1.000E-01, 1.182E-02, 1.000E+00, 4.527E-02, 4.606E-02, 1.000E-02, 1.000E+00, 8.692E-01, 3.935E-04, 2.500E-06, 2.927E-06, 0.000E+00, 3.418E+02, 6.835E+01, 5.000E-03, 1.197E-05, 1.995E+02, 2.534E-03, 1.361E+00
03/07/2019,03:00,9,3.491,3.991,10.002,.799,.247, 1.003E+03, 8.324E+01, 5.567E-03, 3.469E-16, 8.903E+00, 2.535E+01, 4.589E+01, 8.055E+00, 9.460E+00, 2.619E+01, 1.392E+00, 1.440E-01, 1.000E-01, 6.740E-02, 1.000E+00, 3.202E-01, 8.486E-01, 1.000E-02, 1.000E+00, 8.692E-01, 2.783E-03, 1.769E-05, 5.394E-05, 0.000E+00, 1.212E+02, 6.835E+01, 5.000E-03, 8.470E-05, 1.967E+02, 2.757E-03, 1.638E+00
03/07/2019,04:00,9,3.491,3.991,10.803,.772,.296, 1.004E+03, 7.672E+01, 5.567E-03, 3.469E-16, 3.714E+01, 5.289E+01, 9.835E+01, 1.749E+01, 9.460E+00, 2.619E+01, 7.831E-01, 1.442E-01, 1.000E-01, 1.315E-01, 1.000E+00, 5.746E-01, 9.825E-01, 1.000E-02, 1.000E+00, 8.692E-01, 4.995E-03, 3.184E-05, 6.263E-05, 0.000E+00, 1.213E+02, 6.835E+01, 5.000E-03, 1.524E-04, 1.941E+02, 2.777E-03, 1.829E+00
03/07/2019,05:00,9,3.491,3.991,11.604,.745,.350, 1.004E+03, 6.958E+01, 5.567E-03, 3.469E-16, 7.414E+01, 7.958E+01, 1.330E+02, 2.673E+01, 9.460E+00, 2.619E+01, 6.827E-01, 1.444E-01, 1.000E-01, 1.986E-01, 1.000E+00, 7.322E-01, 9.958E-01, 1.000E-02, 1.000E+00, 8.692E-01, 6.365E-03, 4.068E-05, 6.365E-05, 0.000E+00, 1.214E+02, 6.835E+01, 5.000E-03, 1.948E-04, 1.925E+02, 2.789E-03, 2.371E+00
03/07/2019,06:00,9,3.491,3.991,12.405,.717,.409, 1.004E+03, 6.213E+01, 1.106E-01, 3.469E-16, 1.891E+02, 7.659E+01, 2.315E+02, 2.930E+01, 1.152E+02, 1.232E+02, 1.223E+00, 3.938E-01, 1.000E-01, 2.614E-01, 1.000E+00, 7.787E-01, 9.999E-01, 5.705E-02, 1.000E+00, 8.692E-01, 3.862E-02, 2.475E-04, 3.179E-04, 0.000E+00, 1.305E+02, 6.835E+01, 5.000E-03, 1.185E-03, 1.617E+02, 3.013E-03, 3.514E+00
03/07/2019,07:00,9,3.491,3.991,13.433,.652,.539, 1.004E+03, 5.475E+01, 1.106E-01, 3.469E-16, 2.515E+02, 8.015E+01, 2.494E+02, 3.157E+01, 1.152E+02, 1.232E+02, 1.197E+00, 3.945E-01, 1.000E-01, 3.146E-01, 1.000E+00, 8.129E-01, 1.000E+00, 1.942E-01, 1.000E+00, 8.692E-01, 1.372E-01, 8.829E-04, 1.086E-03, 0.000E+00, 1.306E+02, 6.835E+01, 5.000E-03, 4.227E-03, 1.084E+02, 3.590E-03, 2.016E+00
03/07/2019,08:00,9,3.491,3.991,14.461,.587,.684, 1.004E+03, 4.790E+01, 1.106E-01, 3.469E-16, 3.053E+02, 7.867E+01, 2.596E+02, 3.191E+01, 1.152E+02, 1.232E+02, 1.399E+00, 3.952E-01, 1.000E-01, 3.556E-01, 1.000E+00, 8.266E-01, 1.000E+00, 3.206E-01, 1.000E+00, 8.692E-01, 2.304E-01, 1.487E-03, 1.799E-03, 0.000E+00, 1.306E+02, 6.835E+01, 5.000E-03, 7.121E-03, 8.250E+01, 3.957E-03, 1.724E+00
03/07/2019,09:00,9,3.491,3.991,15.488,.522,.847, 1.004E+03, 4.218E+01, 1.732E+00, 3.469E-16, 2.894E+02, 8.591E+01, 2.284E+02, 3.313E+01, 1.434E+02, 2.168E+02, 1.752E+00, 3.903E-01, 1.220E-01, 3.843E-01, 1.000E+00, 8.424E-01, 9.999E-01, 4.362E-01, 1.000E+00, 8.692E-01, 3.194E-01, 2.070E-03, 2.457E-03, 0.000E+00, 1.034E+02, 5.603E+01, 5.000E-03, 9.909E-03, 6.707E+01, 4.876E-03, 1.640E+00
03/07/2019,10:00,9,3.491,3.991,14.654,.613,.650, 1.005E+03, 3.836E+01, 1.732E+00, 3.469E-16, 3.103E+02, 8.416E+01, 2.307E+02, 3.280E+01, 1.434E+02, 2.168E+02, 1.088E+00, 3.896E-01, 1.000E-01, 4.007E-01, 1.000E+00, 8.445E-01, 9.999E-01, 3.432E-01, 1.000E+00, 8.692E-01, 2.519E-01, 1.628E-03, 1.927E-03, 0.000E+00, 1.261E+02, 6.835E+01, 5.000E-03, 7.793E-03, 7.817E+01, 4.057E-03, 1.038E+00
03/07/2019,11:00,9,3.491,3.991,13.820,.704,.470, 1.005E+03, 3.718E+01, 1.732E+00, 3.469E-16, 3.165E+02, 8.350E+01, 2.313E+02, 3.266E+01, 1.434E+02, 2.168E+02, 1.568E+00, 3.890E-01, 1.093E-01, 4.054E-01, 1.000E+00, 8.448E-01, 9.999E-01, 2.430E-01, 1.000E+00, 8.692E-01, 1.785E-01, 1.150E-03, 1.361E-03, 0.000E+00, 1.154E+02, 6.256E+01, 5.000E-03, 5.505E-03, 9.520E+01, 4.013E-03, 8.510E-01
03/07/2019,12:00,9,3.491,3.991,12.985,.795,.308, 1.005E+03, 3.892E+01, 1.149E-01, 3.469E-16, 3.601E+02, 7.031E+01, 2.613E+02, 2.988E+01, 6.463E+01, 2.142E+02, 2.624E+00, 2.786E-01, 1.861E-01, 3.984E-01, 1.000E+00, 8.240E-01, 1.000E+00, 1.358E-01, 1.000E+00, 8.692E-01, 9.725E-02, 6.247E-04, 7.582E-04, 0.000E+00, 6.575E+01, 3.673E+01, 5.000E-03, 2.991E-03, 1.251E+02, 4.659E-03, 6.991E-01
03/07/2019,13:00,9,3.491,3.991,13.231,.745,.390, 1.005E+03, 4.318E+01, 1.149E-01, 3.469E-16, 3.322E+02, 7.404E+01, 2.585E+02, 3.073E+01, 6.463E+01, 2.142E+02, 1.956E+00, 2.787E-01, 1.387E-01, 3.796E-01, 1.000E+00, 8.247E-01, 1.000E+00, 1.681E-01, 1.000E+00, 8.692E-01, 1.205E-01, 7.747E-04, 9.393E-04, 0.000E+00, 8.824E+01, 4.929E+01, 5.000E-03, 3.709E-03, 1.148E+02, 4.256E-03, 7.381E-01
03/07/2019,14:00,9,3.491,3.991,13.476,.695,.473, 1.006E+03, 4.918E+01, 1.149E-01, 3.469E-16, 2.892E+02, 7.761E+01, 2.525E+02, 3.129E+01, 6.463E+01, 2.142E+02, 1.290E+00, 2.788E-01, 1.000E-01, 3.485E-01, 1.000E+00, 8.201E-01, 1.000E+00, 1.998E-01, 1.000E+00, 8.692E-01, 1.424E-01, 9.163E-04, 1.117E-03, 0.000E+00, 1.224E+02, 6.835E+01, 5.000E-03, 4.387E-03, 1.065E+02, 3.661E-03, 7.381E-01
03/07/2019,15:00,9,3.491,3.991,13.722,.645,.560, 1.006E+03, 5.618E+01, 3.438E-02, 3.469E-16, 2.399E+02, 8.010E+01, 2.469E+02, 3.136E+01, 2.781E+01, 8.946E+01, 6.347E-01, 2.625E-01, 1.000E-01, 3.050E-01, 1.000E+00, 8.087E-01, 1.000E+00, 2.308E-01, 1.000E+00, 8.692E-01, 1.623E-01, 1.045E-03, 1.292E-03, 0.000E+00, 1.339E+02, 6.835E+01, 5.000E-03, 5.003E-03, 9.997E+01, 3.684E-03, 7.192E-01
03/07/2019,16:00,9,3.491,3.991,13.395,.670,.510, 1.006E+03, 6.361E+01, 3.438E-02, 3.469E-16, 1.763E+02, 7.528E+01, 2.270E+02, 2.862E+01, 2.781E+01, 8.946E+01, 6.037E-01, 2.624E-01, 1.000E-01, 2.496E-01, 1.000E+00, 7.688E-01, 9.999E-01, 1.893E-01, 1.000E+00, 8.692E-01, 1.265E-01, 8.139E-04, 1.059E-03, 0.000E+00, 1.339E+02, 6.835E+01, 5.000E-03, 3.897E-03, 1.124E+02, 3.522E-03, 6.359E-01
03/07/2019,17:00,9,3.491,3.991,13.068,.694,.462, 1.006E+03, 7.103E+01, 3.438E-02, 3.469E-16, 1.107E+02, 6.357E+01, 1.937E+02, 2.336E+01, 2.781E+01, 8.946E+01, 1.290E+00, 2.622E-01, 1.000E-01, 1.853E-01, 1.000E+00, 6.882E-01, 9.997E-01, 1.467E-01, 1.000E+00, 8.692E-01, 8.779E-02, 5.641E-04, 8.193E-04, 0.000E+00, 1.339E+02, 6.835E+01, 5.000E-03, 2.700E-03, 1.299E+02, 3.318E-03, 5.195E-01
03/07/2019,18:00,9,3.491,3.991,12.741,.719,.416, 1.006E+03, 7.809E+01, 0.000E+00, 3.469E-16, 5.081E+01, 4.532E+01, 1.390E+02, 1.583E+01,-2.283E+01, 1.365E+01, 2.075E+00, 2.621E-01, 1.000E-01, 1.182E-01, 1.000E+00, 5.397E-01, 9.967E-01, 1.031E-01, 1.000E+00, 8.692E-01, 4.835E-02, 3.103E-04, 5.730E-04, 0.000E+00, 2.210E+02, 6.835E+01, 5.000E-03, 1.486E-03, 1.542E+02, 2.958E-03, 4.620E-01
03/07/2019,19:00,9,3.491,3.991,11.624,.780,.302, 1.006E+03, 8.446E+01, 0.000E+00, 3.469E-16, 8.628E+00, 2.283E+01, 5.199E+01, 7.290E+00,-2.283E+01, 1.365E+01, 2.385E+00, 2.616E-01, 1.078E-01, 5.529E-02, 1.000E+00, 2.935E-01, 8.822E-01, 1.000E-02, 1.000E+00, 8.692E-01, 2.551E-03, 1.631E-05, 5.640E-05, 0.000E+00, 2.053E+02, 6.341E+01, 5.000E-03, 7.809E-05, 1.969E+02, 2.721E-03, 4.649E-01
03/07/2019,20:00,9,3.491,3.991,10.507,.840,.203, 1.006E+03, 8.983E+01, 0.000E+00, 3.469E-16, 1.190E-26, 7.313E-01, 0.000E+00, 0.000E+00,-2.283E+01, 1.365E+01, 2.697E+00, 2.610E-01, 1.217E-01,-9.990E+02, 1.000E+00,-9.990E+02, 0.000E+00, 0.000E+00, 0.000E+00, 8.692E-01, 0.000E+00, 0.000E+00, 0.000E+00, 0.000E+00, 1.820E+02, 5.615E+01, 5.000E-03, 0.000E+00, 2.000E+02, 2.848E-03, 5.318E-01
03/07/2019,21:00,9,3.491,3.991,9.390,.901,.117, 1.006E+03, 9.388E+01, 0.000E+00, 3.469E-16, 0.000E+00, 0.000E+00, 0.000E+00, 0.000E+00,-2.664E+01, 2.673E+00, 3.010E+00, 2.331E-01, 1.178E-01,-9.990E+02, 1.000E+00,-9.990E+02, 0.000E+00, 0.000E+00, 0.000E+00, 8.692E-01, 0.000E+00, 0.000E+00, 0.000E+00, 0.000E+00, 2.171E+02, 5.804E+01, 1.050E-02, 0.000E+00, 9.523E+01, 3.936E-03, 9.226E-01
03/07/2019,22:00,9,3.491,3.991,8.878,.892,.123, 1.006E+03, 9.637E+01, 0.000E+00, 3.469E-16, 0.000E+00, 0.000E+00, 0.000E+00, 0.000E+00,-2.664E+01, 2.673E+00, 2.702E+00, 2.329E-01, 1.056E-01,-9.990E+02, 1.000E+00,-9.990E+02, 0.000E+00, 0.000E+00, 0.000E+00, 8.692E-01, 0.000E+00, 0.000E+00, 0.000E+00, 0.000E+00, 2.423E+02, 6.472E+01, 9.278E-03, 0.000E+00, 1.078E+02, 3.510E-03, 1.165E+00
03/07/2019,23:00,9,3.491,3.991,8.365,.883,.129, 1.006E+03, 9.711E+01, 0.000E+00, 3.469E-16, 0.000E+00, 0.000E+00, 0.000E+00, 0.000E+00,-2.664E+01, 2.673E+00, 2.590E+00, 2.327E-01, 1.011E-01,-9.990E+02, 1.000E+00,-9.990E+02, 0.000E+00, 0.000E+00, 0.000E+00, 8.692E-01, 0.000E+00, 0.000E+00, 0.000E+00, 0.000E+00, 2.532E+02, 6.759E+01, 8.209E-03, 0.000E+00, 1.218E+02, 3.259E-03, 1.078E+00
04/07/2019,00:00,9,3.491,3.991,7.853,.874,.134, 1.005E+03, 9.603E+01, 0.000E+00, 3.469E-16, 0.000E+00, 0.000E+00, 0.000E+00, 0.000E+00,-2.240E+01, 1.001E+01, 2.698E+00, 2.233E-01, 1.071E-01,-9.990E+02, 1.000E+00,-9.990E+02, 0.000E+00, 0.000E+00, 0.000E+00, 8.692E-01, 0.000E+00, 0.000E+00, 0.000E+00, 0.000E+00, 2.351E+02, 6.381E+01, 7.274E-03, 0.000E+00, 1.375E+02, 3.208E-03, 8.678E-01
04/07/2019,01:00,9,3.491,3.991,7.977,.858,.153, 1.005E+03, 9.324E+01, 0.000E+00, 3.469E-16, 0.000E+00, 0.000E+00, 0.000E+00, 0.000E+00,-2.240E+01, 1.001E+01, 2.634E+00, 2.234E-01, 1.046E-01,-9.990E+02, 1.000E+00,-9.990E+02, 0.000E+00, 0.000E+00, 0.000E+00, 8.692E-01, 0.000E+00, 0.000E+00, 0.000E+00, 0.000E+00, 2.407E+02, 6.534E+01, 5.437E-03, 0.000E+00, 1.839E+02, 2.759E-03, 8.678E-01
04/07/2019,02:00,9,3.491,3.991,8.100,.841,.172, 1.005E+03, 8.891E+01, 0.000E+00, 3.469E-16, 7.051E-04, 4.547E+00, 1.389E+00, 1.370E+00,-2.240E+01, 1.001E+01, 2.570E+00, 2.234E-01, 1.021E-01, 1.085E-02, 1.000E+00, 5.480E-02, 5.551E-02, 1.000E-02, 1.000E+00, 9.070E-01, 4.970E-04, 3.138E-06, 3.505E-06, 0.000E+00, 2.466E+02, 6.695E+01, 5.000E-03, 1.502E-05, 1.994E+02, 2.616E-03, 9.535E-01
04/07/2019,03:00,9,3.491,3.991,8.223,.825,.191, 1.005E+03, 8.334E+01, 0.000E+00, 3.469E-16, 1.393E+01, 2.647E+01, 6.870E+01, 8.629E+00, 3.197E+01, 5.967E+01, 2.506E+00, 3.002E-01, 1.657E-01, 6.643E-02, 1.000E+00, 3.414E-01, 9.407E-01, 1.000E-02, 1.000E+00, 9.070E-01, 3.097E-03, 1.956E-05, 5.942E-05, 0.000E+00, 8.331E+01, 4.124E+01, 5.000E-03, 9.364E-05, 1.963E+02, 3.326E-03, 1.049E+00
04/07/2019,04:00,9,3.491,3.991,9.752,.769,.280, 1.004E+03, 7.682E+01, 0.000E+00, 3.469E-16, 5.963E+01, 4.788E+01, 1.477E+02, 1.692E+01, 3.197E+01, 5.967E+01, 2.157E+00, 3.011E-01, 1.426E-01, 1.305E-01, 1.000E+00, 5.662E-01, 9.977E-01, 1.000E-02, 1.000E+00, 9.070E-01, 5.135E-03, 3.261E-05, 6.336E-05, 0.000E+00, 9.693E+01, 4.794E+01, 5.000E-03, 1.561E-04, 1.939E+02, 3.172E-03, 1.165E+00
04/07/2019,05:00,9,3.491,3.991,11.281,.713,.385, 1.004E+03, 6.967E+01, 0.000E+00, 3.469E-16, 1.198E+02, 6.459E+01, 1.964E+02, 2.391E+01, 3.197E+01, 5.967E+01, 1.940E+00, 3.020E-01, 1.282E-01, 1.977E-01, 1.000E+00, 6.999E-01, 9.997E-01, 1.000E-02, 1.000E+00, 9.070E-01, 6.348E-03, 4.053E-05, 6.383E-05, 0.000E+00, 1.079E+02, 5.333E+01, 5.000E-03, 1.941E-04, 1.925E+02, 3.053E-03, 1.475E+00
04/07/2019,06:00,9,3.491,3.991,12.809,.657,.509, 1.003E+03, 6.223E+01, 8.487E-02, 3.469E-16, 1.182E+01, 8.637E+01, 3.910E+01, 2.641E+01, 7.563E+01, 1.102E+02, 1.901E+00, 5.082E-01, 1.209E-01, 2.606E-01, 1.000E+00, 6.983E-01, 7.997E-01, 1.123E-01, 1.000E+00, 9.070E-01, 7.110E-02, 4.564E-04, 5.227E-04, 0.000E+00, 1.225E+02, 5.655E+01, 5.000E-03, 2.185E-03, 1.392E+02, 3.514E-03, 2.009E+00
04/07/2019,07:00,9,3.491,3.991,12.856,.644,.530, 1.003E+03, 5.485E+01, 8.487E-02, 3.469E-16, 1.575E+01, 1.070E+02, 4.637E+01, 3.269E+01, 7.563E+01, 1.102E+02, 2.413E+00, 5.083E-01, 1.534E-01, 3.139E-01, 1.000E+00, 7.746E-01, 8.515E-01, 1.185E-01, 1.000E+00, 9.070E-01, 8.325E-02, 5.345E-04, 5.876E-04, 0.000E+00, 9.649E+01, 4.455E+01, 5.000E-03, 2.559E-03, 1.323E+02, 4.051E-03, 1.474E+00
04/07/2019,08:00,9,3.491,3.991,12.902,.631,.551, 1.003E+03, 4.800E+01, 8.487E-02, 3.469E-16, 1.913E+01, 1.230E+02, 5.189E+01, 3.759E+01, 7.563E+01, 1.102E+02, 2.978E+00, 5.084E-01, 1.894E-01, 3.551E-01, 1.000E+00, 8.206E-01, 8.816E-01, 1.247E-01, 1.000E+00, 9.070E-01, 9.282E-02, 5.960E-04, 6.404E-04, 0.000E+00, 7.818E+01, 3.610E+01, 5.000E-03, 2.854E-03, 1.273E+02, 4.542E-03, 1.495E+00
04/07/2019,09:00,9,3.491,3.991,12.949,.619,.572, 1.002E+03, 4.228E+01, 2.428E-01, 3.469E-16, 8.387E+01, 1.630E+02, 1.079E+02, 5.120E+01, 2.106E+01, 1.076E+02, 3.571E+00, 3.975E-01, 2.222E-01, 3.838E-01, 1.000E+00, 9.204E-01, 9.882E-01, 1.309E-01, 1.000E+00, 9.070E-01, 1.093E-01, 7.019E-04, 7.536E-04, 0.000E+00, 6.934E+01, 3.076E+01, 5.000E-03, 3.361E-03, 1.196E+02, 5.018E-03, 1.623E+00
04/07/2019,10:00,9,3.491,3.991,12.744,.655,.511, 1.002E+03, 3.846E+01, 2.428E-01, 3.469E-16, 8.999E+01, 1.696E+02, 1.107E+02, 5.325E+01, 2.106E+01, 1.076E+02, 2.545E+00, 3.975E-01, 1.583E-01, 4.003E-01, 1.000E+00, 9.287E-01, 9.895E-01, 1.035E-01, 1.000E+00, 9.070E-01, 8.718E-02, 5.595E-04, 5.962E-04, 0.000E+00, 9.730E+01, 4.317E+01, 5.000E-03, 2.679E-03, 1.302E+02, 4.132E-03, 1.375E+00
04/07/2019,11:00,9,3.491,3.991,12.540,.691,.451, 1.001E+03, 3.727E+01, 2.428E-01, 3.469E-16, 9.180E+01, 1.714E+02, 1.115E+02, 5.383E+01, 2.106E+01, 1.076E+02, 1.538E+00, 3.974E-01, 1.000E-01, 4.050E-01, 1.000E+00, 9.309E-01, 9.898E-01, 7.568E-02, 1.000E+00, 9.070E-01, 6.389E-02, 4.098E-04, 4.357E-04, 0.000E+00, 1.540E+02, 6.835E+01, 5.000E-03, 1.962E-03, 1.436E+02, 3.119E-03, 1.137E+00
04/07/2019,12:00,9,3.491,3.991,12.336,.727,.394, 1.001E+03, 3.900E+01, 4.354E-01, 3.469E-16, 9.629E+01, 1.689E+02, 1.152E+02, 5.320E+01, 1.519E+01, 1.355E+02, 6.529E-01, 4.419E-01, 1.000E-01, 3.981E-01, 1.000E+00, 9.290E-01, 9.912E-01, 4.742E-02, 1.000E+00, 9.070E-01, 3.996E-02, 2.561E-04, 2.732E-04, 0.000E+00, 1.595E+02, 6.835E+01, 5.000E-03, 1.226E-03, 1.606E+02, 2.954E-03, 9.828E-01
04/07/2019,13:00,9,3.491,3.991,12.308,.734,.382, 1.000E+03, 4.325E+01, 4.354E-01, 3.469E-16, 8.887E+01, 1.614E+02, 1.119E+02, 5.090E+01, 1.519E+01, 1.355E+02, 7.853E-01, 4.421E-01, 1.000E-01, 3.793E-01, 1.000E+00, 9.197E-01, 9.900E-01, 4.356E-02, 1.000E+00, 9.070E-01, 3.634E-02, 2.328E-04, 2.506E-04, 0.000E+00, 1.595E+02, 6.835E+01, 5.000E-03, 1.115E-03, 1.635E+02, 2.929E-03, 8.158E-01
04/07/2019,14:00,9,3.491,3.991,12.281,.742,.370, 9.991E+02, 4.924E+01, 4.354E-01, 3.469E-16, 7.740E+01, 1.487E+02, 1.062E+02, 4.691E+01, 1.519E+01, 1.355E+02, 9.942E-01, 4.423E-01, 1.000E-01, 3.482E-01, 1.000E+00, 9.009E-01, 9.873E-01, 3.969E-02, 1.000E+00, 9.070E-01, 3.243E-02, 2.078E-04, 2.278E-04, 0.000E+00, 1.595E+02, 6.835E+01, 5.000E-03, 9.950E-04, 1.668E+02, 2.901E-03, 7.187E-01
04/07/2019,15:00,9,3.491,3.991,12.253,.750,.358, 9.982E+02, 5.624E+01, 5.067E-01, 3.469E-16, 1.229E+02, 1.224E+02, 1.511E+02, 4.058E+01,-7.330E+00, 8.406E+01, 1.242E+00, 1.929E-01, 1.000E-01, 3.046E-01, 1.000E+00, 8.684E-01, 9.980E-01, 3.582E-02, 1.000E+00, 9.070E-01, 2.821E-02, 1.807E-04, 2.077E-04, 0.000E+00, 2.110E+02, 6.835E+01, 5.000E-03, 8.653E-04, 1.705E+02, 2.829E-03, 6.231E-01
04/07/2019,16:00,9,3.491,3.991,11.676,.817,.252, 9.973E+02, 6.367E+01, 5.067E-01, 3.469E-16, 9.029E+01, 1.025E+02, 1.357E+02, 3.392E+01,-7.330E+00, 8.406E+01, 8.733E-01, 1.928E-01, 1.000E-01, 2.491E-01, 1.000E+00, 8.130E-01, 9.962E-01, 1.000E-02, 1.000E+00, 9.070E-01, 7.374E-03, 4.715E-05, 6.370E-05, 0.000E+00, 2.112E+02, 6.835E+01, 5.000E-03, 2.257E-04, 1.914E+02, 2.672E-03, 5.507E-01
04/07/2019,17:00,9,3.491,3.991,11.099,.885,.152, 9.964E+02, 7.109E+01, 5.067E-01, 3.469E-16, 5.672E+01, 7.678E+01, 1.128E+02, 2.529E+01,-7.330E+00, 8.406E+01, 5.917E-01, 1.927E-01, 1.000E-01, 1.848E-01, 1.000E+00, 7.101E-01, 9.903E-01, 1.000E-02, 1.000E+00, 9.070E-01, 6.441E-03, 4.110E-05, 6.319E-05, 0.000E+00, 2.113E+02, 6.835E+01, 7.462E-03, 1.968E-04, 1.306E+02, 3.190E-03, 5.223E-01
04/07/2019,18:00,9,3.491,3.991,10.522,.953,.061, 9.955E+02, 7.815E+01, 1.052E+00, 3.469E-16, 2.709E+01, 4.742E+01, 8.142E+01, 1.545E+01,-5.370E+00, 2.196E+01, 5.513E-01, 1.712E-01, 1.000E-01, 1.176E-01, 1.000E+00, 5.284E-01, 9.649E-01, 1.000E-02, 1.000E+00, 9.070E-01, 4.793E-03, 3.052E-05, 6.144E-05, 0.000E+00, 2.132E+02, 6.835E+01, 2.065E-02, 1.461E-04, 4.809E+01, 4.325E-03, 8.915E-01
04/07/2019,19:00,9,3.491,3.991,10.064,.967,.040, 9.951E+02, 8.453E+01, 1.052E+00, 3.469E-16, 4.537E+00, 1.960E+01, 2.991E+01, 6.123E+00,-5.370E+00, 2.196E+01, 4.337E-01, 1.711E-01, 1.000E-01, 5.463E-02, 1.000E+00, 2.491E-01, 7.078E-01, 1.000E-02, 1.000E+00, 9.070E-01, 2.260E-03, 1.437E-05, 4.500E-05, 0.000E+00, 2.133E+02, 6.835E+01, 2.417E-02, 6.878E-05, 4.125E+01, 4.457E-03, 9.047E-01
04/07/2019,20:00,9,3.491,3.991,9.607,.982,.021, 9.946E+02, 8.990E+01, 1.052E+00, 3.469E-16, 1.294E-45, 3.295E-01, 0.000E+00, 0.000E+00,-5.370E+00, 2.196E+01, 1.415E+00, 1.710E-01, 1.000E-01,-9.990E+02, 1.000E+00,-9.990E+02, 0.000E+00, 0.000E+00, 0.000E+00, 9.070E-01, 0.000E+00, 0.000E+00, 0.000E+00, 0.000E+00, 2.134E+02, 6.835E+01, 3.267E-02, 0.000E+00, 3.061E+01, 4.678E-03, 7.422E-01
04/07/2019,21:00,9,3.491,3.991,9.149,.997,.004, 9.942E+02, 9.396E+01, 3.972E-01, 3.469E-16, 0.000E+00, 0.000E+00, 0.000E+00, 0.000E+00,-2.935E+01, 5.038E+01, 2.398E+00, 5.679E-01, 1.369E-01,-9.990E+02, 1.000E+00,-9.990E+02, 0.000E+00, 0.000E+00, 0.000E+00, 9.070E-01, 0.000E+00, 0.000E+00, 0.000E+00, 0.000E+00, 1.279E+02, 4.992E+01, 3.832E-02, 0.000E+00, 2.610E+01, 6.359E-03, 5.558E-01
04/07/2019,22:00,9,3.491,3.991,8.797,.991,.010, 9.941E+02, 9.646E+01, 3.972E-01, 3.469E-16, 0.000E+00, 0.000E+00, 0.000E+00, 0.000E+00,-2.935E+01, 5.038E+01, 3.025E+00, 5.676E-01, 1.728E-01,-9.990E+02, 1.000E+00,-9.990E+02, 0.000E+00, 0.000E+00, 0.000E+00, 9.070E-01, 0.000E+00, 0.000E+00, 0.000E+00, 0.000E+00, 1.014E+02, 3.957E+01, 3.884E-02, 0.000E+00, 2.575E+01, 7.710E-03, 5.001E-01
04/07/2019,23:00,9,3.491,3.991,8.445,.985,.017, 9.939E+02, 9.720E+01, 3.972E-01, 3.469E-16, 0.000E+00, 0.000E+00, 0.000E+00, 0.000E+00,-2.935E+01, 5.038E+01, 3.656E+00, 5.673E-01, 2.088E-01,-9.990E+02, 1.000E+00,-9.990E+02, 0.000E+00, 0.000E+00, 0.000E+00, 9.070E-01, 0.000E+00, 0.000E+00, 0.000E+00, 0.000E+00, 8.388E+01, 3.274E+01, 4.297E-02, 0.000E+00, 2.327E+01, 9.149E-03, 3.599E-01
05/07/2019,00:00,9,3.491,3.991,8.092,.979,.023, 9.938E+02, 9.613E+01, 1.401E+00, 3.469E-16, 0.000E+00, 0.000E+00, 0.000E+00, 0.000E+00,-5.415E+01, 7.363E+01, 4.289E+00, 8.219E-01, 2.487E-01,-9.990E+02, 1.000E+00,-9.990E+02, 0.000E+00, 0.000E+00, 0.000E+00, 9.070E-01, 0.000E+00, 0.000E+00, 0.000E+00, 0.000E+00, 6.935E+01, 2.749E+01, 4.082E-02, 0.000E+00, 2.450E+01, 1.035E-02, 3.114E-01
05/07/2019,01:00,9,3.491,3.991,8.180,.984,.017, 9.939E+02, 9.334E+01, 1.401E+00, 3.469E-16, 0.000E+00, 0.000E+00, 0.000E+00, 0.000E+00,-5.415E+01, 7.363E+01, 5.081E+00, 8.220E-01, 2.946E-01,-9.990E+02, 1.000E+00,-9.990E+02, 0.000E+00, 0.000E+00, 0.000E+00, 9.070E-01, 0.000E+00, 0.000E+00, 0.000E+00, 0.000E+00, 5.854E+01, 2.320E+01, 4.691E-02, 0.000E+00, 2.132E+01, 1.217E-02, 2.670E-01
05/07/2019,02:00,9,3.491,3.991,8.268,.990,.011, 9.939E+02, 8.902E+01, 1.401E+00, 3.469E-16, 1.976E-05, 1.615E+00, 0.000E+00, 0.000E+00,-5.415E+01, 7.363E+01, 5.873E+00, 8.221E-01, 3.405E-01,-9.990E+02, 1.000E+00,-9.990E+02, 0.000E+00, 0.000E+00, 0.000E+00, 9.260E-01, 0.000E+00, 0.000E+00, 0.000E+00, 0.000E+00, 5.065E+01, 2.007E+01, 5.448E-02, 0.000E+00, 1.835E+01, 1.408E-02, 2.536E-01
05/07/2019,03:00,9,3.491,3.991,8.356,.995,.005, 9.940E+02, 8.344E+01, 3.208E-01, 3.469E-16, 1.260E+01, 2.414E+01, 6.304E+01, 7.863E+00,-4.261E+01, 1.169E+02, 6.665E+00, 9.306E-01, 3.907E-01, 6.541E-02, 1.000E+00, 3.188E-01, 9.252E-01, 1.000E-02, 1.000E+00, 9.260E-01, 2.952E-03, 1.865E-05, 5.847E-05, 0.000E+00, 4.367E+01, 1.750E+01, 6.262E-02, 8.931E-05, 1.595E+01, 1.618E-02, 2.721E-01
05/07/2019,04:00,9,3.491,3.991,8.924,.971,.033, 9.943E+02, 7.692E+01, 3.208E-01, 3.469E-16, 5.486E+01, 4.400E+01, 1.368E+02, 1.556E+01,-4.261E+01, 1.169E+02, 6.519E+00, 9.313E-01, 3.822E-01, 1.296E-01, 1.000E+00, 5.405E-01, 9.964E-01, 1.000E-02, 1.000E+00, 9.260E-01, 5.005E-03, 3.169E-05, 6.309E-05, 0.000E+00, 4.464E+01, 1.789E+01, 3.386E-02, 1.517E-04, 2.941E+01, 1.311E-02, 3.344E-01
05/07/2019,05:00,9,3.491,3.991,9.491,.947,.063, 9.946E+02, 6.978E+01, 3.208E-01, 3.469E-16, 1.106E+02, 5.952E+01, 1.820E+02, 2.205E+01,-4.261E+01, 1.169E+02, 6.380E+00, 9.321E-01, 3.740E-01, 1.968E-01, 1.000E+00, 6.756E-01, 9.994E-01, 1.000E-02, 1.000E+00, 9.260E-01, 6.256E-03, 3.969E-05, 6.341E-05, 0.000E+00, 4.561E+01, 1.828E+01, 2.000E-02, 1.900E-04, 4.952E+01, 1.026E-02, 4.040E-01
05/07/2019,06:00,9,3.491,3.991,10.059,.923,.095, 9.950E+02, 6.233E+01, 7.409E-02, 3.469E-16, 1.776E+02, 7.206E+01, 2.188E+02, 2.758E+01, 1.018E+02, 1.773E+02, 6.247E+00, 9.569E-01, 3.784E-01, 2.598E-01, 1.000E+00, 7.619E-01, 9.999E-01, 1.000E-02, 1.000E+00, 9.260E-01, 7.055E-03, 4.485E-05, 6.357E-05, 0.000E+00, 4.280E+01, 1.806E+01, 1.474E-02, 2.147E-04, 6.686E+01, 8.774E-03, 4.703E-01
05/07/2019,07:00,9,3.491,3.991,11.341,.828,.232, 9.954E+02, 5.495E+01, 7.409E-02, 3.469E-16, 2.366E+02, 7.554E+01, 2.358E+02, 2.976E+01, 1.018E+02, 1.773E+02, 6.335E+00, 9.588E-01, 3.837E-01, 3.132E-01, 1.000E+00, 7.981E-01, 9.999E-01, 1.000E-02, 1.000E+00, 9.260E-01, 7.390E-03, 4.720E-05, 6.386E-05, 0.000E+00, 4.222E+01, 1.781E+01, 5.000E-03, 2.260E-04, 1.914E+02, 4.205E-03, 5.662E-01
05/07/2019,08:00,9,3.491,3.991,12.623,.733,.392, 9.959E+02, 4.810E+01, 7.409E-02, 3.469E-16, 2.876E+02, 7.422E+01, 2.454E+02, 3.012E+01, 1.018E+02, 1.773E+02, 6.441E+00, 9.607E-01, 3.901E-01, 3.545E-01, 1.000E+00, 8.130E-01, 1.000E+00, 8.709E-02, 1.000E+00, 9.260E-01, 6.556E-02, 4.206E-04, 5.173E-04, 0.000E+00, 4.154E+01, 1.752E+01, 5.000E-03, 2.014E-03, 1.426E+02, 5.311E-03, 6.153E-01
05/07/2019,09:00,9,3.491,3.991,13.906,.638,.578, 9.964E+02, 4.238E+01, 8.512E-02, 3.469E-16, 1.998E+02, 1.364E+02, 1.814E+02, 4.611E+01, 1.654E+02, 1.720E+02, 6.565E+00, 1.014E+00, 4.001E-01, 3.833E-01, 1.000E+00, 9.072E-01, 9.994E-01, 2.537E-01, 1.000E+00, 9.260E-01, 2.131E-01, 1.374E-03, 1.513E-03, 0.000E+00, 4.002E+01, 1.708E+01, 5.000E-03, 6.576E-03, 8.639E+01, 7.641E-03, 6.745E-01
05/07/2019,10:00,9,3.491,3.991,14.349,.618,.627, 9.968E+02, 3.856E+01, 8.512E-02, 3.469E-16, 2.144E+02, 1.392E+02, 1.842E+02, 4.708E+01, 1.654E+02, 1.720E+02, 6.364E+00, 1.015E+00, 3.878E-01, 3.999E-01, 1.000E+00, 9.133E-01, 9.995E-01, 3.074E-01, 1.000E+00, 9.260E-01, 2.600E-01, 1.678E-03, 1.837E-03, 0.000E+00, 4.130E+01, 1.763E+01, 5.000E-03, 8.034E-03, 7.672E+01, 8.155E-03, 7.010E-01
05/07/2019,11:00,9,3.491,3.991,14.793,.599,.679, 9.973E+02, 3.737E+01, 8.512E-02, 3.469E-16, 2.187E+02, 1.398E+02, 1.849E+02, 4.733E+01, 1.654E+02, 1.720E+02, 6.169E+00, 1.015E+00, 3.759E-01, 4.047E-01, 1.000E+00, 9.148E-01, 9.995E-01, 3.592E-01, 1.000E+00, 9.260E-01, 3.043E-01, 1.967E-03, 2.149E-03, 0.000E+00, 4.261E+01, 1.818E+01, 5.000E-03, 9.416E-03, 6.937E+01, 8.567E-03, 7.300E-01
05/07/2019,12:00,9,3.491,3.991,15.236,.579,.734, 9.977E+02, 3.909E+01, 1.124E-02, 3.469E-16, 2.970E+02, 9.145E+01, 2.260E+02, 3.474E+01, 8.159E+01, 1.678E+02, 5.980E+00, 9.158E-01, 3.617E-01, 3.977E-01, 1.000E+00, 8.556E-01, 9.999E-01, 4.089E-01, 1.000E+00, 9.260E-01, 3.240E-01, 2.097E-03, 2.451E-03, 0.000E+00, 4.491E+01, 1.890E+01, 5.000E-03, 1.004E-02, 6.648E+01, 8.637E-03, 7.165E-01
05/07/2019,13:00,9,3.491,3.991,15.555,.545,.809, 9.979E+02, 4.332E+01, 1.124E-02, 3.469E-16, 2.740E+02, 9.262E+01, 2.232E+02, 3.486E+01, 8.159E+01, 1.678E+02, 5.732E+00, 9.162E-01, 3.467E-01, 3.789E-01, 1.000E+00, 8.519E-01, 9.999E-01, 4.434E-01, 1.000E+00, 9.260E-01, 3.498E-01, 2.267E-03, 2.661E-03, 0.000E+00, 4.686E+01, 1.972E+01, 5.000E-03, 1.085E-02, 6.308E+01, 8.733E-03, 7.039E-01
05/07/2019,14:00,9,3.491,3.991,15.874,.511,.888, 9.982E+02, 4.931E+01, 1.124E-02, 3.469E-16, 2.385E+02, 9.247E+01, 2.173E+02, 3.439E+01, 8.159E+01, 1.678E+02, 5.485E+00, 9.166E-01, 3.318E-01, 3.478E-01, 1.000E+00, 8.415E-01, 9.999E-01, 4.768E-01, 1.000E+00, 9.260E-01, 3.715E-01, 2.411E-03, 2.864E-03, 0.000E+00, 4.897E+01, 2.060E+01, 5.000E-03, 1.154E-02, 6.045E+01, 8.756E-03, 6.571E-01
05/07/2019,15:00,9,3.491,3.991,16.193,.477,.969, 9.985E+02, 5.630E+01, 1.827E-02, 3.469E-16, 2.202E+02, 7.348E+01, 2.272E+02, 2.878E+01, 7.449E+00, 1.107E+02, 5.241E+00, 6.299E-01, 3.131E-01, 3.042E-01, 1.000E+00, 7.870E-01, 9.999E-01, 5.093E-01, 1.000E+00, 9.260E-01, 3.711E-01, 2.411E-03, 3.063E-03, 0.000E+00, 5.318E+01, 2.183E+01, 5.000E-03, 1.154E-02, 6.046E+01, 8.506E-03, 5.678E-01
05/07/2019,16:00,9,3.491,3.991,15.603,.536,.828, 9.986E+02, 6.373E+01, 1.827E-02, 3.469E-16, 1.616E+02, 6.899E+01, 2.088E+02, 2.624E+01, 7.449E+00, 1.107E+02, 4.534E+00, 6.292E-01, 2.708E-01, 2.487E-01, 1.000E+00, 7.446E-01, 9.998E-01, 4.484E-01, 1.000E+00, 9.260E-01, 3.092E-01, 2.004E-03, 2.691E-03, 0.000E+00, 6.148E+01, 2.524E+01, 5.000E-03, 9.596E-03, 6.851E+01, 7.433E-03, 4.719E-01
05/07/2019,17:00,9,3.491,3.991,15.013,.595,.696, 9.988E+02, 7.115E+01, 1.827E-02, 3.469E-16, 1.012E+02, 5.815E+01, 1.781E+02, 2.137E+01, 7.449E+00, 1.107E+02, 3.985E+00, 6.285E-01, 2.380E-01, 1.842E-01, 1.000E+00, 6.612E-01, 9.993E-01, 3.841E-01, 1.000E+00, 9.260E-01, 2.352E-01, 1.521E-03, 2.299E-03, 0.000E+00, 6.995E+01, 2.872E+01, 5.000E-03, 7.283E-03, 8.141E+01, 6.388E-03, 3.974E-01
05/07/2019,18:00,9,3.491,3.991,14.423,.654,.572, 9.989E+02, 7.822E+01, 8.477E-03, 3.469E-16, 5.010E+01, 4.489E+01, 1.384E+02, 1.567E+01,-4.915E+01, 2.452E+01, 3.666E+00, 4.751E-01, 1.955E-01, 1.169E-01, 1.000E+00, 5.361E-01, 9.966E-01, 3.162E-01, 1.000E+00, 9.260E-01, 1.570E-01, 1.013E-03, 1.884E-03, 0.000E+00, 9.592E+01, 3.497E+01, 5.000E-03, 4.851E-03, 1.015E+02, 5.155E-03, 3.272E-01
05/07/2019,19:00,9,3.491,3.991,13.592,.683,.497, 9.989E+02, 8.460E+01, 8.477E-03, 3.469E-16, 8.120E+00, 2.227E+01, 5.025E+01, 7.099E+00,-4.915E+01, 2.452E+01, 3.710E+00, 4.744E-01, 1.978E-01, 5.390E-02, 1.000E+00, 2.866E-01, 8.734E-01, 2.145E-01, 1.000E+00, 9.260E-01, 5.693E-02, 3.665E-04, 1.117E-03, 0.000E+00, 9.486E+01, 3.456E+01, 5.000E-03, 1.755E-03, 1.480E+02, 4.176E-03, 3.055E-01
05/07/2019,20:00,9,3.491,3.991,12.761,.711,.427, 9.989E+02, 8.998E+01, 8.477E-03, 3.469E-16, 1.520-214, 8.918E-02, 0.000E+00, 0.000E+00,-4.915E+01, 2.452E+01, 3.754E+00, 4.737E-01, 2.000E-01,-9.990E+02, 1.000E+00,-9.990E+02, 0.000E+00, 0.000E+00, 0.000E+00, 9.260E-01, 0.000E+00, 0.000E+00, 0.000E+00, 0.000E+00, 9.383E+01, 3.417E+01, 5.000E-03, 0.000E+00, 2.000E+02, 3.444E-03, 3.223E-01
05/07/2019,21:00,9,3.491,3.991,11.930,.740,.364, 9.989E+02, 9.405E+01, 0.000E+00, 3.469E-16, 0.000E+00, 0.000E+00, 0.000E+00, 0.000E+00,-5.641E+01, 1.082E+01, 3.798E+00, 4.054E-01, 1.865E-01,-9.990E+02, 1.000E+00,-9.990E+02, 0.000E+00, 0.000E+00, 0.000E+00, 9.260E-01, 0.000E+00, 0.000E+00, 0.000E+00, 0.000E+00, 1.093E+02, 3.666E+01, 5.000E-03, 0.000E+00, 2.000E+02, 3.359E-03, 3.591E-01
05/07/2019,22:00,9,3.491,3.991,11.282,.762,.320, 9.990E+02, 9.655E+01, 0.000E+00, 3.469E-16, 0.000E+00, 0.000E+00, 0.000E+00, 0.000E+00,-5.641E+01, 1.082E+01, 3.633E+00, 4.050E-01, 1.782E-01,-9.990E+02, 1.000E+00,-9.990E+02, 0.000E+00, 0.000E+00, 0.000E+00, 9.260E-01, 0.000E+00, 0.000E+00, 0.000E+00, 0.000E+00, 1.144E+02, 3.835E+01, 5.000E-03, 0.000E+00, 2.000E+02, 3.308E-03, 4.029E-01
05/07/2019,23:00,9,3.491,3.991,10.635,.783,.279, 9.991E+02, 9.730E+01, 0.000E+00, 3.469E-16, 0.000E+00, 0.000E+00, 0.000E+00, 0.000E+00,-5.641E+01, 1.082E+01, 3.468E+00, 4.045E-01, 1.700E-01,-9.990E+02, 1.000E+00,-9.990E+02, 0.000E+00, 0.000E+00, 0.000E+00, 9.260E-01, 0.000E+00, 0.000E+00, 0.000E+00, 0.000E+00, 1.200E+02, 4.020E+01, 5.000E-03, 0.000E+00, 2.000E+02, 3.255E-03, 4.407E-01
06/07/2019,00:00,9,3.491,3.991,9.987,.804,.241, 9.992E+02, 9.624E+01, 0.000E+00, 3.469E-16, 0.000E+00, 0.000E+00, 0.000E+00, 0.000E+00,-3.489E+01, 6.919E+00, 3.303E+00, 3.497E-01, 1.631E-01,-9.990E+02, 1.000E+00,-9.990E+02, 0.000E+00, 0.000E+00, 0.000E+00, 9.260E-01, 0.000E+00, 0.000E+00, 0.000E+00, 0.000E+00, 1.241E+02, 4.190E+01, 5.000E-03, 0.000E+00, 2.000E+02, 3.209E-03, 4.865E-01
06/07/2019,01:00,9,3.491,3.991,9.844,.847,.187, 9.991E+02, 9.345E+01, 0.000E+00, 3.469E-16, 0.000E+00, 0.000E+00, 0.000E+00, 0.000E+00,-3.489E+01, 6.919E+00, 3.181E+00, 3.496E-01, 1.571E-01,-9.990E+02, 1.000E+00,-9.990E+02, 0.000E+00, 0.000E+00, 0.000E+00, 9.260E-01, 0.000E+00, 0.000E+00, 0.000E+00, 0.000E+00, 1.289E+02, 4.350E+01, 5.000E-03, 0.000E+00, 2.000E+02, 3.165E-03, 5.360E-01
06/07/2019,02:00,9,3.491,3.991,9.701,.889,.134, 9.990E+02, 8.913E+01, 0.000E+00, 3.469E-16, 5.914E-05, 3.664E+00, 0.000E+00, 0.000E+00,-3.489E+01, 6.919E+00, 3.076E+00, 3.495E-01, 1.519E-01,-9.990E+02, 1.000E+00,-9.990E+02, 0.000E+00, 0.000E+00, 0.000E+00, 9.285E-01, 0.000E+00, 0.000E+00, 0.000E+00, 0.000E+00, 1.333E+02, 4.500E+01, 7.805E-03, 0.000E+00, 1.281E+02, 4.032E-03, 5.897E-01
06/07/2019,03:00,9,3.491,3.991,9.558,.931,.083, 9.990E+02, 8.355E+01, 9.010E-04, 3.469E-16, 1.328E+01, 2.636E+01, 6.767E+01, 8.565E+00, 4.086E+01, 5.878E+01, 2.988E+00, 4.519E-01, 1.879E-01, 6.434E-02, 1.000E+00, 3.382E-01, 9.382E-01, 1.000E-02, 1.000E+00, 9.285E-01, 3.140E-03, 1.993E-05, 5.954E-05, 0.000E+00, 8.043E+01, 3.638E+01, 1.602E-02, 9.541E-05, 6.204E+01, 6.412E-03, 6.116E-01
06/07/2019,04:00,9,3.491,3.991,10.824,.867,.173, 9.986E+02, 7.703E+01, 9.010E-04, 3.469E-16, 5.974E+01, 4.850E+01, 1.502E+02, 1.712E+01, 4.086E+01, 5.878E+01, 2.803E+00, 4.530E-01, 1.762E-01, 1.285E-01, 1.000E+00, 5.688E-01, 9.979E-01, 1.000E-02, 1.000E+00, 9.285E-01, 5.281E-03, 3.367E-05, 6.362E-05, 0.000E+00, 8.579E+01, 3.879E+01, 5.654E-03, 1.612E-04, 1.720E+02, 3.675E-03, 5.771E-01
06/07/2019,05:00,9,3.491,3.991,12.090,.803,.279, 9.982E+02, 6.988E+01, 9.010E-04, 3.469E-16, 1.215E+02, 6.583E+01, 2.009E+02, 2.436E+01, 4.086E+01, 5.878E+01, 2.657E+00, 4.541E-01, 1.670E-01, 1.958E-01, 1.000E+00, 7.047E-01, 9.997E-01, 1.285E-02, 1.000E+00, 9.285E-01, 8.408E-03, 5.384E-05, 7.638E-05, 0.000E+00, 9.059E+01, 4.094E+01, 5.000E-03, 2.578E-04, 1.902E+02, 3.380E-03, 6.063E-01
06/07/2019,06:00,9,3.491,3.991,13.356,.739,.401, 9.978E+02, 6.243E+01, 7.745E-02, 3.469E-16, 1.821E+02, 7.426E+01, 2.251E+02, 2.840E+01, 1.032E+02, 1.390E+02, 2.555E+00, 5.110E-01, 1.649E-01, 2.590E-01, 1.000E+00, 7.695E-01, 9.999E-01, 1.844E-01, 1.000E+00, 9.285E-01, 1.317E-01, 8.473E-04, 1.101E-03, 0.000E+00, 8.740E+01, 4.145E+01, 5.000E-03, 4.057E-03, 1.104E+02, 4.621E-03, 6.714E-01
06/07/2019,07:00,9,3.491,3.991,14.355,.688,.513, 9.976E+02, 5.506E+01, 7.745E-02, 3.469E-16, 2.430E+02, 7.794E+01, 2.428E+02, 3.069E+01, 1.032E+02, 1.390E+02, 2.427E+00, 5.120E-01, 1.566E-01, 3.125E-01, 1.000E+00, 8.054E-01, 1.000E+00, 3.081E-01, 1.000E+00, 9.285E-01, 2.304E-01, 1.487E-03, 1.846E-03, 0.000E+00, 9.210E+01, 4.365E+01, 5.000E-03, 7.120E-03, 8.251E+01, 5.151E-03, 7.090E-01
06/07/2019,08:00,9,3.491,3.991,15.353,.636,.639, 9.974E+02, 4.821E+01, 7.745E-02, 3.469E-16, 2.957E+02, 7.664E+01, 2.529E+02, 3.107E+01, 1.032E+02, 1.390E+02, 2.342E+00, 5.129E-01, 1.510E-01, 3.540E-01, 1.000E+00, 8.200E-01, 1.000E+00, 4.217E-01, 1.000E+00, 9.285E-01, 3.210E-01, 2.079E-03, 2.536E-03, 0.000E+00, 9.552E+01, 4.525E+01, 5.000E-03, 9.955E-03, 6.687E+01, 5.477E-03, 7.242E-01
06/07/2019,09:00,9,3.491,3.991,16.352,.585,.778, 9.973E+02, 4.249E+01, 1.821E-01, 3.469E-16, 3.417E+02, 7.420E+01, 2.627E+02, 3.095E+01, 9.240E+01, 2.017E+02, 2.305E+00, 3.536E-01, 1.588E-01, 3.828E-01, 1.000E+00, 8.272E-01, 1.000E+00, 5.251E-01, 1.000E+00, 9.285E-01, 4.033E-01, 2.621E-03, 3.168E-03, 0.000E+00, 8.100E+01, 4.305E+01, 5.000E-03, 1.255E-02, 5.699E+01, 6.109E-03, 7.690E-01
06/07/2019,10:00,9,3.491,3.991,16.678,.573,.817, 9.970E+02, 3.867E+01, 1.821E-01, 3.469E-16, 3.669E+02, 7.072E+01, 2.651E+02, 3.014E+01, 9.240E+01, 2.017E+02, 1.927E+00, 3.538E-01, 1.327E-01, 3.995E-01, 1.000E+00, 8.261E-01, 1.000E+00, 5.567E-01, 1.000E+00, 9.285E-01, 4.270E-01, 2.778E-03, 3.363E-03, 0.000E+00, 9.692E+01, 5.150E+01, 5.000E-03, 1.330E-02, 5.464E+01, 5.486E-03, 7.658E-01
06/07/2019,11:00,9,3.491,3.991,17.005,.561,.858, 9.968E+02, 3.747E+01, 1.821E-01, 3.469E-16, 3.744E+02, 6.951E+01, 2.657E+02, 2.984E+01, 9.240E+01, 2.017E+02, 1.576E+00, 3.541E-01, 1.085E-01, 4.042E-01, 1.000E+00, 8.254E-01, 1.000E+00, 5.872E-01, 1.000E+00, 9.285E-01, 4.500E-01, 2.931E-03, 3.551E-03, 0.000E+00, 1.186E+02, 6.299E+01, 5.000E-03, 1.403E-02, 5.254E+01, 4.792E-03, 7.847E-01
06/07/2019,12:00,9,3.491,3.991,17.331,.549,.901, 9.966E+02, 3.918E+01, 5.365E-01, 3.469E-16, 3.656E+02, 7.159E+01, 2.662E+02, 3.042E+01, 1.128E+02, 1.690E+02, 1.273E+00, 3.174E-01, 1.000E-01, 3.973E-01, 1.000E+00, 8.275E-01, 1.000E+00, 6.166E-01, 1.000E+00, 9.285E-01, 4.738E-01, 3.089E-03, 3.733E-03, 0.000E+00, 1.191E+02, 6.835E+01, 5.000E-03, 1.479E-02, 5.053E+01, 4.641E-03, 7.808E-01
06/07/2019,13:00,9,3.491,3.991,17.069,.616,.754, 9.963E+02, 4.341E+01, 5.365E-01, 3.469E-16, 3.373E+02, 7.531E+01, 2.634E+02, 3.126E+01, 1.128E+02, 1.690E+02, 5.977E-01, 3.173E-01, 1.000E-01, 3.785E-01, 1.000E+00, 8.282E-01, 1.000E+00, 5.930E-01, 1.000E+00, 9.285E-01, 4.560E-01, 2.971E-03, 3.587E-03, 0.000E+00, 1.191E+02, 6.835E+01, 5.000E-03, 1.422E-02, 5.202E+01, 4.609E-03, 7.192E-01
06/07/2019,14:00,9,3.491,3.991,16.806,.683,.612, 9.960E+02, 4.938E+01, 5.365E-01, 3.469E-16, 2.937E+02, 7.886E+01, 2.573E+02, 3.181E+01, 1.128E+02, 1.690E+02, 1.103E+00, 3.172E-01, 1.000E-01, 3.474E-01, 1.000E+00, 8.236E-01, 1.000E+00, 5.688E-01, 1.000E+00, 9.285E-01, 4.349E-01, 2.831E-03, 3.437E-03, 0.000E+00, 1.191E+02, 6.835E+01, 5.000E-03, 1.355E-02, 5.390E+01, 4.570E-03, 7.198E-01
06/07/2019,15:00,9,3.491,3.991,16.544,.750,.474, 9.958E+02, 5.637E+01, 6.623E-01, 3.469E-16, 2.391E+02, 7.983E+01, 2.471E+02, 3.128E+01, 1.382E+01, 1.019E+02, 2.049E+00, 3.145E-01, 1.289E-01, 3.037E-01, 1.000E+00, 8.076E-01, 1.000E+00, 5.438E-01, 1.000E+00, 9.285E-01, 4.078E-01, 2.652E-03, 3.283E-03, 0.000E+00, 1.172E+02, 5.303E+01, 5.000E-03, 1.270E-02, 5.651E+01, 5.171E-03, 5.847E-01
06/07/2019,16:00,9,3.491,3.991,15.735,.806,.350, 9.956E+02, 6.380E+01, 6.623E-01, 3.469E-16, 1.753E+02, 7.491E+01, 2.270E+02, 2.850E+01, 1.382E+01, 1.019E+02, 2.030E+00, 3.141E-01, 1.277E-01, 2.481E-01, 1.000E+00, 7.671E-01, 9.999E-01, 4.624E-01, 1.000E+00, 9.285E-01, 3.293E-01, 2.136E-03, 2.784E-03, 0.000E+00, 1.182E+02, 5.353E+01, 5.000E-03, 1.022E-02, 6.568E+01, 4.906E-03, 4.413E-01
06/07/2019,17:00,9,3.491,3.991,14.926,.861,.237, 9.955E+02, 7.122E+01, 6.623E-01, 3.469E-16, 1.097E+02, 6.306E+01, 1.936E+02, 2.318E+01, 1.382E+01, 1.019E+02, 2.025E+00, 3.137E-01, 1.274E-01, 1.836E-01, 1.000E+00, 6.852E-01, 9.997E-01, 3.743E-01, 1.000E+00, 9.285E-01, 2.381E-01, 1.540E-03, 2.247E-03, 0.000E+00, 1.185E+02, 5.366E+01, 5.100E-03, 7.373E-03, 8.018E+01, 4.573E-03, 4.055E-01
06/07/2019,18:00,9,3.491,3.991,14.117,.917,.134, 9.954E+02, 7.829E+01, 5.399E-03, 3.469E-16, 4.968E+01, 4.465E+01, 1.380E+02, 1.559E+01,-2.030E+01, 1.281E+01, 2.033E+00, 3.040E-01, 1.024E-01, 1.162E-01, 1.000E+00, 5.341E-01, 9.966E-01, 2.795E-01, 1.000E+00, 9.285E-01, 1.386E-01, 8.938E-04, 1.668E-03, 0.000E+00, 1.941E+02, 6.678E+01, 1.060E-02, 4.279E-03, 6.720E+01, 4.085E-03, 3.894E-01
06/07/2019,19:00,9,3.491,3.991,13.217,.937,.096, 9.955E+02, 8.468E+01, 5.399E-03, 3.469E-16, 7.826E+00, 2.196E+01, 4.920E+01, 6.991E+00,-2.030E+01, 1.281E+01, 2.333E+00, 3.035E-01, 1.174E-01, 5.311E-02, 1.000E+00, 2.827E-01, 8.678E-01, 1.663E-01, 1.000E+00, 9.285E-01, 4.366E-02, 2.806E-04, 8.615E-04, 0.000E+00, 1.694E+02, 5.823E+01, 1.440E-02, 1.344E-03, 6.350E+01, 4.579E-03, 4.522E-01
06/07/2019,20:00,9,3.491,3.991,12.318,.957,.062, 9.957E+02, 9.007E+01, 5.399E-03, 3.469E-16, 0.000E+00, 0.000E+00, 0.000E+00, 0.000E+00,-2.030E+01, 1.281E+01, 2.696E+00, 3.030E-01, 1.355E-01,-9.990E+02, 1.000E+00,-9.990E+02, 0.000E+00, 0.000E+00, 0.000E+00, 9.285E-01, 0.000E+00, 0.000E+00, 0.000E+00, 0.000E+00, 1.468E+02, 5.045E+01, 2.117E-02, 0.000E+00, 4.724E+01, 5.512E-03, 4.703E-01
06/07/2019,21:00,9,3.491,3.991,11.418,.977,.031, 9.959E+02, 9.414E+01, 0.000E+00, 3.469E-16, 0.000E+00, 0.000E+00, 0.000E+00, 0.000E+00,-1.579E+01, 2.353E+00, 3.098E+00, 3.777E-01, 1.715E-01,-9.990E+02, 1.000E+00,-9.990E+02, 0.000E+00, 0.000E+00, 0.000E+00, 9.285E-01, 0.000E+00, 0.000E+00, 0.000E+00, 0.000E+00, 1.053E+02, 3.986E+01, 2.674E-02, 0.000E+00, 3.739E+01, 7.022E-03, 6.246E-01
06/07/2019,22:00,9,3.491,3.991,11.243,.978,.030, 9.961E+02, 9.665E+01, 0.000E+00, 3.469E-16, 0.000E+00, 0.000E+00, 0.000E+00, 0.000E+00,-1.579E+01, 2.353E+00, 3.124E+00, 3.776E-01, 1.729E-01,-9.990E+02, 1.000E+00,-9.990E+02, 0.000E+00, 0.000E+00, 0.000E+00, 9.285E-01, 0.000E+00, 0.000E+00, 0.000E+00, 0.000E+00, 1.045E+02, 3.953E+01, 2.902E-02, 0.000E+00, 3.446E+01, 7.214E-03, 5.499E-01
06/07/2019,23:00,9,3.491,3.991,11.068,.978,.029, 9.963E+02, 9.741E+01, 0.000E+00, 3.469E-16, 0.000E+00, 0.000E+00, 0.000E+00, 0.000E+00,-1.579E+01, 2.353E+00, 3.178E+00, 3.774E-01, 1.759E-01,-9.990E+02, 1.000E+00,-9.990E+02, 0.000E+00, 0.000E+00, 0.000E+00, 9.285E-01, 0.000E+00, 0.000E+00, 0.000E+00, 0.000E+00, 1.027E+02, 3.886E+01, 3.150E-02, 0.000E+00, 3.175E+01, 7.455E-03, 4.380E-01
07/07/2019,00:00,9,3.491,3.991,10.893,.979,.028, 9.965E+02, 9.635E+01, 6.299E-02, 3.469E-16, 0.000E+00, 0.000E+00, 0.000E+00, 0.000E+00,-1.161E+01, 1.959E+01, 3.260E+00, 4.569E-01, 1.879E-01,-9.990E+02, 1.000E+00,-9.990E+02, 0.000E+00, 0.000E+00, 0.000E+00, 9.285E-01, 0.000E+00, 0.000E+00, 0.000E+00, 0.000E+00, 9.231E+01, 3.637E+01, 3.691E-02, 0.000E+00, 2.709E+01, 8.158E-03, 3.408E-01
07/07/2019,01:00,9,3.491,3.991,10.806,.975,.032, 9.965E+02, 9.356E+01, 6.299E-02, 3.469E-16, 0.000E+00, 0.000E+00, 0.000E+00, 0.000E+00,-1.161E+01, 1.959E+01, 3.199E+00, 4.568E-01, 1.844E-01,-9.990E+02, 1.000E+00,-9.990E+02, 0.000E+00, 0.000E+00, 0.000E+00, 9.285E-01, 0.000E+00, 0.000E+00, 0.000E+00, 0.000E+00, 9.408E+01, 3.707E+01, 3.427E-02, 0.000E+00, 2.918E+01, 7.906E-03, 3.846E-01
07/07/2019,02:00,9,3.491,3.991,10.720,.972,.036, 9.965E+02, 8.924E+01, 6.299E-02, 3.469E-16, 8.846E-06, 3.160E+00, 0.000E+00, 0.000E+00,-1.161E+01, 1.959E+01, 3.187E+00, 4.567E-01, 1.837E-01,-9.990E+02, 1.000E+00,-9.990E+02, 0.000E+00, 0.000E+00, 0.000E+00, 9.302E-01, 0.000E+00, 0.000E+00, 0.000E+00, 0.000E+00, 9.443E+01, 3.721E+01, 3.183E-02, 0.000E+00, 3.142E+01, 7.746E-03, 4.392E-01
07/07/2019,03:00,9,3.491,3.991,10.633,.969,.040, 9.965E+02, 8.366E+01, 1.036E-01, 3.469E-16, 1.257E+01, 2.560E+01, 6.525E+01, 8.304E+00, 1.052E+00, 9.416E+01, 3.225E+00, 6.297E-01, 1.917E-01, 6.321E-02, 1.000E+00, 3.299E-01, 9.317E-01, 1.000E-02, 1.000E+00, 9.302E-01, 3.069E-03, 1.955E-05, 5.935E-05, 0.000E+00, 8.768E+01, 3.566E+01, 2.767E-02, 9.361E-05, 3.602E+01, 7.730E-03, 4.539E-01
07/07/2019,04:00,9,3.491,3.991,11.418,.929,.096, 9.967E+02, 7.714E+01, 1.036E-01, 3.469E-16, 5.818E+01, 4.756E+01, 1.475E+02, 1.678E+01, 1.052E+00, 9.416E+01, 3.885E+00, 6.305E-01, 2.310E-01, 1.274E-01, 1.000E+00, 5.621E-01, 9.977E-01, 1.000E-02, 1.000E+00, 9.302E-01, 5.228E-03, 3.340E-05, 6.373E-05, 0.000E+00, 7.278E+01, 2.960E+01, 1.648E-02, 1.599E-04, 6.011E+01, 7.268E-03, 4.582E-01
07/07/2019,05:00,9,3.491,3.991,12.202,.889,.158, 9.969E+02, 6.999E+01, 1.036E-01, 3.469E-16, 1.191E+02, 6.479E+01, 1.980E+02, 2.397E+01, 1.052E+00, 9.416E+01, 4.559E+00, 6.313E-01, 2.710E-01, 1.948E-01, 1.000E+00, 6.995E-01, 9.997E-01, 2.869E-02, 1.000E+00, 9.302E-01, 1.867E-02, 1.196E-04, 1.709E-04, 0.000E+00, 6.203E+01, 2.522E+01, 9.106E-03, 5.726E-04, 1.033E+02, 5.905E-03, 4.988E-01
07/07/2019,06:00,9,3.491,3.991,12.987,.849,.226, 9.971E+02, 6.255E+01, 3.365E-01, 3.469E-16, 1.863E+02, 7.624E+01, 2.311E+02, 2.914E+01, 4.347E+01, 1.753E+02, 5.241E+00, 7.012E-01, 3.180E-01, 2.581E-01, 1.000E+00, 7.762E-01, 9.999E-01, 1.360E-01, 1.000E+00, 9.302E-01, 9.821E-02, 6.308E-04, 8.126E-04, 0.000E+00, 5.081E+01, 2.150E+01, 5.040E-03, 3.020E-03, 1.241E+02, 5.552E-03, 5.735E-01
07/07/2019,07:00,9,3.491,3.991,13.702,.818,.287, 9.976E+02, 5.517E+01, 3.365E-01, 3.469E-16, 2.490E+02, 8.012E+01, 2.495E+02, 3.153E+01, 4.347E+01, 1.753E+02, 5.199E+00, 7.019E-01, 3.154E-01, 3.118E-01, 1.000E+00, 8.119E-01, 1.000E+00, 2.284E-01, 1.000E+00, 9.302E-01, 1.725E-01, 1.111E-03, 1.368E-03, 0.000E+00, 5.122E+01, 2.167E+01, 5.000E-03, 5.317E-03, 9.693E+01, 6.518E-03, 6.646E-01
07/07/2019,08:00,9,3.491,3.991,14.417,.787,.352, 9.980E+02, 4.832E+01, 3.365E-01, 3.469E-16, 3.031E+02, 7.887E+01, 2.599E+02, 3.196E+01, 4.347E+01, 1.753E+02, 5.159E+00, 7.026E-01, 3.129E-01, 3.533E-01, 1.000E+00, 8.263E-01, 1.000E+00, 3.155E-01, 1.000E+00, 9.302E-01, 2.425E-01, 1.565E-03, 1.895E-03, 0.000E+00, 5.163E+01, 2.184E+01, 5.000E-03, 7.495E-03, 8.003E+01, 7.300E-03, 7.571E-01
07/07/2019,09:00,9,3.491,3.991,15.132,.755,.423, 9.985E+02, 4.261E+01, 4.386E-02, 3.469E-16, 3.444E+02, 7.511E+01, 2.653E+02, 3.130E+01, 2.118E+02, 2.005E+02, 5.121E+00, 8.994E-01, 3.171E-01, 3.823E-01, 1.000E+00, 8.295E-01, 1.000E+00, 3.974E-01, 1.000E+00, 9.302E-01, 3.067E-01, 1.985E-03, 2.392E-03, 0.000E+00, 4.899E+01, 2.155E+01, 5.000E-03, 9.502E-03, 6.896E+01, 8.009E-03, 8.319E-01
07/07/2019,10:00,9,3.491,3.991,15.826,.688,.565, 9.989E+02, 3.878E+01, 4.386E-02, 3.469E-16, 3.698E+02, 7.163E+01, 2.677E+02, 3.050E+01, 2.118E+02, 2.005E+02, 5.260E+00, 9.003E-01, 3.257E-01, 3.990E-01, 1.000E+00, 8.285E-01, 1.000E+00, 4.719E-01, 1.000E+00, 9.302E-01, 3.637E-01, 2.359E-03, 2.848E-03, 0.000E+00, 4.771E+01, 2.099E+01, 5.000E-03, 1.130E-02, 6.136E+01, 8.636E-03, 8.554E-01
07/07/2019,11:00,9,3.491,3.991,16.520,.621,.718, 9.992E+02, 3.758E+01, 4.386E-02, 3.469E-16, 3.774E+02, 7.042E+01, 2.683E+02, 3.020E+01, 2.118E+02, 2.005E+02, 5.399E+00, 9.012E-01, 3.343E-01, 4.038E-01, 1.000E+00, 8.278E-01, 1.000E+00, 5.415E-01, 1.000E+00, 9.302E-01, 4.170E-01, 2.711E-03, 3.275E-03, 0.000E+00, 4.650E+01, 2.045E+01, 5.000E-03, 1.298E-02, 5.561E+01, 9.205E-03, 8.295E-01
07/07/2019,12:00,9,3.491,3.991,17.214,.554,.884, 9.996E+02, 3.928E+01, 1.716E-03, 3.469E-16, 9.585E+01, 1.684E+02, 1.150E+02, 5.307E+01, 1.232E+02, 1.600E+02, 5.538E+00, 8.351E-01, 3.398E-01, 3.969E-01, 1.000E+00, 9.285E-01, 9.912E-01, 6.061E-01, 1.000E+00, 9.302E-01, 5.235E-01, 3.412E-03, 3.643E-03, 0.000E+00, 4.653E+01, 2.011E+01, 5.000E-03, 1.634E-02, 4.687E+01, 1.008E-02, 7.717E-01
07/07/2019,13:00,9,3.491,3.991,16.969,.557,.863, 1.000E+03, 4.350E+01, 1.716E-03, 3.469E-16, 8.842E+01, 1.610E+02, 1.117E+02, 5.075E+01, 1.232E+02, 1.600E+02, 5.180E+00, 8.346E-01, 3.178E-01, 3.781E-01, 1.000E+00, 9.191E-01, 9.899E-01, 5.839E-01, 1.000E+00, 9.302E-01, 4.991E-01, 3.251E-03, 3.501E-03, 0.000E+00, 4.974E+01, 2.151E+01, 5.000E-03, 1.556E-02, 4.863E+01, 9.566E-03, 6.935E-01
07/07/2019,14:00,9,3.491,3.991,16.724,.561,.843, 1.000E+03, 4.946E+01, 1.716E-03, 3.469E-16, 7.693E+01, 1.481E+02, 1.059E+02, 4.674E+01, 1.232E+02, 1.600E+02, 4.865E+00, 8.341E-01, 2.985E-01, 3.469E-01, 1.000E+00, 9.000E-01, 9.872E-01, 5.610E-01, 1.000E+00, 9.302E-01, 4.697E-01, 3.056E-03, 3.352E-03, 0.000E+00, 5.295E+01, 2.290E+01, 5.000E-03, 1.463E-02, 5.094E+01, 9.053E-03, 6.208E-01
07/07/2019,15:00,9,3.491,3.991,16.479,.564,.824, 1.001E+03, 5.645E+01, 0.000E+00, 3.469E-16, 6.226E+01, 1.293E+02, 9.716E+01, 4.085E+01, 3.634E+01, 1.023E+02, 4.603E+00, 6.621E-01, 2.792E-01, 3.032E-01, 1.000E+00, 8.646E-01, 9.816E-01, 5.375E-01, 1.000E+00, 9.302E-01, 4.323E-01, 2.810E-03, 3.191E-03, 0.000E+00, 5.789E+01, 2.448E+01, 5.000E-03, 1.346E-02, 5.418E+01, 8.473E-03, 5.243E-01
07/07/2019,16:00,9,3.491,3.991,15.784,.602,.719, 1.001E+03, 6.387E+01, 0.000E+00, 3.469E-16, 4.559E+01, 1.046E+02, 8.481E+01, 3.305E+01, 3.634E+01, 1.023E+02, 4.348E+00, 6.612E-01, 2.637E-01, 2.475E-01, 1.000E+00, 7.992E-01, 9.694E-01, 4.675E-01, 1.000E+00, 9.302E-01, 3.475E-01, 2.254E-03, 2.735E-03, 0.000E+00, 6.127E+01, 2.592E+01, 5.000E-03, 1.079E-02, 6.332E+01, 7.640E-03, 4.283E-01
07/07/2019,17:00,9,3.491,3.991,15.089,.640,.622, 1.001E+03, 7.130E+01, 0.000E+00, 3.469E-16, 2.842E+01, 7.497E+01, 6.799E+01, 2.367E+01, 3.634E+01, 1.023E+02, 4.111E+00, 6.603E-01, 2.494E-01, 1.829E-01, 1.000E+00, 6.802E-01, 9.390E-01, 3.926E-01, 1.000E+00, 9.302E-01, 2.484E-01, 1.607E-03, 2.219E-03, 0.000E+00, 6.478E+01, 2.741E+01, 5.000E-03, 7.696E-03, 7.877E+01, 6.657E-03, 3.532E-01
07/07/2019,18:00,9,3.491,3.991,14.394,.678,.532, 1.001E+03, 7.837E+01, 8.424E-06, 3.469E-16, 4.067E+01, 4.221E+01, 1.154E+02, 1.447E+01,-3.687E+01, 2.206E+01, 3.895E+00, 4.600E-01, 2.115E-01, 1.154E-01, 1.000E+00, 5.111E-01, 9.913E-01, 3.128E-01, 1.000E+00, 9.302E-01, 1.487E-01, 9.598E-04, 1.862E-03, 0.000E+00, 8.705E+01, 3.231E+01, 5.000E-03, 4.595E-03, 1.042E+02, 5.277E-03, 3.063E-01
07/07/2019,19:00,9,3.491,3.991,13.596,.712,.450, 1.001E+03, 8.477E+01, 8.424E-06, 3.469E-16, 6.143E+00, 1.963E+01, 3.989E+01, 6.210E+00,-3.687E+01, 2.206E+01, 3.758E+00, 4.594E-01, 2.040E-01, 5.226E-02, 1.000E+00, 2.558E-01, 8.061E-01, 2.150E-01, 1.000E+00, 9.302E-01, 5.115E-02, 3.292E-04, 1.038E-03, 0.000E+00, 9.030E+01, 3.351E+01, 5.000E-03, 1.576E-03, 1.521E+02, 4.158E-03, 3.117E-01
07/07/2019,20:00,9,3.491,3.991,12.798,.747,.376, 1.001E+03, 9.016E+01, 8.424E-06, 3.469E-16, 0.000E+00, 0.000E+00, 0.000E+00, 0.000E+00,-3.687E+01, 2.206E+01, 3.643E+00, 4.587E-01, 1.977E-01,-9.990E+02, 1.000E+00,-9.990E+02, 0.000E+00, 0.000E+00, 0.000E+00, 9.302E-01, 0.000E+00, 0.000E+00, 0.000E+00, 0.000E+00, 9.323E+01, 3.458E+01, 5.000E-03, 0.000E+00, 2.000E+02, 3.433E-03, 3.212E-01
07/07/2019,21:00,9,3.491,3.991,12.000,.782,.307, 1.002E+03, 9.425E+01, 0.000E+00, 3.469E-16, 0.000E+00, 0.000E+00, 0.000E+00, 0.000E+00,-4.161E+01, 8.649E+00, 3.551E+00, 4.712E-01, 1.920E-01,-9.990E+02, 1.000E+00,-9.990E+02, 0.000E+00, 0.000E+00, 0.000E+00, 9.302E-01, 0.000E+00, 0.000E+00, 0.000E+00, 0.000E+00, 9.631E+01, 3.559E+01, 5.000E-03, 0.000E+00, 2.000E+02, 3.401E-03, 3.478E-01
07/07/2019,22:00,9,3.491,3.991,12.168,.796,.291, 1.001E+03, 9.676E+01, 0.000E+00, 3.469E-16, 0.000E+00, 0.000E+00, 0.000E+00, 0.000E+00,-4.161E+01, 8.649E+00, 3.656E+00, 4.713E-01, 1.977E-01,-9.990E+02, 1.000E+00,-9.990E+02, 0.000E+00, 0.000E+00, 0.000E+00, 9.302E-01, 0.000E+00, 0.000E+00, 0.000E+00, 0.000E+00, 9.355E+01, 3.458E+01, 5.000E-03, 0.000E+00, 2.000E+02, 3.433E-03, 3.940E-01
07/07/2019,23:00,9,3.491,3.991,12.336,.810,.274, 1.001E+03, 9.752E+01, 0.000E+00, 3.469E-16, 0.000E+00, 0.000E+00, 0.000E+00, 0.000E+00,-4.161E+01, 8.649E+00, 3.760E+00, 4.715E-01, 2.033E-01,-9.990E+02, 1.000E+00,-9.990E+02, 0.000E+00, 0.000E+00, 0.000E+00, 9.302E-01, 0.000E+00, 0.000E+00, 0.000E+00, 0.000E+00, 9.094E+01, 3.362E+01, 5.000E-03, 0.000E+00, 2.000E+02, 3.463E-03, 4.710E-01
08/07/2019,00:00,9,3.491,3.991,12.504,.824,.256, 1.001E+03, 9.647E+01, 4.952E-03, 3.469E-16, 0.000E+00, 0.000E+00, 0.000E+00, 0.000E+00,-2.679E+01, 8.672E+00, 3.864E+00, 4.008E-01, 2.081E-01,-9.990E+02, 1.000E+00,-9.990E+02, 0.000E+00, 0.000E+00, 0.000E+00, 9.302E-01, 0.000E+00, 0.000E+00, 0.000E+00, 0.000E+00, 8.924E+01, 3.285E+01, 5.000E-03, 0.000E+00, 2.000E+02, 3.487E-03, 5.860E-01
08/07/2019,01:00,9,3.491,3.991,12.385,.826,.252, 1.001E+03, 9.368E+01, 4.952E-03, 3.469E-16, 0.000E+00, 0.000E+00, 0.000E+00, 0.000E+00,-2.679E+01, 8.672E+00, 3.629E+00, 4.008E-01, 1.954E-01,-9.990E+02, 1.000E+00,-9.990E+02, 0.000E+00, 0.000E+00, 0.000E+00, 9.302E-01, 0.000E+00, 0.000E+00, 0.000E+00, 0.000E+00, 9.503E+01, 3.498E+01, 5.000E-03, 0.000E+00, 2.000E+02, 3.420E-03, 6.705E-01
08/07/2019,02:00,9,3.491,3.991,12.266,.827,.247, 1.001E+03, 8.936E+01, 4.952E-03, 3.469E-16, 5.259E-07, 2.582E+00, 0.000E+00, 0.000E+00,-2.679E+01, 8.672E+00, 3.414E+00, 4.008E-01, 1.838E-01,-9.990E+02, 1.000E+00,-9.990E+02, 0.000E+00, 0.000E+00, 0.000E+00, 9.310E-01, 0.000E+00, 0.000E+00, 0.000E+00, 0.000E+00, 1.010E+02, 3.718E+01, 5.000E-03, 0.000E+00, 2.000E+02, 3.353E-03, 6.163E-01
08/07/2019,03:00,9,3.491,3.991,12.147,.829,.243, 1.001E+03, 8.378E+01, 8.249E-03, 3.469E-16, 1.201E+01, 2.546E+01, 6.369E+01, 8.236E+00, 2.103E+01, 4.738E+01, 3.223E+00, 5.090E-01, 1.964E-01, 6.204E-02, 1.000E+00, 3.270E-01, 9.272E-01, 2.091E-02, 1.000E+00, 9.310E-01, 6.367E-03, 4.078E-05, 1.156E-04, 0.000E+00, 8.153E+01, 3.480E+01, 5.000E-03, 1.952E-04, 1.925E+02, 3.532E-03, 6.095E-01
08/07/2019,04:00,9,3.491,3.991,13.112,.789,.320, 1.001E+03, 7.726E+01, 8.249E-03, 3.469E-16, 5.773E+01, 4.780E+01, 1.477E+02, 1.684E+01, 2.103E+01, 4.738E+01, 3.451E+00, 5.098E-01, 2.103E-01, 1.263E-01, 1.000E+00, 5.626E-01, 9.977E-01, 1.526E-01, 1.000E+00, 9.310E-01, 7.991E-02, 5.135E-04, 9.108E-04, 0.000E+00, 7.617E+01, 3.251E+01, 5.000E-03, 2.459E-03, 1.341E+02, 4.572E-03, 6.501E-01
08/07/2019,05:00,9,3.491,3.991,14.077,.749,.405, 1.001E+03, 7.011E+01, 8.249E-03, 3.469E-16, 1.192E+02, 6.538E+01, 1.994E+02, 2.416E+01, 2.103E+01, 4.738E+01, 3.693E+00, 5.107E-01, 2.250E-01, 1.937E-01, 1.000E+00, 7.015E-01, 9.997E-01, 2.747E-01, 1.000E+00, 9.310E-01, 1.794E-01, 1.157E-03, 1.649E-03, 0.000E+00, 7.119E+01, 3.038E+01, 5.000E-03, 5.539E-03, 9.489E+01, 5.747E-03, 7.213E-01
08/07/2019,06:00,9,3.491,3.991,15.042,.709,.500, 1.001E+03, 6.266E+01, 7.642E-02, 3.469E-16, 6.705E+01, 1.100E+02, 1.084E+02, 3.538E+01, 1.406E+02, 1.504E+02, 3.947E+00, 7.392E-01, 2.459E-01, 2.572E-01, 1.000E+00, 8.237E-01, 9.884E-01, 3.874E-01, 1.000E+00, 9.310E-01, 2.971E-01, 1.922E-03, 2.306E-03, 0.000E+00, 6.251E+01, 2.780E+01, 5.000E-03, 9.202E-03, 7.041E+01, 7.023E-03, 8.294E-01
08/07/2019,07:00,9,3.491,3.991,15.919,.669,.604, 1.001E+03, 5.529E+01, 7.642E-02, 3.469E-16, 8.980E+01, 1.325E+02, 1.215E+02, 4.260E+01, 1.406E+02, 1.504E+02, 4.069E+00, 7.403E-01, 2.535E-01, 3.110E-01, 1.000E+00, 8.784E-01, 9.932E-01, 4.815E-01, 1.000E+00, 9.310E-01, 3.938E-01, 2.555E-03, 2.889E-03, 0.000E+00, 6.065E+01, 2.697E+01, 5.000E-03, 1.223E-02, 5.802E+01, 7.822E-03, 8.230E-01
08/07/2019,08:00,9,3.491,3.991,16.796,.628,.717, 1.001E+03, 4.844E+01, 7.642E-02, 3.469E-16, 1.095E+02, 1.489E+02, 1.303E+02, 4.782E+01, 1.406E+02, 1.504E+02, 4.319E+00, 7.414E-01, 2.690E-01, 3.527E-01, 1.000E+00, 9.078E-01, 9.953E-01, 5.678E-01, 1.000E+00, 9.310E-01, 4.799E-01, 3.123E-03, 3.425E-03, 0.000E+00, 5.716E+01, 2.541E+01, 5.000E-03, 1.495E-02, 5.012E+01, 8.628E-03, 6.963E-01
08/07/2019,09:00,9,3.491,3.991,17.673,.588,.841, 1.002E+03, 4.273E+01, 1.485E-01, 3.469E-16, 4.642E+01, 1.529E+02, 7.884E+01, 4.724E+01, 1.154E+02, 1.815E+02, 4.677E+00, 6.948E-01, 2.913E-01, 3.817E-01, 1.000E+00, 8.965E-01, 9.609E-01, 6.462E-01, 1.000E+00, 9.310E-01, 5.394E-01, 3.521E-03, 3.774E-03, 0.000E+00, 5.280E+01, 2.347E+01, 5.000E-03, 1.686E-02, 4.575E+01, 9.389E-03, 7.151E-01
08/07/2019,10:00,9,3.491,3.991,17.930,.584,.863, 1.002E+03, 3.891E+01, 1.485E-01, 3.469E-16, 4.986E+01, 1.600E+02, 8.143E+01, 4.940E+01, 1.154E+02, 1.815E+02, 4.431E+00, 6.950E-01, 2.759E-01, 3.985E-01, 1.000E+00, 9.071E-01, 9.649E-01, 6.678E-01, 1.000E+00, 9.310E-01, 5.640E-01, 3.685E-03, 3.920E-03, 0.000E+00, 5.574E+01, 2.477E+01, 5.000E-03, 1.764E-02, 4.416E+01, 9.234E-03, 7.116E-01
08/07/2019,11:00,9,3.491,3.991,18.188,.580,.885, 1.002E+03, 3.770E+01, 1.485E-01, 3.469E-16, 5.089E+01, 1.620E+02, 8.218E+01, 5.002E+01, 1.154E+02, 1.815E+02, 4.186E+00, 6.953E-01, 2.606E-01, 4.034E-01, 1.000E+00, 9.100E-01, 9.659E-01, 6.886E-01, 1.000E+00, 9.310E-01, 5.834E-01, 3.816E-03, 4.050E-03, 0.000E+00, 5.901E+01, 2.622E+01, 5.000E-03, 1.827E-02, 4.298E+01, 9.019E-03, 7.147E-01
08/07/2019,12:00,9,3.491,3.991,18.446,.576,.908, 1.002E+03, 3.939E+01, 1.400E-01, 3.469E-16, 3.803E+01, 1.527E+02, 7.153E+01, 4.693E+01, 1.011E+02, 1.874E+02, 3.941E+00, 7.412E-01, 2.428E-01, 3.965E-01, 1.000E+00, 8.915E-01, 9.472E-01, 7.088E-01, 1.000E+00, 9.310E-01, 5.883E-01, 3.851E-03, 4.092E-03, 0.000E+00, 6.458E+01, 2.815E+01, 5.000E-03, 1.844E-02, 4.266E+01, 8.638E-03, 7.175E-01
08/07/2019,13:00,9,3.491,3.991,18.252,.596,.856, 1.002E+03, 4.359E+01, 1.400E-01, 3.469E-16, 3.508E+01, 1.449E+02, 6.876E+01, 4.455E+01, 1.011E+02, 1.874E+02, 4.188E+00, 7.409E-01, 2.581E-01, 3.777E-01, 1.000E+00, 8.781E-01, 9.409E-01, 6.937E-01, 1.000E+00, 9.310E-01, 5.671E-01, 3.710E-03, 3.975E-03, 0.000E+00, 6.076E+01, 2.648E+01, 5.000E-03, 1.776E-02, 4.393E+01, 8.872E-03, 6.857E-01
08/07/2019,14:00,9,3.491,3.991,18.059,.615,.804, 1.002E+03, 4.955E+01, 1.400E-01, 3.469E-16, 3.051E+01, 1.318E+02, 6.407E+01, 4.056E+01, 1.011E+02, 1.874E+02, 4.486E+00, 7.406E-01, 2.764E-01, 3.465E-01, 1.000E+00, 8.519E-01, 9.283E-01, 6.782E-01, 1.000E+00, 9.310E-01, 5.379E-01, 3.517E-03, 3.832E-03, 0.000E+00, 5.672E+01, 2.473E+01, 5.000E-03, 1.684E-02, 4.579E+01, 9.090E-03, 6.259E-01
08/07/2019,15:00,9,3.491,3.991,17.865,.635,.754, 1.002E+03, 5.653E+01, 1.717E-02, 3.469E-16, 3.600E+01, 1.212E+02, 7.026E+01, 3.762E+01, 1.433E+01, 7.585E+01, 4.824E+00, 7.441E-01, 2.884E-01, 3.026E-01, 1.000E+00, 8.348E-01, 9.444E-01, 6.624E-01, 1.000E+00, 9.310E-01, 5.148E-01, 3.363E-03, 3.805E-03, 0.000E+00, 5.763E+01, 2.370E+01, 5.000E-03, 1.610E-02, 4.739E+01, 9.143E-03, 5.156E-01
08/07/2019,16:00,9,3.491,3.991,16.869,.693,.595, 1.003E+03, 6.395E+01, 1.717E-02, 3.469E-16, 2.632E+01, 9.678E+01, 6.002E+01, 3.005E+01, 1.433E+01, 7.585E+01, 4.844E+00, 7.426E-01, 2.896E-01, 2.468E-01, 1.000E+00, 7.603E-01, 9.153E-01, 5.746E-01, 1.000E+00, 9.310E-01, 4.067E-01, 2.648E-03, 3.188E-03, 0.000E+00, 5.739E+01, 2.360E+01, 5.000E-03, 1.268E-02, 5.657E+01, 8.454E-03, 4.062E-01
08/07/2019,17:00,9,3.491,3.991,15.873,.751,.452, 1.004E+03, 7.138E+01, 1.717E-02, 3.469E-16, 1.636E+01, 6.821E+01, 4.680E+01, 2.118E+01, 1.433E+01, 7.585E+01, 4.877E+00, 7.411E-01, 2.916E-01, 1.821E-01, 1.000E+00, 6.311E-01, 8.541E-01, 4.767E-01, 1.000E+00, 9.310E-01, 2.801E-01, 1.818E-03, 2.460E-03, 0.000E+00, 5.699E+01, 2.344E+01, 5.000E-03, 8.702E-03, 7.298E+01, 7.447E-03, 3.437E-01
08/07/2019,18:00,9,3.491,3.991,14.877,.809,.324, 1.004E+03, 7.846E+01, 9.060E-03, 3.469E-16, 1.161E+01, 4.234E+01, 4.228E+01, 1.326E+01, 8.533E-01, 1.604E+01, 4.924E+00, 6.827E-01, 2.926E-01, 1.146E-01, 1.000E+00, 4.666E-01, 8.243E-01, 3.688E-01, 1.000E+00, 9.310E-01, 1.602E-01, 1.036E-03, 1.830E-03, 0.000E+00, 5.748E+01, 2.336E+01, 5.000E-03, 4.959E-03, 1.004E+02, 6.189E-03, 4.192E-01
08/07/2019,19:00,9,3.491,3.991,14.044,.831,.272, 1.005E+03, 8.486E+01, 9.060E-03, 3.469E-16, 1.679E+00, 1.483E+01, 1.392E+01, 4.549E+00, 8.533E-01, 1.604E+01, 4.817E+00, 6.815E-01, 2.862E-01, 5.134E-02, 1.000E+00, 1.842E-01, 4.359E-01, 2.707E-01, 1.000E+00, 9.310E-01, 4.643E-02, 2.993E-04, 7.082E-04, 0.000E+00, 5.876E+01, 2.388E+01, 5.000E-03, 1.433E-03, 1.554E+02, 4.588E-03, 4.754E-01
08/07/2019,20:00,9,3.491,3.991,13.211,.852,.225, 1.005E+03, 9.026E+01, 9.060E-03, 3.469E-16, 0.000E+00, 0.000E+00, 0.000E+00, 0.000E+00, 8.533E-01, 1.604E+01, 4.722E+00, 6.804E-01, 2.806E-01,-9.990E+02, 1.000E+00,-9.990E+02, 0.000E+00, 0.000E+00, 0.000E+00, 9.310E-01, 0.000E+00, 0.000E+00, 0.000E+00, 0.000E+00, 5.995E+01, 2.436E+01, 5.356E-03, 0.000E+00, 1.867E+02, 3.992E-03, 4.659E-01
08/07/2019,21:00,9,3.491,3.991,12.378,.874,.182, 1.005E+03, 9.435E+01, 9.365E-03, 3.469E-16, 0.000E+00, 0.000E+00, 0.000E+00, 0.000E+00,-1.725E+01, 1.082E+01, 4.638E+00, 6.925E-01, 2.720E-01,-9.990E+02, 1.000E+00,-9.990E+02, 0.000E+00, 0.000E+00, 0.000E+00, 9.310E-01, 0.000E+00, 0.000E+00, 0.000E+00, 0.000E+00, 6.269E+01, 2.513E+01, 7.857E-03, 0.000E+00, 1.273E+02, 5.178E-03, 4.450E-01
08/07/2019,22:00,9,3.491,3.991,12.270,.877,.177, 1.006E+03, 9.688E+01, 9.365E-03, 3.469E-16, 0.000E+00, 0.000E+00, 0.000E+00, 0.000E+00,-1.725E+01, 1.082E+01, 4.646E+00, 6.923E-01, 2.725E-01,-9.990E+02, 1.000E+00,-9.990E+02, 0.000E+00, 0.000E+00, 0.000E+00, 9.310E-01, 0.000E+00, 0.000E+00, 0.000E+00, 0.000E+00, 6.259E+01, 2.509E+01, 7.879E-03, 0.000E+00, 1.269E+02, 5.190E-03, 4.413E-01
08/07/2019,23:00,9,3.491,3.991,12.163,.879,.172, 1.006E+03, 9.764E+01, 9.365E-03, 3.469E-16, 0.000E+00, 0.000E+00, 0.000E+00, 0.000E+00,-1.725E+01, 1.082E+01, 4.655E+00, 6.921E-01, 2.730E-01,-9.990E+02, 1.000E+00,-9.990E+02, 0.000E+00, 0.000E+00, 0.000E+00, 9.310E-01, 0.000E+00, 0.000E+00, 0.000E+00, 0.000E+00, 6.247E+01, 2.504E+01, 7.902E-03, 0.000E+00, 1.266E+02, 5.203E-03, 4.330E-01
09/07/2019,00:00,9,3.491,3.991,12.056,.882,.167, 1.006E+03, 9.659E+01, 8.356E-02, 3.469E-16, 0.000E+00, 0.000E+00, 0.000E+00, 0.000E+00,-7.821E+00, 1.922E+01, 4.665E+00, 6.721E-01, 2.753E-01,-9.990E+02, 1.000E+00,-9.990E+02, 0.000E+00, 0.000E+00, 0.000E+00, 9.310E-01, 0.000E+00, 0.000E+00, 0.000E+00, 0.000E+00, 6.154E+01, 2.482E+01, 9.142E-03, 0.000E+00, 1.094E+02, 5.733E-03, 4.266E-01
09/07/2019,01:00,9,3.491,3.991,12.025,.888,.158, 1.006E+03, 9.380E+01, 8.356E-02, 3.469E-16, 0.000E+00, 0.000E+00, 0.000E+00, 0.000E+00,-7.821E+00, 1.922E+01, 4.453E+00, 6.720E-01, 2.628E-01,-9.990E+02, 1.000E+00,-9.990E+02, 0.000E+00, 0.000E+00, 0.000E+00, 9.310E-01, 0.000E+00, 0.000E+00, 0.000E+00, 0.000E+00, 6.447E+01, 2.601E+01, 9.149E-03, 0.000E+00, 1.093E+02, 5.636E-03, 4.073E-01
09/07/2019,02:00,9,3.491,3.991,11.995,.895,.148, 1.006E+03, 8.948E+01, 8.356E-02, 3.469E-16, 1.549E-10, 5.958E-01, 0.000E+00, 0.000E+00,-7.821E+00, 1.922E+01, 4.255E+00, 6.720E-01, 2.511E-01,-9.990E+02, 1.000E+00,-9.990E+02, 0.000E+00, 0.000E+00, 0.000E+00, 9.311E-01, 0.000E+00, 0.000E+00, 0.000E+00, 0.000E+00, 6.748E+01, 2.722E+01, 1.056E-02, 0.000E+00, 9.467E+01, 6.025E-03, 4.066E-01
09/07/2019,03:00,9,3.491,3.991,11.964,.901,.139, 1.006E+03, 8.391E+01, 2.521E-02, 3.469E-16, 4.798E+00, 2.125E+01, 2.923E+01, 6.628E+00, 1.242E+01, 3.755E+01, 4.071E+00, 6.434E-01, 2.439E-01, 6.081E-02, 1.000E+00, 2.666E-01, 6.995E-01, 1.000E-02, 1.000E+00, 9.311E-01, 2.483E-03, 1.589E-05, 4.477E-05, 0.000E+00, 6.788E+01, 2.803E+01, 1.220E-02, 7.608E-05, 8.149E+01, 6.462E-03, 4.291E-01
09/07/2019,04:00,9,3.491,3.991,12.136,.862,.196, 1.006E+03, 7.738E+01, 2.521E-02, 3.469E-16, 2.404E+01, 5.062E+01, 7.130E+01, 1.627E+01, 1.242E+01, 3.755E+01, 4.338E+00, 6.435E-01, 2.599E-01, 1.251E-01, 1.000E+00, 5.452E-01, 9.467E-01, 1.940E-02, 1.000E+00, 9.311E-01, 9.851E-03, 6.309E-05, 1.095E-04, 0.000E+00, 6.370E+01, 2.630E+01, 6.349E-03, 3.020E-04, 1.504E+02, 4.564E-03, 5.058E-01
09/07/2019,05:00,9,3.491,3.991,12.309,.823,.254, 1.007E+03, 7.023E+01, 2.521E-02, 3.469E-16, 5.014E+01, 8.130E+01, 1.005E+02, 2.638E+01, 1.242E+01, 3.755E+01, 4.618E+00, 6.437E-01, 2.766E-01, 1.927E-01, 1.000E+00, 7.241E-01, 9.840E-01, 4.368E-02, 1.000E+00, 9.311E-01, 2.944E-02, 1.887E-04, 2.564E-04, 0.000E+00, 5.985E+01, 2.471E+01, 5.000E-03, 9.034E-04, 1.694E+02, 4.274E-03, 6.366E-01
09/07/2019,06:00,9,3.491,3.991,12.482,.784,.314, 1.007E+03, 6.278E+01, 3.179E-02, 3.469E-16, 3.753E+01, 1.056E+02, 7.409E+01, 3.306E+01, 9.976E+01, 9.675E+01, 4.907E+00, 8.905E-01, 2.983E-01, 2.562E-01, 1.000E+00, 7.969E-01, 9.525E-01, 6.764E-02, 1.000E+00, 9.311E-01, 5.019E-02, 3.218E-04, 3.847E-04, 0.000E+00, 5.395E+01, 2.292E+01, 5.000E-03, 1.541E-03, 1.529E+02, 4.704E-03, 7.432E-01
09/07/2019,07:00,9,3.491,3.991,13.088,.741,.392, 1.007E+03, 5.541E+01, 3.179E-02, 3.469E-16, 5.037E+01, 1.296E+02, 8.491E+01, 4.055E+01, 9.976E+01, 9.675E+01, 5.350E+00, 8.913E-01, 3.252E-01, 3.102E-01, 1.000E+00, 8.604E-01, 9.696E-01, 1.493E-01, 1.000E+00, 9.311E-01, 1.196E-01, 7.687E-04, 8.663E-04, 0.000E+00, 4.950E+01, 2.102E+01, 5.000E-03, 3.680E-03, 1.152E+02, 5.883E-03, 7.639E-01
09/07/2019,08:00,9,3.491,3.991,13.693,.698,.475, 1.007E+03, 4.857E+01, 3.179E-02, 3.469E-16, 6.147E+01, 1.478E+02, 9.265E+01, 4.620E+01, 9.976E+01, 9.675E+01, 5.796E+00, 8.921E-01, 3.522E-01, 3.520E-01, 1.000E+00, 8.953E-01, 9.779E-01, 2.273E-01, 1.000E+00, 9.311E-01, 1.895E-01, 1.220E-03, 1.333E-03, 0.000E+00, 4.570E+01, 1.941E+01, 5.000E-03, 5.841E-03, 9.224E+01, 7.002E-03, 7.923E-01
09/07/2019,09:00,9,3.491,3.991,14.299,.655,.565, 1.008E+03, 4.286E+01, 1.143E-02, 3.469E-16, 3.374E+02, 7.454E+01, 2.611E+02, 3.098E+01, 1.208E+02, 1.143E+02, 6.243E+00, 9.119E-01, 3.804E-01, 3.811E-01, 1.000E+00, 8.269E-01, 1.000E+00, 3.015E-01, 1.000E+00, 9.311E-01, 2.321E-01, 1.498E-03, 1.811E-03, 0.000E+00, 4.211E+01, 1.797E+01, 5.000E-03, 7.171E-03, 8.216E+01, 7.755E-03, 8.024E-01
09/07/2019,10:00,9,3.491,3.991,14.680,.615,.647, 1.008E+03, 3.903E+01, 1.143E-02, 3.469E-16, 3.626E+02, 7.116E+01, 2.636E+02, 3.020E+01, 1.208E+02, 1.143E+02, 6.218E+00, 9.125E-01, 3.789E-01, 3.980E-01, 1.000E+00, 8.262E-01, 1.000E+00, 3.462E-01, 1.000E+00, 9.311E-01, 2.663E-01, 1.721E-03, 2.083E-03, 0.000E+00, 4.228E+01, 1.804E+01, 5.000E-03, 8.240E-03, 7.553E+01, 8.162E-03, 8.009E-01
09/07/2019,11:00,9,3.491,3.991,15.061,.575,.732, 1.008E+03, 3.782E+01, 1.143E-02, 3.469E-16, 3.702E+02, 6.996E+01, 2.642E+02, 2.991E+01, 1.208E+02, 1.143E+02, 6.215E+00, 9.130E-01, 3.787E-01, 4.029E-01, 1.000E+00, 8.255E-01, 1.000E+00, 3.895E-01, 1.000E+00, 9.311E-01, 2.994E-01, 1.937E-03, 2.346E-03, 0.000E+00, 4.231E+01, 1.805E+01, 5.000E-03, 9.274E-03, 7.006E+01, 8.542E-03, 8.115E-01
09/07/2019,12:00,9,3.491,3.991,15.442,.535,.821, 1.008E+03, 3.950E+01, 7.467E-03, 3.469E-16, 3.647E+02, 7.263E+01, 2.671E+02, 3.074E+01, 1.819E+02, 1.314E+02, 6.235E+00, 8.919E-01, 3.845E-01, 3.960E-01, 1.000E+00, 8.294E-01, 1.000E+00, 4.313E-01, 1.000E+00, 9.311E-01, 3.331E-01, 2.158E-03, 2.602E-03, 0.000E+00, 4.073E+01, 1.778E+01, 5.000E-03, 1.033E-02, 6.522E+01, 8.978E-03, 7.661E-01
09/07/2019,13:00,9,3.491,3.991,15.245,.542,.798, 1.008E+03, 4.369E+01, 7.467E-03, 3.469E-16, 3.363E+02, 7.627E+01, 2.641E+02, 3.156E+01, 1.819E+02, 1.314E+02, 5.937E+00, 8.916E-01, 3.661E-01, 3.772E-01, 1.000E+00, 8.299E-01, 1.000E+00, 4.099E-01, 1.000E+00, 9.311E-01, 3.167E-01, 2.051E-03, 2.471E-03, 0.000E+00, 4.277E+01, 1.867E+01, 5.000E-03, 9.817E-03, 6.749E+01, 8.624E-03, 6.937E-01
09/07/2019,14:00,9,3.491,3.991,15.048,.549,.776, 1.008E+03, 4.964E+01, 7.467E-03, 3.469E-16, 2.924E+02, 7.968E+01, 2.578E+02, 3.205E+01, 1.819E+02, 1.314E+02, 5.640E+00, 8.913E-01, 3.478E-01, 3.459E-01, 1.000E+00, 8.250E-01, 1.000E+00, 3.881E-01, 1.000E+00, 9.311E-01, 2.981E-01, 1.929E-03, 2.338E-03, 0.000E+00, 4.501E+01, 1.965E+01, 5.000E-03, 9.233E-03, 7.026E+01, 8.246E-03, 5.209E-01
09/07/2019,15:00,9,3.491,3.991,14.851,.557,.753, 1.008E+03, 5.662E+01, 0.000E+00, 3.469E-16, 2.363E+02, 8.006E+01, 2.460E+02, 3.128E+01, 7.559E+01, 1.013E+02, 5.345E+00, 7.744E-01, 3.258E-01, 3.020E-01, 1.000E+00, 8.072E-01, 1.000E+00, 3.659E-01, 1.000E+00, 9.311E-01, 2.750E-01, 1.778E-03, 2.202E-03, 0.000E+00, 4.912E+01, 2.098E+01, 5.000E-03, 8.512E-03, 7.401E+01, 7.774E-03, 3.874E-01
09/07/2019,16:00,9,3.491,3.991,14.215,.592,.666, 1.008E+03, 6.404E+01, 0.000E+00, 3.469E-16, 1.725E+02, 7.486E+01, 2.254E+02, 2.841E+01, 7.559E+01, 1.013E+02, 4.910E+00, 7.735E-01, 2.994E-01, 2.461E-01, 1.000E+00, 7.656E-01, 9.999E-01, 2.914E-01, 1.000E+00, 9.311E-01, 2.077E-01, 1.340E-03, 1.750E-03, 0.000E+00, 5.346E+01, 2.283E+01, 5.000E-03, 6.415E-03, 8.760E+01, 6.800E-03, 3.186E-01
09/07/2019,17:00,9,3.491,3.991,13.578,.626,.584, 1.008E+03, 7.147E+01, 0.000E+00, 3.469E-16, 1.068E+02, 6.269E+01, 1.910E+02, 2.297E+01, 7.559E+01, 1.013E+02, 4.522E+00, 7.727E-01, 2.757E-01, 1.813E-01, 1.000E+00, 6.817E-01, 9.996E-01, 2.127E-01, 1.000E+00, 9.311E-01, 1.350E-01, 8.692E-04, 1.274E-03, 0.000E+00, 5.803E+01, 2.479E+01, 5.000E-03, 4.161E-03, 1.092E+02, 5.757E-03, 2.637E-01
09/07/2019,18:00,9,3.491,3.991,12.941,.661,.508, 1.008E+03, 7.855E+01, 3.942E-05, 3.469E-16, 2.306E+01, 4.558E+01, 7.283E+01, 1.473E+01,-4.116E+01, 2.226E+01, 4.193E+00, 4.888E-01, 2.292E-01, 1.137E-01, 1.000E+00, 5.107E-01, 9.500E-01, 1.300E-01, 1.000E+00, 9.311E-01, 6.180E-02, 3.969E-04, 7.384E-04, 0.000E+00, 7.982E+01, 2.982E+01, 5.000E-03, 1.900E-03, 1.449E+02, 4.472E-03, 2.301E-01
09/07/2019,19:00,9,3.491,3.991,11.914,.712,.403, 1.008E+03, 8.496E+01, 3.942E-05, 3.469E-16, 3.178E+00, 1.746E+01, 2.349E+01, 5.414E+00,-4.116E+01, 2.226E+01, 3.878E+00, 4.879E-01, 2.119E-01, 5.035E-02, 1.000E+00, 2.208E-01, 6.195E-01, 1.000E-02, 1.000E+00, 9.311E-01, 2.056E-03, 1.315E-05, 3.964E-05, 0.000E+00, 8.639E+01, 3.226E+01, 5.000E-03, 6.298E-05, 1.975E+02, 3.538E-03, 2.389E-01
09/07/2019,20:00,9,3.491,3.991,10.887,.763,.310, 1.009E+03, 9.036E+01, 3.942E-05, 3.469E-16, 0.000E+00, 0.000E+00, 0.000E+00, 0.000E+00,-4.116E+01, 2.226E+01, 3.569E+00, 4.869E-01, 1.949E-01,-9.990E+02, 1.000E+00,-9.990E+02, 0.000E+00, 0.000E+00, 0.000E+00, 9.311E-01, 0.000E+00, 0.000E+00, 0.000E+00, 0.000E+00, 9.394E+01, 3.507E+01, 5.000E-03, 0.000E+00, 2.000E+02, 3.419E-03, 2.732E-01
09/07/2019,21:00,9,3.491,3.991,9.860,.814,.227, 1.009E+03, 9.447E+01, 3.942E-05, 3.469E-16, 0.000E+00, 0.000E+00, 0.000E+00, 0.000E+00,-3.384E+01, 5.621E+00, 3.270E+00, 3.169E-01, 1.540E-01,-9.990E+02, 1.000E+00,-9.990E+02, 0.000E+00, 0.000E+00, 0.000E+00, 9.311E-01, 0.000E+00, 0.000E+00, 0.000E+00, 0.000E+00, 1.379E+02, 4.439E+01, 5.000E-03, 0.000E+00, 2.000E+02, 3.136E-03, 3.493E-01
09/07/2019,22:00,9,3.491,3.991,9.678,.843,.190, 1.009E+03, 9.700E+01, 3.942E-05, 3.469E-16, 0.000E+00, 0.000E+00, 0.000E+00, 0.000E+00,-3.384E+01, 5.621E+00, 3.128E+00, 3.169E-01, 1.473E-01,-9.990E+02, 1.000E+00,-9.990E+02, 0.000E+00, 0.000E+00, 0.000E+00, 9.311E-01, 0.000E+00, 0.000E+00, 0.000E+00, 0.000E+00, 1.442E+02, 4.640E+01, 6.472E-03, 0.000E+00, 1.545E+02, 3.587E-03, 3.883E-01
09/07/2019,23:00,9,3.491,3.991,9.497,.871,.153, 1.008E+03, 9.777E+01, 3.942E-05, 3.469E-16, 0.000E+00, 0.000E+00, 0.000E+00, 0.000E+00,-3.384E+01, 5.621E+00, 3.029E+00, 3.168E-01, 1.426E-01,-9.990E+02, 1.000E+00,-9.990E+02, 0.000E+00, 0.000E+00, 0.000E+00, 9.311E-01, 0.000E+00, 0.000E+00, 0.000E+00, 0.000E+00, 1.490E+02, 4.793E+01, 9.998E-03, 0.000E+00, 1.000E+02, 4.378E-03, 3.979E-01
10/07/2019,00:00,9,3.491,3.991,9.316,.900,.118, 1.008E+03, 9.672E+01, 9.099E-05, 3.469E-16, 0.000E+00, 0.000E+00, 0.000E+00, 0.000E+00,-3.169E+01, 3.030E+00, 2.975E+00, 3.563E-01, 1.507E-01,-9.990E+02, 1.000E+00,-9.990E+02, 0.000E+00, 0.000E+00, 0.000E+00, 9.311E-01, 0.000E+00, 0.000E+00, 0.000E+00, 0.000E+00, 1.309E+02, 4.534E+01, 1.339E-02, 0.000E+00, 7.467E+01, 5.123E-03, 4.153E-01
10/07/2019,01:00,9,3.491,3.991,9.400,.910,.106, 1.008E+03, 9.393E+01, 9.099E-05, 3.469E-16, 0.000E+00, 0.000E+00, 0.000E+00, 0.000E+00,-3.169E+01, 3.030E+00, 3.036E+00, 3.564E-01, 1.538E-01,-9.990E+02, 1.000E+00,-9.990E+02, 0.000E+00, 0.000E+00, 0.000E+00, 9.311E-01, 0.000E+00, 0.000E+00, 0.000E+00, 0.000E+00, 1.283E+02, 4.444E+01, 1.777E-02, 0.000E+00, 5.629E+01, 5.735E-03, 4.251E-01
10/07/2019,02:00,9,3.491,3.991,9.484,.921,.094, 1.008E+03, 8.961E+01, 9.099E-05, 3.469E-16, 5.768E-12, 1.620E+00, 0.000E+00, 0.000E+00,-3.169E+01, 3.030E+00, 3.096E+00, 3.564E-01, 1.569E-01,-9.990E+02, 1.000E+00,-9.990E+02, 0.000E+00, 0.000E+00, 0.000E+00, 9.325E-01, 0.000E+00, 0.000E+00, 0.000E+00, 0.000E+00, 1.258E+02, 4.356E+01, 2.206E-02, 0.000E+00, 4.533E+01, 6.207E-03, 4.388E-01
10/07/2019,03:00,9,3.491,3.991,9.568,.931,.082, 1.008E+03, 8.404E+01, 9.099E-05, 3.469E-16, 9.996E+00, 2.309E+01, 5.553E+01, 7.430E+00, 4.194E+01, 3.986E+01, 3.157E+00, 5.273E-01, 1.953E-01, 5.953E-02, 1.000E+00, 3.011E-01, 8.981E-01, 1.000E-02, 1.000E+00, 9.325E-01, 2.808E-03, 1.782E-05, 5.700E-05, 0.000E+00, 7.967E+01, 3.499E+01, 3.193E-02, 8.532E-05, 3.123E+01, 8.197E-03, 4.479E-01
10/07/2019,04:00,9,3.491,3.991,11.143,.861,.185, 1.008E+03, 7.751E+01, 9.099E-05, 3.469E-16, 5.222E+01, 4.440E+01, 1.363E+02, 1.559E+01, 4.194E+01, 3.986E+01, 3.346E+00, 5.288E-01, 2.070E-01, 1.239E-01, 1.000E+00, 5.381E-01, 9.963E-01, 1.000E-02, 1.000E+00, 9.325E-01, 5.018E-03, 3.203E-05, 6.359E-05, 0.000E+00, 7.522E+01, 3.302E+01, 1.517E-02, 1.533E-04, 6.525E+01, 6.626E-03, 4.164E-01
10/07/2019,05:00,9,3.491,3.991,12.718,.790,.309, 1.008E+03, 7.036E+01, 9.099E-05, 3.469E-16, 1.100E+02, 6.125E+01, 1.861E+02, 2.258E+01, 4.194E+01, 3.986E+01, 3.583E+00, 5.302E-01, 2.216E-01, 1.915E-01, 1.000E+00, 6.806E-01, 9.995E-01, 9.991E-02, 1.000E+00, 9.325E-01, 6.341E-02, 4.069E-04, 5.976E-04, 0.000E+00, 7.030E+01, 3.085E+01, 5.000E-03, 1.948E-03, 1.439E+02, 4.465E-03, 4.654E-01
10/07/2019,06:00,9,3.491,3.991,14.293,.720,.459, 1.008E+03, 6.291E+01, 9.099E-05, 3.469E-16, 9.330E+01, 1.047E+02, 1.371E+02, 3.465E+01, 1.640E+02, 1.305E+02, 3.859E+00, 6.907E-01, 2.438E-01, 2.552E-01, 1.000E+00, 8.200E-01, 9.964E-01, 3.007E-01, 1.000E+00, 9.325E-01, 2.300E-01, 1.484E-03, 1.803E-03, 0.000E+00, 6.148E+01, 2.804E+01, 5.000E-03, 7.104E-03, 8.262E+01, 6.456E-03, 5.450E-01
10/07/2019,07:00,9,3.491,3.991,15.570,.655,.614, 1.008E+03, 5.554E+01, 9.099E-05, 3.469E-16, 1.254E+02, 1.239E+02, 1.519E+02, 4.108E+01, 1.640E+02, 1.305E+02, 4.017E+00, 6.922E-01, 2.537E-01, 3.094E-01, 1.000E+00, 8.719E-01, 9.981E-01, 4.450E-01, 1.000E+00, 9.325E-01, 3.618E-01, 2.345E-03, 2.685E-03, 0.000E+00, 5.911E+01, 2.695E+01, 5.000E-03, 1.123E-02, 6.162E+01, 7.629E-03, 5.525E-01
10/07/2019,08:00,9,3.491,3.991,16.848,.591,.792, 1.008E+03, 4.870E+01, 9.099E-05, 3.469E-16, 1.533E+02, 1.370E+02, 1.615E+02, 4.544E+01, 1.640E+02, 1.305E+02, 4.200E+00, 6.936E-01, 2.651E-01, 3.513E-01, 1.000E+00, 8.994E-01, 9.987E-01, 5.727E-01, 1.000E+00, 9.325E-01, 4.803E-01, 3.127E-03, 3.472E-03, 0.000E+00, 5.659E+01, 2.578E+01, 5.000E-03, 1.497E-02, 5.007E+01, 8.581E-03, 5.920E-01
10/07/2019,09:00,9,3.491,3.991,18.126,.526,.995, 1.008E+03, 4.299E+01, 5.087E-04, 3.469E-16, 3.135E+02, 6.956E+01, 2.432E+02, 2.889E+01, 2.240E+02, 2.069E+02, 4.404E+00, 7.734E-01, 2.778E-01, 3.805E-01, 1.000E+00, 8.112E-01, 1.000E+00, 6.837E-01, 1.000E+00, 9.325E-01, 5.172E-01, 3.382E-03, 4.169E-03, 0.000E+00, 5.406E+01, 2.460E+01, 5.000E-03, 1.619E-02, 4.719E+01, 9.039E-03, 6.628E-01
10/07/2019,10:00,9,3.491,3.991,18.926,.490,1.126, 1.008E+03, 3.916E+01, 5.087E-04, 3.469E-16, 3.371E+02, 6.643E+01, 2.456E+02, 2.817E+01, 2.240E+02, 2.069E+02, 4.425E+00, 7.745E-01, 2.791E-01, 3.974E-01, 1.000E+00, 8.109E-01, 1.000E+00, 7.447E-01, 1.000E+00, 9.325E-01, 5.631E-01, 3.692E-03, 4.553E-03, 0.000E+00, 5.383E+01, 2.449E+01, 5.000E-03, 1.768E-02, 4.410E+01, 9.324E-03, 6.710E-01
10/07/2019,11:00,9,3.491,3.991,19.726,.455,1.268, 1.008E+03, 3.795E+01, 5.087E-04, 3.469E-16, 3.442E+02, 6.531E+01, 2.462E+02, 2.790E+01, 2.240E+02, 2.069E+02, 4.447E+00, 7.756E-01, 2.804E-01, 4.024E-01, 1.000E+00, 8.103E-01, 1.000E+00, 7.991E-01, 1.000E+00, 9.325E-01, 6.038E-01, 3.970E-03, 4.899E-03, 0.000E+00, 5.359E+01, 2.437E+01, 5.000E-03, 1.901E-02, 4.165E+01, 9.569E-03, 6.244E-01
10/07/2019,12:00,9,3.491,3.991,20.525,.419,1.421, 1.008E+03, 3.962E+01, 9.099E-05, 3.469E-16, 4.338E+01, 1.556E+02, 7.610E+01, 4.795E+01, 1.228E+02, 1.914E+02, 4.470E+00, 6.940E-01, 2.789E-01, 3.955E-01, 1.000E+00, 8.986E-01, 9.563E-01, 8.471E-01, 9.298E-01, 9.325E-01, 6.600E-01, 4.351E-03, 4.630E-03, 0.000E+00, 5.492E+01, 2.450E+01, 5.000E-03, 2.083E-02, 3.871E+01, 9.793E-03, 5.874E-01
10/07/2019,13:00,9,3.491,3.991,20.479,.420,1.414, 1.008E+03, 4.380E+01, 9.099E-05, 3.469E-16, 3.999E+01, 1.477E+02, 7.324E+01, 4.553E+01, 1.228E+02, 1.914E+02, 4.245E+00, 6.940E-01, 2.649E-01, 3.766E-01, 1.000E+00, 8.857E-01, 9.508E-01, 8.445E-01, 9.337E-01, 9.325E-01, 6.512E-01, 4.292E-03, 4.608E-03, 0.000E+00, 5.783E+01, 2.580E+01, 5.000E-03, 2.055E-02, 3.914E+01, 9.443E-03, 5.586E-01
10/07/2019,14:00,9,3.491,3.991,20.432,.421,1.407, 1.008E+03, 4.974E+01, 9.099E-05, 3.469E-16, 3.476E+01, 1.345E+02, 6.837E+01, 4.148E+01, 1.228E+02, 1.914E+02, 4.043E+00, 6.939E-01, 2.523E-01, 3.454E-01, 1.000E+00, 8.604E-01, 9.399E-01, 8.418E-01, 9.376E-01, 9.325E-01, 6.332E-01, 4.173E-03, 4.559E-03, 0.000E+00, 6.071E+01, 2.709E+01, 5.000E-03, 1.998E-02, 4.003E+01, 9.081E-03, 5.145E-01
10/07/2019,15:00,9,3.491,3.991,20.385,.422,1.401, 1.008E+03, 5.671E+01, 9.099E-05, 3.469E-16, 2.346E+02, 7.973E+01, 2.449E+02, 3.115E+01,-1.187E+01, 9.553E+01, 3.869E+00, 3.725E-01, 2.175E-01, 3.014E-01, 1.000E+00, 8.059E-01, 1.000E+00, 8.391E-01, 9.415E-01, 9.325E-01, 5.937E-01, 3.912E-03, 4.854E-03, 0.000E+00, 8.178E+01, 3.142E+01, 5.000E-03, 1.873E-02, 4.214E+01, 8.011E-03, 4.213E-01
10/07/2019,16:00,9,3.491,3.991,19.419,.490,1.163, 1.008E+03, 6.413E+01, 9.099E-05, 3.469E-16, 1.711E+02, 7.447E+01, 2.243E+02, 2.825E+01,-1.187E+01, 9.553E+01, 3.341E+00, 3.719E-01, 1.878E-01, 2.454E-01, 1.000E+00, 7.639E-01, 9.999E-01, 7.790E-01, 1.000E+00, 9.325E-01, 5.549E-01, 3.645E-03, 4.771E-03, 0.000E+00, 9.475E+01, 3.640E+01, 5.000E-03, 1.745E-02, 4.455E+01, 7.127E-03, 3.473E-01
10/07/2019,17:00,9,3.491,3.991,18.453,.558,.948, 1.008E+03, 7.157E+01, 9.099E-05, 3.469E-16, 1.056E+02, 6.225E+01, 1.898E+02, 2.280E+01,-1.187E+01, 9.553E+01, 2.819E+00, 3.713E-01, 1.584E-01, 1.804E-01, 1.000E+00, 6.791E-01, 9.996E-01, 7.094E-01, 1.000E+00, 9.325E-01, 4.492E-01, 2.941E-03, 4.329E-03, 0.000E+00, 1.123E+02, 4.315E+01, 5.000E-03, 1.408E-02, 5.241E+01, 6.026E-03, 3.492E-01
10/07/2019,18:00,9,3.491,3.991,17.486,.626,.754, 1.008E+03, 7.865E+01, 9.099E-05, 3.469E-16, 4.582E+01, 4.309E+01, 1.314E+02, 1.496E+01,-2.155E+01, 1.560E+01, 2.307E+00, 1.826E-01, 1.000E-01, 1.127E-01, 1.000E+00, 5.199E-01, 9.955E-01, 6.302E-01, 1.000E+00, 9.325E-01, 3.056E-01, 1.994E-03, 3.817E-03, 0.000E+00, 3.150E+02, 6.835E+01, 5.000E-03, 9.545E-03, 6.875E+01, 3.827E-03, 4.437E-01
10/07/2019,19:00,9,3.491,3.991,15.998,.684,.579, 1.008E+03, 8.506E+01, 9.099E-05, 3.469E-16, 6.016E+00, 2.022E+01, 4.134E+01, 6.382E+00,-2.155E+01, 1.560E+01, 2.426E+00, 1.821E-01, 1.000E-01, 4.930E-02, 1.000E+00, 2.598E-01, 8.173E-01, 4.896E-01, 1.000E+00, 9.325E-01, 1.186E-01, 7.698E-04, 2.422E-03, 0.000E+00, 3.161E+02, 6.835E+01, 5.000E-03, 3.686E-03, 1.151E+02, 3.249E-03, 5.500E-01
10/07/2019,20:00,9,3.491,3.991,14.509,.742,.429, 1.008E+03, 9.048E+01, 9.099E-05, 3.469E-16, 0.000E+00, 0.000E+00, 0.000E+00, 0.000E+00,-2.155E+01, 1.560E+01, 2.551E+00, 1.816E-01, 1.000E-01,-9.990E+02, 1.000E+00,-9.990E+02, 0.000E+00, 0.000E+00, 0.000E+00, 9.325E-01, 0.000E+00, 0.000E+00, 0.000E+00, 0.000E+00, 3.173E+02, 6.835E+01, 5.000E-03, 0.000E+00, 2.000E+02, 2.546E-03, 6.546E-01
10/07/2019,21:00,9,3.491,3.991,13.020,.799,.302, 1.008E+03, 9.459E+01, 9.099E-05, 3.469E-16, 0.000E+00, 0.000E+00, 0.000E+00, 0.000E+00,-1.926E+01, 5.724E+00, 2.681E+00, 2.633E-01, 1.265E-01,-9.990E+02, 1.000E+00,-9.990E+02, 0.000E+00, 0.000E+00, 0.000E+00, 9.325E-01, 0.000E+00, 0.000E+00, 0.000E+00, 0.000E+00, 1.677E+02, 5.405E+01, 5.000E-03, 0.000E+00, 2.000E+02, 2.901E-03, 8.781E-01
10/07/2019,22:00,9,3.491,3.991,12.682,.819,.267, 1.008E+03, 9.712E+01, 9.099E-05, 3.469E-16, 0.000E+00, 0.000E+00, 0.000E+00, 0.000E+00,-1.926E+01, 5.724E+00, 2.563E+00, 2.632E-01, 1.209E-01,-9.990E+02, 1.000E+00,-9.990E+02, 0.000E+00, 0.000E+00, 0.000E+00, 9.325E-01, 0.000E+00, 0.000E+00, 0.000E+00, 0.000E+00, 1.755E+02, 5.656E+01, 5.000E-03, 0.000E+00, 2.000E+02, 2.845E-03, 9.684E-01
10/07/2019,23:00,9,3.491,3.991,12.343,.838,.233, 1.008E+03, 9.790E+01, 9.099E-05, 3.469E-16, 0.000E+00, 0.000E+00, 0.000E+00, 0.000E+00,-1.926E+01, 5.724E+00, 2.467E+00, 2.630E-01, 1.163E-01,-9.990E+02, 1.000E+00,-9.990E+02, 0.000E+00, 0.000E+00, 0.000E+00, 9.325E-01, 0.000E+00, 0.000E+00, 0.000E+00, 0.000E+00, 1.825E+02, 5.878E+01, 5.000E-03, 0.000E+00, 2.000E+02, 2.798E-03, 8.749E-01
11/07/2019,00:00,9,3.491,3.991,12.005,.857,.201, 1.008E+03, 9.686E+01, 4.194E-05, 3.469E-16, 0.000E+00, 0.000E+00, 0.000E+00, 0.000E+00,-1.732E+01, 6.630E+00, 2.396E+00, 2.538E-01, 1.129E-01,-9.990E+02, 1.000E+00,-9.990E+02, 0.000E+00, 0.000E+00, 0.000E+00, 9.325E-01, 0.000E+00, 0.000E+00, 0.000E+00, 0.000E+00, 1.880E+02, 6.055E+01, 5.523E-03, 0.000E+00, 1.811E+02, 2.914E-03, 7.582E-01
11/07/2019,01:00,9,3.491,3.991,11.785,.853,.204, 1.008E+03, 9.407E+01, 4.194E-05, 3.469E-16, 0.000E+00, 0.000E+00, 0.000E+00, 0.000E+00,-1.732E+01, 6.630E+00, 2.464E+00, 2.538E-01, 1.161E-01,-9.990E+02, 1.000E+00,-9.990E+02, 0.000E+00, 0.000E+00, 0.000E+00, 9.325E-01, 0.000E+00, 0.000E+00, 0.000E+00, 0.000E+00, 1.828E+02, 5.888E+01, 5.557E-03, 0.000E+00, 1.800E+02, 2.962E-03, 6.838E-01
11/07/2019,02:00,9,3.491,3.991,11.566,.849,.206, 1.007E+03, 8.975E+01, 4.194E-05, 3.469E-16, 1.435E-18, 9.610E-01, 0.000E+00, 0.000E+00,-1.732E+01, 6.630E+00, 2.534E+00, 2.537E-01, 1.193E-01,-9.990E+02, 1.000E+00,-9.990E+02, 0.000E+00, 0.000E+00, 0.000E+00, 8.939E-01, 0.000E+00, 0.000E+00, 0.000E+00, 0.000E+00, 1.779E+02, 5.727E+01, 5.000E-03, 0.000E+00, 2.000E+02, 2.830E-03, 6.590E-01
11/07/2019,03:00,9,3.491,3.991,11.346,.845,.209, 1.007E+03, 8.417E+01, 4.194E-05, 3.469E-16, 9.850E+00, 2.368E+01, 5.608E+01, 7.602E+00, 3.914E+01, 4.150E+01, 2.605E+00, 4.826E-01, 1.622E-01, 5.820E-02, 1.000E+00, 3.053E-01, 9.004E-01, 1.000E-02, 1.000E+00, 8.939E-01, 2.729E-03, 1.743E-05, 5.750E-05, 0.000E+00, 9.476E+01, 4.213E+01, 5.000E-03, 8.345E-05, 1.967E+02, 3.270E-03, 6.683E-01
11/07/2019,04:00,9,3.491,3.991,12.440,.795,.298, 1.007E+03, 7.764E+01, 4.194E-05, 3.469E-16, 5.371E+01, 4.613E+01, 1.416E+02, 1.618E+01, 3.914E+01, 4.150E+01, 2.861E+00, 4.835E-01, 1.781E-01, 1.226E-01, 1.000E+00, 5.486E-01, 9.970E-01, 6.180E-02, 1.000E+00, 8.939E-01, 3.031E-02, 1.943E-04, 3.531E-04, 0.000E+00, 8.633E+01, 3.837E+01, 5.000E-03, 9.302E-04, 1.686E+02, 3.732E-03, 4.419E-01
11/07/2019,05:00,9,3.491,3.991,13.533,.744,.399, 1.007E+03, 7.049E+01, 4.194E-05, 3.469E-16, 1.141E+02, 6.392E+01, 1.944E+02, 2.355E+01, 3.914E+01, 4.150E+01, 3.117E+00, 4.844E-01, 1.941E-01, 1.903E-01, 1.000E+00, 6.926E-01, 9.997E-01, 2.070E-01, 1.000E+00, 8.939E-01, 1.282E-01, 8.249E-04, 1.191E-03, 0.000E+00, 7.927E+01, 3.522E+01, 5.000E-03, 3.949E-03, 1.117E+02, 4.928E-03, 3.534E-01
11/07/2019,06:00,9,3.491,3.991,14.627,.694,.513, 1.007E+03, 6.304E+01, 4.194E-05, 3.469E-16, 2.749E+01, 9.994E+01, 6.135E+01, 3.103E+01, 1.639E+02, 1.125E+02, 3.373E+00, 6.878E-01, 2.132E-01, 2.542E-01, 1.000E+00, 7.715E-01, 9.198E-01, 3.400E-01, 1.000E+00, 8.939E-01, 2.345E-01, 1.515E-03, 1.806E-03, 0.000E+00, 7.023E+01, 3.206E+01, 5.000E-03, 7.253E-03, 8.161E+01, 6.089E-03, 3.806E-01
11/07/2019,07:00,9,3.491,3.991,15.072,.654,.597, 1.007E+03, 5.567E+01, 4.194E-05, 3.469E-16, 3.703E+01, 1.237E+02, 7.121E+01, 3.838E+01, 1.639E+02, 1.125E+02, 3.739E+00, 6.883E-01, 2.363E-01, 3.085E-01, 1.000E+00, 8.409E-01, 9.465E-01, 3.907E-01, 1.000E+00, 8.939E-01, 2.937E-01, 1.900E-03, 2.139E-03, 0.000E+00, 6.338E+01, 2.893E+01, 5.000E-03, 9.098E-03, 7.093E+01, 6.873E-03, 3.179E-01
11/07/2019,08:00,9,3.491,3.991,15.518,.614,.685, 1.007E+03, 4.883E+01, 4.194E-05, 3.469E-16, 4.529E+01, 1.420E+02, 7.841E+01, 4.401E+01, 1.639E+02, 1.125E+02, 4.105E+00, 6.888E-01, 2.593E-01, 3.505E-01, 1.000E+00, 8.798E-01, 9.602E-01, 4.394E-01, 1.000E+00, 8.939E-01, 3.456E-01, 2.239E-03, 2.444E-03, 0.000E+00, 5.775E+01, 2.636E+01, 5.000E-03, 1.072E-02, 6.361E+01, 7.603E-03, 2.520E-01
11/07/2019,09:00,9,3.491,3.991,15.964,.574,.778, 1.007E+03, 4.312E+01, 4.628E-02, 3.469E-16, 3.332E+02, 7.420E+01, 2.590E+02, 3.080E+01, 2.246E+02, 1.350E+02, 4.470E+00, 7.686E-01, 2.823E-01, 3.799E-01, 1.000E+00, 8.253E-01, 1.000E+00, 4.861E-01, 1.000E+00, 8.939E-01, 3.586E-01, 2.327E-03, 2.820E-03, 0.000E+00, 5.311E+01, 2.421E+01, 5.000E-03, 1.114E-02, 6.195E+01, 8.041E-03, 2.771E-01
11/07/2019,10:00,9,3.491,3.991,16.186,.574,.790, 1.007E+03, 3.930E+01, 4.628E-02, 3.469E-16, 3.583E+02, 7.089E+01, 2.616E+02, 3.004E+01, 2.246E+02, 1.350E+02, 4.608E+00, 7.689E-01, 2.910E-01, 3.968E-01, 1.000E+00, 8.247E-01, 1.000E+00, 5.086E-01, 1.000E+00, 8.939E-01, 3.750E-01, 2.436E-03, 2.953E-03, 0.000E+00, 5.153E+01, 2.349E+01, 5.000E-03, 1.166E-02, 6.002E+01, 8.294E-03, 3.392E-01
11/07/2019,11:00,9,3.491,3.991,16.409,.574,.802, 1.007E+03, 3.808E+01, 4.628E-02, 3.469E-16, 3.659E+02, 6.970E+01, 2.622E+02, 2.976E+01, 2.246E+02, 1.350E+02, 4.747E+00, 7.692E-01, 2.997E-01, 4.018E-01, 1.000E+00, 8.241E-01, 1.000E+00, 5.307E-01, 1.000E+00, 8.939E-01, 3.909E-01, 2.541E-03, 3.084E-03, 0.000E+00, 5.004E+01, 2.281E+01, 5.000E-03, 1.217E-02, 5.825E+01, 8.544E-03, 4.259E-01
11/07/2019,12:00,9,3.491,3.991,16.632,.573,.814, 1.007E+03, 3.975E+01, 4.194E-05, 3.469E-16, 3.630E+02, 7.282E+01, 2.669E+02, 3.079E+01, 2.306E+02, 1.571E+02, 4.885E+00, 8.033E-01, 3.071E-01, 3.950E-01, 1.000E+00, 8.294E-01, 1.000E+00, 5.523E-01, 1.000E+00, 8.939E-01, 4.095E-01, 2.664E-03, 3.211E-03, 0.000E+00, 4.922E+01, 2.226E+01, 5.000E-03, 1.275E-02, 5.633E+01, 8.788E-03, 4.345E-01
11/07/2019,13:00,9,3.491,3.991,17.045,.552,.877, 1.007E+03, 4.392E+01, 4.194E-05, 3.469E-16, 3.347E+02, 7.639E+01, 2.639E+02, 3.158E+01, 2.306E+02, 1.571E+02, 4.805E+00, 8.039E-01, 3.020E-01, 3.761E-01, 1.000E+00, 8.297E-01, 1.000E+00, 5.909E-01, 1.000E+00, 8.939E-01, 4.383E-01, 2.855E-03, 3.441E-03, 0.000E+00, 5.005E+01, 2.263E+01, 5.000E-03, 1.367E-02, 5.356E+01, 8.930E-03, 3.976E-01
11/07/2019,14:00,9,3.491,3.991,17.458,.531,.943, 1.007E+03, 4.985E+01, 4.194E-05, 3.469E-16, 2.908E+02, 7.971E+01, 2.575E+02, 3.204E+01, 2.306E+02, 1.571E+02, 4.730E+00, 8.045E-01, 2.973E-01, 3.447E-01, 1.000E+00, 8.245E-01, 1.000E+00, 6.278E-01, 1.000E+00, 8.939E-01, 4.627E-01, 3.019E-03, 3.661E-03, 0.000E+00, 5.086E+01, 2.299E+01, 5.000E-03, 1.445E-02, 5.141E+01, 9.028E-03, 3.364E-01
11/07/2019,15:00,9,3.491,3.991,17.872,.510,1.012, 1.007E+03, 5.681E+01, 4.194E-05, 3.469E-16, 2.347E+02, 7.999E+01, 2.456E+02, 3.124E+01, 6.513E+01, 9.881E+01, 4.659E+00, 5.884E-01, 2.894E-01, 3.007E-01, 1.000E+00, 8.065E-01, 1.000E+00, 6.629E-01, 1.000E+00, 8.939E-01, 4.779E-01, 3.122E-03, 3.871E-03, 0.000E+00, 5.342E+01, 2.362E+01, 5.000E-03, 1.495E-02, 5.013E+01, 8.981E-03, 2.475E-01
11/07/2019,16:00,9,3.491,3.991,17.157,.550,.889, 1.007E+03, 6.423E+01, 4.194E-05, 3.469E-16, 1.709E+02, 7.463E+01, 2.248E+02, 2.830E+01, 6.513E+01, 9.881E+01, 3.825E+00, 5.877E-01, 2.376E-01, 2.446E-01, 1.000E+00, 7.641E-01, 9.999E-01, 6.010E-01, 1.000E+00, 8.939E-01, 4.105E-01, 2.675E-03, 3.501E-03, 0.000E+00, 6.505E+01, 2.877E+01, 5.000E-03, 1.281E-02, 5.615E+01, 7.651E-03, 1.833E-01
11/07/2019,17:00,9,3.491,3.991,16.442,.589,.774, 1.007E+03, 7.167E+01, 4.194E-05, 3.469E-16, 1.052E+02, 6.226E+01, 1.899E+02, 2.279E+01, 6.513E+01, 9.881E+01, 2.998E+00, 5.870E-01, 1.862E-01, 1.795E-01, 1.000E+00, 6.786E-01, 9.996E-01, 5.339E-01, 1.000E+00, 8.939E-01, 3.239E-01, 2.106E-03, 3.102E-03, 0.000E+00, 8.296E+01, 3.670E+01, 5.000E-03, 1.008E-02, 6.631E+01, 6.196E-03, 1.302E-01
11/07/2019,18:00,9,3.491,3.991,15.728,.628,.669, 1.007E+03, 7.876E+01, 4.194E-05, 3.469E-16, 4.513E+01, 4.286E+01, 1.306E+02, 1.487E+01,-1.447E+01, 1.461E+01, 2.187E+00, 1.752E-01, 1.000E-01, 1.117E-01, 1.000E+00, 5.175E-01, 9.954E-01, 4.617E-01, 1.000E+00, 8.939E-01, 2.136E-01, 1.385E-03, 2.664E-03, 0.000E+00, 2.797E+02, 6.835E+01, 5.000E-03, 6.631E-03, 8.598E+01, 3.633E-03, 1.170E-01
11/07/2019,19:00,9,3.491,3.991,14.388,.704,.487, 1.008E+03, 8.517E+01, 4.194E-05, 3.469E-16, 5.614E+00, 1.982E+01, 3.961E+01, 6.244E+00,-1.447E+01, 1.461E+01, 2.204E+00, 1.748E-01, 1.000E-01, 4.819E-02, 1.000E+00, 2.543E-01, 8.039E-01, 3.121E-01, 1.000E+00, 8.939E-01, 7.095E-02, 4.580E-04, 1.448E-03, 0.000E+00, 2.805E+02, 6.835E+01, 5.000E-03, 2.193E-03, 1.390E+02, 3.045E-03, 1.558E-01
11/07/2019,20:00,9,3.491,3.991,13.049,.781,.331, 1.008E+03, 9.060E+01, 4.194E-05, 3.469E-16, 0.000E+00, 0.000E+00, 0.000E+00, 0.000E+00,-1.447E+01, 1.461E+01, 2.247E+00, 1.744E-01, 1.000E-01,-9.990E+02, 1.000E+00,-9.990E+02, 0.000E+00, 0.000E+00, 0.000E+00, 8.939E-01, 0.000E+00, 0.000E+00, 0.000E+00, 0.000E+00, 2.813E+02, 6.835E+01, 5.000E-03, 0.000E+00, 2.000E+02, 2.568E-03, 2.267E-01
11/07/2019,21:00,9,3.491,3.991,11.709,.857,.198, 1.008E+03, 9.471E+01, 4.194E-05, 3.469E-16, 0.000E+00, 0.000E+00, 0.000E+00, 0.000E+00,-7.466E+00, 2.375E+00, 2.314E+00, 1.506E-01, 1.000E-01,-9.990E+02, 1.000E+00,-9.990E+02, 0.000E+00, 0.000E+00, 0.000E+00, 8.939E-01, 0.000E+00, 0.000E+00, 0.000E+00, 0.000E+00, 2.589E+02, 6.835E+01, 5.157E-03, 0.000E+00, 1.939E+02, 2.623E-03, 4.912E-01
11/07/2019,22:00,9,3.491,3.991,11.220,.888,.149, 1.008E+03, 9.726E+01, 4.194E-05, 3.469E-16, 0.000E+00, 0.000E+00, 0.000E+00, 0.000E+00,-7.466E+00, 2.375E+00, 2.013E+00, 1.504E-01, 1.000E-01,-9.990E+02, 1.000E+00,-9.990E+02, 0.000E+00, 0.000E+00, 0.000E+00, 8.939E-01, 0.000E+00, 0.000E+00, 0.000E+00, 0.000E+00, 2.591E+02, 6.835E+01, 8.028E-03, 0.000E+00, 1.246E+02, 3.206E-03, 8.738E-01
11/07/2019,23:00,9,3.491,3.991,10.731,.920,.104, 1.008E+03, 9.804E+01, 4.194E-05, 3.469E-16, 0.000E+00, 0.000E+00, 0.000E+00, 0.000E+00,-7.466E+00, 2.375E+00, 1.716E+00, 1.503E-01, 1.000E-01,-9.990E+02, 1.000E+00,-9.990E+02, 0.000E+00, 0.000E+00, 0.000E+00, 8.939E-01, 0.000E+00, 0.000E+00, 0.000E+00, 0.000E+00, 2.594E+02, 6.835E+01, 1.158E-02, 0.000E+00, 8.633E+01, 3.653E-03, 1.106E+00
12/07/2019,00:00,9,3.491,3.991,10.242,.951,.061, 1.008E+03, 9.700E+01, 2.896E-05, 3.469E-16, 0.000E+00, 0.000E+00, 0.000E+00, 0.000E+00,-1.690E+00, 3.249E-01, 1.429E+00, 1.000E-01, 1.000E-01,-9.990E+02, 1.000E+00,-9.990E+02, 0.000E+00, 0.000E+00, 0.000E+00, 8.939E-01, 0.000E+00, 0.000E+00, 0.000E+00, 0.000E+00, 2.383E+02, 6.835E+01, 2.083E-02, 0.000E+00, 4.800E+01, 4.283E-03, 1.288E+00
12/07/2019,01:00,9,3.491,3.991,10.032,.958,.052, 1.008E+03, 9.421E+01, 2.896E-05, 3.469E-16, 0.000E+00, 0.000E+00, 0.000E+00, 0.000E+00,-1.690E+00, 3.249E-01, 1.110E+00, 1.000E-01, 1.000E-01,-9.990E+02, 1.000E+00,-9.990E+02, 0.000E+00, 0.000E+00, 0.000E+00, 8.939E-01, 0.000E+00, 0.000E+00, 0.000E+00, 0.000E+00, 2.383E+02, 6.835E+01, 2.098E-02, 0.000E+00, 4.767E+01, 4.289E-03, 1.399E+00
12/07/2019,02:00,9,3.491,3.991,9.822,.964,.044, 1.008E+03, 8.989E+01, 2.896E-05, 3.469E-16, 3.871E-42, 4.617E-01, 0.000E+00, 0.000E+00,-1.690E+00, 3.249E-01, 9.189E-01, 1.000E-01, 1.000E-01,-9.990E+02, 1.000E+00,-9.990E+02, 0.000E+00, 0.000E+00, 0.000E+00, 8.776E-01, 0.000E+00, 0.000E+00, 0.000E+00, 0.000E+00, 2.383E+02, 6.835E+01, 2.437E-02, 0.000E+00, 4.103E+01, 4.415E-03, 1.371E+00
12/07/2019,03:00,9,3.491,3.991,9.612,.970,.036, 1.008E+03, 8.431E+01, 2.896E-05, 3.469E-16, 8.848E+00, 2.227E+01, 5.173E+01, 7.132E+00, 3.945E+01, 3.506E+01, 9.367E-01, 1.000E-01, 1.000E-01, 5.683E-02, 1.000E+00, 2.898E-01, 8.809E-01, 1.000E-02, 1.000E+00, 8.776E-01, 2.544E-03, 1.615E-05, 5.592E-05, 0.000E+00, 7.036E+01, 6.835E+01, 2.455E-02, 7.730E-05, 4.061E+01, 5.819E-03, 1.129E+00
12/07/2019,04:00,9,3.491,3.991,11.217,.856,.193, 1.008E+03, 7.778E+01, 2.896E-05, 3.469E-16, 5.062E+01, 4.400E+01, 1.350E+02, 1.541E+01, 3.945E+01, 3.506E+01, 6.182E-01, 1.000E-01, 1.000E-01, 1.213E-01, 1.000E+00, 5.333E-01, 9.961E-01, 1.000E-02, 1.000E+00, 8.776E-01, 4.680E-03, 2.988E-05, 6.359E-05, 0.000E+00, 7.036E+01, 6.835E+01, 5.000E-03, 1.430E-04, 1.944E+02, 3.070E-03, 9.788E-01
12/07/2019,05:00,9,3.491,3.991,12.822,.742,.384, 1.007E+03, 7.062E+01, 2.896E-05, 3.469E-16, 1.087E+02, 6.126E+01, 1.863E+02, 2.256E+01, 3.945E+01, 3.506E+01, 3.644E-01, 1.000E-01, 1.000E-01, 1.891E-01, 1.000E+00, 6.792E-01, 9.995E-01, 1.139E-01, 1.000E+00, 8.776E-01, 6.792E-02, 4.360E-04, 6.416E-04, 0.000E+00, 7.036E+01, 6.835E+01, 5.000E-03, 2.088E-03, 1.411E+02, 3.672E-03, 1.378E+00
12/07/2019,06:00,9,3.491,3.991,14.427,.628,.615, 1.007E+03, 6.317E+01, 2.896E-05, 3.469E-16, 1.558E+02, 7.341E+01, 1.999E+02, 2.733E+01, 1.513E+02, 1.197E+02, 3.596E-01, 2.198E-01, 1.000E-01, 2.531E-01, 1.000E+00, 7.573E-01, 9.997E-01, 3.166E-01, 1.000E+00, 8.776E-01, 2.104E-01, 1.358E-03, 1.793E-03, 0.000E+00, 9.148E+01, 6.835E+01, 5.000E-03, 6.504E-03, 8.693E+01, 4.263E-03, 2.304E+00
12/07/2019,07:00,9,3.491,3.991,15.594,.580,.749, 1.007E+03, 5.580E+01, 2.896E-05, 3.469E-16, 2.102E+02, 7.932E+01, 2.172E+02, 3.020E+01, 1.513E+02, 1.197E+02, 4.629E-01, 2.203E-01, 1.000E-01, 3.076E-01, 1.000E+00, 8.000E-01, 9.999E-01, 4.475E-01, 1.000E+00, 8.776E-01, 3.142E-01, 2.037E-03, 2.545E-03, 0.000E+00, 9.160E+01, 6.835E+01, 5.000E-03, 9.751E-03, 6.779E+01, 4.640E-03, 1.018E+00
12/07/2019,08:00,9,3.491,3.991,16.761,.532,.900, 1.007E+03, 4.897E+01, 2.896E-05, 3.469E-16, 2.574E+02, 8.025E+01, 2.273E+02, 3.120E+01, 1.513E+02, 1.197E+02, 7.028E-01, 2.207E-01, 1.000E-01, 3.497E-01, 1.000E+00, 8.197E-01, 9.999E-01, 5.645E-01, 1.000E+00, 8.776E-01, 4.061E-01, 2.643E-03, 3.224E-03, 0.000E+00, 9.173E+01, 6.835E+01, 5.000E-03, 1.265E-02, 5.664E+01, 4.891E-03, 1.297E+00
12/07/2019,09:00,9,3.491,3.991,17.929,.484,1.069, 1.007E+03, 4.327E+01, 1.314E-01, 3.469E-16, 2.107E+02, 1.288E+02, 1.888E+02, 4.415E+01, 1.326E+02, 1.447E+02, 9.840E-01, 3.987E-01, 1.000E-01, 3.792E-01, 1.000E+00, 8.988E-01, 9.996E-01, 6.676E-01, 1.000E+00, 8.776E-01, 5.266E-01, 3.441E-03, 3.827E-03, 0.000E+00, 1.288E+02, 6.835E+01, 5.000E-03, 1.647E-02, 4.657E+01, 4.629E-03, 1.558E+00
12/07/2019,10:00,9,3.491,3.991,17.557,.528,.956, 1.007E+03, 3.945E+01, 1.314E-01, 3.469E-16, 2.267E+02, 1.311E+02, 1.918E+02, 4.500E+01, 1.326E+02, 1.447E+02, 1.517E+00, 3.985E-01, 1.045E-01, 3.962E-01, 1.000E+00, 9.050E-01, 9.996E-01, 6.363E-01, 1.000E+00, 8.776E-01, 5.054E-01, 3.298E-03, 3.643E-03, 0.000E+00, 1.232E+02, 6.544E+01, 5.000E-03, 1.579E-02, 4.810E+01, 4.754E-03, 1.057E+00
12/07/2019,11:00,9,3.491,3.991,17.186,.571,.847, 1.007E+03, 3.822E+01, 1.314E-01, 3.469E-16, 2.315E+02, 1.317E+02, 1.926E+02, 4.521E+01, 1.326E+02, 1.447E+02, 2.115E+00, 3.982E-01, 1.456E-01, 4.013E-01, 1.000E+00, 9.066E-01, 9.996E-01, 6.036E-01, 1.000E+00, 8.776E-01, 4.803E-01, 3.130E-03, 3.451E-03, 0.000E+00, 8.838E+01, 4.694E+01, 5.000E-03, 1.499E-02, 5.003E+01, 6.010E-03, 9.670E-01
12/07/2019,12:00,9,3.491,3.991,16.814,.615,.743, 1.007E+03, 3.988E+01, 5.804E-01, 3.469E-16, 3.622E+02, 7.293E+01, 2.668E+02, 3.081E+01, 1.343E+01, 1.416E+02, 2.735E+00, 3.093E-01, 1.721E-01, 3.944E-01, 1.000E+00, 8.295E-01, 1.000E+00, 5.695E-01, 1.000E+00, 8.776E-01, 4.146E-01, 2.699E-03, 3.253E-03, 0.000E+00, 8.770E+01, 3.972E+01, 5.000E-03, 1.292E-02, 5.580E+01, 6.316E-03, 1.028E+00
12/07/2019,13:00,9,3.491,3.991,16.164,.694,.566, 1.007E+03, 4.404E+01, 5.804E-01, 3.469E-16, 3.339E+02, 7.648E+01, 2.638E+02, 3.159E+01, 1.343E+01, 1.416E+02, 2.224E+00, 3.089E-01, 1.400E-01, 3.755E-01, 1.000E+00, 8.297E-01, 1.000E+00, 5.064E-01, 1.000E+00, 8.776E-01, 3.687E-01, 2.395E-03, 2.886E-03, 0.000E+00, 1.078E+02, 4.883E+01, 5.000E-03, 1.147E-02, 6.073E+01, 5.355E-03, 8.453E-01
12/07/2019,14:00,9,3.491,3.991,15.514,.773,.402, 1.007E+03, 4.996E+01, 5.804E-01, 3.469E-16, 2.899E+02, 7.975E+01, 2.574E+02, 3.204E+01, 1.343E+01, 1.416E+02, 1.757E+00, 3.085E-01, 1.106E-01, 3.441E-01, 1.000E+00, 8.244E-01, 1.000E+00, 4.390E-01, 1.000E+00, 8.776E-01, 3.176E-01, 2.058E-03, 2.496E-03, 0.000E+00, 1.364E+02, 6.181E+01, 5.000E-03, 9.852E-03, 6.733E+01, 4.409E-03, 7.563E-01
12/07/2019,15:00,9,3.491,3.991,14.863,.852,.251, 1.007E+03, 5.692E+01, 5.800E-03, 3.469E-16, 2.338E+02, 7.995E+01, 2.454E+02, 3.121E+01, 1.519E+01, 1.230E+02, 1.378E+00, 2.059E-01, 1.000E-01, 2.999E-01, 1.000E+00, 8.060E-01, 1.000E+00, 3.672E-01, 1.000E+00, 8.776E-01, 2.598E-01, 1.679E-03, 2.083E-03, 0.000E+00, 1.319E+02, 6.835E+01, 5.000E-03, 8.041E-03, 7.668E+01, 4.042E-03, 7.110E-01
12/07/2019,16:00,9,3.491,3.991,14.909,.847,.262, 1.007E+03, 6.434E+01, 5.800E-03, 3.469E-16, 1.699E+02, 7.450E+01, 2.244E+02, 2.824E+01, 1.519E+01, 1.230E+02, 1.085E+00, 2.059E-01, 1.000E-01, 2.437E-01, 1.000E+00, 7.632E-01, 9.999E-01, 3.724E-01, 1.000E+00, 8.776E-01, 2.494E-01, 1.613E-03, 2.113E-03, 0.000E+00, 1.319E+02, 6.835E+01, 5.000E-03, 7.722E-03, 7.861E+01, 4.011E-03, 8.608E-01
12/07/2019,17:00,9,3.491,3.991,14.954,.841,.272, 1.007E+03, 7.177E+01, 5.800E-03, 3.469E-16, 1.042E+02, 6.203E+01, 1.893E+02, 2.269E+01, 1.519E+01, 1.230E+02, 9.836E-01, 2.059E-01, 1.000E-01, 1.785E-01, 1.000E+00, 6.769E-01, 9.996E-01, 3.775E-01, 1.000E+00, 8.776E-01, 2.242E-01, 1.450E-03, 2.142E-03, 0.000E+00, 1.319E+02, 6.835E+01, 5.000E-03, 6.944E-03, 8.373E+01, 3.930E-03, 8.882E-01
12/07/2019,18:00,9,3.491,3.991,14.999,.835,.283, 1.007E+03, 7.887E+01, 2.896E-05, 3.469E-16, 4.466E+01, 4.288E+01, 1.305E+02, 1.486E+01,-1.001E+01, 2.240E+00, 1.126E+00, 1.503E-01, 1.000E-01, 1.106E-01, 1.000E+00, 5.167E-01, 9.953E-01, 3.826E-01, 1.000E+00, 8.776E-01, 1.735E-01, 1.122E-03, 2.162E-03, 0.000E+00, 2.905E+02, 6.835E+01, 5.000E-03, 5.373E-03, 9.641E+01, 3.488E-03, 8.499E-01
12/07/2019,19:00,9,3.491,3.991,13.676,.880,.189, 1.008E+03, 8.529E+01, 2.896E-05, 3.469E-16, 5.230E+00, 1.952E+01, 3.800E+01, 6.136E+00,-1.001E+01, 2.240E+00, 1.369E+00, 1.499E-01, 1.000E-01, 4.701E-02, 1.000E+00, 2.497E-01, 7.905E-01, 2.250E-01, 1.000E+00, 8.776E-01, 4.932E-02, 3.176E-04, 1.005E-03, 0.000E+00, 2.914E+02, 6.835E+01, 6.047E-03, 1.520E-03, 1.321E+02, 3.100E-03, 8.366E-01
12/07/2019,20:00,9,3.491,3.991,12.352,.925,.108, 1.008E+03, 9.072E+01, 2.896E-05, 3.469E-16, 0.000E+00, 0.000E+00, 0.000E+00, 0.000E+00,-1.001E+01, 2.240E+00, 1.616E+00, 1.496E-01, 1.000E-01,-9.990E+02, 1.000E+00,-9.990E+02, 0.000E+00, 0.000E+00, 0.000E+00, 8.776E-01, 0.000E+00, 0.000E+00, 0.000E+00, 0.000E+00, 2.922E+02, 6.835E+01, 1.276E-02, 0.000E+00, 7.836E+01, 3.720E-03, 8.428E-01
12/07/2019,21:00,9,3.491,3.991,11.028,.970,.040, 1.008E+03, 9.485E+01, 2.896E-05, 3.469E-16, 0.000E+00, 0.000E+00, 0.000E+00, 0.000E+00,-1.486E+00,-1.528E+00, 1.866E+00, 1.000E-01, 1.000E-01,-9.990E+02, 1.000E+00,-9.990E+02, 0.000E+00, 0.000E+00, 0.000E+00, 8.776E-01, 0.000E+00, 0.000E+00, 0.000E+00, 0.000E+00, 2.299E+02, 6.835E+01, 2.345E-02, 0.000E+00, 4.265E+01, 4.399E-03, 9.121E-01
12/07/2019,22:00,9,3.491,3.991,10.424,.977,.029, 1.008E+03, 9.740E+01, 2.896E-05, 3.469E-16, 0.000E+00, 0.000E+00, 0.000E+00, 0.000E+00,-1.486E+00,-1.528E+00, 1.428E+00, 1.000E-01, 1.000E-01,-9.990E+02, 1.000E+00,-9.990E+02, 0.000E+00, 0.000E+00, 0.000E+00, 8.776E-01, 0.000E+00, 0.000E+00, 0.000E+00, 0.000E+00, 2.299E+02, 6.835E+01, 2.756E-02, 0.000E+00, 3.628E+01, 4.526E-03, 1.197E+00
12/07/2019,23:00,9,3.491,3.991,9.820,.985,.018, 1.008E+03, 9.819E+01, 2.896E-05, 3.469E-16, 0.000E+00, 0.000E+00, 0.000E+00, 0.000E+00,-1.486E+00,-1.528E+00, 1.025E+00, 1.000E-01, 1.000E-01,-9.990E+02, 1.000E+00,-9.990E+02, 0.000E+00, 0.000E+00, 0.000E+00, 8.776E-01, 0.000E+00, 0.000E+00, 0.000E+00, 0.000E+00, 2.299E+02, 6.835E+01, 3.243E-02, 0.000E+00, 3.083E+01, 4.640E-03, 1.633E+00
13/07/2019,00:00,9,3.491,3.991,9.216,.993,.008, 1.008E+03, 9.714E+01, 0.000E+00, 3.469E-16, 0.000E+00, 0.000E+00, 0.000E+00, 0.000E+00,-6.622E+00,-3.910E+00, 7.165E-01, 1.128E-01, 1.000E-01,-9.990E+02, 1.000E+00,-9.990E+02, 0.000E+00, 0.000E+00, 0.000E+00, 8.776E-01, 0.000E+00, 0.000E+00, 0.000E+00, 0.000E+00, 3.596E+02, 6.835E+01, 3.823E-02, 0.000E+00, 2.616E+01, 4.487E-03, 2.173E+00
13/07/2019,01:00,9,3.491,3.991,9.783,.983,.021, 1.008E+03, 9.436E+01, 0.000E+00, 3.469E-16, 0.000E+00, 0.000E+00, 0.000E+00, 0.000E+00,-6.622E+00,-3.910E+00, 3.335E-01, 1.129E-01, 1.000E-01,-9.990E+02, 1.000E+00,-9.990E+02, 0.000E+00, 0.000E+00, 0.000E+00, 8.776E-01, 0.000E+00, 0.000E+00, 0.000E+00, 0.000E+00, 3.590E+02, 6.835E+01, 3.248E-02, 0.000E+00, 3.079E+01, 4.397E-03, 2.566E+00
13/07/2019,02:00,9,3.491,3.991,10.349,.972,.035, 1.008E+03, 9.004E+01, 0.000E+00, 3.469E-16, 0.000E+00, 0.000E+00, 0.000E+00, 0.000E+00,-6.622E+00,-3.910E+00, 1.002E+00, 1.130E-01, 1.000E-01,-9.990E+02, 1.000E+00,-9.990E+02, 0.000E+00, 0.000E+00, 0.000E+00, 8.627E-01, 0.000E+00, 0.000E+00, 0.000E+00, 0.000E+00, 3.584E+02, 6.835E+01, 2.763E-02, 0.000E+00, 3.620E+01, 4.296E-03, 2.213E+00
13/07/2019,03:00,9,3.491,3.991,10.916,.962,.050, 1.008E+03, 8.445E+01, 2.016E-04, 3.469E-16, 8.652E+00, 2.287E+01, 5.203E+01, 7.302E+00, 4.979E+01, 2.603E+01, 1.787E+00, 1.707E-01, 1.437E-01, 5.540E-02, 1.000E+00, 2.939E-01, 8.824E-01, 1.000E-02, 1.000E+00, 8.627E-01, 2.536E-03, 1.617E-05, 5.627E-05, 0.000E+00, 6.871E+01, 4.756E+01, 2.353E-02, 7.743E-05, 4.236E+01, 6.727E-03, 1.161E+00
13/07/2019,04:00,9,3.491,3.991,12.384,.914,.124, 1.008E+03, 7.792E+01, 2.016E-04, 3.469E-16, 5.212E+01, 4.585E+01, 1.405E+02, 1.604E+01, 4.979E+01, 2.603E+01, 1.097E+00, 1.711E-01, 1.000E-01, 1.199E-01, 1.000E+00, 5.446E-01, 9.969E-01, 5.412E-02, 1.000E+00, 8.627E-01, 2.543E-02, 1.630E-04, 2.984E-04, 0.000E+00, 9.890E+01, 6.835E+01, 1.105E-02, 7.803E-04, 8.451E+01, 4.213E-03, 8.754E-01
13/07/2019,05:00,9,3.491,3.991,13.852,.867,.212, 1.008E+03, 7.076E+01, 2.016E-04, 3.469E-16, 1.131E+02, 6.415E+01, 1.951E+02, 2.360E+01, 4.979E+01, 2.603E+01, 4.842E-01, 1.715E-01, 1.000E-01, 1.878E-01, 1.000E+00, 6.923E-01, 9.997E-01, 2.471E-01, 1.000E+00, 8.627E-01, 1.476E-01, 9.509E-04, 1.373E-03, 0.000E+00, 9.906E+01, 6.835E+01, 5.221E-03, 4.553E-03, 1.023E+02, 3.917E-03, 1.168E+00
13/07/2019,06:00,9,3.491,3.991,15.320,.820,.316, 1.008E+03, 6.331E+01, 2.359E-03, 3.469E-16, 1.787E+02, 7.557E+01, 2.277E+02, 2.876E+01, 1.766E+02, 1.221E+02, 5.326E-01, 1.983E-01, 1.000E-01, 2.520E-01, 1.000E+00, 7.708E-01, 9.999E-01, 4.181E-01, 1.000E+00, 8.627E-01, 2.780E-01, 1.801E-03, 2.336E-03, 0.000E+00, 8.186E+01, 6.835E+01, 5.000E-03, 8.620E-03, 7.342E+01, 4.676E-03, 1.980E+00
13/07/2019,07:00,9,3.491,3.991,16.824,.692,.595, 1.008E+03, 5.594E+01, 2.359E-03, 3.469E-16, 2.416E+02, 8.012E+01, 2.471E+02, 3.140E+01, 1.766E+02, 1.221E+02, 3.961E-01, 1.989E-01, 1.000E-01, 3.066E-01, 1.000E+00, 8.094E-01, 1.000E+00, 5.704E-01, 1.000E+00, 8.627E-01, 3.983E-01, 2.593E-03, 3.203E-03, 0.000E+00, 8.203E+01, 6.835E+01, 5.000E-03, 1.241E-02, 5.743E+01, 5.051E-03, 1.316E+00
13/07/2019,08:00,9,3.491,3.991,18.328,.564,.928, 1.008E+03, 4.911E+01, 2.359E-03, 3.469E-16, 2.961E+02, 7.937E+01, 2.582E+02, 3.200E+01, 1.766E+02, 1.221E+02, 2.783E-01, 1.994E-01, 1.000E-01, 3.489E-01, 1.000E+00, 8.254E-01, 1.000E+00, 6.997E-01, 1.000E+00, 8.627E-01, 4.983E-01, 3.260E-03, 3.950E-03, 0.000E+00, 8.219E+01, 6.835E+01, 5.000E-03, 1.561E-02, 4.852E+01, 5.285E-03, 1.534E+00
13/07/2019,09:00,9,3.491,3.991,19.832,.436,1.320, 1.008E+03, 4.341E+01, 2.186E-03, 3.469E-16, 3.377E+02, 7.590E+01, 2.639E+02, 3.145E+01, 1.854E+02, 1.743E+02, 2.133E-01, 1.000E-01, 1.000E-01, 3.785E-01, 1.000E+00, 8.295E-01, 1.000E+00, 8.059E-01, 9.882E-01, 8.627E-01, 5.699E-01, 3.748E-03, 4.519E-03, 0.000E+00, 4.124E+01, 6.835E+01, 5.000E-03, 1.795E-02, 4.358E+01, 6.680E-03, 1.764E+00
13/07/2019,10:00,9,3.491,3.991,20.377,.406,1.437, 1.008E+03, 3.960E+01, 2.186E-03, 3.469E-16, 3.634E+02, 7.257E+01, 2.665E+02, 3.071E+01, 1.854E+02, 1.743E+02, 8.789E-02, 1.000E-01, 1.000E-01, 3.956E-01, 1.000E+00, 8.291E-01, 1.000E+00, 8.387E-01, 9.200E-01, 8.627E-01, 5.518E-01, 3.636E-03, 4.386E-03, 0.000E+00, 4.124E+01, 6.835E+01, 5.000E-03, 1.741E-02, 4.462E+01, 6.634E-03, 1.132E+00
13/07/2019,11:00,9,3.491,3.991,20.921,.377,1.561, 1.008E+03, 3.837E+01, 2.186E-03, 3.469E-16, 3.713E+02, 7.137E+01, 2.672E+02, 3.042E+01, 1.854E+02, 1.743E+02, 6.330E-02, 1.000E-01, 1.000E-01, 4.007E-01, 1.000E+00, 8.285E-01, 1.000E+00, 8.684E-01, 8.481E-01, 8.627E-01, 5.264E-01, 3.475E-03, 4.194E-03, 0.000E+00, 4.124E+01, 6.835E+01, 5.000E-03, 1.664E-02, 4.622E+01, 6.564E-03, 9.828E-01
13/07/2019,12:00,9,3.491,3.991,21.466,.348,1.691, 1.008E+03, 4.002E+01, 3.783E-03, 3.469E-16, 3.612E+02, 7.306E+01, 2.666E+02, 3.084E+01, 1.147E+02, 1.667E+02, 1.854E-01, 3.548E-01, 1.000E-01, 3.938E-01, 1.000E+00, 8.295E-01, 1.000E+00, 8.951E-01, 7.723E-01, 8.627E-01, 4.947E-01, 3.272E-03, 3.945E-03, 0.000E+00, 1.251E+02, 6.835E+01, 5.000E-03, 1.567E-02, 4.839E+01, 4.624E-03, 8.793E-01
13/07/2019,13:00,9,3.491,3.991,21.519,.347,1.699, 1.007E+03, 4.417E+01, 3.783E-03, 3.469E-16, 3.328E+02, 7.656E+01, 2.636E+02, 3.161E+01, 1.147E+02, 1.667E+02, 7.813E-01, 3.548E-01, 1.000E-01, 3.749E-01, 1.000E+00, 8.296E-01, 1.000E+00, 8.976E-01, 7.677E-01, 8.627E-01, 4.932E-01, 3.262E-03, 3.932E-03, 0.000E+00, 1.252E+02, 6.835E+01, 5.000E-03, 1.562E-02, 4.850E+01, 4.621E-03, 7.555E-01
13/07/2019,14:00,9,3.491,3.991,21.572,.346,1.707, 1.007E+03, 5.008E+01, 3.783E-03, 3.469E-16, 2.889E+02, 7.977E+01, 2.571E+02, 3.203E+01, 1.147E+02, 1.667E+02, 1.449E+00, 3.549E-01, 1.014E-01, 3.434E-01, 1.000E+00, 8.241E-01, 1.000E+00, 9.000E-01, 7.631E-01, 8.627E-01, 4.883E-01, 3.231E-03, 3.920E-03, 0.000E+00, 1.235E+02, 6.742E+01, 5.000E-03, 1.547E-02, 4.886E+01, 4.663E-03, 6.176E-01
13/07/2019,15:00,9,3.491,3.991,21.626,.345,1.715, 1.007E+03, 5.703E+01, 9.353E-04, 3.469E-16, 8.437E+01, 1.276E+02, 1.185E+02, 4.102E+01, 1.157E+01, 1.123E+02, 2.121E+00, 4.891E-01, 1.281E-01, 2.991E-01, 1.000E+00, 8.680E-01, 9.924E-01, 9.024E-01, 7.584E-01, 8.627E-01, 5.125E-01, 3.392E-03, 3.877E-03, 0.000E+00, 1.271E+02, 5.334E+01, 5.000E-03, 1.624E-02, 4.709E+01, 5.368E-03, 4.878E-01
13/07/2019,16:00,9,3.491,3.991,20.419,.423,1.401, 1.008E+03, 6.445E+01, 9.353E-04, 3.469E-16, 6.121E+01, 1.037E+02, 1.043E+02, 3.333E+01, 1.157E+01, 1.123E+02, 2.162E+00, 4.880E-01, 1.306E-01, 2.428E-01, 1.000E+00, 8.044E-01, 9.863E-01, 8.411E-01, 9.413E-01, 8.627E-01, 5.495E-01, 3.621E-03, 4.440E-03, 0.000E+00, 1.246E+02, 5.232E+01, 5.000E-03, 1.734E-02, 4.477E+01, 5.516E-03, 3.921E-01
13/07/2019,17:00,9,3.491,3.991,19.212,.501,1.123, 1.008E+03, 7.189E+01, 9.353E-04, 3.469E-16, 3.739E+01, 7.442E+01, 8.399E+01, 2.386E+01, 1.157E+01, 1.123E+02, 2.277E+00, 4.869E-01, 1.376E-01, 1.774E-01, 1.000E+00, 6.861E-01, 9.684E-01, 7.649E-01, 1.000E+00, 8.627E-01, 4.528E-01, 2.972E-03, 4.194E-03, 0.000E+00, 1.183E+02, 4.968E+01, 5.000E-03, 1.423E-02, 5.201E+01, 5.505E-03, 3.089E-01
13/07/2019,18:00,9,3.491,3.991,18.006,.579,.877, 1.008E+03, 7.899E+01, 0.000E+00, 3.469E-16, 2.141E+01, 4.364E+01, 7.012E+01, 1.408E+01,-1.793E+01, 1.657E+01, 2.456E+00, 1.701E-01, 1.000E-01, 1.094E-01, 1.000E+00, 4.948E-01, 9.441E-01, 6.739E-01, 1.000E+00, 8.627E-01, 2.877E-01, 1.880E-03, 3.588E-03, 0.000E+00, 3.190E+02, 6.835E+01, 5.000E-03, 9.002E-03, 7.142E+01, 3.783E-03, 2.884E-01
13/07/2019,19:00,9,3.491,3.991,16.373,.643,.670, 1.009E+03, 8.542E+01, 0.000E+00, 3.469E-16, 2.341E+00, 1.562E+01, 1.947E+01, 4.819E+00,-1.793E+01, 1.657E+01, 2.411E+00, 1.696E-01, 1.000E-01, 4.577E-02, 1.000E+00, 1.968E-01, 5.510E-01, 5.272E-01, 1.000E+00, 8.627E-01, 8.951E-02, 5.817E-04, 1.629E-03, 0.000E+00, 3.203E+02, 6.835E+01, 5.000E-03, 2.785E-03, 1.284E+02, 3.110E-03, 2.928E-01
13/07/2019,20:00,9,3.491,3.991,14.740,.707,.494, 1.009E+03, 9.085E+01, 0.000E+00, 3.469E-16, 0.000E+00, 0.000E+00, 0.000E+00, 0.000E+00,-1.793E+01, 1.657E+01, 2.368E+00, 1.691E-01, 1.000E-01,-9.990E+02, 1.000E+00,-9.990E+02, 0.000E+00, 0.000E+00, 0.000E+00, 8.627E-01, 0.000E+00, 0.000E+00, 0.000E+00, 0.000E+00, 3.216E+02, 6.835E+01, 5.000E-03, 0.000E+00, 2.000E+02, 2.543E-03, 3.657E-01
13/07/2019,21:00,9,3.491,3.991,13.107,.771,.347, 1.009E+03, 9.499E+01, 0.000E+00, 3.469E-16, 0.000E+00, 0.000E+00, 0.000E+00, 0.000E+00,-7.424E+00, 2.762E+00, 2.325E+00, 1.101E-01, 1.000E-01,-9.990E+02, 1.000E+00,-9.990E+02, 0.000E+00, 0.000E+00, 0.000E+00, 8.627E-01, 0.000E+00, 0.000E+00, 0.000E+00, 0.000E+00, 3.983E+02, 6.835E+01, 5.000E-03, 0.000E+00, 2.000E+02, 2.498E-03, 6.566E-01
13/07/2019,22:00,9,3.491,3.991,12.060,.825,.247, 1.010E+03, 9.755E+01, 0.000E+00, 3.469E-16, 0.000E+00, 0.000E+00, 0.000E+00, 0.000E+00,-7.424E+00, 2.762E+00, 1.805E+00, 1.099E-01, 1.000E-01,-9.990E+02, 1.000E+00,-9.990E+02, 0.000E+00, 0.000E+00, 0.000E+00, 8.627E-01, 0.000E+00, 0.000E+00, 0.000E+00, 0.000E+00, 3.996E+02, 6.835E+01, 5.000E-03, 0.000E+00, 2.000E+02, 2.497E-03, 1.036E+00
13/07/2019,23:00,9,3.491,3.991,11.012,.880,.158, 1.010E+03, 9.834E+01, 0.000E+00, 3.469E-16, 0.000E+00, 0.000E+00, 0.000E+00, 0.000E+00,-7.424E+00, 2.762E+00, 1.287E+00, 1.097E-01, 1.000E-01,-9.990E+02, 1.000E+00,-9.990E+02, 0.000E+00, 0.000E+00, 0.000E+00, 8.627E-01, 0.000E+00, 0.000E+00, 0.000E+00, 0.000E+00, 4.009E+02, 6.835E+01, 6.486E-03, 0.000E+00, 1.542E+02, 2.819E-03, 1.328E+00
14/07/2019,00:00,9,3.491,3.991,9.964,.934,.081, 1.010E+03, 9.730E+01, 0.000E+00, 3.469E-16, 0.000E+00, 0.000E+00, 0.000E+00, 0.000E+00,-3.621E+00, 1.141E+00, 7.713E-01, 1.000E-01, 1.000E-01,-9.990E+02, 1.000E+00,-9.990E+02, 0.000E+00, 0.000E+00, 0.000E+00, 8.627E-01, 0.000E+00, 0.000E+00, 0.000E+00, 0.000E+00, 3.179E+02, 6.835E+01, 1.580E-02, 0.000E+00, 6.329E+01, 3.904E-03, 1.581E+00
14/07/2019,01:00,9,3.491,3.991,9.807,.933,.081, 1.010E+03, 9.451E+01, 0.000E+00, 3.469E-16, 0.000E+00, 0.000E+00, 0.000E+00, 0.000E+00,-3.621E+00, 1.141E+00, 5.700E-01, 1.000E-01, 1.000E-01,-9.990E+02, 1.000E+00,-9.990E+02, 0.000E+00, 0.000E+00, 0.000E+00, 8.627E-01, 0.000E+00, 0.000E+00, 0.000E+00, 0.000E+00, 3.179E+02, 6.835E+01, 1.588E-02, 0.000E+00, 6.295E+01, 3.909E-03, 1.677E+00
14/07/2019,02:00,9,3.491,3.991,9.650,.932,.082, 1.010E+03, 9.019E+01, 0.000E+00, 3.469E-16, 0.000E+00, 0.000E+00, 0.000E+00, 0.000E+00,-3.621E+00, 1.141E+00, 7.344E-01, 1.000E-01, 1.000E-01,-9.990E+02, 1.000E+00,-9.990E+02, 0.000E+00, 0.000E+00, 0.000E+00, 8.514E-01, 0.000E+00, 0.000E+00, 0.000E+00, 0.000E+00, 3.179E+02, 6.835E+01, 1.597E-02, 0.000E+00, 6.261E+01, 3.915E-03, 1.623E+00
14/07/2019,03:00,9,3.491,3.991,9.493,.931,.082, 1.010E+03, 8.460E+01, 0.000E+00, 3.469E-16, 7.960E+00, 2.229E+01, 4.938E+01, 7.098E+00, 3.602E+01, 3.976E+01, 1.113E+00, 1.145E-01, 1.006E-01, 5.393E-02, 1.000E+00, 2.864E-01, 8.688E-01, 1.000E-02, 1.000E+00, 8.514E-01, 2.438E-03, 1.547E-05, 5.512E-05, 0.000E+00, 8.020E+01, 6.792E+01, 1.606E-02, 7.407E-05, 6.198E+01, 4.984E-03, 1.218E+00
14/07/2019,04:00,9,3.491,3.991,11.739,.824,.244, 1.010E+03, 7.806E+01, 0.000E+00, 3.469E-16, 5.087E+01, 4.543E+01, 1.388E+02, 1.586E+01, 3.602E+01, 3.976E+01, 8.461E-01, 1.150E-01, 1.000E-01, 1.185E-01, 1.000E+00, 5.405E-01, 9.967E-01, 1.000E-02, 1.000E+00, 8.514E-01, 4.602E-03, 2.943E-05, 6.374E-05, 0.000E+00, 8.096E+01, 6.835E+01, 5.000E-03, 1.409E-04, 1.945E+02, 2.992E-03, 4.742E-01
14/07/2019,05:00,9,3.491,3.991,13.984,.717,.455, 1.010E+03, 7.090E+01, 0.000E+00, 3.469E-16, 1.117E+02, 6.390E+01, 1.942E+02, 2.349E+01, 3.602E+01, 3.976E+01, 5.803E-01, 1.155E-01, 1.000E-01, 1.865E-01, 1.000E+00, 6.903E-01, 9.997E-01, 2.634E-01, 1.000E+00, 8.514E-01, 1.548E-01, 9.979E-04, 1.445E-03, 0.000E+00, 8.120E+01, 6.835E+01, 5.000E-03, 4.778E-03, 1.023E+02, 4.129E-03, 5.594E-01
14/07/2019,06:00,9,3.491,3.991,16.230,.610,.726, 1.010E+03, 6.345E+01, 0.000E+00, 3.469E-16, 1.775E+02, 7.553E+01, 2.273E+02, 2.872E+01, 1.468E+02, 1.486E+02, 3.171E-01, 2.972E-01, 1.000E-01, 2.509E-01, 1.000E+00, 7.701E-01, 9.999E-01, 5.130E-01, 1.000E+00, 8.514E-01, 3.364E-01, 2.185E-03, 2.837E-03, 0.000E+00, 1.105E+02, 6.835E+01, 5.000E-03, 1.046E-02, 6.467E+01, 4.447E-03, 7.348E-01
14/07/2019,07:00,9,3.491,3.991,18.023,.543,.954, 1.010E+03, 5.609E+01, 0.000E+00, 3.469E-16, 2.406E+02, 8.022E+01, 2.470E+02, 3.141E+01, 1.468E+02, 1.486E+02, 6.600E-01, 2.982E-01, 1.000E-01, 3.056E-01, 1.000E+00, 8.092E-01, 1.000E+00, 6.753E-01, 1.000E+00, 8.514E-01, 4.653E-01, 3.041E-03, 3.758E-03, 0.000E+00, 1.107E+02, 6.835E+01, 5.000E-03, 1.456E-02, 5.112E+01, 4.729E-03, 8.585E-01
14/07/2019,08:00,9,3.491,3.991,19.815,.476,1.225, 1.009E+03, 4.926E+01, 0.000E+00, 3.469E-16, 2.952E+02, 7.956E+01, 2.582E+02, 3.205E+01, 1.468E+02, 1.486E+02, 1.038E+00, 2.992E-01, 1.000E-01, 3.481E-01, 1.000E+00, 8.255E-01, 1.000E+00, 8.048E-01, 1.000E+00, 8.514E-01, 5.657E-01, 3.720E-03, 4.507E-03, 0.000E+00, 1.109E+02, 6.835E+01, 5.000E-03, 1.781E-02, 4.384E+01, 4.895E-03, 8.892E-01
14/07/2019,09:00,9,3.491,3.991,21.607,.409,1.546, 1.009E+03, 4.357E+01, 5.899E-03, 3.469E-16, 3.362E+02, 7.599E+01, 2.635E+02, 3.146E+01, 1.802E+02, 1.882E+02, 1.424E+00, 3.894E-01, 1.011E-01, 3.778E-01, 1.000E+00, 8.294E-01, 1.000E+00, 9.015E-01, 8.566E-01, 8.514E-01, 5.453E-01, 3.608E-03, 4.350E-03, 0.000E+00, 1.207E+02, 6.761E+01, 5.000E-03, 1.728E-02, 4.489E+01, 4.773E-03, 9.521E-01
14/07/2019,10:00,9,3.491,3.991,22.153,.393,1.643, 1.009E+03, 3.975E+01, 5.899E-03, 3.469E-16, 3.620E+02, 7.270E+01, 2.662E+02, 3.072E+01, 1.802E+02, 1.882E+02, 1.521E+00, 3.898E-01, 1.080E-01, 3.949E-01, 1.000E+00, 8.290E-01, 1.000E+00, 9.245E-01, 8.004E-01, 8.514E-01, 5.223E-01, 3.462E-03, 4.176E-03, 0.000E+00, 1.131E+02, 6.330E+01, 5.000E-03, 1.658E-02, 4.635E+01, 4.988E-03, 7.995E-01
14/07/2019,11:00,9,3.491,3.991,22.698,.377,1.744, 1.009E+03, 3.853E+01, 5.899E-03, 3.469E-16, 3.699E+02, 7.150E+01, 2.669E+02, 3.044E+01, 1.802E+02, 1.882E+02, 1.619E+00, 3.902E-01, 1.149E-01, 4.000E-01, 1.000E+00, 8.284E-01, 1.000E+00, 9.444E-01, 7.416E-01, 8.514E-01, 4.940E-01, 3.281E-03, 3.960E-03, 0.000E+00, 1.063E+02, 5.949E+01, 5.000E-03, 1.571E-02, 4.829E+01, 5.176E-03, 7.649E-01
14/07/2019,12:00,9,3.491,3.991,23.244,.361,1.850, 1.008E+03, 4.016E+01, 1.564E-01, 3.469E-16, 3.592E+02, 7.303E+01, 2.658E+02, 3.080E+01, 9.495E+01, 1.577E+02, 1.717E+00, 4.035E-01, 1.150E-01, 3.932E-01, 1.000E+00, 8.290E-01, 1.000E+00, 9.612E-01, 6.799E-01, 8.514E-01, 4.613E-01, 3.070E-03, 3.703E-03, 0.000E+00, 1.174E+02, 5.944E+01, 5.000E-03, 1.470E-02, 5.077E+01, 4.994E-03, 7.626E-01
14/07/2019,13:00,9,3.491,3.991,22.082,.484,1.389, 1.009E+03, 4.430E+01, 1.564E-01, 3.469E-16, 3.309E+02, 7.649E+01, 2.627E+02, 3.155E+01, 9.495E+01, 1.577E+02, 8.274E-01, 4.027E-01, 1.000E-01, 3.742E-01, 1.000E+00, 8.290E-01, 1.000E+00, 9.217E-01, 9.481E-01, 8.514E-01, 6.168E-01, 4.088E-03, 4.931E-03, 0.000E+00, 1.349E+02, 6.835E+01, 5.000E-03, 1.957E-02, 4.070E+01, 4.705E-03, 7.417E-01
14/07/2019,14:00,9,3.491,3.991,20.919,.608,.983, 1.009E+03, 5.021E+01, 1.564E-01, 3.469E-16, 2.871E+02, 7.963E+01, 2.562E+02, 3.195E+01, 9.495E+01, 1.577E+02, 2.234E-01, 4.019E-01, 1.000E-01, 3.427E-01, 1.000E+00, 8.233E-01, 1.000E+00, 8.683E-01, 1.000E+00, 8.514E-01, 6.087E-01, 4.018E-03, 4.880E-03, 0.000E+00, 1.348E+02, 6.835E+01, 5.000E-03, 1.924E-02, 4.126E+01, 4.693E-03, 6.671E-01
14/07/2019,15:00,9,3.491,3.991,19.757,.731,.627, 1.009E+03, 5.715E+01, 2.010E-01, 3.469E-16, 5.168E+01, 1.255E+02, 8.701E+01, 3.938E+01, 1.874E+01, 8.471E+01, 1.021E+00, 1.616E-01, 1.000E-01, 2.983E-01, 1.000E+00, 8.528E-01, 9.721E-01, 8.012E-01, 1.000E+00, 8.514E-01, 5.817E-01, 3.825E-03, 4.360E-03, 0.000E+00, 1.150E+02, 6.835E+01, 5.000E-03, 1.831E-02, 4.290E+01, 4.863E-03, 5.633E-01
14/07/2019,16:00,9,3.491,3.991,19.268,.782,.492, 1.009E+03, 6.457E+01, 2.010E-01, 3.469E-16, 3.742E+01, 1.002E+02, 7.502E+01, 3.146E+01, 1.874E+01, 8.471E+01, 9.891E-01, 1.614E-01, 1.000E-01, 2.418E-01, 1.000E+00, 7.811E-01, 9.543E-01, 7.688E-01, 1.000E+00, 8.514E-01, 5.112E-01, 3.356E-03, 4.100E-03, 0.000E+00, 1.149E+02, 6.835E+01, 5.000E-03, 1.607E-02, 4.747E+01, 4.758E-03, 4.780E-01
14/07/2019,17:00,9,3.491,3.991,18.778,.833,.366, 1.009E+03, 7.201E+01, 2.010E-01, 3.469E-16, 2.277E+01, 7.023E+01, 5.889E+01, 2.204E+01, 1.874E+01, 8.471E+01, 9.588E-01, 1.613E-01, 1.000E-01, 1.763E-01, 1.000E+00, 6.516E-01, 9.113E-01, 7.339E-01, 1.000E+00, 8.514E-01, 4.072E-01, 2.668E-03, 3.732E-03, 0.000E+00, 1.149E+02, 6.835E+01, 5.000E-03, 1.278E-02, 5.626E+01, 4.567E-03, 4.319E-01
14/07/2019,18:00,9,3.491,3.991,18.289,.884,.246, 1.009E+03, 7.911E+01, 0.000E+00, 3.469E-16, 3.821E+00, 3.130E+01, 1.971E+01, 9.598E+00,-4.475E+00,-1.494E+00, 9.303E-01, 1.000E-01, 1.000E-01, 1.082E-01, 1.000E+00, 3.510E-01, 5.555E-01, 6.966E-01, 1.000E+00, 8.514E-01, 2.082E-01, 1.362E-03, 2.155E-03, 0.000E+00, 3.535E+02, 6.835E+01, 6.886E-03, 6.521E-03, 7.459E+01, 3.694E-03, 4.501E-01
14/07/2019,19:00,9,3.491,3.991,17.139,.918,.161, 1.008E+03, 8.555E+01, 0.000E+00, 3.469E-16, 3.882E-01, 9.066E+00, 5.251E+00, 2.750E+00,-4.475E+00,-1.494E+00, 1.057E+00, 1.000E-01, 1.000E-01, 4.447E-02, 1.000E+00, 1.108E-01, 1.942E-01, 5.994E-01, 1.000E+00, 8.514E-01, 5.657E-02, 3.687E-04, 6.461E-04, 0.000E+00, 3.535E+02, 6.835E+01, 9.983E-03, 1.765E-03, 8.512E+01, 3.555E-03, 5.750E-01
14/07/2019,20:00,9,3.491,3.991,15.990,.953,.087, 1.008E+03, 9.099E+01, 0.000E+00, 3.469E-16, 0.000E+00, 0.000E+00, 0.000E+00, 0.000E+00,-4.475E+00,-1.494E+00, 1.278E+00, 1.000E-01, 1.000E-01,-9.990E+02, 1.000E+00,-9.990E+02, 0.000E+00, 0.000E+00, 0.000E+00, 8.514E-01, 0.000E+00, 0.000E+00, 0.000E+00, 0.000E+00, 3.535E+02, 6.835E+01, 1.806E-02, 0.000E+00, 5.538E+01, 3.976E-03, 7.130E-01
14/07/2019,21:00,9,3.491,3.991,14.841,.987,.022, 1.008E+03, 9.513E+01, 3.231E-01, 3.469E-16, 0.000E+00, 0.000E+00, 0.000E+00, 0.000E+00,-3.610E+00,-4.270E+00, 1.554E+00, 1.000E-01, 1.000E-01,-9.990E+02, 1.000E+00,-9.990E+02, 0.000E+00, 0.000E+00, 0.000E+00, 8.514E-01, 0.000E+00, 0.000E+00, 0.000E+00, 0.000E+00, 3.178E+02, 6.835E+01, 2.837E-02, 0.000E+00, 3.525E+01, 4.384E-03, 1.055E+00
14/07/2019,22:00,9,3.491,3.991,14.557,.987,.022, 1.008E+03, 9.770E+01, 3.231E-01, 3.469E-16, 0.000E+00, 0.000E+00, 0.000E+00, 0.000E+00,-3.610E+00,-4.270E+00, 1.557E+00, 1.000E-01, 1.000E-01,-9.990E+02, 1.000E+00,-9.990E+02, 0.000E+00, 0.000E+00, 0.000E+00, 8.514E-01, 0.000E+00, 0.000E+00, 0.000E+00, 0.000E+00, 3.178E+02, 6.835E+01, 2.854E-02, 0.000E+00, 3.504E+01, 4.388E-03, 1.325E+00
14/07/2019,23:00,9,3.491,3.991,14.273,.986,.023, 1.008E+03, 9.849E+01, 3.231E-01, 3.469E-16, 0.000E+00, 0.000E+00, 0.000E+00, 0.000E+00,-3.610E+00,-4.270E+00, 1.627E+00, 1.000E-01, 1.000E-01,-9.990E+02, 1.000E+00,-9.990E+02, 0.000E+00, 0.000E+00, 0.000E+00, 8.514E-01, 0.000E+00, 0.000E+00, 0.000E+00, 0.000E+00, 3.178E+02, 6.835E+01, 2.872E-02, 0.000E+00, 3.482E+01, 4.393E-03, 1.384E+00
15/07/2019,00:00,9,3.491,3.991,13.989,.986,.023, 1.008E+03, 9.746E+01, 6.030E-04, 3.469E-16, 0.000E+00, 0.000E+00, 0.000E+00, 0.000E+00, 1.678E+01,-7.587E+00, 1.756E+00, 1.000E-01, 1.509E-01,-9.990E+02, 1.000E+00,-9.990E+02, 0.000E+00, 0.000E+00, 0.000E+00, 8.514E-01, 0.000E+00, 0.000E+00, 0.000E+00, 0.000E+00, 5.836E+01, 4.528E+01, 2.890E-02, 0.000E+00, 3.460E+01, 7.647E-03, 1.492E+00
15/07/2019,01:00,9,3.491,3.991,13.478,.986,.021, 1.007E+03, 9.467E+01, 6.030E-04, 3.469E-16, 0.000E+00, 0.000E+00, 0.000E+00, 0.000E+00, 1.678E+01,-7.587E+00, 1.381E+00, 1.000E-01, 1.187E-01,-9.990E+02, 1.000E+00,-9.990E+02, 0.000E+00, 0.000E+00, 0.000E+00, 8.514E-01, 0.000E+00, 0.000E+00, 0.000E+00, 0.000E+00, 7.421E+01, 5.759E+01, 2.924E-02, 0.000E+00, 3.420E+01, 6.390E-03, 1.638E+00
15/07/2019,02:00,9,3.491,3.991,12.966,.987,.020, 1.007E+03, 9.034E+01, 6.030E-04, 3.469E-16, 0.000E+00, 0.000E+00, 0.000E+00, 0.000E+00, 1.678E+01,-7.587E+00, 1.104E+00, 1.000E-01, 1.000E-01,-9.990E+02, 1.000E+00,-9.990E+02, 0.000E+00, 0.000E+00, 0.000E+00, 8.356E-01, 0.000E+00, 0.000E+00, 0.000E+00, 0.000E+00, 8.808E+01, 6.835E+01, 2.960E-02, 0.000E+00, 3.378E+01, 5.589E-03, 1.560E+00
15/07/2019,03:00,9,3.491,3.991,12.455,.987,.018, 1.007E+03, 8.475E+01, 2.600E-01, 3.469E-16, 9.934E-01, 1.282E+01, 9.341E+00, 3.912E+00, 3.730E+01, 2.364E+01, 1.011E+00, 2.935E-01, 1.000E-01, 5.241E-02, 1.000E+00, 1.575E-01, 3.190E-01, 6.398E-02, 1.000E+00, 8.356E-01, 8.422E-03, 5.400E-05, 1.093E-04, 0.000E+00, 1.346E+02, 6.835E+01, 2.999E-02, 2.585E-04, 3.306E+01, 4.883E-03, 1.401E+00
15/07/2019,04:00,9,3.491,3.991,12.847,.964,.054, 1.007E+03, 7.821E+01, 2.600E-01, 3.469E-16, 6.733E+00, 3.837E+01, 2.833E+01, 1.185E+01, 3.730E+01, 2.364E+01, 1.406E+00, 2.937E-01, 1.000E-01, 1.170E-01, 1.000E+00, 4.212E-01, 6.881E-01, 1.174E-01, 1.000E+00, 8.356E-01, 4.132E-02, 2.653E-04, 4.334E-04, 0.000E+00, 1.346E+02, 6.835E+01, 2.231E-02, 1.270E-03, 4.240E+01, 4.669E-03, 8.629E-01
15/07/2019,05:00,9,3.491,3.991,13.240,.941,.091, 1.006E+03, 7.105E+01, 2.600E-01, 3.469E-16, 1.495E+01, 6.795E+01, 4.405E+01, 2.104E+01, 3.730E+01, 2.364E+01, 1.802E+00, 2.940E-01, 1.209E-01, 1.852E-01, 1.000E+00, 6.268E-01, 8.367E-01, 1.692E-01, 1.000E+00, 8.356E-01, 8.864E-02, 5.699E-04, 7.607E-04, 0.000E+00, 1.114E+02, 5.656E+01, 1.661E-02, 2.729E-03, 5.172E+01, 5.158E-03, 6.017E-01
15/07/2019,06:00,9,3.491,3.991,13.632,.917,.130, 1.006E+03, 6.360E+01, 1.400E+00, 3.469E-16, 2.384E+01, 9.598E+01, 5.653E+01, 2.972E+01, 3.700E+01, 1.299E+02, 2.198E+00, 3.400E-01, 1.434E-01, 2.497E-01, 1.000E+00, 7.546E-01, 9.022E-01, 2.195E-01, 1.000E+00, 8.356E-01, 1.384E-01, 8.912E-04, 1.065E-03, 0.000E+00, 9.869E+01, 4.768E+01, 1.072E-02, 4.267E-03, 6.673E+01, 5.316E-03, 6.147E-01
15/07/2019,07:00,9,3.491,3.991,14.184,.925,.123, 1.006E+03, 5.623E+01, 1.400E+00, 3.469E-16, 3.237E+01, 1.198E+02, 6.618E+01, 3.706E+01, 3.700E+01, 1.299E+02, 2.296E+00, 3.403E-01, 1.497E-01, 3.046E-01, 1.000E+00, 8.285E-01, 9.343E-01, 2.877E-01, 1.000E+00, 8.356E-01, 1.992E-01, 1.285E-03, 1.449E-03, 0.000E+00, 9.453E+01, 4.566E+01, 1.221E-02, 6.151E-03, 5.446E+01, 5.858E-03, 6.928E-01
15/07/2019,08:00,9,3.491,3.991,14.737,.932,.115, 1.006E+03, 4.941E+01, 1.400E+00, 3.469E-16, 3.977E+01, 1.381E+02, 7.327E+01, 4.271E+01, 3.700E+01, 1.299E+02, 2.401E+00, 3.407E-01, 1.565E-01, 3.472E-01, 1.000E+00, 8.703E-01, 9.509E-01, 3.527E-01, 1.000E+00, 8.356E-01, 2.565E-01, 1.658E-03, 1.811E-03, 0.000E+00, 9.044E+01, 4.367E+01, 1.392E-02, 7.937E-03, 4.576E+01, 6.372E-03, 6.942E-01
15/07/2019,09:00,9,3.491,3.991,15.289,.939,.106, 1.006E+03, 4.373E+01, 1.605E+00, 3.469E-16, 4.053E+00, 9.908E+01, 3.276E+01, 2.996E+01, 1.406E+01, 1.386E+02, 2.512E+00, 5.132E-01, 1.519E-01, 3.770E-01, 1.000E+00, 7.203E-01, 7.401E-01, 4.147E-01, 1.000E+00, 8.356E-01, 2.496E-01, 1.616E-03, 1.661E-03, 0.000E+00, 1.070E+02, 4.500E+01, 1.376E-02, 7.738E-03, 4.652E+01, 6.100E-03, 7.201E-01
15/07/2019,10:00,9,3.491,3.991,14.601,.959,.069, 1.005E+03, 3.992E+01, 1.605E+00, 3.469E-16, 4.366E+00, 1.044E+02, 3.442E+01, 3.157E+01, 1.406E+01, 1.386E+02, 2.962E+00, 5.127E-01, 1.791E-01, 3.943E-01, 1.000E+00, 7.389E-01, 7.572E-01, 3.371E-01, 1.000E+00, 8.356E-01, 2.081E-01, 1.344E-03, 1.378E-03, 0.000E+00, 9.078E+01, 3.817E+01, 2.005E-02, 6.437E-03, 3.775E+01, 7.282E-03, 6.839E-01
15/07/2019,11:00,9,3.491,3.991,13.913,.978,.036, 1.005E+03, 3.869E+01, 1.605E+00, 3.469E-16, 4.462E+00, 1.060E+02, 3.491E+01, 3.205E+01, 1.406E+01, 1.386E+02, 3.414E+00, 5.121E-01, 2.064E-01, 3.994E-01, 1.000E+00, 7.443E-01, 7.621E-01, 2.546E-01, 1.000E+00, 8.356E-01, 1.584E-01, 1.021E-03, 1.045E-03, 0.000E+00, 7.876E+01, 3.312E+01, 2.509E-02, 4.886E-03, 3.335E+01, 8.350E-03, 6.874E-01
15/07/2019,12:00,9,3.491,3.991,13.225,.997,.005, 1.005E+03, 4.032E+01, 1.366E+00, 3.469E-16, 3.243E+02, 6.610E+01, 2.405E+02, 2.787E+01, 6.034E+00, 9.793E+01, 3.866E+00, 5.043E-01, 2.316E-01, 3.925E-01, 1.000E+00, 8.069E-01, 9.999E-01, 1.673E-01, 1.000E+00, 8.356E-01, 1.128E-01, 7.254E-04, 8.990E-04, 0.000E+00, 7.146E+01, 2.951E+01, 3.394E-02, 3.473E-03, 2.673E+01, 9.626E-03, 6.403E-01
15/07/2019,13:00,9,3.491,3.991,12.667,.982,.026, 1.005E+03, 4.444E+01, 1.366E+00, 3.469E-16, 2.987E+02, 6.920E+01, 2.378E+02, 2.854E+01, 6.034E+00, 9.793E+01, 3.699E+00, 5.038E-01, 2.216E-01, 3.735E-01, 1.000E+00, 8.063E-01, 9.999E-01, 9.306E-02, 1.000E+00, 8.356E-01, 6.270E-02, 4.023E-04, 4.989E-04, 0.000E+00, 7.469E+01, 3.085E+01, 2.983E-02, 1.926E-03, 3.149E+01, 8.918E-03, 6.313E-01
15/07/2019,14:00,9,3.491,3.991,12.110,.967,.046, 1.005E+03, 5.034E+01, 1.366E+00, 3.469E-16, 2.590E+02, 7.200E+01, 2.318E+02, 2.889E+01, 6.034E+00, 9.793E+01, 3.576E+00, 5.032E-01, 2.142E-01, 3.419E-01, 1.000E+00, 7.994E-01, 9.999E-01, 1.560E-02, 1.000E+00, 8.356E-01, 1.042E-02, 6.671E-05, 8.345E-05, 0.000E+00, 7.725E+01, 3.191E+01, 2.455E-02, 3.194E-04, 4.020E+01, 8.090E-03, 5.741E-01
15/07/2019,15:00,9,3.491,3.991,11.552,.953,.065, 1.005E+03, 5.728E+01, 2.077E-02, 3.469E-16, 2.245E+02, 7.757E+01, 2.379E+02, 3.024E+01, 6.483E+00, 1.039E+02, 3.502E+00, 4.653E-01, 2.104E-01, 2.974E-01, 1.000E+00, 7.975E-01, 9.999E-01, 1.000E-02, 1.000E+00, 8.356E-01, 6.664E-03, 4.259E-05, 6.391E-05, 0.000E+00, 7.821E+01, 3.248E+01, 2.162E-02, 2.039E-04, 4.583E+01, 7.652E-03, 4.675E-01
15/07/2019,16:00,9,3.491,3.991,11.678,.929,.098, 1.005E+03, 6.469E+01, 2.077E-02, 3.469E-16, 1.623E+02, 7.198E+01, 2.171E+02, 2.725E+01, 6.483E+00, 1.039E+02, 3.189E+00, 4.655E-01, 1.916E-01, 2.408E-01, 1.000E+00, 7.525E-01, 9.999E-01, 1.000E-02, 1.000E+00, 8.356E-01, 6.288E-03, 4.021E-05, 6.393E-05, 0.000E+00, 8.588E+01, 3.567E+01, 1.403E-02, 1.925E-04, 7.030E+01, 6.116E-03, 4.457E-01
15/07/2019,17:00,9,3.491,3.991,11.803,.905,.132, 1.005E+03, 7.213E+01, 2.077E-02, 3.469E-16, 9.840E+01, 5.950E+01, 1.821E+02, 2.173E+01, 6.483E+00, 1.039E+02, 2.899E+00, 4.656E-01, 1.742E-01, 1.752E-01, 1.000E+00, 6.625E-01, 9.994E-01, 1.000E-02, 1.000E+00, 8.356E-01, 5.536E-03, 3.541E-05, 6.393E-05, 0.000E+00, 9.448E+01, 3.924E+01, 1.051E-02, 1.695E-04, 9.366E+01, 5.097E-03, 3.956E-01
15/07/2019,18:00,9,3.491,3.991,11.929,.881,.166, 1.004E+03, 7.924E+01, 1.425E-04, 3.469E-16, 4.167E+01, 4.142E+01, 1.259E+02, 1.430E+01,-2.820E+01, 2.892E+01, 2.639E+00, 3.555E-01, 1.357E-01, 1.069E-01, 1.000E+00, 5.034E-01, 9.944E-01, 1.000E-02, 1.000E+00, 8.356E-01, 4.206E-03, 2.692E-05, 6.364E-05, 0.000E+00, 1.432E+02, 5.036E+01, 7.869E-03, 1.289E-04, 1.250E+02, 3.866E-03, 3.793E-01
15/07/2019,19:00,9,3.491,3.991,11.573,.883,.160, 1.004E+03, 8.569E+01, 1.425E-04, 3.469E-16, 3.923E+00, 1.783E+01, 3.163E+01, 5.564E+00,-2.820E+01, 2.892E+01, 2.809E+00, 3.553E-01, 1.444E-01, 4.310E-02, 1.000E+00, 2.271E-01, 7.278E-01, 1.000E-02, 1.000E+00, 8.356E-01, 1.898E-03, 1.213E-05, 4.652E-05, 0.000E+00, 1.347E+02, 4.732E+01, 7.947E-03, 5.807E-05, 1.249E+02, 3.992E-03, 3.720E-01
15/07/2019,20:00,9,3.491,3.991,11.218,.885,.154, 1.004E+03, 9.114E+01, 1.425E-04, 3.469E-16, 0.000E+00, 0.000E+00, 0.000E+00, 0.000E+00,-2.820E+01, 2.892E+01, 3.074E+00, 3.552E-01, 1.580E-01,-9.990E+02, 1.000E+00,-9.990E+02, 0.000E+00, 0.000E+00, 0.000E+00, 8.356E-01, 0.000E+00, 0.000E+00, 0.000E+00, 0.000E+00, 1.231E+02, 4.325E+01, 1.178E-02, 0.000E+00, 8.489E+01, 5.008E-03, 4.005E-01
15/07/2019,21:00,9,3.491,3.991,10.862,.886,.149, 1.003E+03, 9.529E+01, 1.425E-04, 3.469E-16, 0.000E+00, 0.000E+00, 0.000E+00, 0.000E+00,-5.326E+01, 2.429E+01, 3.413E+00, 4.453E-01, 1.764E-01,-9.990E+02, 1.000E+00,-9.990E+02, 0.000E+00, 0.000E+00, 0.000E+00, 8.356E-01, 0.000E+00, 0.000E+00, 0.000E+00, 0.000E+00, 1.096E+02, 3.874E+01, 7.516E-03, 0.000E+00, 1.331E+02, 4.241E-03, 3.949E-01
15/07/2019,22:00,9,3.491,3.991,10.698,.878,.158, 1.003E+03, 9.786E+01, 1.425E-04, 3.469E-16, 0.000E+00, 0.000E+00, 0.000E+00, 0.000E+00,-5.326E+01, 2.429E+01, 3.486E+00, 4.453E-01, 1.802E-01,-9.990E+02, 1.000E+00,-9.990E+02, 0.000E+00, 0.000E+00, 0.000E+00, 8.356E-01, 0.000E+00, 0.000E+00, 0.000E+00, 0.000E+00, 1.074E+02, 3.794E+01, 6.548E-03, 0.000E+00, 1.527E+02, 3.947E-03, 3.991E-01
15/07/2019,23:00,9,3.491,3.991,10.534,.869,.167, 1.002E+03, 9.866E+01, 1.425E-04, 3.469E-16, 0.000E+00, 0.000E+00, 0.000E+00, 0.000E+00,-5.326E+01, 2.429E+01, 3.560E+00, 4.452E-01, 1.840E-01,-9.990E+02, 1.000E+00,-9.990E+02, 0.000E+00, 0.000E+00, 0.000E+00, 8.356E-01, 0.000E+00, 0.000E+00, 0.000E+00, 0.000E+00, 1.052E+02, 3.715E+01, 5.706E-03, 0.000E+00, 1.753E+02, 3.652E-03, 3.838E-01
16/07/2019,00:00,9,3.491,3.991,10.369,.860,.176, 1.002E+03, 9.762E+01, 1.184E-03, 3.469E-16, 0.000E+00, 0.000E+00, 0.000E+00, 0.000E+00,-3.785E+01, 1.441E+01, 3.636E+00, 4.679E-01, 1.978E-01,-9.990E+02, 1.000E+00,-9.990E+02, 0.000E+00, 0.000E+00, 0.000E+00, 8.356E-01, 0.000E+00, 0.000E+00, 0.000E+00, 0.000E+00, 9.288E+01, 3.455E+01, 5.735E-03, 0.000E+00, 1.744E+02, 3.766E-03, 3.749E-01
16/07/2019,01:00,9,3.491,3.991,10.494,.847,.195, 1.002E+03, 9.484E+01, 1.184E-03, 3.469E-16, 0.000E+00, 0.000E+00, 0.000E+00, 0.000E+00,-3.785E+01, 1.441E+01, 3.588E+00, 4.681E-01, 1.953E-01,-9.990E+02, 1.000E+00,-9.990E+02, 0.000E+00, 0.000E+00, 0.000E+00, 8.356E-01, 0.000E+00, 0.000E+00, 0.000E+00, 0.000E+00, 9.409E+01, 3.500E+01, 5.000E-03, 0.000E+00, 2.000E+02, 3.420E-03, 3.654E-01
16/07/2019,02:00,9,3.491,3.991,10.618,.833,.214, 1.001E+03, 9.050E+01, 1.184E-03, 3.469E-16, 0.000E+00, 0.000E+00, 0.000E+00, 0.000E+00,-3.785E+01, 1.441E+01, 3.643E+00, 4.683E-01, 1.983E-01,-9.990E+02, 1.000E+00,-9.990E+02, 0.000E+00, 0.000E+00, 0.000E+00, 8.297E-01, 0.000E+00, 0.000E+00, 0.000E+00, 0.000E+00, 9.266E+01, 3.447E+01, 5.000E-03, 0.000E+00, 2.000E+02, 3.437E-03, 3.794E-01
16/07/2019,03:00,9,3.491,3.991,10.742,.819,.234, 1.001E+03, 8.491E+01, 2.383E-01, 3.469E-16, 3.432E-01, 9.325E+00, 4.760E+00, 2.826E+00, 7.597E+00, 4.776E+01, 3.796E+00, 6.172E-01, 2.268E-01, 5.084E-02, 1.000E+00, 1.132E-01, 1.778E-01, 1.000E-02, 1.000E+00, 8.297E-01, 9.393E-04, 5.986E-06, 1.133E-05, 0.000E+00, 7.334E+01, 3.014E+01, 5.000E-03, 2.866E-05, 1.989E+02, 3.601E-03, 3.856E-01
16/07/2019,04:00,9,3.491,3.991,11.154,.826,.232, 1.000E+03, 7.837E+01, 2.383E-01, 3.469E-16, 2.473E+00, 2.994E+01, 1.526E+01, 9.127E+00, 7.597E+00, 4.776E+01, 4.078E+00, 6.179E-01, 2.437E-01, 1.155E-01, 1.000E+00, 3.307E-01, 4.661E-01, 1.000E-02, 1.000E+00, 8.297E-01, 2.744E-03, 1.751E-05, 2.975E-05, 0.000E+00, 6.827E+01, 2.805E+01, 5.000E-03, 8.384E-05, 1.967E+02, 3.703E-03, 3.221E-01
16/07/2019,05:00,9,3.491,3.991,11.566,.832,.230, 9.997E+02, 7.120E+01, 2.383E-01, 3.469E-16, 5.548E+00, 5.449E+01, 2.524E+01, 1.663E+01, 7.597E+00, 4.776E+01, 4.390E+00, 6.185E-01, 2.623E-01, 1.838E-01, 1.000E+00, 5.230E-01, 6.458E-01, 1.000E-02, 1.000E+00, 8.297E-01, 4.340E-03, 2.774E-05, 4.128E-05, 0.000E+00, 6.342E+01, 2.606E+01, 5.000E-03, 1.328E-04, 1.948E+02, 3.803E-03, 3.343E-01
16/07/2019,06:00,9,3.491,3.991,11.978,.838,.228, 9.990E+02, 6.375E+01, 4.226E-01, 3.469E-16, 1.640E+02, 7.009E+01, 2.121E+02, 2.666E+01, 6.512E+00, 1.088E+02, 4.726E+00, 5.495E-01, 2.827E-01, 2.485E-01, 1.000E+00, 7.489E-01, 9.998E-01, 1.000E-02, 1.000E+00, 8.297E-01, 6.214E-03, 3.977E-05, 6.400E-05, 0.000E+00, 5.869E+01, 2.418E+01, 5.000E-03, 1.904E-04, 1.927E+02, 3.908E-03, 3.785E-01
16/07/2019,07:00,9,3.491,3.991,12.829,.828,.256, 9.989E+02, 5.639E+01, 4.226E-01, 3.469E-16, 2.230E+02, 7.466E+01, 2.307E+02, 2.923E+01, 6.512E+00, 1.088E+02, 3.123E+00, 5.503E-01, 1.868E-01, 3.036E-01, 1.000E+00, 7.907E-01, 9.999E-01, 1.150E-01, 1.000E+00, 8.297E-01, 7.543E-02, 4.843E-04, 6.124E-04, 0.000E+00, 8.881E+01, 3.658E+01, 5.000E-03, 2.319E-03, 1.366E+02, 4.305E-03, 4.536E-01
16/07/2019,08:00,9,3.491,3.991,13.681,.817,.288, 9.988E+02, 4.957E+01, 4.226E-01, 3.469E-16, 2.742E+02, 7.418E+01, 2.413E+02, 2.989E+01, 6.512E+00, 1.088E+02, 2.342E+00, 5.512E-01, 1.401E-01, 3.463E-01, 1.000E+00, 8.088E-01, 1.000E+00, 2.258E-01, 1.000E+00, 8.297E-01, 1.515E-01, 9.755E-04, 1.206E-03, 0.000E+00, 1.185E+02, 4.879E+01, 5.000E-03, 4.670E-03, 1.034E+02, 4.329E-03, 5.460E-01
16/07/2019,09:00,9,3.491,3.991,14.533,.807,.322, 9.987E+02, 4.389E+01, 1.068E-01, 3.469E-16, 1.357E+02, 1.547E+02, 1.442E+02, 5.007E+01, 9.371E+01, 2.035E+02, 3.086E+00, 5.881E-01, 1.943E-01, 3.762E-01, 1.000E+00, 9.194E-01, 9.973E-01, 3.291E-01, 1.000E+00, 8.297E-01, 2.511E-01, 1.622E-03, 1.759E-03, 0.000E+00, 7.752E+01, 3.517E+01, 5.000E-03, 7.763E-03, 7.835E+01, 5.914E-03, 7.077E-01
16/07/2019,10:00,9,3.491,3.991,15.554,.720,.498, 9.995E+02, 4.008E+01, 1.068E-01, 3.469E-16, 1.462E+02, 1.602E+02, 1.474E+02, 5.184E+01, 9.371E+01, 2.035E+02, 3.400E+00, 5.889E-01, 2.141E-01, 3.935E-01, 1.000E+00, 9.272E-01, 9.977E-01, 4.432E-01, 1.000E+00, 8.297E-01, 3.410E-01, 2.210E-03, 2.378E-03, 0.000E+00, 7.039E+01, 3.193E+01, 5.000E-03, 1.058E-02, 6.418E+01, 6.823E-03, 7.656E-01
16/07/2019,11:00,9,3.491,3.991,16.574,.634,.696, 1.000E+03, 3.885E+01, 1.068E-01, 3.469E-16, 1.494E+02, 1.617E+02, 1.483E+02, 5.233E+01, 9.371E+01, 2.035E+02, 3.850E+00, 5.898E-01, 2.424E-01, 3.987E-01, 1.000E+00, 9.292E-01, 9.978E-01, 5.467E-01, 1.000E+00, 8.297E-01, 4.215E-01, 2.742E-03, 2.944E-03, 0.000E+00, 6.220E+01, 2.820E+01, 5.000E-03, 1.313E-02, 5.517E+01, 7.817E-03, 8.091E-01
16/07/2019,12:00,9,3.491,3.991,17.595,.547,.918, 1.001E+03, 4.047E+01, 1.594E-01, 3.469E-16, 2.149E+02, 1.343E+02, 1.870E+02, 4.574E+01, 5.639E+01, 1.441E+02, 4.395E+00, 5.584E-01, 2.731E-01, 3.919E-01, 1.000E+00, 9.072E-01, 9.995E-01, 6.396E-01, 1.000E+00, 8.297E-01, 4.814E-01, 3.142E-03, 3.462E-03, 0.000E+00, 5.653E+01, 2.503E+01, 5.000E-03, 1.504E-02, 4.989E+01, 8.716E-03, 7.518E-01
16/07/2019,13:00,9,3.491,3.991,17.363,.556,.887, 1.002E+03, 4.459E+01, 1.594E-01, 3.469E-16, 1.979E+02, 1.311E+02, 1.835E+02, 4.461E+01, 5.639E+01, 1.441E+02, 4.002E+00, 5.579E-01, 2.487E-01, 3.728E-01, 1.000E+00, 8.997E-01, 9.995E-01, 6.194E-01, 1.000E+00, 8.297E-01, 4.624E-01, 3.016E-03, 3.350E-03, 0.000E+00, 6.207E+01, 2.748E+01, 5.000E-03, 1.444E-02, 5.145E+01, 8.154E-03, 6.882E-01
16/07/2019,14:00,9,3.491,3.991,17.131,.565,.856, 1.003E+03, 5.048E+01, 1.594E-01, 3.469E-16, 1.715E+02, 1.244E+02, 1.770E+02, 4.224E+01, 5.639E+01, 1.441E+02, 3.620E+00, 5.575E-01, 2.250E-01, 3.411E-01, 1.000E+00, 8.838E-01, 9.993E-01, 5.987E-01, 1.000E+00, 8.297E-01, 4.391E-01, 2.861E-03, 3.235E-03, 0.000E+00, 6.861E+01, 3.038E+01, 5.000E-03, 1.370E-02, 5.348E+01, 7.565E-03, 6.121E-01
16/07/2019,15:00,9,3.491,3.991,16.900,.574,.826, 1.003E+03, 5.741E+01, 0.000E+00, 3.469E-16, 2.217E+02, 7.684E+01, 2.357E+02, 2.995E+01, 1.049E+01, 1.022E+02, 3.252E+00, 5.379E-01, 1.955E-01, 2.965E-01, 1.000E+00, 7.947E-01, 9.999E-01, 5.775E-01, 1.000E+00, 8.297E-01, 3.808E-01, 2.479E-03, 3.120E-03, 0.000E+00, 8.411E+01, 3.497E+01, 5.000E-03, 1.187E-02, 5.928E+01, 6.639E-03, 5.219E-01
16/07/2019,16:00,9,3.491,3.991,16.396,.602,.748, 1.004E+03, 6.482E+01, 0.000E+00, 3.469E-16, 1.599E+02, 7.120E+01, 2.149E+02, 2.695E+01, 1.049E+01, 1.022E+02, 2.918E+00, 5.373E-01, 1.754E-01, 2.397E-01, 1.000E+00, 7.490E-01, 9.999E-01, 5.294E-01, 1.000E+00, 8.297E-01, 3.290E-01, 2.138E-03, 2.855E-03, 0.000E+00, 9.372E+01, 3.897E+01, 5.000E-03, 1.024E-02, 6.562E+01, 5.973E-03, 4.396E-01
16/07/2019,17:00,9,3.491,3.991,15.893,.629,.675, 1.004E+03, 7.227E+01, 0.000E+00, 3.469E-16, 9.646E+01, 5.871E+01, 1.798E+02, 2.143E+01, 1.049E+01, 1.022E+02, 2.588E+00, 5.367E-01, 1.556E-01, 1.739E-01, 1.000E+00, 6.577E-01, 9.994E-01, 4.788E-01, 1.000E+00, 8.297E-01, 2.613E-01, 1.695E-03, 2.576E-03, 0.000E+00, 1.056E+02, 4.392E+01, 5.000E-03, 8.117E-03, 7.624E+01, 5.236E-03, 3.723E-01
16/07/2019,18:00,9,3.491,3.991,15.389,.656,.605, 1.005E+03, 7.938E+01, 2.035E-01, 3.469E-16, 4.246E+00, 3.147E+01, 2.119E+01, 9.667E+00,-1.694E+01, 1.806E+01, 2.265E+00, 3.075E-01, 1.176E-01, 1.056E-01, 1.000E+00, 3.548E-01, 5.816E-01, 4.256E-01, 1.000E+00, 8.297E-01, 1.253E-01, 8.116E-04, 1.330E-03, 0.000E+00, 1.637E+02, 5.812E+01, 5.000E-03, 3.886E-03, 1.125E+02, 3.751E-03, 3.304E-01
16/07/2019,19:00,9,3.491,3.991,14.520,.759,.400, 1.005E+03, 8.583E+01, 2.035E-01, 3.469E-16, 3.635E-01, 8.710E+00, 5.141E+00, 2.642E+00,-1.694E+01, 1.806E+01, 2.403E+00, 3.070E-01, 1.247E-01, 4.167E-02, 1.000E+00, 1.066E-01, 1.906E-01, 3.275E-01, 1.000E+00, 8.297E-01, 2.898E-02, 1.871E-04, 3.345E-04, 0.000E+00, 1.545E+02, 5.480E+01, 5.000E-03, 8.960E-04, 1.696E+02, 3.176E-03, 2.995E-01
16/07/2019,20:00,9,3.491,3.991,13.650,.862,.216, 1.006E+03, 9.129E+01, 2.035E-01, 3.469E-16, 0.000E+00, 0.000E+00, 0.000E+00, 0.000E+00,-1.694E+01, 1.806E+01, 2.650E+00, 3.064E-01, 1.375E-01,-9.990E+02, 1.000E+00,-9.990E+02, 0.000E+00, 0.000E+00, 0.000E+00, 8.297E-01, 0.000E+00, 0.000E+00, 0.000E+00, 0.000E+00, 1.402E+02, 4.972E+01, 6.114E-03, 0.000E+00, 1.636E+02, 3.385E-03, 3.131E-01
16/07/2019,21:00,9,3.491,3.991,12.780,.966,.051, 1.006E+03, 9.545E+01, 7.739E-02, 3.469E-16, 0.000E+00, 0.000E+00, 0.000E+00, 0.000E+00,-9.327E+00, 8.236E+00, 2.979E+00, 3.415E-01, 1.673E-01,-9.990E+02, 1.000E+00,-9.990E+02, 0.000E+00, 0.000E+00, 0.000E+00, 8.297E-01, 0.000E+00, 0.000E+00, 0.000E+00, 0.000E+00, 1.065E+02, 4.086E+01, 2.605E-02, 0.000E+00, 3.838E+01, 6.853E-03, 3.509E-01
16/07/2019,22:00,9,3.491,3.991,12.845,.970,.044, 1.006E+03, 9.802E+01, 7.739E-02, 3.469E-16, 0.000E+00, 0.000E+00, 0.000E+00, 0.000E+00,-9.327E+00, 8.236E+00, 2.773E+00, 3.415E-01, 1.557E-01,-9.990E+02, 1.000E+00,-9.990E+02, 0.000E+00, 0.000E+00, 0.000E+00, 8.297E-01, 0.000E+00, 0.000E+00, 0.000E+00, 0.000E+00, 1.144E+02, 4.389E+01, 3.001E-02, 0.000E+00, 3.333E+01, 6.719E-03, 3.661E-01
16/07/2019,23:00,9,3.491,3.991,12.909,.975,.037, 1.006E+03, 9.883E+01, 7.739E-02, 3.469E-16, 0.000E+00, 0.000E+00, 0.000E+00, 0.000E+00,-9.327E+00, 8.236E+00, 2.571E+00, 3.415E-01, 1.444E-01,-9.990E+02, 1.000E+00,-9.990E+02, 0.000E+00, 0.000E+00, 0.000E+00, 8.297E-01, 0.000E+00, 0.000E+00, 0.000E+00, 0.000E+00, 1.234E+02, 4.735E+01, 2.996E-02, 0.000E+00, 3.338E+01, 6.330E-03, 3.408E-01
17/07/2019,00:00,9,3.491,3.991,12.973,.980,.030, 1.007E+03, 9.779E+01, 1.809E-02, 3.469E-16, 0.000E+00, 0.000E+00, 0.000E+00, 0.000E+00,-1.248E+01, 1.143E+01, 2.372E+00, 4.519E-01, 1.363E-01,-9.990E+02, 1.000E+00,-9.990E+02, 0.000E+00, 0.000E+00, 0.000E+00, 8.297E-01, 0.000E+00, 0.000E+00, 0.000E+00, 0.000E+00, 1.276E+02, 5.013E+01, 3.450E-02, 0.000E+00, 2.898E+01, 6.226E-03, 3.087E-01
17/07/2019,01:00,9,3.491,3.991,13.094,.979,.032, 1.007E+03, 9.501E+01, 1.809E-02, 3.469E-16, 0.000E+00, 0.000E+00, 0.000E+00, 0.000E+00,-1.248E+01, 1.143E+01, 2.658E+00, 4.520E-01, 1.528E-01,-9.990E+02, 1.000E+00,-9.990E+02, 0.000E+00, 0.000E+00, 0.000E+00, 8.297E-01, 0.000E+00, 0.000E+00, 0.000E+00, 0.000E+00, 1.139E+02, 4.473E+01, 2.982E-02, 0.000E+00, 3.353E+01, 6.622E-03, 3.019E-01
17/07/2019,02:00,9,3.491,3.991,13.214,.977,.035, 1.007E+03, 9.067E+01, 1.809E-02, 3.469E-16, 0.000E+00, 0.000E+00, 0.000E+00, 0.000E+00,-1.248E+01, 1.143E+01, 2.947E+00, 4.521E-01, 1.694E-01,-9.990E+02, 1.000E+00,-9.990E+02, 0.000E+00, 0.000E+00, 0.000E+00, 8.396E-01, 0.000E+00, 0.000E+00, 0.000E+00, 0.000E+00, 1.027E+02, 4.035E+01, 2.974E-02, 0.000E+00, 3.363E+01, 7.164E-03, 2.993E-01
17/07/2019,03:00,9,3.491,3.991,13.335,.976,.037, 1.007E+03, 8.507E+01, 1.604E-01, 3.469E-16, 5.770E+00, 1.940E+01, 3.970E+01, 6.124E+00,-1.490E+00, 4.475E+01, 3.238E+00, 4.921E-01, 1.917E-01, 4.923E-02, 1.000E+00, 2.513E-01, 8.046E-01, 1.816E-01, 1.000E+00, 8.396E-01, 3.832E-02, 2.465E-04, 7.891E-04, 0.000E+00, 8.810E+01, 3.566E+01, 3.201E-02, 1.180E-03, 3.013E+01, 8.097E-03, 3.046E-01
17/07/2019,04:00,9,3.491,3.991,13.736,.950,.078, 1.007E+03, 7.852E+01, 1.604E-01, 3.469E-16, 4.502E+01, 4.180E+01, 1.277E+02, 1.453E+01,-1.490E+00, 4.475E+01, 3.571E+00, 4.924E-01, 2.114E-01, 1.140E-01, 1.000E+00, 5.120E-01, 9.948E-01, 2.326E-01, 1.000E+00, 8.396E-01, 1.000E-01, 6.440E-04, 1.251E-03, 0.000E+00, 7.987E+01, 3.233E+01, 2.383E-02, 3.083E-03, 3.715E+01, 8.209E-03, 3.793E-01
17/07/2019,05:00,9,3.491,3.991,14.137,.925,.121, 1.007E+03, 7.136E+01, 1.604E-01, 3.469E-16, 1.025E+02, 5.980E+01, 1.823E+02, 2.193E+01,-1.490E+00, 4.475E+01, 3.990E+00, 4.927E-01, 2.362E-01, 1.823E-01, 1.000E+00, 6.682E-01, 9.994E-01, 2.820E-01, 1.000E+00, 8.396E-01, 1.582E-01, 1.020E-03, 1.526E-03, 0.000E+00, 7.149E+01, 2.893E+01, 1.425E-02, 4.884E-03, 5.227E+01, 7.810E-03, 4.307E-01
17/07/2019,06:00,9,3.491,3.991,14.538,.900,.167, 1.007E+03, 6.391E+01, 3.678E-01, 3.469E-16, 1.700E+02, 7.342E+01, 2.212E+02, 2.788E+01, 4.213E+01, 1.830E+02, 4.470E+00, 5.335E-01, 2.763E-01, 2.472E-01, 1.000E+00, 7.608E-01, 9.999E-01, 3.297E-01, 1.000E+00, 8.396E-01, 2.106E-01, 1.360E-03, 1.787E-03, 0.000E+00, 5.641E+01, 2.473E+01, 7.893E-03, 6.511E-03, 6.942E+01, 7.485E-03, 5.201E-01
17/07/2019,07:00,9,3.491,3.991,15.424,.840,.282, 1.007E+03, 5.654E+01, 3.678E-01, 3.469E-16, 2.319E+02, 7.837E+01, 2.410E+02, 3.064E+01, 4.213E+01, 1.830E+02, 3.987E+00, 5.343E-01, 2.464E-01, 3.025E-01, 1.000E+00, 8.022E-01, 1.000E+00, 4.293E-01, 1.000E+00, 8.396E-01, 2.891E-01, 1.873E-03, 2.335E-03, 0.000E+00, 6.328E+01, 2.774E+01, 5.000E-03, 8.967E-03, 7.159E+01, 6.965E-03, 6.258E-01
17/07/2019,08:00,9,3.491,3.991,16.310,.781,.409, 1.008E+03, 4.973E+01, 3.678E-01, 3.469E-16, 2.856E+02, 7.801E+01, 2.523E+02, 3.137E+01, 4.213E+01, 1.830E+02, 3.549E+00, 5.351E-01, 2.193E-01, 3.454E-01, 1.000E+00, 8.198E-01, 1.000E+00, 5.209E-01, 1.000E+00, 8.396E-01, 3.586E-01, 2.330E-03, 2.842E-03, 0.000E+00, 7.112E+01, 3.117E+01, 5.000E-03, 1.116E-02, 6.190E+01, 7.004E-03, 6.972E-01
17/07/2019,09:00,9,3.491,3.991,17.196,.721,.551, 1.008E+03, 4.406E+01, 2.993E-01, 3.469E-16, 3.267E+02, 7.491E+01, 2.583E+02, 3.094E+01, 9.507E+01, 2.414E+02, 3.175E+00, 5.024E-01, 2.045E-01, 3.754E-01, 1.000E+00, 8.250E-01, 1.000E+00, 6.045E-01, 1.000E+00, 8.396E-01, 4.188E-01, 2.729E-03, 3.308E-03, 0.000E+00, 7.076E+01, 3.342E+01, 5.000E-03, 1.307E-02, 5.535E+01, 7.098E-03, 7.910E-01
17/07/2019,10:00,9,3.491,3.991,17.766,.678,.660, 1.008E+03, 4.026E+01, 2.993E-01, 3.469E-16, 3.522E+02, 7.178E+01, 2.610E+02, 3.026E+01, 9.507E+01, 2.414E+02, 2.948E+00, 5.029E-01, 1.898E-01, 3.928E-01, 1.000E+00, 8.251E-01, 1.000E+00, 6.540E-01, 1.000E+00, 8.396E-01, 4.531E-01, 2.959E-03, 3.586E-03, 0.000E+00, 7.626E+01, 3.601E+01, 5.000E-03, 1.417E-02, 5.218E+01, 6.928E-03, 7.977E-01
17/07/2019,11:00,9,3.491,3.991,18.335,.635,.776, 1.008E+03, 3.903E+01, 2.993E-01, 3.469E-16, 3.600E+02, 7.063E+01, 2.617E+02, 2.998E+01, 9.507E+01, 2.414E+02, 2.748E+00, 5.034E-01, 1.769E-01, 3.980E-01, 1.000E+00, 8.246E-01, 1.000E+00, 7.003E-01, 1.000E+00, 8.396E-01, 4.848E-01, 3.172E-03, 3.847E-03, 0.000E+00, 8.184E+01, 3.864E+01, 5.000E-03, 1.519E-02, 4.953E+01, 6.737E-03, 7.912E-01
17/07/2019,12:00,9,3.491,3.991,18.905,.592,.900, 1.008E+03, 4.064E+01, 4.990E-03, 3.469E-16, 1.905E+02, 1.443E+02, 1.737E+02, 4.818E+01, 5.598E+01, 1.499E+02, 2.582E+00, 4.269E-01, 1.659E-01, 3.911E-01, 1.000E+00, 9.158E-01, 9.992E-01, 7.432E-01, 1.000E+00, 8.396E-01, 5.714E-01, 3.746E-03, 4.088E-03, 0.000E+00, 8.755E+01, 4.120E+01, 5.000E-03, 1.794E-02, 4.360E+01, 6.706E-03, 7.692E-01
17/07/2019,13:00,9,3.491,3.991,19.045,.582,.930, 1.008E+03, 4.474E+01, 4.990E-03, 3.469E-16, 1.753E+02, 1.400E+02, 1.702E+02, 4.672E+01, 5.598E+01, 1.499E+02, 2.242E+00, 4.270E-01, 1.441E-01, 3.720E-01, 1.000E+00, 9.077E-01, 9.991E-01, 7.532E-01, 1.000E+00, 8.396E-01, 5.740E-01, 3.765E-03, 4.144E-03, 0.000E+00, 1.008E+02, 4.744E+01, 5.000E-03, 1.803E-02, 4.343E+01, 6.063E-03, 7.371E-01
17/07/2019,14:00,9,3.491,3.991,19.184,.572,.962, 1.008E+03, 5.062E+01, 4.990E-03, 3.469E-16, 1.519E+02, 1.316E+02, 1.635E+02, 4.388E+01, 5.598E+01, 1.499E+02, 2.075E+00, 4.271E-01, 1.333E-01, 3.403E-01, 1.000E+00, 8.910E-01, 9.988E-01, 7.630E-01, 1.000E+00, 8.396E-01, 5.708E-01, 3.746E-03, 4.199E-03, 0.000E+00, 1.090E+02, 5.127E+01, 5.000E-03, 1.793E-02, 4.360E+01, 5.717E-03, 6.544E-01
17/07/2019,15:00,9,3.491,3.991,19.324,.562,.993, 1.008E+03, 5.755E+01, 1.068E-03, 3.469E-16, 2.285E+02, 7.974E+01, 2.439E+02, 3.105E+01,-4.984E+00, 8.350E+01, 2.121E+00, 2.719E-01, 1.187E-01, 2.955E-01, 1.000E+00, 8.035E-01, 1.000E+00, 7.726E-01, 1.000E+00, 8.396E-01, 5.212E-01, 3.422E-03, 4.259E-03, 0.000E+00, 1.504E+02, 5.757E+01, 5.000E-03, 1.638E-02, 4.676E+01, 5.043E-03, 5.417E-01
17/07/2019,16:00,9,3.491,3.991,18.623,.625,.813, 1.008E+03, 6.496E+01, 1.068E-03, 3.469E-16, 1.644E+02, 7.375E+01, 2.221E+02, 2.788E+01,-4.984E+00, 8.350E+01, 1.572E+00, 2.716E-01, 1.000E-01, 2.386E-01, 1.000E+00, 7.581E-01, 9.999E-01, 7.223E-01, 1.000E+00, 8.396E-01, 4.597E-01, 3.011E-03, 3.972E-03, 0.000E+00, 1.787E+02, 6.835E+01, 5.000E-03, 1.442E-02, 5.150E+01, 4.321E-03, 5.187E-01
17/07/2019,17:00,9,3.491,3.991,17.922,.688,.646, 1.008E+03, 7.240E+01, 1.068E-03, 3.469E-16, 9.866E+01, 6.062E+01, 1.853E+02, 2.210E+01,-4.984E+00, 8.350E+01, 1.491E+00, 2.712E-01, 1.000E-01, 1.726E-01, 1.000E+00, 6.665E-01, 9.995E-01, 6.670E-01, 1.000E+00, 8.396E-01, 3.733E-01, 2.439E-03, 3.658E-03, 0.000E+00, 1.787E+02, 6.835E+01, 5.000E-03, 1.168E-02, 5.996E+01, 4.169E-03, 5.621E-01
17/07/2019,18:00,9,3.491,3.991,17.220,.751,.492, 1.008E+03, 7.952E+01, 8.710E-05, 3.469E-16, 3.965E+01, 4.076E+01, 1.230E+02, 1.402E+01,-1.028E+01, 4.520E+00, 1.936E+00, 1.242E-01, 1.000E-01, 1.042E-01, 1.000E+00, 4.960E-01, 9.937E-01, 6.067E-01, 1.000E+00, 8.396E-01, 2.527E-01, 1.647E-03, 3.299E-03, 0.000E+00, 3.904E+02, 6.835E+01, 5.000E-03, 7.886E-03, 7.760E+01, 3.608E-03, 6.453E-01
17/07/2019,19:00,9,3.491,3.991,15.800,.814,.337, 1.008E+03, 8.598E+01, 8.710E-05, 3.469E-16, 3.047E+00, 1.675E+01, 2.692E+01, 5.195E+00,-1.028E+01, 4.520E+00, 1.736E+00, 1.239E-01, 1.000E-01, 4.017E-02, 1.000E+00, 2.115E-01, 6.695E-01, 4.691E-01, 1.000E+00, 8.396E-01, 8.332E-02, 5.405E-04, 1.711E-03, 0.000E+00, 3.921E+02, 6.835E+01, 5.000E-03, 2.588E-03, 1.318E+02, 3.016E-03, 7.905E-01
17/07/2019,20:00,9,3.491,3.991,14.379,.876,.205, 1.008E+03, 9.145E+01, 8.710E-05, 3.469E-16, 0.000E+00, 0.000E+00, 0.000E+00, 0.000E+00,-1.028E+01, 4.520E+00, 1.800E+00, 1.236E-01, 1.000E-01,-9.990E+02, 1.000E+00,-9.990E+02, 0.000E+00, 0.000E+00, 0.000E+00, 8.396E-01, 0.000E+00, 0.000E+00, 0.000E+00, 0.000E+00, 3.938E+02, 6.835E+01, 5.952E-03, 0.000E+00, 1.680E+02, 2.718E-03, 1.030E+00
17/07/2019,21:00,9,3.491,3.991,12.958,.938,.093, 1.009E+03, 9.561E+01, 8.710E-05, 3.469E-16, 0.000E+00, 0.000E+00, 0.000E+00, 0.000E+00,-6.049E+00,-5.603E+00, 2.106E+00, 1.077E-01, 1.000E-01,-9.990E+02, 1.000E+00,-9.990E+02, 0.000E+00, 0.000E+00, 0.000E+00, 8.396E-01, 0.000E+00, 0.000E+00, 0.000E+00, 0.000E+00, 3.686E+02, 6.835E+01, 1.450E-02, 0.000E+00, 6.899E+01, 3.752E-03, 1.367E+00
17/07/2019,22:00,9,3.491,3.991,12.305,.956,.063, 1.009E+03, 9.820E+01, 8.710E-05, 3.469E-16, 0.000E+00, 0.000E+00, 0.000E+00, 0.000E+00,-6.049E+00,-5.603E+00, 1.924E+00, 1.076E-01, 1.000E-01,-9.990E+02, 1.000E+00,-9.990E+02, 0.000E+00, 0.000E+00, 0.000E+00, 8.396E-01, 0.000E+00, 0.000E+00, 0.000E+00, 0.000E+00, 3.693E+02, 6.835E+01, 1.961E-02, 0.000E+00, 5.099E+01, 4.023E-03, 1.554E+00
17/07/2019,23:00,9,3.491,3.991,11.651,.975,.035, 1.009E+03, 9.900E+01, 8.710E-05, 3.469E-16, 0.000E+00, 0.000E+00, 0.000E+00, 0.000E+00,-6.049E+00,-5.603E+00, 1.789E+00, 1.074E-01, 1.000E-01,-9.990E+02, 1.000E+00,-9.990E+02, 0.000E+00, 0.000E+00, 0.000E+00, 8.396E-01, 0.000E+00, 0.000E+00, 0.000E+00, 0.000E+00, 3.700E+02, 6.835E+01, 2.657E-02, 0.000E+00, 3.764E+01, 4.250E-03, 1.845E+00
18/07/2019,00:00,9,3.491,3.991,10.998,.993,.009, 1.009E+03, 9.797E+01, 5.050E-05, 3.469E-16, 0.000E+00, 0.000E+00, 0.000E+00, 0.000E+00,-7.394E+00,-4.953E+00, 1.713E+00, 1.282E-01, 1.000E-01,-9.990E+02, 1.000E+00,-9.990E+02, 0.000E+00, 0.000E+00, 0.000E+00, 8.396E-01, 0.000E+00, 0.000E+00, 0.000E+00, 0.000E+00, 3.135E+02, 6.835E+01, 3.603E-02, 0.000E+00, 2.776E+01, 4.542E-03, 2.109E+00
18/07/2019,01:00,9,3.491,3.991,11.063,.983,.022, 1.009E+03, 9.518E+01, 5.050E-05, 3.469E-16, 0.000E+00, 0.000E+00, 0.000E+00, 0.000E+00,-7.394E+00,-4.953E+00, 1.566E+00, 1.282E-01, 1.000E-01,-9.990E+02, 1.000E+00,-9.990E+02, 0.000E+00, 0.000E+00, 0.000E+00, 8.396E-01, 0.000E+00, 0.000E+00, 0.000E+00, 0.000E+00, 3.134E+02, 6.835E+01, 3.117E-02, 0.000E+00, 3.208E+01, 4.454E-03, 2.470E+00
18/07/2019,02:00,9,3.491,3.991,11.127,.974,.035, 1.009E+03, 9.084E+01, 5.050E-05, 3.469E-16, 0.000E+00, 0.000E+00, 0.000E+00, 0.000E+00,-7.394E+00,-4.953E+00, 1.618E+00, 1.282E-01, 1.000E-01,-9.990E+02, 1.000E+00,-9.990E+02, 0.000E+00, 0.000E+00, 0.000E+00, 8.469E-01, 0.000E+00, 0.000E+00, 0.000E+00, 0.000E+00, 3.133E+02, 6.835E+01, 2.697E-02, 0.000E+00, 3.708E+01, 4.357E-03, 2.895E+00
18/07/2019,03:00,9,3.491,3.991,11.192,.964,.048, 1.009E+03, 8.524E+01, 5.050E-05, 3.469E-16, 5.386E+00, 1.962E+01, 3.860E+01, 6.171E+00, 2.635E+01, 3.850E+01, 1.851E+00, 1.373E-01, 1.491E-01, 4.757E-02, 1.000E+00, 2.514E-01, 7.956E-01, 1.000E-02, 1.000E+00, 8.469E-01, 2.129E-03, 1.359E-05, 5.078E-05, 0.000E+00, 6.603E+01, 4.585E+01, 2.334E-02, 6.505E-05, 4.273E+01, 6.894E-03, 3.281E+00
18/07/2019,04:00,9,3.491,3.991,13.029,.911,.134, 1.009E+03, 7.869E+01, 5.050E-05, 3.469E-16, 4.572E+01, 4.318E+01, 1.315E+02, 1.498E+01, 2.635E+01, 3.850E+01, 1.312E+00, 1.378E-01, 1.056E-01, 1.124E-01, 1.000E+00, 5.202E-01, 9.955E-01, 1.416E-01, 1.000E+00, 8.469E-01, 6.239E-02, 4.008E-04, 7.671E-04, 0.000E+00, 9.345E+01, 6.476E+01, 1.087E-02, 1.919E-03, 7.817E+01, 4.488E-03, 1.987E+00
18/07/2019,05:00,9,3.491,3.991,14.866,.858,.241, 1.009E+03, 7.152E+01, 5.050E-05, 3.469E-16, 1.057E+02, 6.217E+01, 1.894E+02, 2.278E+01, 2.635E+01, 3.850E+01, 7.828E-01, 1.382E-01, 1.000E-01, 1.809E-01, 1.000E+00, 6.790E-01, 9.996E-01, 3.675E-01, 1.000E+00, 8.469E-01, 2.113E-01, 1.366E-03, 2.012E-03, 0.000E+00, 9.884E+01, 6.835E+01, 5.000E-03, 6.542E-03, 8.664E+01, 4.176E-03, 2.404E+00
18/07/2019,06:00,9,3.491,3.991,16.703,.805,.373, 1.009E+03, 6.406E+01, 0.000E+00, 3.469E-16, 1.720E+02, 7.477E+01, 2.251E+02, 2.837E+01, 7.992E+01, 1.144E+02, 3.179E-01, 2.750E-01, 1.000E-01, 2.459E-01, 1.000E+00, 7.652E-01, 9.999E-01, 5.590E-01, 1.000E+00, 8.469E-01, 3.623E-01, 2.357E-03, 3.080E-03, 0.000E+00, 1.177E+02, 6.835E+01, 5.000E-03, 1.129E-02, 6.141E+01, 4.432E-03, 2.901E+00
18/07/2019,07:00,9,3.491,3.991,17.811,.731,.553, 1.009E+03, 5.671E+01, 0.000E+00, 3.469E-16, 2.352E+02, 7.997E+01, 2.455E+02, 3.124E+01, 7.992E+01, 1.144E+02, 6.485E-01, 2.756E-01, 1.000E-01, 3.014E-01, 1.000E+00, 8.067E-01, 1.000E+00, 6.578E-01, 1.000E+00, 8.469E-01, 4.494E-01, 2.935E-03, 3.639E-03, 0.000E+00, 1.179E+02, 6.835E+01, 5.000E-03, 1.405E-02, 5.249E+01, 4.613E-03, 2.855E+00
18/07/2019,08:00,9,3.491,3.991,18.918,.657,.757, 1.009E+03, 4.990E+01, 0.000E+00, 3.469E-16, 2.901E+02, 7.971E+01, 2.572E+02, 3.202E+01, 7.992E+01, 1.144E+02, 9.829E-01, 2.761E-01, 1.000E-01, 3.445E-01, 1.000E+00, 8.244E-01, 1.000E+00, 7.441E-01, 1.000E+00, 8.469E-01, 5.195E-01, 3.406E-03, 4.132E-03, 0.000E+00, 1.180E+02, 6.835E+01, 5.000E-03, 1.631E-02, 4.693E+01, 4.733E-03, 3.005E+00
18/07/2019,09:00,9,3.491,3.991,20.025,.583,.988, 1.009E+03, 4.423E+01, 4.888E-03, 3.469E-16, 3.305E+02, 7.624E+01, 2.621E+02, 3.146E+01, 1.731E+02, 2.085E+02, 1.318E+00, 3.285E-01, 1.000E-01, 3.746E-01, 1.000E+00, 8.285E-01, 1.000E+00, 8.179E-01, 1.000E+00, 8.469E-01, 5.738E-01, 3.777E-03, 4.558E-03, 0.000E+00, 1.132E+02, 6.835E+01, 5.000E-03, 1.808E-02, 4.333E+01, 4.876E-03, 2.925E+00
18/07/2019,10:00,9,3.491,3.991,20.773,.543,1.135, 1.009E+03, 4.043E+01, 4.888E-03, 3.469E-16, 3.564E+02, 7.309E+01, 2.649E+02, 3.077E+01, 1.731E+02, 2.085E+02, 1.171E+00, 3.290E-01, 1.000E-01, 3.920E-01, 1.000E+00, 8.285E-01, 1.000E+00, 8.606E-01, 1.000E+00, 8.469E-01, 6.038E-01, 3.984E-03, 4.809E-03, 0.000E+00, 1.132E+02, 6.835E+01, 5.000E-03, 1.908E-02, 4.154E+01, 4.918E-03, 1.516E+00
18/07/2019,11:00,9,3.491,3.991,21.521,.503,1.293, 1.009E+03, 3.920E+01, 4.888E-03, 3.469E-16, 3.644E+02, 7.193E+01, 2.656E+02, 3.050E+01, 1.731E+02, 2.085E+02, 1.087E+00, 3.294E-01, 1.000E-01, 3.973E-01, 1.000E+00, 8.281E-01, 1.000E+00, 8.977E-01, 1.000E+00, 8.469E-01, 6.295E-01, 4.164E-03, 5.029E-03, 0.000E+00, 1.133E+02, 6.835E+01, 5.000E-03, 1.994E-02, 4.010E+01, 4.952E-03, 1.380E+00
18/07/2019,12:00,9,3.491,3.991,22.269,.463,1.464, 1.008E+03, 4.081E+01, 2.088E-03, 3.469E-16, 3.547E+02, 7.358E+01, 2.652E+02, 3.092E+01, 7.149E+01, 1.742E+02, 1.081E+00, 3.299E-01, 1.000E-01, 3.904E-01, 1.000E+00, 8.291E-01, 1.000E+00, 9.290E-01, 9.044E-01, 8.469E-01, 5.899E-01, 3.912E-03, 4.719E-03, 0.000E+00, 1.296E+02, 6.835E+01, 5.000E-03, 1.873E-02, 4.214E+01, 4.718E-03, 1.317E+00
18/07/2019,13:00,9,3.491,3.991,22.202,.477,1.420, 1.008E+03, 4.490E+01, 2.088E-03, 3.469E-16, 3.265E+02, 7.687E+01, 2.621E+02, 3.161E+01, 7.149E+01, 1.742E+02, 1.316E+00, 3.299E-01, 1.000E-01, 3.712E-01, 1.000E+00, 8.287E-01, 1.000E+00, 9.264E-01, 9.298E-01, 8.469E-01, 6.045E-01, 4.008E-03, 4.837E-03, 0.000E+00, 1.296E+02, 6.835E+01, 5.000E-03, 1.919E-02, 4.134E+01, 4.736E-03, 1.242E+00
18/07/2019,14:00,9,3.491,3.991,22.135,.490,1.377, 1.008E+03, 5.077E+01, 2.088E-03, 3.469E-16, 2.825E+02, 7.974E+01, 2.553E+02, 3.192E+01, 7.149E+01, 1.742E+02, 1.571E+00, 3.298E-01, 1.077E-01, 3.394E-01, 1.000E+00, 8.222E-01, 1.000E+00, 9.238E-01, 9.551E-01, 8.469E-01, 6.143E-01, 4.072E-03, 4.953E-03, 0.000E+00, 1.203E+02, 6.346E+01, 5.000E-03, 1.950E-02, 4.082E+01, 5.038E-03, 1.121E+00
18/07/2019,15:00,9,3.491,3.991,22.068,.504,1.334, 1.008E+03, 5.769E+01, 5.050E-05, 3.469E-16, 2.269E+02, 7.958E+01, 2.432E+02, 3.096E+01, 1.244E+00, 9.603E+01, 1.836E+00, 2.691E-01, 1.103E-01, 2.945E-01, 1.000E+00, 8.026E-01, 1.000E+00, 9.211E-01, 9.801E-01, 8.469E-01, 6.136E-01, 4.066E-03, 5.066E-03, 0.000E+00, 1.492E+02, 6.196E+01, 5.000E-03, 1.947E-02, 4.087E+01, 4.932E-03, 1.025E+00
18/07/2019,16:00,9,3.491,3.991,21.474,.576,1.101, 1.008E+03, 6.510E+01, 5.050E-05, 3.469E-16, 1.629E+02, 7.346E+01, 2.212E+02, 2.775E+01, 1.244E+00, 9.603E+01, 1.717E+00, 2.688E-01, 1.032E-01, 2.374E-01, 1.000E+00, 7.564E-01, 9.999E-01, 8.955E-01, 1.000E+00, 8.469E-01, 5.737E-01, 3.794E-03, 5.015E-03, 0.000E+00, 1.595E+02, 6.625E+01, 5.000E-03, 1.817E-02, 4.317E+01, 4.624E-03, 1.006E+00
18/07/2019,17:00,9,3.491,3.991,20.881,.647,.883, 1.008E+03, 7.255E+01, 5.050E-05, 3.469E-16, 9.724E+01, 6.020E+01, 1.841E+02, 2.193E+01, 1.244E+00, 9.603E+01, 1.598E+00, 2.686E-01, 1.000E-01, 1.713E-01, 1.000E+00, 6.636E-01, 9.995E-01, 8.663E-01, 1.000E+00, 8.469E-01, 4.868E-01, 3.213E-03, 4.840E-03, 0.000E+00, 1.646E+02, 6.835E+01, 5.000E-03, 1.538E-02, 4.906E+01, 4.393E-03, 9.984E-01
18/07/2019,18:00,9,3.491,3.991,20.287,.718,.679, 1.008E+03, 7.967E+01, 5.050E-05, 3.469E-16, 3.850E+01, 4.024E+01, 1.212E+02, 1.382E+01,-6.215E+00, 3.027E+00, 1.479E+00, 1.000E-01, 1.000E-01, 1.027E-01, 1.000E+00, 4.910E-01, 9.932E-01, 8.335E-01, 1.000E+00, 8.469E-01, 3.466E-01, 2.283E-03, 4.618E-03, 0.000E+00, 4.256E+02, 6.835E+01, 5.000E-03, 1.093E-02, 6.278E+01, 3.765E-03, 1.039E+00
18/07/2019,19:00,9,3.491,3.991,18.842,.765,.516, 1.008E+03, 8.613E+01, 5.050E-05, 3.469E-16, 2.633E+00, 1.610E+01, 2.451E+01, 4.980E+00,-6.215E+00, 3.027E+00, 1.404E+00, 1.000E-01, 1.000E-01, 3.862E-02, 1.000E+00, 2.026E-01, 6.351E-01, 7.386E-01, 1.000E+00, 8.469E-01, 1.267E-01, 8.306E-04, 2.604E-03, 0.000E+00, 4.255E+02, 6.835E+01, 5.000E-03, 3.977E-03, 1.114E+02, 3.182E-03, 1.186E+00
18/07/2019,20:00,9,3.491,3.991,17.397,.812,.377, 1.008E+03, 9.161E+01, 5.050E-05, 3.469E-16, 0.000E+00, 0.000E+00, 0.000E+00, 0.000E+00,-6.215E+00, 3.027E+00, 1.328E+00, 1.000E-01, 1.000E-01,-9.990E+02, 1.000E+00,-9.990E+02, 0.000E+00, 0.000E+00, 0.000E+00, 8.469E-01, 0.000E+00, 0.000E+00, 0.000E+00, 0.000E+00, 4.255E+02, 6.835E+01, 5.000E-03, 0.000E+00, 2.000E+02, 2.482E-03, 1.370E+00
18/07/2019,21:00,9,3.491,3.991,15.952,.859,.257, 1.008E+03, 9.578E+01, 5.050E-05, 3.469E-16, 0.000E+00, 0.000E+00, 0.000E+00, 0.000E+00,-8.176E+00,-2.416E+00, 1.253E+00, 1.126E-01, 1.000E-01,-9.990E+02, 1.000E+00,-9.990E+02, 0.000E+00, 0.000E+00, 0.000E+00, 8.469E-01, 0.000E+00, 0.000E+00, 0.000E+00, 0.000E+00, 4.052E+02, 6.835E+01, 5.000E-03, 0.000E+00, 2.000E+02, 2.494E-03, 1.904E+00
18/07/2019,22:00,9,3.491,3.991,15.065,.893,.185, 1.009E+03, 9.837E+01, 5.050E-05, 3.469E-16, 0.000E+00, 0.000E+00, 0.000E+00, 0.000E+00,-8.176E+00,-2.416E+00, 1.318E+00, 1.124E-01, 1.000E-01,-9.990E+02, 1.000E+00,-9.990E+02, 0.000E+00, 0.000E+00, 0.000E+00, 8.469E-01, 0.000E+00, 0.000E+00, 0.000E+00, 0.000E+00, 4.063E+02, 6.835E+01, 7.806E-03, 0.000E+00, 1.281E+02, 3.038E-03, 2.797E+00
18/07/2019,23:00,9,3.491,3.991,14.178,.926,.120, 1.009E+03, 9.918E+01, 5.050E-05, 3.469E-16, 0.000E+00, 0.000E+00, 0.000E+00, 0.000E+00,-8.176E+00,-2.416E+00, 1.386E+00, 1.123E-01, 1.000E-01,-9.990E+02, 1.000E+00,-9.990E+02, 0.000E+00, 0.000E+00, 0.000E+00, 8.469E-01, 0.000E+00, 0.000E+00, 0.000E+00, 0.000E+00, 4.074E+02, 6.835E+01, 1.221E-02, 0.000E+00, 8.189E+01, 3.533E-03, 3.651E+00
19/07/2019,00:00,9,3.491,3.991,13.291,.960,.061, 1.009E+03, 9.815E+01, 1.967E-05, 3.469E-16, 0.000E+00, 0.000E+00, 0.000E+00, 0.000E+00,-1.110E+01,-2.428E+00, 1.457E+00, 1.671E-01, 1.000E-01,-9.990E+02, 1.000E+00,-9.990E+02, 0.000E+00, 0.000E+00, 0.000E+00, 8.469E-01, 0.000E+00, 0.000E+00, 0.000E+00, 0.000E+00, 2.667E+02, 6.835E+01, 2.207E-02, 0.000E+00, 4.531E+01, 4.285E-03, 4.328E+00
19/07/2019,01:00,9,3.491,3.991,13.174,.952,.073, 1.009E+03, 9.536E+01, 1.967E-05, 3.469E-16, 0.000E+00, 0.000E+00, 0.000E+00, 0.000E+00,-1.110E+01,-2.428E+00, 1.585E+00, 1.671E-01, 1.000E-01,-9.990E+02, 1.000E+00,-9.990E+02, 0.000E+00, 0.000E+00, 0.000E+00, 8.469E-01, 0.000E+00, 0.000E+00, 0.000E+00, 0.000E+00, 2.667E+02, 6.835E+01, 1.919E-02, 0.000E+00, 5.212E+01, 4.163E-03, 4.633E+00
19/07/2019,02:00,9,3.491,3.991,13.057,.944,.085, 1.009E+03, 9.102E+01, 1.967E-05, 3.469E-16, 0.000E+00, 0.000E+00, 0.000E+00, 0.000E+00,-1.110E+01,-2.428E+00, 1.722E+00, 1.671E-01, 1.000E-01,-9.990E+02, 1.000E+00,-9.990E+02, 0.000E+00, 0.000E+00, 0.000E+00, 8.346E-01, 0.000E+00, 0.000E+00, 0.000E+00, 0.000E+00, 2.668E+02, 6.835E+01, 1.668E-02, 0.000E+00, 5.995E+01, 4.031E-03, 4.951E+00
19/07/2019,03:00,9,3.491,3.991,12.940,.935,.097, 1.009E+03, 8.541E+01, 1.967E-05, 3.469E-16, 4.810E+00, 1.906E+01, 3.601E+01, 5.975E+00, 2.795E+01, 3.749E+01, 1.867E+00, 1.700E-01, 1.408E-01, 4.587E-02, 1.000E+00, 2.433E-01, 7.726E-01, 1.298E-01, 1.000E+00, 8.346E-01, 2.637E-02, 1.693E-04, 5.377E-04, 0.000E+00, 7.823E+01, 4.855E+01, 1.450E-02, 8.107E-04, 6.531E+01, 5.588E-03, 5.002E+00
19/07/2019,04:00,9,3.491,3.991,14.480,.878,.203, 1.009E+03, 7.885E+01, 1.967E-05, 3.469E-16, 4.470E+01, 4.292E+01, 1.305E+02, 1.487E+01, 2.795E+01, 3.749E+01, 1.393E+00, 1.705E-01, 1.050E-01, 1.107E-01, 1.000E+00, 5.171E-01, 9.953E-01, 3.229E-01, 1.000E+00, 8.346E-01, 1.393E-01, 8.996E-04, 1.732E-03, 0.000E+00, 1.051E+02, 6.511E+01, 5.939E-03, 4.307E-03, 9.760E+01, 3.999E-03, 4.655E+00
19/07/2019,05:00,9,3.491,3.991,16.019,.820,.330, 1.009E+03, 7.168E+01, 1.967E-05, 3.469E-16, 1.049E+02, 6.222E+01, 1.896E+02, 2.277E+01, 2.795E+01, 3.749E+01, 9.203E-01, 1.709E-01, 1.000E-01, 1.794E-01, 1.000E+00, 6.783E-01, 9.996E-01, 4.917E-01, 1.000E+00, 8.346E-01, 2.783E-01, 1.807E-03, 2.663E-03, 0.000E+00, 1.105E+02, 6.835E+01, 5.000E-03, 8.650E-03, 7.326E+01, 4.284E-03, 4.557E+00
19/07/2019,06:00,9,3.491,3.991,17.558,.762,.482, 1.009E+03, 6.423E+01, 1.967E-05, 3.469E-16, 1.707E+02, 7.465E+01, 2.246E+02, 2.830E+01, 1.278E+02, 1.434E+02, 4.505E-01, 2.140E-01, 1.000E-01, 2.446E-01, 1.000E+00, 7.641E-01, 9.999E-01, 6.364E-01, 1.000E+00, 8.346E-01, 4.058E-01, 2.648E-03, 3.466E-03, 0.000E+00, 9.335E+01, 6.835E+01, 5.000E-03, 1.268E-02, 5.656E+01, 4.865E-03, 4.613E+00
19/07/2019,07:00,9,3.491,3.991,19.267,.682,.717, 1.009E+03, 5.687E+01, 1.967E-05, 3.469E-16, 2.340E+02, 7.999E+01, 2.453E+02, 3.122E+01, 1.278E+02, 1.434E+02, 5.660E-01, 2.147E-01, 1.000E-01, 3.002E-01, 1.000E+00, 8.062E-01, 1.000E+00, 7.687E-01, 1.000E+00, 8.346E-01, 5.173E-01, 3.395E-03, 4.211E-03, 0.000E+00, 9.353E+01, 6.835E+01, 5.000E-03, 1.626E-02, 4.704E+01, 5.098E-03, 3.024E+00
19/07/2019,08:00,9,3.491,3.991,20.977,.602,1.000, 1.009E+03, 5.007E+01, 1.967E-05, 3.469E-16, 2.890E+02, 7.984E+01, 2.572E+02, 3.205E+01, 1.278E+02, 1.434E+02, 6.878E-01, 2.153E-01, 1.000E-01, 3.435E-01, 1.000E+00, 8.243E-01, 1.000E+00, 8.713E-01, 1.000E+00, 8.346E-01, 5.994E-01, 3.958E-03, 4.801E-03, 0.000E+00, 9.372E+01, 6.835E+01, 5.000E-03, 1.895E-02, 4.176E+01, 5.235E-03, 3.225E+00
19/07/2019,09:00,9,3.491,3.991,22.687,.522,1.336, 1.009E+03, 4.441E+01, 1.967E-05, 3.469E-16, 3.311E+02, 7.680E+01, 2.634E+02, 3.166E+01, 1.815E+02, 2.194E+02, 8.131E-01, 3.513E-01, 1.000E-01, 3.737E-01, 1.000E+00, 8.297E-01, 1.000E+00, 9.440E-01, 9.793E-01, 8.346E-01, 6.401E-01, 4.251E-03, 5.124E-03, 0.000E+00, 1.161E+02, 6.835E+01, 5.000E-03, 2.035E-02, 3.944E+01, 4.930E-03, 3.473E+00
19/07/2019,10:00,9,3.491,3.991,23.295,.499,1.456, 1.009E+03, 4.062E+01, 1.967E-05, 3.469E-16, 3.572E+02, 7.368E+01, 2.663E+02, 3.099E+01, 1.815E+02, 2.194E+02, 1.050E+00, 3.517E-01, 1.000E-01, 3.912E-01, 1.000E+00, 8.298E-01, 1.000E+00, 9.627E-01, 9.090E-01, 8.346E-01, 6.060E-01, 4.033E-03, 4.860E-03, 0.000E+00, 1.162E+02, 6.835E+01, 5.000E-03, 1.931E-02, 4.114E+01, 4.889E-03, 1.811E+00
19/07/2019,11:00,9,3.491,3.991,23.903,.475,1.584, 1.009E+03, 3.939E+01, 1.967E-05, 3.469E-16, 3.653E+02, 7.252E+01, 2.670E+02, 3.071E+01, 1.815E+02, 2.194E+02, 1.323E+00, 3.521E-01, 1.000E-01, 3.965E-01, 1.000E+00, 8.294E-01, 1.000E+00, 9.776E-01, 8.347E-01, 8.346E-01, 5.648E-01, 3.766E-03, 4.541E-03, 0.000E+00, 1.162E+02, 6.835E+01, 5.000E-03, 1.803E-02, 4.342E+01, 4.834E-03, 1.616E+00
19/07/2019,12:00,9,3.491,3.991,24.511,.451,1.719, 1.009E+03, 4.099E+01, 8.527E-02, 3.469E-16, 3.525E+02, 7.352E+01, 2.643E+02, 3.086E+01, 6.193E+01, 1.696E+02, 1.615E+00, 3.791E-01, 1.065E-01, 3.896E-01, 1.000E+00, 8.285E-01, 1.000E+00, 9.887E-01, 7.561E-01, 8.346E-01, 5.168E-01, 3.454E-03, 4.169E-03, 0.000E+00, 1.303E+02, 6.418E+01, 5.000E-03, 1.653E-02, 4.644E+01, 4.784E-03, 1.637E+00
19/07/2019,13:00,9,3.491,3.991,23.837,.488,1.537, 1.009E+03, 4.507E+01, 8.527E-02, 3.469E-16, 3.243E+02, 7.675E+01, 2.611E+02, 3.154E+01, 6.193E+01, 1.696E+02, 1.541E+00, 3.787E-01, 1.016E-01, 3.704E-01, 1.000E+00, 8.279E-01, 1.000E+00, 9.761E-01, 8.620E-01, 8.346E-01, 5.814E-01, 3.876E-03, 4.682E-03, 0.000E+00, 1.364E+02, 6.725E+01, 5.000E-03, 1.856E-02, 4.245E+01, 4.699E-03, 1.595E+00
19/07/2019,14:00,9,3.491,3.991,23.163,.526,1.367, 1.009E+03, 5.093E+01, 8.527E-02, 3.469E-16, 2.804E+02, 7.955E+01, 2.543E+02, 3.182E+01, 6.193E+01, 1.696E+02, 1.534E+00, 3.782E-01, 1.012E-01, 3.384E-01, 1.000E+00, 8.212E-01, 1.000E+00, 9.589E-01, 9.612E-01, 8.346E-01, 6.317E-01, 4.202E-03, 5.117E-03, 0.000E+00, 1.370E+02, 6.755E+01, 5.000E-03, 2.012E-02, 3.981E+01, 4.741E-03, 1.488E+00
19/07/2019,15:00,9,3.491,3.991,22.488,.563,1.207, 1.009E+03, 5.785E+01, 2.176E-03, 3.469E-16, 2.206E+02, 7.779E+01, 2.375E+02, 3.025E+01, 3.344E+00, 9.899E+01, 1.594E+00, 3.397E-01, 1.000E-01, 2.934E-01, 1.000E+00, 7.963E-01, 9.999E-01, 9.371E-01, 1.000E+00, 8.346E-01, 6.228E-01, 4.133E-03, 5.190E-03, 0.000E+00, 1.635E+02, 6.835E+01, 5.000E-03, 1.979E-02, 4.034E+01, 4.570E-03, 1.306E+00
19/07/2019,16:00,9,3.491,3.991,21.815,.630,.981, 1.009E+03, 6.525E+01, 2.176E-03, 3.469E-16, 1.580E+02, 7.168E+01, 2.158E+02, 2.706E+01, 3.344E+00, 9.899E+01, 1.821E+00, 3.393E-01, 1.098E-01, 2.361E-01, 1.000E+00, 7.490E-01, 9.999E-01, 9.106E-01, 1.000E+00, 8.346E-01, 5.692E-01, 3.769E-03, 5.032E-03, 0.000E+00, 1.489E+02, 6.226E+01, 5.000E-03, 1.805E-02, 4.339E+01, 4.856E-03, 1.149E+00
19/07/2019,17:00,9,3.491,3.991,21.141,.696,.771, 1.009E+03, 7.270E+01, 2.176E-03, 3.469E-16, 9.380E+01, 5.855E+01, 1.790E+02, 2.130E+01, 3.344E+00, 9.899E+01, 2.089E+00, 3.389E-01, 1.259E-01, 1.699E-01, 1.000E+00, 6.543E-01, 9.994E-01, 8.795E-01, 1.000E+00, 8.346E-01, 4.803E-01, 3.173E-03, 4.846E-03, 0.000E+00, 1.298E+02, 5.429E+01, 5.000E-03, 1.519E-02, 4.953E+01, 5.229E-03, 1.043E+00
19/07/2019,18:00,9,3.491,3.991,20.467,.763,.577, 1.009E+03, 7.983E+01, 1.967E-05, 3.469E-16, 3.669E+01, 3.906E+01, 1.173E+02, 1.339E+01,-2.811E+01, 9.092E+00, 2.382E+00, 2.282E-01, 1.000E-01, 1.012E-01, 1.000E+00, 4.809E-01, 9.920E-01, 8.438E-01, 1.000E+00, 8.346E-01, 3.387E-01, 2.232E-03, 4.604E-03, 0.000E+00, 2.663E+02, 6.835E+01, 5.000E-03, 1.069E-02, 6.375E+01, 3.971E-03, 1.057E+00
19/07/2019,19:00,9,3.491,3.991,19.340,.789,.477, 1.009E+03, 8.630E+01, 1.967E-05, 3.469E-16, 2.196E+00, 1.518E+01, 2.168E+01, 4.681E+00,-2.811E+01, 9.092E+00, 2.175E+00, 2.277E-01, 1.000E-01, 3.700E-02, 1.000E+00, 1.905E-01, 5.901E-01, 7.737E-01, 1.000E+00, 8.346E-01, 1.230E-01, 8.076E-04, 2.502E-03, 0.000E+00, 2.668E+02, 6.835E+01, 5.000E-03, 3.866E-03, 1.128E+02, 3.323E-03, 1.214E+00
19/07/2019,20:00,9,3.491,3.991,18.213,.816,.389, 1.009E+03, 9.178E+01, 1.967E-05, 3.469E-16, 0.000E+00, 0.000E+00, 0.000E+00, 0.000E+00,-2.811E+01, 9.092E+00, 2.393E+00, 2.272E-01, 1.000E-01,-9.990E+02, 1.000E+00,-9.990E+02, 0.000E+00, 0.000E+00, 0.000E+00, 8.346E-01, 0.000E+00, 0.000E+00, 0.000E+00, 0.000E+00, 2.674E+02, 6.835E+01, 5.000E-03, 0.000E+00, 2.000E+02, 2.576E-03, 1.447E+00
19/07/2019,21:00,9,3.491,3.991,17.086,.842,.310, 1.010E+03, 9.596E+01, 1.967E-05, 3.469E-16, 0.000E+00, 0.000E+00, 0.000E+00, 0.000E+00,-3.199E+01, 1.096E+01, 2.943E+00, 2.287E-01, 1.056E-01,-9.990E+02, 1.000E+00,-9.990E+02, 0.000E+00, 0.000E+00, 0.000E+00, 8.346E-01, 0.000E+00, 0.000E+00, 0.000E+00, 0.000E+00, 2.641E+02, 6.476E+01, 5.000E-03, 0.000E+00, 2.000E+02, 2.637E-03, 1.591E+00
19/07/2019,22:00,9,3.491,3.991,16.159,.795,.379, 1.010E+03, 9.856E+01, 1.967E-05, 3.469E-16, 0.000E+00, 0.000E+00, 0.000E+00, 0.000E+00,-3.199E+01, 1.096E+01, 2.951E+00, 2.284E-01, 1.056E-01,-9.990E+02, 1.000E+00,-9.990E+02, 0.000E+00, 0.000E+00, 0.000E+00, 8.346E-01, 0.000E+00, 0.000E+00, 0.000E+00, 0.000E+00, 2.644E+02, 6.470E+01, 5.000E-03, 0.000E+00, 2.000E+02, 2.637E-03, 1.845E+00
19/07/2019,23:00,9,3.491,3.991,15.232,.749,.438, 1.010E+03, 9.937E+01, 1.967E-05, 3.469E-16, 0.000E+00, 0.000E+00, 0.000E+00, 0.000E+00,-3.199E+01, 1.096E+01, 2.974E+00, 2.280E-01, 1.063E-01,-9.990E+02, 1.000E+00,-9.990E+02, 0.000E+00, 0.000E+00, 0.000E+00, 8.346E-01, 0.000E+00, 0.000E+00, 0.000E+00, 0.000E+00, 2.634E+02, 6.432E+01, 5.000E-03, 0.000E+00, 2.000E+02, 2.644E-03, 2.159E+00
20/07/2019,00:00,9,3.491,3.991,14.304,.702,.488, 1.010E+03, 9.834E+01, 5.869E-05, 3.469E-16, 0.000E+00, 0.000E+00, 0.000E+00, 0.000E+00,-1.770E+01, 8.546E+00, 3.012E+00, 1.740E-01, 1.000E-01,-9.990E+02, 1.000E+00,-9.990E+02, 0.000E+00, 0.000E+00, 0.000E+00, 8.346E-01, 0.000E+00, 0.000E+00, 0.000E+00, 0.000E+00, 3.071E+02, 6.835E+01, 5.000E-03, 0.000E+00, 2.000E+02, 2.552E-03, 2.503E+00
20/07/2019,01:00,9,3.491,3.991,13.863,.746,.405, 1.010E+03, 9.554E+01, 5.869E-05, 3.469E-16, 0.000E+00, 0.000E+00, 0.000E+00, 0.000E+00,-1.770E+01, 8.546E+00, 2.832E+00, 1.739E-01, 1.000E-01,-9.990E+02, 1.000E+00,-9.990E+02, 0.000E+00, 0.000E+00, 0.000E+00, 8.346E-01, 0.000E+00, 0.000E+00, 0.000E+00, 0.000E+00, 3.074E+02, 6.835E+01, 5.000E-03, 0.000E+00, 2.000E+02, 2.552E-03, 2.895E+00
20/07/2019,02:00,9,3.491,3.991,13.421,.789,.326, 1.010E+03, 9.120E+01, 5.869E-05, 3.469E-16, 0.000E+00, 0.000E+00, 0.000E+00, 0.000E+00,-1.770E+01, 8.546E+00, 2.661E+00, 1.737E-01, 1.000E-01,-9.990E+02, 1.000E+00,-9.990E+02, 0.000E+00, 0.000E+00, 0.000E+00, 8.391E-01, 0.000E+00, 0.000E+00, 0.000E+00, 0.000E+00, 3.078E+02, 6.835E+01, 5.000E-03, 0.000E+00, 2.000E+02, 2.552E-03, 3.291E+00
20/07/2019,03:00,9,3.491,3.991,12.979,.833,.251, 1.011E+03, 8.558E+01, 5.869E-05, 3.469E-16, 4.209E+00, 1.836E+01, 3.306E+01, 5.736E+00, 1.479E+01, 6.066E+01, 2.500E+00, 2.473E-01, 1.633E-01, 4.413E-02, 1.000E+00, 2.337E-01, 7.433E-01, 1.350E-01, 1.000E+00, 8.391E-01, 2.646E-02, 1.700E-04, 5.406E-04, 0.000E+00, 8.632E+01, 4.185E+01, 5.000E-03, 8.138E-04, 1.720E+02, 3.591E-03, 3.617E+00
20/07/2019,04:00,9,3.491,3.991,14.590,.796,.341, 1.011E+03, 7.902E+01, 5.869E-05, 3.469E-16, 4.334E+01, 4.240E+01, 1.285E+02, 1.466E+01, 1.479E+01, 6.066E+01, 2.107E+00, 2.479E-01, 1.376E-01, 1.091E-01, 1.000E+00, 5.119E-01, 9.949E-01, 3.358E-01, 1.000E+00, 8.391E-01, 1.442E-01, 9.316E-04, 1.811E-03, 0.000E+00, 1.025E+02, 4.967E+01, 5.000E-03, 4.460E-03, 1.057E+02, 4.309E-03, 3.321E+00
20/07/2019,05:00,9,3.491,3.991,16.201,.759,.448, 1.011E+03, 7.185E+01, 5.869E-05, 3.469E-16, 1.034E+02, 6.189E+01, 1.885E+02, 2.263E+01, 1.479E+01, 6.066E+01, 1.734E+00, 2.486E-01, 1.132E-01, 1.778E-01, 1.000E+00, 6.757E-01, 9.996E-01, 5.101E-01, 1.000E+00, 8.391E-01, 2.892E-01, 1.879E-03, 2.779E-03, 0.000E+00, 1.247E+02, 6.037E+01, 5.000E-03, 8.995E-03, 7.146E+01, 4.443E-03, 2.921E+00
20/07/2019,06:00,9,3.491,3.991,17.812,.722,.573, 1.011E+03, 6.439E+01, 5.869E-05, 3.469E-16, 1.692E+02, 7.448E+01, 2.239E+02, 2.821E+01, 1.231E+02, 1.721E+02, 1.398E+00, 4.651E-01, 1.000E-01, 2.432E-01, 1.000E+00, 7.628E-01, 9.999E-01, 6.579E-01, 1.000E+00, 8.391E-01, 4.211E-01, 2.751E-03, 3.606E-03, 0.000E+00, 1.376E+02, 6.835E+01, 5.000E-03, 1.317E-02, 5.504E+01, 4.389E-03, 2.786E+00
20/07/2019,07:00,9,3.491,3.991,19.621,.634,.845, 1.011E+03, 5.704E+01, 5.869E-05, 3.469E-16, 2.325E+02, 7.998E+01, 2.449E+02, 3.119E+01, 1.231E+02, 1.721E+02, 2.011E+00, 4.665E-01, 1.332E-01, 2.991E-01, 1.000E+00, 8.056E-01, 1.000E+00, 7.924E-01, 1.000E+00, 8.391E-01, 5.357E-01, 3.521E-03, 4.370E-03, 0.000E+00, 1.035E+02, 5.133E+01, 5.000E-03, 1.686E-02, 4.575E+01, 5.696E-03, 2.319E+00
20/07/2019,08:00,9,3.491,3.991,21.430,.547,1.173, 1.011E+03, 5.024E+01, 5.869E-05, 3.469E-16, 2.875E+02, 7.994E+01, 2.568E+02, 3.206E+01, 1.231E+02, 1.721E+02, 2.651E+00, 4.679E-01, 1.754E-01, 3.425E-01, 1.000E+00, 8.241E-01, 1.000E+00, 8.935E-01, 1.000E+00, 8.391E-01, 6.178E-01, 4.086E-03, 4.958E-03, 0.000E+00, 7.863E+01, 3.897E+01, 5.000E-03, 1.956E-02, 4.072E+01, 7.179E-03, 2.282E+00
20/07/2019,09:00,9,3.491,3.991,23.239,.459,1.565, 1.011E+03, 4.459E+01, 0.000E+00, 3.469E-16, 3.296E+02, 7.699E+01, 2.631E+02, 3.170E+01, 1.741E+02, 2.498E+02, 3.302E+00, 6.733E-01, 2.098E-01, 3.728E-01, 1.000E+00, 8.297E-01, 1.000E+00, 9.611E-01, 8.454E-01, 8.391E-01, 5.657E-01, 3.764E-03, 4.536E-03, 0.000E+00, 7.068E+01, 3.258E+01, 5.000E-03, 1.802E-02, 4.344E+01, 7.859E-03, 2.263E+00
20/07/2019,10:00,9,3.491,3.991,23.905,.418,1.755, 1.011E+03, 4.081E+01, 0.000E+00, 3.469E-16, 3.558E+02, 7.391E+01, 2.661E+02, 3.104E+01, 1.741E+02, 2.498E+02, 3.581E+00, 6.741E-01, 2.275E-01, 3.904E-01, 1.000E+00, 8.300E-01, 1.000E+00, 9.776E-01, 7.347E-01, 8.391E-01, 5.002E-01, 3.336E-03, 4.019E-03, 0.000E+00, 6.519E+01, 3.004E+01, 5.000E-03, 1.597E-02, 4.769E+01, 8.002E-03, 1.558E+00
20/07/2019,11:00,9,3.491,3.991,24.570,.376,1.958, 1.011E+03, 3.958E+01, 0.000E+00, 3.469E-16, 3.639E+02, 7.276E+01, 2.668E+02, 3.077E+01, 1.741E+02, 2.498E+02, 3.861E+00, 6.749E-01, 2.453E-01, 3.957E-01, 1.000E+00, 8.296E-01, 1.000E+00, 9.896E-01, 6.166E-01, 8.391E-01, 4.247E-01, 2.839E-03, 3.422E-03, 0.000E+00, 6.049E+01, 2.787E+01, 5.000E-03, 1.359E-02, 5.379E+01, 7.969E-03, 1.141E+00
20/07/2019,12:00,9,3.491,3.991,25.236,.335,2.175, 1.011E+03, 4.117E+01, 5.869E-05, 3.469E-16, 3.526E+02, 7.408E+01, 2.653E+02, 3.105E+01, 9.927E+01, 2.179E+02, 4.142E+00, 6.996E-01, 2.564E-01, 3.888E-01, 1.000E+00, 8.296E-01, 1.000E+00, 9.970E-01, 4.907E-01, 8.391E-01, 3.405E-01, 2.281E-03, 2.749E-03, 0.000E+00, 6.067E+01, 2.666E+01, 5.000E-03, 1.092E-02, 6.281E+01, 7.578E-03, 9.260E-01
20/07/2019,13:00,9,3.491,3.991,25.121,.349,2.115, 1.011E+03, 4.524E+01, 5.869E-05, 3.469E-16, 3.243E+02, 7.727E+01, 2.620E+02, 3.171E+01, 9.927E+01, 2.179E+02, 4.263E+00, 6.995E-01, 2.639E-01, 3.695E-01, 1.000E+00, 8.289E-01, 1.000E+00, 9.961E-01, 5.254E-01, 8.391E-01, 3.640E-01, 2.437E-03, 2.940E-03, 0.000E+00, 5.894E+01, 2.590E+01, 5.000E-03, 1.167E-02, 6.000E+01, 7.863E-03, 8.975E-01
20/07/2019,14:00,9,3.491,3.991,25.007,.362,2.056, 1.011E+03, 5.109E+01, 5.869E-05, 3.469E-16, 2.803E+02, 8.000E+01, 2.551E+02, 3.196E+01, 9.927E+01, 2.179E+02, 4.391E+00, 6.993E-01, 2.718E-01, 3.375E-01, 1.000E+00, 8.221E-01, 1.000E+00, 9.950E-01, 5.597E-01, 8.391E-01, 3.841E-01, 2.571E-03, 3.127E-03, 0.000E+00, 5.721E+01, 2.515E+01, 5.000E-03, 1.231E-02, 5.777E+01, 8.130E-03, 9.094E-01
20/07/2019,15:00,9,3.491,3.991,24.892,.376,1.998, 1.011E+03, 5.800E+01, 5.869E-05, 3.469E-16, 2.205E+02, 7.823E+01, 2.385E+02, 3.039E+01,-1.591E+01, 1.369E+02, 4.526E+00, 5.761E-01, 2.634E-01, 2.923E-01, 1.000E+00, 7.972E-01, 9.999E-01, 9.937E-01, 5.936E-01, 8.391E-01, 3.946E-01, 2.640E-03, 3.311E-03, 0.000E+00, 6.522E+01, 2.595E+01, 5.000E-03, 1.264E-02, 5.669E+01, 8.016E-03, 8.467E-01
20/07/2019,16:00,9,3.491,3.991,23.677,.428,1.700, 1.011E+03, 6.541E+01, 5.869E-05, 3.469E-16, 1.575E+02, 7.194E+01, 2.163E+02, 2.714E+01,-1.591E+01, 1.369E+02, 4.189E+00, 5.749E-01, 2.438E-01, 2.348E-01, 1.000E+00, 7.493E-01, 9.999E-01, 9.725E-01, 7.668E-01, 8.391E-01, 4.689E-01, 3.124E-03, 4.169E-03, 0.000E+00, 7.048E+01, 2.804E+01, 5.000E-03, 1.496E-02, 5.010E+01, 8.088E-03, 7.615E-01
20/07/2019,17:00,9,3.491,3.991,22.463,.480,1.434, 1.011E+03, 7.286E+01, 5.869E-05, 3.469E-16, 9.291E+01, 5.856E+01, 1.789E+02, 2.128E+01,-1.591E+01, 1.369E+02, 3.852E+00, 5.737E-01, 2.242E-01, 1.684E-01, 1.000E+00, 6.533E-01, 9.994E-01, 9.362E-01, 9.218E-01, 8.391E-01, 4.731E-01, 3.139E-03, 4.802E-03, 0.000E+00, 7.666E+01, 3.049E+01, 5.000E-03, 1.503E-02, 4.992E+01, 7.698E-03, 7.115E-01
20/07/2019,18:00,9,3.491,3.991,21.248,.532,1.197, 1.011E+03, 7.999E+01, 5.869E-05, 3.469E-16, 3.606E+01, 3.921E+01, 1.171E+02, 1.341E+01,-5.854E+01, 2.959E+01, 3.516E+00, 3.798E-01, 1.655E-01, 9.958E-02, 1.000E+00, 4.805E-01, 9.919E-01, 8.848E-01, 1.000E+00, 8.391E-01, 3.567E-01, 2.357E-03, 4.867E-03, 0.000E+00, 1.284E+02, 4.131E+01, 5.000E-03, 1.129E-02, 6.140E+01, 5.813E-03, 6.984E-01
20/07/2019,19:00,9,3.491,3.991,19.620,.576,.978, 1.011E+03, 8.647E+01, 5.869E-05, 3.469E-16, 1.851E+00, 1.475E+01, 1.955E+01, 4.536E+00,-5.854E+01, 2.959E+01, 3.504E+00, 3.787E-01, 1.646E-01, 3.532E-02, 1.000E+00, 1.837E-01, 5.525E-01, 7.923E-01, 1.000E+00, 8.391E-01, 1.221E-01, 8.027E-04, 2.414E-03, 0.000E+00, 1.293E+02, 4.152E+01, 5.000E-03, 3.843E-03, 1.131E+02, 4.458E-03, 7.314E-01
20/07/2019,20:00,9,3.491,3.991,17.992,.620,.790, 1.011E+03, 9.196E+01, 5.869E-05, 3.469E-16, 0.000E+00, 0.000E+00, 0.000E+00, 0.000E+00,-5.854E+01, 2.959E+01, 3.551E+00, 3.776E-01, 1.666E-01,-9.990E+02, 1.000E+00,-9.990E+02, 0.000E+00, 0.000E+00, 0.000E+00, 8.391E-01, 0.000E+00, 0.000E+00, 0.000E+00, 0.000E+00, 1.280E+02, 4.104E+01, 5.000E-03, 0.000E+00, 2.000E+02, 3.226E-03, 8.348E-01
20/07/2019,21:00,9,3.491,3.991,16.364,.665,.629, 1.012E+03, 9.614E+01, 5.869E-05, 3.469E-16, 0.000E+00, 0.000E+00, 0.000E+00, 0.000E+00,-4.940E+01, 1.274E+01, 3.656E+00, 3.826E-01, 1.786E-01,-9.990E+02, 1.000E+00,-9.990E+02, 0.000E+00, 0.000E+00, 0.000E+00, 8.391E-01, 0.000E+00, 0.000E+00, 0.000E+00, 0.000E+00, 1.147E+02, 3.828E+01, 5.000E-03, 0.000E+00, 2.000E+02, 3.310E-03, 1.107E+00
20/07/2019,22:00,9,3.491,3.991,15.713,.716,.510, 1.012E+03, 9.875E+01, 5.869E-05, 3.469E-16, 0.000E+00, 0.000E+00, 0.000E+00, 0.000E+00,-4.940E+01, 1.274E+01, 3.561E+00, 3.821E-01, 1.738E-01,-9.990E+02, 1.000E+00,-9.990E+02, 0.000E+00, 0.000E+00, 0.000E+00, 8.391E-01, 0.000E+00, 0.000E+00, 0.000E+00, 0.000E+00, 1.179E+02, 3.932E+01, 5.000E-03, 0.000E+00, 2.000E+02, 3.280E-03, 1.375E+00
20/07/2019,23:00,9,3.491,3.991,15.062,.768,.400, 1.012E+03, 9.957E+01, 5.869E-05, 3.469E-16, 0.000E+00, 0.000E+00, 0.000E+00, 0.000E+00,-4.940E+01, 1.274E+01, 3.478E+00, 3.817E-01, 1.696E-01,-9.990E+02, 1.000E+00,-9.990E+02, 0.000E+00, 0.000E+00, 0.000E+00, 8.391E-01, 0.000E+00, 0.000E+00, 0.000E+00, 0.000E+00, 1.208E+02, 4.029E+01, 5.000E-03, 0.000E+00, 2.000E+02, 3.252E-03, 1.541E+00
21/07/2019,00:00,9,3.491,3.991,14.412,.820,.298, 1.012E+03, 9.853E+01, 3.000E-05, 3.469E-16, 0.000E+00, 0.000E+00, 0.000E+00, 0.000E+00,-3.541E+01, 4.998E+00, 3.406E+00, 3.492E-01, 1.681E-01,-9.990E+02, 1.000E+00,-9.990E+02, 0.000E+00, 0.000E+00, 0.000E+00, 8.391E-01, 0.000E+00, 0.000E+00, 0.000E+00, 0.000E+00, 1.206E+02, 4.067E+01, 5.000E-03, 0.000E+00, 2.000E+02, 3.243E-03, 1.708E+00
21/07/2019,01:00,9,3.491,3.991,14.274,.854,.239, 1.011E+03, 9.573E+01, 3.000E-05, 3.469E-16, 0.000E+00, 0.000E+00, 0.000E+00, 0.000E+00,-3.541E+01, 4.998E+00, 3.256E+00, 3.491E-01, 1.606E-01,-9.990E+02, 1.000E+00,-9.990E+02, 0.000E+00, 0.000E+00, 0.000E+00, 8.391E-01, 0.000E+00, 0.000E+00, 0.000E+00, 0.000E+00, 1.262E+02, 4.255E+01, 5.000E-03, 0.000E+00, 2.000E+02, 3.191E-03, 1.804E+00
21/07/2019,02:00,9,3.491,3.991,14.136,.889,.180, 1.011E+03, 9.138E+01, 3.000E-05, 3.469E-16, 0.000E+00, 0.000E+00, 0.000E+00, 0.000E+00,-3.541E+01, 4.998E+00, 3.109E+00, 3.491E-01, 1.534E-01,-9.990E+02, 1.000E+00,-9.990E+02, 0.000E+00, 0.000E+00, 0.000E+00, 8.300E-01, 0.000E+00, 0.000E+00, 0.000E+00, 0.000E+00, 1.322E+02, 4.457E+01, 7.453E-03, 0.000E+00, 1.342E+02, 3.953E-03, 1.508E+00
21/07/2019,03:00,9,3.491,3.991,13.998,.923,.123, 1.011E+03, 8.576E+01, 3.000E-05, 3.469E-16, 3.623E+00, 1.751E+01, 2.996E+01, 5.453E+00, 2.769E+01, 4.157E+01, 2.965E+00, 4.212E-01, 1.851E-01, 4.234E-02, 1.000E+00, 2.224E-01, 7.084E-01, 2.651E-01, 1.000E+00, 8.300E-01, 4.893E-02, 3.154E-04, 1.005E-03, 0.000E+00, 8.273E+01, 3.693E+01, 1.429E-02, 1.510E-03, 6.328E+01, 6.296E-03, 1.191E+00
21/07/2019,04:00,9,3.491,3.991,15.541,.842,.281, 1.011E+03, 7.920E+01, 3.000E-05, 3.469E-16, 4.172E+01, 4.155E+01, 1.256E+02, 1.434E+01, 2.769E+01, 4.157E+01, 3.014E+00, 4.223E-01, 1.881E-01, 1.074E-01, 1.000E+00, 5.044E-01, 9.943E-01, 4.419E-01, 1.000E+00, 8.300E-01, 1.850E-01, 1.199E-03, 2.363E-03, 0.000E+00, 8.146E+01, 3.634E+01, 5.000E-03, 5.740E-03, 9.311E+01, 5.344E-03, 1.466E+00
21/07/2019,05:00,9,3.491,3.991,17.084,.761,.470, 1.011E+03, 7.202E+01, 3.000E-05, 3.469E-16, 1.012E+02, 6.110E+01, 1.862E+02, 2.231E+01, 2.769E+01, 4.157E+01, 3.063E+00, 4.235E-01, 1.911E-01, 1.762E-01, 1.000E+00, 6.709E-01, 9.995E-01, 5.944E-01, 1.000E+00, 8.300E-01, 3.310E-01, 2.157E-03, 3.213E-03, 0.000E+00, 8.022E+01, 3.577E+01, 5.000E-03, 1.032E-02, 6.525E+01, 6.337E-03, 1.402E+00
21/07/2019,06:00,9,3.491,3.991,18.627,.679,.695, 1.010E+03, 6.457E+01, 3.000E-05, 3.469E-16, 1.656E+02, 7.334E+01, 2.205E+02, 2.776E+01, 1.460E+02, 1.525E+02, 3.112E+00, 6.343E-01, 1.978E-01, 2.418E-01, 1.000E+00, 7.579E-01, 9.999E-01, 7.227E-01, 1.000E+00, 8.300E-01, 4.546E-01, 2.978E-03, 3.928E-03, 0.000E+00, 7.494E+01, 3.456E+01, 5.000E-03, 1.426E-02, 5.193E+01, 7.101E-03, 1.500E+00
21/07/2019,07:00,9,3.491,3.991,19.945,.618,.900, 1.010E+03, 5.721E+01, 3.000E-05, 3.469E-16, 2.282E+02, 7.891E+01, 2.415E+02, 3.075E+01, 1.460E+02, 1.525E+02, 3.327E+00, 6.358E-01, 2.113E-01, 2.979E-01, 1.000E+00, 8.018E-01, 1.000E+00, 8.130E-01, 1.000E+00, 8.300E-01, 5.410E-01, 3.560E-03, 4.439E-03, 0.000E+00, 7.017E+01, 3.234E+01, 5.000E-03, 1.704E-02, 4.537E+01, 7.778E-03, 1.397E+00
21/07/2019,08:00,9,3.491,3.991,21.263,.556,1.136, 1.010E+03, 5.042E+01, 3.000E-05, 3.469E-16, 2.826E+02, 7.898E+01, 2.534E+02, 3.165E+01, 1.460E+02, 1.525E+02, 3.545E+00, 6.372E-01, 2.251E-01, 3.414E-01, 1.000E+00, 8.208E-01, 1.000E+00, 8.855E-01, 1.000E+00, 8.300E-01, 6.033E-01, 3.987E-03, 4.857E-03, 0.000E+00, 6.591E+01, 3.036E+01, 5.000E-03, 1.909E-02, 4.151E+01, 8.360E-03, 1.243E+00
21/07/2019,09:00,9,3.491,3.991,22.582,.495,1.404, 1.010E+03, 4.478E+01, 4.564E-03, 3.469E-16, 1.967E+02, 1.310E+02, 1.831E+02, 4.454E+01, 2.048E+02, 2.132E+02, 3.767E+00, 7.583E-01, 2.373E-01, 3.719E-01, 1.000E+00, 8.992E-01, 9.995E-01, 9.404E-01, 9.397E-01, 8.300E-01, 6.595E-01, 4.379E-03, 4.867E-03, 0.000E+00, 6.344E+01, 2.880E+01, 5.000E-03, 2.096E-02, 3.852E+01, 8.865E-03, 1.261E+00
21/07/2019,10:00,9,3.491,3.991,23.466,.468,1.561, 1.009E+03, 4.100E+01, 4.564E-03, 3.469E-16, 2.124E+02, 1.340E+02, 1.863E+02, 4.562E+01, 2.048E+02, 2.132E+02, 4.227E+00, 7.596E-01, 2.663E-01, 3.896E-01, 1.000E+00, 9.063E-01, 9.995E-01, 9.672E-01, 8.483E-01, 8.300E-01, 6.172E-01, 4.110E-03, 4.532E-03, 0.000E+00, 5.657E+01, 2.567E+01, 5.000E-03, 1.968E-02, 4.053E+01, 9.367E-03, 1.428E+00
21/07/2019,11:00,9,3.491,3.991,24.351,.442,1.730, 1.009E+03, 3.977E+01, 4.564E-03, 3.469E-16, 2.173E+02, 1.348E+02, 1.872E+02, 4.590E+01, 2.048E+02, 2.132E+02, 4.722E+00, 7.610E-01, 2.973E-01, 3.949E-01, 1.000E+00, 9.082E-01, 9.995E-01, 9.861E-01, 7.494E-01, 8.300E-01, 5.571E-01, 3.720E-03, 4.095E-03, 0.000E+00, 5.067E+01, 2.299E+01, 5.000E-03, 1.781E-02, 4.384E+01, 9.695E-03, 1.508E+00
21/07/2019,12:00,9,3.491,3.991,25.235,.415,1.913, 1.008E+03, 4.136E+01, 4.700E-02, 3.469E-16, 2.664E+01, 1.407E+02, 6.082E+01, 4.307E+01, 1.067E+02, 1.698E+02, 5.241E+00, 7.737E-01, 3.222E-01, 3.880E-01, 1.000E+00, 8.641E-01, 9.180E-01, 9.970E-01, 6.428E-01, 8.300E-01, 4.596E-01, 3.079E-03, 3.271E-03, 0.000E+00, 4.887E+01, 2.121E+01, 5.000E-03, 1.474E-02, 5.066E+01, 9.453E-03, 1.408E+00
21/07/2019,13:00,9,3.491,3.991,23.973,.492,1.538, 1.009E+03, 4.542E+01, 4.700E-02, 3.469E-16, 2.449E+01, 1.330E+02, 5.815E+01, 4.070E+01, 1.067E+02, 1.698E+02, 4.888E+00, 7.720E-01, 3.006E-01, 3.686E-01, 1.000E+00, 8.479E-01, 9.085E-01, 9.790E-01, 8.615E-01, 8.300E-01, 5.936E-01, 3.959E-03, 4.242E-03, 0.000E+00, 5.238E+01, 2.274E+01, 5.000E-03, 1.896E-02, 4.174E+01, 9.918E-03, 1.250E+00
21/07/2019,14:00,9,3.491,3.991,22.710,.569,1.207, 1.009E+03, 5.126E+01, 4.700E-02, 3.469E-16, 2.115E+01, 1.200E+02, 5.366E+01, 3.676E+01, 1.067E+02, 1.698E+02, 4.579E+00, 7.702E-01, 2.816E-01, 3.364E-01, 1.000E+00, 8.167E-01, 8.900E-01, 9.448E-01, 1.000E+00, 8.300E-01, 6.404E-01, 4.253E-03, 4.635E-03, 0.000E+00, 5.588E+01, 2.427E+01, 5.000E-03, 2.036E-02, 3.943E+01, 9.757E-03, 1.181E+00
21/07/2019,15:00,9,3.491,3.991,21.447,.646,.916, 1.009E+03, 5.817E+01, 8.365E-01, 3.469E-16, 4.481E+00, 7.881E+01, 2.813E+01, 2.388E+01,-1.664E+01, 7.039E+01, 4.323E+00, 4.012E-01, 2.415E-01, 2.911E-01, 1.000E+00, 6.431E-01, 6.856E-01, 8.942E-01, 1.000E+00, 8.300E-01, 4.773E-01, 3.156E-03, 3.365E-03, 0.000E+00, 7.413E+01, 2.830E+01, 5.000E-03, 1.511E-02, 4.972E+01, 8.049E-03, 1.034E+00
21/07/2019,16:00,9,3.491,3.991,20.140,.763,.566, 1.009E+03, 6.557E+01, 8.365E-01, 3.469E-16, 3.192E+00, 6.063E+01, 2.224E+01, 1.838E+01,-1.664E+01, 7.039E+01, 3.678E+00, 4.003E-01, 2.054E-01, 2.335E-01, 1.000E+00, 5.465E-01, 5.993E-01, 8.248E-01, 1.000E+00, 8.300E-01, 3.741E-01, 2.463E-03, 2.701E-03, 0.000E+00, 8.720E+01, 3.328E+01, 5.000E-03, 1.179E-02, 5.955E+01, 6.795E-03, 6.939E-01
21/07/2019,17:00,9,3.491,3.991,18.832,.879,.265, 1.009E+03, 7.302E+01, 8.365E-01, 3.469E-16, 1.872E+00, 4.007E+01, 1.535E+01, 1.215E+01,-1.664E+01, 7.039E+01, 3.136E+00, 3.994E-01, 1.750E-01, 1.669E-01, 1.000E+00, 4.058E-01, 4.682E-01, 7.379E-01, 1.000E+00, 8.300E-01, 2.485E-01, 1.629E-03, 1.879E-03, 0.000E+00, 1.024E+02, 3.906E+01, 6.389E-03, 7.798E-03, 7.049E+01, 5.770E-03, 6.261E-01
21/07/2019,18:00,9,3.491,3.991,17.525,.995,.009, 1.009E+03, 8.016E+01, 6.686E-01, 3.469E-16, 1.764E+00, 2.377E+01, 1.240E+01, 7.239E+00,-1.849E+01, 1.882E+01, 2.757E+00, 3.545E-01, 1.486E-01, 9.793E-02, 1.000E+00, 2.714E-01, 3.995E-01, 6.335E-01, 1.000E+00, 8.300E-01, 1.427E-01, 9.313E-04, 1.371E-03, 0.000E+00, 1.248E+02, 4.599E+01, 3.625E-02, 4.459E-03, 2.457E+01, 6.847E-03, 6.912E-01
21/07/2019,19:00,9,3.491,3.991,17.174,.997,.007, 1.009E+03, 8.664E+01, 6.686E-01, 3.469E-16, 7.663E-02, 5.322E+00, 2.261E+00, 1.607E+00,-1.849E+01, 1.882E+01, 2.743E+00, 3.543E-01, 1.478E-01, 3.358E-02, 1.000E+00, 6.480E-02, 8.880E-02, 6.026E-01, 1.000E+00, 8.300E-01, 3.241E-02, 2.112E-04, 2.894E-04, 0.000E+00, 1.255E+02, 4.623E+01, 3.647E-02, 1.011E-03, 2.668E+01, 6.720E-03, 6.265E-01
21/07/2019,20:00,9,3.491,3.991,16.824,.998,.004, 1.009E+03, 9.214E+01, 6.686E-01, 3.469E-16, 0.000E+00, 0.000E+00, 0.000E+00, 0.000E+00,-1.849E+01, 1.882E+01, 2.736E+00, 3.541E-01, 1.474E-01,-9.990E+02, 1.000E+00,-9.990E+02, 0.000E+00, 0.000E+00, 0.000E+00, 8.300E-01, 0.000E+00, 0.000E+00, 0.000E+00, 0.000E+00, 1.259E+02, 4.636E+01, 3.670E-02, 0.000E+00, 2.725E+01, 6.679E-03, 5.861E-01
21/07/2019,21:00,9,3.491,3.991,16.473,.999,.002, 1.009E+03, 9.633E+01, 2.223E-01, 3.469E-16, 0.000E+00, 0.000E+00, 0.000E+00, 0.000E+00,-6.966E+00, 8.966E+00, 2.736E+00, 2.718E-01, 1.498E-01,-9.990E+02, 1.000E+00,-9.990E+02, 0.000E+00, 0.000E+00, 0.000E+00, 8.300E-01, 0.000E+00, 0.000E+00, 0.000E+00, 0.000E+00, 1.220E+02, 4.564E+01, 3.694E-02, 0.000E+00, 2.707E+01, 6.781E-03, 5.350E-01
21/07/2019,22:00,9,3.491,3.991,16.278,.997,.005, 1.009E+03, 9.894E+01, 2.223E-01, 3.469E-16, 0.000E+00, 0.000E+00, 0.000E+00, 0.000E+00,-6.966E+00, 8.966E+00, 2.413E+00, 2.717E-01, 1.320E-01,-9.990E+02, 1.000E+00,-9.990E+02, 0.000E+00, 0.000E+00, 0.000E+00, 8.300E-01, 0.000E+00, 0.000E+00, 0.000E+00, 0.000E+00, 1.384E+02, 5.177E+01, 3.707E-02, 0.000E+00, 2.697E+01, 6.115E-03, 5.928E-01
21/07/2019,23:00,9,3.491,3.991,16.082,.996,.008, 1.009E+03, 9.976E+01, 2.223E-01, 3.469E-16, 0.000E+00, 0.000E+00, 0.000E+00, 0.000E+00,-6.966E+00, 8.966E+00, 2.089E+00, 2.716E-01, 1.143E-01,-9.990E+02, 1.000E+00,-9.990E+02, 0.000E+00, 0.000E+00, 0.000E+00, 8.300E-01, 0.000E+00, 0.000E+00, 0.000E+00, 0.000E+00, 1.598E+02, 5.979E+01, 3.721E-02, 0.000E+00, 2.687E+01, 5.418E-03, 6.870E-01
22/07/2019,00:00,9,3.491,3.991,15.886,.994,.011, 1.009E+03, 9.873E+01, 3.828E-01, 3.469E-16, 0.000E+00, 0.000E+00, 0.000E+00, 0.000E+00,-4.673E+00, 8.931E+00, 1.766E+00, 1.263E-01, 1.000E-01,-9.990E+02, 1.000E+00,-9.990E+02, 0.000E+00, 0.000E+00, 0.000E+00, 8.300E-01, 0.000E+00, 0.000E+00, 0.000E+00, 0.000E+00, 2.643E+02, 6.835E+01, 3.735E-02, 0.000E+00, 2.677E+01, 4.659E-03, 7.396E-01
22/07/2019,01:00,9,3.491,3.991,15.674,.993,.012, 1.009E+03, 9.593E+01, 3.828E-01, 3.469E-16, 0.000E+00, 0.000E+00, 0.000E+00, 0.000E+00,-4.673E+00, 8.931E+00, 8.571E-01, 1.262E-01, 1.000E-01,-9.990E+02, 1.000E+00,-9.990E+02, 0.000E+00, 0.000E+00, 0.000E+00, 8.300E-01, 0.000E+00, 0.000E+00, 0.000E+00, 0.000E+00, 2.644E+02, 6.835E+01, 3.474E-02, 0.000E+00, 2.879E+01, 4.615E-03, 8.521E-01
22/07/2019,02:00,9,3.491,3.991,15.462,.992,.013, 1.009E+03, 9.157E+01, 3.828E-01, 3.469E-16, 0.000E+00, 0.000E+00, 0.000E+00, 0.000E+00,-4.673E+00, 8.931E+00, 1.708E-01, 1.262E-01, 1.000E-01,-9.990E+02, 1.000E+00,-9.990E+02, 0.000E+00, 0.000E+00, 0.000E+00, 8.273E-01, 0.000E+00, 0.000E+00, 0.000E+00, 0.000E+00, 2.645E+02, 6.835E+01, 3.488E-02, 0.000E+00, 2.867E+01, 4.618E-03, 8.701E-01
22/07/2019,03:00,9,3.491,3.991,15.251,.992,.014, 1.009E+03, 8.594E+01, 2.186E-02, 3.469E-16, 1.808E+00, 1.416E+01, 1.714E+01, 4.356E+00, 5.806E+00, 6.637E+01, 1.001E+00, 2.725E-01, 1.000E-01, 4.051E-02, 1.000E+00, 1.779E-01, 5.058E-01, 4.105E-01, 1.000E+00, 8.273E-01, 6.040E-02, 3.911E-04, 1.112E-03, 0.000E+00, 1.556E+02, 6.835E+01, 3.503E-02, 1.872E-03, 2.710E+01, 4.892E-03, 8.829E-01
22/07/2019,04:00,9,3.491,3.991,15.957,.955,.083, 1.009E+03, 7.938E+01, 2.186E-02, 3.469E-16, 2.349E+01, 4.191E+01, 7.735E+01, 1.365E+01, 5.806E+00, 6.637E+01, 1.379E+00, 2.729E-01, 1.000E-01, 1.056E-01, 1.000E+00, 4.856E-01, 9.585E-01, 4.854E-01, 1.000E+00, 8.273E-01, 1.950E-01, 1.265E-03, 2.498E-03, 0.000E+00, 1.556E+02, 6.835E+01, 1.951E-02, 6.059E-03, 3.911E+01, 4.621E-03, 9.407E-01
22/07/2019,05:00,9,3.491,3.991,16.664,.918,.157, 1.009E+03, 7.219E+01, 2.186E-02, 3.469E-16, 5.793E+01, 7.096E+01, 1.183E+02, 2.362E+01, 5.806E+00, 6.637E+01, 1.814E+00, 2.732E-01, 1.122E-01, 1.746E-01, 1.000E+00, 6.863E-01, 9.923E-01, 5.553E-01, 1.000E+00, 8.273E-01, 3.152E-01, 2.051E-03, 2.966E-03, 0.000E+00, 1.387E+02, 6.090E+01, 1.007E-02, 9.819E-03, 5.028E+01, 4.801E-03, 9.228E-01
22/07/2019,06:00,9,3.491,3.991,17.370,.881,.239, 1.009E+03, 6.474E+01, 1.853E-01, 3.469E-16, 1.651E+02, 7.354E+01, 2.213E+02, 2.782E+01, 6.367E+01, 1.861E+02, 2.273E+00, 3.994E-01, 1.488E-01, 2.404E-01, 1.000E+00, 7.581E-01, 9.999E-01, 6.200E-01, 1.000E+00, 8.273E-01, 3.888E-01, 2.536E-03, 3.345E-03, 0.000E+00, 9.455E+01, 4.595E+01, 6.477E-03, 1.214E-02, 5.371E+01, 5.864E-03, 1.032E+00
22/07/2019,07:00,9,3.491,3.991,18.271,.822,.377, 1.009E+03, 5.739E+01, 1.853E-01, 3.469E-16, 2.282E+02, 7.929E+01, 2.426E+02, 3.088E+01, 6.367E+01, 1.861E+02, 2.096E+00, 4.001E-01, 1.371E-01, 2.966E-01, 1.000E+00, 8.025E-01, 1.000E+00, 6.952E-01, 1.000E+00, 8.273E-01, 4.616E-01, 3.020E-03, 3.762E-03, 0.000E+00, 1.026E+02, 4.984E+01, 5.000E-03, 1.446E-02, 5.140E+01, 5.614E-03, 9.848E-01
22/07/2019,08:00,9,3.491,3.991,19.172,.764,.530, 1.009E+03, 5.060E+01, 1.853E-01, 3.469E-16, 2.829E+02, 7.947E+01, 2.547E+02, 3.183E+01, 6.367E+01, 1.861E+02, 1.978E+00, 4.007E-01, 1.294E-01, 3.403E-01, 1.000E+00, 8.218E-01, 1.000E+00, 7.621E-01, 1.000E+00, 8.273E-01, 5.182E-01, 3.400E-03, 4.137E-03, 0.000E+00, 1.088E+02, 5.283E+01, 5.000E-03, 1.628E-02, 4.699E+01, 5.514E-03, 1.006E+00
22/07/2019,09:00,9,3.491,3.991,20.073,.705,.700, 1.009E+03, 4.497E+01, 2.804E-01, 3.469E-16, 3.235E+02, 7.635E+01, 2.600E+02, 3.139E+01, 1.112E+02, 2.456E+02, 1.929E+00, 4.728E-01, 1.266E-01, 3.709E-01, 1.000E+00, 8.270E-01, 1.000E+00, 8.208E-01, 1.000E+00, 8.273E-01, 5.615E-01, 3.696E-03, 4.469E-03, 0.000E+00, 1.105E+02, 5.398E+01, 5.000E-03, 1.770E-02, 4.406E+01, 5.522E-03, 1.054E+00
22/07/2019,10:00,9,3.491,3.991,20.501,.687,.763, 1.009E+03, 4.120E+01, 2.804E-01, 3.469E-16, 3.494E+02, 7.340E+01, 2.630E+02, 3.077E+01, 1.112E+02, 2.456E+02, 2.033E+00, 4.731E-01, 1.334E-01, 3.887E-01, 1.000E+00, 8.276E-01, 1.000E+00, 8.457E-01, 1.000E+00, 8.273E-01, 5.790E-01, 3.817E-03, 4.612E-03, 0.000E+00, 1.049E+02, 5.122E+01, 5.000E-03, 1.827E-02, 4.297E+01, 5.780E-03, 9.893E-01
22/07/2019,11:00,9,3.491,3.991,20.930,.670,.828, 1.009E+03, 3.997E+01, 2.804E-01, 3.469E-16, 3.575E+02, 7.230E+01, 2.637E+02, 3.051E+01, 1.112E+02, 2.456E+02, 2.137E+00, 4.734E-01, 1.403E-01, 3.940E-01, 1.000E+00, 8.272E-01, 1.000E+00, 8.689E-01, 1.000E+00, 8.273E-01, 5.946E-01, 3.925E-03, 4.745E-03, 0.000E+00, 9.979E+01, 4.873E+01, 5.000E-03, 1.879E-02, 4.203E+01, 6.033E-03, 8.975E-01
22/07/2019,12:00,9,3.491,3.991,21.359,.652,.896, 1.010E+03, 4.156E+01, 2.429E-01, 3.469E-16, 3.420E+02, 7.265E+01, 2.589E+02, 3.039E+01, 5.464E+01, 2.017E+02, 2.241E+00, 4.037E-01, 1.451E-01, 3.871E-01, 1.000E+00, 8.244E-01, 1.000E+00, 8.901E-01, 1.000E+00, 8.273E-01, 6.070E-01, 4.013E-03, 4.868E-03, 0.000E+00, 9.875E+01, 4.710E+01, 5.000E-03, 1.921E-02, 4.130E+01, 6.190E-03, 8.331E-01
22/07/2019,13:00,9,3.491,3.991,21.173,.675,.828, 1.009E+03, 4.561E+01, 2.429E-01, 3.469E-16, 3.143E+02, 7.567E+01, 2.556E+02, 3.101E+01, 5.464E+01, 2.017E+02, 1.906E+00, 4.037E-01, 1.234E-01, 3.677E-01, 1.000E+00, 8.233E-01, 1.000E+00, 8.811E-01, 1.000E+00, 8.273E-01, 6.001E-01, 3.965E-03, 4.816E-03, 0.000E+00, 1.161E+02, 5.538E+01, 5.000E-03, 1.898E-02, 4.169E+01, 5.462E-03, 7.934E-01
22/07/2019,14:00,9,3.491,3.991,20.987,.698,.761, 1.009E+03, 5.144E+01, 2.429E-01, 3.469E-16, 2.712E+02, 7.817E+01, 2.487E+02, 3.119E+01, 5.464E+01, 2.017E+02, 1.596E+00, 4.036E-01, 1.034E-01, 3.354E-01, 1.000E+00, 8.158E-01, 1.000E+00, 8.718E-01, 1.000E+00, 8.273E-01, 5.883E-01, 3.885E-03, 4.762E-03, 0.000E+00, 1.386E+02, 6.613E+01, 5.000E-03, 1.860E-02, 4.238E+01, 4.734E-03, 7.123E-01
22/07/2019,15:00,9,3.491,3.991,20.801,.720,.695, 1.009E+03, 5.834E+01, 1.901E-02, 3.469E-16, 2.212E+02, 7.925E+01, 2.415E+02, 3.076E+01,-7.664E+00, 8.528E+01, 1.329E+00, 1.311E-01, 1.000E-01, 2.899E-01, 1.000E+00, 7.996E-01, 1.000E+00, 8.621E-01, 1.000E+00, 8.273E-01, 5.702E-01, 3.763E-03, 4.706E-03, 0.000E+00, 3.090E+02, 6.835E+01, 5.000E-03, 1.802E-02, 4.345E+01, 4.247E-03, 6.006E-01
22/07/2019,16:00,9,3.491,3.991,20.580,.751,.612, 1.009E+03, 6.573E+01, 1.901E-02, 3.469E-16, 1.571E+02, 7.258E+01, 2.185E+02, 2.735E+01,-7.664E+00, 8.528E+01, 1.078E+00, 1.310E-01, 1.000E-01, 2.321E-01, 1.000E+00, 7.506E-01, 9.999E-01, 8.501E-01, 1.000E+00, 8.273E-01, 5.279E-01, 3.481E-03, 4.637E-03, 0.000E+00, 3.092E+02, 6.835E+01, 5.000E-03, 1.666E-02, 4.616E+01, 4.198E-03, 5.603E-01
22/07/2019,17:00,9,3.491,3.991,20.358,.781,.530, 1.009E+03, 7.319E+01, 1.901E-02, 3.469E-16, 9.156E+01, 5.867E+01, 1.796E+02, 2.128E+01,-7.664E+00, 8.528E+01, 1.126E+00, 1.310E-01, 1.000E-01, 1.653E-01, 1.000E+00, 6.520E-01, 9.994E-01, 8.376E-01, 1.000E+00, 8.273E-01, 4.518E-01, 2.977E-03, 4.563E-03, 0.000E+00, 3.093E+02, 6.835E+01, 5.000E-03, 1.425E-02, 5.194E+01, 4.099E-03, 5.518E-01
22/07/2019,18:00,9,3.491,3.991,20.137,.811,.451, 1.009E+03, 8.033E+01, 0.000E+00, 3.469E-16, 3.364E+01, 3.805E+01, 1.131E+02, 1.296E+01,-3.235E+01, 1.740E+01, 1.443E+00, 2.754E-01, 1.000E-01, 9.622E-02, 1.000E+00, 4.687E-01, 9.904E-01, 8.246E-01, 1.000E+00, 8.273E-01, 3.197E-01, 2.105E-03, 4.449E-03, 0.000E+00, 2.324E+02, 6.835E+01, 5.000E-03, 1.008E-02, 6.632E+01, 3.980E-03, 8.502E-01
22/07/2019,19:00,9,3.491,3.991,19.303,.776,.506, 1.009E+03, 8.682E+01, 0.000E+00, 3.469E-16, 1.200E+00, 1.329E+01, 1.488E+01, 4.063E+00,-3.235E+01, 1.740E+01, 2.041E+00, 2.750E-01, 1.000E-01, 3.178E-02, 1.000E+00, 1.635E-01, 4.577E-01, 7.712E-01, 1.000E+00, 8.273E-01, 1.043E-01, 6.850E-04, 1.917E-03, 0.000E+00, 2.327E+02, 6.835E+01, 5.000E-03, 3.279E-03, 1.208E+02, 3.271E-03, 1.070E+00
22/07/2019,20:00,9,3.491,3.991,18.470,.742,.554, 1.009E+03, 9.233E+01, 0.000E+00, 3.469E-16, 0.000E+00, 0.000E+00, 0.000E+00, 0.000E+00,-3.235E+01, 1.740E+01, 2.795E+00, 2.746E-01, 1.200E-01,-9.990E+02, 1.000E+00,-9.990E+02, 0.000E+00, 0.000E+00, 0.000E+00, 8.273E-01, 0.000E+00, 0.000E+00, 0.000E+00, 0.000E+00, 1.942E+02, 5.698E+01, 5.000E-03, 0.000E+00, 2.000E+02, 2.823E-03, 9.302E-01
22/07/2019,21:00,9,3.491,3.991,17.636,.707,.596, 1.009E+03, 9.653E+01, 0.000E+00, 3.469E-16, 0.000E+00, 0.000E+00, 0.000E+00, 0.000E+00,-4.949E+01, 1.708E+01, 3.607E+00, 4.154E-01, 1.832E-01,-9.990E+02, 1.000E+00,-9.990E+02, 0.000E+00, 0.000E+00, 0.000E+00, 8.273E-01, 0.000E+00, 0.000E+00, 0.000E+00, 0.000E+00, 1.075E+02, 3.731E+01, 5.000E-03, 0.000E+00, 2.000E+02, 3.343E-03, 8.733E-01
22/07/2019,22:00,9,3.491,3.991,17.069,.732,.526, 1.010E+03, 9.914E+01, 0.000E+00, 3.469E-16, 0.000E+00, 0.000E+00, 0.000E+00, 0.000E+00,-4.949E+01, 1.708E+01, 3.459E+00, 4.149E-01, 1.756E-01,-9.990E+02, 1.000E+00,-9.990E+02, 0.000E+00, 0.000E+00, 0.000E+00, 8.273E-01, 0.000E+00, 0.000E+00, 0.000E+00, 0.000E+00, 1.122E+02, 3.892E+01, 5.000E-03, 0.000E+00, 2.000E+02, 3.296E-03, 7.731E-01
22/07/2019,23:00,9,3.491,3.991,16.501,.757,.460, 1.010E+03, 9.997E+01, 0.000E+00, 3.469E-16, 0.000E+00, 0.000E+00, 0.000E+00, 0.000E+00,-4.949E+01, 1.708E+01, 3.401E+00, 4.145E-01, 1.726E-01,-9.990E+02, 1.000E+00,-9.990E+02, 0.000E+00, 0.000E+00, 0.000E+00, 8.273E-01, 0.000E+00, 0.000E+00, 0.000E+00, 0.000E+00, 1.142E+02, 3.961E+01, 5.000E-03, 0.000E+00, 2.000E+02, 3.276E-03, 7.170E-01
23/07/2019,00:00,9,3.491,3.991,15.934,.782,.398, 1.010E+03, 9.893E+01, 4.074E-05, 3.469E-16, 0.000E+00, 0.000E+00, 0.000E+00, 0.000E+00,-2.690E+01, 1.165E+01, 3.436E+00, 3.175E-01, 1.692E-01,-9.990E+02, 1.000E+00,-9.990E+02, 0.000E+00, 0.000E+00, 0.000E+00, 8.273E-01, 0.000E+00, 0.000E+00, 0.000E+00, 0.000E+00, 1.200E+02, 4.039E+01, 5.000E-03, 0.000E+00, 2.000E+02, 3.250E-03, 6.692E-01
23/07/2019,01:00,9,3.491,3.991,15.789,.804,.354, 1.010E+03, 9.613E+01, 4.074E-05, 3.469E-16, 0.000E+00, 0.000E+00, 0.000E+00, 0.000E+00,-2.690E+01, 1.165E+01, 3.117E+00, 3.174E-01, 1.535E-01,-9.990E+02, 1.000E+00,-9.990E+02, 0.000E+00, 0.000E+00, 0.000E+00, 8.273E-01, 0.000E+00, 0.000E+00, 0.000E+00, 0.000E+00, 1.323E+02, 4.453E+01, 5.000E-03, 0.000E+00, 2.000E+02, 3.138E-03, 6.766E-01
23/07/2019,02:00,9,3.491,3.991,15.644,.826,.311, 1.011E+03, 9.176E+01, 4.074E-05, 3.469E-16, 0.000E+00, 0.000E+00, 0.000E+00, 0.000E+00,-2.690E+01, 1.165E+01, 2.808E+00, 3.173E-01, 1.382E-01,-9.990E+02, 1.000E+00,-9.990E+02, 0.000E+00, 0.000E+00, 0.000E+00, 8.374E-01, 0.000E+00, 0.000E+00, 0.000E+00, 0.000E+00, 1.470E+02, 4.945E+01, 5.000E-03, 0.000E+00, 2.000E+02, 3.014E-03, 7.070E-01
23/07/2019,03:00,9,3.491,3.991,15.499,.848,.269, 1.011E+03, 8.613E+01, 4.074E-05, 3.469E-16, 2.609E+00, 1.604E+01, 2.430E+01, 4.960E+00, 1.360E+01, 3.688E+01, 2.511E+00, 3.383E-01, 1.564E-01, 3.864E-02, 1.000E+00, 2.018E-01, 6.320E-01, 4.373E-01, 1.000E+00, 8.374E-01, 7.391E-02, 4.789E-04, 1.500E-03, 0.000E+00, 9.826E+01, 4.370E+01, 5.000E-03, 2.293E-03, 1.371E+02, 3.996E-03, 7.700E-01
23/07/2019,04:00,9,3.491,3.991,16.254,.825,.326, 1.011E+03, 7.956E+01, 4.074E-05, 3.469E-16, 3.907E+01, 4.045E+01, 1.217E+02, 1.390E+01, 1.360E+01, 3.688E+01, 2.405E+00, 3.387E-01, 1.498E-01, 1.038E-01, 1.000E+00, 4.934E-01, 9.933E-01, 5.154E-01, 1.000E+00, 8.374E-01, 2.129E-01, 1.383E-03, 2.785E-03, 0.000E+00, 1.026E+02, 4.563E+01, 5.000E-03, 6.622E-03, 8.604E+01, 4.898E-03, 7.776E-01
23/07/2019,05:00,9,3.491,3.991,17.009,.801,.388, 1.011E+03, 7.237E+01, 4.074E-05, 3.469E-16, 9.826E+01, 6.041E+01, 1.842E+02, 2.202E+01, 1.360E+01, 3.688E+01, 2.304E+00, 3.391E-01, 1.435E-01, 1.729E-01, 1.000E+00, 6.655E-01, 9.995E-01, 5.876E-01, 1.000E+00, 8.374E-01, 3.274E-01, 2.133E-03, 3.203E-03, 0.000E+00, 1.071E+02, 4.763E+01, 5.000E-03, 1.021E-02, 6.574E+01, 5.289E-03, 8.205E-01
23/07/2019,06:00,9,3.491,3.991,17.764,.778,.456, 1.011E+03, 6.492E+01, 4.074E-05, 3.469E-16, 1.627E+02, 7.302E+01, 2.195E+02, 2.760E+01, 9.752E+01, 1.164E+02, 2.208E+00, 3.445E-01, 1.536E-01, 2.389E-01, 1.000E+00, 7.554E-01, 9.999E-01, 6.539E-01, 1.000E+00, 8.374E-01, 4.136E-01, 2.701E-03, 3.576E-03, 0.000E+00, 8.240E+01, 4.451E+01, 5.000E-03, 1.293E-02, 5.577E+01, 6.043E-03, 9.075E-01
23/07/2019,07:00,9,3.491,3.991,18.810,.727,.598, 1.011E+03, 5.757E+01, 4.074E-05, 3.469E-16, 2.255E+02, 7.890E+01, 2.409E+02, 3.071E+01, 9.752E+01, 1.164E+02, 1.833E+00, 3.451E-01, 1.274E-01, 2.953E-01, 1.000E+00, 8.007E-01, 1.000E+00, 7.362E-01, 1.000E+00, 8.374E-01, 4.936E-01, 3.235E-03, 4.040E-03, 0.000E+00, 9.940E+01, 5.366E+01, 5.000E-03, 1.549E-02, 4.881E+01, 5.521E-03, 1.003E+00
23/07/2019,08:00,9,3.491,3.991,19.855,.677,.758, 1.012E+03, 5.079E+01, 4.074E-05, 3.469E-16, 2.800E+02, 7.922E+01, 2.532E+02, 3.169E+01, 9.752E+01, 1.164E+02, 1.496E+00, 3.457E-01, 1.039E-01, 3.392E-01, 1.000E+00, 8.205E-01, 1.000E+00, 8.074E-01, 1.000E+00, 8.374E-01, 5.547E-01, 3.649E-03, 4.447E-03, 0.000E+00, 1.219E+02, 6.578E+01, 5.000E-03, 1.747E-02, 4.451E+01, 4.837E-03, 1.131E+00
23/07/2019,09:00,9,3.491,3.991,20.901,.626,.936, 1.012E+03, 4.516E+01, 4.074E-05, 3.469E-16, 3.024E+02, 7.191E+01, 2.440E+02, 2.952E+01, 1.610E+02, 2.031E+02, 1.229E+00, 3.216E-01, 1.000E-01, 3.699E-01, 1.000E+00, 8.129E-01, 1.000E+00, 8.674E-01, 1.000E+00, 8.374E-01, 5.904E-01, 3.897E-03, 4.794E-03, 0.000E+00, 1.134E+02, 6.835E+01, 5.000E-03, 1.866E-02, 4.227E+01, 4.899E-03, 1.352E+00
23/07/2019,10:00,9,3.491,3.991,21.835,.582,1.110, 1.012E+03, 4.140E+01, 4.074E-05, 3.469E-16, 3.268E+02, 6.918E+01, 2.468E+02, 2.896E+01, 1.610E+02, 2.031E+02, 1.014E+00, 3.221E-01, 1.000E-01, 3.878E-01, 1.000E+00, 8.139E-01, 1.000E+00, 9.115E-01, 1.000E+00, 8.374E-01, 6.212E-01, 4.114E-03, 5.054E-03, 0.000E+00, 1.135E+02, 6.835E+01, 5.000E-03, 1.970E-02, 4.049E+01, 4.941E-03, 1.484E+00
23/07/2019,11:00,9,3.491,3.991,22.769,.537,1.301, 1.012E+03, 4.018E+01, 4.074E-05, 3.469E-16, 3.344E+02, 6.815E+01, 2.475E+02, 2.872E+01, 1.610E+02, 2.031E+02, 1.530E+00, 3.226E-01, 1.133E-01, 3.931E-01, 1.000E+00, 8.137E-01, 1.000E+00, 9.467E-01, 9.997E-01, 8.374E-01, 6.449E-01, 4.284E-03, 5.264E-03, 0.000E+00, 1.002E+02, 6.032E+01, 5.000E-03, 2.051E-02, 3.920E+01, 5.491E-03, 1.613E+00
23/07/2019,12:00,9,3.491,3.991,23.702,.493,1.510, 1.012E+03, 4.176E+01, 9.232E-04, 3.469E-16, 3.434E+02, 7.348E+01, 2.608E+02, 3.070E+01, 1.815E+01, 1.004E+02, 2.334E+00, 3.013E-01, 1.494E-01, 3.862E-01, 1.000E+00, 8.263E-01, 1.000E+00, 9.731E-01, 8.778E-01, 8.374E-01, 5.910E-01, 3.938E-03, 4.766E-03, 0.000E+00, 9.798E+01, 4.576E+01, 5.000E-03, 1.886E-02, 4.192E+01, 6.277E-03, 1.614E+00
23/07/2019,13:00,9,3.491,3.991,23.145,.529,1.355, 1.012E+03, 4.580E+01, 9.232E-04, 3.469E-16, 3.154E+02, 7.648E+01, 2.575E+02, 3.130E+01, 1.815E+01, 1.004E+02, 1.121E+00, 3.010E-01, 1.000E-01, 3.667E-01, 1.000E+00, 8.252E-01, 1.000E+00, 9.584E-01, 9.678E-01, 8.374E-01, 6.409E-01, 4.263E-03, 5.166E-03, 0.000E+00, 1.463E+02, 6.835E+01, 5.000E-03, 2.041E-02, 3.935E+01, 4.658E-03, 1.686E+00
23/07/2019,14:00,9,3.491,3.991,22.588,.565,1.209, 1.012E+03, 5.162E+01, 9.232E-04, 3.469E-16, 2.718E+02, 7.892E+01, 2.504E+02, 3.146E+01, 1.815E+01, 1.004E+02, 5.603E-01, 3.007E-01, 1.000E-01, 3.343E-01, 1.000E+00, 8.174E-01, 1.000E+00, 9.406E-01, 1.000E+00, 8.374E-01, 6.438E-01, 4.274E-03, 5.229E-03, 0.000E+00, 1.463E+02, 6.835E+01, 5.000E-03, 2.046E-02, 3.927E+01, 4.660E-03, 1.851E+00
23/07/2019,15:00,9,3.491,3.991,22.030,.601,1.072, 1.012E+03, 5.851E+01, 1.998E-03, 3.469E-16, 2.153E+02, 7.772E+01, 2.363E+02, 3.013E+01, 6.102E+00, 8.716E+01, 1.618E+00, 2.192E-01, 1.029E-01, 2.886E-01, 1.000E+00, 7.940E-01, 9.999E-01, 9.196E-01, 1.000E+00, 8.374E-01, 6.114E-01, 4.051E-03, 5.102E-03, 0.000E+00, 1.440E+02, 6.646E+01, 5.000E-03, 1.940E-02, 4.099E+01, 4.720E-03, 1.492E+00
23/07/2019,16:00,9,3.491,3.991,21.716,.647,.930, 1.012E+03, 6.591E+01, 1.998E-03, 3.469E-16, 1.524E+02, 7.101E+01, 2.134E+02, 2.672E+01, 6.102E+00, 8.716E+01, 1.341E+00, 2.191E-01, 1.000E-01, 2.306E-01, 1.000E+00, 7.436E-01, 9.998E-01, 9.064E-01, 1.000E+00, 8.374E-01, 5.644E-01, 3.736E-03, 5.023E-03, 0.000E+00, 1.481E+02, 6.835E+01, 5.000E-03, 1.789E-02, 4.370E+01, 4.557E-03, 8.416E-01
23/07/2019,17:00,9,3.491,3.991,21.402,.692,.794, 1.012E+03, 7.336E+01, 1.998E-03, 3.469E-16, 8.814E+01, 5.716E+01, 1.746E+02, 2.070E+01, 6.102E+00, 8.716E+01, 1.080E+00, 2.190E-01, 1.000E-01, 1.636E-01, 1.000E+00, 6.429E-01, 9.992E-01, 8.921E-01, 1.000E+00, 8.374E-01, 4.803E-01, 3.176E-03, 4.936E-03, 0.000E+00, 1.481E+02, 6.835E+01, 5.000E-03, 1.521E-02, 4.949E+01, 4.439E-03, 7.310E-01
23/07/2019,18:00,9,3.491,3.991,21.088,.738,.663, 1.013E+03, 8.051E+01, 0.000E+00, 3.469E-16, 3.222E+01, 3.744E+01, 1.104E+02, 1.272E+01,-5.109E+00, 3.478E+00, 8.509E-01, 1.000E-01, 1.000E-01, 9.445E-02, 1.000E+00, 4.623E-01, 9.893E-01, 8.769E-01, 1.000E+00, 8.374E-01, 3.394E-01, 2.242E-03, 4.798E-03, 0.000E+00, 3.788E+02, 6.835E+01, 5.000E-03, 1.073E-02, 6.356E+01, 3.816E-03, 7.310E-01
23/07/2019,19:00,9,3.491,3.991,19.821,.785,.503, 1.013E+03, 8.701E+01, 0.000E+00, 3.469E-16, 9.069E-01, 1.251E+01, 1.250E+01, 3.815E+00,-5.109E+00, 3.478E+00, 1.007E+00, 1.000E-01, 1.000E-01, 2.992E-02, 1.000E+00, 1.529E-01, 4.019E-01, 8.052E-01, 1.000E+00, 8.374E-01, 1.031E-01, 6.781E-04, 1.782E-03, 0.000E+00, 3.788E+02, 6.835E+01, 5.000E-03, 3.246E-03, 1.213E+02, 3.127E-03, 7.338E-01
23/07/2019,20:00,9,3.491,3.991,18.555,.832,.363, 1.013E+03, 9.252E+01, 0.000E+00, 3.469E-16, 0.000E+00, 0.000E+00, 0.000E+00, 0.000E+00,-5.109E+00, 3.478E+00, 1.190E+00, 1.000E-01, 1.000E-01,-9.990E+02, 1.000E+00,-9.990E+02, 0.000E+00, 0.000E+00, 0.000E+00, 8.374E-01, 0.000E+00, 0.000E+00, 0.000E+00, 0.000E+00, 3.787E+02, 6.835E+01, 5.000E-03, 0.000E+00, 2.000E+02, 2.510E-03, 7.592E-01
23/07/2019,21:00,9,3.491,3.991,17.288,.878,.242, 1.013E+03, 9.673E+01, 4.074E-05, 3.469E-16, 0.000E+00, 0.000E+00, 0.000E+00, 0.000E+00,-4.196E+00,-1.216E+00, 1.389E+00, 1.000E-01, 1.000E-01,-9.990E+02, 1.000E+00,-9.990E+02, 0.000E+00, 0.000E+00, 0.000E+00, 8.374E-01, 0.000E+00, 0.000E+00, 0.000E+00, 0.000E+00, 3.411E+02, 6.835E+01, 5.623E-03, 0.000E+00, 1.778E+02, 2.682E-03, 9.427E-01
23/07/2019,22:00,9,3.491,3.991,16.571,.902,.187, 1.014E+03, 9.935E+01, 4.074E-05, 3.469E-16, 0.000E+00, 0.000E+00, 0.000E+00, 0.000E+00,-4.196E+00,-1.216E+00, 1.445E+00, 1.000E-01, 1.000E-01,-9.990E+02, 1.000E+00,-9.990E+02, 0.000E+00, 0.000E+00, 0.000E+00, 8.374E-01, 0.000E+00, 0.000E+00, 0.000E+00, 0.000E+00, 3.410E+02, 6.835E+01, 8.744E-03, 0.000E+00, 1.144E+02, 3.233E-03, 1.145E+00
23/07/2019,23:00,9,3.491,3.991,15.853,.925,.135, 1.014E+03, 1.002E+02, 4.074E-05, 3.469E-16, 0.000E+00, 0.000E+00, 0.000E+00, 0.000E+00,-4.196E+00,-1.216E+00, 1.504E+00, 1.000E-01, 1.000E-01,-9.990E+02, 1.000E+00,-9.990E+02, 0.000E+00, 0.000E+00, 0.000E+00, 8.374E-01, 0.000E+00, 0.000E+00, 0.000E+00, 0.000E+00, 3.410E+02, 6.835E+01, 1.179E-02, 0.000E+00, 8.479E+01, 3.574E-03, 1.197E+00
24/07/2019,00:00,9,3.491,3.991,15.136,.949,.089, 1.014E+03, 9.914E+01, 0.000E+00, 3.469E-16, 0.000E+00, 0.000E+00, 0.000E+00, 0.000E+00,-5.098E+00,-3.190E+00, 1.567E+00, 1.000E-01, 1.000E-01,-9.990E+02, 1.000E+00,-9.990E+02, 0.000E+00, 0.000E+00, 0.000E+00, 8.374E-01, 0.000E+00, 0.000E+00, 0.000E+00, 0.000E+00, 3.780E+02, 6.835E+01, 1.592E-02, 0.000E+00, 6.281E+01, 3.828E-03, 1.181E+00
24/07/2019,01:00,9,3.491,3.991,15.199,.955,.079, 1.014E+03, 9.633E+01, 0.000E+00, 3.469E-16, 0.000E+00, 0.000E+00, 0.000E+00, 0.000E+00,-5.098E+00,-3.190E+00, 1.534E+00, 1.000E-01, 1.000E-01,-9.990E+02, 1.000E+00,-9.990E+02, 0.000E+00, 0.000E+00, 0.000E+00, 8.374E-01, 0.000E+00, 0.000E+00, 0.000E+00, 0.000E+00, 3.781E+02, 6.835E+01, 1.834E-02, 0.000E+00, 5.452E+01, 3.954E-03, 1.258E+00
24/07/2019,02:00,9,3.491,3.991,15.261,.961,.069, 1.014E+03, 9.196E+01, 0.000E+00, 3.469E-16, 0.000E+00, 0.000E+00, 0.000E+00, 0.000E+00,-5.098E+00,-3.190E+00, 1.549E+00, 1.000E-01, 1.000E-01,-9.990E+02, 1.000E+00,-9.990E+02, 0.000E+00, 0.000E+00, 0.000E+00, 8.341E-01, 0.000E+00, 0.000E+00, 0.000E+00, 0.000E+00, 3.781E+02, 6.835E+01, 2.113E-02, 0.000E+00, 4.732E+01, 4.069E-03, 1.422E+00
24/07/2019,03:00,9,3.491,3.991,15.324,.967,.059, 1.014E+03, 8.632E+01, 2.446E-05, 3.469E-16, 2.139E+00, 1.531E+01, 2.140E+01, 4.719E+00, 2.470E+01, 3.582E+01, 1.611E+00, 1.309E-01, 1.310E-01, 3.673E-02, 1.000E+00, 1.914E-01, 5.853E-01, 4.185E-01, 1.000E+00, 8.341E-01, 6.681E-02, 4.327E-04, 1.323E-03, 0.000E+00, 7.401E+01, 5.220E+01, 2.111E-02, 2.071E-03, 4.315E+01, 6.296E-03, 1.517E+00
24/07/2019,04:00,9,3.491,3.991,17.030,.906,.185, 1.014E+03, 7.974E+01, 2.446E-05, 3.469E-16, 3.770E+01, 3.999E+01, 1.196E+02, 1.371E+01, 2.470E+01, 3.582E+01, 1.147E+00, 1.312E-01, 1.000E-01, 1.020E-01, 1.000E+00, 4.882E-01, 9.927E-01, 5.894E-01, 1.000E+00, 8.341E-01, 2.400E-01, 1.564E-03, 3.179E-03, 0.000E+00, 9.710E+01, 6.835E+01, 8.671E-03, 7.486E-03, 6.189E+01, 4.684E-03, 8.096E-01
24/07/2019,05:00,9,3.491,3.991,18.735,.845,.339, 1.014E+03, 7.255E+01, 2.446E-05, 3.469E-16, 9.683E+01, 6.023E+01, 1.834E+02, 2.192E+01, 2.470E+01, 3.582E+01, 6.845E-01, 1.316E-01, 1.000E-01, 1.712E-01, 1.000E+00, 6.635E-01, 9.995E-01, 7.307E-01, 1.000E+00, 8.341E-01, 4.044E-01, 2.650E-03, 3.991E-03, 0.000E+00, 9.728E+01, 6.835E+01, 5.000E-03, 1.269E-02, 5.654E+01, 4.801E-03, 9.295E-01
24/07/2019,06:00,9,3.491,3.991,20.441,.784,.525, 1.014E+03, 6.510E+01, 9.073E-05, 3.469E-16, 1.620E+02, 7.333E+01, 2.200E+02, 2.768E+01, 1.354E+02, 1.496E+02, 2.238E-01, 1.129E-01, 1.000E-01, 2.374E-01, 1.000E+00, 7.557E-01, 9.999E-01, 8.423E-01, 1.000E+00, 8.341E-01, 5.309E-01, 3.499E-03, 4.630E-03, 0.000E+00, 5.332E+01, 6.835E+01, 5.000E-03, 1.675E-02, 4.597E+01, 6.144E-03, 1.171E+00
24/07/2019,07:00,9,3.491,3.991,21.702,.711,.760, 1.015E+03, 5.776E+01, 9.073E-05, 3.469E-16, 2.252E+02, 7.943E+01, 2.419E+02, 3.087E+01, 1.354E+02, 1.496E+02, 1.402E-01, 1.131E-01, 1.000E-01, 2.940E-01, 1.000E+00, 8.017E-01, 1.000E+00, 9.058E-01, 1.000E+00, 8.341E-01, 6.057E-01, 4.009E-03, 5.000E-03, 0.000E+00, 5.344E+01, 6.835E+01, 5.000E-03, 1.919E-02, 4.133E+01, 6.320E-03, 1.263E+00
24/07/2019,08:00,9,3.491,3.991,22.964,.638,1.029, 1.015E+03, 5.098E+01, 9.073E-05, 3.469E-16, 2.802E+02, 7.988E+01, 2.544E+02, 3.191E+01, 1.354E+02, 1.496E+02, 6.295E-02, 1.133E-01, 1.000E-01, 3.381E-01, 1.000E+00, 8.219E-01, 1.000E+00, 9.530E-01, 1.000E+00, 8.341E-01, 6.532E-01, 4.342E-03, 5.283E-03, 0.000E+00, 5.356E+01, 6.835E+01, 5.000E-03, 2.079E-02, 3.878E+01, 6.419E-03, 1.433E+00
24/07/2019,09:00,9,3.491,3.991,24.225,.566,1.335, 1.015E+03, 4.536E+01, 1.280E-03, 3.469E-16, 3.213E+02, 7.702E+01, 2.602E+02, 3.157E+01, 6.731E+01, 1.583E+02, 5.519E-02, 1.968E-01, 1.000E-01, 3.689E-01, 1.000E+00, 8.278E-01, 1.000E+00, 9.839E-01, 9.794E-01, 8.341E-01, 6.653E-01, 4.441E-03, 5.365E-03, 0.000E+00, 1.015E+02, 6.835E+01, 5.000E-03, 2.126E-02, 3.808E+01, 5.191E-03, 1.629E+00
24/07/2019,10:00,9,3.491,3.991,24.530,.553,1.401, 1.015E+03, 4.161E+01, 1.280E-03, 3.469E-16, 3.474E+02, 7.416E+01, 2.633E+02, 3.099E+01, 6.731E+01, 1.583E+02, 1.941E-01, 1.970E-01, 1.000E-01, 3.868E-01, 1.000E+00, 8.286E-01, 1.000E+00, 9.890E-01, 9.413E-01, 8.341E-01, 6.433E-01, 4.299E-03, 5.188E-03, 0.000E+00, 1.015E+02, 6.835E+01, 5.000E-03, 2.058E-02, 3.909E+01, 5.163E-03, 1.147E+00
24/07/2019,11:00,9,3.491,3.991,24.836,.540,1.468, 1.015E+03, 4.039E+01, 1.280E-03, 3.469E-16, 3.555E+02, 7.307E+01, 2.641E+02, 3.074E+01, 6.731E+01, 1.583E+02, 4.434E-01, 1.971E-01, 1.000E-01, 3.922E-01, 1.000E+00, 8.283E-01, 1.000E+00, 9.931E-01, 9.021E-01, 8.341E-01, 6.189E-01, 4.140E-03, 4.998E-03, 0.000E+00, 1.015E+02, 6.835E+01, 5.000E-03, 1.982E-02, 4.029E+01, 5.131E-03, 9.191E-01
24/07/2019,12:00,9,3.491,3.991,25.142,.527,1.538, 1.014E+03, 4.197E+01, 2.446E-05, 3.469E-16, 3.417E+02, 7.373E+01, 2.605E+02, 3.075E+01, 3.607E+01, 1.531E+02, 6.926E-01, 2.646E-01, 1.000E-01, 3.852E-01, 1.000E+00, 8.265E-01, 1.000E+00, 9.962E-01, 8.617E-01, 8.341E-01, 5.917E-01, 3.962E-03, 4.794E-03, 0.000E+00, 1.301E+02, 6.835E+01, 5.000E-03, 1.897E-02, 4.172E+01, 4.723E-03, 7.205E-01
24/07/2019,13:00,9,3.491,3.991,25.416,.521,1.585, 1.014E+03, 4.600E+01, 2.446E-05, 3.469E-16, 3.137E+02, 7.666E+01, 2.571E+02, 3.133E+01, 3.607E+01, 1.531E+02, 2.129E-01, 2.647E-01, 1.000E-01, 3.657E-01, 1.000E+00, 8.251E-01, 1.000E+00, 9.983E-01, 8.338E-01, 8.341E-01, 5.728E-01, 3.839E-03, 4.653E-03, 0.000E+00, 1.301E+02, 6.835E+01, 5.000E-03, 1.838E-02, 4.277E+01, 4.699E-03, 6.541E-01
24/07/2019,14:00,9,3.491,3.991,25.691,.514,1.635, 1.014E+03, 5.181E+01, 2.446E-05, 3.469E-16, 2.702E+02, 7.900E+01, 2.500E+02, 3.146E+01, 3.607E+01, 1.531E+02, 4.077E-01, 2.649E-01, 1.000E-01, 3.332E-01, 1.000E+00, 8.171E-01, 1.000E+00, 9.995E-01, 8.052E-01, 8.341E-01, 5.485E-01, 3.679E-03, 4.503E-03, 0.000E+00, 1.302E+02, 6.835E+01, 5.000E-03, 1.762E-02, 4.422E+01, 4.667E-03, 7.103E-01
24/07/2019,15:00,9,3.491,3.991,25.966,.507,1.685, 1.014E+03, 5.869E+01, 2.446E-05, 3.469E-16, 2.183E+02, 7.934E+01, 2.408E+02, 3.073E+01,-3.044E+00, 1.064E+02, 9.179E-01, 2.248E-01, 1.000E-01, 2.873E-01, 1.000E+00, 7.986E-01, 9.999E-01, 1.000E+00, 7.759E-01, 8.341E-01, 5.168E-01, 3.470E-03, 4.345E-03, 0.000E+00, 1.794E+02, 6.835E+01, 5.000E-03, 1.661E-02, 4.626E+01, 4.420E-03, 8.207E-01
24/07/2019,16:00,9,3.491,3.991,25.200,.572,1.396, 1.014E+03, 6.609E+01, 2.446E-05, 3.469E-16, 1.540E+02, 7.231E+01, 2.172E+02, 2.718E+01,-3.044E+00, 1.064E+02, 1.259E+00, 2.245E-01, 1.000E-01, 2.291E-01, 1.000E+00, 7.480E-01, 9.999E-01, 9.967E-01, 9.441E-01, 8.341E-01, 5.871E-01, 3.932E-03, 5.256E-03, 0.000E+00, 1.794E+02, 6.835E+01, 5.000E-03, 1.882E-02, 4.197E+01, 4.505E-03, 9.346E-01
24/07/2019,17:00,9,3.491,3.991,24.434,.637,1.130, 1.014E+03, 7.354E+01, 2.446E-05, 3.469E-16, 8.839E+01, 5.797E+01, 1.770E+02, 2.097E+01,-3.044E+00, 1.064E+02, 1.635E+00, 2.242E-01, 1.000E-01, 1.619E-01, 1.000E+00, 6.461E-01, 9.993E-01, 9.875E-01, 1.000E+00, 8.341E-01, 5.321E-01, 3.555E-03, 5.498E-03, 0.000E+00, 1.795E+02, 6.835E+01, 5.000E-03, 1.702E-02, 4.542E+01, 4.436E-03, 1.023E+00
24/07/2019,18:00,9,3.491,3.991,23.668,.702,.884, 1.014E+03, 8.070E+01, 2.446E-05, 3.469E-16, 3.086E+01, 3.681E+01, 1.079E+02, 1.247E+01,-3.029E+01, 1.233E+01, 2.027E+00, 2.322E-01, 1.000E-01, 9.262E-02, 1.000E+00, 4.556E-01, 9.882E-01, 9.723E-01, 1.000E+00, 8.341E-01, 3.694E-01, 2.462E-03, 5.340E-03, 0.000E+00, 2.679E+02, 6.835E+01, 5.000E-03, 1.179E-02, 5.957E+01, 4.036E-03, 1.224E+00
24/07/2019,19:00,9,3.491,3.991,22.214,.732,.729, 1.014E+03, 8.720E+01, 2.446E-05, 3.469E-16, 6.620E-01, 1.171E+01, 1.034E+01, 3.563E+00,-3.029E+01, 1.233E+01, 2.258E+00, 2.316E-01, 1.000E-01, 2.799E-02, 1.000E+00, 1.422E-01, 3.463E-01, 9.269E-01, 1.000E+00, 8.341E-01, 1.099E-01, 7.288E-04, 1.775E-03, 0.000E+00, 2.687E+02, 6.835E+01, 5.000E-03, 3.489E-03, 1.178E+02, 3.267E-03, 1.384E+00
24/07/2019,20:00,9,3.491,3.991,20.760,.761,.592, 1.015E+03, 9.272E+01, 2.446E-05, 3.469E-16, 0.000E+00, 0.000E+00, 0.000E+00, 0.000E+00,-3.029E+01, 1.233E+01, 2.659E+00, 2.309E-01, 1.000E-01,-9.990E+02, 1.000E+00,-9.990E+02, 0.000E+00, 0.000E+00, 0.000E+00, 8.341E-01, 0.000E+00, 0.000E+00, 0.000E+00, 0.000E+00, 2.695E+02, 6.835E+01, 5.000E-03, 0.000E+00, 2.000E+02, 2.575E-03, 1.630E+00
24/07/2019,21:00,9,3.491,3.991,19.305,.791,.474, 1.015E+03, 9.694E+01, 2.446E-05, 3.469E-16, 0.000E+00, 0.000E+00, 0.000E+00, 0.000E+00,-3.409E+01, 8.224E+00, 3.167E+00, 2.620E-01, 1.286E-01,-9.990E+02, 1.000E+00,-9.990E+02, 0.000E+00, 0.000E+00, 0.000E+00, 8.341E-01, 0.000E+00, 0.000E+00, 0.000E+00, 0.000E+00, 1.915E+02, 5.315E+01, 5.000E-03, 0.000E+00, 2.000E+02, 2.900E-03, 1.768E+00
24/07/2019,22:00,9,3.491,3.991,18.730,.813,.407, 1.015E+03, 9.956E+01, 2.446E-05, 3.469E-16, 0.000E+00, 0.000E+00, 0.000E+00, 0.000E+00,-3.409E+01, 8.224E+00, 3.034E+00, 2.618E-01, 1.231E-01,-9.990E+02, 1.000E+00,-9.990E+02, 0.000E+00, 0.000E+00, 0.000E+00, 8.341E-01, 0.000E+00, 0.000E+00, 0.000E+00, 0.000E+00, 2.002E+02, 5.552E+01, 5.000E-03, 0.000E+00, 2.000E+02, 2.847E-03, 1.652E+00
24/07/2019,23:00,9,3.491,3.991,18.156,.836,.344, 1.015E+03, 1.004E+02, 2.446E-05, 3.469E-16, 0.000E+00, 0.000E+00, 0.000E+00, 0.000E+00,-3.409E+01, 8.224E+00, 2.925E+00, 2.615E-01, 1.186E-01,-9.990E+02, 1.000E+00,-9.990E+02, 0.000E+00, 0.000E+00, 0.000E+00, 8.341E-01, 0.000E+00, 0.000E+00, 0.000E+00, 0.000E+00, 2.081E+02, 5.765E+01, 5.000E-03, 0.000E+00, 2.000E+02, 2.801E-03, 1.619E+00
25/07/2019,00:00,9,3.491,3.991,17.581,.859,.286, 1.015E+03, 9.936E+01, 0.000E+00, 3.469E-16, 0.000E+00, 0.000E+00, 0.000E+00, 0.000E+00,-1.622E+01, 2.578E+00, 2.841E+00, 1.726E-01, 1.000E-01,-9.990E+02, 1.000E+00,-9.990E+02, 0.000E+00, 0.000E+00, 0.000E+00, 8.341E-01, 0.000E+00, 0.000E+00, 0.000E+00, 0.000E+00, 2.980E+02, 6.835E+01, 5.000E-03, 0.000E+00, 2.000E+02, 2.558E-03, 1.748E+00
25/07/2019,01:00,9,3.491,3.991,17.391,.867,.267, 1.015E+03, 9.654E+01, 0.000E+00, 3.469E-16, 0.000E+00, 0.000E+00, 0.000E+00, 0.000E+00,-1.622E+01, 2.578E+00, 2.568E+00, 1.725E-01, 1.000E-01,-9.990E+02, 1.000E+00,-9.990E+02, 0.000E+00, 0.000E+00, 0.000E+00, 8.341E-01, 0.000E+00, 0.000E+00, 0.000E+00, 0.000E+00, 2.981E+02, 6.835E+01, 5.000E-03, 0.000E+00, 2.000E+02, 2.558E-03, 1.835E+00
25/07/2019,02:00,9,3.491,3.991,17.200,.874,.249, 1.015E+03, 9.216E+01, 0.000E+00, 3.469E-16, 0.000E+00, 0.000E+00, 0.000E+00, 0.000E+00,-1.622E+01, 2.578E+00, 2.435E+00, 1.725E-01, 1.000E-01,-9.990E+02, 1.000E+00,-9.990E+02, 0.000E+00, 0.000E+00, 0.000E+00, 7.945E-01, 0.000E+00, 0.000E+00, 0.000E+00, 0.000E+00, 2.982E+02, 6.835E+01, 5.632E-03, 0.000E+00, 1.776E+02, 2.713E-03, 1.729E+00
25/07/2019,03:00,9,3.491,3.991,17.009,.882,.231, 1.015E+03, 8.652E+01, 0.000E+00, 3.469E-16, 1.719E+00, 1.453E+01, 1.862E+01, 4.463E+00, 1.554E+01, 4.631E+01, 2.463E+00, 2.436E-01, 1.618E-01, 3.478E-02, 1.000E+00, 1.805E-01, 5.350E-01, 5.876E-01, 1.000E+00, 7.945E-01, 8.425E-02, 5.488E-04, 1.627E-03, 0.000E+00, 8.629E+01, 4.224E+01, 6.519E-03, 2.628E-03, 1.093E+02, 4.619E-03, 1.509E+00
25/07/2019,04:00,9,3.491,3.991,18.780,.820,.394, 1.015E+03, 7.993E+01, 0.000E+00, 3.469E-16, 3.631E+01, 3.941E+01, 1.173E+02, 1.348E+01, 1.554E+01, 4.631E+01, 2.146E+00, 2.443E-01, 1.409E-01, 1.001E-01, 1.000E+00, 4.823E-01, 9.920E-01, 7.340E-01, 1.000E+00, 7.945E-01, 2.812E-01, 1.843E-03, 3.791E-03, 0.000E+00, 9.921E+01, 4.851E+01, 5.000E-03, 8.824E-03, 7.234E+01, 5.116E-03, 1.358E+00
25/07/2019,05:00,9,3.491,3.991,20.550,.759,.591, 1.015E+03, 7.274E+01, 0.000E+00, 3.469E-16, 9.529E+01, 5.990E+01, 1.823E+02, 2.177E+01, 1.554E+01, 4.631E+01, 1.829E+00, 2.450E-01, 1.200E-01, 1.695E-01, 1.000E+00, 6.607E-01, 9.994E-01, 8.484E-01, 1.000E+00, 7.945E-01, 4.453E-01, 2.936E-03, 4.442E-03, 0.000E+00, 1.166E+02, 5.695E+01, 5.000E-03, 1.406E-02, 5.247E+01, 5.074E-03, 1.336E+00
25/07/2019,06:00,9,3.491,3.991,22.320,.697,.828, 1.016E+03, 6.528E+01, 0.000E+00, 3.469E-16, 1.610E+02, 7.342E+01, 2.202E+02, 2.769E+01, 1.159E+02, 1.657E+02, 1.511E+00, 3.684E-01, 1.048E-01, 2.358E-01, 1.000E+00, 7.553E-01, 9.999E-01, 9.309E-01, 1.000E+00, 7.945E-01, 5.586E-01, 3.705E-03, 4.905E-03, 0.000E+00, 1.213E+02, 6.521E+01, 5.000E-03, 1.774E-02, 4.398E+01, 4.879E-03, 1.439E+00
25/07/2019,07:00,9,3.491,3.991,24.147,.625,1.149, 1.015E+03, 5.794E+01, 0.000E+00, 3.469E-16, 2.245E+02, 7.971E+01, 2.425E+02, 3.096E+01, 1.159E+02, 1.657E+02, 1.527E+00, 3.696E-01, 1.058E-01, 2.927E-01, 1.000E+00, 8.020E-01, 1.000E+00, 9.825E-01, 1.000E+00, 7.945E-01, 6.260E-01, 4.178E-03, 5.209E-03, 0.000E+00, 1.203E+02, 6.459E+01, 5.000E-03, 2.000E-02, 4.000E+01, 5.012E-03, 1.101E+00
25/07/2019,08:00,9,3.491,3.991,25.975,.552,1.532, 1.015E+03, 5.118E+01, 0.000E+00, 3.469E-16, 2.798E+02, 8.029E+01, 2.552E+02, 3.205E+01, 1.159E+02, 1.657E+02, 1.576E+00, 3.707E-01, 1.091E-01, 3.370E-01, 1.000E+00, 8.225E-01, 1.000E+00, 1.000E+00, 8.651E-01, 7.945E-01, 5.653E-01, 3.796E-03, 4.615E-03, 0.000E+00, 1.168E+02, 6.263E+01, 5.000E-03, 1.818E-02, 4.315E+01, 5.053E-03, 1.125E+00
25/07/2019,09:00,9,3.491,3.991,27.802,.480,1.986, 1.015E+03, 4.557E+01, 5.267E-02, 3.469E-16, 3.221E+02, 7.772E+01, 2.619E+02, 3.182E+01, 1.429E+02, 2.356E+02, 1.655E+00, 2.738E-01, 1.275E-01, 3.679E-01, 1.000E+00, 8.293E-01, 1.000E+00, 9.834E-01, 6.003E-01, 7.945E-01, 3.890E-01, 2.628E-03, 3.169E-03, 0.000E+00, 8.334E+01, 5.361E+01, 5.000E-03, 1.258E-02, 5.688E+01, 5.540E-03, 1.184E+00
25/07/2019,10:00,9,3.491,3.991,28.237,.461,2.114, 1.015E+03, 4.183E+01, 5.267E-02, 3.469E-16, 3.484E+02, 7.489E+01, 2.650E+02, 3.126E+01, 1.429E+02, 2.356E+02, 9.604E-01, 2.740E-01, 1.000E-01, 3.859E-01, 1.000E+00, 8.302E-01, 1.000E+00, 9.745E-01, 5.259E-01, 7.945E-01, 3.380E-01, 2.287E-03, 2.755E-03, 0.000E+00, 1.063E+02, 6.835E+01, 5.000E-03, 1.095E-02, 6.270E+01, 4.538E-03, 1.100E+00
25/07/2019,11:00,9,3.491,3.991,28.672,.441,2.247, 1.015E+03, 4.061E+01, 5.267E-02, 3.469E-16, 3.566E+02, 7.381E+01, 2.659E+02, 3.101E+01, 1.429E+02, 2.356E+02, 4.380E-01, 2.742E-01, 1.000E-01, 3.913E-01, 1.000E+00, 8.300E-01, 1.000E+00, 9.636E-01, 4.485E-01, 7.945E-01, 2.849E-01, 1.931E-03, 2.326E-03, 0.000E+00, 1.064E+02, 6.835E+01, 5.000E-03, 9.244E-03, 7.021E+01, 4.388E-03, 1.114E+00
25/07/2019,12:00,9,3.491,3.991,29.107,.422,2.385, 1.015E+03, 4.218E+01, 3.176E-03, 3.469E-16, 3.460E+02, 7.518E+01, 2.648E+02, 3.132E+01, 6.851E+01, 1.827E+02, 7.409E-01, 2.211E-01, 1.000E-01, 3.843E-01, 1.000E+00, 8.302E-01, 1.000E+00, 9.507E-01, 3.679E-01, 7.945E-01, 2.307E-01, 1.565E-03, 1.886E-03, 0.000E+00, 1.081E+02, 6.835E+01, 5.000E-03, 7.495E-03, 8.003E+01, 4.187E-03, 1.168E+00
25/07/2019,13:00,9,3.491,3.991,29.087,.434,2.333, 1.015E+03, 4.620E+01, 3.176E-03, 3.469E-16, 3.175E+02, 7.811E+01, 2.613E+02, 3.189E+01, 6.851E+01, 1.827E+02, 7.925E-01, 2.211E-01, 1.000E-01, 3.647E-01, 1.000E+00, 8.288E-01, 1.000E+00, 9.514E-01, 3.984E-01, 7.945E-01, 2.496E-01, 1.694E-03, 2.043E-03, 0.000E+00, 1.081E+02, 6.835E+01, 5.000E-03, 8.108E-03, 7.629E+01, 4.254E-03, 1.202E+00
25/07/2019,14:00,9,3.491,3.991,29.067,.446,2.281, 1.015E+03, 5.200E+01, 3.176E-03, 3.469E-16, 2.732E+02, 8.039E+01, 2.539E+02, 3.198E+01, 6.851E+01, 1.827E+02, 9.364E-01, 2.211E-01, 1.000E-01, 3.320E-01, 1.000E+00, 8.207E-01, 1.000E+00, 9.520E-01, 4.289E-01, 7.945E-01, 2.662E-01, 1.806E-03, 2.201E-03, 0.000E+00, 1.081E+02, 6.835E+01, 5.000E-03, 8.648E-03, 7.327E+01, 4.309E-03, 1.162E+00
25/07/2019,15:00,9,3.491,3.991,29.047,.458,2.229, 1.015E+03, 5.888E+01, 0.000E+00, 3.469E-16, 2.166E+02, 7.925E+01, 2.403E+02, 3.067E+01,-1.801E+00, 1.046E+02, 1.138E+00, 2.251E-01, 1.000E-01, 2.860E-01, 1.000E+00, 7.977E-01, 9.999E-01, 9.526E-01, 4.593E-01, 7.945E-01, 2.773E-01, 1.881E-03, 2.358E-03, 0.000E+00, 1.749E+02, 6.835E+01, 5.000E-03, 9.006E-03, 7.140E+01, 3.985E-03, 1.071E+00
25/07/2019,16:00,9,3.491,3.991,28.038,.531,1.815, 1.015E+03, 6.627E+01, 0.000E+00, 3.469E-16, 1.523E+02, 7.206E+01, 2.163E+02, 2.706E+01,-1.801E+00, 1.046E+02, 1.545E+00, 2.247E-01, 1.000E-01, 2.275E-01, 1.000E+00, 7.462E-01, 9.999E-01, 9.788E-01, 7.003E-01, 7.945E-01, 4.063E-01, 2.747E-03, 3.681E-03, 0.000E+00, 1.749E+02, 6.835E+01, 5.000E-03, 1.315E-02, 5.509E+01, 4.261E-03, 9.882E-01
25/07/2019,17:00,9,3.491,3.991,27.029,.605,1.441, 1.015E+03, 7.373E+01, 0.000E+00, 3.469E-16, 8.671E+01, 5.752E+01, 1.755E+02, 2.077E+01,-1.801E+00, 1.046E+02, 1.954E+00, 2.243E-01, 1.117E-01, 1.602E-01, 1.000E+00, 6.425E-01, 9.993E-01, 9.946E-01, 9.179E-01, 7.945E-01, 4.660E-01, 3.140E-03, 4.884E-03, 0.000E+00, 1.566E+02, 6.120E+01, 5.000E-03, 1.503E-02, 4.991E+01, 4.746E-03, 8.748E-01
25/07/2019,18:00,9,3.491,3.991,26.020,.678,1.104, 1.015E+03, 8.089E+01, 0.000E+00, 3.469E-16, 2.947E+01, 3.614E+01, 1.052E+02, 1.221E+01,-3.791E+01, 1.594E+01, 2.363E+00, 2.610E-01, 1.000E-01, 9.073E-02, 1.000E+00, 4.486E-01, 9.868E-01, 1.000E+00, 1.000E+00, 7.945E-01, 3.564E-01, 2.393E-03, 5.265E-03, 0.000E+00, 2.560E+02, 6.835E+01, 5.000E-03, 1.146E-02, 6.076E+01, 4.035E-03, 8.064E-01
25/07/2019,19:00,9,3.491,3.991,24.515,.731,.843, 1.016E+03, 8.740E+01, 0.000E+00, 3.469E-16, 4.585E-01, 1.089E+01, 8.352E+00, 3.304E+00,-3.791E+01, 1.594E+01, 2.332E+00, 2.603E-01, 1.000E-01, 2.601E-02, 1.000E+00, 1.313E-01, 2.907E-01, 9.888E-01, 1.000E+00, 7.945E-01, 1.032E-01, 6.893E-04, 1.526E-03, 0.000E+00, 2.567E+02, 6.835E+01, 5.000E-03, 3.300E-03, 1.205E+02, 3.251E-03, 1.131E+00
25/07/2019,20:00,9,3.491,3.991,23.011,.783,.618, 1.016E+03, 9.293E+01, 0.000E+00, 3.469E-16, 0.000E+00, 0.000E+00, 0.000E+00, 0.000E+00,-3.791E+01, 1.594E+01, 2.564E+00, 2.596E-01, 1.000E-01,-9.990E+02, 1.000E+00,-9.990E+02, 0.000E+00, 0.000E+00, 0.000E+00, 7.945E-01, 0.000E+00, 0.000E+00, 0.000E+00, 0.000E+00, 2.574E+02, 6.835E+01, 5.000E-03, 0.000E+00, 2.000E+02, 2.582E-03, 1.669E+00
25/07/2019,21:00,9,3.491,3.991,21.507,.836,.426, 1.016E+03, 9.715E+01, 0.000E+00, 3.469E-16, 0.000E+00, 0.000E+00, 0.000E+00, 0.000E+00,-2.317E+01, 4.823E+00, 2.997E+00, 2.091E-01, 1.100E-01,-9.990E+02, 1.000E+00,-9.990E+02, 0.000E+00, 0.000E+00, 0.000E+00, 7.945E-01, 0.000E+00, 0.000E+00, 0.000E+00, 0.000E+00, 2.477E+02, 6.214E+01, 5.000E-03, 0.000E+00, 2.000E+02, 2.692E-03, 2.435E+00
25/07/2019,22:00,9,3.491,3.991,20.998,.848,.383, 1.016E+03, 9.978E+01, 0.000E+00, 3.469E-16, 0.000E+00, 0.000E+00, 0.000E+00, 0.000E+00,-2.317E+01, 4.823E+00, 2.912E+00, 2.089E-01, 1.068E-01,-9.990E+02, 1.000E+00,-9.990E+02, 0.000E+00, 0.000E+00, 0.000E+00, 7.945E-01, 0.000E+00, 0.000E+00, 0.000E+00, 0.000E+00, 2.555E+02, 6.403E+01, 5.000E-03, 0.000E+00, 2.000E+02, 2.655E-03, 2.893E+00
25/07/2019,23:00,9,3.491,3.991,20.490,.860,.341, 1.016E+03, 1.006E+02, 0.000E+00, 3.469E-16, 0.000E+00, 0.000E+00, 0.000E+00, 0.000E+00,-2.317E+01, 4.823E+00, 2.834E+00, 2.087E-01, 1.038E-01,-9.990E+02, 1.000E+00,-9.990E+02, 0.000E+00, 0.000E+00, 0.000E+00, 7.945E-01, 0.000E+00, 0.000E+00, 0.000E+00, 0.000E+00, 2.630E+02, 6.585E+01, 5.000E-03, 0.000E+00, 2.000E+02, 2.619E-03, 2.905E+00
26/07/2019,00:00,9,3.491,3.991,19.981,.872,.302, 1.017E+03, 9.958E+01, 0.000E+00, 3.469E-16, 0.000E+00, 0.000E+00, 0.000E+00, 0.000E+00,-1.701E+01, 1.007E+01, 2.764E+00, 1.768E-01, 1.000E-01,-9.990E+02, 1.000E+00,-9.990E+02, 0.000E+00, 0.000E+00, 0.000E+00, 7.945E-01, 0.000E+00, 0.000E+00, 0.000E+00, 0.000E+00, 2.947E+02, 6.835E+01, 5.385E-03, 0.000E+00, 1.857E+02, 2.657E-03, 2.813E+00
26/07/2019,01:00,9,3.491,3.991,19.350,.849,.342, 1.017E+03, 9.676E+01, 0.000E+00, 3.469E-16, 0.000E+00, 0.000E+00, 0.000E+00, 0.000E+00,-1.701E+01, 1.007E+01, 2.573E+00, 1.766E-01, 1.000E-01,-9.990E+02, 1.000E+00,-9.990E+02, 0.000E+00, 0.000E+00, 0.000E+00, 7.945E-01, 0.000E+00, 0.000E+00, 0.000E+00, 0.000E+00, 2.951E+02, 6.835E+01, 5.000E-03, 0.000E+00, 2.000E+02, 2.559E-03, 2.860E+00
26/07/2019,02:00,9,3.491,3.991,18.719,.827,.378, 1.017E+03, 9.237E+01, 0.000E+00, 3.469E-16, 0.000E+00, 0.000E+00, 0.000E+00, 0.000E+00,-1.701E+01, 1.007E+01, 2.382E+00, 1.764E-01, 1.000E-01,-9.990E+02, 1.000E+00,-9.990E+02, 0.000E+00, 0.000E+00, 0.000E+00, 7.484E-01, 0.000E+00, 0.000E+00, 0.000E+00, 0.000E+00, 2.955E+02, 6.835E+01, 5.000E-03, 0.000E+00, 2.000E+02, 2.559E-03, 3.034E+00
26/07/2019,03:00,9,3.491,3.991,18.087,.804,.410, 1.017E+03, 8.672E+01, 0.000E+00, 3.469E-16, 1.339E+00, 1.371E+01, 1.590E+01, 4.197E+00, 2.116E+01, 4.849E+01, 2.191E+00, 1.368E-01, 1.720E-01, 3.280E-02, 1.000E+00, 1.691E-01, 4.799E-01, 6.806E-01, 1.000E+00, 7.484E-01, 8.612E-02, 5.630E-04, 1.598E-03, 0.000E+00, 5.980E+01, 3.974E+01, 5.000E-03, 2.696E-03, 1.299E+02, 4.539E-03, 3.289E+00
26/07/2019,04:00,9,3.491,3.991,19.665,.749,.582, 1.017E+03, 8.013E+01, 0.000E+00, 3.469E-16, 3.483E+01, 3.877E+01, 1.148E+02, 1.322E+01, 2.116E+01, 4.849E+01, 1.578E+00, 1.372E-01, 1.238E-01, 9.824E-02, 1.000E+00, 4.757E-01, 9.911E-01, 7.953E-01, 1.000E+00, 7.484E-01, 2.831E-01, 1.861E-03, 3.877E-03, 0.000E+00, 8.320E+01, 5.521E+01, 5.000E-03, 8.909E-03, 7.190E+01, 5.062E-03, 3.368E+00
26/07/2019,05:00,9,3.491,3.991,21.243,.693,.785, 1.017E+03, 7.293E+01, 0.000E+00, 3.469E-16, 9.354E+01, 5.947E+01, 1.809E+02, 2.158E+01, 2.116E+01, 4.849E+01, 9.736E-01, 1.375E-01, 1.000E-01, 1.677E-01, 1.000E+00, 6.574E-01, 9.994E-01, 8.846E-01, 1.000E+00, 7.484E-01, 4.352E-01, 2.876E-03, 4.372E-03, 0.000E+00, 1.032E+02, 6.835E+01, 5.000E-03, 1.377E-02, 5.328E+01, 4.786E-03, 3.590E+00
26/07/2019,06:00,9,3.491,3.991,22.821,.638,1.022, 1.017E+03, 6.547E+01, 0.000E+00, 3.469E-16, 1.592E+02, 7.320E+01, 2.193E+02, 2.758E+01, 1.231E+02, 1.601E+02, 4.100E-01, 2.400E-01, 1.000E-01, 2.343E-01, 1.000E+00, 7.537E-01, 9.999E-01, 9.484E-01, 1.000E+00, 7.484E-01, 5.350E-01, 3.554E-03, 4.715E-03, 0.000E+00, 1.014E+02, 6.835E+01, 5.000E-03, 1.702E-02, 4.542E+01, 5.002E-03, 4.046E+00
26/07/2019,07:00,9,3.491,3.991,24.491,.571,1.340, 1.017E+03, 5.814E+01, 0.000E+00, 3.469E-16, 2.228E+02, 7.966E+01, 2.419E+02, 3.091E+01, 1.231E+02, 1.601E+02, 7.186E-01, 2.407E-01, 1.000E-01, 2.913E-01, 1.000E+00, 8.012E-01, 1.000E+00, 9.884E-01, 9.768E-01, 7.484E-01, 5.789E-01, 3.868E-03, 4.828E-03, 0.000E+00, 1.015E+02, 6.835E+01, 5.000E-03, 1.852E-02, 4.252E+01, 5.073E-03, 2.939E+00
26/07/2019,08:00,9,3.491,3.991,26.161,.505,1.713, 1.017E+03, 5.138E+01, 0.000E+00, 3.469E-16, 2.781E+02, 8.037E+01, 2.548E+02, 3.205E+01, 1.231E+02, 1.601E+02, 1.136E+00, 2.414E-01, 1.000E-01, 3.358E-01, 1.000E+00, 8.222E-01, 1.000E+00, 9.999E-01, 7.598E-01, 7.484E-01, 4.674E-01, 3.141E-03, 3.820E-03, 0.000E+00, 1.017E+02, 6.835E+01, 5.000E-03, 1.504E-02, 4.991E+01, 4.887E-03, 2.003E+00
26/07/2019,09:00,9,3.491,3.991,27.831,.439,2.147, 1.017E+03, 4.578E+01, 0.000E+00, 3.469E-16, 3.206E+02, 7.794E+01, 2.617E+02, 3.187E+01, 1.744E+02, 2.118E+02, 1.579E+00, 6.333E-01, 1.012E-01, 3.668E-01, 1.000E+00, 8.293E-01, 1.000E+00, 9.829E-01, 5.066E-01, 7.484E-01, 3.090E-01, 2.088E-03, 2.518E-03, 0.000E+00, 1.443E+02, 6.756E+01, 5.000E-03, 9.997E-03, 6.668E+01, 4.168E-03, 1.482E+00
26/07/2019,10:00,9,3.491,3.991,28.083,.427,2.227, 1.017E+03, 4.205E+01, 0.000E+00, 3.469E-16, 3.469E+02, 7.516E+01, 2.649E+02, 3.132E+01, 1.744E+02, 2.118E+02, 2.451E+00, 6.336E-01, 1.570E-01, 3.849E-01, 1.000E+00, 8.304E-01, 1.000E+00, 9.779E-01, 4.604E-01, 7.484E-01, 2.798E-01, 1.892E-03, 2.278E-03, 0.000E+00, 9.298E+01, 4.353E+01, 5.000E-03, 9.057E-03, 7.114E+01, 5.472E-03, 1.332E+00
26/07/2019,11:00,9,3.491,3.991,28.335,.414,2.308, 1.017E+03, 4.083E+01, 0.000E+00, 3.469E-16, 3.551E+02, 7.410E+01, 2.658E+02, 3.109E+01, 1.744E+02, 2.118E+02, 3.342E+00, 6.339E-01, 2.141E-01, 3.903E-01, 1.000E+00, 8.302E-01, 1.000E+00, 9.722E-01, 4.130E-01, 7.484E-01, 2.495E-01, 1.688E-03, 2.034E-03, 0.000E+00, 6.819E+01, 3.192E+01, 5.000E-03, 8.084E-03, 7.643E+01, 6.318E-03, 1.096E+00
26/07/2019,12:00,9,3.491,3.991,28.587,.402,2.391, 1.017E+03, 4.240E+01, 0.000E+00, 3.469E-16, 3.446E+02, 7.545E+01, 2.647E+02, 3.139E+01, 1.591E+02, 2.029E+02, 4.241E+00, 6.806E-01, 2.679E-01, 3.833E-01, 1.000E+00, 8.304E-01, 1.000E+00, 9.658E-01, 3.646E-01, 7.484E-01, 2.188E-01, 1.482E-03, 1.785E-03, 0.000E+00, 5.591E+01, 2.551E+01, 5.000E-03, 7.097E-03, 8.267E+01, 6.738E-03, 9.322E-01
26/07/2019,13:00,9,3.491,3.991,28.278,.414,2.301, 1.017E+03, 4.641E+01, 0.000E+00, 3.469E-16, 3.160E+02, 7.832E+01, 2.611E+02, 3.193E+01, 1.591E+02, 2.029E+02, 4.096E+00, 6.803E-01, 2.588E-01, 3.636E-01, 1.000E+00, 8.289E-01, 1.000E+00, 9.735E-01, 4.169E-01, 7.484E-01, 2.518E-01, 1.704E-03, 2.055E-03, 0.000E+00, 5.788E+01, 2.641E+01, 5.000E-03, 8.157E-03, 7.601E+01, 6.941E-03, 8.536E-01
26/07/2019,14:00,9,3.491,3.991,27.969,.426,2.214, 1.017E+03, 5.220E+01, 0.000E+00, 3.469E-16, 2.716E+02, 8.050E+01, 2.536E+02, 3.199E+01, 1.591E+02, 2.029E+02, 4.019E+00, 6.800E-01, 2.539E-01, 3.307E-01, 1.000E+00, 8.204E-01, 1.000E+00, 9.802E-01, 4.679E-01, 7.484E-01, 2.816E-01, 1.904E-03, 2.320E-03, 0.000E+00, 5.898E+01, 2.692E+01, 5.000E-03, 9.113E-03, 7.085E+01, 7.132E-03, 8.542E-01
26/07/2019,15:00,9,3.491,3.991,27.659,.438,2.129, 1.017E+03, 5.908E+01, 0.000E+00, 3.469E-16, 2.149E+02, 7.917E+01, 2.397E+02, 3.061E+01, 2.160E+01, 1.201E+02, 4.015E+00, 5.713E-01, 2.431E-01, 2.845E-01, 1.000E+00, 7.968E-01, 9.999E-01, 9.860E-01, 5.175E-01, 7.484E-01, 3.042E-01, 2.054E-03, 2.578E-03, 0.000E+00, 6.669E+01, 2.812E+01, 5.000E-03, 9.836E-03, 6.740E+01, 7.105E-03, 6.650E-01
26/07/2019,16:00,9,3.491,3.991,26.312,.488,1.786, 1.017E+03, 6.646E+01, 0.000E+00, 3.469E-16, 1.505E+02, 7.180E+01, 2.154E+02, 2.694E+01, 2.160E+01, 1.201E+02, 3.432E+00, 5.700E-01, 2.078E-01, 2.259E-01, 1.000E+00, 7.443E-01, 9.999E-01, 9.995E-01, 7.169E-01, 7.484E-01, 3.992E-01, 2.683E-03, 3.605E-03, 0.000E+00, 7.798E+01, 3.289E+01, 5.000E-03, 1.285E-02, 5.603E+01, 7.052E-03, 6.051E-01
26/07/2019,17:00,9,3.491,3.991,24.966,.539,1.483, 1.017E+03, 7.392E+01, 0.000E+00, 3.469E-16, 8.495E+01, 5.705E+01, 1.740E+02, 2.057E+01, 2.160E+01, 1.201E+02, 2.914E+00, 5.686E-01, 1.765E-01, 1.583E-01, 1.000E+00, 6.388E-01, 9.992E-01, 9.945E-01, 8.935E-01, 7.484E-01, 4.248E-01, 2.843E-03, 4.447E-03, 0.000E+00, 9.180E+01, 3.873E+01, 5.000E-03, 1.361E-02, 5.373E+01, 6.463E-03, 5.219E-01
26/07/2019,18:00,9,3.491,3.991,23.619,.590,1.215, 1.017E+03, 8.108E+01, 0.000E+00, 3.469E-16, 2.790E+01, 3.528E+01, 1.019E+02, 1.188E+01,-2.982E+01, 2.069E+01, 2.502E+00, 2.409E-01, 1.000E-01, 8.878E-02, 1.000E+00, 4.398E-01, 9.849E-01, 9.711E-01, 1.000E+00, 7.484E-01, 3.196E-01, 2.129E-03, 4.768E-03, 0.000E+00, 2.558E+02, 6.835E+01, 5.000E-03, 1.019E-02, 6.582E+01, 3.954E-03, 4.303E-01
26/07/2019,19:00,9,3.491,3.991,22.285,.645,.970, 1.017E+03, 8.760E+01, 0.000E+00, 3.469E-16, 2.947E-01, 9.988E+00, 6.545E+00, 3.024E+00,-2.982E+01, 2.069E+01, 2.522E+00, 2.404E-01, 1.000E-01, 2.397E-02, 1.000E+00, 1.198E-01, 2.360E-01, 9.296E-01, 1.000E+00, 7.484E-01, 8.335E-02, 5.528E-04, 1.089E-03, 0.000E+00, 2.564E+02, 6.835E+01, 5.000E-03, 2.647E-03, 1.308E+02, 3.146E-03, 4.531E-01
26/07/2019,20:00,9,3.491,3.991,20.952,.699,.754, 1.018E+03, 9.314E+01, 0.000E+00, 3.469E-16, 0.000E+00, 0.000E+00, 0.000E+00, 0.000E+00,-2.982E+01, 2.069E+01, 2.667E+00, 2.398E-01, 1.038E-01,-9.990E+02, 1.000E+00,-9.990E+02, 0.000E+00, 0.000E+00, 0.000E+00, 7.484E-01, 0.000E+00, 0.000E+00, 0.000E+00, 0.000E+00, 2.477E+02, 6.587E+01, 5.000E-03, 0.000E+00, 2.000E+02, 2.629E-03, 5.359E-01
26/07/2019,21:00,9,3.491,3.991,19.618,.754,.567, 1.018E+03, 9.737E+01, 0.000E+00, 3.469E-16, 0.000E+00, 0.000E+00, 0.000E+00, 0.000E+00,-2.719E+01, 8.896E+00, 2.920E+00, 2.497E-01, 1.217E-01,-9.990E+02, 1.000E+00,-9.990E+02, 0.000E+00, 0.000E+00, 0.000E+00, 7.484E-01, 0.000E+00, 0.000E+00, 0.000E+00, 0.000E+00, 1.971E+02, 5.616E+01, 5.000E-03, 0.000E+00, 2.000E+02, 2.837E-03, 8.006E-01
26/07/2019,22:00,9,3.491,3.991,18.876,.801,.438, 1.018E+03, 1.000E+02, 0.000E+00, 3.469E-16, 0.000E+00, 0.000E+00, 0.000E+00, 0.000E+00,-2.719E+01, 8.896E+00, 2.819E+00, 2.494E-01, 1.173E-01,-9.990E+02, 1.000E+00,-9.990E+02, 0.000E+00, 0.000E+00, 0.000E+00, 7.484E-01, 0.000E+00, 0.000E+00, 0.000E+00, 0.000E+00, 2.047E+02, 5.825E+01, 5.000E-03, 0.000E+00, 2.000E+02, 2.792E-03, 1.073E+00
26/07/2019,23:00,9,3.491,3.991,18.135,.847,.320, 1.018E+03, 1.008E+02, 0.000E+00, 3.469E-16, 0.000E+00, 0.000E+00, 0.000E+00, 0.000E+00,-2.719E+01, 8.896E+00, 2.738E+00, 2.490E-01, 1.139E-01,-9.990E+02, 1.000E+00,-9.990E+02, 0.000E+00, 0.000E+00, 0.000E+00, 7.484E-01, 0.000E+00, 0.000E+00, 0.000E+00, 0.000E+00, 2.112E+02, 6.003E+01, 5.000E-03, 0.000E+00, 2.000E+02, 2.754E-03, 1.319E+00
27/07/2019,00:00,9,3.491,3.991,17.393,.894,.212, 1.018E+03, 9.980E+01, 8.836E-06, 3.469E-16, 0.000E+00, 0.000E+00, 0.000E+00, 0.000E+00,-5.411E+00, 1.925E+00, 2.681E+00, 1.051E-01, 1.000E-01,-9.990E+02, 1.000E+00,-9.990E+02, 0.000E+00, 0.000E+00, 0.000E+00, 7.484E-01, 0.000E+00, 0.000E+00, 0.000E+00, 0.000E+00, 3.595E+02, 6.835E+01, 7.469E-03, 0.000E+00, 1.339E+02, 3.025E-03, 1.534E+00
27/07/2019,01:00,9,3.491,3.991,17.093,.908,.181, 1.018E+03, 9.697E+01, 8.836E-06, 3.469E-16, 0.000E+00, 0.000E+00, 0.000E+00, 0.000E+00,-5.411E+00, 1.925E+00, 2.331E+00, 1.050E-01, 1.000E-01,-9.990E+02, 1.000E+00,-9.990E+02, 0.000E+00, 0.000E+00, 0.000E+00, 7.484E-01, 0.000E+00, 0.000E+00, 0.000E+00, 0.000E+00, 3.598E+02, 6.835E+01, 8.662E-03, 0.000E+00, 1.155E+02, 3.203E-03, 1.649E+00
27/07/2019,02:00,9,3.491,3.991,16.792,.922,.151, 1.018E+03, 9.258E+01, 8.836E-06, 3.469E-16, 0.000E+00, 0.000E+00, 0.000E+00, 0.000E+00,-5.411E+00, 1.925E+00, 2.065E+00, 1.050E-01, 1.000E-01,-9.990E+02, 1.000E+00,-9.990E+02, 0.000E+00, 0.000E+00, 0.000E+00, 7.123E-01, 0.000E+00, 0.000E+00, 0.000E+00, 0.000E+00, 3.601E+02, 6.835E+01, 1.251E-02, 0.000E+00, 7.992E+01, 3.614E-03, 1.676E+00
27/07/2019,03:00,9,3.491,3.991,16.492,.936,.122, 1.018E+03, 8.692E+01, 8.836E-06, 3.469E-16, 9.784E-01, 1.244E+01, 1.291E+01, 3.797E+00, 2.863E+01, 3.390E+01, 1.917E+00, 2.371E-01, 1.322E-01, 3.077E-02, 1.000E+00, 1.528E-01, 4.119E-01, 5.387E-01, 1.000E+00, 7.123E-01, 5.864E-02, 3.813E-04, 1.028E-03, 0.000E+00, 9.723E+01, 5.172E+01, 1.451E-02, 1.826E-03, 6.121E+01, 5.281E-03, 1.722E+00
27/07/2019,04:00,9,3.491,3.991,18.212,.862,.290, 1.018E+03, 8.032E+01, 8.836E-06, 3.469E-16, 3.227E+01, 3.683E+01, 1.085E+02, 1.253E+01, 2.863E+01, 3.390E+01, 1.774E+00, 2.378E-01, 1.222E-01, 9.630E-02, 1.000E+00, 4.592E-01, 9.885E-01, 6.905E-01, 1.000E+00, 7.123E-01, 2.258E-01, 1.477E-03, 3.180E-03, 0.000E+00, 1.053E+02, 5.594E+01, 6.040E-03, 7.072E-03, 7.627E+01, 4.653E-03, 8.373E-01
27/07/2019,05:00,9,3.491,3.991,19.931,.789,.496, 1.018E+03, 7.312E+01, 8.836E-06, 3.469E-16, 8.878E+01, 5.705E+01, 1.736E+02, 2.068E+01, 2.863E+01, 3.390E+01, 1.634E+00, 2.385E-01, 1.125E-01, 1.659E-01, 1.000E+00, 6.436E-01, 9.992E-01, 8.121E-01, 1.000E+00, 7.123E-01, 3.723E-01, 2.449E-03, 3.803E-03, 0.000E+00, 1.145E+02, 6.078E+01, 5.000E-03, 1.173E-02, 5.978E+01, 4.751E-03, 7.944E-01
27/07/2019,06:00,9,3.491,3.991,21.651,.716,.745, 1.018E+03, 6.566E+01, 8.836E-06, 3.469E-16, 1.575E+02, 7.294E+01, 2.185E+02, 2.746E+01, 1.565E+02, 1.298E+02, 1.498E+00, 4.730E-01, 1.004E-01, 2.327E-01, 1.000E+00, 7.519E-01, 9.999E-01, 9.035E-01, 1.000E+00, 7.123E-01, 4.839E-01, 3.203E-03, 4.258E-03, 0.000E+00, 1.342E+02, 6.806E+01, 5.000E-03, 1.533E-02, 4.918E+01, 4.540E-03, 9.303E-01
27/07/2019,07:00,9,3.491,3.991,23.135,.647,1.016, 1.018E+03, 5.833E+01, 8.836E-06, 3.469E-16, 2.211E+02, 7.957E+01, 2.414E+02, 3.085E+01, 1.565E+02, 1.298E+02, 1.958E+00, 4.743E-01, 1.312E-01, 2.899E-01, 1.000E+00, 8.003E-01, 1.000E+00, 9.581E-01, 1.000E+00, 7.123E-01, 5.462E-01, 3.633E-03, 4.539E-03, 0.000E+00, 1.028E+02, 5.208E+01, 5.000E-03, 1.739E-02, 4.466E+01, 5.695E-03, 1.070E+00
27/07/2019,08:00,9,3.491,3.991,24.619,.578,1.331, 1.018E+03, 5.158E+01, 8.836E-06, 3.469E-16, 2.765E+02, 8.042E+01, 2.545E+02, 3.204E+01, 1.565E+02, 1.298E+02, 2.593E+00, 4.755E-01, 1.737E-01, 3.345E-01, 1.000E+00, 8.218E-01, 1.000E+00, 9.903E-01, 9.822E-01, 7.123E-01, 5.693E-01, 3.806E-03, 4.631E-03, 0.000E+00, 7.772E+01, 3.936E+01, 5.000E-03, 1.822E-02, 4.307E+01, 7.041E-03, 1.120E+00
27/07/2019,09:00,9,3.491,3.991,26.103,.508,1.695, 1.017E+03, 4.599E+01, 8.836E-06, 3.469E-16, 3.141E+02, 7.686E+01, 2.574E+02, 3.140E+01, 1.886E+02, 1.799E+02, 3.303E+00, 6.151E-01, 2.135E-01, 3.657E-01, 1.000E+00, 8.256E-01, 1.000E+00, 9.999E-01, 7.701E-01, 7.123E-01, 4.529E-01, 3.042E-03, 3.685E-03, 0.000E+00, 6.734E+01, 3.202E+01, 5.000E-03, 1.457E-02, 5.111E+01, 7.523E-03, 1.147E+00
27/07/2019,10:00,9,3.491,3.991,26.902,.473,1.905, 1.017E+03, 4.227E+01, 8.836E-06, 3.469E-16, 3.401E+02, 7.417E+01, 2.607E+02, 3.088E+01, 1.886E+02, 1.799E+02, 3.295E+00, 6.160E-01, 2.129E-01, 3.838E-01, 1.000E+00, 8.269E-01, 1.000E+00, 9.959E-01, 6.478E-01, 7.123E-01, 3.800E-01, 2.559E-03, 3.095E-03, 0.000E+00, 6.754E+01, 3.210E+01, 5.000E-03, 1.225E-02, 5.796E+01, 7.143E-03, 9.544E-01
27/07/2019,11:00,9,3.491,3.991,27.701,.439,2.131, 1.016E+03, 4.106E+01, 8.836E-06, 3.469E-16, 3.481E+02, 7.314E+01, 2.615E+02, 3.065E+01, 1.886E+02, 1.799E+02, 3.288E+00, 6.170E-01, 2.124E-01, 3.893E-01, 1.000E+00, 8.268E-01, 1.000E+00, 9.852E-01, 5.161E-01, 7.123E-01, 2.995E-01, 2.023E-03, 2.446E-03, 0.000E+00, 6.773E+01, 3.218E+01, 5.000E-03, 9.684E-03, 6.810E+01, 6.652E-03, 8.939E-01
27/07/2019,12:00,9,3.491,3.991,28.500,.404,2.374, 1.016E+03, 4.262E+01, 8.836E-06, 3.469E-16, 3.431E+02, 7.561E+01, 2.645E+02, 3.142E+01, 1.152E+02, 1.681E+02, 3.282E+00, 6.006E-01, 2.078E-01, 3.822E-01, 1.000E+00, 8.303E-01, 1.000E+00, 9.681E-01, 3.746E-01, 7.123E-01, 2.145E-01, 1.452E-03, 1.749E-03, 0.000E+00, 7.178E+01, 3.289E+01, 5.000E-03, 6.953E-03, 8.366E+01, 5.940E-03, 8.645E-01
27/07/2019,13:00,9,3.491,3.991,28.454,.410,2.342, 1.016E+03, 4.663E+01, 8.836E-06, 3.469E-16, 3.145E+02, 7.842E+01, 2.609E+02, 3.195E+01, 1.152E+02, 1.681E+02, 3.504E+00, 6.006E-01, 2.219E-01, 3.624E-01, 1.000E+00, 8.286E-01, 1.000E+00, 9.693E-01, 3.930E-01, 7.123E-01, 2.249E-01, 1.522E-03, 1.837E-03, 0.000E+00, 6.724E+01, 3.081E+01, 5.000E-03, 7.289E-03, 8.138E+01, 6.222E-03, 8.347E-01
27/07/2019,14:00,9,3.491,3.991,28.407,.416,2.311, 1.015E+03, 5.241E+01, 8.836E-06, 3.469E-16, 2.701E+02, 8.050E+01, 2.533E+02, 3.197E+01, 1.152E+02, 1.681E+02, 3.737E+00, 6.007E-01, 2.366E-01, 3.295E-01, 1.000E+00, 8.199E-01, 1.000E+00, 9.704E-01, 4.114E-01, 7.123E-01, 2.332E-01, 1.578E-03, 1.925E-03, 0.000E+00, 6.304E+01, 2.889E+01, 5.000E-03, 7.557E-03, 7.964E+01, 6.493E-03, 7.713E-01
27/07/2019,15:00,9,3.491,3.991,28.361,.423,2.279, 1.015E+03, 5.927E+01, 8.836E-06, 3.469E-16, 2.133E+02, 7.903E+01, 2.393E+02, 3.054E+01, 1.634E+01, 1.092E+02, 3.980E+00, 5.590E-01, 2.402E-01, 2.831E-01, 1.000E+00, 7.958E-01, 9.999E-01, 9.716E-01, 4.297E-01, 7.123E-01, 2.366E-01, 1.602E-03, 2.012E-03, 0.000E+00, 6.791E+01, 2.846E+01, 5.000E-03, 7.668E-03, 7.894E+01, 6.527E-03, 6.438E-01
27/07/2019,16:00,9,3.491,3.991,27.191,.484,1.899, 1.015E+03, 6.666E+01, 8.836E-06, 3.469E-16, 1.489E+02, 7.148E+01, 2.147E+02, 2.680E+01, 1.634E+01, 1.092E+02, 3.532E+00, 5.580E-01, 2.132E-01, 2.242E-01, 1.000E+00, 7.424E-01, 9.999E-01, 9.928E-01, 6.511E-01, 7.123E-01, 3.418E-01, 2.305E-03, 3.104E-03, 0.000E+00, 7.651E+01, 3.206E+01, 5.000E-03, 1.103E-02, 6.237E+01, 6.847E-03, 5.956E-01
27/07/2019,17:00,9,3.491,3.991,26.022,.546,1.559, 1.014E+03, 7.412E+01, 8.836E-06, 3.469E-16, 8.339E+01, 5.653E+01, 1.728E+02, 2.037E+01, 1.634E+01, 1.092E+02, 3.174E+00, 5.570E-01, 1.916E-01, 1.564E-01, 1.000E+00, 6.349E-01, 9.992E-01, 1.000E+00, 8.492E-01, 7.123E-01, 3.840E-01, 2.579E-03, 4.059E-03, 0.000E+00, 8.512E+01, 3.568E+01, 5.000E-03, 1.235E-02, 5.764E+01, 6.633E-03, 5.798E-01
27/07/2019,18:00,9,3.491,3.991,24.852,.607,1.256, 1.014E+03, 8.129E+01, 8.836E-06, 3.469E-16, 2.676E+01, 3.473E+01, 1.000E+02, 1.167E+01,-3.812E+01, 1.921E+01, 2.938E+00, 2.882E-01, 1.256E-01, 8.677E-02, 1.000E+00, 4.336E-01, 9.836E-01, 9.933E-01, 1.000E+00, 7.123E-01, 3.067E-01, 2.052E-03, 4.656E-03, 0.000E+00, 1.862E+02, 5.442E+01, 5.000E-03, 9.824E-03, 6.746E+01, 4.656E-03, 5.230E-01
27/07/2019,19:00,9,3.491,3.991,23.265,.672,.952, 1.014E+03, 8.781E+01, 8.836E-06, 3.469E-16, 1.793E-01, 9.162E+00, 5.117E+00, 2.770E+00,-3.812E+01, 1.921E+01, 2.875E+00, 2.874E-01, 1.226E-01, 2.188E-02, 1.000E+00, 1.095E-01, 1.898E-01, 9.618E-01, 1.000E+00, 7.123E-01, 7.499E-02, 4.990E-04, 8.653E-04, 0.000E+00, 1.912E+02, 5.574E+01, 5.000E-03, 2.389E-03, 1.353E+02, 3.493E-03, 5.186E-01
27/07/2019,20:00,9,3.491,3.991,21.678,.736,.693, 1.014E+03, 9.336E+01, 8.836E-06, 3.469E-16, 0.000E+00, 0.000E+00, 0.000E+00, 0.000E+00,-3.812E+01, 1.921E+01, 2.815E+00, 2.866E-01, 1.198E-01,-9.990E+02, 1.000E+00,-9.990E+02, 0.000E+00, 0.000E+00, 0.000E+00, 7.123E-01, 0.000E+00, 0.000E+00, 0.000E+00, 0.000E+00, 1.962E+02, 5.706E+01, 5.000E-03, 0.000E+00, 2.000E+02, 2.820E-03, 5.732E-01
27/07/2019,21:00,9,3.491,3.991,20.092,.801,.474, 1.014E+03, 9.760E+01, 8.836E-06, 3.469E-16, 0.000E+00, 0.000E+00, 0.000E+00, 0.000E+00,-1.879E+01, 4.829E+00, 2.757E+00, 2.097E-01, 1.093E-01,-9.990E+02, 1.000E+00,-9.990E+02, 0.000E+00, 0.000E+00, 0.000E+00, 7.123E-01, 0.000E+00, 0.000E+00, 0.000E+00, 0.000E+00, 2.307E+02, 6.253E+01, 5.000E-03, 0.000E+00, 2.000E+02, 2.697E-03, 8.011E-01
27/07/2019,22:00,9,3.491,3.991,19.598,.832,.388, 1.014E+03, 1.002E+02, 8.836E-06, 3.469E-16, 0.000E+00, 0.000E+00, 0.000E+00, 0.000E+00,-1.879E+01, 4.829E+00, 2.683E+00, 2.095E-01, 1.063E-01,-9.990E+02, 1.000E+00,-9.990E+02, 0.000E+00, 0.000E+00, 0.000E+00, 7.123E-01, 0.000E+00, 0.000E+00, 0.000E+00, 0.000E+00, 2.374E+02, 6.430E+01, 5.000E-03, 0.000E+00, 2.000E+02, 2.662E-03, 9.943E-01
27/07/2019,23:00,9,3.491,3.991,19.104,.862,.307, 1.014E+03, 1.011E+02, 8.836E-06, 3.469E-16, 0.000E+00, 0.000E+00, 0.000E+00, 0.000E+00,-1.879E+01, 4.829E+00, 2.645E+00, 2.094E-01, 1.047E-01,-9.990E+02, 1.000E+00,-9.990E+02, 0.000E+00, 0.000E+00, 0.000E+00, 7.123E-01, 0.000E+00, 0.000E+00, 0.000E+00, 0.000E+00, 2.411E+02, 6.526E+01, 5.108E-03, 0.000E+00, 1.958E+02, 2.673E-03, 1.092E+00
28/07/2019,00:00,9,3.491,3.991,18.611,.893,.231, 1.014E+03, 1.000E+02, 1.315E-04, 3.469E-16, 0.000E+00, 0.000E+00, 0.000E+00, 0.000E+00,-2.156E+01, 2.710E+00, 2.647E+00, 2.255E-01, 1.077E-01,-9.990E+02, 1.000E+00,-9.990E+02, 0.000E+00, 0.000E+00, 0.000E+00, 7.123E-01, 0.000E+00, 0.000E+00, 0.000E+00, 0.000E+00, 2.283E+02, 6.348E+01, 7.902E-03, 0.000E+00, 1.266E+02, 3.340E-03, 1.222E+00
28/07/2019,01:00,9,3.491,3.991,18.370,.902,.209, 1.013E+03, 9.720E+01, 1.315E-04, 3.469E-16, 0.000E+00, 0.000E+00, 0.000E+00, 0.000E+00,-2.156E+01, 2.710E+00, 2.672E+00, 2.254E-01, 1.087E-01,-9.990E+02, 1.000E+00,-9.990E+02, 0.000E+00, 0.000E+00, 0.000E+00, 7.123E-01, 0.000E+00, 0.000E+00, 0.000E+00, 0.000E+00, 2.263E+02, 6.290E+01, 9.151E-03, 0.000E+00, 1.093E+02, 3.564E-03, 1.346E+00
28/07/2019,02:00,9,3.491,3.991,18.129,.911,.187, 1.013E+03, 9.280E+01, 1.315E-04, 3.469E-16, 0.000E+00, 0.000E+00, 0.000E+00, 0.000E+00,-2.156E+01, 2.710E+00, 2.730E+00, 2.253E-01, 1.110E-01,-9.990E+02, 1.000E+00,-9.990E+02, 0.000E+00, 0.000E+00, 0.000E+00, 6.907E-01, 0.000E+00, 0.000E+00, 0.000E+00, 0.000E+00, 2.216E+02, 6.159E+01, 1.060E-02, 0.000E+00, 9.436E+01, 3.815E-03, 1.406E+00
28/07/2019,03:00,9,3.491,3.991,17.888,.920,.166, 1.013E+03, 8.713E+01, 1.315E-04, 3.469E-16, 7.501E-01, 1.201E+01, 1.114E+01, 3.657E+00, 2.166E+01, 3.689E+01, 2.819E+00, 4.048E-01, 1.751E-01, 2.871E-02, 1.000E+00, 1.462E-01, 3.676E-01, 6.642E-01, 1.000E+00, 6.907E-01, 6.706E-02, 4.381E-04, 1.102E-03, 0.000E+00, 8.818E+01, 3.903E+01, 1.064E-02, 2.098E-03, 7.850E+01, 5.567E-03, 1.419E+00
28/07/2019,04:00,9,3.491,3.991,19.622,.841,.368, 1.012E+03, 8.052E+01, 1.315E-04, 3.469E-16, 3.215E+01, 3.740E+01, 1.103E+02, 1.270E+01, 2.166E+01, 3.689E+01, 2.901E+00, 4.061E-01, 1.802E-01, 9.433E-02, 1.000E+00, 4.619E-01, 9.893E-01, 7.924E-01, 1.000E+00, 6.907E-01, 2.528E-01, 1.661E-03, 3.559E-03, 0.000E+00, 8.576E+01, 3.794E+01, 5.000E-03, 7.955E-03, 7.719E+01, 5.698E-03, 1.133E+00
28/07/2019,05:00,9,3.491,3.991,21.356,.762,.613, 1.012E+03, 7.332E+01, 1.315E-04, 3.469E-16, 9.048E+01, 5.851E+01, 1.788E+02, 2.120E+01, 2.166E+01, 3.689E+01, 2.984E+00, 4.074E-01, 1.853E-01, 1.641E-01, 1.000E+00, 6.503E-01, 9.994E-01, 8.900E-01, 1.000E+00, 6.907E-01, 3.997E-01, 2.643E-03, 4.061E-03, 0.000E+00, 8.344E+01, 3.689E+01, 5.000E-03, 1.265E-02, 5.665E+01, 6.568E-03, 1.090E+00
28/07/2019,06:00,9,3.491,3.991,23.090,.683,.910, 1.012E+03, 6.586E+01, 1.315E-04, 3.469E-16, 1.562E+02, 7.260E+01, 2.183E+02, 2.733E+01, 1.540E+02, 1.300E+02, 3.068E+00, 5.966E-01, 1.972E-01, 2.310E-01, 1.000E+00, 7.501E-01, 9.999E-01, 9.568E-01, 1.000E+00, 6.907E-01, 4.957E-01, 3.296E-03, 4.394E-03, 0.000E+00, 7.363E+01, 3.466E+01, 5.000E-03, 1.578E-02, 4.812E+01, 7.306E-03, 1.188E+00
28/07/2019,07:00,9,3.491,3.991,24.604,.626,1.177, 1.012E+03, 5.853E+01, 1.315E-04, 3.469E-16, 2.199E+02, 7.938E+01, 2.414E+02, 3.077E+01, 1.540E+02, 1.300E+02, 3.121E+00, 5.982E-01, 2.006E-01, 2.885E-01, 1.000E+00, 7.993E-01, 1.000E+00, 9.901E-01, 1.000E+00, 6.907E-01, 5.466E-01, 3.653E-03, 4.571E-03, 0.000E+00, 7.245E+01, 3.408E+01, 5.000E-03, 1.749E-02, 4.446E+01, 7.590E-03, 1.048E+00
28/07/2019,08:00,9,3.491,3.991,26.119,.569,1.486, 1.011E+03, 5.179E+01, 1.315E-04, 3.469E-16, 2.754E+02, 8.033E+01, 2.546E+02, 3.200E+01, 1.540E+02, 1.300E+02, 3.201E+00, 5.998E-01, 2.056E-01, 3.333E-01, 1.000E+00, 8.212E-01, 1.000E+00, 9.999E-01, 8.917E-01, 6.907E-01, 5.057E-01, 3.397E-03, 4.137E-03, 0.000E+00, 7.072E+01, 3.325E+01, 5.000E-03, 1.627E-02, 4.702E+01, 7.565E-03, 1.117E+00
28/07/2019,09:00,9,3.491,3.991,27.634,.513,1.842, 1.011E+03, 4.621E+01, 1.132E-01, 3.469E-16, 3.177E+02, 7.800E+01, 2.614E+02, 3.186E+01, 1.960E+02, 1.937E+02, 3.305E+00, 6.232E-01, 2.137E-01, 3.646E-01, 1.000E+00, 8.286E-01, 1.000E+00, 9.864E-01, 6.842E-01, 6.907E-01, 3.862E-01, 2.608E-03, 3.147E-03, 0.000E+00, 6.724E+01, 3.199E+01, 5.000E-03, 1.249E-02, 5.719E+01, 7.199E-03, 1.248E+00
28/07/2019,10:00,9,3.491,3.991,28.271,.482,2.034, 1.011E+03, 4.250E+01, 1.132E-01, 3.469E-16, 3.441E+02, 7.531E+01, 2.647E+02, 3.134E+01, 1.960E+02, 1.937E+02, 3.201E+00, 6.239E-01, 2.069E-01, 3.828E-01, 1.000E+00, 8.300E-01, 1.000E+00, 9.737E-01, 5.723E-01, 6.907E-01, 3.194E-01, 2.162E-03, 2.604E-03, 0.000E+00, 6.946E+01, 3.303E+01, 5.000E-03, 1.035E-02, 6.515E+01, 6.687E-03, 1.283E+00
28/07/2019,11:00,9,3.491,3.991,28.909,.451,2.238, 1.011E+03, 4.130E+01, 1.132E-01, 3.469E-16, 3.523E+02, 7.428E+01, 2.656E+02, 3.112E+01, 1.960E+02, 1.937E+02, 3.191E+00, 6.247E-01, 2.062E-01, 3.882E-01, 1.000E+00, 8.299E-01, 1.000E+00, 9.568E-01, 4.536E-01, 6.907E-01, 2.487E-01, 1.687E-03, 2.032E-03, 0.000E+00, 6.971E+01, 3.314E+01, 5.000E-03, 8.075E-03, 7.648E+01, 6.205E-03, 1.326E+00
28/07/2019,12:00,9,3.491,3.991,29.546,.420,2.455, 1.010E+03, 4.285E+01, 1.777E-02, 3.469E-16, 3.420E+02, 7.566E+01, 2.647E+02, 3.143E+01, 1.657E+02, 1.681E+02, 3.276E+00, 8.253E-01, 2.029E-01, 3.811E-01, 1.000E+00, 8.301E-01, 1.000E+00, 9.358E-01, 3.276E-01, 6.907E-01, 1.758E-01, 1.194E-03, 1.439E-03, 0.000E+00, 7.658E+01, 3.369E+01, 5.000E-03, 5.719E-03, 9.329E+01, 5.535E-03, 1.371E+00
28/07/2019,13:00,9,3.491,3.991,28.939,.446,2.263, 1.010E+03, 4.685E+01, 1.777E-02, 3.469E-16, 3.133E+02, 7.842E+01, 2.610E+02, 3.194E+01, 1.657E+02, 1.681E+02, 3.645E+00, 8.245E-01, 2.257E-01, 3.613E-01, 1.000E+00, 8.283E-01, 1.000E+00, 9.559E-01, 4.392E-01, 6.907E-01, 2.402E-01, 1.629E-03, 1.966E-03, 0.000E+00, 6.881E+01, 3.028E+01, 5.000E-03, 7.798E-03, 7.814E+01, 6.383E-03, 1.306E+00
28/07/2019,14:00,9,3.491,3.991,28.333,.472,2.082, 1.010E+03, 5.262E+01, 1.777E-02, 3.469E-16, 2.688E+02, 8.042E+01, 2.533E+02, 3.193E+01, 1.657E+02, 1.681E+02, 4.134E+00, 8.238E-01, 2.561E-01, 3.282E-01, 1.000E+00, 8.193E-01, 1.000E+00, 9.722E-01, 5.448E-01, 6.907E-01, 2.997E-01, 2.029E-03, 2.476E-03, 0.000E+00, 6.065E+01, 2.669E+01, 5.000E-03, 9.712E-03, 6.797E+01, 7.290E-03, 1.121E+00
28/07/2019,15:00,9,3.491,3.991,27.726,.497,1.910, 1.010E+03, 5.948E+01, 1.315E-04, 3.469E-16, 2.119E+02, 7.883E+01, 2.391E+02, 3.045E+01, 4.176E+01, 9.384E+01, 4.707E+00, 6.837E-01, 2.857E-01, 2.816E-01, 1.000E+00, 7.947E-01, 9.999E-01, 9.848E-01, 6.448E-01, 6.907E-01, 3.485E-01, 2.354E-03, 2.962E-03, 0.000E+00, 5.650E+01, 2.393E+01, 5.000E-03, 1.127E-02, 6.146E+01, 8.076E-03, 9.865E-01
28/07/2019,16:00,9,3.491,3.991,26.303,.571,1.495, 1.010E+03, 6.686E+01, 1.315E-04, 3.469E-16, 1.475E+02, 7.112E+01, 2.143E+02, 2.666E+01, 4.176E+01, 9.384E+01, 4.362E+00, 6.821E-01, 2.648E-01, 2.224E-01, 1.000E+00, 7.403E-01, 9.999E-01, 9.995E-01, 8.863E-01, 6.907E-01, 4.529E-01, 3.045E-03, 4.113E-03, 0.000E+00, 6.094E+01, 2.582E+01, 5.000E-03, 1.458E-02, 5.108E+01, 8.448E-03, 8.514E-01
28/07/2019,17:00,9,3.491,3.991,24.881,.645,1.135, 1.010E+03, 7.433E+01, 1.315E-04, 3.469E-16, 8.191E+01, 5.598E+01, 1.718E+02, 2.015E+01, 4.176E+01, 9.384E+01, 4.126E+00, 6.805E-01, 2.505E-01, 1.545E-01, 1.000E+00, 6.308E-01, 9.991E-01, 9.936E-01, 1.000E+00, 6.907E-01, 4.329E-01, 2.896E-03, 4.588E-03, 0.000E+00, 6.441E+01, 2.729E+01, 5.000E-03, 1.387E-02, 5.300E+01, 8.056E-03, 7.276E-01
28/07/2019,18:00,9,3.491,3.991,23.459,.719,.823, 1.010E+03, 8.150E+01, 1.315E-04, 3.469E-16, 2.550E+01, 3.398E+01, 9.762E+01, 1.139E+01,-2.060E+01, 1.493E+01, 4.019E+00, 5.588E-01, 2.320E-01, 8.470E-02, 1.000E+00, 4.256E-01, 9.820E-01, 9.671E-01, 1.000E+00, 6.907E-01, 2.843E-01, 1.893E-03, 4.367E-03, 0.000E+00, 7.469E+01, 2.947E+01, 5.000E-03, 9.063E-03, 7.111E+01, 6.736E-03, 6.184E-01
28/07/2019,19:00,9,3.491,3.991,21.831,.779,.587, 1.010E+03, 8.803E+01, 1.315E-04, 3.469E-16, 9.744E-02, 8.260E+00, 3.909E+00, 2.494E+00,-2.060E+01, 1.493E+01, 4.014E+00, 5.572E-01, 2.316E-01, 1.972E-02, 1.000E+00, 9.849E-02, 1.485E-01, 9.113E-01, 1.000E+00, 6.907E-01, 6.199E-02, 4.105E-04, 6.191E-04, 0.000E+00, 7.481E+01, 2.951E+01, 5.000E-03, 1.965E-03, 1.436E+02, 4.524E-03, 7.009E-01
28/07/2019,20:00,9,3.491,3.991,20.204,.838,.389, 1.010E+03, 9.358E+01, 1.315E-04, 3.469E-16, 0.000E+00, 0.000E+00, 0.000E+00, 0.000E+00,-2.060E+01, 1.493E+01, 4.022E+00, 5.556E-01, 2.320E-01,-9.990E+02, 1.000E+00,-9.990E+02, 0.000E+00, 0.000E+00, 0.000E+00, 6.907E-01, 0.000E+00, 0.000E+00, 0.000E+00, 0.000E+00, 7.470E+01, 2.946E+01, 5.000E-03, 0.000E+00, 2.000E+02, 3.606E-03, 7.215E-01
28/07/2019,21:00,9,3.491,3.991,18.576,.897,.223, 1.010E+03, 9.783E+01, 1.315E-04, 3.469E-16, 0.000E+00, 0.000E+00, 0.000E+00, 0.000E+00,-2.173E+01, 8.368E+00, 4.042E+00, 4.962E-01, 2.300E-01,-9.990E+02, 1.000E+00,-9.990E+02, 0.000E+00, 0.000E+00, 0.000E+00, 6.907E-01, 0.000E+00, 0.000E+00, 0.000E+00, 0.000E+00, 7.639E+01, 2.972E+01, 9.951E-03, 0.000E+00, 1.005E+02, 5.599E-03, 6.192E-01
28/07/2019,22:00,9,3.491,3.991,18.249,.891,.230, 1.010E+03, 1.005E+02, 1.315E-04, 3.469E-16, 0.000E+00, 0.000E+00, 0.000E+00, 0.000E+00,-2.173E+01, 8.368E+00, 3.819E+00, 4.959E-01, 2.173E-01,-9.990E+02, 1.000E+00,-9.990E+02, 0.000E+00, 0.000E+00, 0.000E+00, 6.907E-01, 0.000E+00, 0.000E+00, 0.000E+00, 0.000E+00, 8.085E+01, 3.145E+01, 1.080E-02, 0.000E+00, 9.258E+01, 5.706E-03, 5.062E-01
28/07/2019,23:00,9,3.491,3.991,17.921,.886,.236, 1.010E+03, 1.013E+02, 1.315E-04, 3.469E-16, 0.000E+00, 0.000E+00, 0.000E+00, 0.000E+00,-2.173E+01, 8.368E+00, 3.616E+00, 4.956E-01, 2.058E-01,-9.990E+02, 1.000E+00,-9.990E+02, 0.000E+00, 0.000E+00, 0.000E+00, 6.907E-01, 0.000E+00, 0.000E+00, 0.000E+00, 0.000E+00, 8.540E+01, 3.322E+01, 9.414E-03, 0.000E+00, 1.062E+02, 5.167E-03, 4.891E-01
29/07/2019,00:00,9,3.491,3.991,17.593,.881,.242, 1.010E+03, 1.003E+02, 0.000E+00, 3.469E-16, 0.000E+00, 0.000E+00, 0.000E+00, 0.000E+00,-2.477E+01, 8.318E+00, 3.436E+00, 4.622E-01, 1.922E-01,-9.990E+02, 1.000E+00,-9.990E+02, 0.000E+00, 0.000E+00, 0.000E+00, 6.907E-01, 0.000E+00, 0.000E+00, 0.000E+00, 0.000E+00, 9.297E+01, 3.556E+01, 8.768E-03, 0.000E+00, 1.140E+02, 4.816E-03, 5.197E-01
29/07/2019,01:00,9,3.491,3.991,17.703,.878,.250, 1.010E+03, 9.742E+01, 0.000E+00, 3.469E-16, 0.000E+00, 0.000E+00, 0.000E+00, 0.000E+00,-2.477E+01, 8.318E+00, 3.423E+00, 4.623E-01, 1.915E-01,-9.990E+02, 1.000E+00,-9.990E+02, 0.000E+00, 0.000E+00, 0.000E+00, 6.907E-01, 0.000E+00, 0.000E+00, 0.000E+00, 0.000E+00, 9.331E+01, 3.569E+01, 7.587E-03, 0.000E+00, 1.318E+02, 4.430E-03, 5.664E-01
29/07/2019,02:00,9,3.491,3.991,17.812,.875,.257, 1.009E+03, 9.301E+01, 0.000E+00, 3.469E-16, 0.000E+00, 0.000E+00, 0.000E+00, 0.000E+00,-2.477E+01, 8.318E+00, 3.424E+00, 4.625E-01, 1.916E-01,-9.990E+02, 1.000E+00,-9.990E+02, 0.000E+00, 0.000E+00, 0.000E+00, 6.716E-01, 0.000E+00, 0.000E+00, 0.000E+00, 0.000E+00, 9.329E+01, 3.568E+01, 7.014E-03, 0.000E+00, 1.426E+02, 4.228E-03, 6.204E-01
29/07/2019,03:00,9,3.491,3.991,17.921,.872,.265, 1.009E+03, 8.734E+01, 0.000E+00, 3.469E-16, 5.269E-01, 1.114E+01, 9.053E+00, 3.382E+00, 3.535E+01, 3.806E+01, 3.437E+00, 5.189E-01, 2.119E-01, 2.661E-02, 1.000E+00, 1.347E-01, 3.109E-01, 6.670E-01, 1.000E+00, 6.716E-01, 6.033E-02, 3.942E-04, 9.101E-04, 0.000E+00, 7.396E+01, 3.226E+01, 7.001E-03, 1.887E-03, 1.125E+02, 5.095E-03, 6.861E-01
29/07/2019,04:00,9,3.491,3.991,19.282,.810,.430, 1.009E+03, 8.073E+01, 0.000E+00, 3.469E-16, 3.081E+01, 3.669E+01, 1.080E+02, 1.243E+01, 3.535E+01, 3.806E+01, 3.458E+00, 5.201E-01, 2.131E-01, 9.233E-02, 1.000E+00, 4.546E-01, 9.882E-01, 7.697E-01, 1.000E+00, 6.716E-01, 2.350E-01, 1.543E-03, 3.354E-03, 0.000E+00, 7.356E+01, 3.207E+01, 5.000E-03, 7.386E-03, 8.073E+01, 6.097E-03, 7.483E-01
29/07/2019,05:00,9,3.491,3.991,20.643,.747,.622, 1.009E+03, 7.352E+01, 0.000E+00, 3.469E-16, 8.889E+01, 5.800E+01, 1.776E+02, 2.099E+01, 3.535E+01, 3.806E+01, 3.502E+00, 5.213E-01, 2.158E-01, 1.622E-01, 1.000E+00, 6.466E-01, 9.993E-01, 8.536E-01, 1.000E+00, 6.716E-01, 3.707E-01, 2.445E-03, 3.778E-03, 0.000E+00, 7.267E+01, 3.167E+01, 5.000E-03, 1.170E-02, 5.987E+01, 7.037E-03, 8.310E-01
29/07/2019,06:00,9,3.491,3.991,22.003,.685,.844, 1.010E+03, 6.606E+01, 1.339E-02, 3.469E-16, 1.545E+02, 7.226E+01, 2.175E+02, 2.718E+01, 1.561E+02, 1.085E+02, 3.570E+00, 6.666E-01, 2.260E-01, 2.293E-01, 1.000E+00, 7.480E-01, 9.999E-01, 9.185E-01, 1.000E+00, 6.716E-01, 4.615E-01, 3.058E-03, 4.087E-03, 0.000E+00, 6.602E+01, 3.024E+01, 5.000E-03, 1.464E-02, 5.092E+01, 7.764E-03, 9.319E-01
29/07/2019,07:00,9,3.491,3.991,22.831,.637,1.024, 1.010E+03, 5.873E+01, 1.339E-02, 3.469E-16, 2.182E+02, 7.920E+01, 2.409E+02, 3.069E+01, 1.561E+02, 1.085E+02, 3.778E+00, 6.675E-01, 2.392E-01, 2.870E-01, 1.000E+00, 7.982E-01, 1.000E+00, 9.487E-01, 1.000E+00, 6.716E-01, 5.086E-01, 3.379E-03, 4.234E-03, 0.000E+00, 6.241E+01, 2.858E+01, 5.000E-03, 1.618E-02, 4.722E+01, 8.276E-03, 9.470E-01
29/07/2019,08:00,9,3.491,3.991,23.658,.589,1.220, 1.010E+03, 5.200E+01, 1.339E-02, 3.469E-16, 2.737E+02, 8.028E+01, 2.542E+02, 3.196E+01, 1.561E+02, 1.085E+02, 4.000E+00, 6.685E-01, 2.532E-01, 3.320E-01, 1.000E+00, 8.206E-01, 1.000E+00, 9.720E-01, 1.000E+00, 6.716E-01, 5.357E-01, 3.569E-03, 4.350E-03, 0.000E+00, 5.898E+01, 2.700E+01, 5.000E-03, 1.709E-02, 4.527E+01, 8.710E-03, 9.216E-01
29/07/2019,09:00,9,3.491,3.991,24.485,.541,1.433, 1.009E+03, 4.643E+01, 4.762E-03, 3.469E-16, 3.110E+02, 7.681E+01, 2.570E+02, 3.135E+01, 2.285E+02, 1.399E+02, 4.234E+00, 7.246E-01, 2.697E-01, 3.635E-01, 1.000E+00, 8.247E-01, 1.000E+00, 9.883E-01, 9.225E-01, 6.716E-01, 5.049E-01, 3.374E-03, 4.091E-03, 0.000E+00, 5.474E+01, 2.535E+01, 5.000E-03, 1.615E-02, 4.727E+01, 8.896E-03, 8.755E-01
29/07/2019,10:00,9,3.491,3.991,24.840,.530,1.501, 1.009E+03, 4.273E+01, 4.762E-03, 3.469E-16, 3.370E+02, 7.423E+01, 2.602E+02, 3.086E+01, 2.285E+02, 1.399E+02, 4.074E+00, 7.251E-01, 2.595E-01, 3.817E-01, 1.000E+00, 8.262E-01, 1.000E+00, 9.931E-01, 8.829E-01, 6.716E-01, 4.866E-01, 3.255E-03, 3.940E-03, 0.000E+00, 5.690E+01, 2.634E+01, 5.000E-03, 1.558E-02, 4.858E+01, 8.600E-03, 8.431E-01
29/07/2019,11:00,9,3.491,3.991,25.196,.518,1.571, 1.009E+03, 4.154E+01, 4.762E-03, 3.469E-16, 3.450E+02, 7.323E+01, 2.611E+02, 3.064E+01, 2.285E+02, 1.399E+02, 3.915E+00, 7.256E-01, 2.493E-01, 3.872E-01, 1.000E+00, 8.262E-01, 1.000E+00, 9.967E-01, 8.421E-01, 6.716E-01, 4.657E-01, 3.119E-03, 3.775E-03, 0.000E+00, 5.923E+01, 2.742E+01, 5.000E-03, 1.493E-02, 5.016E+01, 8.290E-03, 8.670E-01
29/07/2019,12:00,9,3.491,3.991,25.552,.507,1.644, 1.009E+03, 4.309E+01, 0.000E+00, 3.469E-16, 3.357E+02, 7.475E+01, 2.609E+02, 3.102E+01, 1.655E+02, 1.179E+02, 3.756E+00, 7.007E-01, 2.369E-01, 3.800E-01, 1.000E+00, 8.269E-01, 1.000E+00, 9.990E-01, 7.999E-01, 6.716E-01, 4.438E-01, 2.976E-03, 3.599E-03, 0.000E+00, 6.344E+01, 2.886E+01, 5.000E-03, 1.425E-02, 5.195E+01, 7.913E-03, 8.549E-01
29/07/2019,13:00,9,3.491,3.991,24.466,.510,1.530, 1.009E+03, 4.708E+01, 0.000E+00, 3.469E-16, 3.074E+02, 7.742E+01, 2.572E+02, 3.150E+01, 1.655E+02, 1.179E+02, 4.013E+00, 6.993E-01, 2.531E-01, 3.601E-01, 1.000E+00, 8.249E-01, 1.000E+00, 9.880E-01, 8.661E-01, 6.716E-01, 4.740E-01, 3.167E-03, 3.840E-03, 0.000E+00, 5.934E+01, 2.700E+01, 5.000E-03, 1.516E-02, 4.959E+01, 8.388E-03, 7.897E-01
29/07/2019,14:00,9,3.491,3.991,23.381,.512,1.423, 1.009E+03, 5.284E+01, 0.000E+00, 3.469E-16, 2.634E+02, 7.930E+01, 2.495E+02, 3.146E+01, 1.655E+02, 1.179E+02, 4.281E+00, 6.979E-01, 2.701E-01, 3.268E-01, 1.000E+00, 8.154E-01, 1.000E+00, 9.650E-01, 9.281E-01, 6.716E-01, 4.905E-01, 3.265E-03, 4.004E-03, 0.000E+00, 5.558E+01, 2.530E+01, 5.000E-03, 1.563E-02, 4.847E+01, 8.794E-03, 7.119E-01
29/07/2019,15:00,9,3.491,3.991,22.295,.515,1.324, 1.009E+03, 5.969E+01, 5.814E-02, 3.469E-16, 2.005E+02, 7.508E+01, 2.276E+02, 2.898E+01, 5.684E+01, 7.254E+01, 4.558E+00, 7.508E-01, 2.768E-01, 2.800E-01, 1.000E+00, 7.814E-01, 9.999E-01, 9.300E-01, 9.862E-01, 6.716E-01, 4.813E-01, 3.192E-03, 4.085E-03, 0.000E+00, 5.826E+01, 2.470E+01, 5.000E-03, 1.528E-02, 4.930E+01, 8.797E-03, 6.432E-01
29/07/2019,16:00,9,3.491,3.991,20.945,.544,1.145, 1.010E+03, 6.707E+01, 5.814E-02, 3.469E-16, 1.389E+02, 6.755E+01, 2.036E+02, 2.530E+01, 5.684E+01, 7.254E+01, 4.322E+00, 7.490E-01, 2.625E-01, 2.206E-01, 1.000E+00, 7.246E-01, 9.998E-01, 8.696E-01, 1.000E+00, 6.716E-01, 4.232E-01, 2.794E-03, 3.855E-03, 0.000E+00, 6.142E+01, 2.604E+01, 5.000E-03, 1.338E-02, 5.442E+01, 8.177E-03, 5.345E-01
29/07/2019,17:00,9,3.491,3.991,19.595,.572,.986, 1.010E+03, 7.454E+01, 5.814E-02, 3.469E-16, 7.640E+01, 5.289E+01, 1.623E+02, 1.901E+01, 5.684E+01, 7.254E+01, 4.143E+00, 7.472E-01, 2.517E-01, 1.525E-01, 1.000E+00, 6.121E-01, 9.987E-01, 7.907E-01, 1.000E+00, 6.716E-01, 3.250E-01, 2.136E-03, 3.485E-03, 0.000E+00, 6.404E+01, 2.716E+01, 5.000E-03, 1.023E-02, 6.567E+01, 7.328E-03, 4.454E-01
29/07/2019,18:00,9,3.491,3.991,18.245,.601,.844, 1.010E+03, 8.171E+01, 3.147E-01, 3.469E-16, 2.332E+01, 3.220E+01, 9.164E+01, 1.076E+01,-3.098E+01, 5.507E+01, 4.030E+00, 4.771E-01, 2.237E-01, 8.258E-02, 1.000E+00, 4.088E-01, 9.769E-01, 6.932E-01, 1.000E+00, 6.716E-01, 1.903E-01, 1.245E-03, 2.975E-03, 0.000E+00, 8.053E+01, 3.056E+01, 5.000E-03, 5.960E-03, 9.124E+01, 5.823E-03, 4.064E-01
29/07/2019,19:00,9,3.491,3.991,17.240,.663,.668, 1.010E+03, 8.825E+01, 3.147E-01, 3.469E-16, 4.243E-02, 7.111E+00, 2.839E+00, 2.145E+00,-3.098E+01, 5.507E+01, 3.912E+00, 4.763E-01, 2.171E-01, 1.751E-02, 1.000E+00, 8.488E-02, 1.102E-01, 6.084E-01, 1.000E+00, 6.716E-01, 3.469E-02, 2.261E-04, 2.936E-04, 0.000E+00, 8.302E+01, 3.149E+01, 5.000E-03, 1.083E-03, 1.644E+02, 4.043E-03, 3.559E-01
29/07/2019,20:00,9,3.491,3.991,16.234,.725,.511, 1.011E+03, 9.381E+01, 3.147E-01, 3.469E-16, 0.000E+00, 0.000E+00, 0.000E+00, 0.000E+00,-3.098E+01, 5.507E+01, 3.821E+00, 4.754E-01, 2.120E-01,-9.990E+02, 1.000E+00,-9.990E+02, 0.000E+00, 0.000E+00, 0.000E+00, 6.716E-01, 0.000E+00, 0.000E+00, 0.000E+00, 0.000E+00, 8.505E+01, 3.225E+01, 5.000E-03, 0.000E+00, 2.000E+02, 3.509E-03, 3.464E-01
29/07/2019,21:00,9,3.491,3.991,15.229,.787,.371, 1.011E+03, 9.806E+01, 2.470E-01, 3.469E-16, 0.000E+00, 0.000E+00, 0.000E+00, 0.000E+00,-2.441E+01, 5.460E+01, 3.760E+00, 5.335E-01, 2.148E-01,-9.990E+02, 1.000E+00,-9.990E+02, 0.000E+00, 0.000E+00, 0.000E+00, 6.716E-01, 0.000E+00, 0.000E+00, 0.000E+00, 0.000E+00, 8.146E+01, 3.182E+01, 5.000E-03, 0.000E+00, 2.000E+02, 3.526E-03, 4.107E-01
29/07/2019,22:00,9,3.491,3.991,14.799,.808,.326, 1.011E+03, 1.007E+02, 2.470E-01, 3.469E-16, 0.000E+00, 0.000E+00, 0.000E+00, 0.000E+00,-2.441E+01, 5.460E+01, 3.788E+00, 5.330E-01, 2.164E-01,-9.990E+02, 1.000E+00,-9.990E+02, 0.000E+00, 0.000E+00, 0.000E+00, 6.716E-01, 0.000E+00, 0.000E+00, 0.000E+00, 0.000E+00, 8.086E+01, 3.158E+01, 5.000E-03, 0.000E+00, 2.000E+02, 3.534E-03, 4.097E-01
29/07/2019,23:00,9,3.491,3.991,14.369,.828,.283, 1.011E+03, 1.015E+02, 2.470E-01, 3.469E-16, 0.000E+00, 0.000E+00, 0.000E+00, 0.000E+00,-2.441E+01, 5.460E+01, 3.829E+00, 5.326E-01, 2.188E-01,-9.990E+02, 1.000E+00,-9.990E+02, 0.000E+00, 0.000E+00, 0.000E+00, 6.716E-01, 0.000E+00, 0.000E+00, 0.000E+00, 0.000E+00, 8.001E+01, 3.125E+01, 5.000E-03, 0.000E+00, 2.000E+02, 3.545E-03, 3.951E-01
30/07/2019,00:00,9,3.491,3.991,13.939,.849,.242, 1.011E+03, 1.005E+02, 5.515E-01, 3.469E-16, 0.000E+00, 0.000E+00, 0.000E+00, 0.000E+00,-2.876E+01, 6.952E+01, 3.882E+00, 6.018E-01, 2.233E-01,-9.990E+02, 1.000E+00,-9.990E+02, 0.000E+00, 0.000E+00, 0.000E+00, 6.716E-01, 0.000E+00, 0.000E+00, 0.000E+00, 0.000E+00, 7.783E+01, 3.061E+01, 5.000E-03, 0.000E+00, 2.000E+02, 3.567E-03, 3.915E-01
30/07/2019,01:00,9,3.491,3.991,13.399,.869,.202, 1.011E+03, 9.765E+01, 5.515E-01, 3.469E-16, 0.000E+00, 0.000E+00, 0.000E+00, 0.000E+00,-2.876E+01, 6.952E+01, 4.064E+00, 6.012E-01, 2.338E-01,-9.990E+02, 1.000E+00,-9.990E+02, 0.000E+00, 0.000E+00, 0.000E+00, 6.716E-01, 0.000E+00, 0.000E+00, 0.000E+00, 0.000E+00, 7.435E+01, 2.924E+01, 6.640E-03, 0.000E+00, 1.506E+02, 4.398E-03, 3.708E-01
30/07/2019,02:00,9,3.491,3.991,12.859,.890,.164, 1.012E+03, 9.324E+01, 5.515E-01, 3.469E-16, 0.000E+00, 0.000E+00, 0.000E+00, 0.000E+00,-2.876E+01, 6.952E+01, 4.246E+00, 6.006E-01, 2.443E-01,-9.990E+02, 1.000E+00,-9.990E+02, 0.000E+00, 0.000E+00, 0.000E+00, 6.694E-01, 0.000E+00, 0.000E+00, 0.000E+00, 0.000E+00, 7.118E+01, 2.798E+01, 1.115E-02, 0.000E+00, 8.968E+01, 6.129E-03, 3.761E-01
30/07/2019,03:00,9,3.491,3.991,12.320,.911,.128, 1.012E+03, 8.755E+01, 7.977E-01, 3.469E-16, 1.371E-01, 7.326E+00, 3.819E+00, 2.214E+00,-6.329E+01, 1.365E+02, 4.428E+00, 5.847E-01, 2.441E-01, 2.447E-02, 1.000E+00, 8.848E-02, 1.454E-01, 4.518E-02, 1.000E+00, 6.694E-01, 2.676E-03, 1.715E-05, 2.818E-05, 0.000E+00, 7.433E+01, 2.800E+01, 1.505E-02, 8.210E-05, 6.611E+01, 7.147E-03, 3.949E-01
30/07/2019,04:00,9,3.491,3.991,12.039,.888,.159, 1.012E+03, 8.093E+01, 7.977E-01, 3.469E-16, 1.184E+01, 3.417E+01, 4.837E+01, 1.083E+01,-6.329E+01, 1.365E+02, 4.351E+00, 5.843E-01, 2.398E-01, 9.029E-02, 1.000E+00, 4.049E-01, 8.632E-01, 1.000E-02, 1.000E+00, 6.694E-01, 2.710E-03, 1.735E-05, 5.527E-05, 0.000E+00, 7.567E+01, 2.851E+01, 9.146E-03, 8.307E-05, 1.084E+02, 5.450E-03, 4.771E-01
30/07/2019,05:00,9,3.491,3.991,11.759,.864,.188, 1.012E+03, 7.372E+01, 7.977E-01, 3.469E-16, 3.517E+01, 6.672E+01, 8.423E+01, 2.150E+01,-6.329E+01, 1.365E+02, 4.295E+00, 5.840E-01, 2.367E-01, 1.603E-01, 1.000E+00, 6.482E-01, 9.687E-01, 1.000E-02, 1.000E+00, 6.694E-01, 4.339E-03, 2.775E-05, 6.196E-05, 0.000E+00, 7.667E+01, 2.888E+01, 6.415E-03, 1.329E-04, 1.527E+02, 4.370E-03, 5.822E-01
30/07/2019,06:00,9,3.491,3.991,11.478,.841,.216, 1.013E+03, 6.626E+01, 5.945E-05, 3.469E-16, 1.526E+02, 7.203E+01, 2.165E+02, 2.706E+01, 8.694E+01, 1.778E+02, 4.262E+00, 8.345E-01, 2.594E-01, 2.276E-01, 1.000E+00, 7.462E-01, 9.999E-01, 1.000E-02, 1.000E+00, 6.694E-01, 4.995E-03, 3.192E-05, 6.389E-05, 0.000E+00, 6.193E+01, 2.636E+01, 5.000E-03, 1.528E-04, 1.941E+02, 3.806E-03, 7.059E-01
30/07/2019,07:00,9,3.491,3.991,12.931,.708,.437, 1.013E+03, 5.894E+01, 5.945E-05, 3.469E-16, 2.163E+02, 7.916E+01, 2.402E+02, 3.064E+01, 8.694E+01, 1.778E+02, 4.931E+00, 8.366E-01, 3.000E-01, 2.856E-01, 1.000E+00, 7.973E-01, 9.999E-01, 1.286E-01, 1.000E+00, 6.694E-01, 6.863E-02, 4.407E-04, 5.527E-04, 0.000E+00, 5.355E+01, 2.278E+01, 5.000E-03, 2.110E-03, 1.406E+02, 5.000E-03, 7.962E-01
30/07/2019,08:00,9,3.491,3.991,14.384,.575,.701, 1.013E+03, 5.221E+01, 5.945E-05, 3.469E-16, 2.718E+02, 8.041E+01, 2.537E+02, 3.197E+01, 8.694E+01, 1.778E+02, 5.616E+00, 8.386E-01, 3.416E-01, 3.307E-01, 1.000E+00, 8.203E-01, 1.000E+00, 3.116E-01, 1.000E+00, 6.694E-01, 1.711E-01, 1.104E-03, 1.346E-03, 0.000E+00, 4.704E+01, 2.001E+01, 5.000E-03, 5.287E-03, 9.721E+01, 6.696E-03, 7.662E-01
30/07/2019,09:00,9,3.491,3.991,15.837,.442,1.012, 1.013E+03, 4.666E+01, 5.945E-05, 3.469E-16, 3.143E+02, 7.832E+01, 2.609E+02, 3.191E+01, 3.163E+02, 1.521E+02, 6.312E+00, 1.071E+00, 3.892E-01, 3.623E-01, 1.000E+00, 8.284E-01, 1.000E+00, 4.730E-01, 1.000E+00, 6.694E-01, 2.623E-01, 1.702E-03, 2.054E-03, 0.000E+00, 4.023E+01, 1.756E+01, 5.000E-03, 8.147E-03, 7.606E+01, 8.220E-03, 7.613E-01
30/07/2019,10:00,9,3.491,3.991,16.169,.432,1.051, 1.013E+03, 4.297E+01, 5.945E-05, 3.469E-16, 3.407E+02, 7.578E+01, 2.642E+02, 3.145E+01, 3.163E+02, 1.521E+02, 6.339E+00, 1.071E+00, 3.909E-01, 3.806E-01, 1.000E+00, 8.301E-01, 1.000E+00, 5.069E-01, 1.000E+00, 6.694E-01, 2.816E-01, 1.829E-03, 2.204E-03, 0.000E+00, 4.006E+01, 1.749E+01, 5.000E-03, 8.757E-03, 7.269E+01, 8.468E-03, 7.069E-01
30/07/2019,11:00,9,3.491,3.991,16.500,.423,1.092, 1.014E+03, 4.178E+01, 5.945E-05, 3.469E-16, 3.488E+02, 7.479E+01, 2.651E+02, 3.123E+01, 3.163E+02, 1.521E+02, 6.367E+00, 1.072E+00, 3.926E-01, 3.861E-01, 1.000E+00, 8.301E-01, 1.000E+00, 5.396E-01, 1.000E+00, 6.694E-01, 2.998E-01, 1.949E-03, 2.348E-03, 0.000E+00, 3.989E+01, 1.741E+01, 5.000E-03, 9.333E-03, 6.977E+01, 8.698E-03, 7.005E-01
30/07/2019,12:00,9,3.491,3.991,16.832,.413,1.134, 1.014E+03, 4.333E+01, 1.552E-02, 3.469E-16, 1.368E+02, 1.554E+02, 1.443E+02, 5.030E+01, 1.614E+02, 1.275E+02, 6.395E+00, 9.748E-01, 3.904E-01, 3.789E-01, 1.000E+00, 9.205E-01, 9.974E-01, 5.712E-01, 1.000E+00, 6.694E-01, 3.519E-01, 2.291E-03, 2.482E-03, 0.000E+00, 4.089E+01, 1.751E+01, 5.000E-03, 1.097E-02, 6.262E+01, 9.242E-03, 6.842E-01
30/07/2019,13:00,9,3.491,3.991,16.622,.442,1.063, 1.014E+03, 4.731E+01, 1.552E-02, 3.469E-16, 1.252E+02, 1.486E+02, 1.404E+02, 4.812E+01, 1.614E+02, 1.275E+02, 6.110E+00, 9.743E-01, 3.730E-01, 3.588E-01, 1.000E+00, 9.103E-01, 9.969E-01, 5.513E-01, 1.000E+00, 6.694E-01, 3.359E-01, 2.185E-03, 2.393E-03, 0.000E+00, 4.279E+01, 1.832E+01, 5.000E-03, 1.046E-02, 6.467E+01, 8.899E-03, 6.585E-01
30/07/2019,14:00,9,3.491,3.991,16.413,.471,.994, 1.014E+03, 5.306E+01, 1.552E-02, 3.469E-16, 1.071E+02, 1.364E+02, 1.333E+02, 4.420E+01, 1.614E+02, 1.275E+02, 5.869E+00, 9.739E-01, 3.583E-01, 3.254E-01, 1.000E+00, 8.891E-01, 9.958E-01, 5.310E-01, 1.000E+00, 6.694E-01, 3.160E-01, 2.054E-03, 2.301E-03, 0.000E+00, 4.455E+01, 1.908E+01, 5.000E-03, 9.836E-03, 6.740E+01, 8.542E-03, 5.981E-01
30/07/2019,15:00,9,3.491,3.991,16.203,.500,.927, 1.014E+03, 5.991E+01, 2.667E-02, 3.469E-16, 1.887E+02, 7.138E+01, 2.157E+02, 2.751E+01, 4.006E+01, 7.017E+01, 5.676E+00, 8.060E-01, 3.417E-01, 2.784E-01, 1.000E+00, 7.672E-01, 9.999E-01, 5.103E-01, 1.000E+00, 6.694E-01, 2.621E-01, 1.702E-03, 2.218E-03, 0.000E+00, 4.799E+01, 2.001E+01, 5.000E-03, 8.150E-03, 7.604E+01, 7.795E-03, 4.962E-01
30/07/2019,16:00,9,3.491,3.991,15.617,.544,.815, 1.014E+03, 6.729E+01, 2.667E-02, 3.469E-16, 1.301E+02, 6.401E+01, 1.925E+02, 2.394E+01, 4.006E+01, 7.017E+01, 5.481E+00, 8.051E-01, 3.300E-01, 2.188E-01, 1.000E+00, 7.080E-01, 9.996E-01, 4.499E-01, 1.000E+00, 6.694E-01, 2.132E-01, 1.382E-03, 1.952E-03, 0.000E+00, 4.969E+01, 2.072E+01, 5.000E-03, 6.618E-03, 8.607E+01, 7.134E-03, 3.823E-01
30/07/2019,17:00,9,3.491,3.991,15.031,.587,.710, 1.015E+03, 7.475E+01, 2.667E-02, 3.469E-16, 7.080E+01, 4.984E+01, 1.525E+02, 1.788E+01, 4.006E+01, 7.017E+01, 5.288E+00, 8.043E-01, 3.184E-01, 1.504E-01, 1.000E+00, 5.925E-01, 9.981E-01, 3.861E-01, 1.000E+00, 6.694E-01, 1.531E-01, 9.905E-04, 1.669E-03, 0.000E+00, 5.150E+01, 2.147E+01, 5.000E-03, 4.742E-03, 1.026E+02, 6.301E-03, 3.019E-01
30/07/2019,18:00,9,3.491,3.991,14.444,.631,.611, 1.015E+03, 8.193E+01, 2.803E-04, 3.469E-16, 2.227E+01, 3.210E+01, 9.001E+01, 1.069E+01,-2.724E+01, 1.722E+01, 5.098E+00, 4.618E-01, 2.836E-01, 8.040E-02, 1.000E+00, 4.056E-01, 9.753E-01, 3.187E-01, 1.000E+00, 6.694E-01, 8.652E-02, 5.586E-04, 1.343E-03, 0.000E+00, 6.337E+01, 2.410E+01, 5.000E-03, 2.674E-03, 1.303E+02, 5.161E-03, 3.018E-01
30/07/2019,19:00,9,3.491,3.991,13.519,.692,.480, 1.015E+03, 8.848E+01, 2.803E-04, 3.469E-16, 1.489E-02, 6.321E+00, 2.185E+00, 1.905E+00,-2.724E+01, 1.722E+01, 4.319E+00, 4.610E-01, 2.402E-01, 1.524E-02, 1.000E+00, 7.554E-02, 8.596E-02, 2.052E-01, 1.000E+00, 6.694E-01, 1.038E-02, 6.677E-05, 7.598E-05, 0.000E+00, 7.486E+01, 2.846E+01, 5.000E-03, 3.197E-04, 1.880E+02, 3.803E-03, 2.938E-01
30/07/2019,20:00,9,3.491,3.991,12.593,.753,.362, 1.015E+03, 9.404E+01, 2.803E-04, 3.469E-16, 0.000E+00, 0.000E+00, 0.000E+00, 0.000E+00,-2.724E+01, 1.722E+01, 3.646E+00, 4.602E-01, 2.027E-01,-9.990E+02, 1.000E+00,-9.990E+02, 0.000E+00, 0.000E+00, 0.000E+00, 6.694E-01, 0.000E+00, 0.000E+00, 0.000E+00, 0.000E+00, 8.872E+01, 3.372E+01, 5.000E-03, 0.000E+00, 2.000E+02, 3.462E-03, 3.183E-01
30/07/2019,21:00,9,3.491,3.991,11.667,.814,.257, 1.015E+03, 9.831E+01, 2.790E-04, 3.469E-16, 0.000E+00, 0.000E+00, 0.000E+00, 0.000E+00,-2.493E+01, 1.214E+01, 3.150E+00, 3.239E-01, 1.587E-01,-9.990E+02, 1.000E+00,-9.990E+02, 0.000E+00, 0.000E+00, 0.000E+00, 6.694E-01, 0.000E+00, 0.000E+00, 0.000E+00, 0.000E+00, 1.251E+02, 4.308E+01, 5.000E-03, 0.000E+00, 2.000E+02, 3.179E-03, 3.729E-01
30/07/2019,22:00,9,3.491,3.991,11.870,.788,.295, 1.015E+03, 1.010E+02, 2.790E-04, 3.469E-16, 0.000E+00, 0.000E+00, 0.000E+00, 0.000E+00,-2.493E+01, 1.214E+01, 3.053E+00, 3.240E-01, 1.538E-01,-9.990E+02, 1.000E+00,-9.990E+02, 0.000E+00, 0.000E+00, 0.000E+00, 6.694E-01, 0.000E+00, 0.000E+00, 0.000E+00, 0.000E+00, 1.291E+02, 4.444E+01, 5.000E-03, 0.000E+00, 2.000E+02, 3.143E-03, 4.312E-01
30/07/2019,23:00,9,3.491,3.991,12.072,.763,.335, 1.015E+03, 1.018E+02, 2.790E-04, 3.469E-16, 0.000E+00, 0.000E+00, 0.000E+00, 0.000E+00,-2.493E+01, 1.214E+01, 2.958E+00, 3.241E-01, 1.490E-01,-9.990E+02, 1.000E+00,-9.990E+02, 0.000E+00, 0.000E+00, 0.000E+00, 6.694E-01, 0.000E+00, 0.000E+00, 0.000E+00, 0.000E+00, 1.332E+02, 4.586E+01, 5.000E-03, 0.000E+00, 2.000E+02, 3.106E-03, 4.905E-01
31/07/2019,00:00,9,3.491,3.991,12.274,.738,.376, 1.015E+03, 1.007E+02, 9.523E-03, 3.469E-16, 0.000E+00, 0.000E+00, 0.000E+00, 0.000E+00,-3.145E+01, 1.040E+01, 2.865E+00, 3.740E-01, 1.484E-01,-9.990E+02, 1.000E+00,-9.990E+02, 0.000E+00, 0.000E+00, 0.000E+00, 6.694E-01, 0.000E+00, 0.000E+00, 0.000E+00, 0.000E+00, 1.301E+02, 4.607E+01, 5.000E-03, 0.000E+00, 2.000E+02, 3.104E-03, 5.633E-01
31/07/2019,01:00,9,3.491,3.991,12.243,.750,.357, 1.015E+03, 9.789E+01, 9.523E-03, 3.469E-16, 0.000E+00, 0.000E+00, 0.000E+00, 0.000E+00,-3.145E+01, 1.040E+01, 2.913E+00, 3.740E-01, 1.508E-01,-9.990E+02, 1.000E+00,-9.990E+02, 0.000E+00, 0.000E+00, 0.000E+00, 6.694E-01, 0.000E+00, 0.000E+00, 0.000E+00, 0.000E+00, 1.280E+02, 4.531E+01, 5.000E-03, 0.000E+00, 2.000E+02, 3.123E-03, 5.979E-01
31/07/2019,02:00,9,3.491,3.991,12.213,.763,.339, 1.015E+03, 9.346E+01, 9.523E-03, 3.469E-16, 0.000E+00, 0.000E+00, 0.000E+00, 0.000E+00,-3.145E+01, 1.040E+01, 2.962E+00, 3.739E-01, 1.534E-01,-9.990E+02, 1.000E+00,-9.990E+02, 0.000E+00, 0.000E+00, 0.000E+00, 6.744E-01, 0.000E+00, 0.000E+00, 0.000E+00, 0.000E+00, 1.259E+02, 4.455E+01, 5.000E-03, 0.000E+00, 2.000E+02, 3.143E-03, 6.407E-01
31/07/2019,03:00,9,3.491,3.991,12.182,.775,.320, 1.015E+03, 8.777E+01, 9.731E-02, 3.469E-16, 1.329E-01, 7.839E+00, 4.075E+00, 2.369E+00, 1.793E+00, 3.342E+01, 3.014E+00, 4.625E-01, 1.797E-01, 2.230E-02, 1.000E+00, 9.420E-02, 1.543E-01, 2.583E-02, 1.000E+00, 6.744E-01, 1.641E-03, 1.051E-05, 1.722E-05, 0.000E+00, 9.308E+01, 3.805E+01, 5.000E-03, 5.031E-05, 1.980E+02, 3.361E-03, 7.002E-01
31/07/2019,04:00,9,3.491,3.991,12.742,.752,.366, 1.015E+03, 8.114E+01, 9.731E-02, 3.469E-16, 1.844E+01, 3.418E+01, 7.100E+01, 1.113E+01, 1.793E+00, 3.342E+01, 3.291E+00, 4.630E-01, 1.962E-01, 8.822E-02, 1.000E+00, 4.183E-01, 9.461E-01, 1.032E-01, 1.000E+00, 6.744E-01, 2.911E-02, 1.868E-04, 4.225E-04, 0.000E+00, 8.525E+01, 3.485E+01, 5.000E-03, 8.943E-04, 1.697E+02, 3.834E-03, 7.000E-01
31/07/2019,05:00,9,3.491,3.991,13.302,.729,.415, 1.015E+03, 7.392E+01, 9.731E-02, 3.469E-16, 5.659E+01, 6.215E+01, 1.231E+02, 2.098E+01, 1.793E+00, 3.342E+01, 3.571E+00, 4.634E-01, 2.128E-01, 1.584E-01, 1.000E+00, 6.439E-01, 9.937E-01, 1.773E-01, 1.000E+00, 6.744E-01, 7.699E-02, 4.951E-04, 7.641E-04, 0.000E+00, 7.857E+01, 3.212E+01, 5.000E-03, 2.370E-03, 1.357E+02, 4.551E-03, 7.007E-01
31/07/2019,06:00,9,3.491,3.991,13.861,.706,.468, 1.015E+03, 6.646E+01, 2.443E-02, 3.469E-16, 7.615E+00, 6.960E+01, 3.077E+01, 2.124E+01, 7.530E+01, 9.363E+01, 3.853E+00, 7.829E-01, 2.347E-01, 2.259E-01, 1.000E+00, 6.131E-01, 7.180E-01, 2.482E-01, 1.000E+00, 6.744E-01, 1.026E-01, 6.614E-04, 7.745E-04, 0.000E+00, 6.832E+01, 2.913E+01, 5.000E-03, 3.166E-03, 1.225E+02, 5.042E-03, 7.585E-01
31/07/2019,07:00,9,3.491,3.991,14.813,.667,.565, 1.015E+03, 5.915E+01, 2.443E-02, 3.469E-16, 1.084E+01, 9.106E+01, 3.834E+01, 2.778E+01, 7.530E+01, 9.363E+01, 4.168E+00, 7.842E-01, 2.538E-01, 2.840E-01, 1.000E+00, 7.129E-01, 7.934E-01, 3.615E-01, 1.000E+00, 6.744E-01, 1.738E-01, 1.123E-03, 1.250E-03, 0.000E+00, 6.319E+01, 2.693E+01, 5.000E-03, 5.379E-03, 9.635E+01, 6.006E-03, 8.018E-01
31/07/2019,08:00,9,3.491,3.991,15.764,.627,.672, 1.015E+03, 5.243E+01, 2.443E-02, 3.469E-16, 1.365E+01, 1.080E+02, 4.413E+01, 3.294E+01, 7.530E+01, 9.363E+01, 4.681E+00, 7.855E-01, 2.850E-01, 3.294E-01, 1.000E+00, 7.733E-01, 8.372E-01, 4.654E-01, 1.000E+00, 6.744E-01, 2.427E-01, 1.574E-03, 1.704E-03, 0.000E+00, 5.628E+01, 2.398E+01, 5.000E-03, 7.538E-03, 7.976E+01, 7.031E-03, 7.135E-01
31/07/2019,09:00,9,3.491,3.991,16.715,.588,.790, 1.015E+03, 4.689E+01, 4.510E-02, 3.469E-16, 6.278E+00, 1.014E+02, 3.530E+01, 3.071E+01, 8.143E+01, 8.669E+01, 5.335E+00, 7.543E-01, 3.263E-01, 3.611E-01, 1.000E+00, 7.348E-01, 7.659E-01, 5.602E-01, 1.000E+00, 6.744E-01, 2.776E-01, 1.806E-03, 1.883E-03, 0.000E+00, 4.873E+01, 2.094E+01, 5.000E-03, 8.649E-03, 7.327E+01, 7.827E-03, 6.967E-01
31/07/2019,10:00,9,3.491,3.991,16.833,.583,.806, 1.015E+03, 4.321E+01, 4.510E-02, 3.469E-16, 6.808E+00, 1.074E+02, 3.721E+01, 3.254E+01, 8.143E+01, 8.669E+01, 5.037E+00, 7.544E-01, 3.081E-01, 3.794E-01, 1.000E+00, 7.551E-01, 7.836E-01, 5.713E-01, 1.000E+00, 6.744E-01, 2.910E-01, 1.894E-03, 1.965E-03, 0.000E+00, 5.161E+01, 2.218E+01, 5.000E-03, 9.068E-03, 7.108E+01, 7.764E-03, 7.253E-01
31/07/2019,11:00,9,3.491,3.991,16.952,.578,.822, 1.015E+03, 4.203E+01, 4.510E-02, 3.469E-16, 6.972E+00, 1.093E+02, 3.778E+01, 3.309E+01, 8.143E+01, 8.669E+01, 4.740E+00, 7.545E-01, 2.899E-01, 3.849E-01, 1.000E+00, 7.609E-01, 7.886E-01, 5.823E-01, 1.000E+00, 6.744E-01, 2.988E-01, 1.946E-03, 2.017E-03, 0.000E+00, 5.486E+01, 2.358E+01, 5.000E-03, 9.317E-03, 6.985E+01, 7.622E-03, 7.701E-01
31/07/2019,12:00,9,3.491,3.991,17.070,.572,.839, 1.015E+03, 4.358E+01, 1.133E-03, 3.469E-16, 5.102E+01, 1.535E+02, 8.276E+01, 4.755E+01, 8.787E+01, 8.313E+01, 4.442E+00, 6.867E-01, 2.743E-01, 3.777E-01, 1.000E+00, 8.994E-01, 9.668E-01, 5.931E-01, 1.000E+00, 6.744E-01, 3.598E-01, 2.344E-03, 2.519E-03, 0.000E+00, 5.693E+01, 2.492E+01, 5.000E-03, 1.122E-02, 6.164E+01, 7.917E-03, 7.658E-01
31/07/2019,13:00,9,3.491,3.991,17.005,.584,.814, 1.015E+03, 4.755E+01, 1.133E-03, 3.469E-16, 4.665E+01, 1.449E+02, 7.945E+01, 4.489E+01, 8.787E+01, 8.313E+01, 4.376E+00, 6.866E-01, 2.703E-01, 3.575E-01, 1.000E+00, 8.850E-01, 9.619E-01, 5.872E-01, 1.000E+00, 6.744E-01, 3.505E-01, 2.283E-03, 2.481E-03, 0.000E+00, 5.778E+01, 2.529E+01, 5.000E-03, 1.093E-02, 6.278E+01, 7.787E-03, 7.270E-01
31/07/2019,14:00,9,3.491,3.991,16.940,.595,.789, 1.015E+03, 5.329E+01, 1.133E-03, 3.469E-16, 3.987E+01, 1.303E+02, 7.377E+01, 4.042E+01, 8.787E+01, 8.313E+01, 4.314E+00, 6.865E-01, 2.664E-01, 3.240E-01, 1.000E+00, 8.562E-01, 9.519E-01, 5.812E-01, 1.000E+00, 6.744E-01, 3.356E-01, 2.185E-03, 2.430E-03, 0.000E+00, 5.861E+01, 2.566E+01, 5.000E-03, 1.046E-02, 6.467E+01, 7.619E-03, 6.619E-01
31/07/2019,15:00,9,3.491,3.991,16.875,.606,.764, 1.015E+03, 6.013E+01, 0.000E+00, 3.469E-16, 2.059E+02, 7.851E+01, 2.370E+02, 3.023E+01, 4.060E+01, 6.006E+01, 4.255E+00, 5.702E-01, 2.612E-01, 2.767E-01, 1.000E+00, 7.914E-01, 9.999E-01, 5.752E-01, 1.000E+00, 6.744E-01, 3.070E-01, 1.999E-03, 2.525E-03, 0.000E+00, 6.047E+01, 2.617E+01, 5.000E-03, 9.569E-03, 6.864E+01, 7.317E-03, 5.501E-01
31/07/2019,16:00,9,3.491,3.991,16.292,.615,.718, 1.015E+03, 6.751E+01, 0.000E+00, 3.469E-16, 1.414E+02, 7.018E+01, 2.110E+02, 2.621E+01, 4.060E+01, 6.006E+01, 3.559E+00, 5.697E-01, 2.185E-01, 2.169E-01, 1.000E+00, 7.335E-01, 9.998E-01, 5.191E-01, 1.000E+00, 6.744E-01, 2.568E-01, 1.669E-03, 2.274E-03, 0.000E+00, 7.229E+01, 3.129E+01, 5.000E-03, 7.989E-03, 7.699E+01, 6.316E-03, 4.482E-01
31/07/2019,17:00,9,3.491,3.991,15.708,.625,.674, 1.015E+03, 7.497E+01, 0.000E+00, 3.469E-16, 7.606E+01, 5.433E+01, 1.662E+02, 1.945E+01, 4.060E+01, 6.006E+01, 2.862E+00, 5.691E-01, 1.757E-01, 1.483E-01, 1.000E+00, 6.172E-01, 9.989E-01, 4.596E-01, 1.000E+00, 6.744E-01, 1.913E-01, 1.241E-03, 2.008E-03, 0.000E+00, 8.985E+01, 3.889E+01, 5.000E-03, 5.939E-03, 9.141E+01, 5.194E-03, 3.811E-01
31/07/2019,18:00,9,3.491,3.991,15.124,.634,.632, 1.015E+03, 8.216E+01, 0.000E+00, 3.469E-16, 2.103E+01, 3.160E+01, 8.755E+01, 1.049E+01,-1.293E+01, 1.066E+01, 2.166E+00, 1.451E-01, 1.000E-01, 7.817E-02, 1.000E+00, 3.990E-01, 9.727E-01, 3.965E-01, 1.000E+00, 6.744E-01, 1.067E-01, 6.905E-04, 1.683E-03, 0.000E+00, 3.421E+02, 6.835E+01, 5.000E-03, 3.306E-03, 1.204E+02, 3.170E-03, 3.547E-01
31/07/2019,19:00,9,3.491,3.991,14.076,.683,.512, 1.015E+03, 8.871E+01, 0.000E+00, 3.469E-16, 3.625E-03, 5.411E+00, 1.711E+00, 1.631E+00,-1.293E+01, 1.066E+01, 2.109E+00, 1.449E-01, 1.000E-01, 1.292E-02, 1.000E+00, 6.491E-02, 6.795E-02, 2.746E-01, 1.000E+00, 6.744E-01, 1.202E-02, 7.749E-05, 8.113E-05, 0.000E+00, 3.430E+02, 6.835E+01, 5.000E-03, 3.710E-04, 1.862E+02, 2.622E-03, 3.700E-01
31/07/2019,20:00,9,3.491,3.991,13.027,.731,.405, 1.015E+03, 9.428E+01, 0.000E+00, 3.469E-16, 0.000E+00, 0.000E+00, 0.000E+00, 0.000E+00,-1.293E+01, 1.066E+01, 2.156E+00, 1.446E-01, 1.000E-01,-9.990E+02, 1.000E+00,-9.990E+02, 0.000E+00, 0.000E+00, 0.000E+00, 6.744E-01, 0.000E+00, 0.000E+00, 0.000E+00, 0.000E+00, 3.440E+02, 6.835E+01, 5.000E-03, 0.000E+00, 2.000E+02, 2.530E-03, 4.034E-01
31/07/2019,21:00,9,3.491,3.991,11.978,.780,.310, 1.015E+03, 9.855E+01, 2.361E-04, 3.469E-16, 0.000E+00, 0.000E+00, 0.000E+00, 0.000E+00,-2.423E+01, 5.204E+00, 2.298E+00, 2.157E-01, 1.000E-01,-9.990E+02, 1.000E+00,-9.990E+02, 0.000E+00, 0.000E+00, 0.000E+00, 6.744E-01, 0.000E+00, 0.000E+00, 0.000E+00, 0.000E+00, 2.676E+02, 6.835E+01, 5.000E-03, 0.000E+00, 2.000E+02, 2.576E-03, 5.746E-01
31/07/2019,22:00,9,3.491,3.991,11.517,.812,.256, 1.015E+03, 1.012E+02, 2.361E-04, 3.469E-16, 0.000E+00, 0.000E+00, 0.000E+00, 0.000E+00,-2.423E+01, 5.204E+00, 2.525E+00, 2.155E-01, 1.000E-01,-9.990E+02, 1.000E+00,-9.990E+02, 0.000E+00, 0.000E+00, 0.000E+00, 6.744E-01, 0.000E+00, 0.000E+00, 0.000E+00, 0.000E+00, 2.678E+02, 6.835E+01, 5.000E-03, 0.000E+00, 2.000E+02, 2.576E-03, 7.424E-01
31/07/2019,23:00,9,3.491,3.991,11.056,.845,.205, 1.015E+03, 1.020E+02, 2.361E-04, 3.469E-16, 0.000E+00, 0.000E+00, 0.000E+00, 0.000E+00,-2.423E+01, 5.204E+00, 2.771E+00, 2.153E-01, 1.034E-01,-9.990E+02, 1.000E+00,-9.990E+02, 0.000E+00, 0.000E+00, 0.000E+00, 6.744E-01, 0.000E+00, 0.000E+00, 0.000E+00, 0.000E+00, 2.593E+02, 6.613E+01, 5.000E-03, 0.000E+00, 2.000E+02, 2.617E-03, 8.667E-01
01/08/2019,00:00,9,3.491,3.991,10.595,.878,.157, 1.016E+03, 1.010E+02, 1.690E-05, 3.469E-16, 0.000E+00, 0.000E+00, 0.000E+00, 0.000E+00,-3.043E+01, 2.743E+00, 3.030E+00, 2.630E-01, 1.278E-01,-9.990E+02, 1.000E+00,-9.990E+02, 0.000E+00, 0.000E+00, 0.000E+00, 6.744E-01, 0.000E+00, 0.000E+00, 0.000E+00, 0.000E+00, 1.855E+02, 5.348E+01, 6.569E-03, 0.000E+00, 1.522E+02, 3.364E-03, 9.275E-01
01/08/2019,01:00,9,3.491,3.991,10.624,.894,.136, 1.015E+03, 9.813E+01, 1.690E-05, 3.469E-16, 0.000E+00, 0.000E+00, 0.000E+00, 0.000E+00,-3.043E+01, 2.743E+00, 2.931E+00, 2.630E-01, 1.236E-01,-9.990E+02, 1.000E+00,-9.990E+02, 0.000E+00, 0.000E+00, 0.000E+00, 6.744E-01, 0.000E+00, 0.000E+00, 0.000E+00, 0.000E+00, 1.918E+02, 5.529E+01, 8.734E-03, 0.000E+00, 1.145E+02, 3.782E-03, 8.570E-01
01/08/2019,02:00,9,3.491,3.991,10.653,.911,.114, 1.015E+03, 9.369E+01, 1.690E-05, 3.469E-16, 0.000E+00, 0.000E+00, 0.000E+00, 0.000E+00,-3.043E+01, 2.743E+00, 2.841E+00, 2.631E-01, 1.199E-01,-9.990E+02, 1.000E+00,-9.990E+02, 0.000E+00, 0.000E+00, 0.000E+00, 6.935E-01, 0.000E+00, 0.000E+00, 0.000E+00, 0.000E+00, 1.978E+02, 5.703E+01, 1.254E-02, 0.000E+00, 7.977E+01, 4.266E-03, 7.978E-01
01/08/2019,03:00,9,3.491,3.991,10.682,.928,.093, 1.015E+03, 8.799E+01, 9.593E-05, 3.469E-16, 1.067E-01, 8.407E+00, 4.059E+00, 2.538E+00, 2.672E+01, 2.449E+01, 2.761E+00, 3.160E-01, 1.789E-01, 2.010E-02, 1.000E+00, 1.002E-01, 1.538E-01, 1.000E-02, 1.000E+00, 6.935E-01, 6.951E-04, 4.429E-06, 9.797E-06, 0.000E+00, 7.998E+01, 3.820E+01, 1.445E-02, 2.121E-05, 6.911E+01, 6.002E-03, 7.940E-01
01/08/2019,04:00,9,3.491,3.991,12.268,.857,.205, 1.015E+03, 8.135E+01, 9.593E-05, 3.469E-16, 2.624E+01, 3.445E+01, 9.885E+01, 1.157E+01, 2.672E+01, 2.449E+01, 2.473E+00, 3.169E-01, 1.602E-01, 8.612E-02, 1.000E+00, 4.306E-01, 9.829E-01, 3.789E-02, 1.000E+00, 6.935E-01, 1.131E-02, 7.250E-05, 1.655E-04, 0.000E+00, 8.942E+01, 4.267E+01, 5.485E-03, 3.471E-04, 1.715E+02, 3.566E-03, 7.642E-01
01/08/2019,05:00,9,3.491,3.991,13.854,.787,.339, 1.015E+03, 7.413E+01, 9.593E-05, 3.469E-16, 8.317E+01, 5.643E+01, 1.724E+02, 2.033E+01, 2.672E+01, 2.449E+01, 2.194E+00, 3.178E-01, 1.420E-01, 1.564E-01, 1.000E+00, 6.342E-01, 9.992E-01, 2.473E-01, 1.000E+00, 6.935E-01, 1.088E-01, 7.008E-04, 1.104E-03, 0.000E+00, 1.009E+02, 4.813E+01, 5.000E-03, 3.355E-03, 1.197E+02, 4.122E-03, 8.913E-01
01/08/2019,06:00,9,3.491,3.991,15.440,.716,.501, 1.015E+03, 6.667E+01, 3.316E-03, 3.469E-16, 1.375E+02, 6.604E+01, 1.983E+02, 2.476E+01, 1.336E+02, 9.378E+01, 1.926E+00, 6.225E-01, 1.222E-01, 2.241E-01, 1.000E+00, 7.197E-01, 9.997E-01, 4.310E-01, 1.000E+00, 6.935E-01, 2.151E-01, 1.394E-03, 1.936E-03, 0.000E+00, 1.217E+02, 5.593E+01, 5.000E-03, 6.673E-03, 8.567E+01, 4.355E-03, 1.052E+00
01/08/2019,07:00,9,3.491,3.991,16.420,.648,.661, 1.015E+03, 5.936E+01, 3.316E-03, 3.469E-16, 1.964E+02, 7.298E+01, 2.209E+02, 2.819E+01, 1.336E+02, 9.378E+01, 2.356E+00, 6.237E-01, 1.494E-01, 2.825E-01, 1.000E+00, 7.749E-01, 9.999E-01, 5.318E-01, 1.000E+00, 6.935E-01, 2.858E-01, 1.858E-03, 2.397E-03, 0.000E+00, 9.955E+01, 4.575E+01, 5.000E-03, 8.894E-03, 7.197E+01, 5.271E-03, 8.172E-01
01/08/2019,08:00,9,3.491,3.991,17.401,.581,.840, 1.014E+03, 5.265E+01, 3.316E-03, 3.469E-16, 2.479E+02, 7.439E+01, 2.338E+02, 2.952E+01, 1.336E+02, 9.378E+01, 2.848E+00, 6.249E-01, 1.806E-01, 3.280E-01, 1.000E+00, 8.004E-01, 9.999E-01, 6.227E-01, 1.000E+00, 6.935E-01, 3.456E-01, 2.254E-03, 2.817E-03, 0.000E+00, 8.241E+01, 3.785E+01, 5.000E-03, 1.079E-02, 6.332E+01, 6.221E-03, 7.687E-01
01/08/2019,09:00,9,3.491,3.991,18.381,.513,1.039, 1.014E+03, 4.712E+01, 1.690E-05, 3.469E-16, 3.110E+02, 7.866E+01, 2.605E+02, 3.198E+01, 2.174E+02, 1.398E+02, 3.375E+00, 6.193E-01, 2.197E-01, 3.598E-01, 1.000E+00, 8.282E-01, 1.000E+00, 7.038E-01, 1.000E+00, 6.935E-01, 4.042E-01, 2.646E-03, 3.194E-03, 0.000E+00, 6.465E+01, 3.112E+01, 5.000E-03, 1.267E-02, 5.661E+01, 7.358E-03, 7.808E-01
01/08/2019,10:00,9,3.491,3.991,19.123,.481,1.162, 1.013E+03, 4.346E+01, 1.690E-05, 3.469E-16, 3.375E+02, 7.622E+01, 2.640E+02, 3.155E+01, 2.174E+02, 1.398E+02, 3.306E+00, 6.202E-01, 2.151E-01, 3.783E-01, 1.000E+00, 8.301E-01, 1.000E+00, 7.587E-01, 1.000E+00, 6.935E-01, 4.368E-01, 2.866E-03, 3.452E-03, 0.000E+00, 6.603E+01, 3.177E+01, 5.000E-03, 1.372E-02, 5.342E+01, 7.442E-03, 7.704E-01
01/08/2019,11:00,9,3.491,3.991,19.865,.448,1.294, 1.013E+03, 4.228E+01, 1.690E-05, 3.469E-16, 3.457E+02, 7.526E+01, 2.650E+02, 3.135E+01, 2.174E+02, 1.398E+02, 3.250E+00, 6.211E-01, 2.114E-01, 3.838E-01, 1.000E+00, 8.302E-01, 1.000E+00, 8.080E-01, 1.000E+00, 6.935E-01, 4.652E-01, 3.060E-03, 3.686E-03, 0.000E+00, 6.722E+01, 3.233E+01, 5.000E-03, 1.465E-02, 5.089E+01, 7.502E-03, 7.706E-01
01/08/2019,12:00,9,3.491,3.991,20.607,.416,1.435, 1.013E+03, 4.383E+01, 0.000E+00, 3.469E-16, 3.350E+02, 7.648E+01, 2.638E+02, 3.160E+01, 2.233E+02, 1.429E+02, 3.206E+00, 6.688E-01, 2.063E-01, 3.765E-01, 1.000E+00, 8.300E-01, 1.000E+00, 8.516E-01, 9.212E-01, 6.935E-01, 4.515E-01, 2.978E-03, 3.587E-03, 0.000E+00, 7.018E+01, 3.313E+01, 5.000E-03, 1.426E-02, 5.193E+01, 7.314E-03, 7.436E-01
01/08/2019,13:00,9,3.491,3.991,20.413,.416,1.418, 1.012E+03, 4.779E+01, 0.000E+00, 3.469E-16, 3.061E+02, 7.898E+01, 2.598E+02, 3.201E+01, 2.233E+02, 1.429E+02, 3.399E+00, 6.686E-01, 2.188E-01, 3.562E-01, 1.000E+00, 8.275E-01, 1.000E+00, 8.408E-01, 9.310E-01, 6.935E-01, 4.492E-01, 2.960E-03, 3.577E-03, 0.000E+00, 6.618E+01, 3.124E+01, 5.000E-03, 1.417E-02, 5.216E+01, 7.569E-03, 6.917E-01
01/08/2019,14:00,9,3.491,3.991,20.220,.415,1.402, 1.012E+03, 5.353E+01, 0.000E+00, 3.469E-16, 2.613E+02, 8.053E+01, 2.517E+02, 3.184E+01, 2.233E+02, 1.429E+02, 3.596E+00, 6.685E-01, 2.315E-01, 3.225E-01, 1.000E+00, 8.171E-01, 1.000E+00, 8.296E-01, 9.407E-01, 6.935E-01, 4.422E-01, 2.912E-03, 3.564E-03, 0.000E+00, 6.254E+01, 2.953E+01, 5.000E-03, 1.394E-02, 5.279E+01, 7.791E-03, 6.179E-01
01/08/2019,15:00,9,3.491,3.991,20.027,.415,1.385, 1.012E+03, 6.036E+01, 0.000E+00, 3.469E-16, 2.042E+02, 7.830E+01, 2.366E+02, 3.014E+01, 2.791E+01, 8.691E+01, 3.796E+00, 4.947E-01, 2.334E-01, 2.750E-01, 1.000E+00, 7.901E-01, 9.999E-01, 8.180E-01, 9.504E-01, 6.935E-01, 4.259E-01, 2.803E-03, 3.548E-03, 0.000E+00, 6.749E+01, 2.929E+01, 5.000E-03, 1.342E-02, 5.428E+01, 7.669E-03, 5.121E-01
01/08/2019,16:00,9,3.491,3.991,19.105,.474,1.175, 1.012E+03, 6.773E+01, 0.000E+00, 3.469E-16, 1.396E+02, 6.978E+01, 2.103E+02, 2.605E+01, 2.791E+01, 8.691E+01, 3.091E+00, 4.940E-01, 1.901E-01, 2.149E-01, 1.000E+00, 7.310E-01, 9.998E-01, 7.574E-01, 1.000E+00, 6.935E-01, 3.840E-01, 2.519E-03, 3.446E-03, 0.000E+00, 8.285E+01, 3.596E+01, 5.000E-03, 1.206E-02, 5.861E+01, 6.577E-03, 4.129E-01
01/08/2019,17:00,9,3.491,3.991,18.183,.533,.984, 1.012E+03, 7.520E+01, 0.000E+00, 3.469E-16, 7.435E+01, 5.370E+01, 1.647E+02, 1.921E+01, 2.791E+01, 8.691E+01, 2.390E+00, 4.933E-01, 1.470E-01, 1.462E-01, 1.000E+00, 6.123E-01, 9.989E-01, 6.882E-01, 1.000E+00, 6.935E-01, 2.923E-01, 1.911E-03, 3.118E-03, 0.000E+00, 1.071E+02, 4.651E+01, 5.000E-03, 9.151E-03, 7.067E+01, 5.221E-03, 3.531E-01
01/08/2019,18:00,9,3.491,3.991,17.261,.592,.811, 1.011E+03, 8.239E+01, 1.690E-05, 3.469E-16, 1.915E+01, 2.989E+01, 8.219E+01, 9.886E+00,-7.544E+00, 5.101E+00, 1.695E+00, 1.000E-01, 1.000E-01, 7.588E-02, 1.000E+00, 3.820E-01, 9.660E-01, 6.104E-01, 1.000E+00, 6.935E-01, 1.617E-01, 1.054E-03, 2.666E-03, 0.000E+00, 4.795E+02, 6.835E+01, 5.000E-03, 5.047E-03, 9.953E+01, 3.254E-03, 3.326E-01
01/08/2019,19:00,9,3.491,3.991,15.765,.656,.621, 1.011E+03, 8.895E+01, 1.690E-05, 3.469E-16, 4.688E-04, 4.291E+00, 1.306E+00, 1.293E+00,-7.544E+00, 5.101E+00, 1.614E+00, 1.000E-01, 1.000E-01, 1.054E-02, 1.000E+00, 5.180E-02, 5.229E-02, 4.655E-01, 1.000E+00, 6.935E-01, 1.672E-02, 1.085E-04, 1.095E-04, 0.000E+00, 4.796E+02, 6.835E+01, 5.000E-03, 5.193E-04, 1.812E+02, 2.571E-03, 3.473E-01
01/08/2019,20:00,9,3.491,3.991,14.269,.719,.459, 1.011E+03, 9.453E+01, 1.690E-05, 3.469E-16, 0.000E+00, 0.000E+00, 0.000E+00, 0.000E+00,-7.544E+00, 5.101E+00, 1.696E+00, 1.000E-01, 1.000E-01,-9.990E+02, 1.000E+00,-9.990E+02, 0.000E+00, 0.000E+00, 0.000E+00, 6.935E-01, 0.000E+00, 0.000E+00, 0.000E+00, 0.000E+00, 4.797E+02, 6.835E+01, 5.000E-03, 0.000E+00, 2.000E+02, 2.452E-03, 3.765E-01
01/08/2019,21:00,9,3.491,3.991,12.772,.783,.321, 1.010E+03, 9.880E+01, 1.690E-05, 3.469E-16, 0.000E+00, 0.000E+00, 0.000E+00, 0.000E+00,-4.822E+00, 2.516E+00, 1.922E+00, 1.000E-01, 1.000E-01,-9.990E+02, 1.000E+00,-9.990E+02, 0.000E+00, 0.000E+00, 0.000E+00, 6.935E-01, 0.000E+00, 0.000E+00, 0.000E+00, 0.000E+00, 3.674E+02, 6.835E+01, 5.000E-03, 0.000E+00, 2.000E+02, 2.516E-03, 5.218E-01
01/08/2019,22:00,9,3.491,3.991,12.456,.803,.286, 1.010E+03, 1.015E+02, 1.690E-05, 3.469E-16, 0.000E+00, 0.000E+00, 0.000E+00, 0.000E+00,-4.822E+00, 2.516E+00, 1.155E+00, 1.000E-01, 1.000E-01,-9.990E+02, 1.000E+00,-9.990E+02, 0.000E+00, 0.000E+00, 0.000E+00, 6.935E-01, 0.000E+00, 0.000E+00, 0.000E+00, 0.000E+00, 3.674E+02, 6.835E+01, 5.000E-03, 0.000E+00, 2.000E+02, 2.516E-03, 7.907E-01
01/08/2019,23:00,9,3.491,3.991,12.140,.822,.252, 1.010E+03, 1.023E+02, 1.690E-05, 3.469E-16, 0.000E+00, 0.000E+00, 0.000E+00, 0.000E+00,-4.822E+00, 2.516E+00, 7.275E-01, 1.000E-01, 1.000E-01,-9.990E+02, 1.000E+00,-9.990E+02, 0.000E+00, 0.000E+00, 0.000E+00, 6.935E-01, 0.000E+00, 0.000E+00, 0.000E+00, 0.000E+00, 3.674E+02, 6.835E+01, 5.000E-03, 0.000E+00, 2.000E+02, 2.516E-03, 1.242E+00
02/08/2019,00:00,9,3.491,3.991,11.823,.842,.220, 1.010E+03, 1.012E+02, 0.000E+00, 3.469E-16, 0.000E+00, 0.000E+00, 0.000E+00, 0.000E+00,-8.727E+00, 2.166E+00, 1.133E+00, 1.157E-01, 1.000E-01,-9.990E+02, 1.000E+00,-9.990E+02, 0.000E+00, 0.000E+00, 0.000E+00, 6.935E-01, 0.000E+00, 0.000E+00, 0.000E+00, 0.000E+00, 4.009E+02, 6.835E+01, 5.000E-03, 0.000E+00, 2.000E+02, 2.497E-03, 2.273E+00
02/08/2019,01:00,9,3.491,3.991,11.529,.847,.209, 1.010E+03, 9.837E+01, 0.000E+00, 3.469E-16, 0.000E+00, 0.000E+00, 0.000E+00, 0.000E+00,-8.727E+00, 2.166E+00, 1.577E+00, 1.157E-01, 1.000E-01,-9.990E+02, 1.000E+00,-9.990E+02, 0.000E+00, 0.000E+00, 0.000E+00, 6.935E-01, 0.000E+00, 0.000E+00, 0.000E+00, 0.000E+00, 4.012E+02, 6.835E+01, 5.000E-03, 0.000E+00, 2.000E+02, 2.496E-03, 3.725E+00
02/08/2019,02:00,9,3.491,3.991,11.234,.852,.198, 1.010E+03, 9.393E+01, 0.000E+00, 3.469E-16, 0.000E+00, 0.000E+00, 0.000E+00, 0.000E+00,-8.727E+00, 2.166E+00, 2.025E+00, 1.156E-01, 1.000E-01,-9.990E+02, 1.000E+00,-9.990E+02, 0.000E+00, 0.000E+00, 0.000E+00, 6.863E-01, 0.000E+00, 0.000E+00, 0.000E+00, 0.000E+00, 4.016E+02, 6.835E+01, 5.000E-03, 0.000E+00, 2.000E+02, 2.496E-03, 5.061E+00
02/08/2019,03:00,9,3.491,3.991,10.940,.857,.188, 1.010E+03, 8.821E+01, 0.000E+00, 3.469E-16, 5.007E-02, 7.418E+00, 3.040E+00, 2.238E+00, 1.429E+01, 2.652E+01, 2.474E+00, 2.538E-01, 1.607E-01, 1.786E-02, 1.000E+00, 8.845E-02, 1.175E-01, 1.000E-02, 1.000E+00, 6.863E-01, 6.070E-04, 3.871E-06, 7.497E-06, 0.000E+00, 8.877E+01, 4.255E+01, 5.000E-03, 1.854E-05, 1.993E+02, 3.249E-03, 5.526E+00
02/08/2019,04:00,9,3.491,3.991,12.766,.785,.318, 1.010E+03, 8.157E+01, 0.000E+00, 3.469E-16, 2.479E+01, 3.342E+01, 9.573E+01, 1.120E+01, 1.429E+01, 2.652E+01, 2.134E+00, 2.547E-01, 1.385E-01, 8.398E-02, 1.000E+00, 4.204E-01, 9.805E-01, 1.065E-01, 1.000E+00, 6.863E-01, 3.072E-02, 1.972E-04, 4.600E-04, 0.000E+00, 1.031E+02, 4.937E+01, 5.000E-03, 9.442E-04, 1.682E+02, 3.399E-03, 2.322E+00
02/08/2019,05:00,9,3.491,3.991,14.593,.714,.478, 1.009E+03, 7.434E+01, 0.000E+00, 3.469E-16, 8.107E+01, 5.545E+01, 1.702E+02, 1.996E+01, 1.429E+01, 2.652E+01, 1.854E+00, 2.555E-01, 1.203E-01, 1.544E-01, 1.000E+00, 6.278E-01, 9.991E-01, 3.362E-01, 1.000E+00, 6.863E-01, 1.448E-01, 9.356E-04, 1.489E-03, 0.000E+00, 1.188E+02, 5.684E+01, 5.000E-03, 4.479E-03, 1.055E+02, 3.991E-03, 1.980E+00
02/08/2019,06:00,9,3.491,3.991,16.420,.643,.673, 1.009E+03, 6.688E+01, 0.000E+00, 3.469E-16, 1.459E+02, 7.039E+01, 2.121E+02, 2.639E+01, 1.093E+02, 9.010E+01, 1.667E+00, 2.699E-01, 1.254E-01, 2.223E-01, 1.000E+00, 7.372E-01, 9.998E-01, 5.318E-01, 1.000E+00, 6.863E-01, 2.691E-01, 1.749E-03, 2.372E-03, 0.000E+00, 8.822E+01, 5.452E+01, 5.000E-03, 8.374E-03, 7.477E+01, 4.936E-03, 2.114E+00
02/08/2019,07:00,9,3.491,3.991,18.001,.597,.840, 1.009E+03, 5.957E+01, 0.000E+00, 3.469E-16, 2.091E+02, 7.799E+01, 2.365E+02, 3.012E+01, 1.093E+02, 9.010E+01, 1.129E+00, 2.706E-01, 1.000E-01, 2.809E-01, 1.000E+00, 7.916E-01, 9.999E-01, 6.735E-01, 1.000E+00, 6.863E-01, 3.659E-01, 2.392E-03, 3.021E-03, 0.000E+00, 1.108E+02, 6.835E+01, 5.000E-03, 1.145E-02, 6.079E+01, 4.522E-03, 2.377E+00
02/08/2019,08:00,9,3.491,3.991,19.581,.551,1.034, 1.009E+03, 5.287E+01, 0.000E+00, 3.469E-16, 2.642E+02, 7.963E+01, 2.505E+02, 3.159E+01, 1.093E+02, 9.010E+01, 9.125E-01, 2.714E-01, 1.000E-01, 3.266E-01, 1.000E+00, 8.163E-01, 1.000E+00, 7.898E-01, 1.000E+00, 6.863E-01, 4.425E-01, 2.908E-03, 3.562E-03, 0.000E+00, 1.109E+02, 6.835E+01, 5.000E-03, 1.392E-02, 5.285E+01, 4.688E-03, 2.285E+00
02/08/2019,09:00,9,3.491,3.991,21.162,.505,1.259, 1.009E+03, 4.736E+01, 6.018E-03, 3.469E-16, 3.096E+02, 7.868E+01, 2.605E+02, 3.197E+01, 2.038E+02, 1.370E+02, 1.206E+00, 4.474E-01, 1.000E-01, 3.586E-01, 1.000E+00, 8.278E-01, 1.000E+00, 8.806E-01, 1.000E+00, 6.863E-01, 5.002E-01, 3.305E-03, 3.993E-03, 0.000E+00, 1.273E+02, 6.835E+01, 5.000E-03, 1.582E-02, 4.802E+01, 4.611E-03, 1.932E+00
02/08/2019,10:00,9,3.491,3.991,21.893,.497,1.340, 1.009E+03, 4.371E+01, 6.018E-03, 3.469E-16, 3.361E+02, 7.630E+01, 2.641E+02, 3.156E+01, 2.038E+02, 1.370E+02, 1.539E+00, 4.480E-01, 1.066E-01, 3.771E-01, 1.000E+00, 8.299E-01, 1.000E+00, 9.139E-01, 9.765E-01, 6.863E-01, 5.083E-01, 3.367E-03, 4.057E-03, 0.000E+00, 1.195E+02, 6.413E+01, 5.000E-03, 1.612E-02, 4.735E+01, 4.859E-03, 1.298E+00
02/08/2019,11:00,9,3.491,3.991,22.624,.488,1.426, 1.009E+03, 4.254E+01, 6.018E-03, 3.469E-16, 3.443E+02, 7.537E+01, 2.650E+02, 3.137E+01, 2.038E+02, 1.370E+02, 2.059E+00, 4.486E-01, 1.426E-01, 3.826E-01, 1.000E+00, 8.301E-01, 1.000E+00, 9.419E-01, 9.264E-01, 6.863E-01, 4.971E-01, 3.301E-03, 3.976E-03, 0.000E+00, 8.940E+01, 4.795E+01, 5.000E-03, 1.580E-02, 4.807E+01, 6.004E-03, 1.229E+00
02/08/2019,12:00,9,3.491,3.991,23.356,.480,1.517, 1.009E+03, 4.409E+01, 4.074E-02, 3.469E-16, 3.330E+02, 7.646E+01, 2.634E+02, 3.157E+01, 1.437E+02, 1.444E+02, 2.658E+00, 4.127E-01, 1.826E-01, 3.753E-01, 1.000E+00, 8.295E-01, 1.000E+00, 9.643E-01, 8.736E-01, 6.863E-01, 4.796E-01, 3.192E-03, 3.848E-03, 0.000E+00, 7.073E+01, 3.743E+01, 5.000E-03, 1.528E-02, 4.930E+01, 7.033E-03, 1.137E+00
02/08/2019,13:00,9,3.491,3.991,23.160,.484,1.486, 1.009E+03, 4.804E+01, 4.074E-02, 3.469E-16, 3.041E+02, 7.890E+01, 2.594E+02, 3.196E+01, 1.437E+02, 1.444E+02, 2.674E+00, 4.126E-01, 1.837E-01, 3.549E-01, 1.000E+00, 8.267E-01, 1.000E+00, 9.589E-01, 8.918E-01, 6.863E-01, 4.852E-01, 3.227E-03, 3.904E-03, 0.000E+00, 7.031E+01, 3.721E+01, 5.000E-03, 1.545E-02, 4.890E+01, 7.080E-03, 9.390E-01
02/08/2019,14:00,9,3.491,3.991,22.964,.489,1.455, 1.009E+03, 5.377E+01, 4.074E-02, 3.469E-16, 2.593E+02, 8.034E+01, 2.511E+02, 3.175E+01, 1.437E+02, 1.444E+02, 2.748E+00, 4.124E-01, 1.889E-01, 3.209E-01, 1.000E+00, 8.160E-01, 1.000E+00, 9.530E-01, 9.097E-01, 6.863E-01, 4.855E-01, 3.228E-03, 3.955E-03, 0.000E+00, 6.838E+01, 3.619E+01, 5.000E-03, 1.545E-02, 4.889E+01, 7.209E-03, 7.887E-01
02/08/2019,15:00,9,3.491,3.991,22.768,.493,1.425, 1.009E+03, 6.059E+01, 7.555E-02, 3.469E-16, 2.024E+02, 7.807E+01, 2.362E+02, 3.004E+01, 1.494E+01, 7.032E+01, 2.878E+00, 4.640E-01, 1.751E-01, 2.732E-01, 1.000E+00, 7.887E-01, 9.999E-01, 9.467E-01, 9.274E-01, 6.863E-01, 4.752E-01, 3.157E-03, 4.003E-03, 0.000E+00, 9.169E+01, 3.903E+01, 5.000E-03, 1.511E-02, 4.971E+01, 6.606E-03, 6.502E-01
02/08/2019,16:00,9,3.491,3.991,21.356,.566,1.118, 1.009E+03, 6.796E+01, 7.555E-02, 3.469E-16, 1.377E+02, 6.936E+01, 2.094E+02, 2.587E+01, 1.494E+01, 7.032E+01, 2.628E+00, 4.628E-01, 1.599E-01, 2.129E-01, 1.000E+00, 7.284E-01, 9.998E-01, 8.900E-01, 1.000E+00, 6.863E-01, 4.449E-01, 2.941E-03, 4.037E-03, 0.000E+00, 1.004E+02, 4.274E+01, 5.000E-03, 1.408E-02, 5.240E+01, 6.107E-03, 5.288E-01
02/08/2019,17:00,9,3.491,3.991,19.944,.639,.851, 1.009E+03, 7.543E+01, 7.555E-02, 3.469E-16, 7.251E+01, 5.306E+01, 1.631E+02, 1.895E+01, 1.494E+01, 7.032E+01, 2.416E+00, 4.617E-01, 1.471E-01, 1.439E-01, 1.000E+00, 6.072E-01, 9.988E-01, 8.129E-01, 1.000E+00, 6.863E-01, 3.387E-01, 2.229E-03, 3.666E-03, 0.000E+00, 1.091E+02, 4.647E+01, 5.000E-03, 1.067E-02, 6.382E+01, 5.409E-03, 4.887E-01
02/08/2019,18:00,9,3.491,3.991,18.531,.711,.622, 1.009E+03, 8.263E+01, 0.000E+00, 3.469E-16, 1.830E+01, 2.983E+01, 8.111E+01, 9.833E+00,-3.748E+01, 1.832E+01, 2.255E+00, 4.058E-01, 1.177E-01, 7.353E-02, 1.000E+00, 3.791E-01, 9.644E-01, 7.154E-01, 1.000E+00, 6.863E-01, 1.861E-01, 1.219E-03, 3.101E-03, 0.000E+00, 1.627E+02, 5.806E+01, 5.000E-03, 5.835E-03, 9.229E+01, 4.063E-03, 5.196E-01
02/08/2019,19:00,9,3.491,3.991,17.209,.760,.474, 1.010E+03, 8.919E+01, 0.000E+00, 3.469E-16, 1.856E-05, 3.392E+00, 0.000E+00, 0.000E+00,-3.748E+01, 1.832E+01, 2.346E+00, 4.049E-01, 1.224E-01,-9.990E+02, 1.000E+00,-9.990E+02, 0.000E+00, 0.000E+00, 0.000E+00, 6.863E-01, 0.000E+00, 0.000E+00, 0.000E+00, 0.000E+00, 1.566E+02, 5.585E+01, 5.000E-03, 0.000E+00, 2.000E+02, 2.874E-03, 6.096E-01
02/08/2019,20:00,9,3.491,3.991,15.887,.809,.346, 1.010E+03, 9.478E+01, 0.000E+00, 3.469E-16, 0.000E+00, 0.000E+00, 0.000E+00, 0.000E+00,-3.748E+01, 1.832E+01, 2.616E+00, 4.039E-01, 1.363E-01,-9.990E+02, 1.000E+00,-9.990E+02, 0.000E+00, 0.000E+00, 0.000E+00, 6.863E-01, 0.000E+00, 0.000E+00, 0.000E+00, 0.000E+00, 1.407E+02, 5.014E+01, 5.000E-03, 0.000E+00, 2.000E+02, 3.004E-03, 5.818E-01
02/08/2019,21:00,9,3.491,3.991,14.564,.858,.236, 1.010E+03, 9.906E+01, 0.000E+00, 3.469E-16, 0.000E+00, 0.000E+00, 0.000E+00, 0.000E+00,-3.028E+01, 6.700E+00, 3.016E+00, 3.150E-01, 1.448E-01,-9.990E+02, 1.000E+00,-9.990E+02, 0.000E+00, 0.000E+00, 0.000E+00, 6.863E-01, 0.000E+00, 0.000E+00, 0.000E+00, 0.000E+00, 1.439E+02, 4.722E+01, 5.193E-03, 0.000E+00, 1.926E+02, 3.137E-03, 6.272E-01
02/08/2019,22:00,9,3.491,3.991,14.109,.871,.208, 1.011E+03, 1.017E+02, 0.000E+00, 3.469E-16, 0.000E+00, 0.000E+00, 0.000E+00, 0.000E+00,-3.028E+01, 6.700E+00, 2.944E+00, 3.148E-01, 1.412E-01,-9.990E+02, 1.000E+00,-9.990E+02, 0.000E+00, 0.000E+00, 0.000E+00, 6.863E-01, 0.000E+00, 0.000E+00, 0.000E+00, 0.000E+00, 1.476E+02, 4.840E+01, 6.980E-03, 0.000E+00, 1.433E+02, 3.668E-03, 7.242E-01
02/08/2019,23:00,9,3.491,3.991,13.653,.884,.182, 1.011E+03, 1.026E+02, 0.000E+00, 3.469E-16, 0.000E+00, 0.000E+00, 0.000E+00, 0.000E+00,-3.028E+01, 6.700E+00, 2.912E+00, 3.145E-01, 1.396E-01,-9.990E+02, 1.000E+00,-9.990E+02, 0.000E+00, 0.000E+00, 0.000E+00, 6.863E-01, 0.000E+00, 0.000E+00, 0.000E+00, 0.000E+00, 1.493E+02, 4.895E+01, 8.136E-03, 0.000E+00, 1.229E+02, 3.941E-03, 8.267E-01
03/08/2019,00:00,9,3.491,3.991,13.197,.897,.156, 1.011E+03, 1.015E+02, 2.583E-04, 3.469E-16, 0.000E+00, 0.000E+00, 0.000E+00, 0.000E+00,-3.559E+01, 8.496E+00, 2.922E+00, 3.362E-01, 1.411E-01,-9.990E+02, 1.000E+00,-9.990E+02, 0.000E+00, 0.000E+00, 0.000E+00, 6.863E-01, 0.000E+00, 0.000E+00, 0.000E+00, 0.000E+00, 1.467E+02, 4.843E+01, 9.487E-03, 0.000E+00, 1.054E+02, 4.260E-03, 8.151E-01
03/08/2019,01:00,9,3.491,3.991,12.662,.894,.156, 1.011E+03, 9.862E+01, 2.583E-04, 3.469E-16, 0.000E+00, 0.000E+00, 0.000E+00, 0.000E+00,-3.559E+01, 8.496E+00, 2.905E+00, 3.358E-01, 1.402E-01,-9.990E+02, 1.000E+00,-9.990E+02, 0.000E+00, 0.000E+00, 0.000E+00, 6.863E-01, 0.000E+00, 0.000E+00, 0.000E+00, 0.000E+00, 1.477E+02, 4.874E+01, 8.904E-03, 0.000E+00, 1.123E+02, 4.124E-03, 8.024E-01
03/08/2019,02:00,9,3.491,3.991,12.127,.890,.156, 1.011E+03, 9.416E+01, 2.583E-04, 3.469E-16, 0.000E+00, 0.000E+00, 0.000E+00, 0.000E+00,-3.559E+01, 8.496E+00, 2.927E+00, 3.355E-01, 1.412E-01,-9.990E+02, 1.000E+00,-9.990E+02, 0.000E+00, 0.000E+00, 0.000E+00, 7.172E-01, 0.000E+00, 0.000E+00, 0.000E+00, 0.000E+00, 1.468E+02, 4.840E+01, 9.029E-03, 0.000E+00, 1.108E+02, 4.166E-03, 7.960E-01
03/08/2019,03:00,9,3.491,3.991,11.591,.887,.155, 1.011E+03, 8.844E+01, 0.000E+00, 3.469E-16, 1.840E-02, 6.505E+00, 2.299E+00, 1.961E+00, 1.773E+01, 3.648E+01, 2.987E+00, 4.165E-01, 1.840E-01, 1.559E-02, 1.000E+00, 7.768E-02, 9.022E-02, 1.000E-02, 1.000E+00, 7.172E-01, 5.571E-04, 3.561E-06, 5.767E-06, 0.000E+00, 8.533E+01, 3.715E+01, 7.943E-03, 1.705E-05, 1.256E+02, 4.502E-03, 7.836E-01
03/08/2019,04:00,9,3.491,3.991,12.909,.816,.276, 1.011E+03, 8.179E+01, 0.000E+00, 3.469E-16, 2.341E+01, 3.279E+01, 9.291E+01, 1.095E+01, 1.773E+01, 3.648E+01, 3.363E+00, 4.175E-01, 2.071E-01, 8.182E-02, 1.000E+00, 4.129E-01, 9.781E-01, 1.256E-01, 1.000E+00, 7.172E-01, 3.720E-02, 2.389E-04, 5.659E-04, 0.000E+00, 7.585E+01, 3.301E+01, 5.000E-03, 1.144E-03, 1.628E+02, 4.024E-03, 7.598E-01
03/08/2019,05:00,9,3.491,3.991,14.226,.744,.418, 1.011E+03, 7.456E+01, 0.000E+00, 3.469E-16, 7.950E+01, 5.516E+01, 1.691E+02, 1.982E+01, 1.773E+01, 3.648E+01, 3.824E+00, 4.184E-01, 2.354E-01, 1.523E-01, 1.000E+00, 6.247E-01, 9.990E-01, 2.928E-01, 1.000E+00, 7.172E-01, 1.312E-01, 8.463E-04, 1.353E-03, 0.000E+00, 6.674E+01, 2.904E+01, 5.000E-03, 4.052E-03, 1.105E+02, 5.379E-03, 7.447E-01
03/08/2019,06:00,9,3.491,3.991,15.544,.672,.582, 1.011E+03, 6.710E+01, 0.000E+00, 3.469E-16, 1.391E+02, 6.778E+01, 2.041E+02, 2.538E+01, 1.741E+02, 1.028E+02, 4.343E+00, 7.181E-01, 2.736E-01, 2.204E-01, 1.000E+00, 7.254E-01, 9.998E-01, 4.422E-01, 1.000E+00, 7.172E-01, 2.301E-01, 1.491E-03, 2.055E-03, 0.000E+00, 5.502E+01, 2.498E+01, 5.000E-03, 7.139E-03, 8.238E+01, 6.811E-03, 7.752E-01
03/08/2019,07:00,9,3.491,3.991,16.373,.624,.705, 1.011E+03, 5.979E+01, 0.000E+00, 3.469E-16, 2.002E+02, 7.532E+01, 2.280E+02, 2.906E+01, 1.741E+02, 1.028E+02, 4.241E+00, 7.192E-01, 2.671E-01, 2.793E-01, 1.000E+00, 7.818E-01, 9.999E-01, 5.272E-01, 1.000E+00, 7.172E-01, 2.956E-01, 1.921E-03, 2.457E-03, 0.000E+00, 5.638E+01, 2.559E+01, 5.000E-03, 9.199E-03, 7.043E+01, 7.329E-03, 6.583E-01
03/08/2019,08:00,9,3.491,3.991,17.203,.576,.839, 1.011E+03, 5.310E+01, 0.000E+00, 3.469E-16, 2.536E+02, 7.707E+01, 2.417E+02, 3.053E+01, 1.741E+02, 1.028E+02, 4.142E+00, 7.202E-01, 2.608E-01, 3.252E-01, 1.000E+00, 8.077E-01, 1.000E+00, 6.052E-01, 1.000E+00, 7.172E-01, 3.506E-01, 2.285E-03, 2.829E-03, 0.000E+00, 5.776E+01, 2.621E+01, 5.000E-03, 1.094E-02, 6.273E+01, 7.672E-03, 6.611E-01
03/08/2019,09:00,9,3.491,3.991,18.032,.527,.986, 1.011E+03, 4.760E+01, 9.388E-05, 3.469E-16, 3.073E+02, 7.878E+01, 2.599E+02, 3.197E+01, 2.686E+02, 1.359E+02, 4.046E+00, 6.704E-01, 2.630E-01, 3.573E-01, 1.000E+00, 8.274E-01, 1.000E+00, 6.761E-01, 1.000E+00, 7.172E-01, 4.012E-01, 2.623E-03, 3.170E-03, 0.000E+00, 5.412E+01, 2.599E+01, 5.000E-03, 1.256E-02, 5.696E+01, 8.115E-03, 7.072E-01
03/08/2019,10:00,9,3.491,3.991,18.434,.504,1.062, 1.011E+03, 4.397E+01, 9.388E-05, 3.469E-16, 3.338E+02, 7.648E+01, 2.635E+02, 3.158E+01, 2.686E+02, 1.359E+02, 3.635E+00, 6.709E-01, 2.363E-01, 3.758E-01, 1.000E+00, 8.297E-01, 1.000E+00, 7.080E-01, 1.000E+00, 7.172E-01, 4.213E-01, 2.758E-03, 3.324E-03, 0.000E+00, 6.026E+01, 2.893E+01, 5.000E-03, 1.320E-02, 5.494E+01, 7.770E-03, 7.486E-01
03/08/2019,11:00,9,3.491,3.991,18.836,.480,1.141, 1.011E+03, 4.281E+01, 9.388E-05, 3.469E-16, 3.419E+02, 7.557E+01, 2.644E+02, 3.140E+01, 2.686E+02, 1.359E+02, 3.231E+00, 6.714E-01, 2.099E-01, 3.814E-01, 1.000E+00, 8.299E-01, 1.000E+00, 7.382E-01, 1.000E+00, 7.172E-01, 4.394E-01, 2.880E-03, 3.470E-03, 0.000E+00, 6.783E+01, 3.256E+01, 5.000E-03, 1.379E-02, 5.322E+01, 7.340E-03, 7.827E-01
03/08/2019,12:00,9,3.491,3.991,19.239,.457,1.224, 1.011E+03, 4.435E+01, 9.388E-05, 3.469E-16, 3.313E+02, 7.680E+01, 2.633E+02, 3.166E+01, 6.490E+01, 9.313E+01, 2.835E+00, 4.632E-01, 1.813E-01, 3.740E-01, 1.000E+00, 8.297E-01, 1.000E+00, 7.667E-01, 1.000E+00, 7.172E-01, 4.563E-01, 2.995E-03, 3.609E-03, 0.000E+00, 8.084E+01, 3.770E+01, 5.000E-03, 1.434E-02, 5.171E+01, 6.736E-03, 7.736E-01
03/08/2019,13:00,9,3.491,3.991,19.111,.463,1.200, 1.011E+03, 4.830E+01, 9.388E-05, 3.469E-16, 3.024E+02, 7.916E+01, 2.593E+02, 3.202E+01, 6.490E+01, 9.313E+01, 2.505E+00, 4.631E-01, 1.602E-01, 3.535E-01, 1.000E+00, 8.268E-01, 1.000E+00, 7.579E-01, 1.000E+00, 7.172E-01, 4.494E-01, 2.948E-03, 3.566E-03, 0.000E+00, 9.150E+01, 4.267E+01, 5.000E-03, 1.412E-02, 5.231E+01, 6.180E-03, 7.457E-01
03/08/2019,14:00,9,3.491,3.991,18.984,.470,1.176, 1.011E+03, 5.401E+01, 9.388E-05, 3.469E-16, 2.575E+02, 8.047E+01, 2.508E+02, 3.176E+01, 6.490E+01, 9.313E+01, 2.312E+00, 4.631E-01, 1.478E-01, 3.194E-01, 1.000E+00, 8.157E-01, 1.000E+00, 7.488E-01, 1.000E+00, 7.172E-01, 4.381E-01, 2.873E-03, 3.522E-03, 0.000E+00, 9.913E+01, 4.624E+01, 5.000E-03, 1.375E-02, 5.332E+01, 5.815E-03, 6.926E-01
03/08/2019,15:00,9,3.491,3.991,18.856,.476,1.152, 1.010E+03, 6.083E+01, 0.000E+00, 3.469E-16, 2.002E+02, 7.792E+01, 2.354E+02, 2.994E+01, 1.614E+01, 6.882E+01, 2.291E+00, 3.648E-01, 1.424E-01, 2.714E-01, 1.000E+00, 7.874E-01, 9.999E-01, 7.396E-01, 1.000E+00, 7.172E-01, 4.177E-01, 2.738E-03, 3.477E-03, 0.000E+00, 1.083E+02, 4.799E+01, 5.000E-03, 1.311E-02, 5.522E+01, 5.570E-03, 6.167E-01
03/08/2019,16:00,9,3.491,3.991,18.261,.515,1.026, 1.010E+03, 6.820E+01, 0.000E+00, 3.469E-16, 1.356E+02, 6.898E+01, 2.082E+02, 2.570E+01, 1.614E+01, 6.882E+01, 2.376E+00, 3.645E-01, 1.477E-01, 2.108E-01, 1.000E+00, 7.257E-01, 9.998E-01, 6.944E-01, 1.000E+00, 7.172E-01, 3.614E-01, 2.364E-03, 3.257E-03, 0.000E+00, 1.044E+02, 4.626E+01, 5.000E-03, 1.132E-02, 6.127E+01, 5.522E-03, 5.461E-01
03/08/2019,17:00,9,3.491,3.991,17.665,.555,.907, 1.010E+03, 7.567E+01, 0.000E+00, 3.469E-16, 7.046E+01, 5.241E+01, 1.610E+02, 1.868E+01, 1.614E+01, 6.882E+01, 2.473E+00, 3.641E-01, 1.538E-01, 1.416E-01, 1.000E+00, 6.018E-01, 9.987E-01, 6.456E-01, 1.000E+00, 7.172E-01, 2.786E-01, 1.819E-03, 3.019E-03, 0.000E+00, 1.002E+02, 4.444E+01, 5.000E-03, 8.709E-03, 7.295E+01, 5.318E-03, 4.761E-01
03/08/2019,18:00,9,3.491,3.991,17.070,.594,.796, 1.010E+03, 8.287E+01, 9.542E-04, 3.469E-16, 5.762E+00, 2.464E+01, 3.090E+01, 7.693E+00,-2.773E+01, 1.376E+01, 2.581E+00, 3.006E-01, 1.226E-01, 7.113E-02, 1.000E+00, 3.031E-01, 7.194E-01, 5.931E-01, 1.000E+00, 7.172E-01, 1.289E-01, 8.401E-04, 1.994E-03, 0.000E+00, 1.718E+02, 5.576E+01, 5.000E-03, 4.022E-03, 1.108E+02, 3.846E-03, 4.394E-01
03/08/2019,19:00,9,3.491,3.991,15.901,.656,.626, 1.010E+03, 8.944E+01, 9.542E-04, 3.469E-16, 1.372E-08, 1.562E+00, 0.000E+00, 0.000E+00,-2.773E+01, 1.376E+01, 2.451E+00, 3.000E-01, 1.163E-01,-9.990E+02, 1.000E+00,-9.990E+02, 0.000E+00, 0.000E+00, 0.000E+00, 7.172E-01, 0.000E+00, 0.000E+00, 0.000E+00, 0.000E+00, 1.813E+02, 5.879E+01, 5.000E-03, 0.000E+00, 2.000E+02, 2.799E-03, 4.599E-01
03/08/2019,20:00,9,3.491,3.991,14.732,.717,.476, 1.010E+03, 9.504E+01, 9.542E-04, 3.469E-16, 0.000E+00, 0.000E+00, 0.000E+00, 0.000E+00,-2.773E+01, 1.376E+01, 2.370E+00, 2.994E-01, 1.123E-01,-9.990E+02, 1.000E+00,-9.990E+02, 0.000E+00, 0.000E+00, 0.000E+00, 7.172E-01, 0.000E+00, 0.000E+00, 0.000E+00, 0.000E+00, 1.880E+02, 6.088E+01, 5.000E-03, 0.000E+00, 2.000E+02, 2.755E-03, 5.262E-01
03/08/2019,21:00,9,3.491,3.991,13.564,.779,.345, 1.010E+03, 9.932E+01, 2.342E-01, 3.469E-16, 0.000E+00, 0.000E+00, 0.000E+00, 0.000E+00,-1.339E+01, 1.449E+01, 2.341E+00, 2.491E-01, 1.147E-01,-9.990E+02, 1.000E+00,-9.990E+02, 0.000E+00, 0.000E+00, 0.000E+00, 7.172E-01, 0.000E+00, 0.000E+00, 0.000E+00, 0.000E+00, 1.780E+02, 5.960E+01, 5.000E-03, 0.000E+00, 2.000E+02, 2.786E-03, 7.834E-01
03/08/2019,22:00,9,3.491,3.991,13.231,.808,.294, 1.010E+03, 1.020E+02, 2.342E-01, 3.469E-16, 0.000E+00, 0.000E+00, 0.000E+00, 0.000E+00,-1.339E+01, 1.449E+01, 2.475E+00, 2.490E-01, 1.212E-01,-9.990E+02, 1.000E+00,-9.990E+02, 0.000E+00, 0.000E+00, 0.000E+00, 7.172E-01, 0.000E+00, 0.000E+00, 0.000E+00, 0.000E+00, 1.684E+02, 5.639E+01, 5.000E-03, 0.000E+00, 2.000E+02, 2.854E-03, 9.458E-01
03/08/2019,23:00,9,3.491,3.991,12.899,.836,.244, 1.010E+03, 1.028E+02, 2.342E-01, 3.469E-16, 0.000E+00, 0.000E+00, 0.000E+00, 0.000E+00,-1.339E+01, 1.449E+01, 2.651E+00, 2.488E-01, 1.298E-01,-9.990E+02, 1.000E+00,-9.990E+02, 0.000E+00, 0.000E+00, 0.000E+00, 7.172E-01, 0.000E+00, 0.000E+00, 0.000E+00, 0.000E+00, 1.574E+02, 5.267E+01, 5.000E-03, 0.000E+00, 2.000E+02, 2.937E-03, 9.715E-01
04/08/2019,00:00,9,3.491,3.991,12.566,.865,.197, 1.010E+03, 1.018E+02, 1.079E-01, 3.469E-16, 0.000E+00, 0.000E+00, 0.000E+00, 0.000E+00,-6.944E+00, 2.884E+01, 2.860E+00, 1.566E-01, 1.177E-01,-9.990E+02, 1.000E+00,-9.990E+02, 0.000E+00, 0.000E+00, 0.000E+00, 7.172E-01, 0.000E+00, 0.000E+00, 0.000E+00, 0.000E+00, 2.065E+02, 5.807E+01, 5.815E-03, 0.000E+00, 1.720E+02, 3.031E-03, 9.536E-01
04/08/2019,01:00,9,3.491,3.991,12.235,.897,.148, 1.011E+03, 9.887E+01, 1.079E-01, 3.469E-16, 0.000E+00, 0.000E+00, 0.000E+00, 0.000E+00,-6.944E+00, 2.884E+01, 2.041E+00, 1.565E-01, 1.000E-01,-9.990E+02, 1.000E+00,-9.990E+02, 0.000E+00, 0.000E+00, 0.000E+00, 7.172E-01, 0.000E+00, 0.000E+00, 0.000E+00, 0.000E+00, 2.432E+02, 6.835E+01, 9.003E-03, 0.000E+00, 1.111E+02, 3.367E-03, 9.976E-01
04/08/2019,02:00,9,3.491,3.991,11.903,.928,.100, 1.011E+03, 9.441E+01, 1.079E-01, 3.469E-16, 0.000E+00, 0.000E+00, 0.000E+00, 0.000E+00,-6.944E+00, 2.884E+01, 1.224E+00, 1.564E-01, 1.000E-01,-9.990E+02, 1.000E+00,-9.990E+02, 0.000E+00, 0.000E+00, 0.000E+00, 7.403E-01, 0.000E+00, 0.000E+00, 0.000E+00, 0.000E+00, 2.433E+02, 6.835E+01, 1.394E-02, 0.000E+00, 7.171E+01, 3.881E-03, 1.092E+00
04/08/2019,03:00,9,3.491,3.991,11.572,.960,.055, 1.011E+03, 8.867E+01, 0.000E+00, 3.469E-16, 4.870E-03, 5.557E+00, 1.780E+00, 1.675E+00, 4.531E+00, 5.311E+01, 4.254E-01, 1.298E-01, 1.000E-01, 1.329E-02, 1.000E+00, 6.661E-02, 7.058E-02, 1.000E-02, 1.000E+00, 7.403E-01, 4.931E-04, 3.152E-06, 4.511E-06, 0.000E+00, 1.290E+02, 6.835E+01, 2.492E-02, 1.509E-05, 4.010E+01, 4.770E-03, 1.238E+00
04/08/2019,04:00,9,3.491,3.991,12.204,.930,.100, 1.011E+03, 8.201E+01, 0.000E+00, 3.469E-16, 2.205E+01, 3.206E+01, 8.998E+01, 1.067E+01, 4.531E+00, 5.311E+01, 5.094E-01, 1.299E-01, 1.000E-01, 7.962E-02, 1.000E+00, 4.045E-01, 9.753E-01, 2.894E-02, 1.000E+00, 7.403E-01, 8.667E-03, 5.552E-05, 1.339E-04, 0.000E+00, 1.290E+02, 6.835E+01, 1.281E-02, 2.658E-04, 7.647E+01, 4.064E-03, 1.433E+00
04/08/2019,05:00,9,3.491,3.991,12.836,.899,.150, 1.011E+03, 7.477E+01, 0.000E+00, 3.469E-16, 7.786E+01, 5.471E+01, 1.679E+02, 1.963E+01, 4.531E+00, 5.311E+01, 6.178E-01, 1.301E-01, 1.000E-01, 1.503E-01, 1.000E+00, 6.209E-01, 9.990E-01, 1.159E-01, 1.000E+00, 7.403E-01, 5.326E-02, 3.419E-04, 5.501E-04, 0.000E+00, 1.291E+02, 6.835E+01, 8.211E-03, 1.637E-03, 1.015E+02, 3.688E-03, 1.857E+00
04/08/2019,06:00,9,3.491,3.991,13.468,.869,.204, 1.011E+03, 6.731E+01, 8.092E-05, 3.469E-16, 1.434E+02, 7.042E+01, 2.122E+02, 2.634E+01, 1.188E+02, 1.454E+02, 7.400E-01, 3.066E-01, 1.000E-01, 2.186E-01, 1.000E+00, 7.355E-01, 9.998E-01, 1.987E-01, 1.000E+00, 7.403E-01, 1.082E-01, 6.962E-04, 9.464E-04, 0.000E+00, 1.164E+02, 6.835E+01, 5.267E-03, 3.333E-03, 1.163E+02, 3.574E-03, 2.578E+00
04/08/2019,07:00,9,3.491,3.991,14.764,.766,.395, 1.011E+03, 6.001E+01, 8.092E-05, 3.469E-16, 2.072E+02, 7.849E+01, 2.376E+02, 3.026E+01, 1.188E+02, 1.454E+02, 8.938E-01, 3.073E-01, 1.000E-01, 2.776E-01, 1.000E+00, 7.919E-01, 9.999E-01, 3.559E-01, 1.000E+00, 7.403E-01, 2.086E-01, 1.348E-03, 1.703E-03, 0.000E+00, 1.166E+02, 6.835E+01, 5.000E-03, 6.455E-03, 8.730E+01, 3.985E-03, 1.481E+00
04/08/2019,08:00,9,3.491,3.991,16.060,.664,.618, 1.010E+03, 5.333E+01, 8.092E-05, 3.469E-16, 2.630E+02, 8.046E+01, 2.520E+02, 3.185E+01, 1.188E+02, 1.454E+02, 1.115E+00, 3.080E-01, 1.000E-01, 3.237E-01, 1.000E+00, 8.175E-01, 1.000E+00, 4.959E-01, 1.000E+00, 7.403E-01, 3.001E-01, 1.948E-03, 2.383E-03, 0.000E+00, 1.167E+02, 6.835E+01, 5.000E-03, 9.328E-03, 6.979E+01, 4.283E-03, 1.230E+00
04/08/2019,09:00,9,3.491,3.991,17.356,.561,.877, 1.010E+03, 4.785E+01, 1.185E-03, 3.469E-16, 1.237E+02, 1.476E+02, 1.399E+02, 4.781E+01, 1.378E+02, 1.036E+02, 1.372E+00, 2.891E-01, 1.035E-01, 3.559E-01, 1.000E+00, 9.087E-01, 9.968E-01, 6.187E-01, 1.000E+00, 7.403E-01, 4.162E-01, 2.714E-03, 2.978E-03, 0.000E+00, 1.064E+02, 6.603E+01, 5.000E-03, 1.300E-02, 5.557E+01, 4.759E-03, 1.069E+00
04/08/2019,10:00,9,3.491,3.991,17.906,.533,.968, 1.010E+03, 4.423E+01, 1.185E-03, 3.469E-16, 1.344E+02, 1.540E+02, 1.436E+02, 4.986E+01, 1.378E+02, 1.036E+02, 1.193E+00, 2.894E-01, 1.000E-01, 3.746E-01, 1.000E+00, 9.185E-01, 9.973E-01, 6.658E-01, 1.000E+00, 7.403E-01, 4.527E-01, 2.958E-03, 3.211E-03, 0.000E+00, 1.102E+02, 6.835E+01, 5.000E-03, 1.416E-02, 5.219E+01, 4.712E-03, 8.266E-01
04/08/2019,11:00,9,3.491,3.991,18.457,.504,1.064, 1.010E+03, 4.308E+01, 1.185E-03, 3.469E-16, 1.377E+02, 1.558E+02, 1.447E+02, 5.044E+01, 1.378E+02, 1.036E+02, 1.159E+00, 2.897E-01, 1.000E-01, 3.801E-01, 1.000E+00, 9.211E-01, 9.974E-01, 7.097E-01, 1.000E+00, 7.403E-01, 4.839E-01, 3.168E-03, 3.430E-03, 0.000E+00, 1.102E+02, 6.835E+01, 5.000E-03, 1.517E-02, 4.959E+01, 4.770E-03, 7.973E-01
04/08/2019,12:00,9,3.491,3.991,19.007,.475,1.165, 1.009E+03, 4.462E+01, 2.206E-03, 3.469E-16, 6.740E+01, 1.566E+02, 9.627E+01, 4.893E+01, 4.729E+01, 9.098E+01, 1.281E+00, 2.160E-01, 1.000E-01, 3.727E-01, 1.000E+00, 9.090E-01, 9.809E-01, 7.505E-01, 1.000E+00, 7.403E-01, 5.050E-01, 3.312E-03, 3.574E-03, 0.000E+00, 1.139E+02, 6.835E+01, 5.000E-03, 1.586E-02, 4.794E+01, 4.759E-03, 7.831E-01
04/08/2019,13:00,9,3.491,3.991,18.672,.492,1.103, 1.009E+03, 4.856E+01, 2.206E-03, 3.469E-16, 6.146E+01, 1.478E+02, 9.263E+01, 4.620E+01, 4.729E+01, 9.098E+01, 6.351E-01, 2.159E-01, 1.000E-01, 3.520E-01, 1.000E+00, 8.953E-01, 9.778E-01, 7.260E-01, 1.000E+00, 7.403E-01, 4.812E-01, 3.152E-03, 3.443E-03, 0.000E+00, 1.139E+02, 6.835E+01, 5.000E-03, 1.509E-02, 4.977E+01, 4.719E-03, 7.685E-01
04/08/2019,14:00,9,3.491,3.991,18.337,.510,1.044, 1.009E+03, 5.426E+01, 2.206E-03, 3.469E-16, 5.226E+01, 1.329E+02, 8.630E+01, 4.157E+01, 4.729E+01, 9.098E+01, 1.934E-01, 2.158E-01, 1.000E-01, 3.177E-01, 1.000E+00, 8.674E-01, 9.713E-01, 7.004E-01, 1.000E+00, 7.403E-01, 4.497E-01, 2.943E-03, 3.295E-03, 0.000E+00, 1.139E+02, 6.835E+01, 5.000E-03, 1.409E-02, 5.238E+01, 4.662E-03, 7.450E-01
04/08/2019,15:00,9,3.491,3.991,18.002,.527,.986, 1.009E+03, 6.108E+01, 2.514E-04, 3.469E-16, 1.982E+02, 7.772E+01, 2.348E+02, 2.984E+01, 8.322E+00, 5.661E+01, 7.360E-01, 1.788E-01, 1.000E-01, 2.696E-01, 1.000E+00, 7.859E-01, 9.999E-01, 6.736E-01, 1.000E+00, 7.403E-01, 3.919E-01, 2.561E-03, 3.259E-03, 0.000E+00, 1.349E+02, 6.835E+01, 5.000E-03, 1.226E-02, 5.793E+01, 4.352E-03, 7.026E-01
04/08/2019,16:00,9,3.491,3.991,17.457,.588,.828, 1.009E+03, 6.844E+01, 2.514E-04, 3.469E-16, 1.335E+02, 6.856E+01, 2.072E+02, 2.552E+01, 8.322E+00, 5.661E+01, 4.932E-01, 1.787E-01, 1.000E-01, 2.087E-01, 1.000E+00, 7.229E-01, 9.998E-01, 6.277E-01, 1.000E+00, 7.403E-01, 3.359E-01, 2.191E-03, 3.031E-03, 0.000E+00, 1.348E+02, 6.835E+01, 5.000E-03, 1.049E-02, 6.455E+01, 4.230E-03, 6.949E-01
04/08/2019,17:00,9,3.491,3.991,16.913,.650,.679, 1.009E+03, 7.591E+01, 2.514E-04, 3.469E-16, 6.849E+01, 5.174E+01, 1.591E+02, 1.841E+01, 8.322E+00, 5.661E+01, 6.012E-01, 1.785E-01, 1.000E-01, 1.393E-01, 1.000E+00, 5.962E-01, 9.986E-01, 5.787E-01, 1.000E+00, 7.403E-01, 2.554E-01, 1.663E-03, 2.786E-03, 0.000E+00, 1.348E+02, 6.835E+01, 5.000E-03, 7.962E-03, 7.715E+01, 4.017E-03, 7.266E-01
04/08/2019,18:00,9,3.491,3.991,16.369,.712,.540, 1.009E+03, 8.311E+01, 8.092E-05, 3.469E-16, 1.548E+01, 2.803E+01, 7.371E+01, 9.167E+00,-2.008E+01, 7.301E+00, 9.468E-01, 1.828E-01, 1.000E-01, 6.868E-02, 1.000E+00, 3.579E-01, 9.518E-01, 5.267E-01, 1.000E+00, 7.403E-01, 1.396E-01, 9.070E-04, 2.412E-03, 0.000E+00, 3.043E+02, 6.835E+01, 5.000E-03, 4.342E-03, 1.070E+02, 3.349E-03, 7.794E-01
04/08/2019,19:00,9,3.491,3.991,15.001,.745,.437, 1.009E+03, 8.969E+01, 8.092E-05, 3.469E-16, 4.355E-15, 1.291E+00, 0.000E+00, 0.000E+00,-2.008E+01, 7.301E+00, 1.388E+00, 1.824E-01, 1.000E-01,-9.990E+02, 1.000E+00,-9.990E+02, 0.000E+00, 0.000E+00, 0.000E+00, 7.403E-01, 0.000E+00, 0.000E+00, 0.000E+00, 0.000E+00, 3.052E+02, 6.835E+01, 5.000E-03, 0.000E+00, 2.000E+02, 2.553E-03, 8.396E-01
04/08/2019,20:00,9,3.491,3.991,13.634,.778,.348, 1.008E+03, 9.530E+01, 8.092E-05, 3.469E-16, 0.000E+00, 0.000E+00, 0.000E+00, 0.000E+00,-2.008E+01, 7.301E+00, 2.059E+00, 1.820E-01, 1.000E-01,-9.990E+02, 1.000E+00,-9.990E+02, 0.000E+00, 0.000E+00, 0.000E+00, 7.403E-01, 0.000E+00, 0.000E+00, 0.000E+00, 0.000E+00, 3.062E+02, 6.835E+01, 5.000E-03, 0.000E+00, 2.000E+02, 2.553E-03, 9.351E-01
04/08/2019,21:00,9,3.491,3.991,12.267,.812,.270, 1.008E+03, 9.959E+01, 8.092E-05, 3.469E-16, 0.000E+00, 0.000E+00, 0.000E+00, 0.000E+00,-2.401E+01, 4.432E+00, 2.800E+00, 2.193E-01, 1.066E-01,-9.990E+02, 1.000E+00,-9.990E+02, 0.000E+00, 0.000E+00, 0.000E+00, 7.403E-01, 0.000E+00, 0.000E+00, 0.000E+00, 0.000E+00, 2.462E+02, 6.409E+01, 5.000E-03, 0.000E+00, 2.000E+02, 2.660E-03, 1.358E+00
04/08/2019,22:00,9,3.491,3.991,11.908,.836,.230, 1.008E+03, 1.023E+02, 8.092E-05, 3.469E-16, 0.000E+00, 0.000E+00, 0.000E+00, 0.000E+00,-2.401E+01, 4.432E+00, 2.459E+00, 2.192E-01, 1.000E-01,-9.990E+02, 1.000E+00,-9.990E+02, 0.000E+00, 0.000E+00, 0.000E+00, 7.403E-01, 0.000E+00, 0.000E+00, 0.000E+00, 0.000E+00, 2.627E+02, 6.835E+01, 5.000E-03, 0.000E+00, 2.000E+02, 2.579E-03, 2.066E+00
04/08/2019,23:00,9,3.491,3.991,11.548,.860,.191, 1.008E+03, 1.031E+02, 8.092E-05, 3.469E-16, 0.000E+00, 0.000E+00, 0.000E+00, 0.000E+00,-2.401E+01, 4.432E+00, 2.492E+00, 2.191E-01, 1.000E-01,-9.990E+02, 1.000E+00,-9.990E+02, 0.000E+00, 0.000E+00, 0.000E+00, 7.403E-01, 0.000E+00, 0.000E+00, 0.000E+00, 0.000E+00, 2.629E+02, 6.835E+01, 5.535E-03, 0.000E+00, 1.807E+02, 2.714E-03, 2.573E+00
05/08/2019,00:00,9,3.491,3.991,11.189,.884,.154, 1.008E+03, 1.020E+02, 9.713E-03, 3.469E-16, 0.000E+00, 0.000E+00, 0.000E+00, 0.000E+00,-1.685E+01, 2.507E+00, 2.886E+00, 1.934E-01, 1.090E-01,-9.990E+02, 1.000E+00,-9.990E+02, 0.000E+00, 0.000E+00, 0.000E+00, 7.403E-01, 0.000E+00, 0.000E+00, 0.000E+00, 0.000E+00, 2.428E+02, 6.270E+01, 7.442E-03, 0.000E+00, 1.344E+02, 3.260E-03, 2.549E+00
05/08/2019,01:00,9,3.491,3.991,11.465,.898,.139, 1.008E+03, 9.913E+01, 9.713E-03, 3.469E-16, 0.000E+00, 0.000E+00, 0.000E+00, 0.000E+00,-1.685E+01, 2.507E+00, 2.674E+00, 1.936E-01, 1.011E-01,-9.990E+02, 1.000E+00,-9.990E+02, 0.000E+00, 0.000E+00, 0.000E+00, 7.403E-01, 0.000E+00, 0.000E+00, 0.000E+00, 0.000E+00, 2.618E+02, 6.763E+01, 8.517E-03, 0.000E+00, 1.174E+02, 3.297E-03, 2.211E+00
05/08/2019,02:00,9,3.491,3.991,11.741,.912,.122, 1.007E+03, 9.465E+01, 9.713E-03, 3.469E-16, 0.000E+00, 0.000E+00, 0.000E+00, 0.000E+00,-1.685E+01, 2.507E+00, 2.469E+00, 1.937E-01, 1.000E-01,-9.990E+02, 1.000E+00,-9.990E+02, 0.000E+00, 0.000E+00, 0.000E+00, 7.522E-01, 0.000E+00, 0.000E+00, 0.000E+00, 0.000E+00, 2.644E+02, 6.835E+01, 1.125E-02, 0.000E+00, 8.892E+01, 3.613E-03, 2.124E+00
05/08/2019,03:00,9,3.491,3.991,12.016,.925,.105, 1.007E+03, 8.890E+01, 2.659E-03, 3.469E-16, 7.399E-04, 4.426E+00, 1.353E+00, 1.334E+00, 1.488E+01, 1.553E+01, 2.274E+00, 2.245E-01, 1.514E-01, 1.096E-02, 1.000E+00, 5.338E-02, 5.413E-02, 1.000E-02, 1.000E+00, 7.522E-01, 4.015E-04, 2.571E-06, 3.465E-06, 0.000E+00, 9.011E+01, 4.514E+01, 1.288E-02, 1.231E-05, 7.759E+01, 5.223E-03, 2.163E+00
05/08/2019,04:00,9,3.491,3.991,13.218,.893,.163, 1.007E+03, 8.224E+01, 2.659E-03, 3.469E-16, 2.003E+01, 3.017E+01, 8.413E+01, 1.001E+01, 1.488E+01, 1.553E+01, 1.926E+00, 2.250E-01, 1.281E-01, 7.739E-02, 1.000E+00, 3.863E-01, 9.686E-01, 1.665E-01, 1.000E+00, 7.522E-01, 4.838E-02, 3.110E-04, 7.798E-04, 0.000E+00, 1.066E+02, 5.334E+01, 8.134E-03, 1.489E-03, 1.039E+02, 4.193E-03, 1.927E+00
05/08/2019,05:00,9,3.491,3.991,14.421,.861,.230, 1.007E+03, 7.499E+01, 2.659E-03, 3.469E-16, 7.362E+01, 5.227E+01, 1.609E+02, 1.874E+01, 1.488E+01, 1.553E+01, 1.586E+00, 2.255E-01, 1.055E-01, 1.482E-01, 1.000E+00, 6.056E-01, 9.987E-01, 3.159E-01, 1.000E+00, 7.522E-01, 1.439E-01, 9.290E-04, 1.532E-03, 0.000E+00, 1.295E+02, 6.479E+01, 5.155E-03, 4.448E-03, 1.041E+02, 3.737E-03, 1.951E+00
05/08/2019,06:00,9,3.491,3.991,15.623,.829,.306, 1.006E+03, 6.753E+01, 2.306E-02, 3.469E-16, 1.278E+02, 6.317E+01, 1.909E+02, 2.362E+01, 1.033E+02, 6.767E+01, 1.263E+00, 4.421E-01, 1.000E-01, 2.167E-01, 1.000E+00, 7.034E-01, 9.996E-01, 4.506E-01, 1.000E+00, 7.522E-01, 2.384E-01, 1.545E-03, 2.196E-03, 0.000E+00, 1.379E+02, 6.835E+01, 5.000E-03, 7.399E-03, 8.065E+01, 3.944E-03, 2.237E+00
05/08/2019,07:00,9,3.491,3.991,16.690,.768,.443, 1.006E+03, 6.024E+01, 2.306E-02, 3.469E-16, 1.855E+02, 7.060E+01, 2.140E+02, 2.721E+01, 1.033E+02, 6.767E+01, 1.610E+00, 4.430E-01, 1.065E-01, 2.759E-01, 1.000E+00, 7.635E-01, 9.998E-01, 5.578E-01, 1.000E+00, 7.522E-01, 3.203E-01, 2.084E-03, 2.729E-03, 0.000E+00, 1.295E+02, 6.417E+01, 5.000E-03, 9.978E-03, 6.676E+01, 4.365E-03, 2.229E+00
05/08/2019,08:00,9,3.491,3.991,17.757,.708,.599, 1.006E+03, 5.357E+01, 2.306E-02, 3.469E-16, 2.358E+02, 7.251E+01, 2.272E+02, 2.869E+01, 1.033E+02, 6.767E+01, 1.984E+00, 4.438E-01, 1.312E-01, 3.222E-01, 1.000E+00, 7.917E-01, 9.999E-01, 6.534E-01, 1.000E+00, 7.522E-01, 3.891E-01, 2.541E-03, 3.209E-03, 0.000E+00, 1.053E+02, 5.212E+01, 5.000E-03, 1.216E-02, 5.826E+01, 5.260E-03, 2.160E+00
05/08/2019,09:00,9,3.491,3.991,18.824,.648,.773, 1.006E+03, 4.810E+01, 1.217E-01, 3.469E-16, 3.028E+02, 7.857E+01, 2.586E+02, 3.184E+01, 1.264E+02, 1.538E+02, 2.370E+00, 4.172E-01, 1.609E-01, 3.546E-01, 1.000E+00, 8.257E-01, 1.000E+00, 7.373E-01, 1.000E+00, 7.522E-01, 4.579E-01, 3.002E-03, 3.635E-03, 0.000E+00, 8.195E+01, 4.248E+01, 5.000E-03, 1.437E-02, 5.162E+01, 6.340E-03, 2.130E+00
05/08/2019,10:00,9,3.491,3.991,19.843,.621,.886, 1.005E+03, 4.449E+01, 1.217E-01, 3.469E-16, 3.292E+02, 7.639E+01, 2.623E+02, 3.150E+01, 1.264E+02, 1.538E+02, 2.252E+00, 4.181E-01, 1.528E-01, 3.733E-01, 1.000E+00, 8.284E-01, 1.000E+00, 8.066E-01, 1.000E+00, 7.522E-01, 5.026E-01, 3.306E-03, 3.990E-03, 0.000E+00, 8.635E+01, 4.473E+01, 5.000E-03, 1.583E-02, 4.801E+01, 6.260E-03, 1.467E+00
05/08/2019,11:00,9,3.491,3.991,20.862,.595,1.011, 1.004E+03, 4.335E+01, 1.217E-01, 3.469E-16, 3.373E+02, 7.552E+01, 2.633E+02, 3.132E+01, 1.264E+02, 1.538E+02, 2.139E+00, 4.189E-01, 1.451E-01, 3.788E-01, 1.000E+00, 8.287E-01, 1.000E+00, 8.653E-01, 1.000E+00, 7.522E-01, 5.394E-01, 3.560E-03, 4.296E-03, 0.000E+00, 9.101E+01, 4.711E+01, 5.000E-03, 1.704E-02, 4.536E+01, 6.132E-03, 1.341E+00
05/08/2019,12:00,9,3.491,3.991,21.880,.569,1.148, 1.004E+03, 4.489E+01, 7.007E-01, 3.469E-16, 3.279E+02, 7.698E+01, 2.631E+02, 3.168E+01, 8.310E+01, 1.518E+02, 2.032E+00, 3.685E-01, 1.375E-01, 3.713E-01, 1.000E+00, 8.292E-01, 1.000E+00, 9.134E-01, 1.000E+00, 7.522E-01, 5.697E-01, 3.773E-03, 4.550E-03, 0.000E+00, 9.645E+01, 4.972E+01, 5.000E-03, 1.806E-02, 4.336E+01, 5.962E-03, 1.378E+00
05/08/2019,13:00,9,3.491,3.991,20.855,.672,.817, 1.004E+03, 4.882E+01, 7.007E-01, 3.469E-16, 2.988E+02, 7.920E+01, 2.589E+02, 3.199E+01, 8.310E+01, 1.518E+02, 1.941E+00, 3.679E-01, 1.314E-01, 3.506E-01, 1.000E+00, 8.258E-01, 1.000E+00, 8.649E-01, 1.000E+00, 7.522E-01, 5.372E-01, 3.546E-03, 4.294E-03, 0.000E+00, 1.008E+02, 5.201E+01, 5.000E-03, 1.698E-02, 4.550E+01, 5.695E-03, 1.003E+00
05/08/2019,14:00,9,3.491,3.991,19.829,.776,.523, 1.003E+03, 5.452E+01, 7.007E-01, 3.469E-16, 2.538E+02, 8.028E+01, 2.503E+02, 3.165E+01, 8.310E+01, 1.518E+02, 1.895E+00, 3.673E-01, 1.284E-01, 3.161E-01, 1.000E+00, 8.140E-01, 1.000E+00, 8.057E-01, 1.000E+00, 7.522E-01, 4.933E-01, 3.244E-03, 3.986E-03, 0.000E+00, 1.032E+02, 5.325E+01, 5.000E-03, 1.553E-02, 4.870E+01, 5.498E-03, 7.553E-01
05/08/2019,15:00,9,3.491,3.991,18.803,.880,.263, 1.003E+03, 6.133E+01, 4.210E-01, 3.469E-16, 1.959E+02, 7.720E+01, 2.338E+02, 2.963E+01,-3.875E+00, 8.005E+01, 1.897E+00, 1.860E-01, 1.000E-01, 2.676E-01, 1.000E+00, 7.835E-01, 9.999E-01, 7.357E-01, 1.000E+00, 7.522E-01, 4.336E-01, 2.842E-03, 3.627E-03, 0.000E+00, 1.934E+02, 6.835E+01, 6.325E-03, 1.361E-02, 5.018E+01, 4.320E-03, 5.687E-01
05/08/2019,16:00,9,3.491,3.991,18.500,.902,.212, 1.003E+03, 6.869E+01, 4.210E-01, 3.469E-16, 1.313E+02, 6.786E+01, 2.059E+02, 2.524E+01,-3.875E+00, 8.005E+01, 1.610E+00, 1.859E-01, 1.000E-01, 2.065E-01, 1.000E+00, 7.190E-01, 9.998E-01, 7.130E-01, 1.000E+00, 7.522E-01, 3.856E-01, 2.525E-03, 3.510E-03, 0.000E+00, 1.935E+02, 6.835E+01, 8.458E-03, 1.209E-02, 4.867E+01, 4.348E-03, 5.539E-01
05/08/2019,17:00,9,3.491,3.991,18.196,.923,.162, 1.003E+03, 7.616E+01, 4.210E-01, 3.469E-16, 6.651E+01, 5.086E+01, 1.571E+02, 1.808E+01,-3.875E+00, 8.005E+01, 1.561E+00, 1.858E-01, 1.000E-01, 1.369E-01, 1.000E+00, 5.894E-01, 9.984E-01, 6.893E-01, 1.000E+00, 7.522E-01, 3.056E-01, 1.999E-03, 3.386E-03, 0.000E+00, 1.935E+02, 6.835E+01, 1.131E-02, 9.569E-03, 4.789E+01, 4.363E-03, 6.199E-01
05/08/2019,18:00,9,3.491,3.991,17.893,.945,.115, 1.003E+03, 8.337E+01, 5.846E-03, 3.469E-16, 1.419E+01, 2.706E+01, 7.026E+01, 8.818E+00,-2.230E+01,-2.086E+00, 1.770E+00, 2.201E-01, 1.000E-01, 6.617E-02, 1.000E+00, 3.466E-01, 9.444E-01, 6.647E-01, 1.000E+00, 7.522E-01, 1.733E-01, 1.132E-03, 3.085E-03, 0.000E+00, 2.554E+02, 6.835E+01, 1.513E-02, 5.420E-03, 4.867E+01, 4.243E-03, 9.260E-01
05/08/2019,19:00,9,3.491,3.991,17.062,.953,.092, 1.003E+03, 8.995E+01, 5.846E-03, 3.469E-16, 1.217E-93, 2.060E-01, 0.000E+00, 0.000E+00,-2.230E+01,-2.086E+00, 2.014E+00, 2.198E-01, 1.000E-01,-9.990E+02, 1.000E+00,-9.990E+02, 0.000E+00, 0.000E+00, 0.000E+00, 7.522E-01, 0.000E+00, 0.000E+00, 0.000E+00, 0.000E+00, 2.557E+02, 6.835E+01, 1.770E-02, 0.000E+00, 5.649E+01, 4.106E-03, 1.414E+00
05/08/2019,20:00,9,3.491,3.991,16.232,.962,.071, 1.002E+03, 9.556E+01, 5.846E-03, 3.469E-16, 0.000E+00, 0.000E+00, 0.000E+00, 0.000E+00,-2.230E+01,-2.086E+00, 2.338E+00, 2.195E-01, 1.000E-01,-9.990E+02, 1.000E+00,-9.990E+02, 0.000E+00, 0.000E+00, 0.000E+00, 7.522E-01, 0.000E+00, 0.000E+00, 0.000E+00, 0.000E+00, 2.561E+02, 6.835E+01, 2.073E-02, 0.000E+00, 4.823E+01, 4.249E-03, 1.629E+00
05/08/2019,21:00,9,3.491,3.991,15.401,.971,.052, 1.002E+03, 9.986E+01, 0.000E+00, 3.469E-16, 0.000E+00, 0.000E+00, 0.000E+00, 0.000E+00,-2.415E+01,-7.189E+00, 2.715E+00, 2.529E-01, 1.178E-01,-9.990E+02, 1.000E+00,-9.990E+02, 0.000E+00, 0.000E+00, 0.000E+00, 7.522E-01, 0.000E+00, 0.000E+00, 0.000E+00, 0.000E+00, 1.957E+02, 5.804E+01, 2.431E-02, 0.000E+00, 4.114E+01, 5.051E-03, 1.680E+00
05/08/2019,22:00,9,3.491,3.991,15.094,.972,.048, 1.002E+03, 1.025E+02, 0.000E+00, 3.469E-16, 0.000E+00, 0.000E+00, 0.000E+00, 0.000E+00,-2.415E+01,-7.189E+00, 2.586E+00, 2.528E-01, 1.121E-01,-9.990E+02, 1.000E+00,-9.990E+02, 0.000E+00, 0.000E+00, 0.000E+00, 7.522E-01, 0.000E+00, 0.000E+00, 0.000E+00, 0.000E+00, 2.057E+02, 6.096E+01, 2.446E-02, 0.000E+00, 4.088E+01, 4.863E-03, 1.619E+00
05/08/2019,23:00,9,3.491,3.991,14.786,.974,.044, 1.002E+03, 1.034E+02, 0.000E+00, 3.469E-16, 0.000E+00, 0.000E+00, 0.000E+00, 0.000E+00,-2.415E+01,-7.189E+00, 2.497E+00, 2.527E-01, 1.082E-01,-9.990E+02, 1.000E+00,-9.990E+02, 0.000E+00, 0.000E+00, 0.000E+00, 7.522E-01, 0.000E+00, 0.000E+00, 0.000E+00, 0.000E+00, 2.131E+02, 6.315E+01, 2.462E-02, 0.000E+00, 4.062E+01, 4.733E-03, 1.460E+00
06/08/2019,00:00,9,3.491,3.991,14.479,.976,.040, 1.002E+03, 1.023E+02, 3.535E-02, 3.469E-16, 0.000E+00, 0.000E+00, 0.000E+00, 0.000E+00,-2.090E+01, 5.812E+00, 2.453E+00, 1.971E-01, 1.000E-01,-9.990E+02, 1.000E+00,-9.990E+02, 0.000E+00, 0.000E+00, 0.000E+00, 7.522E-01, 0.000E+00, 0.000E+00, 0.000E+00, 0.000E+00, 2.822E+02, 6.835E+01, 2.478E-02, 0.000E+00, 4.035E+01, 4.350E-03, 1.424E+00
06/08/2019,01:00,9,3.491,3.991,13.985,.962,.061, 1.001E+03, 9.939E+01, 3.535E-02, 3.469E-16, 0.000E+00, 0.000E+00, 0.000E+00, 0.000E+00,-2.090E+01, 5.812E+00, 2.328E+00, 1.969E-01, 1.000E-01,-9.990E+02, 1.000E+00,-9.990E+02, 0.000E+00, 0.000E+00, 0.000E+00, 7.522E-01, 0.000E+00, 0.000E+00, 0.000E+00, 0.000E+00, 2.824E+02, 6.835E+01, 2.172E-02, 0.000E+00, 4.604E+01, 4.245E-03, 1.467E+00
06/08/2019,02:00,9,3.491,3.991,13.491,.948,.081, 1.001E+03, 9.490E+01, 3.535E-02, 3.469E-16, 0.000E+00, 0.000E+00, 0.000E+00, 0.000E+00,-2.090E+01, 5.812E+00, 2.262E+00, 1.967E-01, 1.000E-01,-9.990E+02, 1.000E+00,-9.990E+02, 0.000E+00, 0.000E+00, 0.000E+00, 7.623E-01, 0.000E+00, 0.000E+00, 0.000E+00, 0.000E+00, 2.827E+02, 6.835E+01, 1.651E-02, 0.000E+00, 6.058E+01, 3.998E-03, 1.420E+00
06/08/2019,03:00,9,3.491,3.991,12.996,.934,.099, 1.001E+03, 8.914E+01, 2.267E-02, 3.469E-16, 4.549E-05, 3.541E+00, 0.000E+00, 0.000E+00, 4.846E+00, 3.748E+01, 2.259E+00, 1.616E-01, 1.492E-01,-9.990E+02, 1.000E+00,-9.990E+02, 0.000E+00, 0.000E+00, 0.000E+00, 7.623E-01, 0.000E+00, 0.000E+00, 0.000E+00, 0.000E+00, 9.282E+01, 4.582E+01, 1.448E-02, 0.000E+00, 6.905E+01, 5.403E-03, 1.476E+00
06/08/2019,04:00,9,3.491,3.991,14.032,.920,.129, 1.001E+03, 8.246E+01, 2.267E-02, 3.469E-16, 1.920E+01, 2.993E+01, 8.308E+01, 9.902E+00, 4.846E+00, 3.748E+01, 1.641E+00, 1.619E-01, 1.083E-01, 7.514E-02, 1.000E+00, 3.821E-01, 9.672E-01, 2.692E-01, 1.000E+00, 7.623E-01, 7.841E-02, 5.055E-04, 1.280E-03, 0.000E+00, 1.279E+02, 6.310E+01, 1.062E-02, 2.420E-03, 7.668E+01, 4.229E-03, 1.532E+00
06/08/2019,05:00,9,3.491,3.991,15.067,.906,.162, 1.001E+03, 7.522E+01, 2.267E-02, 3.469E-16, 7.352E+01, 5.268E+01, 1.629E+02, 1.887E+01, 4.846E+00, 3.748E+01, 1.070E+00, 1.623E-01, 1.000E-01, 1.460E-01, 1.000E+00, 6.068E-01, 9.988E-01, 3.902E-01, 1.000E+00, 7.623E-01, 1.805E-01, 1.168E-03, 1.922E-03, 0.000E+00, 1.386E+02, 6.835E+01, 9.004E-03, 5.591E-03, 6.852E+01, 4.138E-03, 1.897E+00
06/08/2019,06:00,9,3.491,3.991,16.103,.892,.200, 1.000E+03, 6.775E+01, 6.821E-02, 3.469E-16, 1.213E+02, 6.666E+01, 1.846E+02, 2.445E+01, 6.619E+01, 1.201E+02, 6.749E-01, 3.202E-01, 1.000E-01, 2.147E-01, 1.000E+00, 7.126E-01, 9.995E-01, 5.003E-01, 1.000E+00, 7.623E-01, 2.718E-01, 1.765E-03, 2.475E-03, 0.000E+00, 1.293E+02, 6.835E+01, 7.647E-03, 8.448E-03, 6.213E+01, 4.314E-03, 2.641E+00
06/08/2019,07:00,9,3.491,3.991,17.007,.835,.322, 1.000E+03, 6.046E+01, 6.821E-02, 3.469E-16, 1.766E+02, 7.617E+01, 2.077E+02, 2.862E+01, 6.619E+01, 1.201E+02, 1.014E+00, 3.207E-01, 1.000E-01, 2.742E-01, 1.000E+00, 7.763E-01, 9.998E-01, 5.874E-01, 1.000E+00, 7.623E-01, 3.476E-01, 2.264E-03, 2.916E-03, 0.000E+00, 1.294E+02, 6.835E+01, 5.000E-03, 1.084E-02, 6.313E+01, 4.295E-03, 2.768E+00
06/08/2019,08:00,9,3.491,3.991,17.912,.779,.457, 1.000E+03, 5.381E+01, 6.821E-02, 3.469E-16, 2.249E+02, 7.990E+01, 2.210E+02, 3.062E+01, 6.619E+01, 1.201E+02, 1.367E+00, 3.212E-01, 1.000E-01, 3.207E-01, 1.000E+00, 8.072E-01, 9.999E-01, 6.662E-01, 1.000E+00, 7.623E-01, 4.099E-01, 2.678E-03, 3.318E-03, 0.000E+00, 1.294E+02, 6.835E+01, 5.000E-03, 1.282E-02, 5.611E+01, 4.428E-03, 2.547E+00
06/08/2019,09:00,9,3.491,3.991,18.816,.723,.608, 1.000E+03, 4.835E+01, 5.319E-02, 3.469E-16, 3.003E+02, 7.828E+01, 2.576E+02, 3.171E+01, 1.468E+02, 1.255E+02, 1.724E+00, 4.102E-01, 1.189E-01, 3.532E-01, 1.000E+00, 8.244E-01, 1.000E+00, 7.367E-01, 1.000E+00, 7.623E-01, 4.630E-01, 3.034E-03, 3.680E-03, 0.000E+00, 1.079E+02, 5.748E+01, 5.000E-03, 1.453E-02, 5.121E+01, 5.166E-03, 2.268E+00
06/08/2019,10:00,9,3.491,3.991,19.536,.696,.698, 9.997E+02, 4.476E+01, 5.319E-02, 3.469E-16, 3.266E+02, 7.617E+01, 2.613E+02, 3.139E+01, 1.468E+02, 1.255E+02, 1.678E+00, 4.108E-01, 1.157E-01, 3.720E-01, 1.000E+00, 8.273E-01, 1.000E+00, 7.869E-01, 1.000E+00, 7.623E-01, 4.962E-01, 3.260E-03, 3.941E-03, 0.000E+00, 1.110E+02, 5.907E+01, 5.000E-03, 1.561E-02, 4.852E+01, 5.132E-03, 1.795E+00
06/08/2019,11:00,9,3.491,3.991,20.257,.670,.794, 9.994E+02, 4.363E+01, 5.319E-02, 3.469E-16, 3.346E+02, 7.533E+01, 2.623E+02, 3.122E+01, 1.468E+02, 1.255E+02, 1.709E+00, 4.114E-01, 1.178E-01, 3.775E-01, 1.000E+00, 8.276E-01, 1.000E+00, 8.317E-01, 1.000E+00, 7.623E-01, 5.247E-01, 3.456E-03, 4.176E-03, 0.000E+00, 1.091E+02, 5.802E+01, 5.000E-03, 1.655E-02, 4.641E+01, 5.259E-03, 1.765E+00
06/08/2019,12:00,9,3.491,3.991,20.978,.643,.897, 9.990E+02, 4.517E+01, 5.786E-01, 3.469E-16, 3.137E+02, 7.408E+01, 2.530E+02, 3.047E+01, 1.078E+02, 1.377E+02, 1.813E+00, 4.248E-01, 1.213E-01, 3.699E-01, 1.000E+00, 8.200E-01, 1.000E+00, 8.713E-01, 1.000E+00, 7.623E-01, 5.447E-01, 3.596E-03, 4.385E-03, 0.000E+00, 1.115E+02, 5.635E+01, 5.000E-03, 1.722E-02, 4.501E+01, 5.354E-03, 1.980E+00
06/08/2019,13:00,9,3.491,3.991,20.693,.668,.821, 9.988E+02, 4.909E+01, 5.786E-01, 3.469E-16, 2.857E+02, 7.615E+01, 2.489E+02, 3.075E+01, 1.078E+02, 1.377E+02, 1.983E+00, 4.247E-01, 1.327E-01, 3.490E-01, 1.000E+00, 8.162E-01, 1.000E+00, 8.563E-01, 1.000E+00, 7.623E-01, 5.328E-01, 3.514E-03, 4.306E-03, 0.000E+00, 1.019E+02, 5.150E+01, 5.000E-03, 1.683E-02, 4.582E+01, 5.701E-03, 1.614E+00
06/08/2019,14:00,9,3.491,3.991,20.409,.692,.747, 9.985E+02, 5.478E+01, 5.786E-01, 3.469E-16, 2.423E+02, 7.708E+01, 2.405E+02, 3.038E+01, 1.078E+02, 1.377E+02, 2.276E+00, 4.245E-01, 1.523E-01, 3.144E-01, 1.000E+00, 8.034E-01, 9.999E-01, 8.405E-01, 1.000E+00, 7.623E-01, 5.148E-01, 3.392E-03, 4.222E-03, 0.000E+00, 8.877E+01, 4.488E+01, 5.000E-03, 1.624E-02, 4.708E+01, 6.251E-03, 1.194E+00
06/08/2019,15:00,9,3.491,3.991,20.124,.717,.675, 9.982E+02, 6.158E+01, 8.638E-01, 3.469E-16, 7.461E+01, 1.134E+02, 1.150E+02, 3.660E+01,-1.142E+01, 9.190E+01, 2.650E+00, 2.892E-01, 1.409E-01, 2.657E-01, 1.000E+00, 8.347E-01, 9.912E-01, 8.239E-01, 1.000E+00, 7.623E-01, 5.242E-01, 3.451E-03, 4.098E-03, 0.000E+00, 1.335E+02, 4.851E+01, 5.000E-03, 1.652E-02, 4.646E+01, 5.722E-03, 9.198E-01
06/08/2019,16:00,9,3.491,3.991,19.108,.789,.471, 9.982E+02, 6.894E+01, 8.638E-01, 3.469E-16, 4.975E+01, 8.676E+01, 9.719E+01, 2.797E+01,-1.142E+01, 9.190E+01, 2.434E+00, 2.887E-01, 1.293E-01, 2.042E-01, 1.000E+00, 7.444E-01, 9.816E-01, 7.576E-01, 1.000E+00, 7.623E-01, 4.299E-01, 2.820E-03, 3.720E-03, 0.000E+00, 1.456E+02, 5.286E+01, 5.000E-03, 1.350E-02, 5.404E+01, 5.158E-03, 7.830E-01
06/08/2019,17:00,9,3.491,3.991,18.091,.862,.290, 9.982E+02, 7.642E+01, 8.638E-01, 3.469E-16, 2.485E+01, 5.477E+01, 7.044E+01, 1.753E+01,-1.142E+01, 9.190E+01, 2.237E+00, 2.882E-01, 1.188E-01, 1.345E-01, 1.000E+00, 5.718E-01, 9.448E-01, 6.809E-01, 1.000E+00, 7.623E-01, 2.968E-01, 1.940E-03, 3.206E-03, 0.000E+00, 1.585E+02, 5.753E+01, 5.000E-03, 9.289E-03, 6.998E+01, 4.501E-03, 6.630E-01
06/08/2019,18:00,9,3.491,3.991,17.075,.934,.129, 9.982E+02, 8.362E+01, 7.903E-03, 3.469E-16, 1.538E+00, 1.623E+01, 1.188E+01, 4.961E+00,-1.259E+01, 3.204E+00, 2.067E+00, 1.644E-01, 1.000E-01, 6.361E-02, 1.000E+00, 1.974E-01, 3.866E-01, 5.936E-01, 1.000E+00, 7.623E-01, 8.933E-02, 5.820E-04, 1.140E-03, 0.000E+00, 2.867E+02, 6.835E+01, 1.330E-02, 2.787E-03, 6.216E+01, 3.966E-03, 7.802E-01
06/08/2019,19:00,9,3.491,3.991,16.585,.945,.104, 9.981E+02, 9.021E+01, 7.903E-03, 3.469E-16, 0.000E+00, 0.000E+00, 0.000E+00, 0.000E+00,-1.259E+01, 3.204E+00, 2.130E+00, 1.643E-01, 1.000E-01,-9.990E+02, 1.000E+00,-9.990E+02, 0.000E+00, 0.000E+00, 0.000E+00, 7.623E-01, 0.000E+00, 0.000E+00, 0.000E+00, 0.000E+00, 2.870E+02, 6.835E+01, 1.548E-02, 0.000E+00, 6.460E+01, 3.928E-03, 1.510E+00
06/08/2019,20:00,9,3.491,3.991,16.095,.956,.081, 9.979E+02, 9.584E+01, 7.903E-03, 3.469E-16, 0.000E+00, 0.000E+00, 0.000E+00, 0.000E+00,-1.259E+01, 3.204E+00, 2.203E+00, 1.642E-01, 1.000E-01,-9.990E+02, 1.000E+00,-9.990E+02, 0.000E+00, 0.000E+00, 0.000E+00, 7.623E-01, 0.000E+00, 0.000E+00, 0.000E+00, 0.000E+00, 2.873E+02, 6.835E+01, 1.802E-02, 0.000E+00, 5.549E+01, 4.073E-03, 1.806E+00
06/08/2019,21:00,9,3.491,3.991,15.605,.967,.058, 9.978E+02, 1.001E+02, 2.634E-01, 3.469E-16, 0.000E+00, 0.000E+00, 0.000E+00, 0.000E+00,-1.509E+01, 5.947E+00, 2.286E+00, 1.915E-01, 1.000E-01,-9.990E+02, 1.000E+00,-9.990E+02, 0.000E+00, 0.000E+00, 0.000E+00, 7.623E-01, 0.000E+00, 0.000E+00, 0.000E+00, 0.000E+00, 2.582E+02, 6.835E+01, 2.099E-02, 0.000E+00, 4.765E+01, 4.256E-03, 2.249E+00
06/08/2019,22:00,9,3.491,3.991,15.146,.973,.046, 9.977E+02, 1.028E+02, 2.634E-01, 3.469E-16, 0.000E+00, 0.000E+00, 0.000E+00, 0.000E+00,-1.509E+01, 5.947E+00, 2.173E+00, 1.913E-01, 1.000E-01,-9.990E+02, 1.000E+00,-9.990E+02, 0.000E+00, 0.000E+00, 0.000E+00, 7.623E-01, 0.000E+00, 0.000E+00, 0.000E+00, 0.000E+00, 2.584E+02, 6.835E+01, 2.444E-02, 0.000E+00, 4.092E+01, 4.381E-03, 2.379E+00
06/08/2019,23:00,9,3.491,3.991,14.686,.979,.035, 9.975E+02, 1.037E+02, 2.634E-01, 3.469E-16, 0.000E+00, 0.000E+00, 0.000E+00, 0.000E+00,-1.509E+01, 5.947E+00, 2.171E+00, 1.912E-01, 1.000E-01,-9.990E+02, 1.000E+00,-9.990E+02, 0.000E+00, 0.000E+00, 0.000E+00, 7.623E-01, 0.000E+00, 0.000E+00, 0.000E+00, 0.000E+00, 2.586E+02, 6.835E+01, 2.467E-02, 0.000E+00, 4.053E+01, 4.388E-03, 2.330E+00
07/08/2019,00:00,9,3.491,3.991,14.226,.986,.024, 9.974E+02, 1.026E+02, 1.466E-01, 3.469E-16, 0.000E+00, 0.000E+00, 0.000E+00, 0.000E+00,-1.347E+01, 3.301E+00, 2.280E+00, 1.930E-01, 1.000E-01,-9.990E+02, 1.000E+00,-9.990E+02, 0.000E+00, 0.000E+00, 0.000E+00, 7.623E-01, 0.000E+00, 0.000E+00, 0.000E+00, 0.000E+00, 2.467E+02, 6.835E+01, 2.875E-02, 0.000E+00, 3.479E+01, 4.524E-03, 2.100E+00
07/08/2019,01:00,9,3.491,3.991,13.943,.984,.025, 9.976E+02, 9.965E+01, 1.466E-01, 3.469E-16, 0.000E+00, 0.000E+00, 0.000E+00, 0.000E+00,-1.347E+01, 3.301E+00, 2.170E+00, 1.929E-01, 1.000E-01,-9.990E+02, 1.000E+00,-9.990E+02, 0.000E+00, 0.000E+00, 0.000E+00, 7.623E-01, 0.000E+00, 0.000E+00, 0.000E+00, 0.000E+00, 2.468E+02, 6.835E+01, 2.893E-02, 0.000E+00, 3.457E+01, 4.529E-03, 1.658E+00
07/08/2019,02:00,9,3.491,3.991,13.660,.983,.027, 9.979E+02, 9.515E+01, 1.466E-01, 3.469E-16, 0.000E+00, 0.000E+00, 0.000E+00, 0.000E+00,-1.347E+01, 3.301E+00, 2.123E+00, 1.928E-01, 1.000E-01,-9.990E+02, 1.000E+00,-9.990E+02, 0.000E+00, 0.000E+00, 0.000E+00, 7.535E-01, 0.000E+00, 0.000E+00, 0.000E+00, 0.000E+00, 2.470E+02, 6.835E+01, 2.912E-02, 0.000E+00, 3.434E+01, 4.533E-03, 1.397E+00
07/08/2019,03:00,9,3.491,3.991,13.377,.982,.029, 9.981E+02, 8.938E+01, 6.658E-02, 3.469E-16, 2.440E-08, 1.020E+00, 0.000E+00, 0.000E+00, 3.451E+00, 4.414E+01, 2.142E+00, 3.509E-01, 1.290E-01,-9.990E+02, 1.000E+00,-9.990E+02, 0.000E+00, 0.000E+00, 0.000E+00, 7.535E-01, 0.000E+00, 0.000E+00, 0.000E+00, 0.000E+00, 1.269E+02, 5.298E+01, 2.931E-02, 0.000E+00, 3.412E+01, 5.799E-03, 1.226E+00
07/08/2019,04:00,9,3.491,3.991,14.024,.961,.063, 9.981E+02, 8.269E+01, 6.658E-02, 3.469E-16, 1.376E+00, 1.738E+01, 1.071E+01, 5.299E+00, 3.451E+00, 4.414E+01, 2.652E+00, 3.513E-01, 1.598E-01, 7.286E-02, 1.000E+00, 2.075E-01, 3.563E-01, 2.683E-01, 1.000E+00, 7.535E-01, 4.195E-02, 2.704E-04, 4.643E-04, 0.000E+00, 1.025E+02, 4.279E+01, 2.170E-02, 1.295E-03, 4.349E+01, 6.443E-03, 1.016E+00
07/08/2019,05:00,9,3.491,3.991,14.672,.940,.101, 9.981E+02, 7.544E+01, 6.658E-02, 3.469E-16, 5.523E+00, 4.392E+01, 2.444E+01, 1.346E+01, 3.451E+00, 4.414E+01, 3.164E+00, 3.517E-01, 1.906E-01, 1.439E-01, 1.000E+00, 4.551E-01, 6.341E-01, 3.453E-01, 1.000E+00, 7.535E-01, 1.184E-01, 7.651E-04, 1.066E-03, 0.000E+00, 8.592E+01, 3.586E+01, 1.394E-02, 3.663E-03, 5.682E+01, 6.646E-03, 1.018E+00
07/08/2019,06:00,9,3.491,3.991,15.320,.919,.142, 9.981E+02, 6.798E+01, 5.367E-02, 3.469E-16, 1.377E+02, 6.889E+01, 2.093E+02, 2.573E+01, 5.136E+01, 1.265E+02, 3.678E+00, 4.731E-01, 2.321E-01, 2.128E-01, 1.000E+00, 7.267E-01, 9.998E-01, 4.180E-01, 1.000E+00, 7.535E-01, 2.289E-01, 1.482E-03, 2.039E-03, 0.000E+00, 6.464E+01, 2.944E+01, 1.033E-02, 7.097E-03, 5.737E+01, 7.503E-03, 1.160E+00
07/08/2019,07:00,9,3.491,3.991,16.586,.824,.336, 9.981E+02, 6.069E+01, 5.367E-02, 3.469E-16, 2.013E+02, 7.746E+01, 2.355E+02, 2.982E+01, 5.136E+01, 1.265E+02, 3.486E+00, 4.741E-01, 2.200E-01, 2.725E-01, 1.000E+00, 7.866E-01, 9.999E-01, 5.478E-01, 1.000E+00, 7.535E-01, 3.247E-01, 2.112E-03, 2.685E-03, 0.000E+00, 6.825E+01, 3.107E+01, 5.000E-03, 1.011E-02, 6.618E+01, 6.836E-03, 1.301E+00
07/08/2019,08:00,9,3.491,3.991,17.852,.728,.561, 9.982E+02, 5.405E+01, 5.367E-02, 3.469E-16, 2.569E+02, 7.985E+01, 2.504E+02, 3.157E+01, 5.136E+01, 1.265E+02, 3.295E+00, 4.752E-01, 2.079E-01, 3.191E-01, 1.000E+00, 8.141E-01, 1.000E+00, 6.612E-01, 1.000E+00, 7.535E-01, 4.056E-01, 2.650E-03, 3.255E-03, 0.000E+00, 7.225E+01, 3.288E+01, 5.000E-03, 1.269E-02, 5.654E+01, 7.076E-03, 1.424E+00
07/08/2019,09:00,9,3.491,3.991,19.117,.632,.822, 9.983E+02, 4.861E+01, 1.069E-01, 3.469E-16, 2.988E+02, 7.844E+01, 2.577E+02, 3.174E+01, 1.520E+02, 1.754E+02, 3.106E+00, 5.442E-01, 2.027E-01, 3.518E-01, 1.000E+00, 8.243E-01, 1.000E+00, 7.583E-01, 1.000E+00, 7.535E-01, 4.710E-01, 3.090E-03, 3.749E-03, 0.000E+00, 6.973E+01, 3.372E+01, 5.000E-03, 1.479E-02, 5.052E+01, 7.334E-03, 1.523E+00
07/08/2019,10:00,9,3.491,3.991,19.861,.600,.938, 9.982E+02, 4.503E+01, 1.069E-01, 3.469E-16, 3.251E+02, 7.641E+01, 2.615E+02, 3.145E+01, 1.520E+02, 1.754E+02, 2.999E+00, 5.449E-01, 1.957E-01, 3.706E-01, 1.000E+00, 8.273E-01, 1.000E+00, 8.077E-01, 1.000E+00, 7.535E-01, 5.035E-01, 3.312E-03, 4.003E-03, 0.000E+00, 7.227E+01, 3.493E+01, 5.000E-03, 1.586E-02, 4.794E+01, 7.306E-03, 1.311E+00
07/08/2019,11:00,9,3.491,3.991,20.605,.568,1.062, 9.981E+02, 4.391E+01, 1.069E-01, 3.469E-16, 3.331E+02, 7.560E+01, 2.624E+02, 3.129E+01, 1.520E+02, 1.754E+02, 2.901E+00, 5.456E-01, 1.892E-01, 3.761E-01, 1.000E+00, 8.278E-01, 1.000E+00, 8.515E-01, 1.000E+00, 7.535E-01, 5.311E-01, 3.502E-03, 4.231E-03, 0.000E+00, 7.476E+01, 3.613E+01, 5.000E-03, 1.677E-02, 4.594E+01, 7.251E-03, 1.269E+00
07/08/2019,12:00,9,3.491,3.991,21.349,.535,1.196, 9.980E+02, 4.545E+01, 1.217E-01, 3.469E-16, 3.239E+02, 7.711E+01, 2.625E+02, 3.167E+01, 9.057E+01, 1.443E+02, 2.812E+00, 4.732E-01, 1.825E-01, 3.685E-01, 1.000E+00, 8.284E-01, 1.000E+00, 8.896E-01, 1.000E+00, 7.535E-01, 5.553E-01, 3.671E-03, 4.432E-03, 0.000E+00, 7.822E+01, 3.746E+01, 5.000E-03, 1.758E-02, 4.430E+01, 7.150E-03, 1.262E+00
07/08/2019,13:00,9,3.491,3.991,21.430,.524,1.231, 9.979E+02, 4.937E+01, 1.217E-01, 3.469E-16, 2.947E+02, 7.918E+01, 2.582E+02, 3.193E+01, 9.057E+01, 1.443E+02, 2.369E+00, 4.732E-01, 1.537E-01, 3.475E-01, 1.000E+00, 8.245E-01, 1.000E+00, 8.934E-01, 1.000E+00, 7.535E-01, 5.551E-01, 3.671E-03, 4.452E-03, 0.000E+00, 9.285E+01, 4.446E+01, 5.000E-03, 1.757E-02, 4.430E+01, 6.340E-03, 1.273E+00
07/08/2019,14:00,9,3.491,3.991,21.510,.513,1.266, 9.979E+02, 5.505E+01, 1.217E-01, 3.469E-16, 2.495E+02, 8.001E+01, 2.493E+02, 3.150E+01, 9.057E+01, 1.443E+02, 1.945E+00, 4.733E-01, 1.262E-01, 3.126E-01, 1.000E+00, 8.118E-01, 1.000E+00, 8.971E-01, 1.000E+00, 7.535E-01, 5.488E-01, 3.630E-03, 4.471E-03, 0.000E+00, 1.131E+02, 5.417E+01, 5.000E-03, 1.738E-02, 4.468E+01, 5.468E-03, 1.225E+00
07/08/2019,15:00,9,3.491,3.991,21.590,.502,1.301, 9.979E+02, 6.184E+01, 1.594E-03, 3.469E-16, 1.919E+02, 7.673E+01, 2.328E+02, 2.941E+01,-4.165E+00, 7.892E+01, 1.553E+00, 2.938E-01, 1.000E-01, 2.636E-01, 1.000E+00, 7.803E-01, 9.999E-01, 9.008E-01, 9.993E-01, 7.535E-01, 5.293E-01, 3.502E-03, 4.487E-03, 0.000E+00, 1.752E+02, 6.835E+01, 5.000E-03, 1.677E-02, 4.594E+01, 4.434E-03, 1.152E+00
07/08/2019,16:00,9,3.491,3.991,20.788,.541,1.141, 9.979E+02, 6.920E+01, 1.594E-03, 3.469E-16, 1.272E+02, 6.693E+01, 2.040E+02, 2.485E+01,-4.165E+00, 7.892E+01, 1.858E+00, 2.934E-01, 1.060E-01, 2.019E-01, 1.000E+00, 7.128E-01, 9.998E-01, 8.614E-01, 1.000E+00, 7.535E-01, 4.627E-01, 3.053E-03, 4.282E-03, 0.000E+00, 1.653E+02, 6.446E+01, 5.000E-03, 1.462E-02, 5.098E+01, 4.538E-03, 1.125E+00
07/08/2019,17:00,9,3.491,3.991,19.986,.580,.993, 9.980E+02, 7.667E+01, 1.594E-03, 3.469E-16, 6.255E+01, 4.940E+01, 1.532E+02, 1.750E+01,-4.165E+00, 7.892E+01, 2.220E+00, 2.930E-01, 1.266E-01, 1.320E-01, 1.000E+00, 5.771E-01, 9.982E-01, 8.155E-01, 1.000E+00, 7.535E-01, 3.546E-01, 2.333E-03, 4.036E-03, 0.000E+00, 1.384E+02, 5.398E+01, 5.000E-03, 1.117E-02, 6.184E+01, 4.910E-03, 1.116E+00
07/08/2019,18:00,9,3.491,3.991,19.183,.618,.857, 9.980E+02, 8.389E+01, 0.000E+00, 3.469E-16, 1.153E+01, 2.506E+01, 6.225E+01, 8.095E+00,-3.156E+01, 1.411E+01, 2.614E+00, 2.313E-01, 1.000E-01, 6.100E-02, 1.000E+00, 3.222E-01, 9.227E-01, 7.629E-01, 1.000E+00, 7.535E-01, 1.852E-01, 1.215E-03, 3.481E-03, 0.000E+00, 2.749E+02, 6.835E+01, 5.000E-03, 5.819E-03, 9.243E+01, 3.555E-03, 1.218E+00
07/08/2019,19:00,9,3.491,3.991,18.056,.672,.686, 9.982E+02, 9.048E+01, 0.000E+00, 3.469E-16, 0.000E+00, 0.000E+00, 0.000E+00, 0.000E+00,-3.156E+01, 1.411E+01, 2.697E+00, 2.309E-01, 1.000E-01,-9.990E+02, 1.000E+00,-9.990E+02, 0.000E+00, 0.000E+00, 0.000E+00, 7.535E-01, 0.000E+00, 0.000E+00, 0.000E+00, 0.000E+00, 2.756E+02, 6.835E+01, 5.000E-03, 0.000E+00, 2.000E+02, 2.571E-03, 1.321E+00
07/08/2019,20:00,9,3.491,3.991,16.928,.725,.535, 9.984E+02, 9.611E+01, 0.000E+00, 3.469E-16, 0.000E+00, 0.000E+00, 0.000E+00, 0.000E+00,-3.156E+01, 1.411E+01, 2.781E+00, 2.304E-01, 1.007E-01,-9.990E+02, 1.000E+00,-9.990E+02, 0.000E+00, 0.000E+00, 0.000E+00, 7.535E-01, 0.000E+00, 0.000E+00, 0.000E+00, 0.000E+00, 2.743E+02, 6.788E+01, 5.000E-03, 0.000E+00, 2.000E+02, 2.580E-03, 1.473E+00
07/08/2019,21:00,9,3.491,3.991,15.800,.778,.401, 9.986E+02, 1.004E+02, 9.684E-05, 3.469E-16, 0.000E+00, 0.000E+00, 0.000E+00, 0.000E+00,-1.872E+01, 6.309E+00, 2.868E+00, 1.852E-01, 1.000E-01,-9.990E+02, 1.000E+00,-9.990E+02, 0.000E+00, 0.000E+00, 0.000E+00, 7.535E-01, 0.000E+00, 0.000E+00, 0.000E+00, 0.000E+00, 2.914E+02, 6.835E+01, 5.000E-03, 0.000E+00, 2.000E+02, 2.562E-03, 1.913E+00
07/08/2019,22:00,9,3.491,3.991,15.393,.797,.357, 9.986E+02, 1.031E+02, 9.684E-05, 3.469E-16, 0.000E+00, 0.000E+00, 0.000E+00, 0.000E+00,-1.872E+01, 6.309E+00, 2.594E+00, 1.851E-01, 1.000E-01,-9.990E+02, 1.000E+00,-9.990E+02, 0.000E+00, 0.000E+00, 0.000E+00, 7.535E-01, 0.000E+00, 0.000E+00, 0.000E+00, 0.000E+00, 2.917E+02, 6.835E+01, 5.000E-03, 0.000E+00, 2.000E+02, 2.561E-03, 2.481E+00
07/08/2019,23:00,9,3.491,3.991,14.985,.817,.315, 9.986E+02, 1.039E+02, 9.684E-05, 3.469E-16, 0.000E+00, 0.000E+00, 0.000E+00, 0.000E+00,-1.872E+01, 6.309E+00, 2.352E+00, 1.850E-01, 1.000E-01,-9.990E+02, 1.000E+00,-9.990E+02, 0.000E+00, 0.000E+00, 0.000E+00, 7.535E-01, 0.000E+00, 0.000E+00, 0.000E+00, 0.000E+00, 2.919E+02, 6.835E+01, 5.000E-03, 0.000E+00, 2.000E+02, 2.561E-03, 2.837E+00
08/08/2019,00:00,9,3.491,3.991,14.577,.836,.274, 9.986E+02, 1.028E+02, 0.000E+00, 3.469E-16, 0.000E+00, 0.000E+00, 0.000E+00, 0.000E+00,-5.904E+00,-3.085E+00, 2.150E+00, 1.058E-01, 1.000E-01,-9.990E+02, 1.000E+00,-9.990E+02, 0.000E+00, 0.000E+00, 0.000E+00, 7.535E-01, 0.000E+00, 0.000E+00, 0.000E+00, 0.000E+00, 3.764E+02, 6.835E+01, 5.000E-03, 0.000E+00, 2.000E+02, 2.511E-03, 2.944E+00
08/08/2019,01:00,9,3.491,3.991,13.856,.883,.187, 9.986E+02, 9.991E+01, 0.000E+00, 3.469E-16, 0.000E+00, 0.000E+00, 0.000E+00, 0.000E+00,-5.904E+00,-3.085E+00, 2.013E+00, 1.057E-01, 1.000E-01,-9.990E+02, 1.000E+00,-9.990E+02, 0.000E+00, 0.000E+00, 0.000E+00, 7.535E-01, 0.000E+00, 0.000E+00, 0.000E+00, 0.000E+00, 3.772E+02, 6.835E+01, 6.947E-03, 0.000E+00, 1.440E+02, 2.921E-03, 3.032E+00
08/08/2019,02:00,9,3.491,3.991,13.134,.930,.106, 9.986E+02, 9.540E+01, 0.000E+00, 3.469E-16, 0.000E+00, 0.000E+00, 0.000E+00, 0.000E+00,-5.904E+00,-3.085E+00, 1.877E+00, 1.056E-01, 1.000E-01,-9.990E+02, 1.000E+00,-9.990E+02, 0.000E+00, 0.000E+00, 0.000E+00, 7.507E-01, 0.000E+00, 0.000E+00, 0.000E+00, 0.000E+00, 3.780E+02, 6.835E+01, 1.251E-02, 0.000E+00, 7.992E+01, 3.593E-03, 3.134E+00
08/08/2019,03:00,9,3.491,3.991,12.412,.977,.033, 9.986E+02, 8.962E+01, 2.755E-04, 3.469E-16, 4.038E-12, 1.530E+00, 0.000E+00, 0.000E+00, 1.593E+01, 1.752E+01, 1.742E+00, 1.701E-01, 1.244E-01,-9.990E+02, 1.000E+00,-9.990E+02, 0.000E+00, 0.000E+00, 0.000E+00, 7.507E-01, 0.000E+00, 0.000E+00, 0.000E+00, 0.000E+00, 9.703E+01, 5.493E+01, 2.603E-02, 0.000E+00, 3.842E+01, 5.826E-03, 3.170E+00
08/08/2019,04:00,9,3.491,3.991,14.021,.923,.124, 9.985E+02, 8.293E+01, 2.755E-04, 3.469E-16, 1.620E+01, 2.769E+01, 7.486E+01, 9.095E+00, 1.593E+01, 1.752E+01, 1.648E+00, 1.705E-01, 1.177E-01, 7.055E-02, 1.000E+00, 3.574E-01, 9.540E-01, 2.679E-01, 1.000E+00, 7.507E-01, 7.186E-02, 4.633E-04, 1.237E-03, 0.000E+00, 1.027E+02, 5.807E+01, 1.323E-02, 2.218E-03, 6.473E+01, 4.863E-03, 1.223E+00
08/08/2019,05:00,9,3.491,3.991,15.629,.869,.234, 9.984E+02, 7.567E+01, 2.755E-04, 3.469E-16, 6.853E+01, 5.047E+01, 1.564E+02, 1.802E+01, 1.593E+01, 1.752E+01, 1.555E+00, 1.710E-01, 1.110E-01, 1.417E-01, 1.000E+00, 5.907E-01, 9.984E-01, 4.513E-01, 1.000E+00, 7.507E-01, 2.001E-01, 1.297E-03, 2.193E-03, 0.000E+00, 1.091E+02, 6.159E+01, 5.428E-03, 6.211E-03, 8.592E+01, 4.247E-03, 1.308E+00
08/08/2019,06:00,9,3.491,3.991,17.238,.816,.366, 9.983E+02, 6.821E+01, 3.852E-02, 3.469E-16, 1.357E+02, 6.856E+01, 2.084E+02, 2.558E+01, 1.230E+02, 1.059E+02, 1.462E+00, 3.796E-01, 1.013E-01, 2.108E-01, 1.000E+00, 7.243E-01, 9.998E-01, 6.083E-01, 1.000E+00, 7.507E-01, 3.308E-01, 2.156E-03, 2.976E-03, 0.000E+00, 1.257E+02, 6.747E+01, 5.000E-03, 1.032E-02, 6.526E+01, 4.311E-03, 1.627E+00
08/08/2019,07:00,9,3.491,3.991,18.189,.769,.486, 9.983E+02, 6.093E+01, 3.852E-02, 3.469E-16, 1.995E+02, 7.734E+01, 2.350E+02, 2.975E+01, 1.230E+02, 1.059E+02, 1.622E+00, 3.802E-01, 1.123E-01, 2.707E-01, 1.000E+00, 7.855E-01, 9.999E-01, 6.887E-01, 1.000E+00, 7.507E-01, 4.061E-01, 2.656E-03, 3.381E-03, 0.000E+00, 1.134E+02, 6.084E+01, 5.000E-03, 1.272E-02, 5.645E+01, 4.836E-03, 1.782E+00
08/08/2019,08:00,9,3.491,3.991,19.139,.723,.619, 9.982E+02, 5.429E+01, 3.852E-02, 3.469E-16, 2.551E+02, 7.990E+01, 2.501E+02, 3.156E+01, 1.230E+02, 1.059E+02, 1.794E+00, 3.808E-01, 1.242E-01, 3.176E-01, 1.000E+00, 8.136E-01, 1.000E+00, 7.598E-01, 1.000E+00, 7.507E-01, 4.641E-01, 3.045E-03, 3.743E-03, 0.000E+00, 1.027E+02, 5.505E+01, 5.000E-03, 1.458E-02, 5.107E+01, 5.344E-03, 1.953E+00
08/08/2019,09:00,9,3.491,3.991,20.090,.677,.767, 9.982E+02, 4.887E+01, 2.519E-01, 3.469E-16, 2.940E+02, 7.779E+01, 2.549E+02, 3.144E+01, 1.806E+02, 1.605E+02, 1.974E+00, 4.837E-01, 1.333E-01, 3.503E-01, 1.000E+00, 8.217E-01, 1.000E+00, 8.218E-01, 1.000E+00, 7.507E-01, 5.069E-01, 3.337E-03, 4.061E-03, 0.000E+00, 9.994E+01, 5.129E+01, 5.000E-03, 1.598E-02, 4.767E+01, 5.677E-03, 2.042E+00
08/08/2019,10:00,9,3.491,3.991,20.336,.663,.813, 9.982E+02, 4.531E+01, 2.519E-01, 3.469E-16, 3.200E+02, 7.585E+01, 2.587E+02, 3.118E+01, 1.806E+02, 1.605E+02, 2.015E+00, 4.839E-01, 1.360E-01, 3.692E-01, 1.000E+00, 8.250E-01, 1.000E+00, 8.363E-01, 1.000E+00, 7.507E-01, 5.180E-01, 3.413E-03, 4.136E-03, 0.000E+00, 9.792E+01, 5.025E+01, 5.000E-03, 1.634E-02, 4.686E+01, 5.789E-03, 1.548E+00
08/08/2019,11:00,9,3.491,3.991,20.582,.649,.860, 9.981E+02, 4.419E+01, 2.519E-01, 3.469E-16, 3.278E+02, 7.508E+01, 2.597E+02, 3.103E+01, 1.806E+02, 1.605E+02, 2.059E+00, 4.841E-01, 1.390E-01, 3.747E-01, 1.000E+00, 8.255E-01, 1.000E+00, 8.503E-01, 1.000E+00, 7.507E-01, 5.269E-01, 3.475E-03, 4.209E-03, 0.000E+00, 9.586E+01, 4.919E+01, 5.000E-03, 1.663E-02, 4.622E+01, 5.902E-03, 1.268E+00
08/08/2019,12:00,9,3.491,3.991,20.829,.635,.909, 9.981E+02, 4.574E+01, 4.024E-01, 3.469E-16, 1.304E+02, 1.516E+02, 1.425E+02, 4.909E+01, 2.725E+01, 1.569E+02, 2.105E+00, 2.665E-01, 1.411E-01, 3.670E-01, 1.000E+00, 9.149E-01, 9.972E-01, 8.636E-01, 1.000E+00, 7.507E-01, 5.931E-01, 3.914E-03, 4.266E-03, 0.000E+00, 9.559E+01, 4.845E+01, 5.000E-03, 1.874E-02, 4.212E+01, 6.100E-03, 1.054E+00
08/08/2019,13:00,9,3.491,3.991,19.972,.712,.680, 9.982E+02, 4.965E+01, 4.024E-01, 3.469E-16, 1.185E+02, 1.442E+02, 1.382E+02, 4.670E+01, 2.725E+01, 1.569E+02, 1.609E+00, 2.661E-01, 1.079E-01, 3.459E-01, 1.000E+00, 9.030E-01, 9.966E-01, 8.146E-01, 1.000E+00, 7.507E-01, 5.522E-01, 3.634E-03, 4.010E-03, 0.000E+00, 1.249E+02, 6.336E+01, 5.000E-03, 1.740E-02, 4.465E+01, 4.904E-03, 9.260E-01
08/08/2019,14:00,9,3.491,3.991,19.115,.788,.473, 9.983E+02, 5.532E+01, 4.024E-01, 3.469E-16, 1.002E+02, 1.310E+02, 1.305E+02, 4.246E+01, 2.725E+01, 1.569E+02, 1.127E+00, 2.657E-01, 1.000E-01, 3.108E-01, 1.000E+00, 8.783E-01, 9.953E-01, 7.581E-01, 1.000E+00, 7.507E-01, 4.999E-01, 3.280E-03, 3.717E-03, 0.000E+00, 1.347E+02, 6.835E+01, 5.000E-03, 1.570E-02, 4.830E+01, 4.543E-03, 8.002E-01
08/08/2019,15:00,9,3.491,3.991,18.258,.865,.286, 9.984E+02, 6.211E+01, 4.644E-01, 3.469E-16, 1.756E+02, 7.088E+01, 2.149E+02, 2.714E+01, 7.622E-01, 6.971E+01, 6.891E-01, 1.842E-01, 1.000E-01, 2.616E-01, 1.000E+00, 7.581E-01, 9.999E-01, 6.942E-01, 1.000E+00, 7.507E-01, 3.951E-01, 2.584E-03, 3.409E-03, 0.000E+00, 1.617E+02, 6.835E+01, 5.000E-03, 1.237E-02, 5.756E+01, 4.241E-03, 6.509E-01
08/08/2019,16:00,9,3.491,3.991,17.549,.901,.200, 9.986E+02, 6.946E+01, 4.644E-01, 3.469E-16, 1.157E+02, 6.157E+01, 1.877E+02, 2.283E+01, 7.622E-01, 6.971E+01, 5.059E-01, 1.840E-01, 1.000E-01, 1.996E-01, 1.000E+00, 6.870E-01, 9.996E-01, 6.356E-01, 1.000E+00, 7.507E-01, 3.278E-01, 2.139E-03, 3.113E-03, 0.000E+00, 1.617E+02, 6.835E+01, 8.593E-03, 1.024E-02, 5.309E+01, 4.323E-03, 5.355E-01
08/08/2019,17:00,9,3.491,3.991,16.840,.937,.122, 9.988E+02, 7.694E+01, 4.644E-01, 3.469E-16, 5.591E+01, 4.507E+01, 1.396E+02, 1.592E+01, 7.622E-01, 6.971E+01, 3.512E-01, 1.837E-01, 1.000E-01, 1.294E-01, 1.000E+00, 5.473E-01, 9.968E-01, 5.719E-01, 1.000E+00, 7.507E-01, 2.350E-01, 1.530E-03, 2.786E-03, 0.000E+00, 1.617E+02, 6.835E+01, 1.336E-02, 7.324E-03, 4.835E+01, 4.413E-03, 4.824E-01
08/08/2019,18:00,9,3.491,3.991,16.131,.973,.050, 9.989E+02, 8.415E+01, 2.761E-05, 3.469E-16, 9.754E+00, 2.300E+01, 5.529E+01, 7.394E+00,-1.188E+00,-3.799E+00, 2.776E-01, 1.000E-01, 1.000E-01, 5.834E-02, 1.000E+00, 2.993E-01, 8.971E-01, 5.031E-01, 1.000E+00, 7.507E-01, 1.130E-01, 7.340E-04, 2.200E-03, 0.000E+00, 2.180E+02, 6.835E+01, 2.396E-02, 3.514E-03, 3.639E+01, 4.546E-03, 5.118E-01
08/08/2019,19:00,9,3.491,3.991,15.474,.981,.033, 9.991E+02, 9.076E+01, 2.761E-05, 3.469E-16, 0.000E+00, 0.000E+00, 0.000E+00, 0.000E+00,-1.188E+00,-3.799E+00, 4.949E-01, 1.000E-01, 1.000E-01,-9.990E+02, 1.000E+00,-9.990E+02, 0.000E+00, 0.000E+00, 0.000E+00, 7.507E-01, 0.000E+00, 0.000E+00, 0.000E+00, 0.000E+00, 2.180E+02, 6.835E+01, 2.800E-02, 0.000E+00, 3.571E+01, 4.560E-03, 6.606E-01
08/08/2019,20:00,9,3.491,3.991,14.817,.990,.018, 9.993E+02, 9.639E+01, 2.761E-05, 3.469E-16, 0.000E+00, 0.000E+00, 0.000E+00, 0.000E+00,-1.188E+00,-3.799E+00, 8.808E-01, 1.000E-01, 1.000E-01,-9.990E+02, 1.000E+00,-9.990E+02, 0.000E+00, 0.000E+00, 0.000E+00, 7.507E-01, 0.000E+00, 0.000E+00, 0.000E+00, 0.000E+00, 2.180E+02, 6.835E+01, 2.838E-02, 0.000E+00, 3.523E+01, 4.570E-03, 7.271E-01
08/08/2019,21:00,9,3.491,3.991,14.160,.998,.003, 9.995E+02, 1.007E+02, 2.761E-05, 3.469E-16, 0.000E+00, 0.000E+00, 0.000E+00, 0.000E+00, 6.844E+00,-9.111E+00, 1.292E+00, 1.214E-01, 1.000E-01,-9.990E+02, 1.000E+00,-9.990E+02, 0.000E+00, 0.000E+00, 0.000E+00, 7.507E-01, 0.000E+00, 0.000E+00, 0.000E+00, 0.000E+00, 1.176E+02, 6.835E+01, 3.321E-02, 0.000E+00, 3.011E+01, 5.147E-03, 9.027E-01
08/08/2019,22:00,9,3.491,3.991,14.029,.997,.004, 9.997E+02, 1.034E+02, 2.761E-05, 3.469E-16, 0.000E+00, 0.000E+00, 0.000E+00, 0.000E+00, 6.844E+00,-9.111E+00, 9.746E-01, 1.213E-01, 1.000E-01,-9.990E+02, 1.000E+00,-9.990E+02, 0.000E+00, 0.000E+00, 0.000E+00, 7.507E-01, 0.000E+00, 0.000E+00, 0.000E+00, 0.000E+00, 1.176E+02, 6.835E+01, 3.331E-02, 0.000E+00, 3.002E+01, 5.149E-03, 9.306E-01
08/08/2019,23:00,9,3.491,3.991,13.898,.997,.005, 9.999E+02, 1.042E+02, 2.761E-05, 3.469E-16, 0.000E+00, 0.000E+00, 0.000E+00, 0.000E+00, 6.844E+00,-9.111E+00, 9.125E-01, 1.213E-01, 1.000E-01,-9.990E+02, 1.000E+00,-9.990E+02, 0.000E+00, 0.000E+00, 0.000E+00, 7.507E-01, 0.000E+00, 0.000E+00, 0.000E+00, 0.000E+00, 1.176E+02, 6.835E+01, 3.341E-02, 0.000E+00, 2.994E+01, 5.152E-03, 8.914E-01
09/08/2019,00:00,9,3.491,3.991,13.767,.996,.006, 1.000E+03, 1.031E+02, 5.733E-04, 3.469E-16, 0.000E+00, 0.000E+00, 0.000E+00, 0.000E+00, 1.008E+01,-1.291E+01, 1.148E+00, 1.711E-01, 1.000E-01,-9.990E+02, 1.000E+00,-9.990E+02, 0.000E+00, 0.000E+00, 0.000E+00, 7.507E-01, 0.000E+00, 0.000E+00, 0.000E+00, 0.000E+00, 1.293E+02, 6.835E+01, 3.351E-02, 0.000E+00, 2.985E+01, 5.012E-03, 8.686E-01
09/08/2019,01:00,9,3.491,3.991,13.603,.996,.007, 1.001E+03, 1.002E+02, 5.733E-04, 3.469E-16, 0.000E+00, 0.000E+00, 0.000E+00, 0.000E+00, 1.008E+01,-1.291E+01, 1.256E+00, 1.710E-01, 1.000E-01,-9.990E+02, 1.000E+00,-9.990E+02, 0.000E+00, 0.000E+00, 0.000E+00, 7.507E-01, 0.000E+00, 0.000E+00, 0.000E+00, 0.000E+00, 1.293E+02, 6.835E+01, 3.363E-02, 0.000E+00, 2.973E+01, 5.015E-03, 8.827E-01
09/08/2019,02:00,9,3.491,3.991,13.439,.995,.007, 1.001E+03, 9.566E+01, 5.733E-04, 3.469E-16, 0.000E+00, 0.000E+00, 0.000E+00, 0.000E+00, 1.008E+01,-1.291E+01, 1.373E+00, 1.709E-01, 1.000E-01,-9.990E+02, 1.000E+00,-9.990E+02, 0.000E+00, 0.000E+00, 0.000E+00, 7.344E-01, 0.000E+00, 0.000E+00, 0.000E+00, 0.000E+00, 1.292E+02, 6.835E+01, 3.376E-02, 0.000E+00, 2.962E+01, 5.018E-03, 8.844E-01
09/08/2019,03:00,9,3.491,3.991,13.275,.995,.008, 1.001E+03, 8.987E+01, 2.681E-02, 3.469E-16, 8.311E-36, 1.950E-01, 0.000E+00, 0.000E+00, 3.614E+01, 1.374E+01, 1.497E+00, 3.554E-01, 1.000E-01,-9.990E+02, 1.000E+00,-9.990E+02, 0.000E+00, 0.000E+00, 0.000E+00, 7.344E-01, 0.000E+00, 0.000E+00, 0.000E+00, 0.000E+00, 1.436E+02, 6.835E+01, 3.390E-02, 0.000E+00, 2.950E+01, 4.899E-03, 8.738E-01
09/08/2019,04:00,9,3.491,3.991,14.063,.955,.073, 1.002E+03, 8.316E+01, 2.681E-02, 3.469E-16, 7.770E-01, 1.423E+01, 7.585E+00, 4.322E+00, 3.614E+01, 1.374E+01, 2.146E+00, 3.559E-01, 1.387E-01, 6.821E-02, 1.000E+00, 1.700E-01, 2.680E-01, 2.730E-01, 1.000E+00, 7.344E-01, 3.410E-02, 2.198E-04, 3.465E-04, 0.000E+00, 1.036E+02, 4.928E+01, 1.879E-02, 1.052E-03, 5.039E+01, 5.672E-03, 7.464E-01
09/08/2019,05:00,9,3.491,3.991,14.852,.915,.144, 1.002E+03, 7.590E+01, 2.681E-02, 3.469E-16, 3.487E+00, 3.842E+01, 1.888E+01, 1.172E+01, 3.614E+01, 1.374E+01, 2.845E+00, 3.563E-01, 1.839E-01, 1.395E-01, 1.000E+00, 4.044E-01, 5.399E-01, 3.659E-01, 1.000E+00, 7.344E-01, 1.087E-01, 7.026E-04, 9.379E-04, 0.000E+00, 7.816E+01, 3.716E+01, 1.043E-02, 3.364E-03, 7.248E+01, 5.972E-03, 8.558E-01
09/08/2019,06:00,9,3.491,3.991,15.640,.876,.222, 1.003E+03, 6.844E+01, 4.095E-01, 3.469E-16, 1.263E+02, 6.457E+01, 1.958E+02, 2.405E+01, 5.276E+01, 1.158E+02, 3.567E+00, 4.448E-01, 2.272E-01, 2.087E-01, 1.000E+00, 7.057E-01, 9.997E-01, 4.524E-01, 1.000E+00, 7.344E-01, 2.344E-01, 1.520E-03, 2.153E-03, 0.000E+00, 6.494E+01, 3.008E+01, 5.798E-03, 7.277E-03, 7.648E+01, 6.503E-03, 9.743E-01
09/08/2019,07:00,9,3.491,3.991,16.406,.862,.259, 1.003E+03, 6.116E+01, 4.095E-01, 3.469E-16, 1.865E+02, 7.311E+01, 2.214E+02, 2.808E+01, 5.276E+01, 1.158E+02, 3.083E+00, 4.453E-01, 1.964E-01, 2.689E-01, 1.000E+00, 7.696E-01, 9.999E-01, 5.304E-01, 1.000E+00, 7.344E-01, 2.998E-01, 1.949E-03, 2.532E-03, 0.000E+00, 7.516E+01, 3.481E+01, 5.348E-03, 9.329E-03, 6.813E+01, 6.346E-03, 8.566E-01
09/08/2019,08:00,9,3.491,3.991,17.173,.849,.299, 1.004E+03, 5.454E+01, 4.095E-01, 3.469E-16, 2.392E+02, 7.572E+01, 2.360E+02, 2.985E+01, 5.276E+01, 1.158E+02, 2.600E+00, 4.458E-01, 1.656E-01, 3.159E-01, 1.000E+00, 7.996E-01, 9.999E-01, 6.024E-01, 1.000E+00, 7.344E-01, 3.538E-01, 2.306E-03, 2.883E-03, 0.000E+00, 8.916E+01, 4.128E+01, 5.000E-03, 1.104E-02, 6.235E+01, 5.937E-03, 8.380E-01
09/08/2019,09:00,9,3.491,3.991,17.939,.835,.342, 1.004E+03, 4.913E+01, 3.126E-01, 3.469E-16, 2.920E+02, 7.817E+01, 2.547E+02, 3.153E+01, 1.430E+02, 1.616E+02, 2.119E+00, 4.703E-01, 1.415E-01, 3.488E-01, 1.000E+00, 8.220E-01, 1.000E+00, 6.685E-01, 1.000E+00, 7.344E-01, 4.035E-01, 2.637E-03, 3.208E-03, 0.000E+00, 9.587E+01, 4.830E+01, 5.000E-03, 1.262E-02, 5.674E+01, 5.606E-03, 9.038E-01
09/08/2019,10:00,9,3.491,3.991,18.521,.805,.421, 1.005E+03, 4.559E+01, 3.126E-01, 3.469E-16, 3.180E+02, 7.632E+01, 2.585E+02, 3.130E+01, 1.430E+02, 1.616E+02, 2.125E+00, 4.706E-01, 1.419E-01, 3.678E-01, 1.000E+00, 8.255E-01, 1.000E+00, 7.146E-01, 1.000E+00, 7.344E-01, 4.332E-01, 2.837E-03, 3.436E-03, 0.000E+00, 9.563E+01, 4.816E+01, 5.000E-03, 1.358E-02, 5.382E+01, 5.710E-03, 9.196E-01
09/08/2019,11:00,9,3.491,3.991,19.103,.774,.505, 1.005E+03, 4.448E+01, 3.126E-01, 3.469E-16, 3.258E+02, 7.558E+01, 2.595E+02, 3.116E+01, 1.430E+02, 1.616E+02, 2.142E+00, 4.710E-01, 1.430E-01, 3.733E-01, 1.000E+00, 8.261E-01, 1.000E+00, 7.573E-01, 1.000E+00, 7.344E-01, 4.594E-01, 3.014E-03, 3.649E-03, 0.000E+00, 9.496E+01, 4.780E+01, 5.000E-03, 1.443E-02, 5.147E+01, 5.818E-03, 9.281E-01
09/08/2019,12:00,9,3.491,3.991,19.685,.744,.595, 1.005E+03, 4.603E+01, 3.903E-01, 3.469E-16, 3.193E+02, 7.771E+01, 2.617E+02, 3.180E+01, 5.814E+01, 1.830E+02, 2.167E+00, 4.115E-01, 1.404E-01, 3.656E-01, 1.000E+00, 8.284E-01, 1.000E+00, 7.965E-01, 1.000E+00, 7.344E-01, 4.846E-01, 3.186E-03, 3.845E-03, 0.000E+00, 1.020E+02, 4.868E+01, 5.000E-03, 1.525E-02, 4.938E+01, 5.758E-03, 9.076E-01
09/08/2019,13:00,9,3.491,3.991,19.616,.754,.568, 1.006E+03, 4.993E+01, 3.903E-01, 3.469E-16, 2.899E+02, 7.961E+01, 2.572E+02, 3.199E+01, 5.814E+01, 1.830E+02, 2.116E+00, 4.113E-01, 1.371E-01, 3.443E-01, 1.000E+00, 8.241E-01, 1.000E+00, 7.921E-01, 1.000E+00, 7.344E-01, 4.793E-01, 3.150E-03, 3.823E-03, 0.000E+00, 1.044E+02, 4.986E+01, 5.000E-03, 1.508E-02, 4.979E+01, 5.647E-03, 8.647E-01
09/08/2019,14:00,9,3.491,3.991,19.547,.764,.542, 1.006E+03, 5.560E+01, 3.903E-01, 3.469E-16, 2.445E+02, 8.014E+01, 2.478E+02, 3.145E+01, 5.814E+01, 1.830E+02, 2.073E+00, 4.112E-01, 1.343E-01, 3.089E-01, 1.000E+00, 8.104E-01, 1.000E+00, 7.875E-01, 1.000E+00, 7.344E-01, 4.687E-01, 3.080E-03, 3.800E-03, 0.000E+00, 1.066E+02, 5.090E+01, 5.000E-03, 1.474E-02, 5.065E+01, 5.537E-03, 8.213E-01
09/08/2019,15:00,9,3.491,3.991,19.478,.774,.517, 1.007E+03, 6.238E+01, 6.506E-02, 3.469E-16, 1.871E+02, 7.657E+01, 2.311E+02, 2.926E+01,-1.339E+00, 8.489E+01, 2.038E+00, 2.406E-01, 1.182E-01, 2.594E-01, 1.000E+00, 7.777E-01, 9.999E-01, 7.829E-01, 1.000E+00, 7.344E-01, 4.471E-01, 2.937E-03, 3.777E-03, 0.000E+00, 1.458E+02, 5.782E+01, 5.000E-03, 1.406E-02, 5.246E+01, 4.898E-03, 7.247E-01
09/08/2019,16:00,9,3.491,3.991,18.794,.829,.375, 1.007E+03, 6.973E+01, 6.506E-02, 3.469E-16, 1.223E+02, 6.621E+01, 2.009E+02, 2.449E+01,-1.339E+00, 8.489E+01, 1.538E+00, 2.403E-01, 1.000E-01, 1.972E-01, 1.000E+00, 7.068E-01, 9.997E-01, 7.351E-01, 1.000E+00, 7.344E-01, 3.815E-01, 2.500E-03, 3.537E-03, 0.000E+00, 1.724E+02, 6.835E+01, 5.000E-03, 1.197E-02, 5.892E+01, 4.197E-03, 7.132E-01
09/08/2019,17:00,9,3.491,3.991,18.110,.883,.245, 1.007E+03, 7.721E+01, 6.506E-02, 3.469E-16, 5.790E+01, 4.802E+01, 1.476E+02, 1.691E+01,-1.339E+00, 8.489E+01, 1.051E+00, 2.399E-01, 1.000E-01, 1.268E-01, 1.000E+00, 5.641E-01, 9.977E-01, 6.824E-01, 1.000E+00, 7.344E-01, 2.827E-01, 1.848E-03, 3.269E-03, 0.000E+00, 1.724E+02, 6.835E+01, 6.906E-03, 8.849E-03, 6.347E+01, 4.118E-03, 7.292E-01
09/08/2019,18:00,9,3.491,3.991,17.427,.938,.125, 1.008E+03, 8.443E+01, 8.188E-04, 3.469E-16, 8.759E+00, 2.297E+01, 5.244E+01, 7.337E+00,-7.709E+00,-4.764E+00, 6.067E-01, 1.231E-01, 1.000E-01, 5.563E-02, 1.000E+00, 2.952E-01, 8.843E-01, 6.250E-01, 1.000E+00, 7.344E-01, 1.355E-01, 8.838E-04, 2.648E-03, 0.000E+00, 3.394E+02, 6.835E+01, 1.427E-02, 4.231E-03, 5.404E+01, 4.018E-03, 8.523E-01
09/08/2019,19:00,9,3.491,3.991,16.360,.948,.098, 1.008E+03, 9.104E+01, 8.188E-04, 3.469E-16, 0.000E+00, 0.000E+00, 0.000E+00, 0.000E+00,-7.709E+00,-4.764E+00, 1.277E+00, 1.229E-01, 1.000E-01,-9.990E+02, 1.000E+00,-9.990E+02, 0.000E+00, 0.000E+00, 0.000E+00, 7.344E-01, 0.000E+00, 0.000E+00, 0.000E+00, 0.000E+00, 3.404E+02, 6.835E+01, 1.678E-02, 0.000E+00, 5.958E+01, 3.929E-03, 9.937E-01
09/08/2019,20:00,9,3.491,3.991,15.293,.957,.074, 1.008E+03, 9.668E+01, 8.188E-04, 3.469E-16, 0.000E+00, 0.000E+00, 0.000E+00, 0.000E+00,-7.709E+00,-4.764E+00, 1.959E+00, 1.226E-01, 1.000E-01,-9.990E+02, 1.000E+00,-9.990E+02, 0.000E+00, 0.000E+00, 0.000E+00, 7.344E-01, 0.000E+00, 0.000E+00, 0.000E+00, 0.000E+00, 3.414E+02, 6.835E+01, 1.977E-02, 0.000E+00, 5.059E+01, 4.072E-03, 1.050E+00
09/08/2019,21:00,9,3.491,3.991,14.226,.967,.053, 1.009E+03, 1.010E+02, 0.000E+00, 3.469E-16, 0.000E+00, 0.000E+00, 0.000E+00, 0.000E+00,-1.558E+01,-1.255E+01, 2.644E+00, 2.127E-01, 1.123E-01,-9.990E+02, 1.000E+00,-9.990E+02, 0.000E+00, 0.000E+00, 0.000E+00, 7.344E-01, 0.000E+00, 0.000E+00, 0.000E+00, 0.000E+00, 2.095E+02, 6.085E+01, 2.160E-02, 0.000E+00, 4.629E+01, 4.736E-03, 1.276E+00
09/08/2019,22:00,9,3.491,3.991,13.720,.976,.039, 1.009E+03, 1.037E+02, 0.000E+00, 3.469E-16, 0.000E+00, 0.000E+00, 0.000E+00, 0.000E+00,-1.558E+01,-1.255E+01, 2.409E+00, 2.125E-01, 1.023E-01,-9.990E+02, 1.000E+00,-9.990E+02, 0.000E+00, 0.000E+00, 0.000E+00, 7.344E-01, 0.000E+00, 0.000E+00, 0.000E+00, 0.000E+00, 2.304E+02, 6.685E+01, 2.521E-02, 0.000E+00, 3.967E+01, 4.529E-03, 1.377E+00
09/08/2019,23:00,9,3.491,3.991,13.214,.984,.025, 1.009E+03, 1.045E+02, 0.000E+00, 3.469E-16, 0.000E+00, 0.000E+00, 0.000E+00, 0.000E+00,-1.558E+01,-1.255E+01, 2.271E+00, 2.123E-01, 1.000E-01,-9.990E+02, 1.000E+00,-9.990E+02, 0.000E+00, 0.000E+00, 0.000E+00, 7.344E-01, 0.000E+00, 0.000E+00, 0.000E+00, 0.000E+00, 2.357E+02, 6.835E+01, 2.943E-02, 0.000E+00, 3.398E+01, 4.562E-03, 1.644E+00
10/08/2019,00:00,9,3.491,3.991,12.709,.992,.012, 1.009E+03, 1.034E+02, 4.471E-04, 3.469E-16, 0.000E+00, 0.000E+00, 0.000E+00, 0.000E+00, 1.370E+01,-1.132E+01, 2.248E+00, 2.151E-01, 1.501E-01,-9.990E+02, 1.000E+00,-9.990E+02, 0.000E+00, 0.000E+00, 0.000E+00, 7.344E-01, 0.000E+00, 0.000E+00, 0.000E+00, 0.000E+00, 9.041E+01, 4.553E+01, 3.437E-02, 0.000E+00, 2.909E+01, 6.956E-03, 1.862E+00
10/08/2019,01:00,9,3.491,3.991,12.649,.993,.010, 1.008E+03, 1.005E+02, 4.471E-04, 3.469E-16, 0.000E+00, 0.000E+00, 0.000E+00, 0.000E+00, 1.370E+01,-1.132E+01, 2.079E+00, 2.151E-01, 1.388E-01,-9.990E+02, 1.000E+00,-9.990E+02, 0.000E+00, 0.000E+00, 0.000E+00, 7.344E-01, 0.000E+00, 0.000E+00, 0.000E+00, 0.000E+00, 9.777E+01, 4.923E+01, 3.442E-02, 0.000E+00, 2.905E+01, 6.534E-03, 1.587E+00
10/08/2019,02:00,9,3.491,3.991,12.589,.994,.009, 1.008E+03, 9.592E+01, 4.471E-04, 3.469E-16, 0.000E+00, 0.000E+00, 0.000E+00, 0.000E+00, 1.370E+01,-1.132E+01, 1.934E+00, 2.151E-01, 1.291E-01,-9.990E+02, 1.000E+00,-9.990E+02, 0.000E+00, 0.000E+00, 0.000E+00, 7.369E-01, 0.000E+00, 0.000E+00, 0.000E+00, 0.000E+00, 1.051E+02, 5.294E+01, 3.448E-02, 0.000E+00, 2.901E+01, 6.160E-03, 1.379E+00
10/08/2019,03:00,9,3.491,3.991,12.529,.995,.007, 1.008E+03, 9.011E+01, 4.443E-04, 3.469E-16, 0.000E+00, 0.000E+00, 0.000E+00, 0.000E+00, 3.467E+01, 1.084E+01, 1.817E+00, 3.196E-01, 1.194E-01,-9.990E+02, 1.000E+00,-9.990E+02, 0.000E+00, 0.000E+00, 0.000E+00, 7.369E-01, 0.000E+00, 0.000E+00, 0.000E+00, 0.000E+00, 1.171E+02, 5.726E+01, 3.453E-02, 0.000E+00, 2.896E+01, 5.737E-03, 1.399E+00
10/08/2019,04:00,9,3.491,3.991,13.108,.970,.045, 1.008E+03, 8.340E+01, 4.443E-04, 3.469E-16, 4.466E+00, 2.204E+01, 2.628E+01, 6.850E+00, 3.467E+01, 1.084E+01, 2.257E+00, 3.199E-01, 1.482E-01, 6.585E-02, 1.000E+00, 2.729E-01, 6.607E-01, 1.521E-01, 1.000E+00, 7.369E-01, 3.057E-02, 1.965E-04, 4.757E-04, 0.000E+00, 9.430E+01, 4.611E+01, 2.557E-02, 9.407E-04, 3.771E+01, 6.462E-03, 1.517E+00
10/08/2019,05:00,9,3.491,3.991,13.688,.946,.085, 1.008E+03, 7.613E+01, 4.443E-04, 3.469E-16, 2.143E+01, 5.504E+01, 6.218E+01, 1.747E+01, 3.467E+01, 1.084E+01, 2.702E+00, 3.203E-01, 1.774E-01, 1.372E-01, 1.000E+00, 5.688E-01, 9.225E-01, 2.266E-01, 1.000E+00, 7.369E-01, 9.495E-02, 6.114E-04, 9.917E-04, 0.000E+00, 7.881E+01, 3.853E+01, 1.643E-02, 2.927E-03, 5.165E+01, 6.691E-03, 1.629E+00
10/08/2019,06:00,9,3.491,3.991,14.267,.922,.128, 1.008E+03, 6.867E+01, 6.215E-03, 3.469E-16, 3.960E+01, 8.697E+01, 8.208E+01, 2.765E+01, 8.654E+01, 1.210E+02, 3.150E+00, 5.866E-01, 1.977E-01, 2.067E-01, 1.000E+00, 7.385E-01, 9.658E-01, 2.976E-01, 1.000E+00, 7.369E-01, 1.620E-01, 1.045E-03, 1.367E-03, 0.000E+00, 7.664E+01, 3.457E+01, 1.219E-02, 5.003E-03, 5.817E+01, 6.782E-03, 1.858E+00
10/08/2019,07:00,9,3.491,3.991,16.148,.824,.326, 1.007E+03, 6.140E+01, 6.215E-03, 3.469E-16, 5.885E+01, 1.141E+02, 9.777E+01, 3.630E+01, 8.654E+01, 1.210E+02, 3.569E+00, 5.886E-01, 2.239E-01, 2.671E-01, 1.000E+00, 8.306E-01, 9.821E-01, 5.048E-01, 1.000E+00, 7.369E-01, 3.089E-01, 2.006E-03, 2.372E-03, 0.000E+00, 6.773E+01, 3.053E+01, 5.000E-03, 9.606E-03, 6.847E+01, 6.788E-03, 1.825E+00
10/08/2019,08:00,9,3.491,3.991,18.029,.726,.572, 1.007E+03, 5.479E+01, 6.215E-03, 3.469E-16, 7.567E+01, 1.346E+02, 1.084E+02, 4.279E+01, 8.654E+01, 1.210E+02, 4.132E+00, 5.906E-01, 2.592E-01, 3.143E-01, 1.000E+00, 8.784E-01, 9.884E-01, 6.758E-01, 1.000E+00, 7.369E-01, 4.374E-01, 2.859E-03, 3.218E-03, 0.000E+00, 5.855E+01, 2.637E+01, 5.000E-03, 1.369E-02, 5.351E+01, 8.222E-03, 1.773E+00
10/08/2019,09:00,9,3.491,3.991,19.910,.628,.874, 1.007E+03, 4.940E+01, 4.943E-02, 3.469E-16, 3.548E+00, 8.994E+01, 2.992E+01, 2.719E+01, 6.205E+01, 1.263E+02, 4.790E+00, 6.954E-01, 2.929E-01, 3.473E-01, 1.000E+00, 6.853E-01, 7.079E-01, 8.108E-01, 1.000E+00, 7.369E-01, 4.094E-01, 2.693E-03, 2.782E-03, 0.000E+00, 5.435E+01, 2.334E+01, 5.000E-03, 1.290E-02, 5.588E+01, 8.575E-03, 1.780E+00
10/08/2019,10:00,9,3.491,3.991,19.883,.624,.883, 1.006E+03, 4.587E+01, 4.943E-02, 3.469E-16, 3.867E+00, 9.578E+01, 3.174E+01, 2.896E+01, 6.205E+01, 1.263E+02, 4.812E+00, 6.955E-01, 2.942E-01, 3.663E-01, 1.000E+00, 7.081E-01, 7.289E-01, 8.091E-01, 1.000E+00, 7.369E-01, 4.222E-01, 2.777E-03, 2.859E-03, 0.000E+00, 5.410E+01, 2.323E+01, 5.000E-03, 1.330E-02, 5.466E+01, 8.687E-03, 1.486E+00
10/08/2019,11:00,9,3.491,3.991,19.855,.619,.892, 1.006E+03, 4.478E+01, 4.943E-02, 3.469E-16, 3.962E+00, 9.748E+01, 3.226E+01, 2.947E+01, 6.205E+01, 1.263E+02, 4.854E+00, 6.956E-01, 2.968E-01, 3.719E-01, 1.000E+00, 7.145E-01, 7.347E-01, 8.073E-01, 1.000E+00, 7.369E-01, 4.250E-01, 2.796E-03, 2.875E-03, 0.000E+00, 5.364E+01, 2.303E+01, 5.000E-03, 1.339E-02, 5.439E+01, 8.746E-03, 1.329E+00
10/08/2019,12:00,9,3.491,3.991,19.827,.615,.900, 1.006E+03, 4.632E+01, 2.290E-01, 3.469E-16, 8.922E+01, 1.553E+02, 1.137E+02, 4.913E+01,-1.391E+01, 7.346E+01, 4.915E+00, 4.978E-01, 2.840E-01, 3.640E-01, 1.000E+00, 9.123E-01, 9.907E-01, 8.056E-01, 1.000E+00, 7.369E-01, 5.416E-01, 3.562E-03, 3.868E-03, 0.000E+00, 6.093E+01, 2.407E+01, 5.000E-03, 1.705E-02, 4.534E+01, 9.216E-03, 1.187E+00
10/08/2019,13:00,9,3.491,3.991,19.031,.694,.681, 1.005E+03, 5.022E+01, 2.290E-01, 3.469E-16, 8.095E+01, 1.464E+02, 1.096E+02, 4.637E+01,-1.391E+01, 7.346E+01, 4.376E+00, 4.972E-01, 2.529E-01, 3.426E-01, 1.000E+00, 8.986E-01, 9.890E-01, 7.522E-01, 1.000E+00, 7.369E-01, 4.980E-01, 3.267E-03, 3.595E-03, 0.000E+00, 6.844E+01, 2.703E+01, 5.000E-03, 1.564E-02, 4.845E+01, 8.375E-03, 1.140E+00
10/08/2019,14:00,9,3.491,3.991,18.234,.773,.480, 1.005E+03, 5.588E+01, 2.290E-01, 3.469E-16, 6.817E+01, 1.313E+02, 1.024E+02, 4.162E+01,-1.391E+01, 7.346E+01, 4.001E+00, 4.966E-01, 2.312E-01, 3.070E-01, 1.000E+00, 8.703E-01, 9.852E-01, 6.923E-01, 1.000E+00, 7.369E-01, 4.440E-01, 2.904E-03, 3.287E-03, 0.000E+00, 7.487E+01, 2.957E+01, 5.000E-03, 1.390E-02, 5.290E+01, 7.663E-03, 1.156E+00
10/08/2019,15:00,9,3.491,3.991,17.437,.852,.298, 1.005E+03, 6.265E+01, 1.264E-01, 3.469E-16, 1.839E+02, 7.589E+01, 2.292E+02, 2.897E+01,-2.448E+01, 5.609E+01, 3.838E+00, 5.965E-01, 2.217E-01, 2.573E-01, 1.000E+00, 7.744E-01, 9.999E-01, 6.259E-01, 1.000E+00, 7.369E-01, 3.571E-01, 2.330E-03, 3.008E-03, 0.000E+00, 7.812E+01, 3.084E+01, 5.000E-03, 1.115E-02, 6.190E+01, 7.000E-03, 1.218E+00
10/08/2019,16:00,9,3.491,3.991,17.011,.870,.254, 1.004E+03, 7.000E+01, 1.264E-01, 3.469E-16, 1.194E+02, 6.533E+01, 1.987E+02, 2.414E+01,-2.448E+01, 5.609E+01, 4.088E+00, 5.962E-01, 2.361E-01, 1.947E-01, 1.000E+00, 7.016E-01, 9.997E-01, 5.877E-01, 1.000E+00, 7.369E-01, 3.038E-01, 1.979E-03, 2.820E-03, 0.000E+00, 7.335E+01, 2.895E+01, 6.101E-03, 9.475E-03, 6.420E+01, 7.133E-03, 1.111E+00
10/08/2019,17:00,9,3.491,3.991,16.584,.888,.212, 1.004E+03, 7.748E+01, 1.264E-01, 3.469E-16, 5.557E+01, 4.695E+01, 1.447E+02, 1.650E+01,-2.448E+01, 5.609E+01, 4.363E+00, 5.959E-01, 2.519E-01, 1.242E-01, 1.000E+00, 5.553E-01, 9.974E-01, 5.477E-01, 1.000E+00, 7.369E-01, 2.241E-01, 1.458E-03, 2.618E-03, 0.000E+00, 6.874E+01, 2.713E+01, 7.093E-03, 6.979E-03, 7.107E+01, 7.028E-03, 9.724E-01
10/08/2019,18:00,9,3.491,3.991,16.158,.907,.173, 1.003E+03, 8.470E+01, 1.569E+00, 3.469E-16, 2.997E-01, 9.244E+00, 4.423E+00, 2.800E+00,-4.044E+01, 3.199E+01, 4.657E+00, 5.590E-01, 2.616E-01, 5.287E-02, 1.000E+00, 1.118E-01, 1.663E-01, 5.058E-01, 1.000E+00, 7.369E-01, 4.167E-02, 2.707E-04, 4.027E-04, 0.000E+00, 6.804E+01, 2.613E+01, 9.514E-03, 1.296E-03, 9.251E+01, 6.201E-03, 8.430E-01
10/08/2019,19:00,9,3.491,3.991,15.733,.936,.114, 1.002E+03, 9.132E+01, 1.569E+00, 3.469E-16, 0.000E+00, 0.000E+00, 0.000E+00, 0.000E+00,-4.044E+01, 3.199E+01, 4.559E+00, 5.588E-01, 2.561E-01,-9.990E+02, 1.000E+00,-9.990E+02, 0.000E+00, 0.000E+00, 0.000E+00, 7.369E-01, 0.000E+00, 0.000E+00, 0.000E+00, 0.000E+00, 6.951E+01, 2.669E+01, 1.590E-02, 0.000E+00, 6.290E+01, 7.511E-03, 5.259E-01
10/08/2019,20:00,9,3.491,3.991,15.308,.966,.059, 1.002E+03, 9.697E+01, 1.569E+00, 3.469E-16, 0.000E+00, 0.000E+00, 0.000E+00, 0.000E+00,-4.044E+01, 3.199E+01, 4.517E+00, 5.586E-01, 2.537E-01,-9.990E+02, 1.000E+00,-9.990E+02, 0.000E+00, 0.000E+00, 0.000E+00, 7.369E-01, 0.000E+00, 0.000E+00, 0.000E+00, 0.000E+00, 7.017E+01, 2.694E+01, 2.461E-02, 0.000E+00, 4.063E+01, 8.967E-03, 4.414E-01
10/08/2019,21:00,9,3.491,3.991,14.883,.996,.006, 1.001E+03, 1.013E+02, 4.899E-01, 3.469E-16, 0.000E+00, 0.000E+00, 0.000E+00, 0.000E+00,-2.375E+01, 2.315E+01, 4.533E+00, 5.203E-01, 2.584E-01,-9.990E+02, 1.000E+00,-9.990E+02, 0.000E+00, 0.000E+00, 0.000E+00, 7.369E-01, 0.000E+00, 0.000E+00, 0.000E+00, 0.000E+00, 6.787E+01, 2.645E+01, 3.811E-02, 0.000E+00, 2.624E+01, 1.044E-02, 4.183E-01
10/08/2019,22:00,9,3.491,3.991,15.164,.997,.005, 1.001E+03, 1.040E+02, 4.899E-01, 3.469E-16, 0.000E+00, 0.000E+00, 0.000E+00, 0.000E+00,-2.375E+01, 2.315E+01, 3.833E+00, 5.207E-01, 2.186E-01,-9.990E+02, 1.000E+00,-9.990E+02, 0.000E+00, 0.000E+00, 0.000E+00, 7.369E-01, 0.000E+00, 0.000E+00, 0.000E+00, 0.000E+00, 8.024E+01, 3.127E+01, 3.509E-02, 0.000E+00, 2.849E+01, 9.036E-03, 4.916E-01
10/08/2019,23:00,9,3.491,3.991,15.446,.998,.003, 1.000E+03, 1.048E+02, 4.899E-01, 3.469E-16, 0.000E+00, 0.000E+00, 0.000E+00, 0.000E+00,-2.375E+01, 2.315E+01, 3.375E+00, 5.211E-01, 1.924E-01,-9.990E+02, 1.000E+00,-9.990E+02, 0.000E+00, 0.000E+00, 0.000E+00, 7.369E-01, 0.000E+00, 0.000E+00, 0.000E+00, 0.000E+00, 9.114E+01, 3.552E+01, 3.232E-02, 0.000E+00, 3.094E+01, 8.046E-03, 5.675E-01
11/08/2019,00:00,9,3.491,3.991,15.727,.999,.001, 9.995E+02, 1.037E+02, 3.140E-01, 3.469E-16, 0.000E+00, 0.000E+00, 0.000E+00, 0.000E+00,-1.127E+01, 9.164E+00, 3.259E+00, 3.769E-01, 1.840E-01,-9.990E+02, 1.000E+00,-9.990E+02, 0.000E+00, 0.000E+00, 0.000E+00, 7.369E-01, 0.000E+00, 0.000E+00, 0.000E+00, 0.000E+00, 9.630E+01, 3.716E+01, 3.214E-02, 0.000E+00, 3.111E+01, 7.761E-03, 5.866E-01
11/08/2019,01:00,9,3.491,3.991,15.718,.997,.006, 9.996E+02, 1.007E+02, 3.140E-01, 3.469E-16, 0.000E+00, 0.000E+00, 0.000E+00, 0.000E+00,-1.127E+01, 9.164E+00, 3.129E+00, 3.769E-01, 1.766E-01,-9.990E+02, 1.000E+00,-9.990E+02, 0.000E+00, 0.000E+00, 0.000E+00, 7.369E-01, 0.000E+00, 0.000E+00, 0.000E+00, 0.000E+00, 1.003E+02, 3.870E+01, 3.215E-02, 0.000E+00, 3.111E+01, 7.525E-03, 6.331E-01
11/08/2019,02:00,9,3.491,3.991,15.708,.995,.010, 9.996E+02, 9.618E+01, 3.140E-01, 3.469E-16, 0.000E+00, 0.000E+00, 0.000E+00, 0.000E+00,-1.127E+01, 9.164E+00, 3.017E+00, 3.769E-01, 1.703E-01,-9.990E+02, 1.000E+00,-9.990E+02, 0.000E+00, 0.000E+00, 0.000E+00, 7.374E-01, 0.000E+00, 0.000E+00, 0.000E+00, 0.000E+00, 1.040E+02, 4.014E+01, 3.215E-02, 0.000E+00, 3.110E+01, 7.316E-03, 6.595E-01
11/08/2019,03:00,9,3.491,3.991,15.698,.992,.014, 9.997E+02, 9.036E+01, 7.733E-02, 3.469E-16, 0.000E+00, 0.000E+00, 0.000E+00, 0.000E+00,-1.246E+01, 4.580E+01, 2.924E+00, 4.525E-01, 1.680E-01,-9.990E+02, 1.000E+00,-9.990E+02, 0.000E+00, 0.000E+00, 0.000E+00, 7.374E-01, 0.000E+00, 0.000E+00, 0.000E+00, 0.000E+00, 1.035E+02, 4.068E+01, 3.216E-02, 0.000E+00, 3.110E+01, 7.251E-03, 7.069E-01
11/08/2019,04:00,9,3.491,3.991,16.002,.977,.042, 9.997E+02, 8.364E+01, 7.733E-02, 3.469E-16, 1.215E+01, 2.473E+01, 6.288E+01, 8.022E+00,-1.246E+01, 4.580E+01, 3.229E+00, 4.528E-01, 1.856E-01, 6.346E-02, 1.000E+00, 3.219E-01, 9.247E-01, 4.900E-01, 1.000E+00, 7.374E-01, 1.163E-01, 7.549E-04, 2.169E-03, 0.000E+00, 9.375E+01, 3.683E+01, 2.402E-02, 3.614E-03, 3.618E+01, 7.524E-03, 7.858E-01
11/08/2019,05:00,9,3.491,3.991,16.306,.962,.071, 9.997E+02, 7.637E+01, 7.733E-02, 3.469E-16, 6.195E+01, 4.792E+01, 1.484E+02, 1.701E+01,-1.246E+01, 4.580E+01, 3.594E+00, 4.530E-01, 2.066E-01, 1.349E-01, 1.000E+00, 5.700E-01, 9.978E-01, 5.206E-01, 1.000E+00, 7.374E-01, 2.188E-01, 1.422E-03, 2.489E-03, 0.000E+00, 8.420E+01, 3.308E+01, 2.071E-02, 6.806E-03, 3.635E+01, 8.116E-03, 8.862E-01
11/08/2019,06:00,9,3.491,3.991,16.611,.947,.101, 9.997E+02, 6.890E+01, 1.420E-01, 3.469E-16, 1.016E+02, 7.147E+01, 1.664E+02, 2.526E+01, 4.315E+01, 1.530E+02, 4.004E+00, 6.359E-01, 2.443E-01, 2.046E-01, 1.000E+00, 7.183E-01, 9.989E-01, 5.502E-01, 1.000E+00, 7.374E-01, 2.914E-01, 1.896E-03, 2.636E-03, 0.000E+00, 6.540E+01, 2.798E+01, 1.547E-02, 9.076E-03, 4.074E+01, 8.804E-03, 1.068E+00
11/08/2019,07:00,9,3.491,3.991,17.367,.909,.182, 9.998E+02, 6.164E+01, 1.420E-01, 3.469E-16, 1.515E+02, 8.579E+01, 1.903E+02, 3.080E+01, 4.315E+01, 1.530E+02, 3.921E+00, 6.367E-01, 2.392E-01, 2.652E-01, 1.000E+00, 7.929E-01, 9.996E-01, 6.198E-01, 1.000E+00, 7.374E-01, 3.624E-01, 2.363E-03, 2.979E-03, 0.000E+00, 6.681E+01, 2.858E+01, 8.620E-03, 1.131E-02, 5.017E+01, 8.028E-03, 1.307E+00
11/08/2019,08:00,9,3.491,3.991,18.124,.871,.270, 1.000E+03, 5.504E+01, 1.420E-01, 3.469E-16, 1.952E+02, 9.377E+01, 2.044E+02, 3.404E+01, 4.315E+01, 1.530E+02, 3.843E+00, 6.375E-01, 2.345E-01, 3.126E-01, 1.000E+00, 8.304E-01, 9.998E-01, 6.835E-01, 1.000E+00, 7.374E-01, 4.185E-01, 2.737E-03, 3.295E-03, 0.000E+00, 6.817E+01, 2.915E+01, 5.544E-03, 1.310E-02, 5.363E+01, 7.720E-03, 1.395E+00
11/08/2019,09:00,9,3.491,3.991,18.880,.833,.367, 1.000E+03, 4.967E+01, 1.011E+00, 3.469E-16, 2.533E+02, 8.021E+01, 2.268E+02, 3.114E+01, 1.954E+01, 1.635E+02, 3.773E+00, 6.193E-01, 2.274E-01, 3.458E-01, 1.000E+00, 8.182E-01, 9.999E-01, 7.414E-01, 1.000E+00, 7.374E-01, 4.473E-01, 2.932E-03, 3.584E-03, 0.000E+00, 7.197E+01, 3.006E+01, 5.000E-03, 1.404E-02, 5.252E+01, 7.632E-03, 1.433E+00
11/08/2019,10:00,9,3.491,3.991,18.426,.869,.281, 1.000E+03, 4.616E+01, 1.011E+00, 3.469E-16, 2.761E+02, 7.947E+01, 2.305E+02, 3.120E+01, 1.954E+01, 1.635E+02, 3.899E+00, 6.188E-01, 2.350E-01, 3.649E-01, 1.000E+00, 8.240E-01, 9.999E-01, 7.073E-01, 1.000E+00, 7.374E-01, 4.298E-01, 2.813E-03, 3.414E-03, 0.000E+00, 6.964E+01, 2.909E+01, 5.000E-03, 1.347E-02, 5.415E+01, 7.686E-03, 1.171E+00
11/08/2019,11:00,9,3.491,3.991,17.972,.904,.199, 1.000E+03, 4.508E+01, 1.011E+00, 3.469E-16, 2.829E+02, 7.908E+01, 2.315E+02, 3.116E+01, 1.954E+01, 1.635E+02, 4.052E+00, 6.183E-01, 2.442E-01, 3.704E-01, 1.000E+00, 8.252E-01, 9.999E-01, 6.712E-01, 1.000E+00, 7.374E-01, 4.084E-01, 2.669E-03, 3.234E-03, 0.000E+00, 6.701E+01, 2.799E+01, 8.531E-03, 1.278E-02, 4.693E+01, 8.332E-03, 9.619E-01
11/08/2019,12:00,9,3.491,3.991,17.518,.940,.122, 1.000E+03, 4.663E+01, 9.036E-01, 3.469E-16, 1.277E+02, 1.500E+02, 1.415E+02, 4.857E+01, 1.149E+01, 1.861E+02, 4.228E+00, 6.274E-01, 2.533E-01, 3.625E-01, 1.000E+00, 9.125E-01, 9.970E-01, 6.329E-01, 1.000E+00, 7.374E-01, 4.258E-01, 2.779E-03, 3.036E-03, 0.000E+00, 6.535E+01, 2.699E+01, 1.320E-02, 1.330E-02, 3.773E+01, 9.235E-03, 8.940E-01
11/08/2019,13:00,9,3.491,3.991,17.704,.937,.129, 1.000E+03, 5.052E+01, 9.036E-01, 3.469E-16, 1.157E+02, 1.423E+02, 1.371E+02, 4.611E+01, 1.149E+01, 1.861E+02, 4.473E+00, 6.276E-01, 2.680E-01, 3.409E-01, 1.000E+00, 8.998E-01, 9.964E-01, 6.488E-01, 1.000E+00, 7.374E-01, 4.305E-01, 2.811E-03, 3.113E-03, 0.000E+00, 6.178E+01, 2.551E+01, 1.316E-02, 1.346E-02, 3.757E+01, 9.591E-03, 8.305E-01
11/08/2019,14:00,9,3.491,3.991,17.890,.934,.137, 9.999E+02, 5.616E+01, 9.036E-01, 3.469E-16, 9.730E+01, 1.288E+02, 1.291E+02, 4.174E+01, 1.149E+01, 1.861E+02, 4.719E+00, 6.278E-01, 2.827E-01, 3.051E-01, 1.000E+00, 8.736E-01, 9.951E-01, 6.644E-01, 1.000E+00, 7.374E-01, 4.280E-01, 2.796E-03, 3.185E-03, 0.000E+00, 5.856E+01, 2.418E+01, 1.311E-02, 1.339E-02, 3.773E+01, 9.906E-03, 7.415E-01
11/08/2019,15:00,9,3.491,3.991,18.076,.931,.145, 9.998E+02, 6.293E+01, 1.486E-01, 3.469E-16, 1.812E+02, 7.528E+01, 2.278E+02, 2.872E+01,-4.289E+01, 1.091E+02, 4.965E+00, 7.219E-01, 2.868E-01, 2.550E-01, 1.000E+00, 7.714E-01, 9.999E-01, 6.796E-01, 1.000E+00, 7.374E-01, 3.866E-01, 2.527E-03, 3.276E-03, 0.000E+00, 6.037E+01, 2.383E+01, 1.307E-02, 1.210E-02, 3.972E+01, 9.777E-03, 6.283E-01
11/08/2019,16:00,9,3.491,3.991,17.600,.929,.145, 1.000E+03, 7.028E+01, 1.486E-01, 3.469E-16, 1.168E+02, 6.451E+01, 1.969E+02, 2.382E+01,-4.289E+01, 1.091E+02, 4.968E+00, 7.212E-01, 2.869E-01, 1.922E-01, 1.000E+00, 6.967E-01, 9.997E-01, 6.400E-01, 1.000E+00, 7.374E-01, 3.288E-01, 2.146E-03, 3.079E-03, 0.000E+00, 6.034E+01, 2.382E+01, 1.142E-02, 1.027E-02, 4.609E+01, 9.207E-03, 6.034E-01
11/08/2019,17:00,9,3.491,3.991,17.125,.927,.144, 1.000E+03, 7.776E+01, 1.486E-01, 3.469E-16, 5.330E+01, 4.593E+01, 1.418E+02, 1.610E+01,-4.289E+01, 1.091E+02, 4.971E+00, 7.206E-01, 2.871E-01, 1.214E-01, 1.000E+00, 5.466E-01, 9.971E-01, 5.981E-01, 1.000E+00, 7.374E-01, 2.411E-01, 1.571E-03, 2.866E-03, 0.000E+00, 6.031E+01, 2.381E+01, 1.152E-02, 7.521E-03, 5.252E+01, 8.695E-03, 5.698E-01
11/08/2019,18:00,9,3.491,3.991,16.649,.925,.144, 1.000E+03, 8.499E+01, 1.109E-03, 3.469E-16, 3.596E+00, 1.785E+01, 2.613E+01, 5.551E+00,-6.114E+01, 3.274E+01, 4.974E+00, 6.919E-01, 2.825E-01, 5.006E-02, 1.000E+00, 2.269E-01, 6.585E-01, 5.539E-01, 1.000E+00, 7.374E-01, 9.266E-02, 6.028E-04, 1.750E-03, 0.000E+00, 6.232E+01, 2.419E+01, 1.162E-02, 2.886E-03, 6.894E+01, 7.545E-03, 5.259E-01
11/08/2019,19:00,9,3.491,3.991,16.373,.917,.155, 1.001E+03, 9.161E+01, 1.109E-03, 3.469E-16, 0.000E+00, 0.000E+00, 0.000E+00, 0.000E+00,-6.114E+01, 3.274E+01, 5.036E+00, 6.914E-01, 2.860E-01,-9.990E+02, 1.000E+00,-9.990E+02, 0.000E+00, 0.000E+00, 0.000E+00, 7.374E-01, 0.000E+00, 0.000E+00, 0.000E+00, 0.000E+00, 6.156E+01, 2.390E+01, 1.012E-02, 0.000E+00, 9.878E+01, 6.188E-03, 5.723E-01
11/08/2019,20:00,9,3.491,3.991,16.096,.910,.166, 1.001E+03, 9.727E+01, 1.109E-03, 3.469E-16, 0.000E+00, 0.000E+00, 0.000E+00, 0.000E+00,-6.114E+01, 3.274E+01, 5.098E+00, 6.910E-01, 2.895E-01,-9.990E+02, 1.000E+00,-9.990E+02, 0.000E+00, 0.000E+00, 0.000E+00, 7.374E-01, 0.000E+00, 0.000E+00, 0.000E+00, 0.000E+00, 6.082E+01, 2.361E+01, 1.018E-02, 0.000E+00, 9.826E+01, 6.237E-03, 7.421E-01
11/08/2019,21:00,9,3.491,3.991,15.819,.903,.176, 1.002E+03, 1.016E+02, 1.137E-03, 3.469E-16, 0.000E+00, 0.000E+00, 0.000E+00, 0.000E+00,-4.281E+01, 2.861E+01, 5.160E+00, 7.013E-01, 2.973E-01,-9.990E+02, 1.000E+00,-9.990E+02, 0.000E+00, 0.000E+00, 0.000E+00, 7.374E-01, 0.000E+00, 0.000E+00, 0.000E+00, 0.000E+00, 5.836E+01, 2.299E+01, 8.869E-03, 0.000E+00, 1.127E+02, 5.777E-03, 9.404E-01
11/08/2019,22:00,9,3.491,3.991,15.898,.884,.212, 1.002E+03, 1.043E+02, 1.137E-03, 3.469E-16, 0.000E+00, 0.000E+00, 0.000E+00, 0.000E+00,-4.281E+01, 2.861E+01, 5.031E+00, 7.013E-01, 2.899E-01,-9.990E+02, 1.000E+00,-9.990E+02, 0.000E+00, 0.000E+00, 0.000E+00, 7.374E-01, 0.000E+00, 0.000E+00, 0.000E+00, 0.000E+00, 5.986E+01, 2.358E+01, 6.655E-03, 0.000E+00, 1.503E+02, 4.713E-03, 1.101E+00
11/08/2019,23:00,9,3.491,3.991,15.977,.864,.248, 1.002E+03, 1.051E+02, 1.137E-03, 3.469E-16, 0.000E+00, 0.000E+00, 0.000E+00, 0.000E+00,-4.281E+01, 2.861E+01, 4.903E+00, 7.014E-01, 2.826E-01,-9.990E+02, 1.000E+00,-9.990E+02, 0.000E+00, 0.000E+00, 0.000E+00, 7.374E-01, 0.000E+00, 0.000E+00, 0.000E+00, 0.000E+00, 6.142E+01, 2.419E+01, 5.000E-03, 0.000E+00, 2.000E+02, 3.795E-03, 1.258E+00
12/08/2019,00:00,9,3.491,3.991,16.055,.845,.285, 1.002E+03, 1.040E+02, 7.571E-05, 3.469E-16, 0.000E+00, 0.000E+00, 0.000E+00, 0.000E+00,-5.248E+01, 2.029E+01, 4.776E+00, 5.990E-01, 2.675E-01,-9.990E+02, 1.000E+00,-9.990E+02, 0.000E+00, 0.000E+00, 0.000E+00, 7.374E-01, 0.000E+00, 0.000E+00, 0.000E+00, 0.000E+00, 6.674E+01, 2.555E+01, 5.000E-03, 0.000E+00, 2.000E+02, 3.742E-03, 1.378E+00
12/08/2019,01:00,9,3.491,3.991,15.301,.868,.230, 1.002E+03, 1.010E+02, 7.571E-05, 3.469E-16, 0.000E+00, 0.000E+00, 0.000E+00, 0.000E+00,-5.248E+01, 2.029E+01, 4.610E+00, 5.982E-01, 2.581E-01,-9.990E+02, 1.000E+00,-9.990E+02, 0.000E+00, 0.000E+00, 0.000E+00, 7.374E-01, 0.000E+00, 0.000E+00, 0.000E+00, 0.000E+00, 6.918E+01, 2.648E+01, 5.060E-03, 0.000E+00, 1.976E+02, 3.741E-03, 1.439E+00
12/08/2019,02:00,9,3.491,3.991,14.547,.892,.180, 1.002E+03, 9.645E+01, 7.571E-05, 3.469E-16, 0.000E+00, 0.000E+00, 0.000E+00, 0.000E+00,-5.248E+01, 2.029E+01, 4.448E+00, 5.974E-01, 2.490E-01,-9.990E+02, 1.000E+00,-9.990E+02, 0.000E+00, 0.000E+00, 0.000E+00, 7.440E-01, 0.000E+00, 0.000E+00, 0.000E+00, 0.000E+00, 7.173E+01, 2.745E+01, 7.892E-03, 0.000E+00, 1.267E+02, 5.026E-03, 1.405E+00
12/08/2019,03:00,9,3.491,3.991,13.792,.916,.134, 1.002E+03, 9.062E+01, 9.329E-04, 3.469E-16, 0.000E+00, 0.000E+00, 0.000E+00, 0.000E+00,-1.034E+01, 3.244E+01, 4.292E+00, 6.137E-01, 2.521E-01,-9.990E+02, 1.000E+00,-9.990E+02, 0.000E+00, 0.000E+00, 0.000E+00, 7.440E-01, 0.000E+00, 0.000E+00, 0.000E+00, 0.000E+00, 6.752E+01, 2.711E+01, 1.068E-02, 0.000E+00, 9.364E+01, 6.072E-03, 1.325E+00
12/08/2019,04:00,9,3.491,3.991,14.589,.879,.203, 1.002E+03, 8.388E+01, 9.329E-04, 3.469E-16, 2.558E+00, 1.822E+01, 1.761E+01, 5.611E+00,-1.034E+01, 3.244E+01, 5.093E+00, 6.145E-01, 2.992E-01, 6.104E-02, 1.000E+00, 2.250E-01, 5.154E-01, 3.356E-01, 1.000E+00, 7.440E-01, 5.617E-02, 3.628E-04, 8.313E-04, 0.000E+00, 5.690E+01, 2.285E+01, 5.925E-03, 1.737E-03, 1.305E+02, 5.252E-03, 1.481E+00
12/08/2019,05:00,9,3.491,3.991,15.385,.842,.278, 1.003E+03, 7.660E+01, 9.329E-04, 3.469E-16, 1.406E+01, 5.007E+01, 4.603E+01, 1.567E+01,-1.034E+01, 3.244E+01, 5.898E+00, 6.154E-01, 3.465E-01, 1.326E-01, 1.000E+00, 5.248E-01, 8.494E-01, 4.251E-01, 1.000E+00, 7.440E-01, 1.660E-01, 1.075E-03, 1.740E-03, 0.000E+00, 4.913E+01, 1.973E+01, 5.000E-03, 5.147E-03, 9.855E+01, 6.655E-03, 1.588E+00
12/08/2019,06:00,9,3.491,3.991,16.182,.805,.361, 1.003E+03, 6.914E+01, 1.124E-01, 3.469E-16, 2.155E+01, 7.875E+01, 5.479E+01, 2.452E+01, 1.514E+01, 9.744E+01, 6.705E+00, 8.684E-01, 4.000E-01, 2.025E-01, 1.000E+00, 6.878E-01, 8.950E-01, 5.081E-01, 1.000E+00, 7.440E-01, 2.601E-01, 1.689E-03, 2.198E-03, 0.000E+00, 4.173E+01, 1.709E+01, 5.000E-03, 8.087E-03, 7.641E+01, 8.256E-03, 1.820E+00
12/08/2019,07:00,9,3.491,3.991,16.897,.769,.448, 1.003E+03, 6.189E+01, 1.124E-01, 3.469E-16, 3.234E+01, 1.058E+02, 6.727E+01, 3.295E+01, 1.514E+01, 9.744E+01, 6.310E+00, 8.694E-01, 3.764E-01, 2.633E-01, 1.000E+00, 7.935E-01, 9.371E-01, 5.772E-01, 1.000E+00, 7.440E-01, 3.408E-01, 2.219E-03, 2.620E-03, 0.000E+00, 4.434E+01, 1.816E+01, 5.000E-03, 1.062E-02, 6.401E+01, 8.967E-03, 1.854E+00
12/08/2019,08:00,9,3.491,3.991,17.612,.733,.543, 1.003E+03, 5.530E+01, 1.124E-01, 3.469E-16, 4.178E+01, 1.269E+02, 7.616E+01, 3.947E+01, 1.514E+01, 9.744E+01, 5.927E+00, 8.705E-01, 3.536E-01, 3.109E-01, 1.000E+00, 8.505E-01, 9.564E-01, 6.410E-01, 1.000E+00, 7.440E-01, 4.056E-01, 2.648E-03, 2.977E-03, 0.000E+00, 4.720E+01, 1.933E+01, 5.000E-03, 1.268E-02, 5.657E+01, 9.333E-03, 1.742E+00
12/08/2019,09:00,9,3.491,3.991,18.327,.697,.645, 1.003E+03, 4.994E+01, 1.741E-02, 3.469E-16, 1.676E+02, 1.278E+02, 1.733E+02, 4.313E+01, 9.602E+01, 1.459E+02, 5.558E+00, 8.130E-01, 3.396E-01, 3.442E-01, 1.000E+00, 8.885E-01, 9.992E-01, 6.996E-01, 1.000E+00, 7.440E-01, 4.625E-01, 3.026E-03, 3.403E-03, 0.000E+00, 4.693E+01, 2.013E+01, 5.000E-03, 1.449E-02, 5.131E+01, 9.643E-03, 1.681E+00
12/08/2019,10:00,9,3.491,3.991,19.131,.662,.756, 1.002E+03, 4.645E+01, 1.741E-02, 3.469E-16, 1.828E+02, 1.323E+02, 1.774E+02, 4.469E+01, 9.602E+01, 1.459E+02, 5.332E+00, 8.143E-01, 3.257E-01, 3.634E-01, 1.000E+00, 8.984E-01, 9.993E-01, 7.593E-01, 1.000E+00, 7.440E-01, 5.075E-01, 3.330E-03, 3.704E-03, 0.000E+00, 4.894E+01, 2.098E+01, 5.000E-03, 1.594E-02, 4.775E+01, 9.769E-03, 1.757E+00
12/08/2019,11:00,9,3.491,3.991,19.935,.627,.878, 1.002E+03, 4.538E+01, 1.741E-02, 3.469E-16, 1.873E+02, 1.335E+02, 1.785E+02, 4.510E+01, 9.602E+01, 1.459E+02, 5.110E+00, 8.155E-01, 3.121E-01, 3.688E-01, 1.000E+00, 9.010E-01, 9.994E-01, 8.123E-01, 1.000E+00, 7.440E-01, 5.446E-01, 3.583E-03, 3.974E-03, 0.000E+00, 5.108E+01, 2.190E+01, 5.000E-03, 1.715E-02, 4.514E+01, 9.791E-03, 1.997E+00
12/08/2019,12:00,9,3.491,3.991,20.739,.592,1.010, 1.002E+03, 4.693E+01, 1.514E-01, 3.469E-16, 3.086E+02, 7.706E+01, 2.573E+02, 3.141E+01, 5.615E+01, 1.439E+02, 4.893E+00, 7.480E-01, 2.971E-01, 3.608E-01, 1.000E+00, 8.244E-01, 1.000E+00, 8.588E-01, 1.000E+00, 7.440E-01, 5.267E-01, 3.475E-03, 4.215E-03, 0.000E+00, 5.425E+01, 2.300E+01, 5.000E-03, 1.664E-02, 4.621E+01, 9.419E-03, 2.212E+00
12/08/2019,13:00,9,3.491,3.991,20.213,.633,.880, 1.001E+03, 5.082E+01, 1.514E-01, 3.469E-16, 2.794E+02, 7.867E+01, 2.526E+02, 3.151E+01, 5.615E+01, 1.439E+02, 4.477E+00, 7.474E-01, 2.719E-01, 3.391E-01, 1.000E+00, 8.191E-01, 1.000E+00, 8.291E-01, 1.000E+00, 7.440E-01, 5.053E-01, 3.328E-03, 4.063E-03, 0.000E+00, 5.929E+01, 2.514E+01, 5.000E-03, 1.593E-02, 4.777E+01, 8.826E-03, 2.019E+00
12/08/2019,14:00,9,3.491,3.991,19.687,.673,.757, 1.001E+03, 5.646E+01, 1.514E-01, 3.469E-16, 2.344E+02, 7.874E+01, 2.429E+02, 3.081E+01, 5.615E+01, 1.439E+02, 4.060E+00, 7.469E-01, 2.466E-01, 3.031E-01, 1.000E+00, 8.038E-01, 1.000E+00, 7.966E-01, 1.000E+00, 7.440E-01, 4.764E-01, 3.132E-03, 3.896E-03, 0.000E+00, 6.536E+01, 2.772E+01, 5.000E-03, 1.499E-02, 5.001E+01, 8.179E-03, 1.559E+00
12/08/2019,15:00,9,3.491,3.991,19.161,.714,.642, 1.001E+03, 6.322E+01, 1.446E-02, 3.469E-16, 1.558E+02, 7.330E+01, 2.002E+02, 2.730E+01,-6.584E+00, 6.935E+01, 3.644E+00, 5.655E-01, 2.145E-01, 2.528E-01, 1.000E+00, 7.569E-01, 9.997E-01, 7.613E-01, 1.000E+00, 7.440E-01, 4.287E-01, 2.813E-03, 3.716E-03, 0.000E+00, 7.920E+01, 3.186E+01, 5.000E-03, 1.347E-02, 5.414E+01, 7.265E-03, 1.098E+00
12/08/2019,16:00,9,3.491,3.991,18.714,.728,.593, 1.001E+03, 7.056E+01, 1.446E-02, 3.469E-16, 9.972E+01, 6.133E+01, 1.720E+02, 2.224E+01,-6.584E+00, 6.935E+01, 3.783E+00, 5.651E-01, 2.227E-01, 1.897E-01, 1.000E+00, 6.751E-01, 9.992E-01, 7.291E-01, 1.000E+00, 7.440E-01, 3.663E-01, 2.400E-03, 3.552E-03, 0.000E+00, 7.630E+01, 3.070E+01, 5.000E-03, 1.149E-02, 6.064E+01, 7.088E-03, 8.603E-01
12/08/2019,17:00,9,3.491,3.991,18.267,.742,.546, 1.001E+03, 7.804E+01, 1.446E-02, 3.469E-16, 4.451E+01, 4.230E+01, 1.220E+02, 1.465E+01,-6.584E+00, 6.935E+01, 3.943E+00, 5.646E-01, 2.321E-01, 1.187E-01, 1.000E+00, 5.167E-01, 9.934E-01, 6.949E-01, 1.000E+00, 7.440E-01, 2.672E-01, 1.748E-03, 3.360E-03, 0.000E+00, 7.321E+01, 2.945E+01, 5.000E-03, 8.368E-03, 7.481E+01, 6.580E-03, 8.380E-01
12/08/2019,18:00,9,3.491,3.991,17.820,.756,.502, 1.001E+03, 8.527E+01, 7.571E-05, 3.469E-16, 5.378E+00, 1.960E+01, 3.880E+01, 6.165E+00,-6.519E+01, 2.035E+01, 4.122E+00, 6.067E-01, 2.283E-01, 4.721E-02, 1.000E+00, 2.510E-01, 7.973E-01, 6.587E-01, 1.000E+00, 7.440E-01, 1.230E-01, 8.036E-04, 2.552E-03, 0.000E+00, 7.908E+01, 2.994E+01, 5.000E-03, 3.847E-03, 1.130E+02, 5.211E-03, 9.140E-01
12/08/2019,19:00,9,3.491,3.991,17.285,.761,.476, 1.001E+03, 9.190E+01, 7.571E-05, 3.469E-16, 0.000E+00, 0.000E+00, 0.000E+00, 0.000E+00,-6.519E+01, 2.035E+01, 4.267E+00, 6.061E-01, 2.363E-01,-9.990E+02, 1.000E+00,-9.990E+02, 0.000E+00, 0.000E+00, 0.000E+00, 7.440E-01, 0.000E+00, 0.000E+00, 0.000E+00, 0.000E+00, 7.642E+01, 2.893E+01, 5.000E-03, 0.000E+00, 2.000E+02, 3.620E-03, 9.838E-01
12/08/2019,20:00,9,3.491,3.991,16.749,.765,.451, 1.001E+03, 9.757E+01, 7.571E-05, 3.469E-16, 0.000E+00, 0.000E+00, 0.000E+00, 0.000E+00,-6.519E+01, 2.035E+01, 4.453E+00, 6.055E-01, 2.465E-01,-9.990E+02, 1.000E+00,-9.990E+02, 0.000E+00, 0.000E+00, 0.000E+00, 7.440E-01, 0.000E+00, 0.000E+00, 0.000E+00, 0.000E+00, 7.326E+01, 2.773E+01, 5.000E-03, 0.000E+00, 2.000E+02, 3.662E-03, 1.021E+00
12/08/2019,21:00,9,3.491,3.991,16.214,.770,.428, 1.001E+03, 1.019E+02, 1.093E-05, 3.469E-16, 0.000E+00, 0.000E+00, 0.000E+00, 0.000E+00,-5.822E+01, 1.057E+01, 4.674E+00, 5.630E-01, 2.569E-01,-9.990E+02, 1.000E+00,-9.990E+02, 0.000E+00, 0.000E+00, 0.000E+00, 7.440E-01, 0.000E+00, 0.000E+00, 0.000E+00, 0.000E+00, 7.084E+01, 2.661E+01, 5.000E-03, 0.000E+00, 2.000E+02, 3.701E-03, 1.056E+00
12/08/2019,22:00,9,3.491,3.991,15.745,.800,.360, 1.001E+03, 1.046E+02, 1.093E-05, 3.469E-16, 0.000E+00, 0.000E+00, 0.000E+00, 0.000E+00,-5.822E+01, 1.057E+01, 4.470E+00, 5.625E-01, 2.456E-01,-9.990E+02, 1.000E+00,-9.990E+02, 0.000E+00, 0.000E+00, 0.000E+00, 7.440E-01, 0.000E+00, 0.000E+00, 0.000E+00, 0.000E+00, 7.410E+01, 2.783E+01, 5.000E-03, 0.000E+00, 2.000E+02, 3.658E-03, 1.119E+00
12/08/2019,23:00,9,3.491,3.991,15.276,.831,.295, 1.001E+03, 1.054E+02, 1.093E-05, 3.469E-16, 0.000E+00, 0.000E+00, 0.000E+00, 0.000E+00,-5.822E+01, 1.057E+01, 4.266E+00, 5.621E-01, 2.343E-01,-9.990E+02, 1.000E+00,-9.990E+02, 0.000E+00, 0.000E+00, 0.000E+00, 7.440E-01, 0.000E+00, 0.000E+00, 0.000E+00, 0.000E+00, 7.768E+01, 2.917E+01, 5.000E-03, 0.000E+00, 2.000E+02, 3.611E-03, 1.219E+00
13/08/2019,00:00,9,3.491,3.991,14.807,.862,.234, 1.001E+03, 1.043E+02, 0.000E+00, 3.469E-16, 0.000E+00, 0.000E+00, 0.000E+00, 0.000E+00,-4.955E+01, 7.353E+00, 4.062E+00, 4.938E-01, 2.189E-01,-9.990E+02, 1.000E+00,-9.990E+02, 0.000E+00, 0.000E+00, 0.000E+00, 7.440E-01, 0.000E+00, 0.000E+00, 0.000E+00, 0.000E+00, 8.473E+01, 3.122E+01, 5.112E-03, 0.000E+00, 1.956E+02, 3.596E-03, 1.368E+00
13/08/2019,01:00,9,3.491,3.991,14.327,.870,.214, 1.001E+03, 1.013E+02, 0.000E+00, 3.469E-16, 0.000E+00, 0.000E+00, 0.000E+00, 0.000E+00,-4.955E+01, 7.353E+00, 3.989E+00, 4.935E-01, 2.150E-01,-9.990E+02, 1.000E+00,-9.990E+02, 0.000E+00, 0.000E+00, 0.000E+00, 7.440E-01, 0.000E+00, 0.000E+00, 0.000E+00, 0.000E+00, 8.631E+01, 3.180E+01, 5.165E-03, 0.000E+00, 1.936E+02, 3.603E-03, 1.543E+00
13/08/2019,02:00,9,3.491,3.991,13.846,.878,.194, 1.001E+03, 9.671E+01, 0.000E+00, 3.469E-16, 0.000E+00, 0.000E+00, 0.000E+00, 0.000E+00,-4.955E+01, 7.353E+00, 3.917E+00, 4.931E-01, 2.111E-01,-9.990E+02, 1.000E+00,-9.990E+02, 0.000E+00, 0.000E+00, 0.000E+00, 7.505E-01, 0.000E+00, 0.000E+00, 0.000E+00, 0.000E+00, 8.794E+01, 3.239E+01, 6.023E-03, 0.000E+00, 1.660E+02, 3.975E-03, 1.657E+00
13/08/2019,03:00,9,3.491,3.991,13.366,.886,.176, 1.001E+03, 9.087E+01, 0.000E+00, 3.469E-16, 0.000E+00, 0.000E+00, 0.000E+00, 0.000E+00, 1.970E+00, 3.385E+01, 3.846E+00, 5.972E-01, 2.288E-01,-9.990E+02, 1.000E+00,-9.990E+02, 0.000E+00, 0.000E+00, 0.000E+00, 7.505E-01, 0.000E+00, 0.000E+00, 0.000E+00, 0.000E+00, 7.332E+01, 2.987E+01, 7.026E-03, 0.000E+00, 1.423E+02, 4.535E-03, 1.760E+00
13/08/2019,04:00,9,3.491,3.991,14.061,.836,.264, 1.001E+03, 8.413E+01, 0.000E+00, 3.469E-16, 9.734E+00, 2.284E+01, 5.492E+01, 7.344E+00, 1.970E+00, 3.385E+01, 4.719E+00, 5.979E-01, 2.808E-01, 5.860E-02, 1.000E+00, 2.979E-01, 8.955E-01, 2.728E-01, 1.000E+00, 7.505E-01, 6.099E-02, 3.932E-04, 1.182E-03, 0.000E+00, 5.975E+01, 2.434E+01, 5.000E-03, 1.883E-03, 1.453E+02, 4.785E-03, 1.745E+00
13/08/2019,05:00,9,3.491,3.991,14.757,.787,.361, 1.001E+03, 7.684E+01, 0.000E+00, 3.469E-16, 5.790E+01, 4.643E+01, 1.436E+02, 1.641E+01, 1.970E+00, 3.385E+01, 5.634E+00, 5.986E-01, 3.352E-01, 1.303E-01, 1.000E+00, 5.569E-01, 9.973E-01, 3.551E-01, 1.000E+00, 7.505E-01, 1.484E-01, 9.591E-04, 1.718E-03, 0.000E+00, 5.005E+01, 2.039E+01, 5.000E-03, 4.592E-03, 1.043E+02, 6.344E-03, 1.654E+00
13/08/2019,06:00,9,3.491,3.991,15.452,.737,.465, 1.001E+03, 6.938E+01, 1.963E-04, 3.469E-16, 1.243E+02, 6.606E+01, 2.010E+02, 2.450E+01, 1.072E+02, 1.242E+02, 6.572E+00, 8.218E-01, 4.023E-01, 2.003E-01, 1.000E+00, 7.080E-01, 9.997E-01, 4.324E-01, 1.000E+00, 7.505E-01, 2.298E-01, 1.489E-03, 2.102E-03, 0.000E+00, 3.947E+01, 1.699E+01, 5.000E-03, 7.127E-03, 8.246E+01, 7.895E-03, 1.608E+00
13/08/2019,07:00,9,3.491,3.991,16.679,.668,.635, 1.001E+03, 6.213E+01, 1.963E-04, 3.469E-16, 1.876E+02, 7.586E+01, 2.297E+02, 2.903E+01, 1.072E+02, 1.242E+02, 6.071E+00, 8.236E-01, 3.716E-01, 2.614E-01, 1.000E+00, 7.762E-01, 9.999E-01, 5.567E-01, 1.000E+00, 7.505E-01, 3.243E-01, 2.110E-03, 2.718E-03, 0.000E+00, 4.275E+01, 1.840E+01, 5.000E-03, 1.010E-02, 6.621E+01, 8.766E-03, 1.655E+00
13/08/2019,08:00,9,3.491,3.991,17.905,.600,.828, 1.000E+03, 5.556E+01, 1.963E-04, 3.469E-16, 2.429E+02, 7.927E+01, 2.459E+02, 3.114E+01, 1.072E+02, 1.242E+02, 5.572E+00, 8.255E-01, 3.410E-01, 3.092E-01, 1.000E+00, 8.080E-01, 1.000E+00, 6.657E-01, 1.000E+00, 7.505E-01, 4.037E-01, 2.638E-03, 3.264E-03, 0.000E+00, 4.660E+01, 2.005E+01, 5.000E-03, 1.263E-02, 5.673E+01, 9.184E-03, 1.649E+00
13/08/2019,09:00,9,3.491,3.991,19.131,.531,1.049, 1.000E+03, 5.022E+01, 0.000E+00, 3.469E-16, 2.819E+02, 7.785E+01, 2.515E+02, 3.127E+01, 1.620E+02, 2.016E+02, 5.076E+00, 8.904E-01, 3.121E-01, 3.426E-01, 1.000E+00, 8.183E-01, 1.000E+00, 7.593E-01, 1.000E+00, 7.505E-01, 4.663E-01, 3.060E-03, 3.739E-03, 0.000E+00, 5.045E+01, 2.190E+01, 5.000E-03, 1.465E-02, 5.089E+01, 9.277E-03, 1.659E+00
13/08/2019,10:00,9,3.491,3.991,19.599,.500,1.152, 1.000E+03, 4.675E+01, 0.000E+00, 3.469E-16, 3.076E+02, 7.632E+01, 2.556E+02, 3.114E+01, 1.620E+02, 2.016E+02, 5.341E+00, 8.912E-01, 3.284E-01, 3.618E-01, 1.000E+00, 8.227E-01, 1.000E+00, 7.910E-01, 1.000E+00, 7.505E-01, 4.884E-01, 3.210E-03, 3.901E-03, 0.000E+00, 4.796E+01, 2.081E+01, 5.000E-03, 1.537E-02, 4.910E+01, 9.691E-03, 1.650E+00
13/08/2019,11:00,9,3.491,3.991,20.067,.469,1.260, 1.000E+03, 4.569E+01, 0.000E+00, 3.469E-16, 3.152E+02, 7.568E+01, 2.566E+02, 3.104E+01, 1.620E+02, 2.016E+02, 5.610E+00, 8.919E-01, 3.449E-01, 3.673E-01, 1.000E+00, 8.235E-01, 1.000E+00, 8.204E-01, 1.000E+00, 7.505E-01, 5.071E-01, 3.338E-03, 4.053E-03, 0.000E+00, 4.566E+01, 1.982E+01, 5.000E-03, 1.598E-02, 4.766E+01, 1.008E-02, 1.631E+00
13/08/2019,12:00,9,3.491,3.991,20.535,.438,1.374, 1.000E+03, 4.724E+01, 0.000E+00, 3.469E-16, 1.324E+02, 1.473E+02, 1.455E+02, 4.792E+01, 6.838E+01, 1.867E+02, 5.884E+00, 8.368E-01, 3.564E-01, 3.592E-01, 1.000E+00, 9.098E-01, 9.975E-01, 8.476E-01, 9.570E-01, 7.505E-01, 5.539E-01, 3.652E-03, 4.004E-03, 0.000E+00, 4.545E+01, 1.918E+01, 5.000E-03, 1.748E-02, 4.447E+01, 1.058E-02, 1.541E+00
13/08/2019,13:00,9,3.491,3.991,20.582,.434,1.389, 9.999E+02, 5.112E+01, 0.000E+00, 3.469E-16, 1.198E+02, 1.398E+02, 1.409E+02, 4.547E+01, 6.838E+01, 1.867E+02, 5.538E+00, 8.370E-01, 3.355E-01, 3.373E-01, 1.000E+00, 8.968E-01, 9.970E-01, 8.503E-01, 9.479E-01, 7.505E-01, 5.425E-01, 3.577E-03, 3.976E-03, 0.000E+00, 4.828E+01, 2.037E+01, 5.000E-03, 1.713E-02, 4.519E+01, 1.017E-02, 1.459E+00
13/08/2019,14:00,9,3.491,3.991,20.630,.429,1.405, 9.996E+02, 5.675E+01, 0.000E+00, 3.469E-16, 1.003E+02, 1.263E+02, 1.326E+02, 4.111E+01, 6.838E+01, 1.867E+02, 5.206E+00, 8.372E-01, 3.154E-01, 3.011E-01, 1.000E+00, 8.698E-01, 9.957E-01, 8.529E-01, 9.387E-01, 7.505E-01, 5.227E-01, 3.447E-03, 3.946E-03, 0.000E+00, 5.136E+01, 2.167E+01, 5.000E-03, 1.650E-02, 4.651E+01, 9.706E-03, 1.394E+00
13/08/2019,15:00,9,3.491,3.991,20.678,.424,1.421, 9.993E+02, 6.351E+01, 0.000E+00, 3.469E-16, 1.104E+02, 9.654E+01, 1.565E+02, 3.280E+01,-3.764E+01, 8.838E+01, 4.890E+00, 5.310E-01, 2.734E-01, 2.504E-01, 1.000E+00, 8.051E-01, 9.984E-01, 8.555E-01, 9.294E-01, 7.505E-01, 4.805E-01, 3.169E-03, 3.930E-03, 0.000E+00, 6.542E+01, 2.500E+01, 5.000E-03, 1.517E-02, 4.957E+01, 8.667E-03, 1.192E+00
13/08/2019,16:00,9,3.491,3.991,19.411,.479,1.187, 9.995E+02, 7.085E+01, 0.000E+00, 3.469E-16, 7.006E+01, 7.445E+01, 1.318E+02, 2.508E+01,-3.764E+01, 8.838E+01, 4.374E+00, 5.298E-01, 2.444E-01, 1.870E-01, 1.000E+00, 7.094E-01, 9.956E-01, 7.785E-01, 1.000E+00, 7.505E-01, 4.145E-01, 2.722E-03, 3.820E-03, 0.000E+00, 7.321E+01, 2.797E+01, 5.000E-03, 1.303E-02, 5.545E+01, 7.747E-03, 9.451E-01
13/08/2019,17:00,9,3.491,3.991,18.143,.534,.980, 9.998E+02, 7.833E+01, 0.000E+00, 3.469E-16, 3.057E+01, 4.612E+01, 9.074E+01, 1.521E+01,-3.764E+01, 8.838E+01, 3.861E+00, 5.286E-01, 2.157E-01, 1.159E-01, 1.000E+00, 5.242E-01, 9.761E-01, 6.851E-01, 1.000E+00, 7.505E-01, 2.695E-01, 1.763E-03, 3.282E-03, 0.000E+00, 8.300E+01, 3.169E+01, 5.000E-03, 8.439E-03, 7.441E+01, 6.335E-03, 7.812E-01
13/08/2019,18:00,9,3.491,3.991,16.876,.588,.798, 1.000E+03, 8.556E+01, 0.000E+00, 3.469E-16, 4.375E+00, 1.842E+01, 3.405E+01, 5.764E+00,-4.962E+01, 1.821E+01, 3.353E+00, 3.189E-01, 1.444E-01, 4.431E-02, 1.000E+00, 2.351E-01, 7.535E-01, 5.753E-01, 1.000E+00, 7.505E-01, 1.015E-01, 6.609E-04, 2.118E-03, 0.000E+00, 1.608E+02, 4.733E+01, 5.000E-03, 3.164E-03, 1.225E+02, 3.992E-03, 7.111E-01
13/08/2019,19:00,9,3.491,3.991,15.784,.620,.686, 1.000E+03, 9.220E+01, 0.000E+00, 3.469E-16, 0.000E+00, 0.000E+00, 0.000E+00, 0.000E+00,-4.962E+01, 1.821E+01, 3.305E+00, 3.183E-01, 1.421E-01,-9.990E+02, 1.000E+00,-9.990E+02, 0.000E+00, 0.000E+00, 0.000E+00, 7.505E-01, 0.000E+00, 0.000E+00, 0.000E+00, 0.000E+00, 1.636E+02, 4.810E+01, 5.000E-03, 0.000E+00, 2.000E+02, 3.029E-03, 7.104E-01
13/08/2019,20:00,9,3.491,3.991,14.692,.652,.586, 1.000E+03, 9.787E+01, 0.000E+00, 3.469E-16, 0.000E+00, 0.000E+00, 0.000E+00, 0.000E+00,-4.962E+01, 1.821E+01, 3.306E+00, 3.177E-01, 1.419E-01,-9.990E+02, 1.000E+00,-9.990E+02, 0.000E+00, 0.000E+00, 0.000E+00, 7.505E-01, 0.000E+00, 0.000E+00, 0.000E+00, 0.000E+00, 1.641E+02, 4.816E+01, 5.000E-03, 0.000E+00, 2.000E+02, 3.027E-03, 7.950E-01
13/08/2019,21:00,9,3.491,3.991,13.600,.683,.495, 1.000E+03, 1.022E+02, 0.000E+00, 3.469E-16, 0.000E+00, 0.000E+00, 0.000E+00, 0.000E+00,-5.120E+01, 1.402E+01, 3.357E+00, 4.150E-01, 1.694E-01,-9.990E+02, 1.000E+00,-9.990E+02, 0.000E+00, 0.000E+00, 0.000E+00, 7.505E-01, 0.000E+00, 0.000E+00, 0.000E+00, 0.000E+00, 1.171E+02, 4.036E+01, 5.000E-03, 0.000E+00, 2.000E+02, 3.254E-03, 1.009E+00
13/08/2019,22:00,9,3.491,3.991,13.186,.707,.446, 1.000E+03, 1.049E+02, 0.000E+00, 3.469E-16, 0.000E+00, 0.000E+00, 0.000E+00, 0.000E+00,-5.120E+01, 1.402E+01, 3.456E+00, 4.147E-01, 1.743E-01,-9.990E+02, 1.000E+00,-9.990E+02, 0.000E+00, 0.000E+00, 0.000E+00, 7.505E-01, 0.000E+00, 0.000E+00, 0.000E+00, 0.000E+00, 1.138E+02, 3.923E+01, 5.000E-03, 0.000E+00, 2.000E+02, 3.286E-03, 1.121E+00
13/08/2019,23:00,9,3.491,3.991,12.772,.731,.398, 1.000E+03, 1.057E+02, 0.000E+00, 3.469E-16, 0.000E+00, 0.000E+00, 0.000E+00, 0.000E+00,-5.120E+01, 1.402E+01, 3.560E+00, 4.144E-01, 1.795E-01,-9.990E+02, 1.000E+00,-9.990E+02, 0.000E+00, 0.000E+00, 0.000E+00, 7.505E-01, 0.000E+00, 0.000E+00, 0.000E+00, 0.000E+00, 1.105E+02, 3.809E+01, 5.000E-03, 0.000E+00, 2.000E+02, 3.319E-03, 1.152E+00
14/08/2019,00:00,9,3.491,3.991,12.358,.755,.353, 1.000E+03, 1.046E+02, 5.331E-03, 3.469E-16, 0.000E+00, 0.000E+00, 0.000E+00, 0.000E+00,-2.641E+01, 1.415E+01, 3.671E+00, 4.729E-01, 2.053E-01,-9.990E+02, 1.000E+00,-9.990E+02, 0.000E+00, 0.000E+00, 0.000E+00, 7.505E-01, 0.000E+00, 0.000E+00, 0.000E+00, 0.000E+00, 8.708E+01, 3.329E+01, 5.000E-03, 0.000E+00, 2.000E+02, 3.477E-03, 1.182E+00
14/08/2019,01:00,9,3.491,3.991,12.412,.766,.338, 1.000E+03, 1.016E+02, 5.331E-03, 3.469E-16, 0.000E+00, 0.000E+00, 0.000E+00, 0.000E+00,-2.641E+01, 1.415E+01, 3.560E+00, 4.729E-01, 1.991E-01,-9.990E+02, 1.000E+00,-9.990E+02, 0.000E+00, 0.000E+00, 0.000E+00, 7.505E-01, 0.000E+00, 0.000E+00, 0.000E+00, 0.000E+00, 8.978E+01, 3.433E+01, 5.000E-03, 0.000E+00, 2.000E+02, 3.444E-03, 1.223E+00
14/08/2019,02:00,9,3.491,3.991,12.466,.777,.324, 1.001E+03, 9.698E+01, 5.331E-03, 3.469E-16, 0.000E+00, 0.000E+00, 0.000E+00, 0.000E+00,-2.641E+01, 1.415E+01, 3.450E+00, 4.729E-01, 1.930E-01,-9.990E+02, 1.000E+00,-9.990E+02, 0.000E+00, 0.000E+00, 0.000E+00, 7.586E-01, 0.000E+00, 0.000E+00, 0.000E+00, 0.000E+00, 9.265E+01, 3.542E+01, 5.000E-03, 0.000E+00, 2.000E+02, 3.410E-03, 1.302E+00
14/08/2019,03:00,9,3.491,3.991,12.519,.788,.309, 1.001E+03, 9.113E+01, 6.986E-05, 3.469E-16, 0.000E+00, 0.000E+00, 0.000E+00, 0.000E+00, 1.441E+00, 2.784E+01, 3.340E+00, 4.819E-01, 1.989E-01,-9.990E+02, 1.000E+00,-9.990E+02, 0.000E+00, 0.000E+00, 0.000E+00, 7.586E-01, 0.000E+00, 0.000E+00, 0.000E+00, 0.000E+00, 8.424E+01, 3.437E+01, 5.000E-03, 0.000E+00, 2.000E+02, 3.449E-03, 1.390E+00
14/08/2019,04:00,9,3.491,3.991,13.015,.775,.338, 1.001E+03, 8.438E+01, 6.986E-05, 3.469E-16, 2.559E+00, 1.739E+01, 1.842E+01, 5.361E+00, 1.441E+00, 2.784E+01, 3.420E+00, 4.823E-01, 2.036E-01, 5.614E-02, 1.000E+00, 2.166E-01, 5.312E-01, 1.397E-01, 1.000E+00, 7.586E-01, 2.295E-02, 1.474E-04, 3.616E-04, 0.000E+00, 8.227E+01, 3.357E+01, 5.000E-03, 7.059E-04, 1.753E+02, 3.801E-03, 1.430E+00
14/08/2019,05:00,9,3.491,3.991,13.510,.763,.369, 1.001E+03, 7.709E+01, 6.986E-05, 3.469E-16, 1.663E+01, 4.983E+01, 5.292E+01, 1.571E+01, 1.441E+00, 2.784E+01, 3.500E+00, 4.827E-01, 2.084E-01, 1.280E-01, 1.000E+00, 5.285E-01, 8.866E-01, 2.041E-01, 1.000E+00, 7.586E-01, 8.182E-02, 5.265E-04, 8.832E-04, 0.000E+00, 8.039E+01, 3.280E+01, 5.000E-03, 2.521E-03, 1.330E+02, 4.570E-03, 1.444E+00
14/08/2019,06:00,9,3.491,3.991,14.005,.750,.401, 1.001E+03, 6.962E+01, 2.254E-02, 3.469E-16, 4.478E+01, 8.395E+01, 9.126E+01, 2.696E+01, 5.706E+01, 8.151E+01, 3.581E+00, 6.515E-01, 2.195E-01, 1.981E-01, 1.000E+00, 7.307E-01, 9.766E-01, 2.659E-01, 1.000E+00, 7.586E-01, 1.474E-01, 9.503E-04, 1.270E-03, 0.000E+00, 7.210E+01, 3.113E+01, 5.000E-03, 4.550E-03, 1.047E+02, 5.386E-03, 1.526E+00
14/08/2019,07:00,9,3.491,3.991,14.772,.702,.505, 1.001E+03, 6.238E+01, 2.254E-02, 3.469E-16, 6.794E+01, 1.110E+02, 1.090E+02, 3.568E+01, 5.706E+01, 8.151E+01, 3.698E+00, 6.523E-01, 2.267E-01, 2.594E-01, 1.000E+00, 8.264E-01, 9.887E-01, 3.568E-01, 1.000E+00, 7.586E-01, 2.237E-01, 1.446E-03, 1.730E-03, 0.000E+00, 6.984E+01, 3.015E+01, 5.000E-03, 6.922E-03, 8.388E+01, 6.162E-03, 1.569E+00
14/08/2019,08:00,9,3.491,3.991,15.539,.653,.617, 1.001E+03, 5.582E+01, 2.254E-02, 3.469E-16, 8.821E+01, 1.311E+02, 1.206E+02, 4.214E+01, 5.706E+01, 8.151E+01, 3.827E+00, 6.532E-01, 2.346E-01, 3.074E-01, 1.000E+00, 8.755E-01, 9.930E-01, 4.417E-01, 1.000E+00, 7.586E-01, 2.933E-01, 1.901E-03, 2.156E-03, 0.000E+00, 6.750E+01, 2.913E+01, 5.000E-03, 9.102E-03, 7.091E+01, 6.818E-03, 1.584E+00
14/08/2019,09:00,9,3.491,3.991,16.306,.604,.740, 1.001E+03, 5.050E+01, 6.648E-01, 3.469E-16, 1.651E+02, 1.270E+02, 1.727E+02, 4.285E+01, 1.105E+02, 1.948E+02, 3.968E+00, 6.493E-01, 2.486E-01, 3.410E-01, 1.000E+00, 8.866E-01, 9.992E-01, 5.206E-01, 1.000E+00, 7.586E-01, 3.501E-01, 2.275E-03, 2.564E-03, 0.000E+00, 6.120E+01, 2.750E+01, 5.000E-03, 1.089E-02, 6.292E+01, 7.463E-03, 1.644E+00
14/08/2019,10:00,9,3.491,3.991,15.926,.672,.598, 1.001E+03, 4.705E+01, 6.648E-01, 3.469E-16, 1.803E+02, 1.316E+02, 1.768E+02, 4.445E+01, 1.105E+02, 1.948E+02, 3.611E+00, 6.488E-01, 2.262E-01, 3.602E-01, 1.000E+00, 8.969E-01, 9.993E-01, 4.822E-01, 1.000E+00, 7.586E-01, 3.281E-01, 2.129E-03, 2.372E-03, 0.000E+00, 6.725E+01, 3.022E+01, 5.000E-03, 1.019E-02, 6.582E+01, 6.949E-03, 1.282E+00
14/08/2019,11:00,9,3.491,3.991,15.545,.740,.462, 1.001E+03, 4.600E+01, 6.648E-01, 3.469E-16, 1.848E+02, 1.328E+02, 1.779E+02, 4.487E+01, 1.105E+02, 1.948E+02, 3.278E+00, 6.483E-01, 2.054E-01, 3.657E-01, 1.000E+00, 8.996E-01, 9.993E-01, 4.423E-01, 1.000E+00, 7.586E-01, 3.019E-01, 1.956E-03, 2.173E-03, 0.000E+00, 7.406E+01, 3.328E+01, 5.000E-03, 9.366E-03, 6.961E+01, 6.426E-03, 1.087E+00
14/08/2019,12:00,9,3.491,3.991,15.165,.809,.332, 1.002E+03, 4.755E+01, 3.525E-01, 3.469E-16, 4.682E+01, 1.451E+02, 7.966E+01, 4.497E+01, 2.661E+01, 1.123E+02, 2.978E+00, 5.168E-01, 1.823E-01, 3.575E-01, 1.000E+00, 8.854E-01, 9.622E-01, 4.010E-01, 1.000E+00, 7.586E-01, 2.693E-01, 1.743E-03, 1.895E-03, 0.000E+00, 8.712E+01, 3.749E+01, 5.000E-03, 8.346E-03, 7.493E+01, 5.798E-03, 8.965E-01
14/08/2019,13:00,9,3.491,3.991,15.012,.810,.327, 1.002E+03, 5.143E+01, 3.525E-01, 3.469E-16, 4.230E+01, 1.356E+02, 7.595E+01, 4.203E+01, 2.661E+01, 1.123E+02, 2.983E+00, 5.167E-01, 1.826E-01, 3.354E-01, 1.000E+00, 8.673E-01, 9.560E-01, 3.840E-01, 1.000E+00, 7.586E-01, 2.527E-01, 1.634E-03, 1.802E-03, 0.000E+00, 8.698E+01, 3.744E+01, 5.000E-03, 7.825E-03, 7.797E+01, 5.702E-03, 8.352E-01
14/08/2019,14:00,9,3.491,3.991,14.859,.811,.322, 1.002E+03, 5.705E+01, 3.525E-01, 3.469E-16, 3.534E+01, 1.197E+02, 6.962E+01, 3.713E+01, 2.661E+01, 1.123E+02, 2.989E+00, 5.165E-01, 1.829E-01, 2.990E-01, 1.000E+00, 8.307E-01, 9.429E-01, 3.668E-01, 1.000E+00, 7.586E-01, 2.312E-01, 1.495E-03, 1.696E-03, 0.000E+00, 8.681E+01, 3.737E+01, 5.000E-03, 7.155E-03, 8.227E+01, 5.572E-03, 7.643E-01
14/08/2019,15:00,9,3.491,3.991,14.707,.812,.317, 1.002E+03, 6.380E+01, 8.958E-02, 3.469E-16, 3.578E+01, 1.020E+02, 7.246E+01, 3.193E+01,-4.992E+00, 5.859E+01, 2.996E+00, 3.327E-01, 1.721E-01, 2.481E-01, 1.000E+00, 7.852E-01, 9.492E-01, 3.493E-01, 1.000E+00, 7.586E-01, 2.081E-01, 1.345E-03, 1.626E-03, 0.000E+00, 1.011E+02, 3.971E+01, 5.000E-03, 6.438E-03, 8.743E+01, 5.217E-03, 6.729E-01
14/08/2019,16:00,9,3.491,3.991,14.392,.832,.277, 1.002E+03, 7.114E+01, 8.958E-02, 3.469E-16, 2.252E+01, 7.305E+01, 5.769E+01, 2.287E+01,-4.992E+00, 5.859E+01, 2.668E+00, 3.325E-01, 1.533E-01, 1.844E-01, 1.000E+00, 6.644E-01, 9.068E-01, 3.125E-01, 1.000E+00, 7.586E-01, 1.575E-01, 1.017E-03, 1.388E-03, 0.000E+00, 1.135E+02, 4.458E+01, 5.000E-03, 4.868E-03, 1.013E+02, 4.578E-03, 6.096E-01
14/08/2019,17:00,9,3.491,3.991,14.077,.853,.238, 1.002E+03, 7.862E+01, 8.958E-02, 3.469E-16, 9.575E+00, 4.028E+01, 3.681E+01, 1.255E+01,-4.992E+00, 5.859E+01, 2.341E+00, 3.323E-01, 1.345E-01, 1.130E-01, 1.000E+00, 4.458E-01, 7.799E-01, 2.747E-01, 1.000E+00, 7.586E-01, 9.289E-02, 5.989E-04, 1.048E-03, 0.000E+00, 1.294E+02, 5.080E+01, 5.000E-03, 2.867E-03, 1.271E+02, 3.839E-03, 5.622E-01
14/08/2019,18:00,9,3.491,3.991,13.762,.873,.200, 1.003E+03, 8.586E+01, 8.957E-04, 3.469E-16, 3.430E+00, 1.722E+01, 2.911E+01, 5.358E+00,-1.785E+01, 6.969E+00, 2.016E+00, 2.175E-01, 1.000E-01, 4.136E-02, 1.000E+00, 2.185E-01, 6.980E-01, 2.358E-01, 1.000E+00, 7.586E-01, 3.908E-02, 2.517E-04, 8.043E-04, 0.000E+00, 2.406E+02, 6.835E+01, 6.035E-03, 1.205E-03, 1.381E+02, 3.088E-03, 5.906E-01
14/08/2019,19:00,9,3.491,3.991,13.090,.907,.141, 1.003E+03, 9.250E+01, 8.957E-04, 3.469E-16, 0.000E+00, 0.000E+00, 0.000E+00, 0.000E+00,-1.785E+01, 6.969E+00, 2.135E+00, 2.172E-01, 1.000E-01,-9.990E+02, 1.000E+00,-9.990E+02, 0.000E+00, 0.000E+00, 0.000E+00, 7.586E-01, 0.000E+00, 0.000E+00, 0.000E+00, 0.000E+00, 2.408E+02, 6.835E+01, 9.412E-03, 0.000E+00, 1.062E+02, 3.425E-03, 6.000E-01
14/08/2019,20:00,9,3.491,3.991,12.419,.940,.087, 1.003E+03, 9.818E+01, 8.957E-04, 3.469E-16, 0.000E+00, 0.000E+00, 0.000E+00, 0.000E+00,-1.785E+01, 6.969E+00, 2.322E+00, 2.169E-01, 1.000E-01,-9.990E+02, 1.000E+00,-9.990E+02, 0.000E+00, 0.000E+00, 0.000E+00, 7.586E-01, 0.000E+00, 0.000E+00, 0.000E+00, 0.000E+00, 2.411E+02, 6.835E+01, 1.695E-02, 0.000E+00, 5.899E+01, 4.087E-03, 6.124E-01
14/08/2019,21:00,9,3.491,3.991,11.748,.974,.036, 1.003E+03, 1.025E+02, 6.986E-05, 3.469E-16, 0.000E+00, 0.000E+00, 0.000E+00, 0.000E+00,-2.262E+01,-7.105E+00, 2.562E+00, 2.569E-01, 1.144E-01,-9.990E+02, 1.000E+00,-9.990E+02, 0.000E+00, 0.000E+00, 0.000E+00, 7.586E-01, 0.000E+00, 0.000E+00, 0.000E+00, 0.000E+00, 1.957E+02, 5.973E+01, 2.649E-02, 0.000E+00, 3.774E+01, 5.034E-03, 6.576E-01
14/08/2019,22:00,9,3.491,3.991,11.535,.974,.036, 1.003E+03, 1.052E+02, 6.986E-05, 3.469E-16, 0.000E+00, 0.000E+00, 0.000E+00, 0.000E+00,-2.262E+01,-7.105E+00, 2.617E+00, 2.567E-01, 1.168E-01,-9.990E+02, 1.000E+00,-9.990E+02, 0.000E+00, 0.000E+00, 0.000E+00, 7.586E-01, 0.000E+00, 0.000E+00, 0.000E+00, 0.000E+00, 1.917E+02, 5.851E+01, 2.665E-02, 0.000E+00, 3.752E+01, 5.125E-03, 6.830E-01
14/08/2019,23:00,9,3.491,3.991,11.322,.974,.035, 1.004E+03, 1.060E+02, 6.986E-05, 3.469E-16, 0.000E+00, 0.000E+00, 0.000E+00, 0.000E+00,-2.262E+01,-7.105E+00, 2.673E+00, 2.566E-01, 1.193E-01,-9.990E+02, 1.000E+00,-9.990E+02, 0.000E+00, 0.000E+00, 0.000E+00, 7.586E-01, 0.000E+00, 0.000E+00, 0.000E+00, 0.000E+00, 1.878E+02, 5.729E+01, 2.682E-02, 0.000E+00, 3.729E+01, 5.219E-03, 7.286E-01
15/08/2019,00:00,9,3.491,3.991,11.109,.974,.034, 1.004E+03, 1.049E+02, 3.889E-05, 3.469E-16, 0.000E+00, 0.000E+00, 0.000E+00, 0.000E+00,-1.890E+01,-2.158E+00, 2.732E+00, 2.376E-01, 1.204E-01,-9.990E+02, 1.000E+00,-9.990E+02, 0.000E+00, 0.000E+00, 0.000E+00, 7.586E-01, 0.000E+00, 0.000E+00, 0.000E+00, 0.000E+00, 1.885E+02, 5.678E+01, 2.698E-02, 0.000E+00, 3.706E+01, 5.256E-03, 7.676E-01
15/08/2019,01:00,9,3.491,3.991,10.877,.974,.034, 1.004E+03, 1.019E+02, 3.889E-05, 3.469E-16, 0.000E+00, 0.000E+00, 0.000E+00, 0.000E+00,-1.890E+01,-2.158E+00, 2.741E+00, 2.375E-01, 1.208E-01,-9.990E+02, 1.000E+00,-9.990E+02, 0.000E+00, 0.000E+00, 0.000E+00, 7.586E-01, 0.000E+00, 0.000E+00, 0.000E+00, 0.000E+00, 1.880E+02, 5.660E+01, 2.717E-02, 0.000E+00, 3.680E+01, 5.277E-03, 7.139E-01
15/08/2019,02:00,9,3.491,3.991,10.645,.974,.033, 1.004E+03, 9.726E+01, 3.889E-05, 3.469E-16, 0.000E+00, 0.000E+00, 0.000E+00, 0.000E+00,-1.890E+01,-2.158E+00, 2.814E+00, 2.374E-01, 1.239E-01,-9.990E+02, 1.000E+00,-9.990E+02, 0.000E+00, 0.000E+00, 0.000E+00, 7.741E-01, 0.000E+00, 0.000E+00, 0.000E+00, 0.000E+00, 1.832E+02, 5.516E+01, 2.737E-02, 0.000E+00, 3.654E+01, 5.395E-03, 6.605E-01
15/08/2019,03:00,9,3.491,3.991,10.412,.974,.033, 1.004E+03, 9.139E+01, 3.889E-05, 3.469E-16, 0.000E+00, 0.000E+00, 0.000E+00, 0.000E+00, 3.008E+00, 2.783E+01, 2.945E+00, 3.614E-01, 1.769E-01,-9.990E+02, 1.000E+00,-9.990E+02, 0.000E+00, 0.000E+00, 0.000E+00, 7.741E-01, 0.000E+00, 0.000E+00, 0.000E+00, 0.000E+00, 9.304E+01, 3.863E+01, 2.757E-02, 0.000E+00, 3.627E+01, 7.288E-03, 6.759E-01
15/08/2019,04:00,9,3.491,3.991,11.447,.929,.097, 1.004E+03, 8.463E+01, 3.889E-05, 3.469E-16, 7.929E+00, 2.218E+01, 4.939E+01, 7.063E+00, 3.008E+00, 2.783E+01, 2.850E+00, 3.620E-01, 1.712E-01, 5.366E-02, 1.000E+00, 2.852E-01, 8.689E-01, 1.000E-02, 1.000E+00, 7.741E-01, 2.208E-03, 1.411E-05, 5.551E-05, 0.000E+00, 9.615E+01, 3.992E+01, 1.308E-02, 6.753E-05, 7.606E+01, 5.544E-03, 6.963E-01
15/08/2019,05:00,9,3.491,3.991,12.483,.883,.170, 1.005E+03, 7.733E+01, 3.889E-05, 3.469E-16, 5.701E+01, 4.764E+01, 1.467E+02, 1.676E+01, 3.008E+00, 2.783E+01, 2.755E+00, 3.627E-01, 1.655E-01, 1.256E-01, 1.000E+00, 5.608E-01, 9.976E-01, 6.775E-02, 1.000E+00, 7.741E-01, 2.941E-02, 1.886E-04, 3.355E-04, 0.000E+00, 9.948E+01, 4.130E+01, 7.182E-03, 9.029E-04, 1.237E+02, 4.318E-03, 8.365E-01
15/08/2019,06:00,9,3.491,3.991,13.518,.838,.252, 1.005E+03, 6.987E+01, 1.504E-02, 3.469E-16, 1.212E+02, 6.592E+01, 2.004E+02, 2.437E+01, 1.224E+02, 1.313E+02, 2.660E+00, 5.036E-01, 1.737E-01, 1.959E-01, 1.000E+00, 7.049E-01, 9.997E-01, 2.051E-01, 1.000E+00, 7.741E-01, 1.119E-01, 7.201E-04, 1.021E-03, 0.000E+00, 8.129E+01, 3.935E+01, 5.000E-03, 3.448E-03, 1.184E+02, 4.576E-03, 1.001E+00
15/08/2019,07:00,9,3.491,3.991,14.967,.754,.421, 1.005E+03, 6.263E+01, 1.504E-02, 3.469E-16, 1.850E+02, 7.630E+01, 2.304E+02, 2.913E+01, 1.224E+02, 1.313E+02, 2.732E+00, 5.049E-01, 1.783E-01, 2.574E-01, 1.000E+00, 7.759E-01, 9.999E-01, 3.789E-01, 1.000E+00, 7.741E-01, 2.276E-01, 1.472E-03, 1.897E-03, 0.000E+00, 7.927E+01, 3.834E+01, 5.000E-03, 7.047E-03, 8.301E+01, 5.538E-03, 1.068E+00
15/08/2019,08:00,9,3.491,3.991,16.416,.670,.621, 1.005E+03, 5.609E+01, 1.504E-02, 3.469E-16, 2.409E+02, 8.013E+01, 2.473E+02, 3.139E+01, 1.224E+02, 1.313E+02, 2.804E+00, 5.061E-01, 1.829E-01, 3.056E-01, 1.000E+00, 8.091E-01, 1.000E+00, 5.313E-01, 1.000E+00, 7.741E-01, 3.328E-01, 2.163E-03, 2.674E-03, 0.000E+00, 7.732E+01, 3.737E+01, 5.000E-03, 1.036E-02, 6.512E+01, 6.240E-03, 1.134E+00
15/08/2019,09:00,9,3.491,3.991,17.865,.586,.855, 1.005E+03, 5.078E+01, 4.586E-02, 3.469E-16, 2.830E+02, 7.976E+01, 2.558E+02, 3.194E+01, 1.776E+02, 1.735E+02, 2.876E+00, 5.589E-01, 1.885E-01, 3.393E-01, 1.000E+00, 8.224E-01, 1.000E+00, 6.623E-01, 1.000E+00, 7.741E-01, 4.216E-01, 2.755E-03, 3.349E-03, 0.000E+00, 7.446E+01, 3.627E+01, 5.000E-03, 1.319E-02, 5.498E+01, 6.797E-03, 1.228E+00
15/08/2019,10:00,9,3.491,3.991,18.204,.574,.899, 1.005E+03, 4.735E+01, 4.586E-02, 3.469E-16, 3.092E+02, 7.837E+01, 2.601E+02, 3.187E+01, 1.776E+02, 1.735E+02, 2.834E+00, 5.592E-01, 1.857E-01, 3.586E-01, 1.000E+00, 8.271E-01, 1.000E+00, 6.899E-01, 1.000E+00, 7.741E-01, 4.417E-01, 2.889E-03, 3.493E-03, 0.000E+00, 7.559E+01, 3.681E+01, 5.000E-03, 1.383E-02, 5.310E+01, 6.820E-03, 1.136E+00
15/08/2019,11:00,9,3.491,3.991,18.544,.562,.945, 1.005E+03, 4.631E+01, 4.586E-02, 3.469E-16, 3.169E+02, 7.778E+01, 2.612E+02, 3.178E+01, 1.776E+02, 1.735E+02, 2.807E+00, 5.596E-01, 1.839E-01, 3.641E-01, 1.000E+00, 8.279E-01, 1.000E+00, 7.164E-01, 1.000E+00, 7.741E-01, 4.591E-01, 3.007E-03, 3.631E-03, 0.000E+00, 7.634E+01, 3.717E+01, 5.000E-03, 1.439E-02, 5.156E+01, 6.849E-03, 1.032E+00
15/08/2019,12:00,9,3.491,3.991,18.884,.550,.992, 1.005E+03, 4.787E+01, 6.175E-02, 3.469E-16, 3.048E+02, 7.851E+01, 2.590E+02, 3.185E+01, 9.062E+01, 1.520E+02, 2.796E+00, 5.712E-01, 1.764E-01, 3.558E-01, 1.000E+00, 8.261E-01, 1.000E+00, 7.416E-01, 1.000E+00, 7.741E-01, 4.743E-01, 3.109E-03, 3.764E-03, 0.000E+00, 8.507E+01, 3.874E+01, 5.000E-03, 1.489E-02, 5.029E+01, 6.659E-03, 9.869E-01
15/08/2019,13:00,9,3.491,3.991,18.665,.541,.998, 1.005E+03, 5.174E+01, 6.175E-02, 3.469E-16, 2.750E+02, 7.985E+01, 2.539E+02, 3.184E+01, 9.062E+01, 1.520E+02, 2.947E+00, 5.710E-01, 1.860E-01, 3.336E-01, 1.000E+00, 8.201E-01, 1.000E+00, 7.255E-01, 1.000E+00, 7.741E-01, 4.606E-01, 3.017E-03, 3.679E-03, 0.000E+00, 8.071E+01, 3.676E+01, 5.000E-03, 1.445E-02, 5.143E+01, 6.841E-03, 9.532E-01
15/08/2019,14:00,9,3.491,3.991,18.446,.532,1.004, 1.005E+03, 5.736E+01, 6.175E-02, 3.469E-16, 2.293E+02, 7.943E+01, 2.435E+02, 3.096E+01, 9.062E+01, 1.520E+02, 3.098E+00, 5.707E-01, 1.955E-01, 2.969E-01, 1.000E+00, 8.032E-01, 1.000E+00, 7.089E-01, 1.000E+00, 7.741E-01, 4.407E-01, 2.885E-03, 3.592E-03, 0.000E+00, 7.676E+01, 3.496E+01, 5.000E-03, 1.381E-02, 5.315E+01, 6.979E-03, 8.933E-01
15/08/2019,15:00,9,3.491,3.991,18.227,.523,1.009, 1.006E+03, 6.410E+01, 8.119E-03, 3.469E-16, 1.721E+02, 7.476E+01, 2.254E+02, 2.837E+01,-4.467E+00, 7.387E+01, 3.249E+00, 3.367E-01, 1.875E-01, 2.456E-01, 1.000E+00, 7.651E-01, 9.999E-01, 6.918E-01, 1.000E+00, 7.741E-01, 4.097E-01, 2.680E-03, 3.503E-03, 0.000E+00, 9.237E+01, 3.645E+01, 5.000E-03, 1.283E-02, 5.608E+01, 6.590E-03, 8.146E-01
15/08/2019,16:00,9,3.491,3.991,17.351,.597,.806, 1.006E+03, 7.143E+01, 8.119E-03, 3.469E-16, 1.073E+02, 6.275E+01, 1.915E+02, 2.301E+01,-4.467E+00, 7.387E+01, 2.712E+00, 3.362E-01, 1.566E-01, 1.817E-01, 1.000E+00, 6.823E-01, 9.996E-01, 6.183E-01, 1.000E+00, 7.741E-01, 3.266E-01, 2.130E-03, 3.120E-03, 0.000E+00, 1.107E+02, 4.366E+01, 5.000E-03, 1.020E-02, 6.580E+01, 5.543E-03, 7.930E-01
15/08/2019,17:00,9,3.491,3.991,16.474,.671,.622, 1.006E+03, 7.891E+01, 8.119E-03, 3.469E-16, 4.439E+01, 4.273E+01, 1.302E+02, 1.480E+01,-4.467E+00, 7.387E+01, 2.195E+00, 3.357E-01, 1.267E-01, 1.101E-01, 1.000E+00, 5.154E-01, 9.953E-01, 5.370E-01, 1.000E+00, 7.741E-01, 2.143E-01, 1.393E-03, 2.690E-03, 0.000E+00, 1.368E+02, 5.396E+01, 5.000E-03, 6.669E-03, 8.569E+01, 4.399E-03, 8.104E-01
15/08/2019,18:00,9,3.491,3.991,15.598,.745,.456, 1.006E+03, 8.616E+01, 3.889E-05, 3.469E-16, 2.529E+00, 1.563E+01, 2.371E+01, 4.835E+00,-1.165E+01, 4.008E+00, 1.714E+00, 1.162E-01, 1.000E-01, 3.837E-02, 1.000E+00, 1.973E-01, 6.229E-01, 4.479E-01, 1.000E+00, 7.741E-01, 6.841E-02, 4.434E-04, 1.400E-03, 0.000E+00, 4.761E+02, 6.835E+01, 5.000E-03, 2.123E-03, 1.404E+02, 2.874E-03, 9.321E-01
15/08/2019,19:00,9,3.491,3.991,14.566,.763,.396, 1.006E+03, 9.281E+01, 3.889E-05, 3.469E-16, 0.000E+00, 0.000E+00, 0.000E+00, 0.000E+00,-1.165E+01, 4.008E+00, 1.942E+00, 1.160E-01, 1.000E-01,-9.990E+02, 1.000E+00,-9.990E+02, 0.000E+00, 0.000E+00, 0.000E+00, 7.741E-01, 0.000E+00, 0.000E+00, 0.000E+00, 0.000E+00, 4.778E+02, 6.835E+01, 5.000E-03, 0.000E+00, 2.000E+02, 2.453E-03, 1.220E+00
15/08/2019,20:00,9,3.491,3.991,13.534,.781,.341, 1.006E+03, 9.849E+01, 3.889E-05, 3.469E-16, 0.000E+00, 0.000E+00, 0.000E+00, 0.000E+00,-1.165E+01, 4.008E+00, 2.412E+00, 1.158E-01, 1.000E-01,-9.990E+02, 1.000E+00,-9.990E+02, 0.000E+00, 0.000E+00, 0.000E+00, 7.741E-01, 0.000E+00, 0.000E+00, 0.000E+00, 0.000E+00, 4.795E+02, 6.835E+01, 5.000E-03, 0.000E+00, 2.000E+02, 2.452E-03, 1.740E+00
15/08/2019,21:00,9,3.491,3.991,12.502,.799,.292, 1.007E+03, 1.028E+02, 1.377E-04, 3.469E-16, 0.000E+00, 0.000E+00, 0.000E+00, 0.000E+00,-2.247E+01, 9.357E+00, 3.013E+00, 2.148E-01, 1.148E-01,-9.990E+02, 1.000E+00,-9.990E+02, 0.000E+00, 0.000E+00, 0.000E+00, 7.741E-01, 0.000E+00, 0.000E+00, 0.000E+00, 0.000E+00, 2.285E+02, 5.953E+01, 5.000E-03, 0.000E+00, 2.000E+02, 2.751E-03, 2.659E+00
15/08/2019,22:00,9,3.491,3.991,12.531,.811,.276, 1.007E+03, 1.055E+02, 1.377E-04, 3.469E-16, 0.000E+00, 0.000E+00, 0.000E+00, 0.000E+00,-2.247E+01, 9.357E+00, 2.916E+00, 2.148E-01, 1.111E-01,-9.990E+02, 1.000E+00,-9.990E+02, 0.000E+00, 0.000E+00, 0.000E+00, 7.741E-01, 0.000E+00, 0.000E+00, 0.000E+00, 0.000E+00, 2.361E+02, 6.150E+01, 5.000E-03, 0.000E+00, 2.000E+02, 2.711E-03, 3.323E+00
15/08/2019,23:00,9,3.491,3.991,12.560,.822,.260, 1.007E+03, 1.064E+02, 1.377E-04, 3.469E-16, 0.000E+00, 0.000E+00, 0.000E+00, 0.000E+00,-2.247E+01, 9.357E+00, 2.823E+00, 2.148E-01, 1.076E-01,-9.990E+02, 1.000E+00,-9.990E+02, 0.000E+00, 0.000E+00, 0.000E+00, 7.741E-01, 0.000E+00, 0.000E+00, 0.000E+00, 0.000E+00, 2.438E+02, 6.352E+01, 5.000E-03, 0.000E+00, 2.000E+02, 2.671E-03, 3.546E+00
16/08/2019,00:00,9,3.491,3.991,12.589,.834,.243, 1.007E+03, 1.052E+02, 0.000E+00, 3.469E-16, 0.000E+00, 0.000E+00, 0.000E+00, 0.000E+00,-2.856E+01, 4.497E+00, 2.735E+00, 2.390E-01, 1.072E-01,-9.990E+02, 1.000E+00,-9.990E+02, 0.000E+00, 0.000E+00, 0.000E+00, 7.741E-01, 0.000E+00, 0.000E+00, 0.000E+00, 0.000E+00, 2.380E+02, 6.377E+01, 5.000E-03, 0.000E+00, 2.000E+02, 2.670E-03, 3.772E+00
16/08/2019,01:00,9,3.491,3.991,12.223,.863,.195, 1.006E+03, 1.022E+02, 0.000E+00, 3.469E-16, 0.000E+00, 0.000E+00, 0.000E+00, 0.000E+00,-2.856E+01, 4.497E+00, 2.817E+00, 2.388E-01, 1.103E-01,-9.990E+02, 1.000E+00,-9.990E+02, 0.000E+00, 0.000E+00, 0.000E+00, 7.741E-01, 0.000E+00, 0.000E+00, 0.000E+00, 0.000E+00, 2.314E+02, 6.195E+01, 5.434E-03, 0.000E+00, 1.840E+02, 2.829E-03, 4.063E+00
16/08/2019,02:00,9,3.491,3.991,11.856,.893,.150, 1.006E+03, 9.753E+01, 0.000E+00, 3.469E-16, 0.000E+00, 0.000E+00, 0.000E+00, 0.000E+00,-2.856E+01, 4.497E+00, 2.905E+00, 2.387E-01, 1.137E-01,-9.990E+02, 1.000E+00,-9.990E+02, 0.000E+00, 0.000E+00, 0.000E+00, 7.746E-01, 0.000E+00, 0.000E+00, 0.000E+00, 0.000E+00, 2.246E+02, 6.010E+01, 8.424E-03, 0.000E+00, 1.187E+02, 3.532E-03, 4.143E+00
16/08/2019,03:00,9,3.491,3.991,11.489,.922,.106, 1.006E+03, 9.165E+01, 2.109E-03, 3.469E-16, 0.000E+00, 0.000E+00, 0.000E+00, 0.000E+00,-3.339E+00, 1.369E+01, 3.000E+00, 3.033E-01, 1.731E-01,-9.990E+02, 1.000E+00,-9.990E+02, 0.000E+00, 0.000E+00, 0.000E+00, 7.746E-01, 0.000E+00, 0.000E+00, 0.000E+00, 0.000E+00, 1.001E+02, 3.949E+01, 1.307E-02, 0.000E+00, 7.654E+01, 5.549E-03, 3.924E+00
16/08/2019,04:00,9,3.491,3.991,12.795,.891,.162, 1.006E+03, 8.488E+01, 2.109E-03, 3.469E-16, 1.398E+00, 1.404E+01, 1.213E+01, 4.297E+00,-3.339E+00, 1.369E+01, 2.842E+00, 3.040E-01, 1.640E-01, 5.115E-02, 1.000E+00, 1.738E-01, 3.928E-01, 1.103E-01, 1.000E+00, 7.746E-01, 1.486E-02, 9.537E-05, 2.155E-04, 0.000E+00, 1.057E+02, 4.168E+01, 8.219E-03, 4.566E-04, 1.153E+02, 4.451E-03, 3.442E+00
16/08/2019,05:00,9,3.491,3.991,14.101,.860,.226, 1.006E+03, 7.758E+01, 2.109E-03, 3.469E-16, 1.123E+01, 4.487E+01, 4.010E+01, 1.400E+01,-3.339E+00, 1.369E+01, 2.793E+00, 3.047E-01, 1.612E-01, 1.232E-01, 1.000E+00, 4.833E-01, 8.078E-01, 2.776E-01, 1.000E+00, 7.746E-01, 1.039E-01, 6.701E-04, 1.120E-03, 0.000E+00, 1.075E+02, 4.240E+01, 5.605E-03, 3.208E-03, 1.135E+02, 4.449E-03, 3.243E+00
16/08/2019,06:00,9,3.491,3.991,15.407,.829,.301, 1.006E+03, 7.012E+01, 9.857E-02, 3.469E-16, 1.138E+02, 6.267E+01, 1.905E+02, 2.314E+01, 3.980E+01, 6.372E+01, 2.859E+00, 6.138E-01, 1.745E-01, 1.937E-01, 1.000E+00, 6.886E-01, 9.996E-01, 4.275E-01, 1.000E+00, 7.746E-01, 2.280E-01, 1.477E-03, 2.144E-03, 0.000E+00, 9.149E+01, 3.917E+01, 5.000E-03, 7.072E-03, 8.284E+01, 5.411E-03, 3.072E+00
16/08/2019,07:00,9,3.491,3.991,15.969,.813,.342, 1.006E+03, 6.289E+01, 9.857E-02, 3.469E-16, 1.749E+02, 7.283E+01, 2.197E+02, 2.777E+01, 3.980E+01, 6.372E+01, 3.098E+00, 6.145E-01, 1.891E-01, 2.554E-01, 1.000E+00, 7.624E-01, 9.999E-01, 4.867E-01, 1.000E+00, 7.746E-01, 2.874E-01, 1.865E-03, 2.446E-03, 0.000E+00, 8.444E+01, 3.615E+01, 5.000E-03, 8.931E-03, 7.178E+01, 6.028E-03, 2.022E+00
16/08/2019,08:00,9,3.491,3.991,16.532,.797,.385, 1.006E+03, 5.635E+01, 9.857E-02, 3.469E-16, 2.285E+02, 7.669E+01, 2.362E+02, 3.001E+01, 3.980E+01, 6.372E+01, 3.383E+00, 6.151E-01, 2.065E-01, 3.038E-01, 1.000E+00, 7.973E-01, 9.999E-01, 5.426E-01, 1.000E+00, 7.746E-01, 3.351E-01, 2.179E-03, 2.733E-03, 0.000E+00, 7.735E+01, 3.311E+01, 5.000E-03, 1.043E-02, 6.479E+01, 6.623E-03, 1.874E+00
16/08/2019,09:00,9,3.491,3.991,17.094,.781,.431, 1.006E+03, 5.107E+01, 2.031E-02, 3.469E-16, 2.729E+02, 7.762E+01, 2.481E+02, 3.104E+01, 8.454E+01, 1.143E+02, 3.703E+00, 5.282E-01, 2.354E-01, 3.376E-01, 1.000E+00, 8.152E-01, 1.000E+00, 5.953E-01, 1.000E+00, 7.746E-01, 3.759E-01, 2.449E-03, 3.005E-03, 0.000E+00, 6.294E+01, 2.904E+01, 5.000E-03, 1.173E-02, 5.978E+01, 7.437E-03, 2.019E+00
16/08/2019,10:00,9,3.491,3.991,18.071,.741,.543, 1.006E+03, 4.765E+01, 2.031E-02, 3.469E-16, 2.983E+02, 7.635E+01, 2.524E+02, 3.100E+01, 8.454E+01, 1.143E+02, 3.073E+00, 5.292E-01, 1.953E-01, 3.570E-01, 1.000E+00, 8.203E-01, 1.000E+00, 6.792E-01, 1.000E+00, 7.746E-01, 4.316E-01, 2.821E-03, 3.439E-03, 0.000E+00, 7.589E+01, 3.500E+01, 5.000E-03, 1.351E-02, 5.403E+01, 6.942E-03, 2.228E+00
16/08/2019,11:00,9,3.491,3.991,19.047,.700,.667, 1.006E+03, 4.663E+01, 2.031E-02, 3.469E-16, 3.057E+02, 7.581E+01, 2.535E+02, 3.093E+01, 8.454E+01, 1.143E+02, 2.452E+00, 5.301E-01, 1.558E-01, 3.624E-01, 1.000E+00, 8.213E-01, 1.000E+00, 7.533E-01, 1.000E+00, 7.746E-01, 4.793E-01, 3.144E-03, 3.828E-03, 0.000E+00, 9.518E+01, 4.388E+01, 5.000E-03, 1.505E-02, 4.987E+01, 6.145E-03, 2.314E+00
16/08/2019,12:00,9,3.491,3.991,20.023,.660,.805, 1.005E+03, 4.819E+01, 2.620E-02, 3.469E-16, 2.966E+02, 7.718E+01, 2.537E+02, 3.126E+01, 6.009E+01, 1.294E+02, 1.848E+00, 4.375E-01, 1.187E-01, 3.540E-01, 1.000E+00, 8.214E-01, 1.000E+00, 8.177E-01, 1.000E+00, 7.746E-01, 5.203E-01, 3.424E-03, 4.169E-03, 0.000E+00, 1.223E+02, 5.757E+01, 5.000E-03, 1.639E-02, 4.674E+01, 5.150E-03, 2.231E+00
16/08/2019,13:00,9,3.491,3.991,20.046,.657,.814, 1.005E+03, 5.206E+01, 2.620E-02, 3.469E-16, 2.673E+02, 7.838E+01, 2.486E+02, 3.122E+01, 6.009E+01, 1.294E+02, 2.052E+00, 4.376E-01, 1.319E-01, 3.316E-01, 1.000E+00, 8.149E-01, 1.000E+00, 8.192E-01, 1.000E+00, 7.746E-01, 5.171E-01, 3.403E-03, 4.176E-03, 0.000E+00, 1.101E+02, 5.183E+01, 5.000E-03, 1.629E-02, 4.696E+01, 5.565E-03, 2.015E+00
16/08/2019,14:00,9,3.491,3.991,20.070,.654,.822, 1.005E+03, 5.767E+01, 2.620E-02, 3.469E-16, 2.224E+02, 7.780E+01, 2.382E+02, 3.029E+01, 6.009E+01, 1.294E+02, 2.259E+00, 4.377E-01, 1.452E-01, 2.947E-01, 1.000E+00, 7.970E-01, 9.999E-01, 8.206E-01, 1.000E+00, 7.746E-01, 5.066E-01, 3.335E-03, 4.184E-03, 0.000E+00, 1.001E+02, 4.708E+01, 5.000E-03, 1.597E-02, 4.770E+01, 5.942E-03, 1.801E+00
16/08/2019,15:00,9,3.491,3.991,20.093,.651,.831, 1.004E+03, 6.440E+01, 3.982E-02, 3.469E-16, 9.409E+01, 9.804E+01, 1.416E+02, 3.275E+01, 1.054E-01, 5.985E+01, 2.468E+00, 4.102E-01, 1.466E-01, 2.432E-01, 1.000E+00, 8.025E-01, 9.970E-01, 8.220E-01, 1.000E+00, 7.746E-01, 5.110E-01, 3.364E-03, 4.179E-03, 0.000E+00, 1.148E+02, 4.663E+01, 5.000E-03, 1.610E-02, 4.738E+01, 5.901E-03, 1.630E+00
16/08/2019,16:00,9,3.491,3.991,19.248,.711,.651, 1.005E+03, 7.173E+01, 3.982E-02, 3.469E-16, 5.813E+01, 7.328E+01, 1.170E+02, 2.431E+01, 1.054E-01, 5.985E+01, 2.546E+00, 4.096E-01, 1.512E-01, 1.789E-01, 1.000E+00, 6.965E-01, 9.919E-01, 7.674E-01, 1.000E+00, 7.746E-01, 4.140E-01, 2.718E-03, 3.870E-03, 0.000E+00, 1.113E+02, 4.519E+01, 5.000E-03, 1.301E-02, 5.552E+01, 5.752E-03, 1.465E+00
16/08/2019,17:00,9,3.491,3.991,18.403,.772,.487, 1.005E+03, 7.921E+01, 3.982E-02, 3.469E-16, 2.338E+01, 4.269E+01, 7.634E+01, 1.388E+01, 1.054E-01, 5.985E+01, 2.628E+00, 4.090E-01, 1.561E-01, 1.072E-01, 1.000E+00, 4.909E-01, 9.567E-01, 7.055E-01, 1.000E+00, 7.746E-01, 2.683E-01, 1.756E-03, 3.422E-03, 0.000E+00, 1.078E+02, 4.378E+01, 5.000E-03, 8.407E-03, 7.459E+01, 5.285E-03, 1.313E+00
16/08/2019,18:00,9,3.491,3.991,17.558,.833,.339, 1.005E+03, 8.646E+01, 0.000E+00, 3.469E-16, 1.815E+00, 1.418E+01, 1.907E+01, 4.361E+00,-3.358E+01, 2.303E+00, 2.714E+00, 2.757E-01, 1.155E-01, 3.533E-02, 1.000E+00, 1.776E-01, 5.437E-01, 6.363E-01, 1.000E+00, 7.746E-01, 8.755E-02, 5.714E-04, 1.749E-03, 0.000E+00, 2.033E+02, 5.916E+01, 5.000E-03, 2.736E-03, 1.293E+02, 3.454E-03, 1.225E+00
16/08/2019,19:00,9,3.491,3.991,16.743,.872,.246, 1.005E+03, 9.312E+01, 0.000E+00, 3.469E-16, 0.000E+00, 0.000E+00, 0.000E+00, 0.000E+00,-3.358E+01, 2.303E+00, 2.786E+00, 2.753E-01, 1.184E-01,-9.990E+02, 1.000E+00,-9.990E+02, 0.000E+00, 0.000E+00, 0.000E+00, 7.746E-01, 0.000E+00, 0.000E+00, 0.000E+00, 0.000E+00, 1.986E+02, 5.771E+01, 7.147E-03, 0.000E+00, 1.399E+02, 3.375E-03, 1.189E+00
16/08/2019,20:00,9,3.491,3.991,15.928,.911,.161, 1.005E+03, 9.881E+01, 0.000E+00, 3.469E-16, 0.000E+00, 0.000E+00, 0.000E+00, 0.000E+00,-3.358E+01, 2.303E+00, 2.865E+00, 2.749E-01, 1.217E-01,-9.990E+02, 1.000E+00,-9.990E+02, 0.000E+00, 0.000E+00, 0.000E+00, 7.746E-01, 0.000E+00, 0.000E+00, 0.000E+00, 0.000E+00, 1.936E+02, 5.619E+01, 1.190E-02, 0.000E+00, 8.402E+01, 4.233E-03, 1.170E+00
16/08/2019,21:00,9,3.491,3.991,15.113,.951,.085, 1.005E+03, 1.032E+02, 0.000E+00, 3.469E-16, 0.000E+00, 0.000E+00, 0.000E+00, 0.000E+00,-2.728E+01,-6.673E+00, 2.950E+00, 2.888E-01, 1.370E-01,-9.990E+02, 1.000E+00,-9.990E+02, 0.000E+00, 0.000E+00, 0.000E+00, 7.746E-01, 0.000E+00, 0.000E+00, 0.000E+00, 0.000E+00, 1.572E+02, 4.990E+01, 1.984E-02, 0.000E+00, 5.040E+01, 5.428E-03, 1.450E+00
16/08/2019,22:00,9,3.491,3.991,14.830,.961,.066, 1.005E+03, 1.059E+02, 0.000E+00, 3.469E-16, 0.000E+00, 0.000E+00, 0.000E+00, 0.000E+00,-2.728E+01,-6.673E+00, 2.743E+00, 2.887E-01, 1.273E-01,-9.990E+02, 1.000E+00,-9.990E+02, 0.000E+00, 0.000E+00, 0.000E+00, 7.746E-01, 0.000E+00, 0.000E+00, 0.000E+00, 0.000E+00, 1.692E+02, 5.369E+01, 2.302E-02, 0.000E+00, 4.344E+01, 5.335E-03, 1.646E+00
16/08/2019,23:00,9,3.491,3.991,14.547,.971,.049, 1.005E+03, 1.067E+02, 0.000E+00, 3.469E-16, 0.000E+00, 0.000E+00, 0.000E+00, 0.000E+00,-2.728E+01,-6.673E+00, 2.631E+00, 2.886E-01, 1.221E-01,-9.990E+02, 1.000E+00,-9.990E+02, 0.000E+00, 0.000E+00, 0.000E+00, 7.746E-01, 0.000E+00, 0.000E+00, 0.000E+00, 0.000E+00, 1.765E+02, 5.599E+01, 2.475E-02, 0.000E+00, 4.041E+01, 5.247E-03, 1.791E+00
17/08/2019,00:00,9,3.491,3.991,14.265,.981,.031, 1.005E+03, 1.055E+02, 2.843E-04, 3.469E-16, 0.000E+00, 0.000E+00, 0.000E+00, 0.000E+00,-2.876E+01, 1.477E+01, 2.626E+00, 3.488E-01, 1.337E-01,-9.990E+02, 1.000E+00,-9.990E+02, 0.000E+00, 0.000E+00, 0.000E+00, 7.746E-01, 0.000E+00, 0.000E+00, 0.000E+00, 0.000E+00, 1.470E+02, 5.114E+01, 2.872E-02, 0.000E+00, 3.482E+01, 5.859E-03, 1.707E+00
17/08/2019,01:00,9,3.491,3.991,13.668,.974,.041, 1.005E+03, 1.025E+02, 2.843E-04, 3.469E-16, 0.000E+00, 0.000E+00, 0.000E+00, 0.000E+00,-2.876E+01, 1.477E+01, 2.818E+00, 3.484E-01, 1.434E-01,-9.990E+02, 1.000E+00,-9.990E+02, 0.000E+00, 0.000E+00, 0.000E+00, 7.746E-01, 0.000E+00, 0.000E+00, 0.000E+00, 0.000E+00, 1.371E+02, 4.768E+01, 2.524E-02, 0.000E+00, 3.963E+01, 6.014E-03, 1.482E+00
17/08/2019,02:00,9,3.491,3.991,13.072,.967,.051, 1.005E+03, 9.781E+01, 2.843E-04, 3.469E-16, 0.000E+00, 0.000E+00, 0.000E+00, 0.000E+00,-2.876E+01, 1.477E+01, 3.012E+00, 3.480E-01, 1.531E-01,-9.990E+02, 1.000E+00,-9.990E+02, 0.000E+00, 0.000E+00, 0.000E+00, 7.844E-01, 0.000E+00, 0.000E+00, 0.000E+00, 0.000E+00, 1.285E+02, 4.464E+01, 2.219E-02, 0.000E+00, 4.507E+01, 6.110E-03, 1.341E+00
17/08/2019,03:00,9,3.491,3.991,12.476,.959,.059, 1.005E+03, 9.192E+01, 0.000E+00, 3.469E-16, 0.000E+00, 0.000E+00, 0.000E+00, 0.000E+00,-1.231E+01, 3.988E+01, 3.206E+00, 3.983E-01, 1.817E-01,-9.990E+02, 1.000E+00,-9.990E+02, 0.000E+00, 0.000E+00, 0.000E+00, 7.844E-01, 0.000E+00, 0.000E+00, 0.000E+00, 0.000E+00, 9.713E+01, 3.763E+01, 2.108E-02, 0.000E+00, 4.743E+01, 6.832E-03, 1.364E+00
17/08/2019,04:00,9,3.491,3.991,13.011,.935,.098, 1.006E+03, 8.513E+01, 0.000E+00, 3.469E-16, 5.375E+00, 1.853E+01, 3.751E+01, 5.844E+00,-1.231E+01, 3.988E+01, 3.083E+00, 3.987E-01, 1.747E-01, 4.862E-02, 1.000E+00, 2.415E-01, 7.862E-01, 1.392E-01, 1.000E+00, 7.844E-01, 2.636E-02, 1.693E-04, 5.512E-04, 0.000E+00, 1.010E+02, 3.912E+01, 1.563E-02, 8.106E-04, 6.082E+01, 6.110E-03, 1.435E+00
17/08/2019,05:00,9,3.491,3.991,13.545,.911,.139, 1.006E+03, 7.783E+01, 0.000E+00, 3.469E-16, 4.866E+01, 4.240E+01, 1.302E+02, 1.485E+01,-1.231E+01, 3.988E+01, 2.994E+00, 3.990E-01, 1.697E-01, 1.208E-01, 1.000E+00, 5.220E-01, 9.953E-01, 2.085E-01, 1.000E+00, 7.844E-01, 8.538E-02, 5.495E-04, 1.048E-03, 0.000E+00, 1.039E+02, 4.027E+01, 1.160E-02, 2.631E-03, 7.029E+01, 5.677E-03, 1.630E+00
17/08/2019,06:00,9,3.491,3.991,14.079,.887,.183, 1.006E+03, 7.036E+01, 2.366E-03, 3.469E-16, 1.043E+01, 6.478E+01, 3.543E+01, 1.991E+01, 9.667E+01, 1.372E+02, 2.943E+00, 6.568E-01, 1.832E-01, 1.914E-01, 1.000E+00, 5.989E-01, 7.672E-01, 2.750E-01, 1.000E+00, 7.844E-01, 1.292E-01, 8.330E-04, 1.067E-03, 0.000E+00, 8.402E+01, 3.731E+01, 6.912E-03, 3.988E-03, 9.175E+01, 5.309E-03, 2.036E+00
17/08/2019,07:00,9,3.491,3.991,15.313,.797,.355, 1.006E+03, 6.314E+01, 2.366E-03, 3.469E-16, 1.613E+01, 8.997E+01, 4.551E+01, 2.765E+01, 9.667E+01, 1.372E+02, 3.632E+00, 6.582E-01, 2.260E-01, 2.534E-01, 1.000E+00, 7.215E-01, 8.461E-01, 4.173E-01, 1.000E+00, 7.844E-01, 2.362E-01, 1.529E-03, 1.793E-03, 0.000E+00, 6.813E+01, 3.024E+01, 5.000E-03, 7.322E-03, 8.115E+01, 6.271E-03, 2.273E+00
17/08/2019,08:00,9,3.491,3.991,16.547,.708,.554, 1.006E+03, 5.662E+01, 2.366E-03, 3.469E-16, 2.113E+01, 1.099E+02, 5.295E+01, 3.374E+01, 9.667E+01, 1.372E+02, 4.326E+00, 6.597E-01, 2.691E-01, 3.019E-01, 1.000E+00, 7.915E-01, 8.867E-01, 5.441E-01, 1.000E+00, 7.844E-01, 3.378E-01, 2.197E-03, 2.461E-03, 0.000E+00, 5.724E+01, 2.540E+01, 5.000E-03, 1.052E-02, 6.444E+01, 7.679E-03, 2.467E+00
17/08/2019,09:00,9,3.491,3.991,17.781,.618,.784, 1.006E+03, 5.136E+01, 9.782E-04, 3.469E-16, 1.610E+02, 1.257E+02, 1.713E+02, 4.239E+01, 1.114E+02, 1.542E+02, 5.022E+00, 8.092E-01, 3.081E-01, 3.359E-01, 1.000E+00, 8.836E-01, 9.991E-01, 6.553E-01, 1.000E+00, 7.844E-01, 4.542E-01, 2.966E-03, 3.354E-03, 0.000E+00, 5.135E+01, 2.219E+01, 5.000E-03, 1.420E-02, 5.208E+01, 9.110E-03, 2.601E+00
17/08/2019,10:00,9,3.491,3.991,18.364,.576,.904, 1.005E+03, 4.796E+01, 9.782E-04, 3.469E-16, 1.762E+02, 1.305E+02, 1.756E+02, 4.405E+01, 1.114E+02, 1.542E+02, 5.092E+00, 8.101E-01, 3.123E-01, 3.553E-01, 1.000E+00, 8.944E-01, 9.993E-01, 7.025E-01, 1.000E+00, 7.844E-01, 4.929E-01, 3.225E-03, 3.603E-03, 0.000E+00, 5.067E+01, 2.189E+01, 5.000E-03, 1.544E-02, 4.892E+01, 9.449E-03, 2.431E+00
17/08/2019,11:00,9,3.491,3.991,18.948,.534,1.031, 1.005E+03, 4.695E+01, 9.782E-04, 3.469E-16, 1.805E+02, 1.317E+02, 1.767E+02, 4.448E+01, 1.114E+02, 1.542E+02, 5.162E+00, 8.110E-01, 3.166E-01, 3.607E-01, 1.000E+00, 8.972E-01, 9.993E-01, 7.463E-01, 1.000E+00, 7.844E-01, 5.251E-01, 3.443E-03, 3.835E-03, 0.000E+00, 4.998E+01, 2.159E+01, 5.000E-03, 1.649E-02, 4.654E+01, 9.739E-03, 2.591E+00
17/08/2019,12:00,9,3.491,3.991,19.531,.492,1.167, 1.005E+03, 4.852E+01, 1.680E-02, 3.469E-16, 1.187E+01, 1.113E+02, 4.282E+01, 3.386E+01, 7.519E+00, 1.196E+02, 5.235E+00, 7.312E-01, 3.120E-01, 3.523E-01, 1.000E+00, 7.785E-01, 8.281E-01, 7.865E-01, 1.000E+00, 7.844E-01, 4.803E-01, 3.156E-03, 3.357E-03, 0.000E+00, 5.356E+01, 2.191E+01, 5.000E-03, 1.511E-02, 4.973E+01, 9.341E-03, 2.236E+00
17/08/2019,13:00,9,3.491,3.991,18.878,.576,.934, 1.005E+03, 5.238E+01, 1.680E-02, 3.469E-16, 1.068E+01, 1.031E+02, 4.012E+01, 3.137E+01, 7.519E+00, 1.196E+02, 4.637E+00, 7.305E-01, 2.764E-01, 3.297E-01, 1.000E+00, 7.523E-01, 8.080E-01, 7.412E-01, 1.000E+00, 7.844E-01, 4.373E-01, 2.867E-03, 3.080E-03, 0.000E+00, 6.046E+01, 2.473E+01, 5.000E-03, 1.373E-02, 5.340E+01, 8.467E-03, 1.841E+00
17/08/2019,14:00,9,3.491,3.991,18.225,.660,.719, 1.004E+03, 5.798E+01, 1.680E-02, 3.469E-16, 8.868E+00, 8.976E+01, 3.568E+01, 2.732E+01, 7.519E+00, 1.196E+02, 4.140E+00, 7.297E-01, 2.468E-01, 2.925E-01, 1.000E+00, 7.026E-01, 7.695E-01, 6.916E-01, 1.000E+00, 7.844E-01, 3.811E-01, 2.493E-03, 2.730E-03, 0.000E+00, 6.773E+01, 2.770E+01, 5.000E-03, 1.193E-02, 5.905E+01, 7.603E-03, 1.701E+00
17/08/2019,15:00,9,3.491,3.991,17.571,.744,.519, 1.004E+03, 6.471E+01, 6.134E-02, 3.469E-16, 3.351E+00, 6.294E+01, 2.300E+01, 1.908E+01,-2.211E+01, 3.354E+01, 3.782E+00, 6.139E-01, 2.195E-01, 2.406E-01, 1.000E+00, 5.601E-01, 6.117E-01, 6.376E-01, 1.000E+00, 7.844E-01, 2.801E-01, 1.828E-03, 1.996E-03, 0.000E+00, 7.853E+01, 3.115E+01, 5.000E-03, 8.752E-03, 7.272E+01, 6.475E-03, 1.505E+00
17/08/2019,16:00,9,3.491,3.991,17.177,.775,.444, 1.004E+03, 7.204E+01, 6.134E-02, 3.469E-16, 2.051E+00, 4.296E+01, 1.635E+01, 1.302E+01,-2.211E+01, 3.354E+01, 4.030E+00, 6.136E-01, 2.338E-01, 1.761E-01, 1.000E+00, 4.278E-01, 4.895E-01, 6.029E-01, 1.000E+00, 7.844E-01, 2.023E-01, 1.319E-03, 1.508E-03, 0.000E+00, 7.370E+01, 2.923E+01, 5.000E-03, 6.313E-03, 8.840E+01, 6.057E-03, 1.416E+00
17/08/2019,17:00,9,3.491,3.991,16.783,.806,.373, 1.004E+03, 7.952E+01, 6.134E-02, 3.469E-16, 8.001E-01, 2.138E+01, 8.677E+00, 6.478E+00,-2.211E+01, 3.354E+01, 4.300E+00, 6.132E-01, 2.495E-01, 1.042E-01, 1.000E+00, 2.408E-01, 3.001E-01, 5.666E-01, 1.000E+00, 7.844E-01, 1.070E-01, 6.965E-04, 8.681E-04, 0.000E+00, 6.909E+01, 2.740E+01, 5.000E-03, 3.334E-03, 1.200E+02, 5.212E-03, 1.215E+00
17/08/2019,18:00,9,3.491,3.991,16.389,.837,.305, 1.004E+03, 8.677E+01, 1.070E-01, 3.469E-16, 3.810E-02, 4.396E+00, 1.665E+00, 1.326E+00,-4.082E+01, 2.785E+01, 4.587E+00, 7.030E-01, 2.647E-01, 3.226E-02, 1.000E+00, 5.351E-02, 6.617E-02, 5.287E-01, 1.000E+00, 7.844E-01, 2.219E-02, 1.442E-04, 1.784E-04, 0.000E+00, 6.544E+01, 2.582E+01, 5.000E-03, 6.905E-04, 1.757E+02, 4.107E-03, 1.039E+00
17/08/2019,19:00,9,3.491,3.991,16.172,.854,.270, 1.003E+03, 9.343E+01, 1.070E-01, 3.469E-16, 0.000E+00, 0.000E+00, 0.000E+00, 0.000E+00,-4.082E+01, 2.785E+01, 4.687E+00, 7.028E-01, 2.705E-01,-9.990E+02, 1.000E+00,-9.990E+02, 0.000E+00, 0.000E+00, 0.000E+00, 7.844E-01, 0.000E+00, 0.000E+00, 0.000E+00, 0.000E+00, 6.404E+01, 2.527E+01, 5.000E-03, 0.000E+00, 2.000E+02, 3.755E-03, 9.237E-01
17/08/2019,20:00,9,3.491,3.991,15.956,.871,.235, 1.003E+03, 9.913E+01, 1.070E-01, 3.469E-16, 0.000E+00, 0.000E+00, 0.000E+00, 0.000E+00,-4.082E+01, 2.785E+01, 4.790E+00, 7.027E-01, 2.765E-01,-9.990E+02, 1.000E+00,-9.990E+02, 0.000E+00, 0.000E+00, 0.000E+00, 7.844E-01, 0.000E+00, 0.000E+00, 0.000E+00, 0.000E+00, 6.267E+01, 2.472E+01, 7.253E-03, 0.000E+00, 1.379E+02, 4.931E-03, 9.033E-01
17/08/2019,21:00,9,3.491,3.991,15.739,.888,.201, 1.002E+03, 1.035E+02, 2.835E-01, 3.469E-16, 0.000E+00, 0.000E+00, 0.000E+00, 0.000E+00,-3.612E+01, 2.670E+01, 4.895E+00, 6.269E-01, 2.806E-01,-9.990E+02, 1.000E+00,-9.990E+02, 0.000E+00, 0.000E+00, 0.000E+00, 7.844E-01, 0.000E+00, 0.000E+00, 0.000E+00, 0.000E+00, 6.219E+01, 2.436E+01, 8.402E-03, 0.000E+00, 1.190E+02, 5.464E-03, 8.904E-01
17/08/2019,22:00,9,3.491,3.991,15.651,.910,.160, 1.002E+03, 1.062E+02, 2.835E-01, 3.469E-16, 0.000E+00, 0.000E+00, 0.000E+00, 0.000E+00,-3.612E+01, 2.670E+01, 4.717E+00, 6.269E-01, 2.704E-01,-9.990E+02, 1.000E+00,-9.990E+02, 0.000E+00, 0.000E+00, 0.000E+00, 7.844E-01, 0.000E+00, 0.000E+00, 0.000E+00, 0.000E+00, 6.453E+01, 2.528E+01, 1.292E-02, 0.000E+00, 7.740E+01, 6.954E-03, 8.976E-01
17/08/2019,23:00,9,3.491,3.991,15.563,.933,.120, 1.002E+03, 1.070E+02, 2.835E-01, 3.469E-16, 0.000E+00, 0.000E+00, 0.000E+00, 0.000E+00,-3.612E+01, 2.670E+01, 4.544E+00, 6.268E-01, 2.604E-01,-9.990E+02, 1.000E+00,-9.990E+02, 0.000E+00, 0.000E+00, 0.000E+00, 7.844E-01, 0.000E+00, 0.000E+00, 0.000E+00, 0.000E+00, 6.700E+01, 2.625E+01, 1.859E-02, 0.000E+00, 5.378E+01, 8.148E-03, 8.513E-01
18/08/2019,00:00,9,3.491,3.991,15.475,.955,.080, 1.002E+03, 1.058E+02, 4.759E-01, 3.469E-16, 0.000E+00, 0.000E+00, 0.000E+00, 0.000E+00,-2.970E+01, 2.122E+01, 4.375E+00, 5.095E-01, 2.462E-01,-9.990E+02, 1.000E+00,-9.990E+02, 0.000E+00, 0.000E+00, 0.000E+00, 7.844E-01, 0.000E+00, 0.000E+00, 0.000E+00, 0.000E+00, 7.220E+01, 2.777E+01, 2.890E-02, 0.000E+00, 3.461E+01, 9.288E-03, 7.444E-01
18/08/2019,01:00,9,3.491,3.991,15.388,.963,.066, 1.002E+03, 1.028E+02, 4.759E-01, 3.469E-16, 0.000E+00, 0.000E+00, 0.000E+00, 0.000E+00,-2.970E+01, 2.122E+01, 4.093E+00, 5.095E-01, 2.303E-01,-9.990E+02, 1.000E+00,-9.990E+02, 0.000E+00, 0.000E+00, 0.000E+00, 7.844E-01, 0.000E+00, 0.000E+00, 0.000E+00, 0.000E+00, 7.716E+01, 2.968E+01, 3.605E-02, 0.000E+00, 2.774E+01, 9.450E-03, 6.861E-01
18/08/2019,02:00,9,3.491,3.991,15.300,.971,.051, 1.002E+03, 9.809E+01, 4.759E-01, 3.469E-16, 0.000E+00, 0.000E+00, 0.000E+00, 0.000E+00,-2.970E+01, 2.122E+01, 3.815E+00, 5.095E-01, 2.146E-01,-9.990E+02, 1.000E+00,-9.990E+02, 0.000E+00, 0.000E+00, 0.000E+00, 7.911E-01, 0.000E+00, 0.000E+00, 0.000E+00, 0.000E+00, 8.280E+01, 3.185E+01, 4.498E-02, 0.000E+00, 2.223E+01, 9.432E-03, 5.474E-01
18/08/2019,03:00,9,3.491,3.991,15.212,.978,.038, 1.001E+03, 9.218E+01, 1.583E-01, 3.469E-16, 0.000E+00, 0.000E+00, 0.000E+00, 0.000E+00,-1.564E+01, 4.563E+01, 3.539E+00, 4.769E-01, 2.029E-01,-9.990E+02, 1.000E+00,-9.990E+02, 0.000E+00, 0.000E+00, 0.000E+00, 7.911E-01, 0.000E+00, 0.000E+00, 0.000E+00, 0.000E+00, 8.592E+01, 3.368E+01, 3.866E-02, 0.000E+00, 2.587E+01, 8.747E-03, 5.945E-01
18/08/2019,04:00,9,3.491,3.991,15.443,.970,.054, 1.001E+03, 8.539E+01, 1.583E-01, 3.469E-16, 4.889E+00, 1.884E+01, 3.631E+01, 5.914E+00,-1.564E+01, 4.563E+01, 3.491E+00, 4.771E-01, 2.002E-01, 4.607E-02, 1.000E+00, 2.417E-01, 7.754E-01, 4.314E-01, 1.000E+00, 7.911E-01, 8.249E-02, 5.344E-04, 1.714E-03, 0.000E+00, 8.710E+01, 3.414E+01, 3.089E-02, 2.559E-03, 2.989E+01, 8.363E-03, 6.950E-01
18/08/2019,05:00,9,3.491,3.991,15.673,.961,.070, 1.001E+03, 7.808E+01, 1.583E-01, 3.469E-16, 5.037E+01, 4.465E+01, 1.375E+02, 1.561E+01,-1.564E+01, 4.563E+01, 3.537E+00, 4.773E-01, 2.028E-01, 1.183E-01, 1.000E+00, 5.356E-01, 9.965E-01, 4.559E-01, 1.000E+00, 7.911E-01, 1.932E-01, 1.253E-03, 2.330E-03, 0.000E+00, 8.596E+01, 3.370E+01, 2.443E-02, 5.997E-03, 3.286E+01, 8.240E-03, 1.061E+00
18/08/2019,06:00,9,3.491,3.991,15.904,.952,.087, 1.001E+03, 7.062E+01, 7.566E-02, 3.469E-16, 1.144E+02, 6.421E+01, 1.960E+02, 2.366E+01, 4.055E+01, 1.577E+02, 3.674E+00, 5.337E-01, 2.269E-01, 1.891E-01, 1.000E+00, 6.936E-01, 9.997E-01, 4.799E-01, 1.000E+00, 7.911E-01, 2.633E-01, 1.709E-03, 2.463E-03, 0.000E+00, 6.884E+01, 3.013E+01, 1.953E-02, 8.181E-03, 3.609E+01, 8.751E-03, 1.174E+00
18/08/2019,07:00,9,3.491,3.991,16.862,.878,.236, 1.001E+03, 6.340E+01, 7.566E-02, 3.469E-16, 1.780E+02, 7.523E+01, 2.274E+02, 2.865E+01, 4.055E+01, 1.577E+02, 3.714E+00, 5.346E-01, 2.293E-01, 2.513E-01, 1.000E+00, 7.695E-01, 9.999E-01, 5.740E-01, 1.000E+00, 7.911E-01, 3.494E-01, 2.275E-03, 2.956E-03, 0.000E+00, 6.813E+01, 2.981E+01, 6.117E-03, 1.089E-02, 5.879E+01, 7.345E-03, 1.483E+00
18/08/2019,08:00,9,3.491,3.991,17.820,.804,.404, 1.001E+03, 5.690E+01, 7.566E-02, 3.469E-16, 2.337E+02, 7.960E+01, 2.451E+02, 3.110E+01, 4.055E+01, 1.577E+02, 3.790E+00, 5.355E-01, 2.340E-01, 3.001E-01, 1.000E+00, 8.052E-01, 1.000E+00, 6.586E-01, 1.000E+00, 7.911E-01, 4.196E-01, 2.741E-03, 3.403E-03, 0.000E+00, 6.679E+01, 2.921E+01, 5.000E-03, 1.312E-02, 5.518E+01, 7.633E-03, 1.839E+00
18/08/2019,09:00,9,3.491,3.991,18.778,.730,.591, 1.001E+03, 5.165E+01, 5.641E-01, 3.469E-16, 1.239E+02, 1.372E+02, 1.447E+02, 4.483E+01, 5.408E+01, 1.641E+02, 3.900E+00, 6.076E-01, 2.401E-01, 3.341E-01, 1.000E+00, 8.938E-01, 9.974E-01, 7.339E-01, 1.000E+00, 7.911E-01, 5.190E-01, 3.401E-03, 3.795E-03, 0.000E+00, 6.540E+01, 2.846E+01, 5.000E-03, 1.628E-02, 4.698E+01, 8.270E-03, 2.106E+00
18/08/2019,10:00,9,3.491,3.991,18.764,.738,.573, 1.001E+03, 4.827E+01, 5.641E-01, 3.469E-16, 1.356E+02, 1.438E+02, 1.488E+02, 4.698E+01, 5.408E+01, 1.641E+02, 3.345E+00, 6.077E-01, 2.060E-01, 3.536E-01, 1.000E+00, 9.056E-01, 9.978E-01, 7.328E-01, 1.000E+00, 7.911E-01, 5.251E-01, 3.441E-03, 3.791E-03, 0.000E+00, 7.625E+01, 3.319E+01, 5.000E-03, 1.647E-02, 4.657E+01, 7.532E-03, 1.939E+00
18/08/2019,11:00,9,3.491,3.991,18.749,.746,.555, 1.001E+03, 4.728E+01, 5.641E-01, 3.469E-16, 1.389E+02, 1.455E+02, 1.499E+02, 4.755E+01, 5.408E+01, 1.641E+02, 2.832E+00, 6.077E-01, 1.743E-01, 3.590E-01, 1.000E+00, 9.086E-01, 9.979E-01, 7.317E-01, 1.000E+00, 7.911E-01, 5.260E-01, 3.447E-03, 3.785E-03, 0.000E+00, 9.008E+01, 3.921E+01, 5.000E-03, 1.650E-02, 4.651E+01, 6.741E-03, 1.646E+00
18/08/2019,12:00,9,3.491,3.991,18.734,.754,.537, 1.001E+03, 4.885E+01, 6.462E-01, 3.469E-16, 2.944E+02, 7.797E+01, 2.552E+02, 3.151E+01, 3.794E+00, 8.083E+01, 2.386E+00, 3.876E-01, 1.434E-01, 3.504E-01, 1.000E+00, 8.222E-01, 1.000E+00, 7.306E-01, 1.000E+00, 7.911E-01, 4.753E-01, 3.114E-03, 3.787E-03, 0.000E+00, 1.147E+02, 4.767E+01, 5.000E-03, 1.491E-02, 5.023E+01, 5.722E-03, 1.309E+00
18/08/2019,13:00,9,3.491,3.991,18.281,.810,.402, 1.000E+03, 5.270E+01, 6.462E-01, 3.469E-16, 2.647E+02, 7.899E+01, 2.498E+02, 3.139E+01, 3.794E+00, 8.083E+01, 2.428E+00, 3.874E-01, 1.459E-01, 3.277E-01, 1.000E+00, 8.151E-01, 1.000E+00, 6.960E-01, 1.000E+00, 7.911E-01, 4.489E-01, 2.937E-03, 3.603E-03, 0.000E+00, 1.128E+02, 4.685E+01, 5.000E-03, 1.406E-02, 5.247E+01, 5.718E-03, 1.074E+00
18/08/2019,14:00,9,3.491,3.991,17.829,.867,.274, 9.999E+02, 5.830E+01, 6.462E-01, 3.469E-16, 2.193E+02, 7.806E+01, 2.390E+02, 3.034E+01, 3.794E+00, 8.083E+01, 2.470E+00, 3.872E-01, 1.485E-01, 2.902E-01, 1.000E+00, 7.962E-01, 9.999E-01, 6.594E-01, 1.000E+00, 7.911E-01, 4.153E-01, 2.713E-03, 3.407E-03, 0.000E+00, 1.108E+02, 4.604E+01, 5.000E-03, 1.299E-02, 5.559E+01, 5.686E-03, 9.986E-01
18/08/2019,15:00,9,3.491,3.991,17.377,.923,.153, 9.994E+02, 6.502E+01, 2.185E-02, 3.469E-16, 1.543E+02, 6.902E+01, 2.088E+02, 2.611E+01,-1.501E+00, 3.958E+01, 2.514E+00, 2.573E-01, 1.461E-01, 2.380E-01, 1.000E+00, 7.396E-01, 9.998E-01, 6.206E-01, 1.000E+00, 7.911E-01, 3.632E-01, 2.369E-03, 3.202E-03, 0.000E+00, 1.177E+02, 4.677E+01, 1.147E-02, 1.134E-02, 4.384E+01, 6.005E-03, 9.880E-01
18/08/2019,16:00,9,3.491,3.991,17.183,.935,.128, 9.994E+02, 7.234E+01, 2.185E-02, 3.469E-16, 9.354E+01, 5.694E+01, 1.750E+02, 2.079E+01,-1.501E+00, 3.958E+01, 2.471E+00, 2.572E-01, 1.436E-01, 1.732E-01, 1.000E+00, 6.482E-01, 9.993E-01, 6.034E-01, 1.000E+00, 7.911E-01, 3.095E-01, 2.017E-03, 3.109E-03, 0.000E+00, 1.198E+02, 4.760E+01, 1.327E-02, 9.656E-03, 4.361E+01, 5.936E-03, 1.121E+00
18/08/2019,17:00,9,3.491,3.991,16.990,.947,.104, 9.993E+02, 7.983E+01, 2.185E-02, 3.469E-16, 3.538E+01, 3.727E+01, 1.129E+02, 1.279E+01,-1.501E+00, 3.958E+01, 2.436E+00, 2.571E-01, 1.416E-01, 1.012E-01, 1.000E+00, 4.678E-01, 9.904E-01, 5.858E-01, 1.000E+00, 7.911E-01, 2.168E-01, 1.412E-03, 2.989E-03, 0.000E+00, 1.215E+02, 4.828E+01, 1.537E-02, 6.761E-03, 4.519E+01, 5.819E-03, 1.178E+00
18/08/2019,18:00,9,3.491,3.991,16.796,.959,.080, 9.993E+02, 8.708E+01, 2.722E-01, 3.469E-16, 1.695E-02, 3.570E+00, 1.243E+00, 1.077E+00,-2.178E+01, 5.584E+00, 2.411E+00, 3.257E-01, 1.238E-01, 2.914E-02, 1.000E+00, 4.350E-02, 4.985E-02, 5.678E-01, 1.000E+00, 7.911E-01, 1.954E-02, 1.272E-04, 1.457E-04, 0.000E+00, 1.572E+02, 5.520E+01, 1.779E-02, 6.090E-04, 5.436E+01, 4.979E-03, 1.310E+00
18/08/2019,19:00,9,3.491,3.991,16.496,.968,.061, 9.991E+02, 9.375E+01, 2.722E-01, 3.469E-16, 0.000E+00, 0.000E+00, 0.000E+00, 0.000E+00,-2.178E+01, 5.584E+00, 2.436E+00, 3.256E-01, 1.251E-01,-9.990E+02, 1.000E+00,-9.990E+02, 0.000E+00, 0.000E+00, 0.000E+00, 7.911E-01, 0.000E+00, 0.000E+00, 0.000E+00, 0.000E+00, 1.556E+02, 5.463E+01, 2.063E-02, 0.000E+00, 4.847E+01, 5.169E-03, 1.328E+00
18/08/2019,20:00,9,3.491,3.991,16.197,.977,.043, 9.989E+02, 9.945E+01, 2.722E-01, 3.469E-16, 0.000E+00, 0.000E+00, 0.000E+00, 0.000E+00,-2.178E+01, 5.584E+00, 2.462E+00, 3.255E-01, 1.264E-01,-9.990E+02, 1.000E+00,-9.990E+02, 0.000E+00, 0.000E+00, 0.000E+00, 7.911E-01, 0.000E+00, 0.000E+00, 0.000E+00, 0.000E+00, 1.540E+02, 5.407E+01, 2.393E-02, 0.000E+00, 4.178E+01, 5.397E-03, 1.253E+00
18/08/2019,21:00,9,3.491,3.991,15.897,.986,.026, 9.987E+02, 1.038E+02, 1.923E+00, 3.469E-16, 0.000E+00, 0.000E+00, 0.000E+00, 0.000E+00,-7.553E+00,-1.462E+00, 2.488E+00, 1.403E-01, 1.000E-01,-9.990E+02, 1.000E+00,-9.990E+02, 0.000E+00, 0.000E+00, 0.000E+00, 7.911E-01, 0.000E+00, 0.000E+00, 0.000E+00, 0.000E+00, 2.826E+02, 6.835E+01, 2.777E-02, 0.000E+00, 3.601E+01, 4.433E-03, 1.298E+00
18/08/2019,22:00,9,3.491,3.991,15.547,.990,.018, 9.982E+02, 1.065E+02, 1.923E+00, 3.469E-16, 0.000E+00, 0.000E+00, 0.000E+00, 0.000E+00,-7.553E+00,-1.462E+00, 2.118E+00, 1.402E-01, 1.000E-01,-9.990E+02, 1.000E+00,-9.990E+02, 0.000E+00, 0.000E+00, 0.000E+00, 7.911E-01, 0.000E+00, 0.000E+00, 0.000E+00, 0.000E+00, 2.828E+02, 6.835E+01, 3.225E-02, 0.000E+00, 3.100E+01, 4.533E-03, 1.577E+00
18/08/2019,23:00,9,3.491,3.991,15.197,.995,.010, 9.976E+02, 1.073E+02, 1.923E+00, 3.469E-16, 0.000E+00, 0.000E+00, 0.000E+00, 0.000E+00,-7.553E+00,-1.462E+00, 1.824E+00, 1.402E-01, 1.000E-01,-9.990E+02, 1.000E+00,-9.990E+02, 0.000E+00, 0.000E+00, 0.000E+00, 7.911E-01, 0.000E+00, 0.000E+00, 0.000E+00, 0.000E+00, 2.830E+02, 6.835E+01, 3.507E-02, 0.000E+00, 2.851E+01, 4.585E-03, 1.239E+00
19/08/2019,00:00,9,3.491,3.991,14.848,.999,.002, 9.971E+02, 1.061E+02, 4.643E-01, 3.469E-16, 0.000E+00, 0.000E+00, 0.000E+00, 0.000E+00,-1.473E+01, 5.404E+00, 1.649E+00, 2.695E-01, 1.000E-01,-9.990E+02, 1.000E+00,-9.990E+02, 0.000E+00, 0.000E+00, 0.000E+00, 7.911E-01, 0.000E+00, 0.000E+00, 0.000E+00, 0.000E+00, 1.998E+02, 6.835E+01, 3.533E-02, 0.000E+00, 2.831E+01, 4.757E-03, 9.888E-01
19/08/2019,01:00,9,3.491,3.991,14.446,.992,.013, 9.973E+02, 1.030E+02, 4.643E-01, 3.469E-16, 0.000E+00, 0.000E+00, 0.000E+00, 0.000E+00,-1.473E+01, 5.404E+00, 1.288E+00, 2.693E-01, 1.000E-01,-9.990E+02, 1.000E+00,-9.990E+02, 0.000E+00, 0.000E+00, 0.000E+00, 7.911E-01, 0.000E+00, 0.000E+00, 0.000E+00, 0.000E+00, 1.999E+02, 6.835E+01, 3.300E-02, 0.000E+00, 3.030E+01, 4.713E-03, 1.241E+00
19/08/2019,02:00,9,3.491,3.991,14.045,.986,.023, 9.975E+02, 9.838E+01, 4.643E-01, 3.469E-16, 0.000E+00, 0.000E+00, 0.000E+00, 0.000E+00,-1.473E+01, 5.404E+00, 1.641E+00, 2.691E-01, 1.000E-01,-9.990E+02, 1.000E+00,-9.990E+02, 0.000E+00, 0.000E+00, 0.000E+00, 8.003E-01, 0.000E+00, 0.000E+00, 0.000E+00, 0.000E+00, 2.000E+02, 6.835E+01, 2.886E-02, 0.000E+00, 3.465E+01, 4.618E-03, 1.261E+00
19/08/2019,03:00,9,3.491,3.991,13.644,.979,.033, 9.977E+02, 9.245E+01, 1.100E-04, 3.469E-16, 0.000E+00, 0.000E+00, 0.000E+00, 0.000E+00,-1.151E+01, 4.441E+01, 2.414E+00, 4.184E-01, 1.380E-01,-9.990E+02, 1.000E+00,-9.990E+02, 0.000E+00, 0.000E+00, 0.000E+00, 8.003E-01, 0.000E+00, 0.000E+00, 0.000E+00, 0.000E+00, 1.268E+02, 4.953E+01, 2.525E-02, 0.000E+00, 3.960E+01, 5.891E-03, 1.001E+00
19/08/2019,04:00,9,3.491,3.991,13.910,.959,.065, 9.982E+02, 8.565E+01, 1.100E-04, 3.469E-16, 3.953E+00, 1.733E+01, 3.145E+01, 5.413E+00,-1.151E+01, 4.441E+01, 3.413E+00, 4.185E-01, 1.951E-01, 4.350E-02, 1.000E+00, 2.225E-01, 7.257E-01, 2.543E-01, 1.000E+00, 8.003E-01, 4.528E-02, 2.918E-04, 9.517E-04, 0.000E+00, 8.967E+01, 3.504E+01, 1.886E-02, 1.397E-03, 4.937E+01, 7.071E-03, 6.727E-01
19/08/2019,05:00,9,3.491,3.991,14.177,.939,.098, 9.987E+02, 7.833E+01, 1.100E-04, 3.469E-16, 4.717E+01, 4.267E+01, 1.315E+02, 1.488E+01,-1.151E+01, 4.441E+01, 4.426E+00, 4.186E-01, 2.530E-01, 1.159E-01, 1.000E+00, 5.201E-01, 9.955E-01, 2.868E-01, 1.000E+00, 8.003E-01, 1.194E-01, 7.699E-04, 1.474E-03, 0.000E+00, 6.914E+01, 2.702E+01, 1.521E-02, 3.686E-03, 5.292E+01, 8.071E-03, 6.737E-01
19/08/2019,06:00,9,3.491,3.991,14.443,.920,.133, 9.993E+02, 7.087E+01, 3.431E-03, 3.469E-16, 1.075E+02, 6.094E+01, 1.864E+02, 2.243E+01, 7.429E+01, 1.692E+02, 5.445E+00, 6.932E-01, 3.346E-01, 1.868E-01, 1.000E+00, 6.767E-01, 9.995E-01, 3.185E-01, 1.000E+00, 8.003E-01, 1.725E-01, 1.114E-03, 1.645E-03, 0.000E+00, 4.713E+01, 2.043E+01, 1.052E-02, 5.333E-03, 6.306E+01, 8.609E-03, 8.365E-01
19/08/2019,07:00,9,3.491,3.991,15.644,.818,.325, 9.998E+02, 6.366E+01, 3.431E-03, 3.469E-16, 1.683E+02, 7.172E+01, 2.169E+02, 2.728E+01, 7.429E+01, 1.692E+02, 5.682E+00, 6.945E-01, 3.490E-01, 2.492E-01, 1.000E+00, 7.555E-01, 9.999E-01, 4.528E-01, 1.000E+00, 8.003E-01, 2.738E-01, 1.775E-03, 2.349E-03, 0.000E+00, 4.519E+01, 1.958E+01, 5.000E-03, 8.498E-03, 7.409E+01, 8.001E-03, 9.695E-01
19/08/2019,08:00,9,3.491,3.991,16.844,.717,.547, 1.000E+03, 5.717E+01, 3.431E-03, 3.469E-16, 2.215E+02, 7.608E+01, 2.340E+02, 2.969E+01, 7.429E+01, 1.692E+02, 5.924E+00, 6.957E-01, 3.639E-01, 2.981E-01, 1.000E+00, 7.930E-01, 9.999E-01, 5.723E-01, 1.000E+00, 8.003E-01, 3.633E-01, 2.365E-03, 2.982E-03, 0.000E+00, 4.336E+01, 1.879E+01, 5.000E-03, 1.132E-02, 6.127E+01, 9.083E-03, 1.010E+00
19/08/2019,09:00,9,3.491,3.991,18.045,.616,.803, 1.001E+03, 5.195E+01, 2.210E-03, 3.469E-16, 2.602E+02, 7.586E+01, 2.413E+02, 3.024E+01, 8.660E+01, 1.728E+02, 6.171E+00, 8.754E-01, 3.745E-01, 3.323E-01, 1.000E+00, 8.075E-01, 1.000E+00, 6.772E-01, 1.000E+00, 8.003E-01, 4.376E-01, 2.861E-03, 3.542E-03, 0.000E+00, 4.310E+01, 1.825E+01, 5.000E-03, 1.370E-02, 5.349E+01, 9.894E-03, 1.065E+00
19/08/2019,10:00,9,3.491,3.991,18.484,.591,.878, 1.001E+03, 4.859E+01, 2.210E-03, 3.469E-16, 2.849E+02, 7.488E+01, 2.456E+02, 3.029E+01, 8.660E+01, 1.728E+02, 5.911E+00, 8.758E-01, 3.587E-01, 3.519E-01, 1.000E+00, 8.135E-01, 1.000E+00, 7.118E-01, 1.000E+00, 8.003E-01, 4.634E-01, 3.034E-03, 3.729E-03, 0.000E+00, 4.501E+01, 1.906E+01, 5.000E-03, 1.453E-02, 5.122E+01, 9.911E-03, 1.072E+00
19/08/2019,11:00,9,3.491,3.991,18.923,.567,.956, 1.002E+03, 4.761E+01, 2.210E-03, 3.469E-16, 2.919E+02, 7.444E+01, 2.467E+02, 3.025E+01, 8.660E+01, 1.728E+02, 5.735E+00, 8.763E-01, 3.480E-01, 3.572E-01, 1.000E+00, 8.147E-01, 1.000E+00, 7.445E-01, 1.000E+00, 8.003E-01, 4.854E-01, 3.183E-03, 3.906E-03, 0.000E+00, 4.639E+01, 1.964E+01, 5.000E-03, 1.524E-02, 4.941E+01, 9.939E-03, 1.210E+00
19/08/2019,12:00,9,3.491,3.991,19.362,.543,1.038, 1.003E+03, 4.918E+01, 2.063E-03, 3.469E-16, 2.951E+02, 7.904E+01, 2.576E+02, 3.188E+01, 5.770E+01, 1.708E+02, 5.652E+00, 8.714E-01, 3.408E-01, 3.486E-01, 1.000E+00, 8.244E-01, 1.000E+00, 7.752E-01, 1.000E+00, 8.003E-01, 5.115E-01, 3.359E-03, 4.074E-03, 0.000E+00, 4.794E+01, 2.005E+01, 5.000E-03, 1.608E-02, 4.744E+01, 1.002E-02, 1.424E+00
19/08/2019,13:00,9,3.491,3.991,19.793,.508,1.149, 1.003E+03, 5.303E+01, 2.063E-03, 3.469E-16, 2.649E+02, 7.997E+01, 2.520E+02, 3.173E+01, 5.770E+01, 1.708E+02, 5.483E+00, 8.720E-01, 3.306E-01, 3.256E-01, 1.000E+00, 8.171E-01, 1.000E+00, 8.034E-01, 1.000E+00, 8.003E-01, 5.254E-01, 3.455E-03, 4.228E-03, 0.000E+00, 4.942E+01, 2.067E+01, 5.000E-03, 1.654E-02, 4.642E+01, 9.961E-03, 1.550E+00
19/08/2019,14:00,9,3.491,3.991,20.224,.472,1.266, 1.003E+03, 5.862E+01, 2.063E-03, 3.469E-16, 2.188E+02, 7.885E+01, 2.407E+02, 3.059E+01, 5.770E+01, 1.708E+02, 5.314E+00, 8.725E-01, 3.204E-01, 2.879E-01, 1.000E+00, 7.976E-01, 9.999E-01, 8.298E-01, 1.000E+00, 8.003E-01, 5.297E-01, 3.488E-03, 4.373E-03, 0.000E+00, 5.100E+01, 2.133E+01, 5.000E-03, 1.670E-02, 4.608E+01, 9.826E-03, 1.558E+00
19/08/2019,15:00,9,3.491,3.991,20.655,.437,1.388, 1.003E+03, 6.533E+01, 1.210E-05, 3.469E-16, 1.614E+02, 7.321E+01, 2.211E+02, 2.765E+01,-4.662E+01, 1.038E+02, 5.145E+00, 7.304E-01, 2.968E-01, 2.354E-01, 1.000E+00, 7.548E-01, 9.999E-01, 8.542E-01, 9.489E-01, 8.003E-01, 4.896E-01, 3.229E-03, 4.278E-03, 0.000E+00, 5.841E+01, 2.303E+01, 5.000E-03, 1.546E-02, 4.887E+01, 9.146E-03, 1.459E+00
19/08/2019,16:00,9,3.491,3.991,19.565,.491,1.171, 1.004E+03, 7.266E+01, 1.210E-05, 3.469E-16, 9.673E+01, 6.001E+01, 1.841E+02, 2.186E+01,-4.662E+01, 1.038E+02, 4.886E+00, 7.289E-01, 2.818E-01, 1.703E-01, 1.000E+00, 6.622E-01, 9.995E-01, 7.887E-01, 1.000E+00, 8.003E-01, 4.180E-01, 2.747E-03, 4.146E-03, 0.000E+00, 6.152E+01, 2.425E+01, 5.000E-03, 1.315E-02, 5.509E+01, 8.420E-03, 1.453E+00
19/08/2019,17:00,9,3.491,3.991,18.475,.545,.977, 1.004E+03, 8.014E+01, 1.210E-05, 3.469E-16, 3.522E+01, 3.869E+01, 1.161E+02, 1.322E+01,-4.662E+01, 1.038E+02, 4.629E+00, 7.274E-01, 2.669E-01, 9.810E-02, 1.000E+00, 4.755E-01, 9.915E-01, 7.111E-01, 1.000E+00, 8.003E-01, 2.706E-01, 1.771E-03, 3.694E-03, 0.000E+00, 6.496E+01, 2.561E+01, 5.000E-03, 8.481E-03, 7.418E+01, 7.072E-03, 1.470E+00
19/08/2019,18:00,9,3.491,3.991,17.384,.599,.803, 1.004E+03, 8.740E+01, 0.000E+00, 3.469E-16, 4.769E-01, 1.088E+01, 8.559E+00, 3.301E+00,-7.246E+01, 1.849E+01, 4.373E+00, 5.134E-01, 2.294E-01, 2.598E-02, 1.000E+00, 1.314E-01, 2.967E-01, 6.213E-01, 1.000E+00, 8.003E-01, 6.532E-02, 4.260E-04, 9.623E-04, 0.000E+00, 8.309E+01, 2.979E+01, 5.000E-03, 2.040E-03, 1.421E+02, 4.526E-03, 1.288E+00
19/08/2019,19:00,9,3.491,3.991,16.572,.645,.674, 1.005E+03, 9.407E+01, 0.000E+00, 3.469E-16, 0.000E+00, 0.000E+00, 0.000E+00, 0.000E+00,-7.246E+01, 1.849E+01, 4.260E+00, 5.126E-01, 2.234E-01,-9.990E+02, 1.000E+00,-9.990E+02, 0.000E+00, 0.000E+00, 0.000E+00, 8.003E-01, 0.000E+00, 0.000E+00, 0.000E+00, 0.000E+00, 8.537E+01, 3.060E+01, 5.000E-03, 0.000E+00, 2.000E+02, 3.558E-03, 1.087E+00
19/08/2019,20:00,9,3.491,3.991,15.759,.691,.557, 1.005E+03, 9.978E+01, 0.000E+00, 3.469E-16, 0.000E+00, 0.000E+00, 0.000E+00, 0.000E+00,-7.246E+01, 1.849E+01, 4.161E+00, 5.118E-01, 2.181E-01,-9.990E+02, 1.000E+00,-9.990E+02, 0.000E+00, 0.000E+00, 0.000E+00, 8.003E-01, 0.000E+00, 0.000E+00, 0.000E+00, 0.000E+00, 8.750E+01, 3.134E+01, 5.000E-03, 0.000E+00, 2.000E+02, 3.533E-03, 1.037E+00
19/08/2019,21:00,9,3.491,3.991,14.946,.737,.449, 1.005E+03, 1.042E+02, 1.100E-04, 3.469E-16, 0.000E+00, 0.000E+00, 0.000E+00, 0.000E+00,-5.923E+01, 1.059E+01, 4.077E+00, 5.106E-01, 2.182E-01,-9.990E+02, 1.000E+00,-9.990E+02, 0.000E+00, 0.000E+00, 0.000E+00, 8.003E-01, 0.000E+00, 0.000E+00, 0.000E+00, 0.000E+00, 8.562E+01, 3.132E+01, 5.000E-03, 0.000E+00, 2.000E+02, 3.536E-03, 1.103E+00
19/08/2019,22:00,9,3.491,3.991,14.490,.772,.379, 1.006E+03, 1.069E+02, 1.100E-04, 3.469E-16, 0.000E+00, 0.000E+00, 0.000E+00, 0.000E+00,-5.923E+01, 1.059E+01, 4.063E+00, 5.100E-01, 2.174E-01,-9.990E+02, 1.000E+00,-9.990E+02, 0.000E+00, 0.000E+00, 0.000E+00, 8.003E-01, 0.000E+00, 0.000E+00, 0.000E+00, 0.000E+00, 8.597E+01, 3.144E+01, 5.000E-03, 0.000E+00, 2.000E+02, 3.532E-03, 1.149E+00
19/08/2019,23:00,9,3.491,3.991,14.034,.806,.313, 1.006E+03, 1.076E+02, 1.100E-04, 3.469E-16, 0.000E+00, 0.000E+00, 0.000E+00, 0.000E+00,-5.923E+01, 1.059E+01, 4.048E+00, 5.095E-01, 2.166E-01,-9.990E+02, 1.000E+00,-9.990E+02, 0.000E+00, 0.000E+00, 0.000E+00, 8.003E-01, 0.000E+00, 0.000E+00, 0.000E+00, 0.000E+00, 8.632E+01, 3.156E+01, 5.000E-03, 0.000E+00, 2.000E+02, 3.528E-03, 1.178E+00
20/08/2019,00:00,9,3.480,3.980,13.578,.840,.250, 1.007E+03, 1.064E+02, 8.675E-05, 3.469E-16, 0.000E+00, 0.000E+00, 0.000E+00, 0.000E+00,-4.566E+01, 2.710E+00, 4.034E+00, 5.097E-01, 2.209E-01,-9.990E+02, 1.000E+00,-9.990E+02, 0.000E+00, 0.000E+00, 0.000E+00, 8.003E-01, 0.000E+00, 0.000E+00, 0.000E+00, 0.000E+00, 8.270E+01, 3.095E+01, 5.000E-03, 0.000E+00, 2.000E+02, 3.551E-03, 1.217E+00
20/08/2019,01:00,9,3.480,3.980,13.208,.876,.189, 1.007E+03, 1.034E+02, 8.675E-05, 3.469E-16, 0.000E+00, 0.000E+00, 0.000E+00, 0.000E+00,-4.566E+01, 2.710E+00, 4.021E+00, 5.093E-01, 2.201E-01,-9.990E+02, 1.000E+00,-9.990E+02, 0.000E+00, 0.000E+00, 0.000E+00, 8.003E-01, 0.000E+00, 0.000E+00, 0.000E+00, 0.000E+00, 8.301E+01, 3.106E+01, 6.114E-03, 0.000E+00, 1.636E+02, 4.074E-03, 1.259E+00
20/08/2019,02:00,9,3.480,3.980,12.837,.912,.131, 1.008E+03, 9.866E+01, 8.675E-05, 3.469E-16, 0.000E+00, 0.000E+00, 0.000E+00, 0.000E+00,-4.566E+01, 2.710E+00, 4.007E+00, 5.089E-01, 2.193E-01,-9.990E+02, 1.000E+00,-9.990E+02, 0.000E+00, 0.000E+00, 0.000E+00, 8.301E-01, 0.000E+00, 0.000E+00, 0.000E+00, 0.000E+00, 8.331E+01, 3.117E+01, 1.093E-02, 0.000E+00, 9.153E+01, 5.756E-03, 1.246E+00
20/08/2019,03:00,9,3.480,3.980,12.467,.948,.076, 1.008E+03, 9.272E+01, 4.937E-03, 3.469E-16, 0.000E+00, 0.000E+00, 0.000E+00, 0.000E+00,-4.931E+00, 2.228E+01, 3.994E+00, 6.807E-01, 2.363E-01,-9.990E+02, 1.000E+00,-9.990E+02, 0.000E+00, 0.000E+00, 0.000E+00, 8.301E-01, 0.000E+00, 0.000E+00, 0.000E+00, 0.000E+00, 7.153E+01, 2.893E+01, 1.693E-02, 0.000E+00, 5.906E+01, 7.417E-03, 1.199E+00
20/08/2019,04:00,9,3.480,3.980,13.509,.882,.183, 1.009E+03, 8.591E+01, 4.937E-03, 3.469E-16, 1.382E+00, 1.319E+01, 1.373E+01, 4.052E+00,-4.931E+00, 2.228E+01, 4.627E+00, 6.818E-01, 2.738E-01, 4.104E-02, 1.000E+00, 1.649E-01, 4.315E-01, 2.040E-01, 1.000E+00, 8.301E-01, 2.793E-02, 1.797E-04, 4.702E-04, 0.000E+00, 6.174E+01, 2.497E+01, 7.003E-03, 8.577E-04, 1.272E+02, 5.192E-03, 1.150E+00
20/08/2019,05:00,9,3.480,3.980,14.552,.817,.305, 1.009E+03, 7.858E+01, 4.937E-03, 3.469E-16, 1.992E+01, 4.514E+01, 6.483E+01, 1.450E+01,-4.931E+00, 2.228E+01, 5.303E+00, 6.829E-01, 3.137E-01, 1.137E-01, 1.000E+00, 5.039E-01, 9.305E-01, 3.313E-01, 1.000E+00, 8.301E-01, 1.386E-01, 8.951E-04, 1.653E-03, 0.000E+00, 5.387E+01, 2.179E+01, 5.000E-03, 4.272E-03, 1.079E+02, 6.064E-03, 1.177E+00
20/08/2019,06:00,9,3.480,3.980,15.594,.751,.443, 1.009E+03, 7.112E+01, 7.138E-02, 3.469E-16, 1.077E+02, 6.222E+01, 1.894E+02, 2.290E+01, 3.323E+01, 9.562E+01, 6.006E+00, 7.844E-01, 3.611E-01, 1.851E-01, 1.000E+00, 6.822E-01, 9.996E-01, 4.476E-01, 1.000E+00, 8.301E-01, 2.534E-01, 1.643E-03, 2.407E-03, 0.000E+00, 4.551E+01, 1.893E+01, 5.000E-03, 7.840E-03, 7.788E+01, 7.854E-03, 1.226E+00
20/08/2019,07:00,9,3.480,3.980,16.233,.718,.525, 1.009E+03, 6.393E+01, 7.138E-02, 3.469E-16, 1.700E+02, 7.357E+01, 2.214E+02, 2.799E+01, 3.323E+01, 9.562E+01, 5.743E+00, 7.852E-01, 3.453E-01, 2.478E-01, 1.000E+00, 7.621E-01, 9.999E-01, 5.133E-01, 1.000E+00, 8.301E-01, 3.247E-01, 2.109E-03, 2.768E-03, 0.000E+00, 4.760E+01, 1.979E+01, 5.000E-03, 1.007E-02, 6.637E+01, 8.469E-03, 1.201E+00
20/08/2019,08:00,9,3.480,3.980,16.871,.684,.612, 1.010E+03, 5.745E+01, 7.138E-02, 3.469E-16, 2.248E+02, 7.828E+01, 2.394E+02, 3.056E+01, 3.323E+01, 9.562E+01, 5.483E+00, 7.860E-01, 3.297E-01, 2.970E-01, 1.000E+00, 7.999E-01, 9.999E-01, 5.748E-01, 1.000E+00, 8.301E-01, 3.817E-01, 2.485E-03, 3.107E-03, 0.000E+00, 4.986E+01, 2.073E+01, 5.000E-03, 1.186E-02, 5.931E+01, 8.813E-03, 1.195E+00
20/08/2019,09:00,9,3.480,3.980,17.510,.650,.706, 1.010E+03, 5.224E+01, 1.138E-01, 3.469E-16, 2.716E+02, 8.031E+01, 2.538E+02, 3.201E+01, 1.268E+02, 1.940E+02, 5.226E+00, 8.865E-01, 3.194E-01, 3.314E-01, 1.000E+00, 8.208E-01, 1.000E+00, 6.322E-01, 1.000E+00, 8.301E-01, 4.308E-01, 2.811E-03, 3.424E-03, 0.000E+00, 4.987E+01, 2.140E+01, 5.000E-03, 1.341E-02, 5.431E+01, 9.091E-03, 1.210E+00
20/08/2019,10:00,9,3.480,3.980,18.279,.607,.834, 1.010E+03, 4.891E+01, 1.138E-01, 3.469E-16, 2.977E+02, 7.937E+01, 2.585E+02, 3.210E+01, 1.268E+02, 1.940E+02, 5.425E+00, 8.876E-01, 3.315E-01, 3.510E-01, 1.000E+00, 8.267E-01, 1.000E+00, 6.959E-01, 1.000E+00, 8.301E-01, 4.775E-01, 3.124E-03, 3.779E-03, 0.000E+00, 4.806E+01, 2.062E+01, 5.000E-03, 1.491E-02, 5.023E+01, 9.625E-03, 1.277E+00
20/08/2019,11:00,9,3.480,3.980,19.049,.563,.972, 1.010E+03, 4.794E+01, 1.138E-01, 3.469E-16, 3.050E+02, 7.894E+01, 2.597E+02, 3.206E+01, 1.268E+02, 1.940E+02, 5.650E+00, 8.887E-01, 3.452E-01, 3.563E-01, 1.000E+00, 8.278E-01, 1.000E+00, 7.535E-01, 1.000E+00, 8.301E-01, 5.178E-01, 3.396E-03, 4.102E-03, 0.000E+00, 4.616E+01, 1.980E+01, 5.000E-03, 1.621E-02, 4.715E+01, 1.013E-02, 1.316E+00
20/08/2019,12:00,9,3.480,3.980,19.818,.520,1.123, 1.010E+03, 4.952E+01, 2.083E-02, 3.469E-16, 2.931E+02, 7.967E+01, 2.579E+02, 3.213E+01, 6.883E+01, 1.785E+02, 5.898E+00, 8.641E-01, 3.567E-01, 3.475E-01, 1.000E+00, 8.260E-01, 1.000E+00, 8.050E-01, 1.000E+00, 8.301E-01, 5.519E-01, 3.630E-03, 4.395E-03, 0.000E+00, 4.555E+01, 1.916E+01, 5.000E-03, 1.732E-02, 4.480E+01, 1.055E-02, 1.321E+00
20/08/2019,13:00,9,3.480,3.980,19.814,.512,1.141, 1.010E+03, 5.336E+01, 2.083E-02, 3.469E-16, 2.628E+02, 8.048E+01, 2.521E+02, 3.193E+01, 6.883E+01, 1.785E+02, 5.561E+00, 8.640E-01, 3.363E-01, 3.244E-01, 1.000E+00, 8.183E-01, 1.000E+00, 8.048E-01, 1.000E+00, 8.301E-01, 5.466E-01, 3.595E-03, 4.393E-03, 0.000E+00, 4.832E+01, 2.032E+01, 5.000E-03, 1.716E-02, 4.513E+01, 1.019E-02, 1.280E+00
20/08/2019,14:00,9,3.480,3.980,19.810,.504,1.160, 1.011E+03, 5.894E+01, 2.083E-02, 3.469E-16, 2.164E+02, 7.914E+01, 2.404E+02, 3.071E+01, 6.883E+01, 1.785E+02, 5.225E+00, 8.639E-01, 3.160E-01, 2.863E-01, 1.000E+00, 7.982E-01, 9.999E-01, 8.045E-01, 1.000E+00, 8.301E-01, 5.330E-01, 3.506E-03, 4.392E-03, 0.000E+00, 5.142E+01, 2.163E+01, 5.000E-03, 1.673E-02, 4.602E+01, 9.761E-03, 1.190E+00
20/08/2019,15:00,9,3.480,3.980,19.806,.496,1.178, 1.011E+03, 6.565E+01, 8.675E-05, 3.469E-16, 1.580E+02, 7.286E+01, 2.192E+02, 2.752E+01,-3.648E+01, 9.217E+01, 4.891E+00, 6.214E-01, 2.801E-01, 2.334E-01, 1.000E+00, 7.528E-01, 9.999E-01, 8.043E-01, 1.000E+00, 8.301E-01, 5.026E-01, 3.305E-03, 4.390E-03, 0.000E+00, 6.236E+01, 2.441E+01, 5.000E-03, 1.577E-02, 4.814E+01, 8.909E-03, 1.075E+00
20/08/2019,16:00,9,3.480,3.980,18.811,.536,1.018, 1.012E+03, 7.297E+01, 8.675E-05, 3.469E-16, 9.348E+01, 5.931E+01, 1.812E+02, 2.159E+01,-3.648E+01, 9.217E+01, 4.556E+00, 6.201E-01, 2.608E-01, 1.679E-01, 1.000E+00, 6.575E-01, 9.994E-01, 7.363E-01, 1.000E+00, 8.301E-01, 4.019E-01, 2.634E-03, 4.004E-03, 0.000E+00, 6.697E+01, 2.621E+01, 5.000E-03, 1.257E-02, 5.692E+01, 7.952E-03, 1.050E+00
20/08/2019,17:00,9,3.480,3.980,17.815,.576,.873, 1.012E+03, 8.046E+01, 8.675E-05, 3.469E-16, 3.262E+01, 3.762E+01, 1.112E+02, 1.282E+01,-3.648E+01, 9.217E+01, 4.244E+00, 6.189E-01, 2.429E-01, 9.528E-02, 1.000E+00, 4.650E-01, 9.897E-01, 6.582E-01, 1.000E+00, 8.301E-01, 2.541E-01, 1.660E-03, 3.532E-03, 0.000E+00, 7.193E+01, 2.814E+01, 5.000E-03, 7.920E-03, 7.740E+01, 6.609E-03, 1.120E+00
20/08/2019,18:00,9,3.480,3.980,16.819,.616,.741, 1.013E+03, 8.772E+01, 8.675E-05, 3.469E-16, 2.283E-01, 9.542E+00, 5.764E+00, 2.894E+00,-5.736E+01, 1.632E+01, 3.961E+00, 3.934E-01, 1.912E-01, 2.286E-02, 1.000E+00, 1.145E-01, 2.111E-01, 5.700E-01, 1.000E+00, 8.301E-01, 5.416E-02, 3.526E-04, 6.501E-04, 0.000E+00, 1.084E+02, 3.576E+01, 5.000E-03, 1.683E-03, 1.496E+02, 4.079E-03, 1.275E+00
20/08/2019,19:00,9,3.480,3.980,15.990,.645,.649, 1.013E+03, 9.440E+01, 8.675E-05, 3.469E-16, 0.000E+00, 0.000E+00, 0.000E+00, 0.000E+00,-5.736E+01, 1.632E+01, 3.786E+00, 3.928E-01, 1.826E-01,-9.990E+02, 1.000E+00,-9.990E+02, 0.000E+00, 0.000E+00, 0.000E+00, 8.301E-01, 0.000E+00, 0.000E+00, 0.000E+00, 0.000E+00, 1.136E+02, 3.744E+01, 5.000E-03, 0.000E+00, 2.000E+02, 3.333E-03, 1.360E+00
20/08/2019,20:00,9,3.480,3.980,15.162,.675,.564, 1.013E+03, 1.001E+02, 8.675E-05, 3.469E-16, 0.000E+00, 0.000E+00, 0.000E+00, 0.000E+00,-5.736E+01, 1.632E+01, 3.631E+00, 3.922E-01, 1.750E-01,-9.990E+02, 1.000E+00,-9.990E+02, 0.000E+00, 0.000E+00, 0.000E+00, 8.301E-01, 0.000E+00, 0.000E+00, 0.000E+00, 0.000E+00, 1.186E+02, 3.907E+01, 5.000E-03, 0.000E+00, 2.000E+02, 3.285E-03, 1.330E+00
20/08/2019,21:00,9,3.480,3.980,14.333,.704,.486, 1.013E+03, 1.045E+02, 8.675E-05, 3.469E-16, 0.000E+00, 0.000E+00, 0.000E+00, 0.000E+00,-5.585E+01, 1.158E+01, 3.499E+00, 4.087E-01, 1.732E-01,-9.990E+02, 1.000E+00,-9.990E+02, 0.000E+00, 0.000E+00, 0.000E+00, 8.301E-01, 0.000E+00, 0.000E+00, 0.000E+00, 0.000E+00, 1.167E+02, 3.947E+01, 5.000E-03, 0.000E+00, 2.000E+02, 3.277E-03, 1.282E+00
20/08/2019,22:00,9,3.480,3.980,13.840,.738,.417, 1.013E+03, 1.072E+02, 8.675E-05, 3.469E-16, 0.000E+00, 0.000E+00, 0.000E+00, 0.000E+00,-5.585E+01, 1.158E+01, 3.566E+00, 4.083E-01, 1.764E-01,-9.990E+02, 1.000E+00,-9.990E+02, 0.000E+00, 0.000E+00, 0.000E+00, 8.301E-01, 0.000E+00, 0.000E+00, 0.000E+00, 0.000E+00, 1.146E+02, 3.875E+01, 5.000E-03, 0.000E+00, 2.000E+02, 3.298E-03, 1.232E+00
20/08/2019,23:00,9,3.480,3.980,13.346,.772,.351, 1.014E+03, 1.080E+02, 8.675E-05, 3.469E-16, 0.000E+00, 0.000E+00, 0.000E+00, 0.000E+00,-5.585E+01, 1.158E+01, 3.633E+00, 4.079E-01, 1.796E-01,-9.990E+02, 1.000E+00,-9.990E+02, 0.000E+00, 0.000E+00, 0.000E+00, 8.301E-01, 0.000E+00, 0.000E+00, 0.000E+00, 0.000E+00, 1.126E+02, 3.805E+01, 5.000E-03, 0.000E+00, 2.000E+02, 3.318E-03, 1.247E+00
21/08/2019,00:00,9,3.469,3.969,12.853,.806,.289, 1.014E+03, 1.068E+02, 4.907E-05, 3.469E-16, 0.000E+00, 0.000E+00, 0.000E+00, 0.000E+00,-4.507E+01, 2.772E+00, 3.701E+00, 4.242E-01, 1.921E-01,-9.990E+02, 1.000E+00,-9.990E+02, 0.000E+00, 0.000E+00, 0.000E+00, 8.301E-01, 0.000E+00, 0.000E+00, 0.000E+00, 0.000E+00, 1.003E+02, 3.558E+01, 5.000E-03, 0.000E+00, 2.000E+02, 3.397E-03, 1.379E+00
21/08/2019,01:00,9,3.469,3.969,12.381,.859,.204, 1.014E+03, 1.037E+02, 4.907E-05, 3.469E-16, 0.000E+00, 0.000E+00, 0.000E+00, 0.000E+00,-4.507E+01, 2.772E+00, 3.627E+00, 4.239E-01, 1.882E-01,-9.990E+02, 1.000E+00,-9.990E+02, 0.000E+00, 0.000E+00, 0.000E+00, 8.301E-01, 0.000E+00, 0.000E+00, 0.000E+00, 0.000E+00, 1.024E+02, 3.632E+01, 5.000E-03, 0.000E+00, 2.000E+02, 3.375E-03, 1.563E+00
21/08/2019,02:00,9,3.469,3.969,11.909,.912,.123, 1.015E+03, 9.895E+01, 4.907E-05, 3.469E-16, 0.000E+00, 0.000E+00, 0.000E+00, 0.000E+00,-4.507E+01, 2.772E+00, 3.554E+00, 4.235E-01, 1.843E-01,-9.990E+02, 1.000E+00,-9.990E+02, 0.000E+00, 0.000E+00, 0.000E+00, 8.556E-01, 0.000E+00, 0.000E+00, 0.000E+00, 0.000E+00, 1.046E+02, 3.708E+01, 1.119E-02, 0.000E+00, 8.933E+01, 5.329E-03, 1.603E+00
21/08/2019,03:00,9,3.469,3.969,11.436,.965,.048, 1.015E+03, 9.299E+01, 4.907E-05, 3.469E-16, 0.000E+00, 0.000E+00, 0.000E+00, 0.000E+00, 5.335E-01, 1.881E+01, 3.483E+00, 5.123E-01, 2.070E-01,-9.990E+02, 1.000E+00,-9.990E+02, 0.000E+00, 0.000E+00, 0.000E+00, 8.556E-01, 0.000E+00, 0.000E+00, 0.000E+00, 0.000E+00, 8.121E+01, 3.302E+01, 2.317E-02, 0.000E+00, 4.316E+01, 7.716E-03, 1.437E+00
21/08/2019,04:00,9,3.469,3.969,12.451,.902,.143, 1.015E+03, 8.617E+01, 4.907E-05, 3.469E-16, 1.958E+00, 1.422E+01, 1.905E+01, 4.404E+00, 5.335E-01, 1.881E+01, 4.002E+00, 5.132E-01, 2.379E-01, 3.854E-02, 1.000E+00, 1.802E-01, 5.432E-01, 6.346E-02, 1.000E+00, 8.556E-01, 9.785E-03, 6.274E-05, 1.891E-04, 0.000E+00, 7.068E+01, 2.874E+01, 9.565E-03, 2.985E-04, 1.014E+02, 5.662E-03, 1.412E+00
21/08/2019,05:00,9,3.469,3.969,13.467,.838,.251, 1.015E+03, 7.884E+01, 4.907E-05, 3.469E-16, 3.481E+01, 4.184E+01, 1.041E+02, 1.419E+01, 5.335E-01, 1.881E+01, 4.600E+00, 5.141E-01, 2.734E-01, 1.116E-01, 1.000E+00, 5.028E-01, 9.862E-01, 1.986E-01, 1.000E+00, 8.556E-01, 8.541E-02, 5.495E-04, 1.078E-03, 0.000E+00, 6.149E+01, 2.500E+01, 5.000E-03, 2.614E-03, 1.313E+02, 5.082E-03, 1.441E+00
21/08/2019,06:00,9,3.469,3.969,14.482,.775,.373, 1.015E+03, 7.138E+01, 1.065E-03, 3.469E-16, 1.018E+02, 5.981E+01, 1.815E+02, 2.202E+01, 7.490E+01, 1.078E+02, 5.251E+00, 6.787E-01, 3.231E-01, 1.833E-01, 1.000E+00, 6.697E-01, 9.994E-01, 3.231E-01, 1.000E+00, 8.556E-01, 1.851E-01, 1.195E-03, 1.784E-03, 0.000E+00, 4.866E+01, 2.115E+01, 5.000E-03, 5.687E-03, 9.357E+01, 6.733E-03, 1.463E+00
21/08/2019,07:00,9,3.469,3.969,15.711,.693,.551, 1.015E+03, 6.419E+01, 1.065E-03, 3.469E-16, 1.621E+02, 7.106E+01, 2.133E+02, 2.705E+01, 7.490E+01, 1.078E+02, 4.875E+00, 6.802E-01, 2.999E-01, 2.463E-01, 1.000E+00, 7.523E-01, 9.998E-01, 4.599E-01, 1.000E+00, 8.556E-01, 2.960E-01, 1.919E-03, 2.551E-03, 0.000E+00, 5.244E+01, 2.279E+01, 5.000E-03, 9.132E-03, 7.076E+01, 7.694E-03, 1.456E+00
21/08/2019,08:00,9,3.469,3.969,16.941,.611,.756, 1.015E+03, 5.773E+01, 1.065E-03, 3.469E-16, 2.151E+02, 7.583E+01, 2.311E+02, 2.962E+01, 7.490E+01, 1.078E+02, 4.501E+00, 6.816E-01, 2.769E-01, 2.958E-01, 1.000E+00, 7.917E-01, 9.999E-01, 5.813E-01, 1.000E+00, 8.556E-01, 3.937E-01, 2.564E-03, 3.238E-03, 0.000E+00, 5.682E+01, 2.469E+01, 5.000E-03, 1.220E-02, 5.815E+01, 8.178E-03, 1.515E+00
21/08/2019,09:00,9,3.469,3.969,18.170,.529,.991, 1.015E+03, 5.255E+01, 1.407E-02, 3.469E-16, 2.648E+02, 7.926E+01, 2.493E+02, 3.161E+01, 5.403E+01, 1.449E+02, 4.130E+00, 6.109E-01, 2.541E-01, 3.304E-01, 1.000E+00, 8.175E-01, 1.000E+00, 6.872E-01, 1.000E+00, 8.556E-01, 4.807E-01, 3.143E-03, 3.845E-03, 0.000E+00, 6.192E+01, 2.690E+01, 5.000E-03, 1.495E-02, 5.011E+01, 8.332E-03, 1.627E+00
21/08/2019,10:00,9,3.469,3.969,18.540,.509,1.059, 1.015E+03, 4.923E+01, 1.407E-02, 3.469E-16, 2.904E+02, 7.843E+01, 2.541E+02, 3.173E+01, 5.403E+01, 1.449E+02, 4.074E+00, 6.114E-01, 2.506E-01, 3.501E-01, 1.000E+00, 8.237E-01, 1.000E+00, 7.161E-01, 1.000E+00, 8.556E-01, 5.047E-01, 3.305E-03, 4.012E-03, 0.000E+00, 6.278E+01, 2.728E+01, 5.000E-03, 1.572E-02, 4.826E+01, 8.394E-03, 1.518E+00
21/08/2019,11:00,9,3.469,3.969,18.910,.488,1.131, 1.015E+03, 4.828E+01, 1.407E-02, 3.469E-16, 2.975E+02, 7.803E+01, 2.552E+02, 3.170E+01, 5.403E+01, 1.449E+02, 4.025E+00, 6.118E-01, 2.476E-01, 3.554E-01, 1.000E+00, 8.250E-01, 1.000E+00, 7.436E-01, 1.000E+00, 8.556E-01, 5.248E-01, 3.441E-03, 4.171E-03, 0.000E+00, 6.356E+01, 2.761E+01, 5.000E-03, 1.637E-02, 4.680E+01, 8.437E-03, 1.351E+00
21/08/2019,12:00,9,3.469,3.969,19.280,.467,1.205, 1.015E+03, 4.986E+01, 4.249E-02, 3.469E-16, 2.896E+02, 7.972E+01, 2.567E+02, 3.216E+01, 6.870E+01, 1.672E+02, 3.983E+00, 6.963E-01, 2.441E-01, 3.465E-01, 1.000E+00, 8.259E-01, 1.000E+00, 7.696E-01, 1.000E+00, 8.556E-01, 5.438E-01, 3.570E-03, 4.323E-03, 0.000E+00, 6.495E+01, 2.801E+01, 5.000E-03, 1.698E-02, 4.549E+01, 8.451E-03, 1.284E+00
21/08/2019,13:00,9,3.469,3.969,19.130,.473,1.180, 1.015E+03, 5.370E+01, 4.249E-02, 3.469E-16, 2.592E+02, 8.040E+01, 2.508E+02, 3.191E+01, 6.870E+01, 1.672E+02, 4.021E+00, 6.961E-01, 2.464E-01, 3.231E-01, 1.000E+00, 8.178E-01, 1.000E+00, 7.592E-01, 1.000E+00, 8.556E-01, 5.312E-01, 3.486E-03, 4.262E-03, 0.000E+00, 6.434E+01, 2.775E+01, 5.000E-03, 1.658E-02, 4.634E+01, 8.439E-03, 1.172E+00
21/08/2019,14:00,9,3.469,3.969,18.980,.479,1.155, 1.015E+03, 5.927E+01, 4.249E-02, 3.469E-16, 2.128E+02, 7.886E+01, 2.389E+02, 3.062E+01, 6.870E+01, 1.672E+02, 4.108E+00, 6.959E-01, 2.517E-01, 2.847E-01, 1.000E+00, 7.970E-01, 9.999E-01, 7.486E-01, 1.000E+00, 8.556E-01, 5.104E-01, 3.347E-03, 4.200E-03, 0.000E+00, 6.297E+01, 2.716E+01, 5.000E-03, 1.592E-02, 4.779E+01, 8.444E-03, 9.717E-01
21/08/2019,15:00,9,3.469,3.969,18.830,.485,1.131, 1.015E+03, 6.598E+01, 4.907E-05, 3.469E-16, 1.540E+02, 7.205E+01, 2.164E+02, 2.723E+01,-2.222E+01, 7.641E+01, 4.241E+00, 3.987E-01, 2.320E-01, 2.314E-01, 1.000E+00, 7.492E-01, 9.999E-01, 7.377E-01, 1.000E+00, 8.556E-01, 4.729E-01, 3.099E-03, 4.136E-03, 0.000E+00, 7.878E+01, 2.946E+01, 5.000E-03, 1.474E-02, 5.065E+01, 7.791E-03, 7.374E-01
21/08/2019,16:00,9,3.469,3.969,17.752,.539,.945, 1.015E+03, 7.329E+01, 4.907E-05, 3.469E-16, 8.999E+01, 5.825E+01, 1.777E+02, 2.120E+01,-2.222E+01, 7.641E+01, 3.811E+00, 3.979E-01, 2.084E-01, 1.654E-01, 1.000E+00, 6.509E-01, 9.993E-01, 6.529E-01, 1.000E+00, 8.556E-01, 3.636E-01, 2.375E-03, 3.645E-03, 0.000E+00, 8.776E+01, 3.280E+01, 5.000E-03, 1.130E-02, 6.136E+01, 6.762E-03, 6.619E-01
21/08/2019,17:00,9,3.469,3.969,16.674,.594,.777, 1.015E+03, 8.078E+01, 4.907E-05, 3.469E-16, 3.006E+01, 3.632E+01, 1.061E+02, 1.235E+01,-2.222E+01, 7.641E+01, 3.383E+00, 3.971E-01, 1.849E-01, 9.241E-02, 1.000E+00, 4.527E-01, 9.873E-01, 5.562E-01, 1.000E+00, 8.556E-01, 2.155E-01, 1.402E-03, 3.057E-03, 0.000E+00, 9.895E+01, 3.697E+01, 5.000E-03, 6.669E-03, 8.570E+01, 5.458E-03, 6.142E-01
21/08/2019,18:00,9,3.469,3.969,15.596,.648,.628, 1.016E+03, 8.804E+01, 4.907E-05, 3.469E-16, 8.912E-02, 8.181E+00, 3.789E+00, 2.483E+00,-3.933E+01, 1.222E+01, 2.959E+00, 2.907E-01, 1.264E-01, 1.967E-02, 1.000E+00, 9.800E-02, 1.443E-01, 4.477E-01, 1.000E+00, 8.556E-01, 3.754E-02, 2.433E-04, 3.582E-04, 0.000E+00, 1.853E+02, 5.409E+01, 5.000E-03, 1.158E-03, 1.624E+02, 3.238E-03, 6.116E-01
21/08/2019,19:00,9,3.469,3.969,14.867,.688,.531, 1.016E+03, 9.473E+01, 4.907E-05, 3.469E-16, 0.000E+00, 0.000E+00, 0.000E+00, 0.000E+00,-3.933E+01, 1.222E+01, 3.028E+00, 2.903E-01, 1.292E-01,-9.990E+02, 1.000E+00,-9.990E+02, 0.000E+00, 0.000E+00, 0.000E+00, 8.556E-01, 0.000E+00, 0.000E+00, 0.000E+00, 0.000E+00, 1.814E+02, 5.290E+01, 5.000E-03, 0.000E+00, 2.000E+02, 2.913E-03, 6.612E-01
21/08/2019,20:00,9,3.469,3.969,14.138,.728,.441, 1.016E+03, 1.005E+02, 4.907E-05, 3.469E-16, 0.000E+00, 0.000E+00, 0.000E+00, 0.000E+00,-3.933E+01, 1.222E+01, 3.099E+00, 2.899E-01, 1.321E-01,-9.990E+02, 1.000E+00,-9.990E+02, 0.000E+00, 0.000E+00, 0.000E+00, 8.556E-01, 0.000E+00, 0.000E+00, 0.000E+00, 0.000E+00, 1.776E+02, 5.175E+01, 5.000E-03, 0.000E+00, 2.000E+02, 2.940E-03, 6.884E-01
21/08/2019,21:00,9,3.469,3.969,13.409,.768,.359, 1.017E+03, 1.048E+02, 4.907E-05, 3.469E-16, 0.000E+00, 0.000E+00, 0.000E+00, 0.000E+00,-3.746E+01, 6.581E+00, 3.171E+00, 2.849E-01, 1.350E-01,-9.990E+02, 1.000E+00,-9.990E+02, 0.000E+00, 0.000E+00, 0.000E+00, 8.556E-01, 0.000E+00, 0.000E+00, 0.000E+00, 0.000E+00, 1.739E+02, 5.062E+01, 5.000E-03, 0.000E+00, 2.000E+02, 2.966E-03, 7.516E-01
21/08/2019,22:00,9,3.469,3.969,12.875,.806,.289, 1.017E+03, 1.075E+02, 4.907E-05, 3.469E-16, 0.000E+00, 0.000E+00, 0.000E+00, 0.000E+00,-3.746E+01, 6.581E+00, 3.125E+00, 2.845E-01, 1.329E-01,-9.990E+02, 1.000E+00,-9.990E+02, 0.000E+00, 0.000E+00, 0.000E+00, 8.556E-01, 0.000E+00, 0.000E+00, 0.000E+00, 0.000E+00, 1.768E+02, 5.142E+01, 5.000E-03, 0.000E+00, 2.000E+02, 2.947E-03, 7.994E-01
21/08/2019,23:00,9,3.469,3.969,12.341,.844,.224, 1.017E+03, 1.083E+02, 4.907E-05, 3.469E-16, 0.000E+00, 0.000E+00, 0.000E+00, 0.000E+00,-3.746E+01, 6.581E+00, 3.078E+00, 2.842E-01, 1.308E-01,-9.990E+02, 1.000E+00,-9.990E+02, 0.000E+00, 0.000E+00, 0.000E+00, 8.556E-01, 0.000E+00, 0.000E+00, 0.000E+00, 0.000E+00, 1.798E+02, 5.224E+01, 5.000E-03, 0.000E+00, 2.000E+02, 2.928E-03, 8.631E-01
22/08/2019,00:00,9,3.458,3.958,11.807,.882,.164, 1.018E+03, 1.071E+02, 0.000E+00, 3.469E-16, 0.000E+00, 0.000E+00, 0.000E+00, 0.000E+00,-3.625E+01, 4.084E+00, 3.032E+00, 3.034E-01, 1.369E-01,-9.990E+02, 1.000E+00,-9.990E+02, 0.000E+00, 0.000E+00, 0.000E+00, 8.556E-01, 0.000E+00, 0.000E+00, 0.000E+00, 0.000E+00, 1.619E+02, 4.995E+01, 7.313E-03, 0.000E+00, 1.367E+02, 3.688E-03, 9.329E-01
22/08/2019,01:00,9,3.458,3.958,11.605,.888,.154, 1.018E+03, 1.040E+02, 0.000E+00, 3.469E-16, 0.000E+00, 0.000E+00, 0.000E+00, 0.000E+00,-3.625E+01, 4.084E+00, 3.029E+00, 3.033E-01, 1.367E-01,-9.990E+02, 1.000E+00,-9.990E+02, 0.000E+00, 0.000E+00, 0.000E+00, 8.556E-01, 0.000E+00, 0.000E+00, 0.000E+00, 0.000E+00, 1.621E+02, 5.001E+01, 7.354E-03, 0.000E+00, 1.360E+02, 3.696E-03, 9.740E-01
22/08/2019,02:00,9,3.458,3.958,11.402,.893,.145, 1.018E+03, 9.924E+01, 0.000E+00, 3.469E-16, 0.000E+00, 0.000E+00, 0.000E+00, 0.000E+00,-3.625E+01, 4.084E+00, 3.029E+00, 3.032E-01, 1.366E-01,-9.990E+02, 1.000E+00,-9.990E+02, 0.000E+00, 0.000E+00, 0.000E+00, 8.765E-01, 0.000E+00, 0.000E+00, 0.000E+00, 0.000E+00, 1.623E+02, 5.003E+01, 8.532E-03, 0.000E+00, 1.172E+02, 3.971E-03, 9.739E-01
22/08/2019,03:00,9,3.458,3.958,11.200,.898,.136, 1.018E+03, 9.327E+01, 0.000E+00, 3.469E-16, 0.000E+00, 0.000E+00, 0.000E+00, 0.000E+00,-6.965E-01, 1.945E+01, 3.031E+00, 3.484E-01, 1.793E-01,-9.990E+02, 1.000E+00,-9.990E+02, 0.000E+00, 0.000E+00, 0.000E+00, 8.765E-01, 0.000E+00, 0.000E+00, 0.000E+00, 0.000E+00, 9.430E+01, 3.813E+01, 8.583E-03, 0.000E+00, 1.165E+02, 4.622E-03, 9.574E-01
22/08/2019,04:00,9,3.458,3.958,12.074,.865,.190, 1.018E+03, 8.643E+01, 0.000E+00, 3.469E-16, 1.884E+00, 1.489E+01, 1.974E+01, 4.617E+00,-6.965E-01, 1.945E+01, 2.844E+00, 3.489E-01, 1.682E-01, 3.601E-02, 1.000E+00, 1.867E-01, 5.561E-01, 1.055E-02, 1.000E+00, 8.765E-01, 1.727E-03, 1.106E-05, 3.561E-05, 0.000E+00, 1.005E+02, 4.063E+01, 5.455E-03, 5.245E-05, 1.816E+02, 3.472E-03, 9.635E-01
22/08/2019,05:00,9,3.458,3.958,12.948,.833,.251, 1.019E+03, 7.910E+01, 0.000E+00, 3.469E-16, 4.244E+01, 4.218E+01, 1.269E+02, 1.466E+01,-6.965E-01, 1.945E+01, 2.661E+00, 3.494E-01, 1.574E-01, 1.094E-01, 1.000E+00, 5.122E-01, 9.946E-01, 1.309E-01, 1.000E+00, 8.765E-01, 5.876E-02, 3.774E-04, 7.329E-04, 0.000E+00, 1.074E+02, 4.342E+01, 5.000E-03, 1.790E-03, 1.473E+02, 3.831E-03, 1.044E+00
22/08/2019,06:00,9,3.458,3.958,13.823,.800,.318, 1.019E+03, 7.164E+01, 1.181E-03, 3.469E-16, 1.414E+01, 6.536E+01, 4.285E+01, 2.040E+01, 1.299E+02, 9.786E+01, 2.485E+00, 5.327E-01, 1.611E-01, 1.814E-01, 1.000E+00, 6.151E-01, 8.283E-01, 2.434E-01, 1.000E+00, 8.765E-01, 1.312E-01, 8.455E-04, 1.139E-03, 0.000E+00, 8.874E+01, 4.243E+01, 5.000E-03, 4.009E-03, 1.110E+02, 4.560E-03, 1.155E+00
22/08/2019,07:00,9,3.458,3.958,15.193,.742,.448, 1.019E+03, 6.446E+01, 1.181E-03, 3.469E-16, 2.270E+01, 9.269E+01, 5.525E+01, 2.893E+01, 1.299E+02, 9.786E+01, 2.759E+00, 5.340E-01, 1.788E-01, 2.448E-01, 1.000E+00, 7.450E-01, 8.969E-01, 4.041E-01, 1.000E+00, 8.765E-01, 2.639E-01, 1.708E-03, 2.057E-03, 0.000E+00, 7.999E+01, 3.822E+01, 5.000E-03, 8.100E-03, 7.633E+01, 5.751E-03, 1.114E+00
22/08/2019,08:00,9,3.458,3.958,16.563,.684,.600, 1.019E+03, 5.802E+01, 1.181E-03, 3.469E-16, 3.022E+01, 1.141E+02, 6.413E+01, 3.561E+01, 1.299E+02, 9.786E+01, 3.060E+00, 5.352E-01, 1.983E-01, 2.946E-01, 1.000E+00, 8.159E-01, 9.285E-01, 5.456E-01, 1.000E+00, 8.765E-01, 3.902E-01, 2.538E-03, 2.888E-03, 0.000E+00, 7.221E+01, 3.448E+01, 5.000E-03, 1.203E-02, 5.871E+01, 6.816E-03, 1.118E+00
22/08/2019,09:00,9,3.458,3.958,17.933,.626,.776, 1.019E+03, 5.285E+01, 1.715E-02, 3.469E-16, 8.551E+01, 1.395E+02, 1.156E+02, 4.485E+01, 1.377E+02, 1.574E+02, 3.380E+00, 7.007E-01, 2.115E-01, 3.293E-01, 1.000E+00, 8.912E-01, 9.914E-01, 6.680E-01, 1.000E+00, 8.765E-01, 5.218E-01, 3.410E-03, 3.793E-03, 0.000E+00, 7.206E+01, 3.232E+01, 5.000E-03, 1.617E-02, 4.724E+01, 7.646E-03, 1.317E+00
22/08/2019,10:00,9,3.458,3.958,18.522,.578,.909, 1.019E+03, 4.955E+01, 1.715E-02, 3.469E-16, 9.384E+01, 1.476E+02, 1.197E+02, 4.741E+01, 1.377E+02, 1.574E+02, 3.871E+00, 7.015E-01, 2.422E-01, 3.491E-01, 1.000E+00, 9.048E-01, 9.927E-01, 7.147E-01, 1.000E+00, 8.765E-01, 5.668E-01, 3.712E-03, 4.072E-03, 0.000E+00, 6.294E+01, 2.822E+01, 5.000E-03, 1.760E-02, 4.425E+01, 8.532E-03, 1.517E+00
22/08/2019,11:00,9,3.458,3.958,19.111,.530,1.051, 1.019E+03, 4.862E+01, 1.715E-02, 3.469E-16, 9.615E+01, 1.497E+02, 1.208E+02, 4.808E+01, 1.377E+02, 1.574E+02, 4.362E+00, 7.023E-01, 2.729E-01, 3.544E-01, 1.000E+00, 9.082E-01, 9.930E-01, 7.579E-01, 1.000E+00, 8.765E-01, 6.033E-01, 3.958E-03, 4.328E-03, 0.000E+00, 5.588E+01, 2.505E+01, 5.000E-03, 1.877E-02, 4.207E+01, 9.361E-03, 1.595E+00
22/08/2019,12:00,9,3.458,3.958,19.700,.482,1.202, 1.018E+03, 5.020E+01, 7.213E-03, 3.469E-16, 5.768E+00, 9.532E+01, 3.362E+01, 2.911E+01, 1.944E+01, 9.975E+01, 4.853E+00, 6.466E-01, 2.919E-01, 3.454E-01, 1.000E+00, 7.156E-01, 7.491E-01, 7.975E-01, 1.000E+00, 8.765E-01, 5.003E-01, 3.289E-03, 3.442E-03, 0.000E+00, 5.626E+01, 2.342E+01, 5.000E-03, 1.560E-02, 4.855E+01, 9.114E-03, 1.526E+00
22/08/2019,13:00,9,3.458,3.958,19.328,.523,1.080, 1.018E+03, 5.404E+01, 7.213E-03, 3.469E-16, 5.155E+00, 8.768E+01, 3.117E+01, 2.678E+01, 1.944E+01, 9.975E+01, 4.599E+00, 6.463E-01, 2.766E-01, 3.218E-01, 1.000E+00, 6.853E-01, 7.225E-01, 7.729E-01, 1.000E+00, 8.765E-01, 4.643E-01, 3.048E-03, 3.214E-03, 0.000E+00, 5.936E+01, 2.471E+01, 5.000E-03, 1.446E-02, 5.140E+01, 8.625E-03, 1.490E+00
22/08/2019,14:00,9,3.458,3.958,18.956,.564,.964, 1.018E+03, 5.960E+01, 7.213E-03, 3.469E-16, 4.222E+00, 7.534E+01, 2.719E+01, 2.302E+01, 1.944E+01, 9.975E+01, 4.354E+00, 6.460E-01, 2.619E-01, 2.830E-01, 1.000E+00, 6.293E-01, 6.732E-01, 7.469E-01, 1.000E+00, 8.765E-01, 4.120E-01, 2.702E-03, 2.890E-03, 0.000E+00, 6.271E+01, 2.610E+01, 5.000E-03, 1.281E-02, 5.614E+01, 8.044E-03, 1.512E+00
22/08/2019,15:00,9,3.458,3.958,18.585,.605,.853, 1.018E+03, 6.630E+01, 1.007E-01, 3.469E-16, 1.810E+01, 8.395E+01, 4.865E+01, 2.614E+01,-2.652E+01, 4.628E+01, 4.119E+00, 5.461E-01, 2.353E-01, 2.293E-01, 1.000E+00, 7.059E-01, 8.648E-01, 7.194E-01, 1.000E+00, 8.765E-01, 4.452E-01, 2.916E-03, 3.572E-03, 0.000E+00, 7.439E+01, 2.905E+01, 5.000E-03, 1.383E-02, 5.312E+01, 7.725E-03, 1.519E+00
22/08/2019,16:00,9,3.458,3.958,17.596,.658,.695, 1.018E+03, 7.361E+01, 1.007E-01, 3.469E-16, 1.044E+01, 5.583E+01, 3.587E+01, 1.737E+01,-2.652E+01, 4.628E+01, 3.963E+00, 5.452E-01, 2.264E-01, 1.628E-01, 1.000E+00, 5.530E-01, 7.713E-01, 6.396E-01, 1.000E+00, 8.765E-01, 3.101E-01, 2.024E-03, 2.823E-03, 0.000E+00, 7.734E+01, 3.019E+01, 5.000E-03, 9.597E-03, 6.851E+01, 6.764E-03, 1.428E+00
22/08/2019,17:00,9,3.458,3.958,16.607,.710,.552, 1.018E+03, 8.110E+01, 1.007E-01, 3.469E-16, 3.328E+00, 2.553E+01, 1.866E+01, 7.905E+00,-2.652E+01, 4.628E+01, 3.817E+00, 5.443E-01, 2.180E-01, 8.948E-02, 1.000E+00, 3.007E-01, 5.358E-01, 5.499E-01, 1.000E+00, 8.765E-01, 1.449E-01, 9.427E-04, 1.680E-03, 0.000E+00, 8.035E+01, 3.136E+01, 5.000E-03, 4.470E-03, 1.056E+02, 5.319E-03, 1.376E+00
22/08/2019,18:00,9,3.458,3.958,15.618,.762,.425, 1.018E+03, 8.837E+01, 1.723E-01, 3.469E-16, 1.152E-02, 5.072E+00, 1.744E+00, 1.541E+00,-4.973E+01, 4.093E+01, 3.680E+00, 5.454E-01, 2.034E-01, 1.643E-02, 1.000E+00, 6.154E-02, 6.920E-02, 4.501E-01, 1.000E+00, 8.765E-01, 2.428E-02, 1.574E-04, 1.770E-04, 0.000E+00, 8.898E+01, 3.361E+01, 5.000E-03, 7.464E-04, 1.740E+02, 3.808E-03, 1.331E+00
22/08/2019,19:00,9,3.458,3.958,15.188,.798,.352, 1.017E+03, 9.506E+01, 1.723E-01, 3.469E-16, 0.000E+00, 0.000E+00, 0.000E+00, 0.000E+00,-4.973E+01, 4.093E+01, 4.039E+00, 5.451E-01, 2.232E-01,-9.990E+02, 1.000E+00,-9.990E+02, 0.000E+00, 0.000E+00, 0.000E+00, 8.765E-01, 0.000E+00, 0.000E+00, 0.000E+00, 0.000E+00, 8.109E+01, 3.063E+01, 5.000E-03, 0.000E+00, 2.000E+02, 3.562E-03, 1.422E+00
22/08/2019,20:00,9,3.458,3.958,14.757,.833,.282, 1.017E+03, 1.008E+02, 1.723E-01, 3.469E-16, 0.000E+00, 0.000E+00, 0.000E+00, 0.000E+00,-4.973E+01, 4.093E+01, 4.466E+00, 5.449E-01, 2.467E-01,-9.990E+02, 1.000E+00,-9.990E+02, 0.000E+00, 0.000E+00, 0.000E+00, 8.765E-01, 0.000E+00, 0.000E+00, 0.000E+00, 0.000E+00, 7.335E+01, 2.770E+01, 5.000E-03, 0.000E+00, 2.000E+02, 3.663E-03, 1.538E+00
22/08/2019,21:00,9,3.458,3.958,14.327,.868,.216, 1.016E+03, 1.052E+02, 3.706E-02, 3.469E-16, 0.000E+00, 0.000E+00, 0.000E+00, 0.000E+00,-5.547E+01, 4.384E+01, 4.943E+00, 7.539E-01, 2.846E-01,-9.990E+02, 1.000E+00,-9.990E+02, 0.000E+00, 0.000E+00, 0.000E+00, 8.765E-01, 0.000E+00, 0.000E+00, 0.000E+00, 0.000E+00, 6.103E+01, 2.402E+01, 5.165E-03, 0.000E+00, 1.936E+02, 3.896E-03, 1.507E+00
22/08/2019,22:00,9,3.458,3.958,14.345,.871,.213, 1.016E+03, 1.079E+02, 3.706E-02, 3.469E-16, 0.000E+00, 0.000E+00, 0.000E+00, 0.000E+00,-5.547E+01, 4.384E+01, 4.898E+00, 7.540E-01, 2.820E-01,-9.990E+02, 1.000E+00,-9.990E+02, 0.000E+00, 0.000E+00, 0.000E+00, 8.765E-01, 0.000E+00, 0.000E+00, 0.000E+00, 0.000E+00, 6.159E+01, 2.424E+01, 5.956E-03, 0.000E+00, 1.679E+02, 4.319E-03, 1.520E+00
22/08/2019,23:00,9,3.458,3.958,14.362,.873,.209, 1.016E+03, 1.086E+02, 3.706E-02, 3.469E-16, 0.000E+00, 0.000E+00, 0.000E+00, 0.000E+00,-5.547E+01, 4.384E+01, 4.922E+00, 7.541E-01, 2.834E-01,-9.990E+02, 1.000E+00,-9.990E+02, 0.000E+00, 0.000E+00, 0.000E+00, 8.765E-01, 0.000E+00, 0.000E+00, 0.000E+00, 0.000E+00, 6.129E+01, 2.412E+01, 5.954E-03, 0.000E+00, 1.680E+02, 4.324E-03, 1.560E+00
23/08/2019,00:00,9,3.447,3.947,14.380,.875,.206, 1.015E+03, 1.074E+02, 0.000E+00, 3.469E-16, 0.000E+00, 0.000E+00, 0.000E+00, 0.000E+00,-5.966E+01, 2.205E+01, 5.014E+00, 6.418E-01, 2.823E-01,-9.990E+02, 1.000E+00,-9.990E+02, 0.000E+00, 0.000E+00, 0.000E+00, 8.765E-01, 0.000E+00, 0.000E+00, 0.000E+00, 0.000E+00, 6.294E+01, 2.422E+01, 5.952E-03, 0.000E+00, 1.680E+02, 4.315E-03, 1.585E+00
23/08/2019,01:00,9,3.447,3.947,13.855,.896,.165, 1.015E+03, 1.043E+02, 0.000E+00, 3.469E-16, 0.000E+00, 0.000E+00, 0.000E+00, 0.000E+00,-5.966E+01, 2.205E+01, 4.844E+00, 6.412E-01, 2.727E-01,-9.990E+02, 1.000E+00,-9.990E+02, 0.000E+00, 0.000E+00, 0.000E+00, 8.765E-01, 0.000E+00, 0.000E+00, 0.000E+00, 0.000E+00, 6.516E+01, 2.507E+01, 8.014E-03, 0.000E+00, 1.248E+02, 5.243E-03, 1.480E+00
23/08/2019,02:00,9,3.447,3.947,13.329,.917,.127, 1.015E+03, 9.953E+01, 0.000E+00, 3.469E-16, 0.000E+00, 0.000E+00, 0.000E+00, 0.000E+00,-5.966E+01, 2.205E+01, 4.694E+00, 6.407E-01, 2.642E-01,-9.990E+02, 1.000E+00,-9.990E+02, 0.000E+00, 0.000E+00, 0.000E+00, 8.953E-01, 0.000E+00, 0.000E+00, 0.000E+00, 0.000E+00, 6.727E+01, 2.588E+01, 1.080E-02, 0.000E+00, 9.263E+01, 6.222E-03, 1.435E+00
23/08/2019,03:00,9,3.447,3.947,12.804,.939,.091, 1.015E+03, 9.355E+01, 6.061E-04, 3.469E-16, 0.000E+00, 0.000E+00, 0.000E+00, 0.000E+00,-1.422E+01, 3.011E+01, 4.564E+00, 6.705E-01, 2.680E-01,-9.990E+02, 1.000E+00,-9.990E+02, 0.000E+00, 0.000E+00, 0.000E+00, 8.953E-01, 0.000E+00, 0.000E+00, 0.000E+00, 0.000E+00, 6.355E+01, 2.551E+01, 1.571E-02, 0.000E+00, 6.365E+01, 7.663E-03, 1.085E+00
23/08/2019,04:00,9,3.447,3.947,13.396,.895,.163, 1.015E+03, 8.670E+01, 6.061E-04, 3.469E-16, 5.902E-01, 1.031E+01, 8.291E+00, 3.170E+00,-1.422E+01, 3.011E+01, 5.313E+00, 6.712E-01, 3.120E-01, 3.344E-02, 1.000E+00, 1.278E-01, 2.889E-01, 1.895E-01, 1.000E+00, 8.953E-01, 2.169E-02, 1.395E-04, 3.154E-04, 0.000E+00, 5.459E+01, 2.191E+01, 8.745E-03, 6.595E-04, 1.063E+02, 6.107E-03, 1.216E+00
23/08/2019,05:00,9,3.447,3.947,13.989,.851,.240, 1.015E+03, 7.936E+01, 6.061E-04, 3.469E-16, 1.728E+01, 4.155E+01, 6.021E+01, 1.341E+01,-1.422E+01, 3.011E+01, 6.077E+00, 6.719E-01, 3.569E-01, 1.071E-01, 1.000E+00, 4.767E-01, 9.160E-01, 2.639E-01, 1.000E+00, 8.953E-01, 1.126E-01, 7.261E-04, 1.395E-03, 0.000E+00, 4.772E+01, 1.915E+01, 5.000E-03, 3.432E-03, 1.186E+02, 5.924E-03, 1.260E+00
23/08/2019,06:00,9,3.447,3.947,14.581,.807,.323, 1.015E+03, 7.190E+01, 2.632E-02, 3.469E-16, 5.249E+01, 7.345E+01, 1.089E+02, 2.440E+01, 4.218E+01, 8.406E+01, 6.852E+00, 8.068E-01, 4.127E-01, 1.795E-01, 1.000E+00, 6.972E-01, 9.887E-01, 3.347E-01, 1.000E+00, 8.953E-01, 2.090E-01, 1.350E-03, 1.914E-03, 0.000E+00, 3.969E+01, 1.656E+01, 5.000E-03, 6.380E-03, 8.787E+01, 7.626E-03, 1.358E+00
23/08/2019,07:00,9,3.447,3.947,15.742,.763,.428, 1.014E+03, 6.473E+01, 2.632E-02, 3.469E-16, 8.488E+01, 9.900E+01, 1.325E+02, 3.308E+01, 4.218E+01, 8.406E+01, 6.354E+00, 8.086E-01, 3.827E-01, 2.433E-01, 1.000E+00, 8.048E-01, 9.957E-01, 4.632E-01, 1.000E+00, 8.953E-01, 3.338E-01, 2.165E-03, 2.678E-03, 0.000E+00, 4.280E+01, 1.786E+01, 5.000E-03, 1.023E-02, 6.565E+01, 8.905E-03, 1.556E+00
23/08/2019,08:00,9,3.447,3.947,16.904,.718,.547, 1.014E+03, 5.830E+01, 2.632E-02, 3.469E-16, 1.134E+02, 1.173E+02, 1.471E+02, 3.927E+01, 4.218E+01, 8.406E+01, 5.886E+00, 8.104E-01, 3.545E-01, 2.934E-01, 1.000E+00, 8.588E-01, 9.976E-01, 5.779E-01, 1.000E+00, 8.953E-01, 4.443E-01, 2.893E-03, 3.361E-03, 0.000E+00, 4.622E+01, 1.928E+01, 5.000E-03, 1.368E-02, 5.355E+01, 9.625E-03, 1.610E+00
23/08/2019,09:00,9,3.447,3.947,18.065,.674,.681, 1.013E+03, 5.315E+01, 7.393E-01, 3.469E-16, 2.203E+02, 8.627E+01, 2.163E+02, 3.267E+01,-6.013E+00, 1.285E+02, 5.455E+00, 7.549E-01, 3.229E-01, 3.283E-01, 1.000E+00, 8.247E-01, 9.999E-01, 6.788E-01, 1.000E+00, 8.953E-01, 5.012E-01, 3.276E-03, 3.972E-03, 0.000E+00, 5.233E+01, 2.117E+01, 5.000E-03, 1.549E-02, 4.881E+01, 9.592E-03, 1.767E+00
23/08/2019,10:00,9,3.447,3.947,17.465,.744,.514, 1.013E+03, 4.988E+01, 7.393E-01, 3.469E-16, 2.419E+02, 8.712E+01, 2.209E+02, 3.324E+01,-6.013E+00, 1.285E+02, 5.890E+00, 7.542E-01, 3.486E-01, 3.481E-01, 1.000E+00, 8.339E-01, 9.999E-01, 6.283E-01, 1.000E+00, 8.953E-01, 4.691E-01, 3.060E-03, 3.670E-03, 0.000E+00, 4.846E+01, 1.961E+01, 5.000E-03, 1.447E-02, 5.137E+01, 9.735E-03, 1.225E+00
23/08/2019,11:00,9,3.447,3.947,16.864,.815,.359, 1.012E+03, 4.896E+01, 7.393E-01, 3.469E-16, 2.478E+02, 8.719E+01, 2.220E+02, 3.335E+01,-6.013E+00, 1.285E+02, 6.324E+00, 7.536E-01, 3.743E-01, 3.534E-01, 1.000E+00, 8.359E-01, 9.999E-01, 5.742E-01, 1.000E+00, 8.953E-01, 4.297E-01, 2.798E-03, 3.346E-03, 0.000E+00, 4.513E+01, 1.826E+01, 5.000E-03, 1.322E-02, 5.487E+01, 9.737E-03, 9.886E-01
23/08/2019,12:00,9,3.447,3.947,16.264,.885,.215, 1.012E+03, 5.055E+01, 3.607E-01, 3.469E-16, 2.849E+02, 8.001E+01, 2.565E+02, 3.234E+01, 7.928E+00, 1.079E+02, 6.759E+00, 6.426E-01, 4.037E-01, 3.442E-01, 1.000E+00, 8.266E-01, 1.000E+00, 5.163E-01, 1.000E+00, 8.953E-01, 3.821E-01, 2.483E-03, 3.003E-03, 0.000E+00, 4.125E+01, 1.693E+01, 6.608E-03, 1.174E-02, 5.451E+01, 1.012E-02, 9.320E-01
23/08/2019,13:00,9,3.447,3.947,16.789,.897,.198, 1.012E+03, 5.438E+01, 3.607E-01, 3.469E-16, 2.543E+02, 8.046E+01, 2.503E+02, 3.201E+01, 7.928E+00, 1.079E+02, 5.854E+00, 6.432E-01, 3.496E-01, 3.204E-01, 1.000E+00, 8.178E-01, 1.000E+00, 5.672E-01, 1.000E+00, 8.953E-01, 4.153E-01, 2.703E-03, 3.305E-03, 0.000E+00, 4.763E+01, 1.955E+01, 7.550E-03, 1.278E-02, 4.920E+01, 9.966E-03, 9.019E-01
23/08/2019,14:00,9,3.447,3.947,17.315,.909,.181, 1.012E+03, 5.994E+01, 3.607E-01, 3.469E-16, 2.077E+02, 7.853E+01, 2.379E+02, 3.057E+01, 7.928E+00, 1.079E+02, 4.991E+00, 6.439E-01, 2.981E-01, 2.813E-01, 1.000E+00, 7.956E-01, 9.999E-01, 6.152E-01, 1.000E+00, 8.953E-01, 4.382E-01, 2.857E-03, 3.591E-03, 0.000E+00, 5.587E+01, 2.293E+01, 8.628E-03, 1.351E-02, 4.518E+01, 9.509E-03, 8.527E-01
23/08/2019,15:00,9,3.447,3.947,17.841,.922,.161, 1.012E+03, 6.663E+01, 1.330E-01, 3.469E-16, 1.492E+02, 7.141E+01, 2.151E+02, 2.705E+01,-1.673E+01, 6.315E+01, 4.198E+00, 5.798E-01, 2.442E-01, 2.271E-01, 1.000E+00, 7.459E-01, 9.999E-01, 6.604E-01, 1.000E+00, 8.953E-01, 4.410E-01, 2.881E-03, 3.862E-03, 0.000E+00, 7.040E+01, 2.799E+01, 1.228E-02, 1.362E-02, 3.861E+01, 8.926E-03, 7.281E-01
23/08/2019,16:00,9,3.447,3.947,17.406,.926,.148, 1.012E+03, 7.394E+01, 1.330E-01, 3.469E-16, 8.500E+01, 5.690E+01, 1.744E+02, 2.074E+01,-1.673E+01, 6.315E+01, 3.902E+00, 5.793E-01, 2.270E-01, 1.602E-01, 1.000E+00, 6.420E-01, 9.992E-01, 6.232E-01, 1.000E+00, 8.953E-01, 3.582E-01, 2.336E-03, 3.637E-03, 0.000E+00, 7.574E+01, 3.011E+01, 1.238E-02, 1.104E-02, 4.270E+01, 8.218E-03, 6.265E-01
23/08/2019,17:00,9,3.447,3.947,16.971,.930,.136, 1.012E+03, 8.143E+01, 1.330E-01, 3.469E-16, 2.585E+01, 3.419E+01, 9.831E+01, 1.159E+01,-1.673E+01, 6.315E+01, 3.632E+00, 5.788E-01, 2.113E-01, 8.649E-02, 1.000E+00, 4.314E-01, 9.825E-01, 5.841E-01, 1.000E+00, 8.953E-01, 2.256E-01, 1.469E-03, 3.346E-03, 0.000E+00, 8.138E+01, 3.235E+01, 1.439E-02, 6.944E-03, 4.688E+01, 7.590E-03, 5.433E-01
23/08/2019,18:00,9,3.447,3.947,16.536,.935,.124, 1.012E+03, 8.870E+01, 0.000E+00, 3.469E-16, 3.849E-03, 5.421E+00, 1.736E+00, 1.651E+00,-5.161E+01, 5.865E+00, 3.394E+00, 3.901E-01, 1.662E-01, 1.314E-02, 1.000E+00, 6.570E-02, 6.892E-02, 5.430E-01, 1.000E+00, 8.953E-01, 3.194E-02, 2.077E-04, 2.179E-04, 0.000E+00, 1.229E+02, 4.113E+01, 1.450E-02, 9.818E-04, 6.459E+01, 5.738E-03, 4.725E-01
23/08/2019,19:00,9,3.447,3.947,15.759,.930,.127, 1.013E+03, 9.540E+01, 0.000E+00, 3.469E-16, 0.000E+00, 0.000E+00, 0.000E+00, 0.000E+00,-5.161E+01, 5.865E+00, 3.433E+00, 3.895E-01, 1.680E-01,-9.990E+02, 1.000E+00,-9.990E+02, 0.000E+00, 0.000E+00, 0.000E+00, 8.953E-01, 0.000E+00, 0.000E+00, 0.000E+00, 0.000E+00, 1.217E+02, 4.069E+01, 1.276E-02, 0.000E+00, 7.838E+01, 5.350E-03, 4.430E-01
23/08/2019,20:00,9,3.447,3.947,14.981,.924,.129, 1.014E+03, 1.011E+02, 0.000E+00, 3.469E-16, 0.000E+00, 0.000E+00, 0.000E+00, 0.000E+00,-5.161E+01, 5.865E+00, 3.494E+00, 3.888E-01, 1.708E-01,-9.990E+02, 1.000E+00,-9.990E+02, 0.000E+00, 0.000E+00, 0.000E+00, 8.953E-01, 0.000E+00, 0.000E+00, 0.000E+00, 0.000E+00, 1.197E+02, 4.001E+01, 1.296E-02, 0.000E+00, 7.716E+01, 5.438E-03, 4.463E-01
23/08/2019,21:00,9,3.447,3.947,14.204,.919,.131, 1.014E+03, 1.055E+02, 0.000E+00, 3.469E-16, 0.000E+00, 0.000E+00, 0.000E+00, 0.000E+00,-4.887E+01, 8.452E+00, 3.577E+00, 3.476E-01, 1.654E-01,-9.990E+02, 1.000E+00,-9.990E+02, 0.000E+00, 0.000E+00, 0.000E+00, 8.953E-01, 0.000E+00, 0.000E+00, 0.000E+00, 0.000E+00, 1.307E+02, 4.132E+01, 1.058E-02, 0.000E+00, 9.452E+01, 4.869E-03, 4.874E-01
23/08/2019,22:00,9,3.447,3.947,13.700,.930,.110, 1.015E+03, 1.082E+02, 0.000E+00, 3.469E-16, 0.000E+00, 0.000E+00, 0.000E+00, 0.000E+00,-4.887E+01, 8.452E+00, 3.459E+00, 3.472E-01, 1.598E-01,-9.990E+02, 1.000E+00,-9.990E+02, 0.000E+00, 0.000E+00, 0.000E+00, 8.953E-01, 0.000E+00, 0.000E+00, 0.000E+00, 0.000E+00, 1.354E+02, 4.276E+01, 1.234E-02, 0.000E+00, 8.101E+01, 5.109E-03, 5.399E-01
23/08/2019,23:00,9,3.447,3.947,13.197,.940,.091, 1.016E+03, 1.090E+02, 0.000E+00, 3.469E-16, 0.000E+00, 0.000E+00, 0.000E+00, 0.000E+00,-4.887E+01, 8.452E+00, 3.341E+00, 3.468E-01, 1.543E-01,-9.990E+02, 1.000E+00,-9.990E+02, 0.000E+00, 0.000E+00, 0.000E+00, 8.953E-01, 0.000E+00, 0.000E+00, 0.000E+00, 0.000E+00, 1.403E+02, 4.429E+01, 1.662E-02, 0.000E+00, 6.015E+01, 5.586E-03, 5.688E-01
24/08/2019,00:00,9,3.436,3.936,12.693,.951,.072, 1.016E+03, 1.077E+02, 6.684E-05, 3.469E-16, 0.000E+00, 0.000E+00, 0.000E+00, 0.000E+00,-3.725E+01, 2.440E+00, 3.224E+00, 2.962E-01, 1.419E-01,-9.990E+02, 1.000E+00,-9.990E+02, 0.000E+00, 0.000E+00, 0.000E+00, 8.953E-01, 0.000E+00, 0.000E+00, 0.000E+00, 0.000E+00, 1.601E+02, 4.817E+01, 1.942E-02, 0.000E+00, 5.150E+01, 5.510E-03, 5.828E-01
24/08/2019,01:00,9,3.436,3.936,12.306,.949,.073, 1.017E+03, 1.046E+02, 6.684E-05, 3.469E-16, 0.000E+00, 0.000E+00, 0.000E+00, 0.000E+00,-3.725E+01, 2.440E+00, 2.904E+00, 2.959E-01, 1.277E-01,-9.990E+02, 1.000E+00,-9.990E+02, 0.000E+00, 0.000E+00, 0.000E+00, 8.953E-01, 0.000E+00, 0.000E+00, 0.000E+00, 0.000E+00, 1.780E+02, 5.352E+01, 1.700E-02, 0.000E+00, 5.882E+01, 4.920E-03, 6.049E-01
24/08/2019,02:00,9,3.436,3.936,11.920,.947,.074, 1.018E+03, 9.983E+01, 6.684E-05, 3.469E-16, 0.000E+00, 0.000E+00, 0.000E+00, 0.000E+00,-3.725E+01, 2.440E+00, 2.698E+00, 2.956E-01, 1.186E-01,-9.990E+02, 1.000E+00,-9.990E+02, 0.000E+00, 0.000E+00, 0.000E+00, 9.054E-01, 0.000E+00, 0.000E+00, 0.000E+00, 0.000E+00, 1.918E+02, 5.763E+01, 1.718E-02, 0.000E+00, 5.821E+01, 4.679E-03, 6.802E-01
24/08/2019,03:00,9,3.436,3.936,11.534,.946,.074, 1.018E+03, 9.382E+01, 6.684E-05, 3.469E-16, 0.000E+00, 0.000E+00, 0.000E+00, 0.000E+00,-3.385E+00, 2.026E+01, 2.635E+00, 1.930E-01, 1.404E-01,-9.990E+02, 1.000E+00,-9.990E+02, 0.000E+00, 0.000E+00, 0.000E+00, 9.054E-01, 0.000E+00, 0.000E+00, 0.000E+00, 0.000E+00, 1.336E+02, 4.868E+01, 1.736E-02, 0.000E+00, 5.759E+01, 5.367E-03, 8.151E-01
24/08/2019,04:00,9,3.436,3.936,12.470,.903,.140, 1.019E+03, 8.696E+01, 6.684E-05, 3.469E-16, 9.459E-01, 1.266E+01, 1.284E+01, 3.914E+00,-3.385E+00, 2.026E+01, 2.047E+00, 1.933E-01, 1.091E-01, 3.084E-02, 1.000E+00, 1.567E-01, 4.103E-01, 6.597E-02, 1.000E+00, 9.054E-01, 9.362E-03, 6.003E-05, 1.571E-04, 0.000E+00, 1.719E+02, 6.264E+01, 9.560E-03, 2.828E-04, 1.016E+02, 3.742E-03, 9.761E-01
24/08/2019,05:00,9,3.436,3.936,13.406,.861,.214, 1.019E+03, 7.962E+01, 6.684E-05, 3.469E-16, 3.837E+01, 4.036E+01, 1.205E+02, 1.402E+01,-3.385E+00, 2.026E+01, 1.470E+00, 1.935E-01, 1.000E-01, 1.049E-01, 1.000E+00, 4.964E-01, 9.930E-01, 1.907E-01, 1.000E+00, 9.054E-01, 8.572E-02, 5.514E-04, 1.103E-03, 0.000E+00, 1.875E+02, 6.835E+01, 5.275E-03, 2.598E-03, 1.270E+02, 3.249E-03, 1.161E+00
24/08/2019,06:00,9,3.436,3.936,14.341,.819,.297, 1.020E+03, 7.217E+01, 6.684E-05, 3.469E-16, 2.045E+01, 6.839E+01, 5.507E+01, 2.168E+01, 9.191E+01, 1.170E+02, 9.250E-01, 2.428E-01, 1.000E-01, 1.776E-01, 1.000E+00, 6.444E-01, 8.962E-01, 3.065E-01, 1.000E+00, 9.054E-01, 1.788E-01, 1.154E-03, 1.605E-03, 0.000E+00, 1.080E+02, 6.835E+01, 5.000E-03, 5.438E-03, 9.580E+01, 3.929E-03, 1.441E+00
24/08/2019,07:00,9,3.436,3.936,15.744,.741,.466, 1.020E+03, 6.500E+01, 6.684E-05, 3.469E-16, 3.335E+01, 9.719E+01, 7.029E+01, 3.083E+01, 9.191E+01, 1.170E+02, 7.549E-01, 2.433E-01, 1.000E-01, 2.418E-01, 1.000E+00, 7.733E-01, 9.445E-01, 4.634E-01, 1.000E+00, 9.054E-01, 3.244E-01, 2.104E-03, 2.570E-03, 0.000E+00, 1.081E+02, 6.835E+01, 5.000E-03, 9.913E-03, 6.706E+01, 4.428E-03, 1.316E+00
24/08/2019,08:00,9,3.436,3.936,17.147,.664,.663, 1.021E+03, 5.859E+01, 6.684E-05, 3.469E-16, 4.470E+01, 1.195E+02, 8.079E+01, 3.791E+01, 9.191E+01, 1.170E+02, 5.849E-01, 2.439E-01, 1.000E-01, 2.921E-01, 1.000E+00, 8.406E-01, 9.640E-01, 6.001E-01, 1.000E+00, 9.054E-01, 4.567E-01, 2.977E-03, 3.413E-03, 0.000E+00, 1.083E+02, 6.835E+01, 5.000E-03, 1.402E-02, 5.256E+01, 4.730E-03, 1.438E+00
24/08/2019,09:00,9,3.436,3.936,18.550,.586,.893, 1.022E+03, 5.346E+01, 6.684E-05, 3.469E-16, 8.921E+01, 1.376E+02, 1.195E+02, 4.461E+01, 1.363E+02, 1.656E+02, 4.150E-01, 2.312E-01, 1.000E-01, 3.272E-01, 1.000E+00, 8.902E-01, 9.927E-01, 7.168E-01, 1.000E+00, 9.054E-01, 5.777E-01, 3.783E-03, 4.219E-03, 0.000E+00, 9.706E+01, 6.835E+01, 5.000E-03, 1.783E-02, 4.381E+01, 5.118E-03, 1.585E+00
24/08/2019,10:00,9,3.436,3.936,19.351,.552,1.016, 1.022E+03, 5.021E+01, 6.684E-05, 3.469E-16, 9.801E+01, 1.455E+02, 1.237E+02, 4.717E+01, 1.363E+02, 1.656E+02, 3.921E-01, 2.315E-01, 1.000E-01, 3.471E-01, 1.000E+00, 9.040E-01, 9.938E-01, 7.745E-01, 1.000E+00, 9.054E-01, 6.339E-01, 4.163E-03, 4.576E-03, 0.000E+00, 9.714E+01, 6.835E+01, 5.000E-03, 1.961E-02, 4.063E+01, 5.201E-03, 1.145E+00
24/08/2019,11:00,9,3.436,3.936,20.153,.519,1.149, 1.022E+03, 4.930E+01, 6.684E-05, 3.469E-16, 1.004E+02, 1.476E+02, 1.248E+02, 4.783E+01, 1.363E+02, 1.656E+02, 4.753E-01, 2.318E-01, 1.000E-01, 3.523E-01, 1.000E+00, 9.073E-01, 9.941E-01, 8.256E-01, 1.000E+00, 9.054E-01, 6.782E-01, 4.466E-03, 4.893E-03, 0.000E+00, 9.723E+01, 6.835E+01, 5.000E-03, 2.104E-02, 3.840E+01, 5.260E-03, 1.051E+00
24/08/2019,12:00,9,3.436,3.936,20.955,.485,1.293, 1.022E+03, 5.090E+01, 4.642E-03, 3.469E-16, 1.562E+02, 1.288E+02, 1.676E+02, 4.373E+01, 2.971E+01, 1.186E+02, 6.233E-01, 2.513E-01, 1.000E-01, 3.431E-01, 1.000E+00, 8.909E-01, 9.990E-01, 8.701E-01, 1.000E+00, 9.054E-01, 7.019E-01, 4.634E-03, 5.196E-03, 0.000E+00, 1.309E+02, 6.835E+01, 5.000E-03, 2.183E-02, 3.727E+01, 4.817E-03, 1.028E+00
24/08/2019,13:00,9,3.436,3.936,21.038,.527,1.194, 1.022E+03, 5.473E+01, 4.642E-03, 3.469E-16, 1.392E+02, 1.219E+02, 1.619E+02, 4.135E+01, 2.971E+01, 1.186E+02, 5.753E-01, 2.514E-01, 1.000E-01, 3.190E-01, 1.000E+00, 8.753E-01, 9.987E-01, 8.744E-01, 1.000E+00, 9.054E-01, 6.929E-01, 4.576E-03, 5.222E-03, 0.000E+00, 1.309E+02, 6.835E+01, 5.000E-03, 2.156E-02, 3.765E+01, 4.808E-03, 1.054E+00
24/08/2019,14:00,9,3.436,3.936,21.121,.568,1.095, 1.022E+03, 6.028E+01, 4.642E-03, 3.469E-16, 1.133E+02, 1.093E+02, 1.513E+02, 3.704E+01, 2.971E+01, 1.186E+02, 5.338E-01, 2.514E-01, 1.000E-01, 2.796E-01, 1.000E+00, 8.424E-01, 9.980E-01, 8.785E-01, 1.000E+00, 9.054E-01, 6.701E-01, 4.427E-03, 5.244E-03, 0.000E+00, 1.309E+02, 6.835E+01, 5.000E-03, 2.086E-02, 3.867E+01, 4.784E-03, 9.951E-01
24/08/2019,15:00,9,3.436,3.936,21.204,.610,.994, 1.022E+03, 6.697E+01, 2.178E-03, 3.469E-16, 1.457E+02, 7.109E+01, 2.131E+02, 2.692E+01,-1.733E+01, 5.241E+01, 5.007E-01, 1.919E-01, 1.000E-01, 2.249E-01, 1.000E+00, 7.439E-01, 9.998E-01, 8.827E-01, 1.000E+00, 9.054E-01, 5.945E-01, 3.928E-03, 5.280E-03, 0.000E+00, 2.685E+02, 6.835E+01, 5.000E-03, 1.851E-02, 4.254E+01, 4.333E-03, 8.300E-01
24/08/2019,16:00,9,3.436,3.936,19.894,.684,.742, 1.022E+03, 7.427E+01, 2.178E-03, 3.469E-16, 8.171E+01, 5.619E+01, 1.712E+02, 2.046E+01,-1.733E+01, 5.241E+01, 7.366E-01, 1.914E-01, 1.000E-01, 1.575E-01, 1.000E+00, 6.366E-01, 9.991E-01, 8.098E-01, 1.000E+00, 9.054E-01, 4.668E-01, 3.071E-03, 4.819E-03, 0.000E+00, 2.692E+02, 6.835E+01, 5.000E-03, 1.447E-02, 5.137E+01, 4.172E-03, 9.037E-01
24/08/2019,17:00,9,3.436,3.936,18.583,.758,.523, 1.022E+03, 8.176E+01, 2.178E-03, 3.469E-16, 2.340E+01, 3.306E+01, 9.279E+01, 1.117E+01,-1.733E+01, 5.241E+01, 1.898E+00, 1.910E-01, 1.000E-01, 8.344E-02, 1.000E+00, 4.192E-01, 9.780E-01, 7.193E-01, 1.000E+00, 9.054E-01, 2.730E-01, 1.788E-03, 4.172E-03, 0.000E+00, 2.699E+02, 6.835E+01, 5.000E-03, 8.424E-03, 7.449E+01, 3.804E-03, 1.291E+00
24/08/2019,18:00,9,3.436,3.936,17.273,.832,.335, 1.022E+03, 8.904E+01, 6.684E-05, 3.469E-16, 1.515E-04, 4.031E+00, 0.000E+00, 0.000E+00,-3.953E+01, 1.062E+00, 3.071E+00, 3.039E-01, 1.360E-01,-9.990E+02, 1.000E+00,-9.990E+02, 0.000E+00, 0.000E+00, 0.000E+00, 9.054E-01, 0.000E+00, 0.000E+00, 0.000E+00, 0.000E+00, 1.661E+02, 5.026E+01, 5.000E-03, 0.000E+00, 2.000E+02, 2.980E-03, 1.748E+00
24/08/2019,19:00,9,3.436,3.936,16.496,.874,.239, 1.022E+03, 9.574E+01, 6.684E-05, 3.469E-16, 0.000E+00, 0.000E+00, 0.000E+00, 0.000E+00,-3.953E+01, 1.062E+00, 2.866E+00, 3.035E-01, 1.267E-01,-9.990E+02, 1.000E+00,-9.990E+02, 0.000E+00, 0.000E+00, 0.000E+00, 9.054E-01, 0.000E+00, 0.000E+00, 0.000E+00, 0.000E+00, 1.784E+02, 5.393E+01, 5.704E-03, 0.000E+00, 1.753E+02, 3.118E-03, 2.003E+00
24/08/2019,20:00,9,3.436,3.936,15.718,.915,.152, 1.022E+03, 1.015E+02, 6.684E-05, 3.469E-16, 0.000E+00, 0.000E+00, 0.000E+00, 0.000E+00,-3.953E+01, 1.062E+00, 2.860E+00, 3.031E-01, 1.264E-01,-9.990E+02, 1.000E+00,-9.990E+02, 0.000E+00, 0.000E+00, 0.000E+00, 9.054E-01, 0.000E+00, 0.000E+00, 0.000E+00, 0.000E+00, 1.791E+02, 5.408E+01, 1.025E-02, 0.000E+00, 9.755E+01, 4.108E-03, 2.179E+00
24/08/2019,21:00,9,3.436,3.936,14.941,.957,.073, 1.022E+03, 1.059E+02, 6.684E-05, 3.469E-16, 0.000E+00, 0.000E+00, 0.000E+00, 0.000E+00,-3.040E+01,-4.093E+00, 3.057E+00, 2.964E-01, 1.415E-01,-9.990E+02, 1.000E+00,-9.990E+02, 0.000E+00, 0.000E+00, 0.000E+00, 9.054E-01, 0.000E+00, 0.000E+00, 0.000E+00, 0.000E+00, 1.527E+02, 4.830E+01, 1.844E-02, 0.000E+00, 5.423E+01, 5.440E-03, 2.043E+00
24/08/2019,22:00,9,3.436,3.936,14.548,.963,.062, 1.022E+03, 1.086E+02, 6.684E-05, 3.469E-16, 0.000E+00, 0.000E+00, 0.000E+00, 0.000E+00,-3.040E+01,-4.093E+00, 2.898E+00, 2.962E-01, 1.341E-01,-9.990E+02, 1.000E+00,-9.990E+02, 0.000E+00, 0.000E+00, 0.000E+00, 9.054E-01, 0.000E+00, 0.000E+00, 0.000E+00, 0.000E+00, 1.612E+02, 5.099E+01, 2.316E-02, 0.000E+00, 4.318E+01, 5.556E-03, 1.901E+00
24/08/2019,23:00,9,3.436,3.936,14.155,.969,.051, 1.022E+03, 1.093E+02, 6.684E-05, 3.469E-16, 0.000E+00, 0.000E+00, 0.000E+00, 0.000E+00,-3.040E+01,-4.093E+00, 2.758E+00, 2.959E-01, 1.275E-01,-9.990E+02, 1.000E+00,-9.990E+02, 0.000E+00, 0.000E+00, 0.000E+00, 9.054E-01, 0.000E+00, 0.000E+00, 0.000E+00, 0.000E+00, 1.696E+02, 5.360E+01, 2.336E-02, 0.000E+00, 4.281E+01, 5.358E-03, 1.645E+00
25/08/2019,00:00,9,3.425,3.925,13.762,.974,.040, 1.023E+03, 1.081E+02, 1.912E-04, 3.469E-16, 0.000E+00, 0.000E+00, 0.000E+00, 0.000E+00,-2.826E+01,-6.234E+00, 2.641E+00, 3.354E-01, 1.328E-01,-9.990E+02, 1.000E+00,-9.990E+02, 0.000E+00, 0.000E+00, 0.000E+00, 9.054E-01, 0.000E+00, 0.000E+00, 0.000E+00, 0.000E+00, 1.498E+02, 5.148E+01, 2.719E-02, 0.000E+00, 3.678E+01, 5.757E-03, 1.559E+00
25/08/2019,01:00,9,3.425,3.925,13.638,.977,.037, 1.023E+03, 1.049E+02, 1.912E-04, 3.469E-16, 0.000E+00, 0.000E+00, 0.000E+00, 0.000E+00,-2.826E+01,-6.234E+00, 2.694E+00, 3.353E-01, 1.354E-01,-9.990E+02, 1.000E+00,-9.990E+02, 0.000E+00, 0.000E+00, 0.000E+00, 9.054E-01, 0.000E+00, 0.000E+00, 0.000E+00, 0.000E+00, 1.469E+02, 5.048E+01, 2.727E-02, 0.000E+00, 3.668E+01, 5.850E-03, 1.551E+00
25/08/2019,02:00,9,3.425,3.925,13.514,.979,.033, 1.023E+03, 1.001E+02, 1.912E-04, 3.469E-16, 0.000E+00, 0.000E+00, 0.000E+00, 0.000E+00,-2.826E+01,-6.234E+00, 2.761E+00, 3.353E-01, 1.388E-01,-9.990E+02, 1.000E+00,-9.990E+02, 0.000E+00, 0.000E+00, 0.000E+00, 9.022E-01, 0.000E+00, 0.000E+00, 0.000E+00, 0.000E+00, 1.434E+02, 4.925E+01, 2.735E-02, 0.000E+00, 3.657E+01, 5.968E-03, 1.606E+00
25/08/2019,03:00,9,3.425,3.925,13.390,.981,.029, 1.023E+03, 9.410E+01, 1.912E-04, 3.469E-16, 0.000E+00, 0.000E+00, 0.000E+00, 0.000E+00, 2.109E+00, 1.047E+01, 2.842E+00, 3.578E-01, 1.702E-01,-9.990E+02, 1.000E+00,-9.990E+02, 0.000E+00, 0.000E+00, 0.000E+00, 9.022E-01, 0.000E+00, 0.000E+00, 0.000E+00, 0.000E+00, 9.729E+01, 4.015E+01, 2.930E-02, 0.000E+00, 3.413E+01, 7.189E-03, 1.630E+00
25/08/2019,04:00,9,3.425,3.925,14.239,.951,.080, 1.022E+03, 8.723E+01, 1.912E-04, 3.469E-16, 5.951E-01, 1.136E+01, 9.668E+00, 3.507E+00, 2.109E+00, 1.047E+01, 2.682E+00, 3.584E-01, 1.606E-01, 2.820E-02, 1.000E+00, 1.398E-01, 3.281E-01, 2.942E-01, 1.000E+00, 9.022E-01, 3.711E-02, 2.394E-04, 5.619E-04, 0.000E+00, 1.031E+02, 4.256E+01, 2.021E-02, 1.124E-03, 4.687E+01, 6.324E-03, 1.561E+00
25/08/2019,05:00,9,3.425,3.925,15.088,.921,.136, 1.022E+03, 7.988E+01, 1.912E-04, 3.469E-16, 3.572E+01, 3.884E+01, 1.152E+02, 1.348E+01, 2.109E+00, 1.047E+01, 2.524E+00, 3.590E-01, 1.512E-01, 1.026E-01, 1.000E+00, 4.836E-01, 9.912E-01, 3.925E-01, 1.000E+00, 9.022E-01, 1.713E-01, 1.108E-03, 2.271E-03, 0.000E+00, 1.096E+02, 4.521E+01, 1.293E-02, 5.204E-03, 5.514E+01, 5.769E-03, 1.745E+00
25/08/2019,06:00,9,3.425,3.925,15.937,.892,.198, 1.022E+03, 7.243E+01, 1.912E-04, 3.469E-16, 9.662E+01, 6.006E+01, 1.822E+02, 2.218E+01, 1.208E+02, 9.747E+01, 2.372E+00, 5.477E-01, 1.525E-01, 1.757E-01, 1.000E+00, 6.688E-01, 9.994E-01, 4.833E-01, 1.000E+00, 9.022E-01, 2.916E-01, 1.893E-03, 2.828E-03, 0.000E+00, 9.518E+01, 4.483E+01, 8.282E-03, 8.889E-03, 5.824E+01, 5.780E-03, 2.103E+00
25/08/2019,07:00,9,3.425,3.925,17.531,.827,.350, 1.022E+03, 6.528E+01, 1.912E-04, 3.469E-16, 1.590E+02, 7.278E+01, 2.179E+02, 2.783E+01, 1.208E+02, 9.747E+01, 2.849E+00, 5.493E-01, 1.831E-01, 2.402E-01, 1.000E+00, 7.581E-01, 9.999E-01, 6.341E-01, 1.000E+00, 9.022E-01, 4.337E-01, 2.830E-03, 3.733E-03, 0.000E+00, 7.933E+01, 3.733E+01, 5.000E-03, 1.329E-02, 5.467E+01, 6.654E-03, 2.257E+00
25/08/2019,08:00,9,3.425,3.925,19.126,.762,.532, 1.022E+03, 5.888E+01, 1.912E-04, 3.469E-16, 2.140E+02, 7.857E+01, 2.378E+02, 3.082E+01, 1.208E+02, 9.747E+01, 3.341E+00, 5.508E-01, 2.146E-01, 2.908E-01, 1.000E+00, 8.004E-01, 9.999E-01, 7.589E-01, 1.000E+00, 9.022E-01, 5.480E-01, 3.596E-03, 4.492E-03, 0.000E+00, 6.774E+01, 3.185E+01, 5.000E-03, 1.689E-02, 4.569E+01, 7.857E-03, 2.068E+00
25/08/2019,09:00,9,3.425,3.925,20.720,.697,.749, 1.022E+03, 5.377E+01, 1.912E-04, 3.469E-16, 2.583E+02, 8.063E+01, 2.509E+02, 3.227E+01, 1.388E+02, 1.693E+02, 3.841E+00, 7.279E-01, 2.394E-01, 3.261E-01, 1.000E+00, 8.213E-01, 1.000E+00, 8.578E-01, 1.000E+00, 9.022E-01, 6.356E-01, 4.193E-03, 5.105E-03, 0.000E+00, 6.414E+01, 2.855E+01, 5.000E-03, 1.969E-02, 4.050E+01, 8.741E-03, 2.147E+00
25/08/2019,10:00,9,3.425,3.925,21.849,.638,.962, 1.021E+03, 5.054E+01, 1.912E-04, 3.469E-16, 2.841E+02, 8.016E+01, 2.560E+02, 3.252E+01, 1.388E+02, 1.693E+02, 3.976E+00, 7.295E-01, 2.478E-01, 3.461E-01, 1.000E+00, 8.284E-01, 1.000E+00, 9.121E-01, 1.000E+00, 9.022E-01, 6.816E-01, 4.514E-03, 5.449E-03, 0.000E+00, 6.200E+01, 2.759E+01, 5.000E-03, 2.120E-02, 3.817E+01, 9.125E-03, 2.241E+00
25/08/2019,11:00,9,3.425,3.925,22.977,.578,1.201, 1.020E+03, 4.965E+01, 1.912E-04, 3.469E-16, 2.911E+02, 7.987E+01, 2.573E+02, 3.253E+01, 1.388E+02, 1.693E+02, 4.213E+00, 7.311E-01, 2.625E-01, 3.513E-01, 1.000E+00, 8.298E-01, 1.000E+00, 9.534E-01, 1.000E+00, 9.022E-01, 7.137E-01, 4.745E-03, 5.718E-03, 0.000E+00, 5.854E+01, 2.604E+01, 5.000E-03, 2.228E-02, 3.665E+01, 9.609E-03, 2.273E+00
25/08/2019,12:00,9,3.425,3.925,24.106,.519,1.469, 1.020E+03, 5.125E+01, 1.912E-04, 3.469E-16, 1.548E+02, 1.282E+02, 1.673E+02, 4.364E+01, 3.562E+01, 1.591E+02, 4.537E+00, 6.786E-01, 2.746E-01, 3.418E-01, 1.000E+00, 8.903E-01, 9.990E-01, 9.817E-01, 9.014E-01, 9.022E-01, 7.108E-01, 4.743E-03, 5.322E-03, 0.000E+00, 5.907E+01, 2.489E+01, 5.000E-03, 2.228E-02, 3.666E+01, 9.844E-03, 2.242E+00
25/08/2019,13:00,9,3.425,3.925,23.942,.537,1.398, 1.019E+03, 5.508E+01, 1.912E-04, 3.469E-16, 1.377E+02, 1.212E+02, 1.615E+02, 4.122E+01, 3.562E+01, 1.591E+02, 4.189E+00, 6.785E-01, 2.536E-01, 3.175E-01, 1.000E+00, 8.743E-01, 9.987E-01, 9.784E-01, 9.430E-01, 9.022E-01, 7.278E-01, 4.854E-03, 5.545E-03, 0.000E+00, 6.397E+01, 2.696E+01, 5.000E-03, 2.280E-02, 3.597E+01, 9.409E-03, 2.083E+00
25/08/2019,14:00,9,3.425,3.925,23.778,.556,1.328, 1.019E+03, 6.062E+01, 1.912E-04, 3.469E-16, 1.118E+02, 1.085E+02, 1.507E+02, 3.683E+01, 3.562E+01, 1.591E+02, 3.843E+00, 6.784E-01, 2.326E-01, 2.777E-01, 1.000E+00, 8.407E-01, 9.980E-01, 9.748E-01, 9.839E-01, 9.022E-01, 7.274E-01, 4.849E-03, 5.756E-03, 0.000E+00, 6.972E+01, 2.938E+01, 5.000E-03, 2.277E-02, 3.601E+01, 8.878E-03, 1.965E+00
25/08/2019,15:00,9,3.425,3.925,23.613,.575,1.259, 1.019E+03, 6.730E+01, 1.912E-04, 3.469E-16, 1.428E+02, 7.049E+01, 2.118E+02, 2.673E+01,-3.811E+01, 4.969E+01, 3.500E+00, 3.611E-01, 1.737E-01, 2.227E-01, 1.000E+00, 7.411E-01, 9.998E-01, 9.709E-01, 1.000E+00, 9.022E-01, 6.492E-01, 4.325E-03, 5.835E-03, 0.000E+00, 1.160E+02, 3.936E+01, 5.000E-03, 2.031E-02, 3.951E+01, 6.929E-03, 1.816E+00
25/08/2019,16:00,9,3.425,3.925,22.204,.648,.956, 1.019E+03, 7.461E+01, 1.912E-04, 3.469E-16, 7.896E+01, 5.528E+01, 1.689E+02, 2.014E+01,-3.811E+01, 4.969E+01, 3.374E+00, 3.603E-01, 1.672E-01, 1.548E-01, 1.000E+00, 6.306E-01, 9.990E-01, 9.265E-01, 1.000E+00, 9.022E-01, 5.271E-01, 3.495E-03, 5.537E-03, 0.000E+00, 1.206E+02, 4.087E+01, 5.000E-03, 1.641E-02, 4.670E+01, 6.428E-03, 1.507E+00
25/08/2019,17:00,9,3.425,3.925,20.795,.721,.695, 1.019E+03, 8.209E+01, 1.912E-04, 3.469E-16, 2.133E+01, 3.182E+01, 8.825E+01, 1.073E+01,-3.811E+01, 4.969E+01, 3.278E+00, 3.594E-01, 1.623E-01, 8.034E-02, 1.000E+00, 4.063E-01, 9.735E-01, 8.618E-01, 1.000E+00, 9.022E-01, 3.159E-01, 2.085E-03, 4.994E-03, 0.000E+00, 1.245E+02, 4.212E+01, 5.000E-03, 9.790E-03, 6.761E+01, 5.561E-03, 1.475E+00
25/08/2019,18:00,9,3.425,3.925,19.386,.793,.470, 1.019E+03, 8.938E+01, 1.912E-04, 3.469E-16, 2.549E-07, 2.614E+00, 0.000E+00, 0.000E+00,-4.401E+01, 4.482E+00, 3.213E+00, 2.870E-01, 1.314E-01,-9.990E+02, 1.000E+00,-9.990E+02, 0.000E+00, 0.000E+00, 0.000E+00, 9.022E-01, 0.000E+00, 0.000E+00, 0.000E+00, 0.000E+00, 1.862E+02, 5.204E+01, 5.000E-03, 0.000E+00, 2.000E+02, 2.927E-03, 1.729E+00
25/08/2019,19:00,9,3.425,3.925,18.368,.821,.381, 1.019E+03, 9.608E+01, 1.912E-04, 3.469E-16, 0.000E+00, 0.000E+00, 0.000E+00, 0.000E+00,-4.401E+01, 4.482E+00, 3.160E+00, 2.865E-01, 1.290E-01,-9.990E+02, 1.000E+00,-9.990E+02, 0.000E+00, 0.000E+00, 0.000E+00, 9.022E-01, 0.000E+00, 0.000E+00, 0.000E+00, 0.000E+00, 1.899E+02, 5.299E+01, 5.000E-03, 0.000E+00, 2.000E+02, 2.905E-03, 1.948E+00
25/08/2019,20:00,9,3.425,3.925,17.351,.849,.302, 1.019E+03, 1.018E+02, 1.912E-04, 3.469E-16, 0.000E+00, 0.000E+00, 0.000E+00, 0.000E+00,-4.401E+01, 4.482E+00, 3.142E+00, 2.860E-01, 1.280E-01,-9.990E+02, 1.000E+00,-9.990E+02, 0.000E+00, 0.000E+00, 0.000E+00, 9.022E-01, 0.000E+00, 0.000E+00, 0.000E+00, 0.000E+00, 1.916E+02, 5.339E+01, 5.000E-03, 0.000E+00, 2.000E+02, 2.896E-03, 2.007E+00
25/08/2019,21:00,9,3.425,3.925,16.333,.877,.230, 1.019E+03, 1.062E+02, 1.912E-04, 3.469E-16, 0.000E+00, 0.000E+00, 0.000E+00, 0.000E+00,-3.776E+01, 1.329E+00, 3.159E+00, 2.668E-01, 1.265E-01,-9.990E+02, 1.000E+00,-9.990E+02, 0.000E+00, 0.000E+00, 0.000E+00, 9.022E-01, 0.000E+00, 0.000E+00, 0.000E+00, 0.000E+00, 1.975E+02, 5.404E+01, 5.721E-03, 0.000E+00, 1.748E+02, 3.103E-03, 1.991E+00
25/08/2019,22:00,9,3.425,3.925,15.861,.890,.199, 1.019E+03, 1.089E+02, 1.912E-04, 3.469E-16, 0.000E+00, 0.000E+00, 0.000E+00, 0.000E+00,-3.776E+01, 1.329E+00, 3.067E+00, 2.666E-01, 1.227E-01,-9.990E+02, 1.000E+00,-9.990E+02, 0.000E+00, 0.000E+00, 0.000E+00, 9.022E-01, 0.000E+00, 0.000E+00, 0.000E+00, 0.000E+00, 2.037E+02, 5.571E+01, 7.682E-03, 0.000E+00, 1.302E+02, 3.543E-03, 1.838E+00
25/08/2019,23:00,9,3.425,3.925,15.389,.904,.169, 1.020E+03, 1.097E+02, 1.912E-04, 3.469E-16, 0.000E+00, 0.000E+00, 0.000E+00, 0.000E+00,-3.776E+01, 1.329E+00, 3.022E+00, 2.663E-01, 1.208E-01,-9.990E+02, 1.000E+00,-9.990E+02, 0.000E+00, 0.000E+00, 0.000E+00, 9.022E-01, 0.000E+00, 0.000E+00, 0.000E+00, 0.000E+00, 2.071E+02, 5.659E+01, 8.945E-03, 0.000E+00, 1.118E+02, 3.756E-03, 1.601E+00
26/08/2019,00:00,9,3.414,3.914,14.917,.918,.140, 1.020E+03, 1.084E+02, 1.896E-05, 3.469E-16, 0.000E+00, 0.000E+00, 0.000E+00, 0.000E+00,-2.943E+01,-3.768E+00, 3.027E+00, 2.716E-01, 1.325E-01,-9.990E+02, 1.000E+00,-9.990E+02, 0.000E+00, 0.000E+00, 0.000E+00, 9.022E-01, 0.000E+00, 0.000E+00, 0.000E+00, 0.000E+00, 1.724E+02, 5.159E+01, 1.042E-02, 0.000E+00, 9.598E+01, 4.251E-03, 1.376E+00
26/08/2019,01:00,9,3.414,3.914,14.735,.932,.115, 1.020E+03, 1.052E+02, 1.896E-05, 3.469E-16, 0.000E+00, 0.000E+00, 0.000E+00, 0.000E+00,-2.943E+01,-3.768E+00, 2.929E+00, 2.716E-01, 1.282E-01,-9.990E+02, 1.000E+00,-9.990E+02, 0.000E+00, 0.000E+00, 0.000E+00, 9.022E-01, 0.000E+00, 0.000E+00, 0.000E+00, 0.000E+00, 1.783E+02, 5.333E+01, 1.392E-02, 0.000E+00, 7.185E+01, 4.633E-03, 1.246E+00
26/08/2019,02:00,9,3.414,3.914,14.552,.946,.090, 1.020E+03, 1.004E+02, 1.896E-05, 3.469E-16, 0.000E+00, 0.000E+00, 0.000E+00, 0.000E+00,-2.943E+01,-3.768E+00, 2.831E+00, 2.715E-01, 1.238E-01,-9.990E+02, 1.000E+00,-9.990E+02, 0.000E+00, 0.000E+00, 0.000E+00, 9.074E-01, 0.000E+00, 0.000E+00, 0.000E+00, 0.000E+00, 1.845E+02, 5.519E+01, 1.612E-02, 0.000E+00, 6.204E+01, 4.738E-03, 1.207E+00
26/08/2019,03:00,9,3.414,3.914,14.370,.960,.065, 1.020E+03, 9.439E+01, 1.896E-05, 3.469E-16, 0.000E+00, 0.000E+00, 0.000E+00, 0.000E+00,-1.217E+01, 6.689E+00, 2.732E+00, 2.872E-01, 1.443E-01,-9.990E+02, 1.000E+00,-9.990E+02, 0.000E+00, 0.000E+00, 0.000E+00, 9.074E-01, 0.000E+00, 0.000E+00, 0.000E+00, 0.000E+00, 1.313E+02, 4.738E+01, 2.153E-02, 0.000E+00, 4.644E+01, 5.820E-03, 1.210E+00
26/08/2019,04:00,9,3.414,3.914,15.179,.924,.132, 1.019E+03, 8.750E+01, 1.896E-05, 3.469E-16, 5.531E-02, 5.303E+00, 2.266E+00, 1.631E+00,-1.217E+01, 6.689E+00, 2.580E+00, 2.876E-01, 1.363E-01, 2.553E-02, 1.000E+00, 6.549E-02, 8.897E-02, 4.026E-01, 1.000E+00, 9.074E-01, 2.393E-02, 1.549E-04, 2.104E-04, 0.000E+00, 1.389E+02, 5.015E+01, 1.195E-02, 7.249E-04, 7.887E+01, 4.726E-03, 1.248E+00
26/08/2019,05:00,9,3.414,3.914,15.988,.888,.205, 1.019E+03, 8.015E+01, 1.896E-05, 3.469E-16, 5.243E+00, 3.106E+01, 2.509E+01, 9.769E+00,-1.217E+01, 6.689E+00, 2.429E+00, 2.880E-01, 1.284E-01, 1.002E-01, 1.000E+00, 3.622E-01, 6.437E-01, 4.885E-01, 1.000E+00, 9.074E-01, 1.606E-01, 1.042E-03, 1.852E-03, 0.000E+00, 1.474E+02, 5.325E+01, 6.643E-03, 4.880E-03, 8.678E+01, 4.391E-03, 1.471E+00
26/08/2019,06:00,9,3.414,3.914,16.797,.852,.286, 1.019E+03, 7.270E+01, 1.896E-05, 3.469E-16, 5.923E+01, 6.783E+01, 1.227E+02, 2.316E+01, 6.963E+01, 1.034E+02, 2.279E+00, 4.670E-01, 1.460E-01, 1.737E-01, 1.000E+00, 6.801E-01, 9.936E-01, 5.678E-01, 1.000E+00, 9.074E-01, 3.505E-01, 2.281E-03, 3.332E-03, 0.000E+00, 1.001E+02, 4.683E+01, 5.000E-03, 1.068E-02, 6.378E+01, 5.439E-03, 1.708E+00
26/08/2019,07:00,9,3.414,3.914,18.614,.764,.510, 1.020E+03, 6.555E+01, 1.896E-05, 3.469E-16, 9.829E+01, 9.089E+01, 1.501E+02, 3.135E+01, 6.963E+01, 1.034E+02, 2.516E+00, 4.684E-01, 1.611E-01, 2.385E-01, 1.000E+00, 7.898E-01, 9.979E-01, 7.217E-01, 1.000E+00, 9.074E-01, 5.173E-01, 3.388E-03, 4.281E-03, 0.000E+00, 9.073E+01, 4.242E+01, 5.000E-03, 1.586E-02, 4.794E+01, 6.380E-03, 1.858E+00
26/08/2019,08:00,9,3.414,3.914,20.432,.677,.784, 1.020E+03, 5.917E+01, 1.896E-05, 3.469E-16, 1.327E+02, 1.068E+02, 1.665E+02, 3.699E+01, 6.963E+01, 1.034E+02, 2.754E+00, 4.698E-01, 1.763E-01, 2.895E-01, 1.000E+00, 8.445E-01, 9.989E-01, 8.418E-01, 1.000E+00, 9.074E-01, 6.452E-01, 4.252E-03, 5.029E-03, 0.000E+00, 8.299E+01, 3.877E+01, 5.000E-03, 1.990E-02, 4.015E+01, 7.163E-03, 2.510E+00
26/08/2019,09:00,9,3.414,3.914,22.250,.590,1.116, 1.020E+03, 5.409E+01, 1.896E-05, 3.469E-16, 1.422E+02, 1.231E+02, 1.632E+02, 4.200E+01, 1.336E+02, 2.027E+02, 2.993E+00, 6.174E-01, 1.900E-01, 3.249E-01, 1.000E+00, 8.796E-01, 9.988E-01, 9.283E-01, 1.000E+00, 9.074E-01, 7.409E-01, 4.913E-03, 5.579E-03, 0.000E+00, 7.811E+01, 3.597E+01, 5.000E-03, 2.300E-02, 3.571E+01, 7.797E-03, 3.092E+00
26/08/2019,10:00,9,3.414,3.914,23.296,.539,1.337, 1.020E+03, 5.088E+01, 1.896E-05, 3.469E-16, 1.564E+02, 1.288E+02, 1.679E+02, 4.397E+01, 1.336E+02, 2.027E+02, 3.223E+00, 6.185E-01, 2.046E-01, 3.450E-01, 1.000E+00, 8.923E-01, 9.990E-01, 9.627E-01, 9.782E-01, 9.074E-01, 7.625E-01, 5.075E-03, 5.682E-03, 0.000E+00, 7.258E+01, 3.341E+01, 5.000E-03, 2.376E-02, 3.478E+01, 8.283E-03, 3.286E+00
26/08/2019,11:00,9,3.414,3.914,24.343,.489,1.582, 1.019E+03, 5.000E+01, 1.896E-05, 3.469E-16, 1.602E+02, 1.302E+02, 1.691E+02, 4.445E+01, 1.336E+02, 2.027E+02, 3.463E+00, 6.197E-01, 2.198E-01, 3.501E-01, 1.000E+00, 8.952E-01, 9.990E-01, 9.860E-01, 8.356E-01, 9.074E-01, 6.693E-01, 4.470E-03, 4.988E-03, 0.000E+00, 6.759E+01, 3.110E+01, 5.000E-03, 2.092E-02, 3.857E+01, 8.432E-03, 3.077E+00
26/08/2019,12:00,9,3.414,3.914,25.389,.439,1.853, 1.019E+03, 5.160E+01, 1.896E-05, 3.469E-16, 1.234E+02, 1.371E+02, 1.450E+02, 4.562E+01, 5.559E+01, 1.876E+02, 3.712E+00, 5.428E-01, 2.311E-01, 3.406E-01, 1.000E+00, 8.981E-01, 9.974E-01, 9.981E-01, 6.780E-01, 9.074E-01, 5.515E-01, 3.696E-03, 4.105E-03, 0.000E+00, 6.659E+01, 2.958E+01, 5.000E-03, 1.730E-02, 4.484E+01, 8.235E-03, 2.937E+00
26/08/2019,13:00,9,3.414,3.914,25.264,.447,1.811, 1.019E+03, 5.543E+01, 1.896E-05, 3.469E-16, 1.096E+02, 1.284E+02, 1.393E+02, 4.272E+01, 5.559E+01, 1.876E+02, 3.363E+00, 5.428E-01, 2.094E-01, 3.160E-01, 1.000E+00, 8.809E-01, 9.967E-01, 9.972E-01, 7.026E-01, 9.074E-01, 5.601E-01, 3.752E-03, 4.245E-03, 0.000E+00, 7.349E+01, 3.265E+01, 5.000E-03, 1.756E-02, 4.432E+01, 7.761E-03, 2.941E+00
26/08/2019,14:00,9,3.414,3.914,25.138,.456,1.769, 1.019E+03, 6.097E+01, 1.896E-05, 3.469E-16, 8.866E+01, 1.132E+02, 1.290E+02, 3.766E+01, 5.559E+01, 1.876E+02, 3.019E+00, 5.427E-01, 1.880E-01, 2.759E-01, 1.000E+00, 8.448E-01, 9.950E-01, 9.962E-01, 7.269E-01, 9.074E-01, 5.551E-01, 3.717E-03, 4.378E-03, 0.000E+00, 8.185E+01, 3.636E+01, 5.000E-03, 1.740E-02, 4.464E+01, 7.205E-03, 2.945E+00
26/08/2019,15:00,9,3.414,3.914,25.012,.464,1.728, 1.019E+03, 6.764E+01, 1.896E-05, 3.469E-16, 9.939E+01, 7.954E+01, 1.587E+02, 2.803E+01,-2.856E+01, 6.182E+01, 2.683E+00, 2.380E-01, 1.051E-01, 2.203E-01, 1.000E+00, 7.535E-01, 9.985E-01, 9.950E-01, 7.509E-01, 9.074E-01, 5.108E-01, 3.419E-03, 4.531E-03, 0.000E+00, 2.427E+02, 6.502E+01, 5.000E-03, 1.601E-02, 4.760E+01, 4.435E-03, 2.922E+00
26/08/2019,16:00,9,3.414,3.914,23.370,.547,1.323, 1.019E+03, 7.494E+01, 1.896E-05, 3.469E-16, 5.409E+01, 5.721E+01, 1.239E+02, 1.978E+01,-2.856E+01, 6.182E+01, 2.837E+00, 2.373E-01, 1.109E-01, 1.520E-01, 1.000E+00, 6.232E-01, 9.939E-01, 9.647E-01, 9.868E-01, 9.074E-01, 5.383E-01, 3.583E-03, 5.715E-03, 0.000E+00, 2.308E+02, 6.166E+01, 5.000E-03, 1.677E-02, 4.592E+01, 4.658E-03, 2.933E+00
26/08/2019,17:00,9,3.414,3.914,21.728,.629,.978, 1.019E+03, 8.243E+01, 1.896E-05, 3.469E-16, 1.368E+01, 2.882E+01, 6.139E+01, 9.484E+00,-2.856E+01, 6.182E+01, 3.052E+00, 2.366E-01, 1.189E-01, 7.718E-02, 1.000E+00, 3.691E-01, 9.200E-01, 9.069E-01, 1.000E+00, 9.074E-01, 3.037E-01, 2.011E-03, 5.012E-03, 0.000E+00, 2.158E+02, 5.748E+01, 5.000E-03, 9.412E-03, 6.939E+01, 4.410E-03, 2.875E+00
26/08/2019,18:00,9,3.414,3.914,20.085,.711,.687, 1.019E+03, 8.972E+01, 1.896E-05, 3.469E-16, 7.551E-17, 9.109E-01, 0.000E+00, 0.000E+00,-3.167E+01, 7.106E+00, 3.315E+00, 2.188E-01, 1.135E-01,-9.990E+02, 1.000E+00,-9.990E+02, 0.000E+00, 0.000E+00, 0.000E+00, 9.074E-01, 0.000E+00, 0.000E+00, 0.000E+00, 0.000E+00, 2.576E+02, 6.025E+01, 5.000E-03, 0.000E+00, 2.000E+02, 2.718E-03, 2.909E+00
26/08/2019,19:00,9,3.414,3.914,18.989,.741,.574, 1.019E+03, 9.643E+01, 1.896E-05, 3.469E-16, 0.000E+00, 0.000E+00, 0.000E+00, 0.000E+00,-3.167E+01, 7.106E+00, 3.052E+00, 2.184E-01, 1.042E-01,-9.990E+02, 1.000E+00,-9.990E+02, 0.000E+00, 0.000E+00, 0.000E+00, 9.074E-01, 0.000E+00, 0.000E+00, 0.000E+00, 0.000E+00, 2.812E+02, 6.561E+01, 5.000E-03, 0.000E+00, 2.000E+02, 2.612E-03, 2.940E+00
26/08/2019,20:00,9,3.414,3.914,17.892,.772,.472, 1.019E+03, 1.022E+02, 1.896E-05, 3.469E-16, 0.000E+00, 0.000E+00, 0.000E+00, 0.000E+00,-3.167E+01, 7.106E+00, 2.814E+00, 2.179E-01, 1.000E-01,-9.990E+02, 1.000E+00,-9.990E+02, 0.000E+00, 0.000E+00, 0.000E+00, 9.074E-01, 0.000E+00, 0.000E+00, 0.000E+00, 0.000E+00, 2.936E+02, 6.835E+01, 5.000E-03, 0.000E+00, 2.000E+02, 2.560E-03, 2.845E+00
26/08/2019,21:00,9,3.414,3.914,16.796,.802,.381, 1.019E+03, 1.066E+02, 1.896E-05, 3.469E-16, 0.000E+00, 0.000E+00, 0.000E+00, 0.000E+00,-1.630E+01, 1.259E-01, 2.611E+00, 1.480E-01, 1.000E-01,-9.990E+02, 1.000E+00,-9.990E+02, 0.000E+00, 0.000E+00, 0.000E+00, 9.074E-01, 0.000E+00, 0.000E+00, 0.000E+00, 0.000E+00, 3.743E+02, 6.835E+01, 5.000E-03, 0.000E+00, 2.000E+02, 2.512E-03, 2.776E+00
26/08/2019,22:00,9,3.414,3.914,16.088,.832,.310, 1.019E+03, 1.093E+02, 1.896E-05, 3.469E-16, 0.000E+00, 0.000E+00, 0.000E+00, 0.000E+00,-1.630E+01, 1.259E-01, 2.516E+00, 1.478E-01, 1.000E-01,-9.990E+02, 1.000E+00,-9.990E+02, 0.000E+00, 0.000E+00, 0.000E+00, 9.074E-01, 0.000E+00, 0.000E+00, 0.000E+00, 0.000E+00, 3.750E+02, 6.835E+01, 5.000E-03, 0.000E+00, 2.000E+02, 2.512E-03, 2.945E+00
26/08/2019,23:00,9,3.414,3.914,15.380,.861,.245, 1.020E+03, 1.100E+02, 1.896E-05, 3.469E-16, 0.000E+00, 0.000E+00, 0.000E+00, 0.000E+00,-1.630E+01, 1.259E-01, 2.462E+00, 1.476E-01, 1.000E-01,-9.990E+02, 1.000E+00,-9.990E+02, 0.000E+00, 0.000E+00, 0.000E+00, 9.074E-01, 0.000E+00, 0.000E+00, 0.000E+00, 0.000E+00, 3.758E+02, 6.835E+01, 5.052E-03, 0.000E+00, 1.979E+02, 2.524E-03, 3.337E+00
27/08/2019,00:00,9,3.403,3.903,14.673,.890,.185, 1.020E+03, 1.087E+02, 0.000E+00, 3.469E-16, 0.000E+00, 0.000E+00, 0.000E+00, 0.000E+00,-1.166E+01,-1.915E+00, 2.451E+00, 1.431E-01, 1.000E-01,-9.990E+02, 1.000E+00,-9.990E+02, 0.000E+00, 0.000E+00, 0.000E+00, 9.074E-01, 0.000E+00, 0.000E+00, 0.000E+00, 0.000E+00, 3.312E+02, 6.835E+01, 6.823E-03, 0.000E+00, 1.466E+02, 2.936E-03, 3.854E+00
27/08/2019,01:00,9,3.403,3.903,14.442,.904,.160, 1.020E+03, 1.055E+02, 0.000E+00, 3.469E-16, 0.000E+00, 0.000E+00, 0.000E+00, 0.000E+00,-1.166E+01,-1.915E+00, 2.360E+00, 1.430E-01, 1.000E-01,-9.990E+02, 1.000E+00,-9.990E+02, 0.000E+00, 0.000E+00, 0.000E+00, 9.074E-01, 0.000E+00, 0.000E+00, 0.000E+00, 0.000E+00, 3.313E+02, 6.835E+01, 9.124E-03, 0.000E+00, 1.096E+02, 3.293E-03, 4.066E+00
27/08/2019,02:00,9,3.403,3.903,14.211,.917,.135, 1.020E+03, 1.007E+02, 0.000E+00, 3.469E-16, 0.000E+00, 0.000E+00, 0.000E+00, 0.000E+00,-1.166E+01,-1.915E+00, 2.303E+00, 1.430E-01, 1.000E-01,-9.990E+02, 1.000E+00,-9.990E+02, 0.000E+00, 0.000E+00, 0.000E+00, 9.050E-01, 0.000E+00, 0.000E+00, 0.000E+00, 0.000E+00, 3.315E+02, 6.835E+01, 1.058E-02, 0.000E+00, 9.453E+01, 3.465E-03, 4.177E+00
27/08/2019,03:00,9,3.403,3.903,13.980,.931,.111, 1.020E+03, 9.467E+01, 0.000E+00, 3.469E-16, 0.000E+00, 0.000E+00, 0.000E+00, 0.000E+00, 2.903E+00, 1.197E+01, 2.282E+00, 1.908E-01, 1.430E-01,-9.990E+02, 1.000E+00,-9.990E+02, 0.000E+00, 0.000E+00, 0.000E+00, 9.050E-01, 0.000E+00, 0.000E+00, 0.000E+00, 0.000E+00, 1.062E+02, 4.779E+01, 1.415E-02, 0.000E+00, 7.067E+01, 5.150E-03, 4.325E+00
27/08/2019,04:00,9,3.403,3.903,15.091,.899,.174, 1.020E+03, 8.777E+01, 0.000E+00, 3.469E-16, 1.926E-01, 9.319E+00, 5.358E+00, 2.878E+00, 2.903E+00, 1.197E+01, 1.930E+00, 1.912E-01, 1.209E-01, 2.283E-02, 1.000E+00, 1.136E-01, 1.978E-01, 3.929E-01, 1.000E+00, 9.050E-01, 4.040E-02, 2.614E-04, 4.550E-04, 0.000E+00, 1.257E+02, 5.652E+01, 7.801E-03, 1.220E-03, 1.109E+02, 3.893E-03, 3.137E+00
27/08/2019,05:00,9,3.403,3.903,16.203,.867,.246, 1.020E+03, 8.041E+01, 0.000E+00, 3.469E-16, 3.264E+01, 3.779E+01, 1.111E+02, 1.310E+01, 2.903E+00, 1.197E+01, 1.578E+00, 1.915E-01, 1.000E-01, 9.787E-02, 1.000E+00, 4.727E-01, 9.896E-01, 5.103E-01, 1.000E+00, 9.050E-01, 2.183E-01, 1.418E-03, 2.969E-03, 0.000E+00, 1.521E+02, 6.835E+01, 5.000E-03, 6.616E-03, 8.609E+01, 3.806E-03, 3.124E+00
27/08/2019,06:00,9,3.403,3.903,17.314,.835,.328, 1.020E+03, 7.297E+01, 0.000E+00, 3.469E-16, 9.305E+01, 5.940E+01, 1.808E+02, 2.198E+01, 9.737E+01, 1.073E+02, 1.227E+00, 3.482E-01, 1.000E-01, 1.717E-01, 1.000E+00, 6.644E-01, 9.994E-01, 6.151E-01, 1.000E+00, 9.050E-01, 3.699E-01, 2.412E-03, 3.628E-03, 0.000E+00, 1.273E+02, 6.835E+01, 5.000E-03, 1.125E-02, 6.153E+01, 4.341E-03, 3.386E+00
27/08/2019,07:00,9,3.403,3.903,19.484,.761,.546, 1.020E+03, 6.583E+01, 0.000E+00, 3.469E-16, 1.558E+02, 7.274E+01, 2.182E+02, 2.789E+01, 9.737E+01, 1.073E+02, 1.521E+00, 3.495E-01, 1.053E-01, 2.369E-01, 1.000E+00, 7.577E-01, 9.999E-01, 7.834E-01, 1.000E+00, 9.050E-01, 5.372E-01, 3.529E-03, 4.657E-03, 0.000E+00, 1.211E+02, 6.492E+01, 5.000E-03, 1.647E-02, 4.658E+01, 4.831E-03, 3.639E+00
27/08/2019,08:00,9,3.403,3.903,21.654,.687,.820, 1.020E+03, 5.947E+01, 0.000E+00, 3.469E-16, 2.112E+02, 7.900E+01, 2.390E+02, 3.108E+01, 9.737E+01, 1.073E+02, 1.815E+00, 3.507E-01, 1.255E-01, 2.881E-01, 1.000E+00, 8.017E-01, 9.999E-01, 9.037E-01, 1.000E+00, 9.050E-01, 6.557E-01, 4.339E-03, 5.412E-03, 0.000E+00, 1.017E+02, 5.445E+01, 5.000E-03, 2.025E-02, 3.961E+01, 5.740E-03, 3.739E+00
27/08/2019,09:00,9,3.403,3.903,23.825,.613,1.160, 1.020E+03, 5.440E+01, 0.000E+00, 3.469E-16, 2.536E+02, 8.066E+01, 2.502E+02, 3.236E+01, 1.421E+02, 1.955E+02, 2.109E+00, 5.413E-01, 1.370E-01, 3.237E-01, 1.000E+00, 8.213E-01, 1.000E+00, 9.759E-01, 1.000E+00, 9.050E-01, 7.254E-01, 4.836E-03, 5.888E-03, 0.000E+00, 1.039E+02, 4.988E+01, 5.000E-03, 2.257E-02, 3.628E+01, 6.118E-03, 3.815E+00
27/08/2019,10:00,9,3.403,3.903,24.811,.560,1.403, 1.020E+03, 5.121E+01, 0.000E+00, 3.469E-16, 2.792E+02, 8.039E+01, 2.555E+02, 3.268E+01, 1.421E+02, 1.955E+02, 2.443E+00, 5.422E-01, 1.587E-01, 3.438E-01, 1.000E+00, 8.289E-01, 1.000E+00, 9.928E-01, 9.403E-01, 9.050E-01, 7.003E-01, 4.684E-03, 5.651E-03, 0.000E+00, 8.977E+01, 4.307E+01, 5.000E-03, 2.186E-02, 3.723E+01, 6.800E-03, 3.641E+00
27/08/2019,11:00,9,3.403,3.903,25.797,.506,1.671, 1.020E+03, 5.035E+01, 0.000E+00, 3.469E-16, 2.859E+02, 8.016E+01, 2.568E+02, 3.271E+01, 1.421E+02, 1.955E+02, 2.800E+00, 5.432E-01, 1.819E-01, 3.490E-01, 1.000E+00, 8.304E-01, 1.000E+00, 9.998E-01, 7.842E-01, 9.050E-01, 5.892E-01, 3.954E-03, 4.762E-03, 0.000E+00, 7.837E+01, 3.758E+01, 5.000E-03, 1.845E-02, 4.264E+01, 7.221E-03, 3.604E+00
27/08/2019,12:00,9,3.403,3.903,26.783,.453,1.966, 1.020E+03, 5.196E+01, 0.000E+00, 3.469E-16, 2.733E+02, 8.053E+01, 2.544E+02, 3.264E+01, 7.275E+01, 1.839E+02, 3.174E+00, 5.698E-01, 1.985E-01, 3.393E-01, 1.000E+00, 8.274E-01, 1.000E+00, 9.969E-01, 6.123E-01, 9.050E-01, 4.571E-01, 3.078E-03, 3.720E-03, 0.000E+00, 7.690E+01, 3.444E+01, 5.000E-03, 1.436E-02, 5.165E+01, 7.107E-03, 3.531E+00
27/08/2019,13:00,9,3.403,3.903,26.395,.463,1.883, 1.020E+03, 5.579E+01, 0.000E+00, 3.469E-16, 2.422E+02, 8.046E+01, 2.475E+02, 3.211E+01, 7.275E+01, 1.839E+02, 3.144E+00, 5.695E-01, 1.966E-01, 3.144E-01, 1.000E+00, 8.170E-01, 1.000E+00, 9.992E-01, 6.605E-01, 9.050E-01, 4.880E-01, 3.282E-03, 4.017E-03, 0.000E+00, 7.762E+01, 3.477E+01, 5.000E-03, 1.531E-02, 4.923E+01, 7.187E-03, 3.390E+00
27/08/2019,14:00,9,3.403,3.903,26.008,.474,1.803, 1.019E+03, 6.132E+01, 0.000E+00, 3.469E-16, 1.954E+02, 7.768E+01, 2.339E+02, 3.034E+01, 7.275E+01, 1.839E+02, 3.222E+00, 5.692E-01, 2.015E-01, 2.739E-01, 1.000E+00, 7.915E-01, 9.999E-01, 1.000E+00, 7.072E-01, 9.050E-01, 5.066E-01, 3.402E-03, 4.298E-03, 0.000E+00, 7.571E+01, 3.392E+01, 5.000E-03, 1.588E-02, 4.790E+01, 7.375E-03, 3.311E+00
27/08/2019,15:00,9,3.403,3.903,25.620,.485,1.725, 1.019E+03, 6.799E+01, 0.000E+00, 3.469E-16, 1.369E+02, 6.943E+01, 2.089E+02, 2.638E+01,-4.551E+01, 7.768E+01, 3.402E+00, 4.449E-01, 1.795E-01, 2.179E-01, 1.000E+00, 7.357E-01, 9.998E-01, 9.993E-01, 7.524E-01, 9.050E-01, 5.006E-01, 3.357E-03, 4.563E-03, 0.000E+00, 1.056E+02, 3.808E+01, 5.000E-03, 1.567E-02, 4.839E+01, 6.703E-03, 2.932E+00
27/08/2019,16:00,9,3.403,3.903,23.968,.546,1.373, 1.019E+03, 7.528E+01, 0.000E+00, 3.469E-16, 7.326E+01, 5.352E+01, 1.637E+02, 1.950E+01,-4.551E+01, 7.768E+01, 3.568E+00, 4.437E-01, 1.881E-01, 1.491E-01, 1.000E+00, 6.182E-01, 9.988E-01, 9.789E-01, 9.575E-01, 9.050E-01, 5.245E-01, 3.498E-03, 5.651E-03, 0.000E+00, 1.008E+02, 3.634E+01, 5.000E-03, 1.632E-02, 4.690E+01, 6.988E-03, 2.402E+00
27/08/2019,17:00,9,3.403,3.903,22.315,.608,1.071, 1.019E+03, 8.277E+01, 0.000E+00, 3.469E-16, 1.721E+01, 2.934E+01, 7.823E+01, 9.837E+00,-4.551E+01, 7.768E+01, 3.741E+00, 4.426E-01, 1.970E-01, 7.397E-02, 1.000E+00, 3.791E-01, 9.599E-01, 9.307E-01, 1.000E+00, 9.050E-01, 3.194E-01, 2.118E-03, 5.363E-03, 0.000E+00, 9.637E+01, 3.469E+01, 5.000E-03, 9.885E-03, 6.718E+01, 6.288E-03, 2.120E+00
27/08/2019,18:00,9,3.403,3.903,20.663,.670,.814, 1.019E+03, 9.006E+01, 0.000E+00, 3.469E-16, 0.000E+00, 0.000E+00, 0.000E+00, 0.000E+00,-5.788E+01, 1.057E+01, 3.920E+00, 4.093E-01, 1.932E-01,-9.990E+02, 1.000E+00,-9.990E+02, 0.000E+00, 0.000E+00, 0.000E+00, 9.050E-01, 0.000E+00, 0.000E+00, 0.000E+00, 0.000E+00, 1.051E+02, 3.539E+01, 5.000E-03, 0.000E+00, 2.000E+02, 3.398E-03, 2.322E+00
27/08/2019,19:00,9,3.403,3.903,19.707,.733,.620, 1.019E+03, 9.678E+01, 0.000E+00, 3.469E-16, 0.000E+00, 0.000E+00, 0.000E+00, 0.000E+00,-5.788E+01, 1.057E+01, 3.706E+00, 4.086E-01, 1.824E-01,-9.990E+02, 1.000E+00,-9.990E+02, 0.000E+00, 0.000E+00, 0.000E+00, 9.050E-01, 0.000E+00, 0.000E+00, 0.000E+00, 0.000E+00, 1.113E+02, 3.746E+01, 5.000E-03, 0.000E+00, 2.000E+02, 3.335E-03, 2.613E+00
27/08/2019,20:00,9,3.403,3.903,18.751,.796,.446, 1.019E+03, 1.025E+02, 0.000E+00, 3.469E-16, 0.000E+00, 0.000E+00, 0.000E+00, 0.000E+00,-5.788E+01, 1.057E+01, 3.494E+00, 4.079E-01, 1.719E-01,-9.990E+02, 1.000E+00,-9.990E+02, 0.000E+00, 0.000E+00, 0.000E+00, 9.050E-01, 0.000E+00, 0.000E+00, 0.000E+00, 0.000E+00, 1.183E+02, 3.977E+01, 5.000E-03, 0.000E+00, 2.000E+02, 3.268E-03, 2.758E+00
27/08/2019,21:00,9,3.403,3.903,17.795,.859,.290, 1.019E+03, 1.069E+02, 0.000E+00, 3.469E-16, 0.000E+00, 0.000E+00, 0.000E+00, 0.000E+00,-3.447E+01, 3.284E+00, 3.285E+00, 3.105E-01, 1.524E-01,-9.990E+02, 1.000E+00,-9.990E+02, 0.000E+00, 0.000E+00, 0.000E+00, 9.050E-01, 0.000E+00, 0.000E+00, 0.000E+00, 0.000E+00, 1.414E+02, 4.485E+01, 5.000E-03, 0.000E+00, 2.000E+02, 3.122E-03, 2.740E+00
27/08/2019,22:00,9,3.403,3.903,17.385,.879,.241, 1.019E+03, 1.096E+02, 0.000E+00, 3.469E-16, 0.000E+00, 0.000E+00, 0.000E+00, 0.000E+00,-3.447E+01, 3.284E+00, 3.152E+00, 3.103E-01, 1.462E-01,-9.990E+02, 1.000E+00,-9.990E+02, 0.000E+00, 0.000E+00, 0.000E+00, 9.050E-01, 0.000E+00, 0.000E+00, 0.000E+00, 0.000E+00, 1.475E+02, 4.675E+01, 6.061E-03, 0.000E+00, 1.650E+02, 3.444E-03, 2.793E+00
27/08/2019,23:00,9,3.403,3.903,16.975,.900,.195, 1.019E+03, 1.104E+02, 0.000E+00, 3.469E-16, 0.000E+00, 0.000E+00, 0.000E+00, 0.000E+00,-3.447E+01, 3.284E+00, 3.021E+00, 3.100E-01, 1.400E-01,-9.990E+02, 1.000E+00,-9.990E+02, 0.000E+00, 0.000E+00, 0.000E+00, 9.050E-01, 0.000E+00, 0.000E+00, 0.000E+00, 0.000E+00, 1.540E+02, 4.881E+01, 8.124E-03, 0.000E+00, 1.231E+02, 3.936E-03, 2.522E+00
28/08/2019,00:00,9,3.392,3.892,16.566,.920,.152, 1.019E+03, 1.091E+02, 0.000E+00, 3.469E-16, 0.000E+00, 0.000E+00, 0.000E+00, 0.000E+00,-2.232E+01, 2.846E+00, 2.890E+00, 2.373E-01, 1.221E-01,-9.990E+02, 1.000E+00,-9.990E+02, 0.000E+00, 0.000E+00, 0.000E+00, 9.050E-01, 0.000E+00, 0.000E+00, 0.000E+00, 0.000E+00, 1.940E+02, 5.600E+01, 1.256E-02, 0.000E+00, 7.959E+01, 4.321E-03, 2.351E+00
28/08/2019,01:00,9,3.392,3.892,16.386,.922,.147, 1.019E+03, 1.058E+02, 0.000E+00, 3.469E-16, 0.000E+00, 0.000E+00, 0.000E+00, 0.000E+00,-2.232E+01, 2.846E+00, 2.838E+00, 2.373E-01, 1.199E-01,-9.990E+02, 1.000E+00,-9.990E+02, 0.000E+00, 0.000E+00, 0.000E+00, 9.050E-01, 0.000E+00, 0.000E+00, 0.000E+00, 0.000E+00, 1.976E+02, 5.703E+01, 1.361E-02, 0.000E+00, 7.347E+01, 4.384E-03, 2.215E+00
28/08/2019,02:00,9,3.392,3.892,16.205,.924,.141, 1.018E+03, 1.010E+02, 0.000E+00, 3.469E-16, 0.000E+00, 0.000E+00, 0.000E+00, 0.000E+00,-2.232E+01, 2.846E+00, 2.795E+00, 2.372E-01, 1.180E-01,-9.990E+02, 1.000E+00,-9.990E+02, 0.000E+00, 0.000E+00, 0.000E+00, 8.974E-01, 0.000E+00, 0.000E+00, 0.000E+00, 0.000E+00, 2.007E+02, 5.792E+01, 1.366E-02, 0.000E+00, 7.323E+01, 4.343E-03, 1.967E+00
28/08/2019,03:00,9,3.392,3.892,16.025,.926,.137, 1.018E+03, 9.495E+01, 0.000E+00, 3.469E-16, 0.000E+00, 0.000E+00, 0.000E+00, 0.000E+00,-5.516E+00, 1.508E+01, 2.760E+00, 3.389E-01, 1.585E-01,-9.990E+02, 1.000E+00,-9.990E+02, 0.000E+00, 0.000E+00, 0.000E+00, 8.974E-01, 0.000E+00, 0.000E+00, 0.000E+00, 0.000E+00, 1.099E+02, 4.313E+01, 1.480E-02, 0.000E+00, 6.759E+01, 5.529E-03, 1.387E+00
28/08/2019,04:00,9,3.392,3.892,16.992,.887,.220, 1.018E+03, 8.805E+01, 0.000E+00, 3.469E-16, 8.730E-02, 8.176E+00, 3.809E+00, 2.528E+00,-5.516E+00, 1.508E+01, 2.667E+00, 3.395E-01, 1.531E-01, 2.009E-02, 1.000E+00, 9.969E-02, 1.450E-01, 5.860E-01, 1.000E+00, 8.974E-01, 5.242E-02, 3.414E-04, 4.967E-04, 0.000E+00, 1.137E+02, 4.464E+01, 7.601E-03, 1.588E-03, 1.088E+02, 4.424E-03, 1.651E+00
28/08/2019,05:00,9,3.392,3.892,17.958,.849,.314, 1.018E+03, 8.068E+01, 0.000E+00, 3.469E-16, 3.082E+01, 3.686E+01, 1.079E+02, 1.277E+01,-5.516E+00, 1.508E+01, 2.575E+00, 3.401E-01, 1.479E-01, 9.547E-02, 1.000E+00, 4.640E-01, 9.882E-01, 6.701E-01, 1.000E+00, 8.974E-01, 2.790E-01, 1.823E-03, 3.883E-03, 0.000E+00, 1.177E+02, 4.622E+01, 5.000E-03, 8.480E-03, 7.418E+01, 5.113E-03, 2.209E+00
28/08/2019,06:00,9,3.392,3.892,18.925,.810,.419, 1.018E+03, 7.324E+01, 0.000E+00, 3.469E-16, 9.085E+01, 5.874E+01, 1.793E+02, 2.175E+01, 9.352E+01, 1.125E+02, 2.485E+00, 5.046E-01, 1.597E-01, 1.696E-01, 1.000E+00, 6.605E-01, 9.994E-01, 7.446E-01, 1.000E+00, 8.974E-01, 4.414E-01, 2.894E-03, 4.379E-03, 0.000E+00, 9.093E+01, 4.280E+01, 5.000E-03, 1.346E-02, 5.417E+01, 6.105E-03, 2.685E+00
28/08/2019,07:00,9,3.392,3.892,20.822,.734,.664, 1.017E+03, 6.611E+01, 0.000E+00, 3.469E-16, 1.536E+02, 7.231E+01, 2.174E+02, 2.777E+01, 9.352E+01, 1.125E+02, 2.693E+00, 5.063E-01, 1.730E-01, 2.352E-01, 1.000E+00, 7.559E-01, 9.999E-01, 8.632E-01, 1.000E+00, 8.974E-01, 5.856E-01, 3.865E-03, 5.112E-03, 0.000E+00, 8.401E+01, 3.951E+01, 5.000E-03, 1.797E-02, 4.353E+01, 6.910E-03, 2.897E+00
28/08/2019,08:00,9,3.392,3.892,22.719,.657,.962, 1.017E+03, 5.976E+01, 0.000E+00, 3.469E-16, 2.090E+02, 7.877E+01, 2.385E+02, 3.104E+01, 9.352E+01, 1.125E+02, 2.909E+00, 5.080E-01, 1.868E-01, 2.867E-01, 1.000E+00, 8.010E-01, 9.999E-01, 9.451E-01, 1.000E+00, 8.974E-01, 6.793E-01, 4.512E-03, 5.633E-03, 0.000E+00, 7.789E+01, 3.659E+01, 5.000E-03, 2.099E-02, 3.848E+01, 7.562E-03, 3.429E+00
28/08/2019,09:00,9,3.392,3.892,24.616,.580,1.324, 1.016E+03, 5.472E+01, 0.000E+00, 3.469E-16, 2.513E+02, 8.056E+01, 2.499E+02, 3.238E+01, 1.430E+02, 1.956E+02, 3.131E+00, 7.537E-01, 1.946E-01, 3.225E-01, 1.000E+00, 8.211E-01, 1.000E+00, 9.902E-01, 9.861E-01, 8.974E-01, 7.195E-01, 4.810E-03, 5.857E-03, 0.000E+00, 7.924E+01, 3.512E+01, 5.000E-03, 2.237E-02, 3.654E+01, 7.843E-03, 3.756E+00
28/08/2019,10:00,9,3.392,3.892,25.309,.540,1.511, 1.016E+03, 5.155E+01, 0.000E+00, 3.469E-16, 2.768E+02, 8.038E+01, 2.553E+02, 3.273E+01, 1.430E+02, 1.956E+02, 3.807E+00, 7.547E-01, 2.366E-01, 3.427E-01, 1.000E+00, 8.289E-01, 1.000E+00, 9.976E-01, 8.770E-01, 8.974E-01, 6.508E-01, 4.360E-03, 5.260E-03, 0.000E+00, 6.519E+01, 2.888E+01, 5.000E-03, 2.028E-02, 3.956E+01, 8.743E-03, 3.643E+00
28/08/2019,11:00,9,3.392,3.892,26.002,.500,1.712, 1.016E+03, 5.071E+01, 0.000E+00, 3.469E-16, 2.835E+02, 8.017E+01, 2.566E+02, 3.276E+01, 1.430E+02, 1.956E+02, 4.495E+00, 7.557E-01, 2.794E-01, 3.478E-01, 1.000E+00, 8.305E-01, 1.000E+00, 1.000E+00, 7.601E-01, 8.974E-01, 5.665E-01, 3.804E-03, 4.581E-03, 0.000E+00, 5.523E+01, 2.447E+01, 5.000E-03, 1.769E-02, 4.407E+01, 9.307E-03, 3.342E+00
28/08/2019,12:00,9,3.392,3.892,26.695,.461,1.927, 1.015E+03, 5.233E+01, 0.000E+00, 3.469E-16, 2.708E+02, 8.049E+01, 2.542E+02, 3.267E+01, 8.348E+01, 1.764E+02, 5.190E+00, 7.929E-01, 3.165E-01, 3.379E-01, 1.000E+00, 8.273E-01, 1.000E+00, 9.975E-01, 6.350E-01, 8.974E-01, 4.703E-01, 3.166E-03, 3.826E-03, 0.000E+00, 5.052E+01, 2.159E+01, 5.000E-03, 1.472E-02, 5.070E+01, 9.352E-03, 3.194E+00
28/08/2019,13:00,9,3.392,3.892,26.270,.496,1.755, 1.015E+03, 5.615E+01, 0.000E+00, 3.469E-16, 2.396E+02, 8.029E+01, 2.472E+02, 3.209E+01, 8.348E+01, 1.764E+02, 5.016E+00, 7.926E-01, 3.060E-01, 3.128E-01, 1.000E+00, 8.164E-01, 1.000E+00, 9.996E-01, 7.351E-01, 8.974E-01, 5.384E-01, 3.619E-03, 4.432E-03, 0.000E+00, 5.226E+01, 2.234E+01, 5.000E-03, 1.683E-02, 4.581E+01, 9.617E-03, 3.398E+00
28/08/2019,14:00,9,3.392,3.892,25.846,.531,1.590, 1.014E+03, 6.167E+01, 0.000E+00, 3.469E-16, 1.927E+02, 7.730E+01, 2.333E+02, 3.025E+01, 8.348E+01, 1.764E+02, 4.873E+00, 7.922E-01, 2.972E-01, 2.720E-01, 1.000E+00, 7.901E-01, 9.999E-01, 9.999E-01, 8.308E-01, 8.974E-01, 5.891E-01, 3.954E-03, 5.004E-03, 0.000E+00, 5.379E+01, 2.300E+01, 5.000E-03, 1.839E-02, 4.276E+01, 9.743E-03, 3.172E+00
28/08/2019,15:00,9,3.392,3.892,25.421,.567,1.433, 1.013E+03, 6.834E+01, 0.000E+00, 3.469E-16, 1.342E+02, 6.879E+01, 2.079E+02, 2.617E+01,-2.687E+01, 6.450E+01, 4.762E+00, 6.281E-01, 2.755E-01, 2.155E-01, 1.000E+00, 7.326E-01, 9.998E-01, 9.983E-01, 9.225E-01, 8.974E-01, 6.054E-01, 4.058E-03, 5.538E-03, 0.000E+00, 6.274E+01, 2.481E+01, 5.000E-03, 1.887E-02, 4.189E+01, 9.346E-03, 2.889E+00
28/08/2019,16:00,9,3.392,3.892,23.695,.637,1.080, 1.013E+03, 7.563E+01, 0.000E+00, 3.469E-16, 7.068E+01, 5.256E+01, 1.615E+02, 1.916E+01,-2.687E+01, 6.450E+01, 4.628E+00, 6.263E-01, 2.677E-01, 1.462E-01, 1.000E+00, 6.115E-01, 9.987E-01, 9.729E-01, 1.000E+00, 8.974E-01, 5.339E-01, 3.558E-03, 5.811E-03, 0.000E+00, 6.457E+01, 2.553E+01, 5.000E-03, 1.655E-02, 4.641E+01, 8.817E-03, 2.559E+00
28/08/2019,17:00,9,3.392,3.892,21.969,.708,.782, 1.013E+03, 8.311E+01, 0.000E+00, 3.469E-16, 1.537E+01, 2.804E+01, 7.350E+01, 9.379E+00,-2.687E+01, 6.450E+01, 4.519E+00, 6.246E-01, 2.614E-01, 7.070E-02, 1.000E+00, 3.647E-01, 9.513E-01, 9.171E-01, 1.000E+00, 8.974E-01, 3.002E-01, 1.989E-03, 5.187E-03, 0.000E+00, 6.616E+01, 2.615E+01, 5.000E-03, 9.249E-03, 7.018E+01, 7.204E-03, 2.247E+00
28/08/2019,18:00,9,3.392,3.892,20.243,.778,.533, 1.013E+03, 9.041E+01, 1.460E-01, 3.469E-16, 0.000E+00, 0.000E+00, 0.000E+00, 0.000E+00,-5.449E+01, 1.804E+01, 4.437E+00, 5.666E-01, 2.455E-01,-9.990E+02, 1.000E+00,-9.990E+02, 0.000E+00, 0.000E+00, 0.000E+00, 8.974E-01, 0.000E+00, 0.000E+00, 0.000E+00, 0.000E+00, 7.360E+01, 2.784E+01, 5.000E-03, 0.000E+00, 2.000E+02, 3.658E-03, 2.361E+00
28/08/2019,19:00,9,3.392,3.892,19.772,.795,.478, 1.013E+03, 9.713E+01, 1.460E-01, 3.469E-16, 0.000E+00, 0.000E+00, 0.000E+00, 0.000E+00,-5.449E+01, 1.804E+01, 4.273E+00, 5.662E-01, 2.364E-01,-9.990E+02, 1.000E+00,-9.990E+02, 0.000E+00, 0.000E+00, 0.000E+00, 8.974E-01, 0.000E+00, 0.000E+00, 0.000E+00, 0.000E+00, 7.645E+01, 2.891E+01, 5.000E-03, 0.000E+00, 2.000E+02, 3.621E-03, 2.398E+00
28/08/2019,20:00,9,3.392,3.892,19.300,.812,.426, 1.012E+03, 1.029E+02, 1.460E-01, 3.469E-16, 0.000E+00, 0.000E+00, 0.000E+00, 0.000E+00,-5.449E+01, 1.804E+01, 4.137E+00, 5.658E-01, 2.288E-01,-9.990E+02, 1.000E+00,-9.990E+02, 0.000E+00, 0.000E+00, 0.000E+00, 8.974E-01, 0.000E+00, 0.000E+00, 0.000E+00, 0.000E+00, 7.899E+01, 2.987E+01, 5.000E-03, 0.000E+00, 2.000E+02, 3.588E-03, 2.566E+00
28/08/2019,21:00,9,3.392,3.892,18.829,.829,.376, 1.012E+03, 1.073E+02, 1.320E-01, 3.469E-16, 0.000E+00, 0.000E+00, 0.000E+00, 0.000E+00,-5.488E+01, 3.071E+01, 4.030E+00, 5.017E-01, 2.164E-01,-9.990E+02, 1.000E+00,-9.990E+02, 0.000E+00, 0.000E+00, 0.000E+00, 8.974E-01, 0.000E+00, 0.000E+00, 0.000E+00, 0.000E+00, 8.610E+01, 3.159E+01, 5.000E-03, 0.000E+00, 2.000E+02, 3.527E-03, 2.548E+00
28/08/2019,22:00,9,3.392,3.892,18.690,.850,.327, 1.012E+03, 1.100E+02, 1.320E-01, 3.469E-16, 0.000E+00, 0.000E+00, 0.000E+00, 0.000E+00,-5.488E+01, 3.071E+01, 3.953E+00, 5.016E-01, 2.122E-01,-9.990E+02, 1.000E+00,-9.990E+02, 0.000E+00, 0.000E+00, 0.000E+00, 8.974E-01, 0.000E+00, 0.000E+00, 0.000E+00, 0.000E+00, 8.778E+01, 3.221E+01, 5.000E-03, 0.000E+00, 2.000E+02, 3.507E-03, 2.510E+00
28/08/2019,23:00,9,3.392,3.892,18.551,.870,.279, 1.012E+03, 1.107E+02, 1.320E-01, 3.469E-16, 0.000E+00, 0.000E+00, 0.000E+00, 0.000E+00,-5.488E+01, 3.071E+01, 3.887E+00, 5.016E-01, 2.086E-01,-9.990E+02, 1.000E+00,-9.990E+02, 0.000E+00, 0.000E+00, 0.000E+00, 8.974E-01, 0.000E+00, 0.000E+00, 0.000E+00, 0.000E+00, 8.930E+01, 3.276E+01, 6.929E-03, 0.000E+00, 1.443E+02, 4.331E-03, 2.360E+00
29/08/2019,00:00,9,3.380,3.880,18.412,.891,.232, 1.012E+03, 1.094E+02, 3.522E-02, 3.469E-16, 0.000E+00, 0.000E+00, 0.000E+00, 0.000E+00,-5.529E+01, 3.397E+01, 3.831E+00, 5.099E-01, 2.064E-01,-9.990E+02, 1.000E+00,-9.990E+02, 0.000E+00, 0.000E+00, 0.000E+00, 8.974E-01, 0.000E+00, 0.000E+00, 0.000E+00, 0.000E+00, 8.989E+01, 3.311E+01, 9.241E-03, 0.000E+00, 1.082E+02, 5.110E-03, 2.161E+00
29/08/2019,01:00,9,3.380,3.880,18.262,.889,.234, 1.011E+03, 1.062E+02, 3.522E-02, 3.469E-16, 0.000E+00, 0.000E+00, 0.000E+00, 0.000E+00,-5.529E+01, 3.397E+01, 3.802E+00, 5.099E-01, 2.049E-01,-9.990E+02, 1.000E+00,-9.990E+02, 0.000E+00, 0.000E+00, 0.000E+00, 8.974E-01, 0.000E+00, 0.000E+00, 0.000E+00, 0.000E+00, 9.057E+01, 3.336E+01, 8.030E-03, 0.000E+00, 1.245E+02, 4.702E-03, 1.889E+00
29/08/2019,02:00,9,3.380,3.880,18.112,.888,.236, 1.011E+03, 1.013E+02, 3.522E-02, 3.469E-16, 0.000E+00, 0.000E+00, 0.000E+00, 0.000E+00,-5.529E+01, 3.397E+01, 3.775E+00, 5.098E-01, 2.034E-01,-9.990E+02, 1.000E+00,-9.990E+02, 0.000E+00, 0.000E+00, 0.000E+00, 8.905E-01, 0.000E+00, 0.000E+00, 0.000E+00, 0.000E+00, 9.124E+01, 3.360E+01, 8.050E-03, 0.000E+00, 1.242E+02, 4.695E-03, 1.557E+00
29/08/2019,03:00,9,3.380,3.880,17.962,.886,.237, 1.011E+03, 9.524E+01, 1.008E-05, 3.469E-16, 0.000E+00, 0.000E+00, 0.000E+00, 0.000E+00,-2.235E+01, 3.321E+01, 3.749E+00, 4.478E-01, 2.099E-01,-9.990E+02, 1.000E+00,-9.990E+02, 0.000E+00, 0.000E+00, 0.000E+00, 8.905E-01, 0.000E+00, 0.000E+00, 0.000E+00, 0.000E+00, 8.512E+01, 3.257E+01, 8.070E-03, 0.000E+00, 1.239E+02, 4.770E-03, 1.450E+00
29/08/2019,04:00,9,3.380,3.880,18.600,.857,.309, 1.011E+03, 8.832E+01, 1.008E-05, 3.469E-16, 3.210E-02, 7.027E+00, 2.724E+00, 2.176E+00,-2.235E+01, 3.321E+01, 3.627E+00, 4.483E-01, 2.031E-01, 1.732E-02, 1.000E+00, 8.597E-02, 1.060E-01, 7.206E-01, 1.000E+00, 8.905E-01, 5.517E-02, 3.613E-04, 4.455E-04, 0.000E+00, 8.795E+01, 3.366E+01, 5.203E-03, 1.675E-03, 1.454E+02, 4.274E-03, 1.506E+00
29/08/2019,05:00,9,3.380,3.880,19.237,.829,.386, 1.011E+03, 8.095E+01, 1.008E-05, 3.469E-16, 2.917E+01, 3.590E+01, 1.052E+02, 1.244E+01,-2.235E+01, 3.321E+01, 3.510E+00, 4.489E-01, 1.966E-01, 9.303E-02, 1.000E+00, 4.551E-01, 9.868E-01, 7.666E-01, 1.000E+00, 8.905E-01, 3.107E-01, 2.039E-03, 4.422E-03, 0.000E+00, 9.085E+01, 3.478E+01, 5.000E-03, 9.453E-03, 6.919E+01, 6.222E-03, 1.755E+00
29/08/2019,06:00,9,3.380,3.880,19.874,.800,.469, 1.010E+03, 7.351E+01, 6.259E-04, 3.469E-16, 8.845E+01, 5.774E+01, 1.772E+02, 2.142E+01, 1.104E+02, 1.091E+02, 3.397E+00, 6.420E-01, 2.130E-01, 1.675E-01, 1.000E+00, 6.549E-01, 9.993E-01, 8.086E-01, 1.000E+00, 8.905E-01, 4.716E-01, 3.102E-03, 4.733E-03, 0.000E+00, 7.130E+01, 3.209E+01, 5.000E-03, 1.438E-02, 5.160E+01, 7.435E-03, 2.140E+00
29/08/2019,07:00,9,3.380,3.880,21.451,.739,.675, 1.010E+03, 6.639E+01, 6.259E-04, 3.469E-16, 1.508E+02, 7.146E+01, 2.158E+02, 2.751E+01, 1.104E+02, 1.091E+02, 3.735E+00, 6.438E-01, 2.341E-01, 2.334E-01, 1.000E+00, 7.527E-01, 9.999E-01, 8.944E-01, 1.000E+00, 8.905E-01, 5.995E-01, 3.965E-03, 5.267E-03, 0.000E+00, 6.492E+01, 2.920E+01, 5.000E-03, 1.838E-02, 4.277E+01, 8.459E-03, 2.328E+00
29/08/2019,08:00,9,3.380,3.880,23.028,.679,.918, 1.010E+03, 6.006E+01, 6.259E-04, 3.469E-16, 2.059E+02, 7.807E+01, 2.371E+02, 3.083E+01, 1.104E+02, 1.091E+02, 4.175E+00, 6.456E-01, 2.616E-01, 2.853E-01, 1.000E+00, 7.988E-01, 9.999E-01, 9.549E-01, 1.000E+00, 8.905E-01, 6.793E-01, 4.517E-03, 5.654E-03, 0.000E+00, 5.812E+01, 2.613E+01, 5.000E-03, 2.094E-02, 3.855E+01, 9.428E-03, 2.481E+00
29/08/2019,09:00,9,3.380,3.880,24.605,.618,1.203, 1.010E+03, 5.504E+01, 5.193E-02, 3.469E-16, 2.481E+02, 8.005E+01, 2.487E+02, 3.224E+01, 1.200E+02, 1.575E+02, 4.689E+00, 7.326E-01, 2.907E-01, 3.212E-01, 1.000E+00, 8.197E-01, 1.000E+00, 9.901E-01, 1.000E+00, 8.905E-01, 7.227E-01, 4.831E-03, 5.893E-03, 0.000E+00, 5.333E+01, 2.351E+01, 5.000E-03, 2.239E-02, 3.650E+01, 1.026E-02, 2.485E+00
29/08/2019,10:00,9,3.380,3.880,25.103,.599,1.302, 1.009E+03, 5.190E+01, 5.193E-02, 3.469E-16, 2.735E+02, 7.995E+01, 2.542E+02, 3.261E+01, 1.200E+02, 1.575E+02, 4.733E+00, 7.335E-01, 2.934E-01, 3.415E-01, 1.000E+00, 8.278E-01, 1.000E+00, 9.959E-01, 9.988E-01, 8.905E-01, 7.332E-01, 4.909E-03, 5.930E-03, 0.000E+00, 5.284E+01, 2.329E+01, 5.000E-03, 2.276E-02, 3.603E+01, 1.037E-02, 2.313E+00
29/08/2019,11:00,9,3.380,3.880,25.602,.580,1.406, 1.008E+03, 5.107E+01, 5.193E-02, 3.469E-16, 2.800E+02, 7.977E+01, 2.555E+02, 3.265E+01, 1.200E+02, 1.575E+02, 4.798E+00, 7.343E-01, 2.974E-01, 3.465E-01, 1.000E+00, 8.294E-01, 1.000E+00, 9.992E-01, 9.383E-01, 8.905E-01, 6.925E-01, 4.644E-03, 5.599E-03, 0.000E+00, 5.215E+01, 2.298E+01, 5.000E-03, 2.153E-02, 3.769E+01, 1.028E-02, 2.200E+00
29/08/2019,12:00,9,3.380,3.880,26.100,.561,1.515, 1.008E+03, 5.269E+01, 8.054E-02, 3.469E-16, 1.058E+01, 1.024E+02, 4.071E+01, 3.199E+01, 5.381E+01, 1.413E+02, 4.882E+00, 6.747E-01, 2.981E-01, 3.366E-01, 1.000E+00, 7.589E-01, 8.126E-01, 9.999E-01, 8.750E-01, 8.905E-01, 5.913E-01, 3.972E-03, 4.253E-03, 0.000E+00, 5.353E+01, 2.293E+01, 5.000E-03, 1.841E-02, 4.271E+01, 9.765E-03, 2.074E+00
29/08/2019,13:00,9,3.380,3.880,25.541,.583,1.388, 1.008E+03, 5.651E+01, 8.054E-02, 3.469E-16, 9.344E+00, 9.338E+01, 3.765E+01, 2.919E+01, 5.381E+01, 1.413E+02, 4.489E+00, 6.742E-01, 2.741E-01, 3.112E-01, 1.000E+00, 7.265E-01, 7.875E-01, 9.989E-01, 9.488E-01, 8.905E-01, 6.131E-01, 4.111E-03, 4.456E-03, 0.000E+00, 5.820E+01, 2.494E+01, 5.000E-03, 1.906E-02, 4.157E+01, 9.392E-03, 1.976E+00
29/08/2019,14:00,9,3.380,3.880,24.983,.606,1.268, 1.007E+03, 6.203E+01, 8.054E-02, 3.469E-16, 7.489E+00, 7.896E+01, 3.267E+01, 2.469E+01, 5.381E+01, 1.413E+02, 4.110E+00, 6.736E-01, 2.510E-01, 2.699E-01, 1.000E+00, 6.651E-01, 7.391E-01, 9.947E-01, 1.000E+00, 8.905E-01, 5.892E-01, 3.943E-03, 4.382E-03, 0.000E+00, 6.355E+01, 2.723E+01, 5.000E-03, 1.828E-02, 4.296E+01, 8.784E-03, 1.906E+00
29/08/2019,15:00,9,3.380,3.880,24.424,.629,1.154, 1.007E+03, 6.869E+01, 7.278E-01, 3.469E-16, 3.957E+01, 8.691E+01, 8.279E+01, 2.836E+01,-1.809E+01, 6.180E+01, 3.750E+00, 3.510E-01, 2.019E-01, 2.130E-01, 1.000E+00, 7.478E-01, 9.668E-01, 9.873E-01, 1.000E+00, 8.905E-01, 6.575E-01, 4.392E-03, 5.678E-03, 0.000E+00, 9.196E+01, 3.385E+01, 5.000E-03, 2.036E-02, 3.943E+01, 7.761E-03, 1.624E+00
29/08/2019,16:00,9,3.380,3.880,22.646,.743,.716, 1.007E+03, 7.597E+01, 7.278E-01, 3.469E-16, 2.048E+01, 5.532E+01, 6.023E+01, 1.798E+01,-1.809E+01, 6.180E+01, 3.215E+00, 3.499E-01, 1.730E-01, 1.433E-01, 1.000E+00, 5.790E-01, 9.160E-01, 9.426E-01, 1.000E+00, 8.905E-01, 4.860E-01, 3.227E-03, 5.106E-03, 0.000E+00, 1.074E+02, 3.951E+01, 5.000E-03, 1.496E-02, 5.010E+01, 6.473E-03, 1.027E+00
29/08/2019,17:00,9,3.380,3.880,20.867,.858,.356, 1.008E+03, 8.346E+01, 7.278E-01, 3.469E-16, 4.084E+00, 2.144E+01, 2.476E+01, 6.830E+00,-1.809E+01, 6.180E+01, 2.722E+00, 3.488E-01, 1.463E-01, 6.738E-02, 1.000E+00, 2.715E-01, 6.389E-01, 8.656E-01, 1.000E+00, 8.905E-01, 2.092E-01, 1.381E-03, 3.250E-03, 0.000E+00, 1.271E+02, 4.671E+01, 5.863E-03, 6.402E-03, 8.153E+01, 4.879E-03, 7.153E-01
29/08/2019,18:00,9,3.380,3.880,19.088,.972,.063, 1.008E+03, 9.076E+01, 6.024E-01, 3.469E-16, 0.000E+00, 0.000E+00, 0.000E+00, 0.000E+00,-1.678E+01, 1.508E+01, 2.297E+00, 3.503E-01, 1.245E-01,-9.990E+02, 1.000E+00,-9.990E+02, 0.000E+00, 0.000E+00, 0.000E+00, 8.905E-01, 0.000E+00, 0.000E+00, 0.000E+00, 0.000E+00, 1.482E+02, 5.490E+01, 3.095E-02, 0.000E+00, 3.231E+01, 5.641E-03, 5.384E-01
29/08/2019,19:00,9,3.380,3.880,18.787,.974,.057, 1.008E+03, 9.749E+01, 6.024E-01, 3.469E-16, 0.000E+00, 0.000E+00, 0.000E+00, 0.000E+00,-1.678E+01, 1.508E+01, 2.593E+00, 3.501E-01, 1.405E-01,-9.990E+02, 1.000E+00,-9.990E+02, 0.000E+00, 0.000E+00, 0.000E+00, 8.905E-01, 0.000E+00, 0.000E+00, 0.000E+00, 0.000E+00, 1.314E+02, 4.865E+01, 2.471E-02, 0.000E+00, 4.047E+01, 5.920E-03, 4.670E-01
29/08/2019,20:00,9,3.380,3.880,18.485,.976,.051, 1.008E+03, 1.033E+02, 6.024E-01, 3.469E-16, 0.000E+00, 0.000E+00, 0.000E+00, 0.000E+00,-1.678E+01, 1.508E+01, 3.024E+00, 3.499E-01, 1.638E-01,-9.990E+02, 1.000E+00,-9.990E+02, 0.000E+00, 0.000E+00, 0.000E+00, 8.905E-01, 0.000E+00, 0.000E+00, 0.000E+00, 0.000E+00, 1.127E+02, 4.172E+01, 2.300E-02, 0.000E+00, 4.349E+01, 6.508E-03, 4.237E-01
29/08/2019,21:00,9,3.380,3.880,18.183,.979,.045, 1.009E+03, 1.077E+02, 1.008E-05, 3.469E-16, 0.000E+00, 0.000E+00, 0.000E+00, 0.000E+00,-4.082E+01, 2.246E+01, 3.541E+00, 4.322E-01, 1.871E-01,-9.990E+02, 1.000E+00,-9.990E+02, 0.000E+00, 0.000E+00, 0.000E+00, 8.905E-01, 0.000E+00, 0.000E+00, 0.000E+00, 0.000E+00, 1.012E+02, 3.654E+01, 2.311E-02, 0.000E+00, 4.327E+01, 7.144E-03, 4.369E-01
29/08/2019,22:00,9,3.380,3.880,17.333,.976,.047, 1.009E+03, 1.104E+02, 1.008E-05, 3.469E-16, 0.000E+00, 0.000E+00, 0.000E+00, 0.000E+00,-4.082E+01, 2.246E+01, 3.538E+00, 4.315E-01, 1.868E-01,-9.990E+02, 1.000E+00,-9.990E+02, 0.000E+00, 0.000E+00, 0.000E+00, 8.905E-01, 0.000E+00, 0.000E+00, 0.000E+00, 0.000E+00, 1.014E+02, 3.659E+01, 2.345E-02, 0.000E+00, 4.265E+01, 7.169E-03, 5.152E-01
29/08/2019,23:00,9,3.380,3.880,16.482,.974,.049, 1.009E+03, 1.111E+02, 1.008E-05, 3.469E-16, 0.000E+00, 0.000E+00, 0.000E+00, 0.000E+00,-4.082E+01, 2.246E+01, 3.536E+00, 4.308E-01, 1.866E-01,-9.990E+02, 1.000E+00,-9.990E+02, 0.000E+00, 0.000E+00, 0.000E+00, 8.905E-01, 0.000E+00, 0.000E+00, 0.000E+00, 0.000E+00, 1.015E+02, 3.663E+01, 2.381E-02, 0.000E+00, 4.200E+01, 7.196E-03, 5.649E-01
30/08/2019,00:00,9,3.369,3.869,15.632,.972,.050, 1.010E+03, 1.098E+02, 1.389E-03, 3.469E-16, 0.000E+00, 0.000E+00, 0.000E+00, 0.000E+00,-3.848E+01, 1.104E+01, 3.533E+00, 4.409E-01, 1.890E-01,-9.990E+02, 1.000E+00,-9.990E+02, 0.000E+00, 0.000E+00, 0.000E+00, 8.905E-01, 0.000E+00, 0.000E+00, 0.000E+00, 0.000E+00, 9.888E+01, 3.616E+01, 2.613E-02, 0.000E+00, 3.828E+01, 7.470E-03, 5.973E-01
30/08/2019,01:00,9,3.369,3.869,15.240,.973,.046, 1.010E+03, 1.065E+02, 1.389E-03, 3.469E-16, 0.000E+00, 0.000E+00, 0.000E+00, 0.000E+00,-3.848E+01, 1.104E+01, 3.580E+00, 4.406E-01, 1.915E-01,-9.990E+02, 1.000E+00,-9.990E+02, 0.000E+00, 0.000E+00, 0.000E+00, 8.905E-01, 0.000E+00, 0.000E+00, 0.000E+00, 0.000E+00, 9.764E+01, 3.570E+01, 2.843E-02, 0.000E+00, 3.517E+01, 7.719E-03, 6.199E-01
30/08/2019,02:00,9,3.369,3.869,14.849,.975,.043, 1.010E+03, 1.016E+02, 1.389E-03, 3.469E-16, 0.000E+00, 0.000E+00, 0.000E+00, 0.000E+00,-3.848E+01, 1.104E+01, 3.627E+00, 4.403E-01, 1.939E-01,-9.990E+02, 1.000E+00,-9.990E+02, 0.000E+00, 0.000E+00, 0.000E+00, 8.901E-01, 0.000E+00, 0.000E+00, 0.000E+00, 0.000E+00, 9.642E+01, 3.524E+01, 2.866E-02, 0.000E+00, 3.489E+01, 7.809E-03, 5.081E-01
30/08/2019,03:00,9,3.369,3.869,14.457,.976,.039, 1.010E+03, 9.553E+01, 0.000E+00, 3.469E-16, 0.000E+00, 0.000E+00, 0.000E+00, 0.000E+00,-2.204E+01, 3.966E+01, 3.674E+00, 5.036E-01, 2.094E-01,-9.990E+02, 1.000E+00,-9.990E+02, 0.000E+00, 0.000E+00, 0.000E+00, 8.901E-01, 0.000E+00, 0.000E+00, 0.000E+00, 0.000E+00, 8.383E+01, 3.265E+01, 2.890E-02, 0.000E+00, 3.460E+01, 8.306E-03, 5.720E-01
30/08/2019,04:00,9,3.369,3.869,14.625,.955,.076, 1.011E+03, 8.860E+01, 0.000E+00, 3.469E-16, 6.707E-03, 5.258E+00, 1.769E+00, 1.632E+00,-2.204E+01, 3.966E+01, 4.366E+00, 5.036E-01, 2.488E-01, 1.452E-02, 1.000E+00, 6.499E-02, 7.017E-02, 3.399E-01, 1.000E+00, 8.901E-01, 1.966E-02, 1.270E-04, 1.371E-04, 0.000E+00, 7.054E+01, 2.747E+01, 2.004E-02, 5.869E-04, 4.847E+01, 8.287E-03, 6.211E-01
30/08/2019,05:00,9,3.369,3.869,14.793,.933,.113, 1.011E+03, 8.122E+01, 0.000E+00, 3.469E-16, 2.360E+01, 3.214E+01, 8.840E+01, 1.106E+01,-2.204E+01, 3.966E+01, 5.062E+00, 5.037E-01, 2.884E-01, 9.056E-02, 1.000E+00, 4.205E-01, 9.736E-01, 3.592E-01, 1.000E+00, 8.901E-01, 1.345E-01, 8.691E-04, 2.013E-03, 0.000E+00, 6.084E+01, 2.370E+01, 1.501E-02, 4.016E-03, 5.256E+01, 8.708E-03, 6.700E-01
30/08/2019,06:00,9,3.369,3.869,14.962,.911,.152, 1.011E+03, 7.378E+01, 6.714E-04, 3.469E-16, 8.447E+01, 5.603E+01, 1.720E+02, 2.080E+01, 9.403E+01, 1.256E+02, 5.760E+00, 6.224E-01, 3.602E-01, 1.654E-01, 1.000E+00, 6.451E-01, 9.992E-01, 3.783E-01, 1.000E+00, 8.901E-01, 2.172E-01, 1.405E-03, 2.176E-03, 0.000E+00, 4.237E+01, 1.898E+01, 1.124E-02, 6.492E-03, 5.640E+01, 9.481E-03, 7.445E-01
30/08/2019,07:00,9,3.369,3.869,16.415,.819,.341, 1.012E+03, 6.668E+01, 6.714E-04, 3.469E-16, 1.455E+02, 6.977E+01, 2.106E+02, 2.688E+01, 9.403E+01, 1.256E+02, 5.053E+00, 6.239E-01, 3.159E-01, 2.317E-01, 1.000E+00, 7.456E-01, 9.998E-01, 5.313E-01, 1.000E+00, 8.901E-01, 3.526E-01, 2.292E-03, 3.073E-03, 0.000E+00, 4.834E+01, 2.164E+01, 5.000E-03, 1.059E-02, 6.414E+01, 8.327E-03, 8.712E-01
30/08/2019,08:00,9,3.369,3.869,17.868,.726,.565, 1.012E+03, 6.036E+01, 6.714E-04, 3.469E-16, 1.994E+02, 7.647E+01, 2.319E+02, 3.023E+01, 9.403E+01, 1.256E+02, 4.360E+00, 6.254E-01, 2.725E-01, 2.838E-01, 1.000E+00, 7.934E-01, 9.999E-01, 6.626E-01, 1.000E+00, 8.901E-01, 4.680E-01, 3.057E-03, 3.853E-03, 0.000E+00, 5.606E+01, 2.508E+01, 5.000E-03, 1.413E-02, 5.228E+01, 8.536E-03, 9.854E-01
30/08/2019,09:00,9,3.369,3.869,19.322,.634,.830, 1.012E+03, 5.537E+01, 1.360E-04, 3.469E-16, 4.589E+01, 1.282E+02, 8.155E+01, 4.117E+01, 1.556E+02, 1.558E+02, 3.689E+00, 7.591E-01, 2.299E-01, 3.199E-01, 1.000E+00, 8.638E-01, 9.651E-01, 7.725E-01, 1.000E+00, 8.901E-01, 5.939E-01, 3.899E-03, 4.357E-03, 0.000E+00, 6.680E+01, 2.973E+01, 5.000E-03, 1.802E-02, 4.345E+01, 8.306E-03, 1.141E+00
30/08/2019,10:00,9,3.369,3.869,19.902,.590,.964, 1.012E+03, 5.224E+01, 1.360E-04, 3.469E-16, 5.061E+01, 1.370E+02, 8.531E+01, 4.398E+01, 1.556E+02, 1.558E+02, 4.218E+00, 7.598E-01, 2.629E-01, 3.403E-01, 1.000E+00, 8.817E-01, 9.701E-01, 8.103E-01, 1.000E+00, 8.901E-01, 6.359E-01, 4.184E-03, 4.603E-03, 0.000E+00, 5.843E+01, 2.600E+01, 5.000E-03, 1.933E-02, 4.110E+01, 9.224E-03, 1.226E+00
30/08/2019,11:00,9,3.369,3.869,20.482,.545,1.108, 1.013E+03, 5.143E+01, 1.360E-04, 3.469E-16, 5.182E+01, 1.391E+02, 8.622E+01, 4.466E+01, 1.556E+02, 1.558E+02, 4.759E+00, 7.606E-01, 2.965E-01, 3.453E-01, 1.000E+00, 8.857E-01, 9.712E-01, 8.446E-01, 1.000E+00, 8.901E-01, 6.659E-01, 4.390E-03, 4.813E-03, 0.000E+00, 5.181E+01, 2.305E+01, 5.000E-03, 2.028E-02, 3.955E+01, 1.008E-02, 1.161E+00
30/08/2019,12:00,9,3.369,3.869,21.062,.501,1.261, 1.013E+03, 5.306E+01, 1.360E-04, 3.469E-16, 4.019E+01, 1.310E+02, 7.527E+01, 4.183E+01, 1.887E+01, 1.083E+02, 5.307E+00, 7.471E-01, 3.178E-01, 3.351E-01, 1.000E+00, 8.658E-01, 9.548E-01, 8.756E-01, 1.000E+00, 8.901E-01, 6.748E-01, 4.457E-03, 4.915E-03, 0.000E+00, 5.211E+01, 2.151E+01, 5.000E-03, 2.059E-02, 3.907E+01, 1.049E-02, 1.197E+00
30/08/2019,13:00,9,3.369,3.869,20.961,.500,1.257, 1.013E+03, 5.688E+01, 1.360E-04, 3.469E-16, 3.544E+01, 1.200E+02, 7.076E+01, 3.833E+01, 1.887E+01, 1.083E+02, 4.996E+00, 7.470E-01, 2.992E-01, 3.095E-01, 1.000E+00, 8.404E-01, 9.455E-01, 8.704E-01, 1.000E+00, 8.901E-01, 6.512E-01, 4.299E-03, 4.837E-03, 0.000E+00, 5.536E+01, 2.284E+01, 5.000E-03, 1.987E-02, 4.022E+01, 1.001E-02, 1.118E+00
30/08/2019,14:00,9,3.369,3.869,20.860,.498,1.254, 1.013E+03, 6.239E+01, 1.360E-04, 3.469E-16, 2.829E+01, 1.021E+02, 6.315E+01, 3.263E+01, 1.887E+01, 1.083E+02, 4.688E+00, 7.468E-01, 2.808E-01, 2.679E-01, 1.000E+00, 7.888E-01, 9.255E-01, 8.652E-01, 1.000E+00, 8.901E-01, 6.075E-01, 4.010E-03, 4.705E-03, 0.000E+00, 5.899E+01, 2.435E+01, 5.000E-03, 1.853E-02, 4.251E+01, 9.420E-03, 9.613E-01
30/08/2019,15:00,9,3.369,3.869,20.759,.496,1.250, 1.013E+03, 6.904E+01, 0.000E+00, 3.469E-16, 1.280E+02, 6.754E+01, 2.046E+02, 2.574E+01,-4.539E+01, 5.376E+01, 4.383E+00, 5.973E-01, 2.474E-01, 2.104E-01, 1.000E+00, 7.261E-01, 9.998E-01, 8.599E-01, 1.000E+00, 8.901E-01, 5.557E-01, 3.667E-03, 5.049E-03, 0.000E+00, 7.159E+01, 2.762E+01, 5.000E-03, 1.694E-02, 4.558E+01, 8.458E-03, 7.594E-01
30/08/2019,16:00,9,3.369,3.869,19.642,.540,1.062, 1.013E+03, 7.632E+01, 0.000E+00, 3.469E-16, 6.487E+01, 5.061E+01, 1.556E+02, 1.844E+01,-4.539E+01, 5.376E+01, 4.257E+00, 5.961E-01, 2.402E-01, 1.402E-01, 1.000E+00, 5.971E-01, 9.983E-01, 7.937E-01, 1.000E+00, 8.901E-01, 4.218E-01, 2.773E-03, 4.636E-03, 0.000E+00, 7.376E+01, 2.845E+01, 5.000E-03, 1.281E-02, 5.614E+01, 7.635E-03, 7.305E-01
30/08/2019,17:00,9,3.369,3.869,18.524,.585,.894, 1.013E+03, 8.381E+01, 0.000E+00, 3.469E-16, 1.162E+01, 2.537E+01, 6.234E+01, 8.431E+00,-4.539E+01, 5.376E+01, 4.141E+00, 5.948E-01, 2.336E-01, 6.400E-02, 1.000E+00, 3.334E-01, 9.230E-01, 7.148E-01, 1.000E+00, 8.901E-01, 2.121E-01, 1.389E-03, 3.845E-03, 0.000E+00, 7.587E+01, 2.926E+01, 5.000E-03, 6.417E-03, 8.759E+01, 6.077E-03, 7.654E-01
30/08/2019,18:00,9,3.369,3.869,17.406,.629,.744, 1.014E+03, 9.111E+01, 1.360E-04, 3.469E-16, 0.000E+00, 0.000E+00, 0.000E+00, 0.000E+00,-5.822E+01, 1.702E+01, 4.037E+00, 4.833E-01, 2.129E-01,-9.990E+02, 1.000E+00,-9.990E+02, 0.000E+00, 0.000E+00, 0.000E+00, 8.901E-01, 0.000E+00, 0.000E+00, 0.000E+00, 0.000E+00, 8.905E+01, 3.211E+01, 5.000E-03, 0.000E+00, 2.000E+02, 3.509E-03, 8.935E-01
30/08/2019,19:00,9,3.369,3.869,16.800,.656,.664, 1.014E+03, 9.784E+01, 1.360E-04, 3.469E-16, 0.000E+00, 0.000E+00, 0.000E+00, 0.000E+00,-5.822E+01, 1.702E+01, 3.921E+00, 4.828E-01, 2.067E-01,-9.990E+02, 1.000E+00,-9.990E+02, 0.000E+00, 0.000E+00, 0.000E+00, 8.901E-01, 0.000E+00, 0.000E+00, 0.000E+00, 0.000E+00, 9.174E+01, 3.306E+01, 5.000E-03, 0.000E+00, 2.000E+02, 3.478E-03, 1.025E+00
30/08/2019,20:00,9,3.369,3.869,16.193,.682,.589, 1.014E+03, 1.036E+02, 1.360E-04, 3.469E-16, 0.000E+00, 0.000E+00, 0.000E+00, 0.000E+00,-5.822E+01, 1.702E+01, 3.826E+00, 4.822E-01, 2.017E-01,-9.990E+02, 1.000E+00,-9.990E+02, 0.000E+00, 0.000E+00, 0.000E+00, 8.901E-01, 0.000E+00, 0.000E+00, 0.000E+00, 0.000E+00, 9.408E+01, 3.389E+01, 5.000E-03, 0.000E+00, 2.000E+02, 3.452E-03, 1.169E+00
30/08/2019,21:00,9,3.369,3.869,15.587,.709,.518, 1.014E+03, 1.080E+02, 1.360E-04, 3.469E-16, 0.000E+00, 0.000E+00, 0.000E+00, 0.000E+00,-4.920E+01, 1.316E+01, 3.754E+00, 4.941E-01, 2.027E-01,-9.990E+02, 1.000E+00,-9.990E+02, 0.000E+00, 0.000E+00, 0.000E+00, 8.901E-01, 0.000E+00, 0.000E+00, 0.000E+00, 0.000E+00, 9.132E+01, 3.371E+01, 5.000E-03, 0.000E+00, 2.000E+02, 3.460E-03, 1.307E+00
30/08/2019,22:00,9,3.369,3.869,15.274,.732,.468, 1.014E+03, 1.107E+02, 1.360E-04, 3.469E-16, 0.000E+00, 0.000E+00, 0.000E+00, 0.000E+00,-4.920E+01, 1.316E+01, 3.839E+00, 4.938E-01, 2.073E-01,-9.990E+02, 1.000E+00,-9.990E+02, 0.000E+00, 0.000E+00, 0.000E+00, 8.901E-01, 0.000E+00, 0.000E+00, 0.000E+00, 0.000E+00, 8.933E+01, 3.297E+01, 5.000E-03, 0.000E+00, 2.000E+02, 3.483E-03, 1.419E+00
30/08/2019,23:00,9,3.369,3.869,14.961,.754,.420, 1.014E+03, 1.114E+02, 1.360E-04, 3.469E-16, 0.000E+00, 0.000E+00, 0.000E+00, 0.000E+00,-4.920E+01, 1.316E+01, 3.927E+00, 4.935E-01, 2.120E-01,-9.990E+02, 1.000E+00,-9.990E+02, 0.000E+00, 0.000E+00, 0.000E+00, 8.901E-01, 0.000E+00, 0.000E+00, 0.000E+00, 0.000E+00, 8.736E+01, 3.224E+01, 5.000E-03, 0.000E+00, 2.000E+02, 3.507E-03, 1.461E+00
31/08/2019,00:00,9,3.358,3.858,14.648,.777,.374, 1.014E+03, 1.101E+02, 2.082E-05, 3.469E-16, 0.000E+00, 0.000E+00, 0.000E+00, 0.000E+00,-4.760E+01, 9.594E+00, 4.016E+00, 5.451E-01, 2.226E-01,-9.990E+02, 1.000E+00,-9.990E+02, 0.000E+00, 0.000E+00, 0.000E+00, 8.901E-01, 0.000E+00, 0.000E+00, 0.000E+00, 0.000E+00, 8.109E+01, 3.071E+01, 5.000E-03, 0.000E+00, 2.000E+02, 3.560E-03, 1.519E+00
31/08/2019,01:00,9,3.358,3.858,14.630,.804,.329, 1.014E+03, 1.068E+02, 2.082E-05, 3.469E-16, 0.000E+00, 0.000E+00, 0.000E+00, 0.000E+00,-4.760E+01, 9.594E+00, 4.055E+00, 5.452E-01, 2.247E-01,-9.990E+02, 1.000E+00,-9.990E+02, 0.000E+00, 0.000E+00, 0.000E+00, 8.901E-01, 0.000E+00, 0.000E+00, 0.000E+00, 0.000E+00, 8.030E+01, 3.042E+01, 5.000E-03, 0.000E+00, 2.000E+02, 3.570E-03, 1.603E+00
31/08/2019,02:00,9,3.358,3.858,14.613,.830,.284, 1.014E+03, 1.019E+02, 2.082E-05, 3.469E-16, 0.000E+00, 0.000E+00, 0.000E+00, 0.000E+00,-4.760E+01, 9.594E+00, 4.095E+00, 5.452E-01, 2.269E-01,-9.990E+02, 1.000E+00,-9.990E+02, 0.000E+00, 0.000E+00, 0.000E+00, 8.923E-01, 0.000E+00, 0.000E+00, 0.000E+00, 0.000E+00, 7.953E+01, 3.012E+01, 5.000E-03, 0.000E+00, 2.000E+02, 3.580E-03, 1.699E+00
31/08/2019,03:00,9,3.358,3.858,14.595,.857,.240, 1.013E+03, 9.582E+01, 2.082E-05, 3.469E-16, 0.000E+00, 0.000E+00, 0.000E+00, 0.000E+00,-1.901E+01, 1.523E+01, 4.135E+00, 5.370E-01, 2.384E-01,-9.990E+02, 1.000E+00,-9.990E+02, 0.000E+00, 0.000E+00, 0.000E+00, 8.923E-01, 0.000E+00, 0.000E+00, 0.000E+00, 0.000E+00, 7.274E+01, 2.867E+01, 5.000E-03, 0.000E+00, 2.000E+02, 3.633E-03, 1.815E+00
31/08/2019,04:00,9,3.358,3.858,15.089,.846,.265, 1.013E+03, 8.888E+01, 2.082E-05, 3.469E-16, 9.189E-04, 4.599E+00, 1.454E+00, 1.431E+00,-1.901E+01, 1.523E+01, 4.053E+00, 5.374E-01, 2.337E-01, 1.168E-02, 1.000E+00, 5.717E-02, 5.807E-02, 3.926E-01, 1.000E+00, 8.923E-01, 2.003E-02, 1.296E-04, 1.316E-04, 0.000E+00, 7.419E+01, 2.924E+01, 5.000E-03, 5.969E-04, 1.787E+02, 3.915E-03, 1.942E+00
31/08/2019,05:00,9,3.358,3.858,15.584,.836,.292, 1.014E+03, 8.150E+01, 2.082E-05, 3.469E-16, 2.478E+01, 3.320E+01, 9.527E+01, 1.147E+01,-1.901E+01, 1.523E+01, 3.976E+00, 5.379E-01, 2.293E-01, 8.806E-02, 1.000E+00, 4.293E-01, 9.801E-01, 4.464E-01, 1.000E+00, 8.923E-01, 1.710E-01, 1.109E-03, 2.531E-03, 0.000E+00, 7.563E+01, 2.981E+01, 5.000E-03, 5.106E-03, 9.896E+01, 5.643E-03, 2.160E+00
31/08/2019,06:00,9,3.358,3.858,16.078,.826,.320, 1.014E+03, 7.406E+01, 2.082E-05, 3.469E-16, 2.194E+01, 6.274E+01, 6.036E+01, 2.041E+01, 1.051E+02, 8.386E+01, 3.902E+00, 8.067E-01, 2.390E-01, 1.632E-01, 1.000E+00, 6.249E-01, 9.165E-01, 4.978E-01, 1.000E+00, 8.923E-01, 2.776E-01, 1.802E-03, 2.643E-03, 0.000E+00, 6.637E+01, 2.860E+01, 5.000E-03, 8.300E-03, 7.519E+01, 6.685E-03, 2.333E+00
31/08/2019,07:00,9,3.358,3.858,17.400,.754,.493, 1.014E+03, 6.696E+01, 2.082E-05, 3.469E-16, 3.822E+01, 9.259E+01, 7.903E+01, 3.019E+01, 1.051E+02, 8.386E+01, 4.118E+00, 8.085E-01, 2.522E-01, 2.299E-01, 1.000E+00, 7.686E-01, 9.612E-01, 6.226E-01, 1.000E+00, 8.923E-01, 4.270E-01, 2.785E-03, 3.484E-03, 0.000E+00, 6.293E+01, 2.711E+01, 5.000E-03, 1.283E-02, 5.609E+01, 7.899E-03, 2.598E+00
31/08/2019,08:00,9,3.358,3.858,18.721,.682,.694, 1.014E+03, 6.067E+01, 2.082E-05, 3.469E-16, 5.263E+01, 1.156E+02, 9.143E+01, 3.771E+01, 1.051E+02, 8.386E+01, 4.383E+00, 8.104E-01, 2.684E-01, 2.823E-01, 1.000E+00, 8.412E-01, 9.767E-01, 7.297E-01, 1.000E+00, 8.923E-01, 5.478E-01, 3.589E-03, 4.167E-03, 0.000E+00, 5.914E+01, 2.547E+01, 5.000E-03, 1.653E-02, 4.645E+01, 8.873E-03, 2.699E+00
31/08/2019,09:00,9,3.358,3.858,20.043,.610,.925, 1.014E+03, 5.569E+01, 2.082E-05, 3.469E-16, 2.411E+02, 7.958E+01, 2.460E+02, 3.210E+01, 1.582E+02, 1.363E+02, 4.690E+00, 7.599E-01, 2.924E-01, 3.186E-01, 1.000E+00, 8.180E-01, 1.000E+00, 8.189E-01, 1.000E+00, 8.923E-01, 5.978E-01, 3.935E-03, 4.810E-03, 0.000E+00, 5.247E+01, 2.337E+01, 5.000E-03, 1.812E-02, 4.325E+01, 9.639E-03, 2.727E+00
31/08/2019,10:00,9,3.358,3.858,20.657,.586,1.021, 1.013E+03, 5.259E+01, 2.082E-05, 3.469E-16, 2.661E+02, 7.969E+01, 2.516E+02, 3.255E+01, 1.582E+02, 1.363E+02, 4.556E+00, 7.607E-01, 2.841E-01, 3.390E-01, 1.000E+00, 8.267E-01, 1.000E+00, 8.543E-01, 1.000E+00, 8.923E-01, 6.302E-01, 4.157E-03, 5.028E-03, 0.000E+00, 5.403E+01, 2.406E+01, 5.000E-03, 1.914E-02, 4.142E+01, 9.643E-03, 2.570E+00
31/08/2019,11:00,9,3.358,3.858,21.270,.562,1.122, 1.013E+03, 5.179E+01, 2.082E-05, 3.469E-16, 2.724E+02, 7.957E+01, 2.529E+02, 3.261E+01, 1.582E+02, 1.363E+02, 4.425E+00, 7.616E-01, 2.758E-01, 3.440E-01, 1.000E+00, 8.284E-01, 1.000E+00, 8.859E-01, 1.000E+00, 8.923E-01, 6.549E-01, 4.328E-03, 5.224E-03, 0.000E+00, 5.565E+01, 2.478E+01, 5.000E-03, 1.993E-02, 4.011E+01, 9.593E-03, 2.375E+00
31/08/2019,12:00,9,3.358,3.858,21.884,.538,1.230, 1.013E+03, 5.343E+01, 2.082E-05, 3.469E-16, 2.621E+02, 8.052E+01, 2.527E+02, 3.278E+01, 8.303E+01, 1.271E+02, 4.297E+00, 6.733E-01, 2.654E-01, 3.337E-01, 1.000E+00, 8.269E-01, 1.000E+00, 9.136E-01, 1.000E+00, 8.923E-01, 6.741E-01, 4.465E-03, 5.399E-03, 0.000E+00, 5.882E+01, 2.575E+01, 5.000E-03, 2.056E-02, 3.912E+01, 9.438E-03, 2.302E+00
31/08/2019,13:00,9,3.358,3.858,22.041,.538,1.242, 1.012E+03, 5.724E+01, 2.082E-05, 3.469E-16, 2.306E+02, 7.992E+01, 2.452E+02, 3.205E+01, 8.303E+01, 1.271E+02, 4.149E+00, 6.735E-01, 2.563E-01, 3.078E-01, 1.000E+00, 8.147E-01, 1.000E+00, 9.200E-01, 1.000E+00, 8.923E-01, 6.689E-01, 4.432E-03, 5.440E-03, 0.000E+00, 6.091E+01, 2.667E+01, 5.000E-03, 2.041E-02, 3.935E+01, 9.211E-03, 2.304E+00
31/08/2019,14:00,9,3.358,3.858,22.198,.538,1.254, 1.012E+03, 6.275E+01, 2.082E-05, 3.469E-16, 1.834E+02, 7.627E+01, 2.302E+02, 2.994E+01, 8.303E+01, 1.271E+02, 4.002E+00, 6.738E-01, 2.472E-01, 2.657E-01, 1.000E+00, 7.857E-01, 9.999E-01, 9.263E-01, 1.000E+00, 8.923E-01, 6.494E-01, 4.306E-03, 5.480E-03, 0.000E+00, 6.316E+01, 2.765E+01, 5.000E-03, 1.983E-02, 4.028E+01, 8.926E-03, 2.245E+00
31/08/2019,15:00,9,3.358,3.858,22.356,.538,1.266, 1.012E+03, 6.939E+01, 2.082E-05, 3.469E-16, 1.249E+02, 6.688E+01, 2.030E+02, 2.551E+01,-1.433E+01, 5.218E+01, 3.856E+00, 3.632E-01, 2.134E-01, 2.078E-01, 1.000E+00, 7.225E-01, 9.998E-01, 9.322E-01, 1.000E+00, 8.923E-01, 6.010E-01, 3.987E-03, 5.517E-03, 0.000E+00, 8.468E+01, 3.203E+01, 5.000E-03, 1.836E-02, 4.280E+01, 7.861E-03, 2.230E+00
31/08/2019,16:00,9,3.358,3.858,21.046,.601,1.008, 1.012E+03, 7.668E+01, 2.082E-05, 3.469E-16, 6.203E+01, 4.959E+01, 1.526E+02, 1.807E+01,-1.433E+01, 5.218E+01, 3.348E+00, 3.625E-01, 1.852E-01, 1.372E-01, 1.000E+00, 5.893E-01, 9.981E-01, 8.748E-01, 1.000E+00, 8.923E-01, 4.600E-01, 3.038E-03, 5.146E-03, 0.000E+00, 9.761E+01, 3.691E+01, 5.000E-03, 1.399E-02, 5.265E+01, 6.671E-03, 2.340E+00
31/08/2019,17:00,9,3.358,3.858,19.736,.664,.781, 1.012E+03, 8.416E+01, 2.082E-05, 3.469E-16, 9.923E+00, 2.401E+01, 5.673E+01, 7.949E+00,-1.433E+01, 5.218E+01, 2.845E+00, 3.617E-01, 1.573E-01, 6.057E-02, 1.000E+00, 3.167E-01, 9.030E-01, 7.998E-01, 1.000E+00, 8.923E-01, 2.260E-01, 1.486E-03, 4.238E-03, 0.000E+00, 1.150E+02, 4.345E+01, 5.000E-03, 6.843E-03, 8.444E+01, 5.027E-03, 2.461E+00
31/08/2019,18:00,9,3.358,3.858,18.426,.727,.584, 1.011E+03, 9.147E+01, 2.082E-05, 3.469E-16, 0.000E+00, 0.000E+00, 0.000E+00, 0.000E+00,-3.982E+01, 5.810E+00, 2.351E+00, 3.251E-01, 1.088E-01,-9.990E+02, 1.000E+00,-9.990E+02, 0.000E+00, 0.000E+00, 0.000E+00, 8.923E-01, 0.000E+00, 0.000E+00, 0.000E+00, 0.000E+00, 1.988E+02, 6.285E+01, 5.000E-03, 0.000E+00, 2.000E+02, 2.713E-03, 2.632E+00
31/08/2019,19:00,9,3.358,3.858,17.725,.788,.435, 1.011E+03, 9.820E+01, 2.082E-05, 3.469E-16, 0.000E+00, 0.000E+00, 0.000E+00, 0.000E+00,-3.982E+01, 5.810E+00, 2.552E+00, 3.247E-01, 1.180E-01,-9.990E+02, 1.000E+00,-9.990E+02, 0.000E+00, 0.000E+00, 0.000E+00, 8.923E-01, 0.000E+00, 0.000E+00, 0.000E+00, 0.000E+00, 1.834E+02, 5.794E+01, 5.000E-03, 0.000E+00, 2.000E+02, 2.813E-03, 2.863E+00
31/08/2019,20:00,9,3.358,3.858,17.025,.848,.297, 1.011E+03, 1.040E+02, 2.082E-05, 3.469E-16, 0.000E+00, 0.000E+00, 0.000E+00, 0.000E+00,-3.982E+01, 5.810E+00, 2.964E+00, 3.244E-01, 1.369E-01,-9.990E+02, 1.000E+00,-9.990E+02, 0.000E+00, 0.000E+00, 0.000E+00, 8.923E-01, 0.000E+00, 0.000E+00, 0.000E+00, 0.000E+00, 1.582E+02, 4.993E+01, 5.000E-03, 0.000E+00, 2.000E+02, 2.994E-03, 2.820E+00
31/08/2019,21:00,9,3.358,3.858,16.324,.909,.171, 1.011E+03, 1.084E+02, 2.082E-05, 3.469E-16, 0.000E+00, 0.000E+00, 0.000E+00, 0.000E+00,-4.644E+01,-7.233E-01, 3.513E+00, 4.362E-01, 1.835E-01,-9.990E+02, 1.000E+00,-9.990E+02, 0.000E+00, 0.000E+00, 0.000E+00, 8.923E-01, 0.000E+00, 0.000E+00, 0.000E+00, 0.000E+00, 1.043E+02, 3.725E+01, 8.784E-03, 0.000E+00, 1.138E+02, 4.705E-03, 2.714E+00
31/08/2019,22:00,9,3.358,3.858,16.339,.925,.140, 1.010E+03, 1.111E+02, 2.082E-05, 3.469E-16, 0.000E+00, 0.000E+00, 0.000E+00, 0.000E+00,-4.644E+01,-7.233E-01, 3.638E+00, 4.363E-01, 1.900E-01,-9.990E+02, 1.000E+00,-9.990E+02, 0.000E+00, 0.000E+00, 0.000E+00, 8.923E-01, 0.000E+00, 0.000E+00, 0.000E+00, 0.000E+00, 1.008E+02, 3.597E+01, 1.262E-02, 0.000E+00, 7.926E+01, 5.728E-03, 2.240E+00
31/08/2019,23:00,9,3.358,3.858,16.353,.942,.109, 1.010E+03, 1.118E+02, 2.082E-05, 3.469E-16, 0.000E+00, 0.000E+00, 0.000E+00, 0.000E+00,-4.644E+01,-7.233E-01, 3.768E+00, 4.364E-01, 1.968E-01,-9.990E+02, 1.000E+00,-9.990E+02, 0.000E+00, 0.000E+00, 0.000E+00, 8.923E-01, 0.000E+00, 0.000E+00, 0.000E+00, 0.000E+00, 9.727E+01, 3.473E+01, 1.812E-02, 0.000E+00, 5.518E+01, 6.794E-03, 1.430E+00
01/09/2019,00:00,9,3.347,3.847,16.368,.959,.077, 1.010E+03, 1.104E+02, 7.736E-02, 3.469E-16, 0.000E+00, 0.000E+00, 0.000E+00, 0.000E+00,-5.875E+01, 1.380E+01, 3.903E+00, 5.868E-01, 2.164E-01,-9.990E+02, 1.000E+00,-9.990E+02, 0.000E+00, 0.000E+00, 0.000E+00, 8.923E-01, 0.000E+00, 0.000E+00, 0.000E+00, 0.000E+00, 8.336E+01, 3.159E+01, 2.256E-02, 0.000E+00, 4.432E+01, 7.841E-03, 1.086E+00
01/09/2019,01:00,9,3.347,3.847,16.734,.916,.161, 1.009E+03, 1.071E+02, 7.736E-02, 3.469E-16, 0.000E+00, 0.000E+00, 0.000E+00, 0.000E+00,-5.875E+01, 1.380E+01, 4.131E+00, 5.874E-01, 2.290E-01,-9.990E+02, 1.000E+00,-9.990E+02, 0.000E+00, 0.000E+00, 0.000E+00, 8.923E-01, 0.000E+00, 0.000E+00, 0.000E+00, 0.000E+00, 7.875E+01, 2.985E+01, 1.266E-02, 0.000E+00, 7.901E+01, 6.344E-03, 1.155E+00
01/09/2019,02:00,9,3.347,3.847,17.100,.873,.249, 1.008E+03, 1.022E+02, 7.736E-02, 3.469E-16, 0.000E+00, 0.000E+00, 0.000E+00, 0.000E+00,-5.875E+01, 1.380E+01, 4.370E+00, 5.879E-01, 2.423E-01,-9.990E+02, 1.000E+00,-9.990E+02, 0.000E+00, 0.000E+00, 0.000E+00, 8.963E-01, 0.000E+00, 0.000E+00, 0.000E+00, 0.000E+00, 7.441E+01, 2.820E+01, 7.101E-03, 0.000E+00, 1.408E+02, 4.648E-03, 1.195E+00
01/09/2019,03:00,9,3.347,3.847,17.466,.831,.341, 1.008E+03, 9.611E+01, 5.524E-03, 3.469E-16, 0.000E+00, 0.000E+00, 0.000E+00, 0.000E+00,-3.823E+01, 3.170E+01, 4.621E+00, 6.199E-01, 2.640E-01,-9.990E+02, 1.000E+00,-9.990E+02, 0.000E+00, 0.000E+00, 0.000E+00, 8.963E-01, 0.000E+00, 0.000E+00, 0.000E+00, 0.000E+00, 6.629E+01, 2.589E+01, 5.000E-03, 0.000E+00, 2.000E+02, 3.731E-03, 1.501E+00
01/09/2019,04:00,9,3.347,3.847,18.059,.817,.382, 1.007E+03, 8.915E+01, 5.524E-03, 3.469E-16, 3.410E-05, 3.540E+00, 0.000E+00, 0.000E+00,-3.823E+01, 3.170E+01, 4.516E+00, 6.208E-01, 2.581E-01,-9.990E+02, 1.000E+00,-9.990E+02, 0.000E+00, 0.000E+00, 0.000E+00, 8.963E-01, 0.000E+00, 0.000E+00, 0.000E+00, 0.000E+00, 6.781E+01, 2.649E+01, 5.000E-03, 0.000E+00, 2.000E+02, 3.709E-03, 1.557E+00
01/09/2019,05:00,9,3.347,3.847,18.652,.804,.426, 1.006E+03, 8.177E+01, 5.524E-03, 3.469E-16, 2.377E+01, 3.298E+01, 9.444E+01, 1.139E+01,-3.823E+01, 3.170E+01, 4.421E+00, 6.216E-01, 2.526E-01, 8.552E-02, 1.000E+00, 4.259E-01, 9.794E-01, 7.246E-01, 1.000E+00, 8.963E-01, 2.766E-01, 1.812E-03, 4.167E-03, 0.000E+00, 6.925E+01, 2.705E+01, 5.000E-03, 8.317E-03, 7.509E+01, 6.841E-03, 1.631E+00
01/09/2019,06:00,9,3.347,3.847,19.246,.790,.472, 1.006E+03, 7.434E+01, 0.000E+00, 3.469E-16, 8.174E+01, 5.573E+01, 1.721E+02, 2.073E+01, 8.117E+01, 8.431E+01, 4.335E+00, 8.176E-01, 2.637E-01, 1.610E-01, 1.000E+00, 6.422E-01, 9.992E-01, 7.673E-01, 1.000E+00, 8.963E-01, 4.416E-01, 2.899E-03, 4.510E-03, 0.000E+00, 6.090E+01, 2.592E+01, 5.000E-03, 1.331E-02, 5.463E+01, 8.187E-03, 1.734E+00
01/09/2019,07:00,9,3.347,3.847,20.583,.754,.603, 1.005E+03, 6.725E+01, 0.000E+00, 3.469E-16, 1.438E+02, 7.022E+01, 2.131E+02, 2.714E+01, 8.117E+01, 8.431E+01, 4.841E+00, 8.197E-01, 2.945E-01, 2.280E-01, 1.000E+00, 7.471E-01, 9.998E-01, 8.503E-01, 1.000E+00, 8.963E-01, 5.694E-01, 3.755E-03, 5.025E-03, 0.000E+00, 5.456E+01, 2.321E+01, 5.000E-03, 1.723E-02, 4.498E+01, 9.483E-03, 1.947E+00
01/09/2019,08:00,9,3.347,3.847,21.920,.718,.753, 1.005E+03, 6.097E+01, 0.000E+00, 3.469E-16, 1.987E+02, 7.745E+01, 2.355E+02, 3.072E+01, 8.117E+01, 8.431E+01, 5.348E+00, 8.217E-01, 3.253E-01, 2.807E-01, 1.000E+00, 7.967E-01, 9.999E-01, 9.151E-01, 1.000E+00, 8.963E-01, 6.534E-01, 4.328E-03, 5.433E-03, 0.000E+00, 4.940E+01, 2.101E+01, 5.000E-03, 1.987E-02, 4.021E+01, 1.053E-02, 2.299E+00
01/09/2019,09:00,9,3.347,3.847,23.258,.681,.923, 1.004E+03, 5.602E+01, 0.000E+00, 3.469E-16, 2.415E+02, 8.014E+01, 2.485E+02, 3.240E+01, 1.590E+02, 1.495E+02, 5.856E+00, 1.035E+00, 3.561E-01, 3.172E-01, 1.000E+00, 8.199E-01, 1.000E+00, 9.616E-01, 1.000E+00, 8.963E-01, 7.067E-01, 4.702E-03, 5.735E-03, 0.000E+00, 4.517E+01, 1.920E+01, 5.000E-03, 2.158E-02, 3.762E+01, 1.141E-02, 2.509E+00
01/09/2019,10:00,9,3.347,3.847,24.231,.641,1.104, 1.004E+03, 5.294E+01, 0.000E+00, 3.469E-16, 2.667E+02, 8.033E+01, 2.542E+02, 3.289E+01, 1.590E+02, 1.495E+02, 6.232E+00, 1.037E+00, 3.789E-01, 3.377E-01, 1.000E+00, 8.287E-01, 1.000E+00, 9.840E-01, 1.000E+00, 8.963E-01, 7.309E-01, 4.880E-03, 5.888E-03, 0.000E+00, 4.245E+01, 1.804E+01, 5.000E-03, 2.240E-02, 3.650E+01, 1.198E-02, 2.628E+00
01/09/2019,11:00,9,3.347,3.847,25.204,.601,1.302, 1.003E+03, 5.216E+01, 0.000E+00, 3.469E-16, 2.730E+02, 8.023E+01, 2.555E+02, 3.295E+01, 1.590E+02, 1.495E+02, 6.631E+00, 1.039E+00, 4.031E-01, 3.426E-01, 1.000E+00, 8.305E-01, 1.000E+00, 9.968E-01, 9.987E-01, 8.963E-01, 7.409E-01, 4.963E-03, 5.975E-03, 0.000E+00, 3.991E+01, 1.696E+01, 5.000E-03, 2.278E-02, 3.600E+01, 1.247E-02, 2.727E+00
01/09/2019,12:00,9,3.347,3.847,26.177,.561,1.521, 1.003E+03, 5.380E+01, 2.726E+00, 3.469E-16, 2.030E+02, 9.482E+01, 2.074E+02, 3.561E+01,-3.237E+01, 2.018E+02, 7.048E+00, 8.200E-01, 4.126E-01, 3.322E-01, 1.000E+00, 8.455E-01, 9.998E-01, 9.998E-01, 8.715E-01, 8.963E-01, 6.603E-01, 4.437E-03, 5.247E-03, 0.000E+00, 4.140E+01, 1.657E+01, 5.000E-03, 2.037E-02, 3.942E+01, 1.207E-02, 2.735E+00
01/09/2019,13:00,9,3.347,3.847,24.260,.682,.979, 1.003E+03, 5.761E+01, 2.726E+00, 3.469E-16, 1.783E+02, 9.121E+01, 2.005E+02, 3.405E+01,-3.237E+01, 2.018E+02, 6.353E+00, 8.175E-01, 3.719E-01, 3.060E-01, 1.000E+00, 8.289E-01, 9.997E-01, 9.846E-01, 1.000E+00, 8.963E-01, 7.314E-01, 4.883E-03, 5.890E-03, 0.000E+00, 4.594E+01, 1.838E+01, 5.000E-03, 2.242E-02, 3.648E+01, 1.181E-02, 1.315E+00
01/09/2019,14:00,9,3.347,3.847,22.343,.804,.538, 1.003E+03, 6.311E+01, 2.726E+00, 3.469E-16, 1.414E+02, 8.339E+01, 1.871E+02, 3.084E+01,-3.237E+01, 2.018E+02, 5.738E+00, 8.149E-01, 3.358E-01, 2.635E-01, 1.000E+00, 7.927E-01, 9.995E-01, 9.318E-01, 1.000E+00, 8.963E-01, 6.620E-01, 4.391E-03, 5.537E-03, 0.000E+00, 5.087E+01, 2.035E+01, 5.000E-03, 2.016E-02, 3.975E+01, 1.074E-02, 8.352E-01
01/09/2019,15:00,9,3.347,3.847,20.426,.925,.183, 1.002E+03, 6.975E+01, 1.646E+00, 3.469E-16, 6.187E+00, 5.925E+01, 2.766E+01, 1.872E+01,-4.833E+01, 8.501E+01, 5.234E+00, 6.384E-01, 2.972E-01, 2.052E-01, 1.000E+00, 5.662E-01, 6.794E-01, 8.415E-01, 1.000E+00, 8.963E-01, 4.270E-01, 2.814E-03, 3.377E-03, 0.000E+00, 5.925E+01, 2.300E+01, 2.353E-02, 1.292E-02, 2.744E+01, 1.138E-02, 5.222E-01
01/09/2019,16:00,9,3.347,3.847,19.844,.949,.120, 1.003E+03, 7.703E+01, 1.646E+00, 3.469E-16, 3.012E+00, 3.451E+01, 1.761E+01, 1.090E+01,-4.833E+01, 8.501E+01, 4.632E+00, 6.377E-01, 2.630E-01, 1.340E-01, 1.000E+00, 3.819E-01, 5.153E-01, 8.066E-01, 1.000E+00, 8.963E-01, 2.761E-01, 1.816E-03, 2.450E-03, 0.000E+00, 6.696E+01, 2.599E+01, 2.509E-02, 8.335E-03, 2.992E+01, 1.018E-02, 4.354E-01
01/09/2019,17:00,9,3.347,3.847,19.262,.973,.061, 1.003E+03, 8.452E+01, 1.646E+00, 3.469E-16, 4.264E-01, 1.035E+01, 5.482E+00, 3.250E+00,-4.833E+01, 8.501E+01, 4.035E+00, 6.370E-01, 2.291E-01, 5.709E-02, 1.000E+00, 1.295E-01, 2.019E-01, 7.684E-01, 1.000E+00, 8.963E-01, 8.919E-02, 5.855E-04, 9.125E-04, 0.000E+00, 7.689E+01, 2.984E+01, 3.087E-02, 2.687E-03, 2.980E+01, 9.239E-03, 3.693E-01
01/09/2019,18:00,9,3.347,3.847,18.680,.997,.007, 1.003E+03, 9.182E+01, 7.598E-01, 3.469E-16, 0.000E+00, 0.000E+00, 0.000E+00, 0.000E+00,-1.660E+01, 1.784E+01, 3.446E+00, 3.707E-01, 1.894E-01,-9.990E+02, 1.000E+00,-9.990E+02, 0.000E+00, 0.000E+00, 0.000E+00, 8.963E-01, 0.000E+00, 0.000E+00, 0.000E+00, 0.000E+00, 9.605E+01, 3.609E+01, 3.294E-02, 0.000E+00, 3.036E+01, 7.967E-03, 3.467E-01
01/09/2019,19:00,9,3.347,3.847,18.197,.990,.022, 1.003E+03, 9.857E+01, 7.598E-01, 3.469E-16, 0.000E+00, 0.000E+00, 0.000E+00, 0.000E+00,-1.660E+01, 1.784E+01, 3.170E+00, 3.704E-01, 1.742E-01,-9.990E+02, 1.000E+00,-9.990E+02, 0.000E+00, 0.000E+00, 0.000E+00, 8.963E-01, 0.000E+00, 0.000E+00, 0.000E+00, 0.000E+00, 1.044E+02, 3.923E+01, 2.665E-02, 0.000E+00, 3.752E+01, 7.094E-03, 3.827E-01
01/09/2019,20:00,9,3.347,3.847,17.714,.982,.036, 1.003E+03, 1.044E+02, 7.598E-01, 3.469E-16, 0.000E+00, 0.000E+00, 0.000E+00, 0.000E+00,-1.660E+01, 1.784E+01, 3.028E+00, 3.701E-01, 1.664E-01,-9.990E+02, 1.000E+00,-9.990E+02, 0.000E+00, 0.000E+00, 0.000E+00, 8.963E-01, 0.000E+00, 0.000E+00, 0.000E+00, 0.000E+00, 1.094E+02, 4.109E+01, 2.687E-02, 0.000E+00, 3.722E+01, 6.870E-03, 3.807E-01
01/09/2019,21:00,9,3.347,3.847,17.232,.975,.050, 1.003E+03, 1.088E+02, 0.000E+00, 3.469E-16, 0.000E+00, 0.000E+00, 0.000E+00, 0.000E+00,-2.981E+01, 2.432E+01, 3.036E+00, 3.459E-01, 1.531E-01,-9.990E+02, 1.000E+00,-9.990E+02, 0.000E+00, 0.000E+00, 0.000E+00, 8.963E-01, 0.000E+00, 0.000E+00, 0.000E+00, 0.000E+00, 1.295E+02, 4.465E+01, 2.536E-02, 0.000E+00, 3.943E+01, 6.323E-03, 4.114E-01
01/09/2019,22:00,9,3.347,3.847,15.987,.967,.060, 1.004E+03, 1.115E+02, 0.000E+00, 3.469E-16, 0.000E+00, 0.000E+00, 0.000E+00, 0.000E+00,-2.981E+01, 2.432E+01, 2.903E+00, 3.452E-01, 1.462E-01,-9.990E+02, 1.000E+00,-9.990E+02, 0.000E+00, 0.000E+00, 0.000E+00, 8.963E-01, 0.000E+00, 0.000E+00, 0.000E+00, 0.000E+00, 1.358E+02, 4.675E+01, 2.249E-02, 0.000E+00, 4.446E+01, 5.925E-03, 5.726E-01
01/09/2019,23:00,9,3.347,3.847,14.743,.960,.068, 1.004E+03, 1.122E+02, 0.000E+00, 3.469E-16, 0.000E+00, 0.000E+00, 0.000E+00, 0.000E+00,-2.981E+01, 2.432E+01, 2.791E+00, 3.444E-01, 1.405E-01,-9.990E+02, 1.000E+00,-9.990E+02, 0.000E+00, 0.000E+00, 0.000E+00, 8.963E-01, 0.000E+00, 0.000E+00, 0.000E+00, 0.000E+00, 1.415E+02, 4.866E+01, 1.999E-02, 0.000E+00, 5.002E+01, 5.573E-03, 6.430E-01
02/09/2019,00:00,9,3.336,3.836,13.499,.952,.074, 1.004E+03, 1.108E+02, 1.603E-04, 3.469E-16, 0.000E+00, 0.000E+00, 0.000E+00, 0.000E+00,-2.430E+01, 3.157E+01, 2.704E+00, 3.778E-01, 1.445E-01,-9.990E+02, 1.000E+00,-9.990E+02, 0.000E+00, 0.000E+00, 0.000E+00, 8.963E-01, 0.000E+00, 0.000E+00, 0.000E+00, 0.000E+00, 1.295E+02, 4.729E+01, 2.056E-02, 0.000E+00, 4.865E+01, 5.758E-03, 6.365E-01
02/09/2019,01:00,9,3.336,3.836,13.342,.947,.081, 1.004E+03, 1.075E+02, 1.603E-04, 3.469E-16, 0.000E+00, 0.000E+00, 0.000E+00, 0.000E+00,-2.430E+01, 3.157E+01, 2.681E+00, 3.776E-01, 1.433E-01,-9.990E+02, 1.000E+00,-9.990E+02, 0.000E+00, 0.000E+00, 0.000E+00, 8.963E-01, 0.000E+00, 0.000E+00, 0.000E+00, 0.000E+00, 1.306E+02, 4.770E+01, 1.789E-02, 0.000E+00, 5.591E+01, 5.494E-03, 6.359E-01
02/09/2019,02:00,9,3.336,3.836,13.185,.942,.088, 1.004E+03, 1.025E+02, 1.603E-04, 3.469E-16, 0.000E+00, 0.000E+00, 0.000E+00, 0.000E+00,-2.430E+01, 3.157E+01, 2.667E+00, 3.775E-01, 1.425E-01,-9.990E+02, 1.000E+00,-9.990E+02, 0.000E+00, 0.000E+00, 0.000E+00, 9.010E-01, 0.000E+00, 0.000E+00, 0.000E+00, 0.000E+00, 1.313E+02, 4.796E+01, 1.795E-02, 0.000E+00, 5.570E+01, 5.480E-03, 5.958E-01
02/09/2019,03:00,9,3.336,3.836,13.028,.937,.095, 1.004E+03, 9.640E+01, 1.603E-04, 3.469E-16, 0.000E+00, 0.000E+00, 0.000E+00, 0.000E+00,-1.259E+01, 3.103E+01, 2.661E+00, 3.718E-01, 1.491E-01,-9.990E+02, 1.000E+00,-9.990E+02, 0.000E+00, 0.000E+00, 0.000E+00, 9.010E-01, 0.000E+00, 0.000E+00, 0.000E+00, 0.000E+00, 1.198E+02, 4.586E+01, 1.562E-02, 0.000E+00, 6.400E+01, 5.414E-03, 6.205E-01
02/09/2019,04:00,9,3.336,3.836,13.151,.927,.111, 1.005E+03, 8.943E+01, 1.603E-04, 3.469E-16, 4.942E-08, 2.360E+00, 0.000E+00, 0.000E+00,-1.259E+01, 3.103E+01, 2.726E+00, 3.718E-01, 1.527E-01,-9.990E+02, 1.000E+00,-9.990E+02, 0.000E+00, 0.000E+00, 0.000E+00, 9.010E-01, 0.000E+00, 0.000E+00, 0.000E+00, 0.000E+00, 1.169E+02, 4.477E+01, 1.350E-02, 0.000E+00, 7.406E+01, 5.211E-03, 6.853E-01
02/09/2019,05:00,9,3.336,3.836,13.275,.917,.128, 1.005E+03, 8.205E+01, 1.603E-04, 3.469E-16, 2.197E+01, 3.189E+01, 9.038E+01, 1.100E+01,-1.259E+01, 3.103E+01, 2.791E+00, 3.718E-01, 1.563E-01, 8.295E-02, 1.000E+00, 4.147E-01, 9.757E-01, 1.739E-01, 1.000E+00, 9.010E-01, 6.497E-02, 4.177E-04, 9.828E-04, 0.000E+00, 1.142E+02, 4.373E+01, 1.167E-02, 1.911E-03, 7.363E+01, 5.299E-03, 7.796E-01
02/09/2019,06:00,9,3.336,3.836,13.399,.906,.145, 1.005E+03, 7.461E+01, 0.000E+00, 3.469E-16, 7.969E+01, 5.521E+01, 1.707E+02, 2.055E+01, 7.286E+01, 9.709E+01, 2.856E+00, 5.611E-01, 1.790E-01, 1.588E-01, 1.000E+00, 6.386E-01, 9.991E-01, 1.899E-01, 1.000E+00, 9.010E-01, 1.092E-01, 7.027E-04, 1.099E-03, 0.000E+00, 8.487E+01, 3.818E+01, 1.009E-02, 3.215E-03, 7.518E+01, 5.753E-03, 8.845E-01
02/09/2019,07:00,9,3.336,3.836,14.426,.821,.295, 1.005E+03, 6.754E+01, 0.000E+00, 3.469E-16, 1.417E+02, 7.002E+01, 2.126E+02, 2.709E+01, 7.286E+01, 9.709E+01, 3.048E+00, 5.621E-01, 1.910E-01, 2.261E-01, 1.000E+00, 7.460E-01, 9.998E-01, 3.165E-01, 1.000E+00, 9.010E-01, 2.127E-01, 1.373E-03, 1.841E-03, 0.000E+00, 7.959E+01, 3.579E+01, 5.000E-03, 6.283E-03, 8.863E+01, 5.522E-03, 8.357E-01
02/09/2019,08:00,9,3.336,3.836,15.452,.736,.466, 1.005E+03, 6.128E+01, 0.000E+00, 3.469E-16, 1.968E+02, 7.750E+01, 2.355E+02, 3.077E+01, 7.286E+01, 9.709E+01, 3.239E+00, 5.631E-01, 2.029E-01, 2.791E-01, 1.000E+00, 7.967E-01, 9.999E-01, 4.324E-01, 1.000E+00, 9.010E-01, 3.104E-01, 2.011E-03, 2.524E-03, 0.000E+00, 7.493E+01, 3.368E+01, 5.000E-03, 9.199E-03, 7.043E+01, 6.351E-03, 8.050E-01
02/09/2019,09:00,9,3.336,3.836,16.479,.651,.658, 1.005E+03, 5.635E+01, 8.618E-04, 3.469E-16, 2.385E+02, 8.001E+01, 2.476E+02, 3.238E+01, 1.736E+02, 1.706E+02, 3.431E+00, 7.214E-01, 2.160E-01, 3.158E-01, 1.000E+00, 8.194E-01, 1.000E+00, 5.375E-01, 1.000E+00, 9.010E-01, 3.968E-01, 2.580E-03, 3.149E-03, 0.000E+00, 6.975E+01, 3.164E+01, 5.000E-03, 1.180E-02, 5.951E+01, 7.085E-03, 1.034E+00
02/09/2019,10:00,9,3.336,3.836,17.163,.591,.807, 1.006E+03, 5.329E+01, 8.618E-04, 3.469E-16, 2.635E+02, 8.031E+01, 2.533E+02, 3.290E+01, 1.736E+02, 1.706E+02, 3.861E+00, 7.222E-01, 2.431E-01, 3.364E-01, 1.000E+00, 8.285E-01, 1.000E+00, 6.015E-01, 1.000E+00, 9.010E-01, 4.490E-01, 2.926E-03, 3.532E-03, 0.000E+00, 6.201E+01, 2.812E+01, 5.000E-03, 1.339E-02, 5.438E+01, 7.878E-03, 1.057E+00
02/09/2019,11:00,9,3.336,3.836,17.846,.531,.967, 1.006E+03, 5.253E+01, 8.618E-04, 3.469E-16, 2.697E+02, 8.025E+01, 2.546E+02, 3.298E+01, 1.736E+02, 1.706E+02, 4.291E+00, 7.230E-01, 2.702E-01, 3.412E-01, 1.000E+00, 8.303E-01, 1.000E+00, 6.608E-01, 1.000E+00, 9.010E-01, 4.943E-01, 3.229E-03, 3.889E-03, 0.000E+00, 5.581E+01, 2.530E+01, 5.000E-03, 1.477E-02, 5.057E+01, 8.631E-03, 1.046E+00
02/09/2019,12:00,9,3.336,3.836,18.530,.471,1.140, 1.006E+03, 5.417E+01, 1.307E-02, 3.469E-16, 2.559E+02, 8.019E+01, 2.513E+02, 3.273E+01, 6.523E+01, 1.496E+02, 4.723E+00, 7.939E-01, 2.867E-01, 3.306E-01, 1.000E+00, 8.258E-01, 1.000E+00, 7.153E-01, 1.000E+00, 9.010E-01, 5.322E-01, 3.485E-03, 4.220E-03, 0.000E+00, 5.630E+01, 2.385E+01, 5.000E-03, 1.594E-02, 4.775E+01, 9.098E-03, 1.007E+00
02/09/2019,13:00,9,3.336,3.836,18.236,.476,1.108, 1.006E+03, 5.799E+01, 1.307E-02, 3.469E-16, 2.243E+02, 7.932E+01, 2.435E+02, 3.190E+01, 6.523E+01, 1.496E+02, 4.712E+00, 7.935E-01, 2.860E-01, 3.041E-01, 1.000E+00, 8.126E-01, 1.000E+00, 6.924E-01, 1.000E+00, 9.010E-01, 5.070E-01, 3.316E-03, 4.081E-03, 0.000E+00, 5.643E+01, 2.390E+01, 5.000E-03, 1.517E-02, 4.958E+01, 8.938E-03, 9.584E-01
02/09/2019,14:00,9,3.336,3.836,17.942,.481,1.077, 1.006E+03, 6.348E+01, 1.307E-02, 3.469E-16, 1.771E+02, 7.525E+01, 2.279E+02, 2.962E+01, 6.523E+01, 1.496E+02, 4.705E+00, 7.932E-01, 2.856E-01, 2.613E-01, 1.000E+00, 7.815E-01, 9.999E-01, 6.687E-01, 1.000E+00, 9.010E-01, 4.708E-01, 3.077E-03, 3.937E-03, 0.000E+00, 5.651E+01, 2.393E+01, 5.000E-03, 1.408E-02, 5.242E+01, 8.710E-03, 9.142E-01
02/09/2019,15:00,9,3.336,3.836,17.648,.486,1.047, 1.005E+03, 7.011E+01, 8.618E-04, 3.469E-16, 1.190E+02, 6.545E+01, 1.999E+02, 2.502E+01,-3.532E+01, 6.332E+01, 4.703E+00, 5.713E-01, 2.668E-01, 2.024E-01, 1.000E+00, 7.149E-01, 9.997E-01, 6.441E-01, 1.000E+00, 9.010E-01, 4.148E-01, 2.708E-03, 3.787E-03, 0.000E+00, 6.604E+01, 2.562E+01, 5.000E-03, 1.239E-02, 5.751E+01, 8.010E-03, 8.505E-01
02/09/2019,16:00,9,3.336,3.836,16.621,.538,.881, 1.006E+03, 7.739E+01, 8.618E-04, 3.469E-16, 5.648E+01, 4.747E+01, 1.466E+02, 1.728E+01,-3.532E+01, 6.332E+01, 4.327E+00, 5.702E-01, 2.454E-01, 1.308E-01, 1.000E+00, 5.728E-01, 9.976E-01, 5.512E-01, 1.000E+00, 9.010E-01, 2.845E-01, 1.850E-03, 3.223E-03, 0.000E+00, 7.182E+01, 2.785E+01, 5.000E-03, 8.465E-03, 7.426E+01, 6.781E-03, 7.631E-01
02/09/2019,17:00,9,3.336,3.836,15.595,.589,.732, 1.006E+03, 8.487E+01, 8.618E-04, 3.469E-16, 6.849E+00, 2.119E+01, 4.530E+01, 6.966E+00,-3.532E+01, 6.332E+01, 3.956E+00, 5.691E-01, 2.244E-01, 5.356E-02, 1.000E+00, 2.810E-01, 8.448E-01, 4.476E-01, 1.000E+00, 9.010E-01, 1.133E-01, 7.346E-04, 2.209E-03, 0.000E+00, 7.858E+01, 3.046E+01, 5.000E-03, 3.361E-03, 1.196E+02, 5.008E-03, 6.490E-01
02/09/2019,18:00,9,3.336,3.836,14.569,.641,.599, 1.007E+03, 9.218E+01, 1.603E-04, 3.469E-16, 0.000E+00, 0.000E+00, 0.000E+00, 0.000E+00,-4.842E+01, 1.487E+01, 3.593E+00, 4.461E-01, 1.882E-01,-9.990E+02, 1.000E+00,-9.990E+02, 0.000E+00, 0.000E+00, 0.000E+00, 9.010E-01, 0.000E+00, 0.000E+00, 0.000E+00, 0.000E+00, 1.015E+02, 3.633E+01, 5.000E-03, 0.000E+00, 2.000E+02, 3.376E-03, 5.690E-01
02/09/2019,19:00,9,3.336,3.836,13.751,.691,.488, 1.007E+03, 9.893E+01, 1.603E-04, 3.469E-16, 0.000E+00, 0.000E+00, 0.000E+00, 0.000E+00,-4.842E+01, 1.487E+01, 3.675E+00, 4.454E-01, 1.924E-01,-9.990E+02, 1.000E+00,-9.990E+02, 0.000E+00, 0.000E+00, 0.000E+00, 9.010E-01, 0.000E+00, 0.000E+00, 0.000E+00, 0.000E+00, 9.933E+01, 3.553E+01, 5.000E-03, 0.000E+00, 2.000E+02, 3.400E-03, 5.193E-01
02/09/2019,20:00,9,3.336,3.836,12.932,.741,.388, 1.008E+03, 1.047E+02, 1.603E-04, 3.469E-16, 0.000E+00, 0.000E+00, 0.000E+00, 0.000E+00,-4.842E+01, 1.487E+01, 3.758E+00, 4.447E-01, 1.966E-01,-9.990E+02, 1.000E+00,-9.990E+02, 0.000E+00, 0.000E+00, 0.000E+00, 9.010E-01, 0.000E+00, 0.000E+00, 0.000E+00, 0.000E+00, 9.724E+01, 3.477E+01, 5.000E-03, 0.000E+00, 2.000E+02, 3.423E-03, 5.212E-01
02/09/2019,21:00,9,3.336,3.836,12.114,.791,.296, 1.008E+03, 1.092E+02, 1.603E-04, 3.469E-16, 0.000E+00, 0.000E+00, 0.000E+00, 0.000E+00,-4.296E+01, 8.754E+00, 3.842E+00, 4.506E-01, 2.046E-01,-9.990E+02, 1.000E+00,-9.990E+02, 0.000E+00, 0.000E+00, 0.000E+00, 9.010E-01, 0.000E+00, 0.000E+00, 0.000E+00, 0.000E+00, 9.181E+01, 3.342E+01, 5.000E-03, 0.000E+00, 2.000E+02, 3.468E-03, 5.617E-01
02/09/2019,22:00,9,3.336,3.836,11.644,.827,.237, 1.008E+03, 1.119E+02, 1.603E-04, 3.469E-16, 0.000E+00, 0.000E+00, 0.000E+00, 0.000E+00,-4.296E+01, 8.754E+00, 3.672E+00, 4.502E-01, 1.955E-01,-9.990E+02, 1.000E+00,-9.990E+02, 0.000E+00, 0.000E+00, 0.000E+00, 9.010E-01, 0.000E+00, 0.000E+00, 0.000E+00, 0.000E+00, 9.611E+01, 3.497E+01, 5.000E-03, 0.000E+00, 2.000E+02, 3.419E-03, 6.094E-01
02/09/2019,23:00,9,3.336,3.836,11.174,.863,.182, 1.009E+03, 1.125E+02, 1.603E-04, 3.469E-16, 0.000E+00, 0.000E+00, 0.000E+00, 0.000E+00,-4.296E+01, 8.754E+00, 3.504E+00, 4.497E-01, 1.865E-01,-9.990E+02, 1.000E+00,-9.990E+02, 0.000E+00, 0.000E+00, 0.000E+00, 9.010E-01, 0.000E+00, 0.000E+00, 0.000E+00, 0.000E+00, 1.008E+02, 3.666E+01, 6.041E-03, 0.000E+00, 1.655E+02, 3.810E-03, 6.760E-01
03/09/2019,00:00,9,3.325,3.825,10.704,.900,.129, 1.009E+03, 1.111E+02, 3.796E-04, 3.469E-16, 0.000E+00, 0.000E+00, 0.000E+00, 0.000E+00,-3.475E+01, 5.456E+00, 3.337E+00, 3.374E-01, 1.622E-01,-9.990E+02, 1.000E+00,-9.990E+02, 0.000E+00, 0.000E+00, 0.000E+00, 9.010E-01, 0.000E+00, 0.000E+00, 0.000E+00, 0.000E+00, 1.269E+02, 4.215E+01, 9.406E-03, 0.000E+00, 1.063E+02, 4.570E-03, 7.333E-01
03/09/2019,01:00,9,3.325,3.825,10.324,.905,.119, 1.009E+03, 1.078E+02, 3.796E-04, 3.469E-16, 0.000E+00, 0.000E+00, 0.000E+00, 0.000E+00,-3.475E+01, 5.456E+00, 3.241E+00, 3.371E-01, 1.574E-01,-9.990E+02, 1.000E+00,-9.990E+02, 0.000E+00, 0.000E+00, 0.000E+00, 9.010E-01, 0.000E+00, 0.000E+00, 0.000E+00, 0.000E+00, 1.308E+02, 4.341E+01, 1.098E-02, 0.000E+00, 9.106E+01, 4.832E-03, 8.045E-01
03/09/2019,02:00,9,3.325,3.825,9.943,.911,.110, 1.009E+03, 1.029E+02, 3.796E-04, 3.469E-16, 0.000E+00, 0.000E+00, 0.000E+00, 0.000E+00,-3.475E+01, 5.456E+00, 3.158E+00, 3.369E-01, 1.533E-01,-9.990E+02, 1.000E+00,-9.990E+02, 0.000E+00, 0.000E+00, 0.000E+00, 9.096E-01, 0.000E+00, 0.000E+00, 0.000E+00, 0.000E+00, 1.343E+02, 4.458E+01, 1.283E-02, 0.000E+00, 7.795E+01, 5.078E-03, 8.533E-01
03/09/2019,03:00,9,3.325,3.825,9.563,.916,.100, 1.009E+03, 9.669E+01, 0.000E+00, 3.469E-16, 0.000E+00, 0.000E+00, 0.000E+00, 0.000E+00,-7.987E+00, 1.321E+01, 3.088E+00, 4.042E-01, 1.781E-01,-9.990E+02, 1.000E+00,-9.990E+02, 0.000E+00, 0.000E+00, 0.000E+00, 9.096E-01, 0.000E+00, 0.000E+00, 0.000E+00, 0.000E+00, 9.733E+01, 3.837E+01, 1.300E-02, 0.000E+00, 7.693E+01, 5.629E-03, 9.562E-01
03/09/2019,04:00,9,3.325,3.825,10.282,.886,.143, 1.009E+03, 8.972E+01, 0.000E+00, 3.469E-16, 2.106E-16, 1.190E+00, 0.000E+00, 0.000E+00,-7.987E+00, 1.321E+01, 3.198E+00, 4.047E-01, 1.845E-01,-9.990E+02, 1.000E+00,-9.990E+02, 0.000E+00, 0.000E+00, 0.000E+00, 9.096E-01, 0.000E+00, 0.000E+00, 0.000E+00, 0.000E+00, 9.397E+01, 3.705E+01, 8.264E-03, 0.000E+00, 1.210E+02, 4.581E-03, 1.084E+00
03/09/2019,05:00,9,3.325,3.825,11.001,.855,.190, 1.009E+03, 8.232E+01, 0.000E+00, 3.469E-16, 2.016E+01, 3.098E+01, 8.614E+01, 1.067E+01,-7.987E+00, 1.321E+01, 3.319E+00, 4.052E-01, 1.915E-01, 8.035E-02, 1.000E+00, 4.046E-01, 9.711E-01, 1.000E-02, 1.000E+00, 9.096E-01, 3.681E-03, 2.348E-05, 6.194E-05, 0.000E+00, 9.051E+01, 3.569E+01, 5.000E-03, 1.071E-04, 1.958E+02, 3.454E-03, 1.327E+00
03/09/2019,06:00,9,3.325,3.825,11.720,.825,.242, 1.010E+03, 7.489E+01, 0.000E+00, 3.469E-16, 7.687E+01, 5.437E+01, 1.677E+02, 2.024E+01, 1.264E+02, 8.934E+01, 3.452E+00, 6.457E-01, 2.175E-01, 1.565E-01, 1.000E+00, 6.329E-01, 9.990E-01, 1.000E-02, 1.000E+00, 9.096E-01, 5.757E-03, 3.682E-05, 6.389E-05, 0.000E+00, 6.923E+01, 3.143E+01, 5.000E-03, 1.679E-04, 1.935E+02, 3.642E-03, 1.478E+00
03/09/2019,07:00,9,3.325,3.825,13.044,.743,.388, 1.009E+03, 6.783E+01, 0.000E+00, 3.469E-16, 1.385E+02, 6.941E+01, 2.105E+02, 2.688E+01, 1.264E+02, 8.934E+01, 3.630E+00, 6.473E-01, 2.286E-01, 2.242E-01, 1.000E+00, 7.431E-01, 9.998E-01, 1.436E-01, 1.000E+00, 9.096E-01, 9.707E-02, 6.236E-04, 8.391E-04, 0.000E+00, 6.588E+01, 2.990E+01, 5.000E-03, 2.844E-03, 1.275E+02, 4.887E-03, 1.394E+00
03/09/2019,08:00,9,3.325,3.825,14.368,.661,.559, 1.009E+03, 6.159E+01, 0.000E+00, 3.469E-16, 1.933E+02, 7.710E+01, 2.338E+02, 3.064E+01, 1.264E+02, 8.934E+01, 3.818E+00, 6.488E-01, 2.404E-01, 2.775E-01, 1.000E+00, 7.951E-01, 9.999E-01, 3.097E-01, 1.000E+00, 9.096E-01, 2.240E-01, 1.446E-03, 1.818E-03, 0.000E+00, 6.270E+01, 2.844E+01, 5.000E-03, 6.591E-03, 8.627E+01, 6.264E-03, 1.195E+00
03/09/2019,09:00,9,3.325,3.825,15.692,.578,.757, 1.009E+03, 5.668E+01, 1.441E-01, 3.469E-16, 5.255E+01, 1.269E+02, 8.927E+01, 4.144E+01, 1.474E+02, 1.670E+02, 4.013E+00, 7.651E-01, 2.494E-01, 3.144E-01, 1.000E+00, 8.673E-01, 9.746E-01, 4.579E-01, 1.000E+00, 9.096E-01, 3.612E-01, 2.342E-03, 2.632E-03, 0.000E+00, 6.186E+01, 2.740E+01, 5.000E-03, 1.068E-02, 6.378E+01, 7.421E-03, 7.841E-01
03/09/2019,10:00,9,3.325,3.825,15.760,.577,.763, 1.009E+03, 5.365E+01, 1.441E-01, 3.469E-16, 5.813E+01, 1.358E+02, 9.335E+01, 4.431E+01, 1.474E+02, 1.670E+02, 3.801E+00, 7.653E-01, 2.363E-01, 3.350E-01, 1.000E+00, 8.853E-01, 9.785E-01, 4.650E-01, 1.000E+00, 9.096E-01, 3.745E-01, 2.429E-03, 2.684E-03, 0.000E+00, 6.531E+01, 2.893E+01, 5.000E-03, 1.107E-02, 6.221E+01, 7.291E-03, 1.020E+00
03/09/2019,11:00,9,3.325,3.825,15.827,.575,.769, 1.008E+03, 5.290E+01, 1.441E-01, 3.469E-16, 5.948E+01, 1.378E+02, 9.429E+01, 4.499E+01, 1.474E+02, 1.670E+02, 3.602E+00, 7.655E-01, 2.239E-01, 3.398E-01, 1.000E+00, 8.892E-01, 9.793E-01, 4.720E-01, 1.000E+00, 9.096E-01, 3.818E-01, 2.477E-03, 2.728E-03, 0.000E+00, 6.892E+01, 3.053E+01, 5.000E-03, 1.129E-02, 6.137E+01, 7.120E-03, 9.238E-01
03/09/2019,12:00,9,3.325,3.825,15.895,.573,.776, 1.008E+03, 5.455E+01, 0.000E+00, 3.469E-16, 8.137E+01, 1.352E+02, 1.150E+02, 4.485E+01, 3.238E+01, 9.096E+01, 3.418E+00, 5.697E-01, 2.087E-01, 3.290E-01, 1.000E+00, 8.910E-01, 9.912E-01, 4.790E-01, 1.000E+00, 9.096E-01, 3.883E-01, 2.519E-03, 2.802E-03, 0.000E+00, 7.644E+01, 3.275E+01, 5.000E-03, 1.149E-02, 6.065E+01, 6.854E-03, 1.020E+00
03/09/2019,13:00,9,3.325,3.825,16.089,.594,.748, 1.007E+03, 5.836E+01, 0.000E+00, 3.469E-16, 7.118E+01, 1.241E+02, 1.090E+02, 4.120E+01, 3.238E+01, 9.096E+01, 3.638E+00, 5.700E-01, 2.221E-01, 3.023E-01, 1.000E+00, 8.684E-01, 9.887E-01, 4.988E-01, 1.000E+00, 9.096E-01, 3.940E-01, 2.559E-03, 2.913E-03, 0.000E+00, 7.183E+01, 3.077E+01, 5.000E-03, 1.167E-02, 6.000E+01, 7.138E-03, 1.302E+00
03/09/2019,14:00,9,3.325,3.825,16.283,.614,.720, 1.007E+03, 6.385E+01, 0.000E+00, 3.469E-16, 5.596E+01, 1.058E+02, 9.861E+01, 3.512E+01, 3.238E+01, 9.096E+01, 4.023E+00, 5.704E-01, 2.456E-01, 2.590E-01, 1.000E+00, 8.207E-01, 9.827E-01, 5.182E-01, 1.000E+00, 9.096E-01, 3.869E-01, 2.514E-03, 3.010E-03, 0.000E+00, 6.496E+01, 2.783E+01, 5.000E-03, 1.146E-02, 6.074E+01, 7.508E-03, 1.432E+00
03/09/2019,15:00,9,3.325,3.825,16.476,.634,.691, 1.006E+03, 7.048E+01, 4.322E-01, 3.469E-16, 1.133E+02, 6.337E+01, 1.937E+02, 2.424E+01,-3.979E+01, 6.670E+01, 4.531E+00, 6.061E-01, 2.578E-01, 1.996E-01, 1.000E+00, 7.046E-01, 9.997E-01, 5.373E-01, 1.000E+00, 9.096E-01, 3.443E-01, 2.239E-03, 3.176E-03, 0.000E+00, 6.820E+01, 2.652E+01, 5.000E-03, 1.021E-02, 6.576E+01, 7.382E-03, 1.295E+00
03/09/2019,16:00,9,3.325,3.825,15.456,.726,.485, 1.006E+03, 7.775E+01, 4.322E-01, 3.469E-16, 5.245E+01, 4.541E+01, 1.401E+02, 1.652E+01,-3.979E+01, 6.670E+01, 4.263E+00, 6.051E-01, 2.425E-01, 1.276E-01, 1.000E+00, 5.574E-01, 9.969E-01, 4.328E-01, 1.000E+00, 9.096E-01, 2.195E-01, 1.422E-03, 2.543E-03, 0.000E+00, 7.251E+01, 2.819E+01, 5.000E-03, 6.483E-03, 8.708E+01, 6.204E-03, 9.294E-01
03/09/2019,17:00,9,3.325,3.825,14.436,.817,.302, 1.006E+03, 8.523E+01, 4.322E-01, 3.469E-16, 5.350E+00, 1.934E+01, 3.853E+01, 6.331E+00,-3.979E+01, 6.670E+01, 4.008E+00, 6.041E-01, 2.279E-01, 4.997E-02, 1.000E+00, 2.575E-01, 7.950E-01, 3.178E-01, 1.000E+00, 9.096E-01, 7.444E-02, 4.806E-04, 1.484E-03, 0.000E+00, 7.716E+01, 2.999E+01, 5.000E-03, 2.191E-03, 1.391E+02, 4.590E-03, 7.156E-01
03/09/2019,18:00,9,3.325,3.825,13.416,.909,.141, 1.005E+03, 9.255E+01, 6.480E-02, 3.469E-16, 0.000E+00, 0.000E+00, 0.000E+00, 0.000E+00,-4.226E+01, 3.348E+01, 3.768E+00, 4.826E-01, 2.048E-01,-9.990E+02, 1.000E+00,-9.990E+02, 0.000E+00, 0.000E+00, 0.000E+00, 9.096E-01, 0.000E+00, 0.000E+00, 0.000E+00, 0.000E+00, 8.982E+01, 3.337E+01, 1.008E-02, 0.000E+00, 9.918E+01, 5.340E-03, 6.575E-01
03/09/2019,19:00,9,3.325,3.825,13.301,.930,.107, 1.005E+03, 9.930E+01, 6.480E-02, 3.469E-16, 0.000E+00, 0.000E+00, 0.000E+00, 0.000E+00,-4.226E+01, 3.348E+01, 3.574E+00, 4.826E-01, 1.943E-01,-9.990E+02, 1.000E+00,-9.990E+02, 0.000E+00, 0.000E+00, 0.000E+00, 9.096E-01, 0.000E+00, 0.000E+00, 0.000E+00, 0.000E+00, 9.470E+01, 3.518E+01, 1.552E-02, 0.000E+00, 6.443E+01, 6.357E-03, 6.693E-01
03/09/2019,20:00,9,3.325,3.825,13.187,.951,.074, 1.004E+03, 1.051E+02, 6.480E-02, 3.469E-16, 0.000E+00, 0.000E+00, 0.000E+00, 0.000E+00,-4.226E+01, 3.348E+01, 3.440E+00, 4.826E-01, 1.870E-01,-9.990E+02, 1.000E+00,-9.990E+02, 0.000E+00, 0.000E+00, 0.000E+00, 9.096E-01, 0.000E+00, 0.000E+00, 0.000E+00, 0.000E+00, 9.841E+01, 3.656E+01, 1.918E-02, 0.000E+00, 5.213E+01, 6.728E-03, 6.672E-01
03/09/2019,21:00,9,3.325,3.825,13.072,.973,.042, 1.004E+03, 1.095E+02, 5.228E-02, 3.469E-16, 0.000E+00, 0.000E+00, 0.000E+00, 0.000E+00,-1.447E+01, 1.730E+01, 3.373E+00, 4.202E-01, 1.911E-01,-9.990E+02, 1.000E+00,-9.990E+02, 0.000E+00, 0.000E+00, 0.000E+00, 9.096E-01, 0.000E+00, 0.000E+00, 0.000E+00, 0.000E+00, 9.234E+01, 3.576E+01, 2.560E-02, 0.000E+00, 3.907E+01, 7.513E-03, 6.321E-01
03/09/2019,22:00,9,3.325,3.825,13.198,.969,.047, 1.004E+03, 1.122E+02, 5.228E-02, 3.469E-16, 0.000E+00, 0.000E+00, 0.000E+00, 0.000E+00,-1.447E+01, 1.730E+01, 2.976E+00, 4.202E-01, 1.686E-01,-9.990E+02, 1.000E+00,-9.990E+02, 0.000E+00, 0.000E+00, 0.000E+00, 9.096E-01, 0.000E+00, 0.000E+00, 0.000E+00, 0.000E+00, 1.046E+02, 4.053E+01, 2.212E-02, 0.000E+00, 4.521E+01, 6.589E-03, 5.710E-01
03/09/2019,23:00,9,3.325,3.825,13.325,.965,.054, 1.004E+03, 1.129E+02, 5.228E-02, 3.469E-16, 0.000E+00, 0.000E+00, 0.000E+00, 0.000E+00,-1.447E+01, 1.730E+01, 2.867E+00, 4.203E-01, 1.625E-01,-9.990E+02, 1.000E+00,-9.990E+02, 0.000E+00, 0.000E+00, 0.000E+00, 9.096E-01, 0.000E+00, 0.000E+00, 0.000E+00, 0.000E+00, 1.086E+02, 4.207E+01, 2.205E-02, 0.000E+00, 4.534E+01, 6.412E-03, 5.022E-01
04/09/2019,00:00,9,3.314,3.814,13.452,.962,.060, 1.004E+03, 1.115E+02, 4.136E-02, 3.469E-16, 0.000E+00, 0.000E+00, 0.000E+00, 0.000E+00,-9.986E+00, 9.672E+00, 3.076E+00, 3.909E-01, 1.755E-01,-9.990E+02, 1.000E+00,-9.990E+02, 0.000E+00, 0.000E+00, 0.000E+00, 9.096E-01, 0.000E+00, 0.000E+00, 0.000E+00, 0.000E+00, 9.991E+01, 3.896E+01, 2.199E-02, 0.000E+00, 4.548E+01, 6.764E-03, 3.845E-01
04/09/2019,01:00,9,3.314,3.814,13.415,.950,.078, 1.005E+03, 1.081E+02, 4.136E-02, 3.469E-16, 0.000E+00, 0.000E+00, 0.000E+00, 0.000E+00,-9.986E+00, 9.672E+00, 2.977E+00, 3.908E-01, 1.698E-01,-9.990E+02, 1.000E+00,-9.990E+02, 0.000E+00, 0.000E+00, 0.000E+00, 9.096E-01, 0.000E+00, 0.000E+00, 0.000E+00, 0.000E+00, 1.033E+02, 4.026E+01, 1.654E-02, 0.000E+00, 6.047E+01, 6.015E-03, 3.494E-01
04/09/2019,02:00,9,3.314,3.814,13.378,.938,.096, 1.005E+03, 1.032E+02, 4.136E-02, 3.469E-16, 0.000E+00, 0.000E+00, 0.000E+00, 0.000E+00,-9.986E+00, 9.672E+00, 3.058E+00, 3.908E-01, 1.744E-01,-9.990E+02, 1.000E+00,-9.990E+02, 0.000E+00, 0.000E+00, 0.000E+00, 9.216E-01, 0.000E+00, 0.000E+00, 0.000E+00, 0.000E+00, 1.005E+02, 3.919E+01, 1.435E-02, 0.000E+00, 6.969E+01, 5.791E-03, 3.865E-01
04/09/2019,03:00,9,3.314,3.814,13.341,.926,.114, 1.005E+03, 9.698E+01, 2.985E-02, 3.469E-16, 0.000E+00, 0.000E+00, 0.000E+00, 0.000E+00,-2.194E+00, 3.409E+01, 3.306E+00, 5.610E-01, 1.958E-01,-9.990E+02, 1.000E+00,-9.990E+02, 0.000E+00, 0.000E+00, 0.000E+00, 9.216E-01, 0.000E+00, 0.000E+00, 0.000E+00, 0.000E+00, 8.627E+01, 3.491E+01, 1.245E-02, 0.000E+00, 8.032E+01, 5.822E-03, 3.687E-01
04/09/2019,04:00,9,3.314,3.814,12.840,.884,.172, 1.005E+03, 9.000E+01, 2.985E-02, 3.469E-16, 0.000E+00, 6.768E-03, 0.000E+00, 0.000E+00,-2.194E+00, 3.409E+01, 3.249E+00, 5.603E-01, 1.924E-01,-9.990E+02, 1.000E+00,-9.990E+02, 0.000E+00, 0.000E+00, 0.000E+00, 9.216E-01, 0.000E+00, 0.000E+00, 0.000E+00, 0.000E+00, 8.780E+01, 3.554E+01, 7.117E-03, 0.000E+00, 1.405E+02, 4.281E-03, 3.630E-01
04/09/2019,05:00,9,3.314,3.814,12.339,.843,.227, 1.006E+03, 8.260E+01, 2.985E-02, 3.469E-16, 1.855E+01, 2.995E+01, 8.232E+01, 1.030E+01,-2.194E+00, 3.409E+01, 3.277E+00, 5.597E-01, 1.940E-01, 7.772E-02, 1.000E+00, 3.935E-01, 9.662E-01, 4.787E-02, 1.000E+00, 9.216E-01, 1.736E-02, 1.113E-04, 2.732E-04, 0.000E+00, 8.705E+01, 3.523E+01, 5.000E-03, 5.057E-04, 1.816E+02, 3.651E-03, 4.170E-01
04/09/2019,06:00,9,3.314,3.814,11.838,.801,.277, 1.007E+03, 7.518E+01, 1.652E-04, 3.469E-16, 7.483E+01, 5.375E+01, 1.663E+02, 2.002E+01, 1.287E+02, 9.253E+01, 3.388E+00, 5.125E-01, 2.212E-01, 1.542E-01, 1.000E+00, 6.286E-01, 9.989E-01, 1.000E-02, 1.000E+00, 9.216E-01, 5.794E-03, 3.707E-05, 6.391E-05, 0.000E+00, 6.388E+01, 3.091E+01, 5.000E-03, 1.684E-04, 1.935E+02, 3.675E-03, 4.972E-01
04/09/2019,07:00,9,3.314,3.814,12.847,.739,.388, 1.007E+03, 6.812E+01, 1.652E-04, 3.469E-16, 1.365E+02, 6.909E+01, 2.099E+02, 2.679E+01, 1.287E+02, 9.253E+01, 2.924E+00, 5.134E-01, 1.908E-01, 2.222E-01, 1.000E+00, 7.415E-01, 9.998E-01, 1.174E-01, 1.000E+00, 9.216E-01, 8.021E-02, 5.150E-04, 6.943E-04, 0.000E+00, 7.407E+01, 3.582E+01, 5.000E-03, 2.340E-03, 1.362E+02, 4.397E-03, 5.549E-01
04/09/2019,08:00,9,3.314,3.814,13.856,.678,.513, 1.007E+03, 6.190E+01, 1.652E-04, 3.469E-16, 1.913E+02, 7.702E+01, 2.337E+02, 3.065E+01, 1.287E+02, 9.253E+01, 2.473E+00, 5.142E-01, 1.613E-01, 2.758E-01, 1.000E+00, 7.947E-01, 9.999E-01, 2.476E-01, 1.000E+00, 9.216E-01, 1.813E-01, 1.168E-03, 1.470E-03, 0.000E+00, 8.767E+01, 4.237E+01, 5.000E-03, 5.309E-03, 9.700E+01, 4.881E-03, 6.109E-01
04/09/2019,09:00,9,3.314,3.814,14.865,.616,.653, 1.008E+03, 5.701E+01, 1.652E-04, 3.469E-16, 5.637E+01, 1.268E+02, 9.341E+01, 4.165E+01, 1.971E+02, 1.490E+02, 2.042E+00, 3.490E-01, 1.508E-01, 3.129E-01, 1.000E+00, 8.694E-01, 9.786E-01, 3.674E-01, 1.000E+00, 9.216E-01, 2.944E-01, 1.903E-03, 2.142E-03, 0.000E+00, 7.568E+01, 4.532E+01, 5.000E-03, 8.650E-03, 7.326E+01, 5.529E-03, 6.507E-01
04/09/2019,10:00,9,3.314,3.814,15.748,.567,.781, 1.007E+03, 5.400E+01, 1.652E-04, 3.469E-16, 6.240E+01, 1.357E+02, 9.761E+01, 4.453E+01, 1.971E+02, 1.490E+02, 1.359E+00, 3.496E-01, 1.004E-01, 3.336E-01, 1.000E+00, 8.873E-01, 9.820E-01, 4.638E-01, 1.000E+00, 9.216E-01, 3.792E-01, 2.460E-03, 2.722E-03, 0.000E+00, 1.138E+02, 6.811E+01, 5.000E-03, 1.118E-02, 6.181E+01, 4.473E-03, 6.651E-01
04/09/2019,11:00,9,3.314,3.814,16.632,.517,.921, 1.007E+03, 5.327E+01, 1.652E-04, 3.469E-16, 6.384E+01, 1.377E+02, 9.857E+01, 4.520E+01, 1.971E+02, 1.490E+02, 7.866E-01, 3.502E-01, 1.000E-01, 3.383E-01, 1.000E+00, 8.910E-01, 9.826E-01, 5.522E-01, 1.000E+00, 9.216E-01, 4.535E-01, 2.950E-03, 3.253E-03, 0.000E+00, 1.143E+02, 6.835E+01, 5.000E-03, 1.341E-02, 5.433E+01, 4.614E-03, 7.165E-01
04/09/2019,12:00,9,3.314,3.814,17.515,.468,1.074, 1.007E+03, 5.493E+01, 1.652E-04, 3.469E-16, 2.369E+02, 7.607E+01, 2.373E+02, 3.110E+01, 1.013E+02, 1.402E+02, 6.938E-01, 4.262E-01, 1.000E-01, 3.274E-01, 1.000E+00, 8.128E-01, 9.999E-01, 6.327E-01, 1.000E+00, 9.216E-01, 4.740E-01, 3.093E-03, 3.805E-03, 0.000E+00, 1.365E+02, 6.835E+01, 5.000E-03, 1.405E-02, 5.248E+01, 4.446E-03, 7.836E-01
04/09/2019,13:00,9,3.314,3.814,17.436,.475,1.054, 1.007E+03, 5.874E+01, 1.652E-04, 3.469E-16, 2.068E+02, 7.496E+01, 2.294E+02, 3.020E+01, 1.013E+02, 1.402E+02, 1.340E+00, 4.262E-01, 1.000E-01, 3.003E-01, 1.000E+00, 7.979E-01, 9.999E-01, 6.258E-01, 1.000E+00, 9.216E-01, 4.602E-01, 3.002E-03, 3.762E-03, 0.000E+00, 1.365E+02, 6.835E+01, 5.000E-03, 1.364E-02, 5.364E+01, 4.424E-03, 8.671E-01
04/09/2019,14:00,9,3.314,3.814,17.358,.483,1.034, 1.006E+03, 6.422E+01, 1.652E-04, 3.469E-16, 1.619E+02, 7.064E+01, 2.139E+02, 2.785E+01, 1.013E+02, 1.402E+02, 2.047E+00, 4.262E-01, 1.363E-01, 2.567E-01, 1.000E+00, 7.636E-01, 9.998E-01, 6.189E-01, 1.000E+00, 9.216E-01, 4.356E-01, 2.841E-03, 3.720E-03, 0.000E+00, 1.002E+02, 5.016E+01, 5.000E-03, 1.291E-02, 5.584E+01, 5.483E-03, 8.687E-01
04/09/2019,15:00,9,3.314,3.814,17.279,.490,1.014, 1.006E+03, 7.084E+01, 1.652E-04, 3.469E-16, 6.489E+01, 7.594E+01, 1.252E+02, 2.640E+01,-2.267E+01, 4.693E+01, 2.770E+00, 3.106E-01, 1.387E-01, 1.968E-01, 1.000E+00, 7.277E-01, 9.942E-01, 6.120E-01, 1.000E+00, 9.216E-01, 4.104E-01, 2.676E-03, 3.656E-03, 0.000E+00, 1.440E+02, 4.929E+01, 5.000E-03, 1.216E-02, 5.827E+01, 5.279E-03, 8.233E-01
04/09/2019,16:00,9,3.314,3.814,16.193,.546,.842, 1.006E+03, 7.811E+01, 1.652E-04, 3.469E-16, 2.924E+01, 4.733E+01, 8.712E+01, 1.617E+01,-2.267E+01, 4.693E+01, 2.685E+00, 3.101E-01, 1.343E-01, 1.243E-01, 1.000E+00, 5.462E-01, 9.722E-01, 5.093E-01, 1.000E+00, 9.216E-01, 2.564E-01, 1.665E-03, 2.964E-03, 0.000E+00, 1.488E+02, 5.088E+01, 5.000E-03, 7.568E-03, 7.957E+01, 4.652E-03, 8.687E-01
04/09/2019,17:00,9,3.314,3.814,15.107,.601,.689, 1.005E+03, 8.560E+01, 1.652E-04, 3.469E-16, 2.432E+00, 1.553E+01, 2.084E+01, 5.007E+00,-2.267E+01, 4.693E+01, 2.871E+00, 3.096E-01, 1.435E-01, 4.634E-02, 1.000E+00, 2.042E-01, 5.757E-01, 3.946E-01, 1.000E+00, 9.216E-01, 7.424E-02, 4.804E-04, 1.355E-03, 0.000E+00, 1.394E+02, 4.763E+01, 5.000E-03, 2.183E-03, 1.392E+02, 3.760E-03, 7.481E-01
04/09/2019,18:00,9,3.314,3.814,14.021,.657,.552, 1.005E+03, 9.291E+01, 1.267E-01, 3.469E-16, 0.000E+00, 0.000E+00, 0.000E+00, 0.000E+00,-3.763E+01, 2.897E+01, 3.282E+00, 5.040E-01, 1.818E-01,-9.990E+02, 1.000E+00,-9.990E+02, 0.000E+00, 0.000E+00, 0.000E+00, 9.216E-01, 0.000E+00, 0.000E+00, 0.000E+00, 0.000E+00, 9.934E+01, 3.761E+01, 5.000E-03, 0.000E+00, 2.000E+02, 3.344E-03, 9.121E-01
04/09/2019,19:00,9,3.314,3.814,14.013,.701,.481, 1.004E+03, 9.967E+01, 1.267E-01, 3.469E-16, 0.000E+00, 0.000E+00, 0.000E+00, 0.000E+00,-3.763E+01, 2.897E+01, 3.565E+00, 5.042E-01, 1.974E-01,-9.990E+02, 1.000E+00,-9.990E+02, 0.000E+00, 0.000E+00, 0.000E+00, 9.216E-01, 0.000E+00, 0.000E+00, 0.000E+00, 0.000E+00, 9.146E+01, 3.462E+01, 5.000E-03, 0.000E+00, 2.000E+02, 3.434E-03, 1.117E+00
04/09/2019,20:00,9,3.314,3.814,14.005,.744,.411, 1.003E+03, 1.055E+02, 1.267E-01, 3.469E-16, 0.000E+00, 0.000E+00, 0.000E+00, 0.000E+00,-3.763E+01, 2.897E+01, 3.862E+00, 5.044E-01, 2.139E-01,-9.990E+02, 1.000E+00,-9.990E+02, 0.000E+00, 0.000E+00, 0.000E+00, 9.216E-01, 0.000E+00, 0.000E+00, 0.000E+00, 0.000E+00, 8.442E+01, 3.196E+01, 5.000E-03, 0.000E+00, 2.000E+02, 3.519E-03, 1.293E+00
04/09/2019,21:00,9,3.314,3.814,13.998,.788,.341, 1.003E+03, 1.099E+02, 4.241E-01, 3.469E-16, 0.000E+00, 0.000E+00, 0.000E+00, 0.000E+00,-5.829E+01, 5.441E+01, 4.171E+00, 5.780E-01, 2.305E-01,-9.990E+02, 1.000E+00,-9.990E+02, 0.000E+00, 0.000E+00, 0.000E+00, 9.216E-01, 0.000E+00, 0.000E+00, 0.000E+00, 0.000E+00, 7.849E+01, 2.965E+01, 5.000E-03, 0.000E+00, 2.000E+02, 3.595E-03, 1.365E+00
04/09/2019,22:00,9,3.314,3.814,14.179,.840,.261, 1.002E+03, 1.126E+02, 4.241E-01, 3.469E-16, 0.000E+00, 0.000E+00, 0.000E+00, 0.000E+00,-5.829E+01, 5.441E+01, 4.203E+00, 5.785E-01, 2.323E-01,-9.990E+02, 1.000E+00,-9.990E+02, 0.000E+00, 0.000E+00, 0.000E+00, 9.216E-01, 0.000E+00, 0.000E+00, 0.000E+00, 0.000E+00, 7.787E+01, 2.942E+01, 5.000E-03, 0.000E+00, 2.000E+02, 3.603E-03, 1.012E+00
04/09/2019,23:00,9,3.314,3.814,14.360,.891,.179, 1.001E+03, 1.133E+02, 4.241E-01, 3.469E-16, 0.000E+00, 0.000E+00, 0.000E+00, 0.000E+00,-5.829E+01, 5.441E+01, 4.288E+00, 5.789E-01, 2.370E-01,-9.990E+02, 1.000E+00,-9.990E+02, 0.000E+00, 0.000E+00, 0.000E+00, 9.216E-01, 0.000E+00, 0.000E+00, 0.000E+00, 0.000E+00, 7.632E+01, 2.884E+01, 8.555E-03, 0.000E+00, 1.169E+02, 5.184E-03, 8.455E-01
05/09/2019,00:00,9,3.303,3.803,14.542,.943,.095, 9.998E+02, 1.118E+02, 4.303E-01, 3.469E-16, 0.000E+00, 0.000E+00, 0.000E+00, 0.000E+00,-6.424E+01, 4.297E+01, 4.422E+00, 6.718E-01, 2.495E-01,-9.990E+02, 1.000E+00,-9.990E+02, 0.000E+00, 0.000E+00, 0.000E+00, 9.216E-01, 0.000E+00, 0.000E+00, 0.000E+00, 0.000E+00, 7.102E+01, 2.739E+01, 1.741E-02, 0.000E+00, 5.745E+01, 7.722E-03, 7.463E-01
05/09/2019,01:00,9,3.303,3.803,14.107,.949,.082, 9.992E+02, 1.085E+02, 4.303E-01, 3.469E-16, 0.000E+00, 0.000E+00, 0.000E+00, 0.000E+00,-6.424E+01, 4.297E+01, 4.603E+00, 6.716E-01, 2.597E-01,-9.990E+02, 1.000E+00,-9.990E+02, 0.000E+00, 0.000E+00, 0.000E+00, 9.216E-01, 0.000E+00, 0.000E+00, 0.000E+00, 0.000E+00, 6.824E+01, 2.632E+01, 1.897E-02, 0.000E+00, 5.270E+01, 8.201E-03, 6.217E-01
05/09/2019,02:00,9,3.303,3.803,13.673,.956,.069, 9.985E+02, 1.035E+02, 4.303E-01, 3.469E-16, 0.000E+00, 0.000E+00, 0.000E+00, 0.000E+00,-6.424E+01, 4.297E+01, 4.849E+00, 6.713E-01, 2.736E-01,-9.990E+02, 1.000E+00,-9.990E+02, 0.000E+00, 0.000E+00, 0.000E+00, 9.396E-01, 0.000E+00, 0.000E+00, 0.000E+00, 0.000E+00, 6.479E+01, 2.499E+01, 2.047E-02, 0.000E+00, 4.884E+01, 8.728E-03, 8.086E-01
05/09/2019,03:00,9,3.303,3.803,13.239,.963,.057, 9.978E+02, 9.728E+01, 3.809E-01, 3.469E-16, 0.000E+00, 0.000E+00, 0.000E+00, 0.000E+00,-5.778E+01, 6.590E+01, 5.150E+00, 6.675E-01, 2.918E-01,-9.990E+02, 1.000E+00,-9.990E+02, 0.000E+00, 0.000E+00, 0.000E+00, 9.396E-01, 0.000E+00, 0.000E+00, 0.000E+00, 0.000E+00, 6.049E+01, 2.343E+01, 2.386E-02, 0.000E+00, 4.191E+01, 9.661E-03, 9.917E-01
05/09/2019,04:00,9,3.303,3.803,13.278,.964,.055, 9.975E+02, 9.028E+01, 3.809E-01, 3.469E-16, 0.000E+00, 0.000E+00, 0.000E+00, 0.000E+00,-5.778E+01, 6.590E+01, 4.873E+00, 6.676E-01, 2.761E-01,-9.990E+02, 1.000E+00,-9.990E+02, 0.000E+00, 0.000E+00, 0.000E+00, 9.396E-01, 0.000E+00, 0.000E+00, 0.000E+00, 0.000E+00, 6.392E+01, 2.476E+01, 2.384E-02, 0.000E+00, 4.195E+01, 9.342E-03, 8.468E-01
05/09/2019,05:00,9,3.303,3.803,13.317,.966,.053, 9.972E+02, 8.288E+01, 3.809E-01, 3.469E-16, 9.494E+00, 2.674E+01, 4.719E+01, 8.885E+00,-5.778E+01, 6.590E+01, 4.607E+00, 6.678E-01, 2.610E-01, 7.505E-02, 1.000E+00, 3.474E-01, 8.564E-01, 1.793E-01, 1.000E+00, 9.396E-01, 5.854E-02, 3.764E-04, 9.280E-04, 0.000E+00, 6.762E+01, 2.619E+01, 2.382E-02, 1.705E-03, 3.918E+01, 9.256E-03, 8.415E-01
05/09/2019,06:00,9,3.303,3.803,13.357,.967,.050, 9.968E+02, 7.546E+01, 4.282E-02, 3.469E-16, 7.295E+01, 5.292E+01, 1.650E+02, 1.975E+01, 1.009E+01, 1.273E+02, 4.352E+00, 6.940E-01, 2.600E-01, 1.518E-01, 1.000E+00, 6.234E-01, 9.989E-01, 1.844E-01, 1.000E+00, 9.396E-01, 1.080E-01, 6.947E-04, 1.113E-03, 0.000E+00, 6.403E+01, 2.629E+01, 2.379E-02, 3.146E-03, 3.712E+01, 9.444E-03, 8.653E-01
05/09/2019,07:00,9,3.303,3.803,14.075,.917,.133, 9.970E+02, 6.842E+01, 4.282E-02, 3.469E-16, 1.345E+02, 6.847E+01, 2.094E+02, 2.661E+01, 1.009E+01, 1.273E+02, 4.392E+00, 6.948E-01, 2.623E-01, 2.202E-01, 1.000E+00, 7.390E-01, 9.998E-01, 2.745E-01, 1.000E+00, 9.396E-01, 1.906E-01, 1.229E-03, 1.662E-03, 0.000E+00, 6.346E+01, 2.606E+01, 1.146E-02, 5.565E-03, 5.875E+01, 7.880E-03, 1.154E+00
05/09/2019,08:00,9,3.303,3.803,14.793,.867,.224, 9.972E+02, 6.221E+01, 4.282E-02, 3.469E-16, 1.892E+02, 7.658E+01, 2.335E+02, 3.055E+01, 1.009E+01, 1.273E+02, 4.503E+00, 6.956E-01, 2.690E-01, 2.741E-01, 1.000E+00, 7.934E-01, 9.999E-01, 3.592E-01, 1.000E+00, 9.396E-01, 2.678E-01, 1.731E-03, 2.182E-03, 0.000E+00, 6.189E+01, 2.541E+01, 5.114E-03, 7.840E-03, 7.720E+01, 6.961E-03, 1.089E+00
05/09/2019,09:00,9,3.303,3.803,15.512,.817,.324, 9.973E+02, 5.735E+01, 2.728E-04, 3.469E-16, 2.310E+02, 7.964E+01, 2.464E+02, 3.237E+01, 1.562E+02, 1.612E+02, 4.681E+00, 8.923E-01, 2.875E-01, 3.114E-01, 1.000E+00, 8.181E-01, 1.000E+00, 4.387E-01, 1.000E+00, 9.396E-01, 3.373E-01, 2.185E-03, 2.671E-03, 0.000E+00, 5.488E+01, 2.378E+01, 5.000E-03, 9.899E-03, 6.712E+01, 7.757E-03, 9.777E-01
05/09/2019,10:00,9,3.303,3.803,16.248,.713,.533, 9.974E+02, 5.436E+01, 2.728E-04, 3.469E-16, 2.558E+02, 8.023E+01, 2.525E+02, 3.300E+01, 1.562E+02, 1.612E+02, 5.095E+00, 8.934E-01, 3.129E-01, 3.321E-01, 1.000E+00, 8.281E-01, 1.000E+00, 5.148E-01, 1.000E+00, 9.396E-01, 4.005E-01, 2.602E-03, 3.142E-03, 0.000E+00, 5.043E+01, 2.184E+01, 5.000E-03, 1.179E-02, 5.958E+01, 8.594E-03, 9.802E-01
05/09/2019,11:00,9,3.303,3.803,16.984,.609,.762, 9.975E+02, 5.364E+01, 2.728E-04, 3.469E-16, 2.616E+02, 8.025E+01, 2.537E+02, 3.310E+01, 1.562E+02, 1.612E+02, 5.530E+00, 8.945E-01, 3.396E-01, 3.368E-01, 1.000E+00, 8.300E-01, 1.000E+00, 5.852E-01, 1.000E+00, 9.396E-01, 4.564E-01, 2.973E-03, 3.581E-03, 0.000E+00, 4.647E+01, 2.013E+01, 5.000E-03, 1.346E-02, 5.416E+01, 9.392E-03, 1.014E+00
05/09/2019,12:00,9,3.303,3.803,17.720,.505,1.012, 9.976E+02, 5.531E+01, 0.000E+00, 3.469E-16, 2.479E+02, 8.015E+01, 2.507E+02, 3.284E+01, 6.786E+01, 1.655E+02, 5.982E+00, 9.938E-01, 3.597E-01, 3.257E-01, 1.000E+00, 8.253E-01, 1.000E+00, 6.502E-01, 1.000E+00, 9.396E-01, 5.042E-01, 3.292E-03, 3.989E-03, 0.000E+00, 4.567E+01, 1.900E+01, 5.000E-03, 1.491E-02, 5.022E+01, 1.001E-02, 1.056E+00
05/09/2019,13:00,9,3.303,3.803,17.660,.506,1.007, 9.977E+02, 5.912E+01, 0.000E+00, 3.469E-16, 2.160E+02, 7.885E+01, 2.422E+02, 3.183E+01, 6.786E+01, 1.655E+02, 5.908E+00, 9.937E-01, 3.553E-01, 2.984E-01, 1.000E+00, 8.105E-01, 1.000E+00, 6.451E-01, 1.000E+00, 9.396E-01, 4.913E-01, 3.207E-03, 3.957E-03, 0.000E+00, 4.624E+01, 1.924E+01, 5.000E-03, 1.453E-02, 5.121E+01, 9.856E-03, 1.054E+00
05/09/2019,14:00,9,3.303,3.803,17.600,.506,1.003, 9.978E+02, 6.459E+01, 0.000E+00, 3.469E-16, 1.683E+02, 7.408E+01, 2.255E+02, 2.927E+01, 6.786E+01, 1.655E+02, 5.846E+00, 9.935E-01, 3.516E-01, 2.543E-01, 1.000E+00, 7.762E-01, 9.999E-01, 6.400E-01, 1.000E+00, 9.396E-01, 4.668E-01, 3.047E-03, 3.924E-03, 0.000E+00, 4.673E+01, 1.944E+01, 5.000E-03, 1.380E-02, 5.319E+01, 9.617E-03, 4.427E-01
05/09/2019,15:00,9,3.303,3.803,17.540,.506,.999, 9.979E+02, 7.121E+01, 0.000E+00, 3.469E-16, 5.377E+01, 7.672E+01, 1.098E+02, 2.630E+01,-4.160E+01, 6.205E+01, 5.797E+00, 7.268E-01, 3.353E-01, 1.939E-01, 1.000E+00, 7.246E-01, 9.890E-01, 6.348E-01, 1.000E+00, 9.396E-01, 4.322E-01, 2.820E-03, 3.850E-03, 0.000E+00, 5.157E+01, 2.039E+01, 5.000E-03, 1.277E-02, 5.626E+01, 9.110E-03, 7.787E-01
05/09/2019,16:00,9,3.303,3.803,16.494,.551,.848, 9.983E+02, 7.847E+01, 0.000E+00, 3.469E-16, 2.358E+01, 4.603E+01, 7.457E+01, 1.556E+01,-4.160E+01, 6.205E+01, 5.262E+00, 7.253E-01, 3.043E-01, 1.210E-01, 1.000E+00, 5.308E-01, 9.534E-01, 5.389E-01, 1.000E+00, 9.396E-01, 2.688E-01, 1.748E-03, 3.139E-03, 0.000E+00, 5.683E+01, 2.246E+01, 5.000E-03, 7.915E-03, 7.743E+01, 7.332E-03, 7.694E-01
05/09/2019,17:00,9,3.303,3.803,15.447,.596,.713, 9.988E+02, 8.596E+01, 0.000E+00, 3.469E-16, 1.555E+00, 1.353E+01, 1.538E+01, 4.345E+00,-4.160E+01, 6.205E+01, 4.741E+00, 7.238E-01, 2.741E-01, 4.266E-02, 1.000E+00, 1.767E-01, 4.688E-01, 4.318E-01, 1.000E+00, 9.396E-01, 7.168E-02, 4.644E-04, 1.232E-03, 0.000E+00, 6.310E+01, 2.494E+01, 5.000E-03, 2.103E-03, 1.408E+02, 4.849E-03, 7.182E-01
05/09/2019,18:00,9,3.303,3.803,14.401,.641,.592, 9.992E+02, 9.328E+01, 0.000E+00, 3.469E-16, 0.000E+00, 0.000E+00, 0.000E+00, 0.000E+00,-4.890E+01, 1.416E+01, 4.239E+00, 4.586E-01, 2.237E-01,-9.990E+02, 1.000E+00,-9.990E+02, 0.000E+00, 0.000E+00, 0.000E+00, 9.396E-01, 0.000E+00, 0.000E+00, 0.000E+00, 0.000E+00, 8.474E+01, 3.056E+01, 5.000E-03, 0.000E+00, 2.000E+02, 3.560E-03, 6.870E-01
05/09/2019,19:00,9,3.303,3.803,13.444,.687,.485, 9.995E+02, 1.000E+02, 0.000E+00, 3.469E-16, 0.000E+00, 0.000E+00, 0.000E+00, 0.000E+00,-4.890E+01, 1.416E+01, 3.921E+00, 4.578E-01, 2.067E-01,-9.990E+02, 1.000E+00,-9.990E+02, 0.000E+00, 0.000E+00, 0.000E+00, 9.396E-01, 0.000E+00, 0.000E+00, 0.000E+00, 0.000E+00, 9.173E+01, 3.306E+01, 5.000E-03, 0.000E+00, 2.000E+02, 3.478E-03, 6.649E-01
05/09/2019,20:00,9,3.303,3.803,12.487,.733,.388, 9.997E+02, 1.059E+02, 0.000E+00, 3.469E-16, 0.000E+00, 0.000E+00, 0.000E+00, 0.000E+00,-4.890E+01, 1.416E+01, 3.604E+00, 4.570E-01, 1.899E-01,-9.990E+02, 1.000E+00,-9.990E+02, 0.000E+00, 0.000E+00, 0.000E+00, 9.396E-01, 0.000E+00, 0.000E+00, 0.000E+00, 0.000E+00, 9.992E+01, 3.599E+01, 5.000E-03, 0.000E+00, 2.000E+02, 3.387E-03, 6.764E-01
05/09/2019,21:00,9,3.303,3.803,11.530,.779,.301, 1.000E+03, 1.103E+02, 0.000E+00, 3.469E-16, 0.000E+00, 0.000E+00, 0.000E+00, 0.000E+00,-3.841E+01, 7.213E+00, 3.289E+00, 3.367E-01, 1.564E-01,-9.990E+02, 1.000E+00,-9.990E+02, 0.000E+00, 0.000E+00, 0.000E+00, 9.396E-01, 0.000E+00, 0.000E+00, 0.000E+00, 0.000E+00, 1.345E+02, 4.371E+01, 5.000E-03, 0.000E+00, 2.000E+02, 3.155E-03, 7.388E-01
05/09/2019,22:00,9,3.303,3.803,10.857,.819,.237, 1.001E+03, 1.130E+02, 0.000E+00, 3.469E-16, 0.000E+00, 0.000E+00, 0.000E+00, 0.000E+00,-3.841E+01, 7.213E+00, 3.147E+00, 3.362E-01, 1.495E-01,-9.990E+02, 1.000E+00,-9.990E+02, 0.000E+00, 0.000E+00, 0.000E+00, 9.396E-01, 0.000E+00, 0.000E+00, 0.000E+00, 0.000E+00, 1.408E+02, 4.573E+01, 5.000E-03, 0.000E+00, 2.000E+02, 3.102E-03, 7.853E-01
05/09/2019,23:00,9,3.303,3.803,10.184,.858,.177, 1.001E+03, 1.136E+02, 0.000E+00, 3.469E-16, 0.000E+00, 0.000E+00, 0.000E+00, 0.000E+00,-3.841E+01, 7.213E+00, 3.024E+00, 3.357E-01, 1.435E-01,-9.990E+02, 1.000E+00,-9.990E+02, 0.000E+00, 0.000E+00, 0.000E+00, 9.396E-01, 0.000E+00, 0.000E+00, 0.000E+00, 0.000E+00, 1.468E+02, 4.762E+01, 5.401E-03, 0.000E+00, 1.852E+02, 3.199E-03, 8.060E-01
06/09/2019,00:00,9,3.292,3.792,9.511,.897,.123, 1.002E+03, 1.122E+02, 7.439E-05, 3.469E-16, 0.000E+00, 0.000E+00, 0.000E+00, 0.000E+00,-2.695E+01, 1.895E+00, 2.924E+00, 2.895E-01, 1.362E-01,-9.990E+02, 1.000E+00,-9.990E+02, 0.000E+00, 0.000E+00, 0.000E+00, 9.396E-01, 0.000E+00, 0.000E+00, 0.000E+00, 0.000E+00, 1.576E+02, 5.019E+01, 9.786E-03, 0.000E+00, 1.022E+02, 4.224E-03, 7.823E-01
06/09/2019,01:00,9,3.292,3.792,9.078,.917,.096, 1.002E+03, 1.088E+02, 7.439E-05, 3.469E-16, 0.000E+00, 0.000E+00, 0.000E+00, 0.000E+00,-2.695E+01, 1.895E+00, 2.604E+00, 2.891E-01, 1.212E-01,-9.990E+02, 1.000E+00,-9.990E+02, 0.000E+00, 0.000E+00, 0.000E+00, 9.396E-01, 0.000E+00, 0.000E+00, 0.000E+00, 0.000E+00, 1.772E+02, 5.638E+01, 1.323E-02, 0.000E+00, 7.559E+01, 4.410E-03, 6.377E-01
06/09/2019,02:00,9,3.292,3.792,8.645,.937,.071, 1.003E+03, 1.038E+02, 7.439E-05, 3.469E-16, 0.000E+00, 0.000E+00, 0.000E+00, 0.000E+00,-2.695E+01, 1.895E+00, 2.547E+00, 2.888E-01, 1.185E-01,-9.990E+02, 1.000E+00,-9.990E+02, 0.000E+00, 0.000E+00, 0.000E+00, 9.575E-01, 0.000E+00, 0.000E+00, 0.000E+00, 0.000E+00, 1.814E+02, 5.768E+01, 1.790E-02, 0.000E+00, 5.586E+01, 4.750E-03, 5.281E-01
06/09/2019,03:00,9,3.292,3.792,8.212,.956,.048, 1.003E+03, 9.757E+01, 7.439E-05, 3.469E-16, 0.000E+00, 0.000E+00, 0.000E+00, 0.000E+00,-6.514E+00, 1.144E+01, 2.768E+00, 3.191E-01, 1.566E-01,-9.990E+02, 1.000E+00,-9.990E+02, 0.000E+00, 0.000E+00, 0.000E+00, 9.575E-01, 0.000E+00, 0.000E+00, 0.000E+00, 0.000E+00, 1.128E+02, 4.364E+01, 2.246E-02, 0.000E+00, 4.453E+01, 6.278E-03, 5.350E-01
06/09/2019,04:00,9,3.292,3.792,8.792,.906,.107, 1.004E+03, 9.057E+01, 7.439E-05, 3.469E-16, 0.000E+00, 0.000E+00, 0.000E+00, 0.000E+00,-6.514E+00, 1.144E+01, 2.639E+00, 3.193E-01, 1.493E-01,-9.990E+02, 1.000E+00,-9.990E+02, 0.000E+00, 0.000E+00, 0.000E+00, 9.575E-01, 0.000E+00, 0.000E+00, 0.000E+00, 0.000E+00, 1.183E+02, 4.577E+01, 1.074E-02, 0.000E+00, 9.312E+01, 4.684E-03, 6.151E-01
06/09/2019,05:00,9,3.292,3.792,9.373,.855,.171, 1.005E+03, 8.316E+01, 7.439E-05, 3.469E-16, 1.530E+01, 2.785E+01, 7.379E+01, 9.540E+00,-6.514E+00, 1.144E+01, 2.516E+00, 3.196E-01, 1.424E-01, 7.235E-02, 1.000E+00, 3.700E-01, 9.519E-01, 1.000E-02, 1.000E+00, 9.575E-01, 3.542E-03, 2.247E-05, 6.037E-05, 0.000E+00, 1.240E+02, 4.799E+01, 5.144E-03, 1.014E-04, 1.906E+02, 3.156E-03, 7.324E-01
06/09/2019,06:00,9,3.292,3.792,9.953,.804,.240, 1.006E+03, 7.574E+01, 7.439E-05, 3.469E-16, 7.011E+01, 5.220E+01, 1.618E+02, 1.947E+01, 1.153E+02, 9.010E+01, 2.401E+00, 4.845E-01, 1.573E-01, 1.495E-01, 1.000E+00, 6.179E-01, 9.987E-01, 1.000E-02, 1.000E+00, 9.575E-01, 5.916E-03, 3.760E-05, 6.347E-05, 0.000E+00, 8.925E+01, 4.345E+01, 5.000E-03, 1.697E-04, 1.934E+02, 3.291E-03, 8.621E-01
06/09/2019,07:00,9,3.292,3.792,11.366,.711,.391, 1.006E+03, 6.871E+01, 7.439E-05, 3.469E-16, 1.313E+02, 6.806E+01, 2.073E+02, 2.645E+01, 1.153E+02, 9.010E+01, 2.576E+00, 4.855E-01, 1.686E-01, 2.182E-01, 1.000E+00, 7.366E-01, 9.998E-01, 1.000E-02, 1.000E+00, 9.575E-01, 7.053E-03, 4.505E-05, 6.386E-05, 0.000E+00, 8.331E+01, 4.053E+01, 5.000E-03, 2.033E-04, 1.922E+02, 3.388E-03, 8.466E-01
06/09/2019,08:00,9,3.292,3.792,12.779,.617,.568, 1.007E+03, 6.252E+01, 7.439E-05, 3.469E-16, 1.858E+02, 7.644E+01, 2.319E+02, 3.049E+01, 1.153E+02, 9.010E+01, 2.829E+00, 4.866E-01, 1.852E-01, 2.724E-01, 1.000E+00, 7.924E-01, 9.999E-01, 1.082E-01, 1.000E+00, 9.575E-01, 8.211E-02, 5.270E-04, 6.651E-04, 0.000E+00, 7.593E+01, 3.691E+01, 5.000E-03, 2.379E-03, 1.355E+02, 4.360E-03, 8.110E-01
06/09/2019,09:00,9,3.292,3.792,14.192,.523,.776, 1.008E+03, 5.769E+01, 7.439E-05, 3.469E-16, 9.673E+01, 1.237E+02, 1.327E+02, 4.218E+01, 1.581E+02, 1.623E+02, 3.143E+00, 6.559E-01, 1.996E-01, 3.098E-01, 1.000E+00, 8.769E-01, 9.957E-01, 2.887E-01, 1.000E+00, 9.575E-01, 2.424E-01, 1.563E-03, 1.775E-03, 0.000E+00, 7.438E+01, 3.425E+01, 5.000E-03, 7.057E-03, 8.294E+01, 5.846E-03, 7.576E-01
06/09/2019,10:00,9,3.292,3.792,15.056,.484,.888, 1.008E+03, 5.472E+01, 7.439E-05, 3.469E-16, 1.072E+02, 1.314E+02, 1.376E+02, 4.481E+01, 1.581E+02, 1.623E+02, 3.647E+00, 6.568E-01, 2.315E-01, 3.306E-01, 1.000E+00, 8.929E-01, 9.965E-01, 3.889E-01, 1.000E+00, 9.575E-01, 3.325E-01, 2.151E-03, 2.401E-03, 0.000E+00, 6.413E+01, 2.952E+01, 5.000E-03, 9.711E-03, 6.798E+01, 6.948E-03, 6.693E-01
06/09/2019,11:00,9,3.292,3.792,15.920,.445,1.011, 1.008E+03, 5.402E+01, 7.439E-05, 3.469E-16, 1.097E+02, 1.331E+02, 1.387E+02, 4.539E+01, 1.581E+02, 1.623E+02, 4.203E+00, 6.578E-01, 2.667E-01, 3.353E-01, 1.000E+00, 8.961E-01, 9.967E-01, 4.816E-01, 1.000E+00, 9.575E-01, 4.132E-01, 2.681E-03, 2.982E-03, 0.000E+00, 5.569E+01, 2.563E+01, 5.000E-03, 1.210E-02, 5.847E+01, 8.038E-03, 7.014E-01
06/09/2019,12:00,9,3.292,3.792,16.784,.406,1.145, 1.008E+03, 5.569E+01, 1.864E-03, 3.469E-16, 2.421E+02, 7.966E+01, 2.474E+02, 3.262E+01, 1.377E+01, 9.573E+01, 4.791E+00, 6.851E-01, 2.868E-01, 3.240E-01, 1.000E+00, 8.233E-01, 1.000E+00, 5.666E-01, 1.000E+00, 9.575E-01, 4.467E-01, 2.907E-03, 3.531E-03, 0.000E+00, 5.779E+01, 2.383E+01, 5.000E-03, 1.312E-02, 5.518E+01, 8.512E-03, 7.467E-01
06/09/2019,13:00,9,3.292,3.792,16.214,.460,1.003, 1.008E+03, 5.950E+01, 1.864E-03, 3.469E-16, 2.102E+02, 7.819E+01, 2.387E+02, 3.156E+01, 1.377E+01, 9.573E+01, 4.616E+00, 6.843E-01, 2.763E-01, 2.963E-01, 1.000E+00, 8.078E-01, 9.999E-01, 5.114E-01, 1.000E+00, 9.575E-01, 3.956E-01, 2.570E-03, 3.181E-03, 0.000E+00, 5.998E+01, 2.473E+01, 5.000E-03, 1.160E-02, 6.024E+01, 8.006E-03, 8.749E-01
06/09/2019,14:00,9,3.292,3.792,15.645,.514,.869, 1.009E+03, 6.497E+01, 1.864E-03, 3.469E-16, 1.630E+02, 7.318E+01, 2.215E+02, 2.890E+01, 1.377E+01, 9.573E+01, 4.475E+00, 6.835E-01, 2.679E-01, 2.518E-01, 1.000E+00, 7.721E-01, 9.999E-01, 4.529E-01, 1.000E+00, 9.575E-01, 3.348E-01, 2.171E-03, 2.811E-03, 0.000E+00, 6.186E+01, 2.551E+01, 5.000E-03, 9.799E-03, 6.757E+01, 7.447E-03, 9.135E-01
06/09/2019,15:00,9,3.292,3.792,15.075,.569,.744, 1.009E+03, 7.158E+01, 7.439E-05, 3.469E-16, 1.056E+02, 6.233E+01, 1.909E+02, 2.387E+01,-3.258E+01, 4.175E+01, 4.372E+00, 4.570E-01, 2.396E-01, 1.910E-01, 1.000E+00, 6.968E-01, 9.996E-01, 3.911E-01, 1.000E+00, 9.575E-01, 2.609E-01, 1.688E-03, 2.422E-03, 0.000E+00, 7.617E+01, 2.853E+01, 5.000E-03, 7.621E-03, 7.924E+01, 6.473E-03, 8.486E-01
06/09/2019,16:00,9,3.292,3.792,14.065,.622,.610, 1.009E+03, 7.884E+01, 7.439E-05, 3.469E-16, 4.471E+01, 4.289E+01, 1.310E+02, 1.555E+01,-3.258E+01, 4.175E+01, 4.083E+00, 4.561E-01, 2.237E-01, 1.176E-01, 1.000E+00, 5.340E-01, 9.954E-01, 2.732E-01, 1.000E+00, 9.575E-01, 1.397E-01, 9.007E-04, 1.679E-03, 0.000E+00, 8.163E+01, 3.056E+01, 5.000E-03, 4.066E-03, 1.103E+02, 5.238E-03, 7.571E-01
06/09/2019,17:00,9,3.292,3.792,13.054,.675,.490, 1.010E+03, 8.633E+01, 7.439E-05, 3.469E-16, 2.158E+00, 1.529E+01, 2.179E+01, 4.944E+00,-3.258E+01, 4.175E+01, 3.805E+00, 4.552E-01, 2.083E-01, 3.893E-02, 1.000E+00, 1.999E-01, 5.918E-01, 1.449E-01, 1.000E+00, 9.575E-01, 2.774E-02, 1.782E-04, 5.277E-04, 0.000E+00, 8.767E+01, 3.281E+01, 5.000E-03, 8.045E-04, 1.723E+02, 3.864E-03, 7.189E-01
06/09/2019,18:00,9,3.292,3.792,12.044,.728,.383, 1.010E+03, 9.365E+01, 6.558E-04, 3.469E-16, 0.000E+00, 0.000E+00, 0.000E+00, 0.000E+00,-3.225E+01, 8.986E+00, 3.539E+00, 3.421E-01, 1.755E-01,-9.990E+02, 1.000E+00,-9.990E+02, 0.000E+00, 0.000E+00, 0.000E+00, 9.575E-01, 0.000E+00, 0.000E+00, 0.000E+00, 0.000E+00, 1.149E+02, 3.894E+01, 5.000E-03, 0.000E+00, 2.000E+02, 3.292E-03, 7.561E-01
06/09/2019,19:00,9,3.292,3.792,12.011,.747,.357, 1.010E+03, 1.004E+02, 6.558E-04, 3.469E-16, 0.000E+00, 0.000E+00, 0.000E+00, 0.000E+00,-3.225E+01, 8.986E+00, 3.249E+00, 3.421E-01, 1.611E-01,-9.990E+02, 1.000E+00,-9.990E+02, 0.000E+00, 0.000E+00, 0.000E+00, 9.575E-01, 0.000E+00, 0.000E+00, 0.000E+00, 0.000E+00, 1.251E+02, 4.242E+01, 5.000E-03, 0.000E+00, 2.000E+02, 3.195E-03, 8.347E-01
06/09/2019,20:00,9,3.292,3.792,11.978,.765,.330, 1.010E+03, 1.062E+02, 6.558E-04, 3.469E-16, 0.000E+00, 0.000E+00, 0.000E+00, 0.000E+00,-3.225E+01, 8.986E+00, 3.003E+00, 3.420E-01, 1.489E-01,-9.990E+02, 1.000E+00,-9.990E+02, 0.000E+00, 0.000E+00, 0.000E+00, 9.575E-01, 0.000E+00, 0.000E+00, 0.000E+00, 0.000E+00, 1.354E+02, 4.590E+01, 5.000E-03, 0.000E+00, 2.000E+02, 3.103E-03, 9.431E-01
06/09/2019,21:00,9,3.292,3.792,11.945,.784,.303, 1.011E+03, 1.107E+02, 7.439E-05, 3.469E-16, 0.000E+00, 0.000E+00, 0.000E+00, 0.000E+00,-3.731E+01, 6.103E+00, 2.813E+00, 3.323E-01, 1.337E-01,-9.990E+02, 1.000E+00,-9.990E+02, 0.000E+00, 0.000E+00, 0.000E+00, 9.575E-01, 0.000E+00, 0.000E+00, 0.000E+00, 0.000E+00, 1.573E+02, 5.112E+01, 5.000E-03, 0.000E+00, 2.000E+02, 2.969E-03, 1.164E+00
06/09/2019,22:00,9,3.292,3.792,11.298,.817,.246, 1.011E+03, 1.134E+02, 7.439E-05, 3.469E-16, 0.000E+00, 0.000E+00, 0.000E+00, 0.000E+00,-3.731E+01, 6.103E+00, 2.856E+00, 3.319E-01, 1.357E-01,-9.990E+02, 1.000E+00,-9.990E+02, 0.000E+00, 0.000E+00, 0.000E+00, 9.575E-01, 0.000E+00, 0.000E+00, 0.000E+00, 0.000E+00, 1.551E+02, 5.037E+01, 5.000E-03, 0.000E+00, 2.000E+02, 2.987E-03, 1.407E+00
06/09/2019,23:00,9,3.292,3.792,10.651,.849,.194, 1.011E+03, 1.140E+02, 7.439E-05, 3.469E-16, 0.000E+00, 0.000E+00, 0.000E+00, 0.000E+00,-3.731E+01, 6.103E+00, 2.900E+00, 3.315E-01, 1.377E-01,-9.990E+02, 1.000E+00,-9.990E+02, 0.000E+00, 0.000E+00, 0.000E+00, 9.575E-01, 0.000E+00, 0.000E+00, 0.000E+00, 0.000E+00, 1.530E+02, 4.964E+01, 5.000E-03, 0.000E+00, 2.000E+02, 3.005E-03, 1.548E+00
07/09/2019,00:00,9,3.281,3.781,10.004,.882,.146, 1.011E+03, 1.125E+02, 2.647E-02, 3.469E-16, 0.000E+00, 0.000E+00, 0.000E+00, 0.000E+00,-2.972E+01, 5.381E+00, 2.945E+00, 3.647E-01, 1.520E-01,-9.990E+02, 1.000E+00,-9.990E+02, 0.000E+00, 0.000E+00, 0.000E+00, 9.575E-01, 0.000E+00, 0.000E+00, 0.000E+00, 0.000E+00, 1.274E+02, 4.496E+01, 7.725E-03, 0.000E+00, 1.295E+02, 4.021E-03, 1.596E+00
07/09/2019,01:00,9,3.281,3.781,10.368,.880,.151, 1.011E+03, 1.091E+02, 2.647E-02, 3.469E-16, 0.000E+00, 0.000E+00, 0.000E+00, 0.000E+00,-2.972E+01, 5.381E+00, 2.985E+00, 3.649E-01, 1.542E-01,-9.990E+02, 1.000E+00,-9.990E+02, 0.000E+00, 0.000E+00, 0.000E+00, 9.575E-01, 0.000E+00, 0.000E+00, 0.000E+00, 0.000E+00, 1.256E+02, 4.433E+01, 7.633E-03, 0.000E+00, 1.310E+02, 4.022E-03, 1.547E+00
07/09/2019,02:00,9,3.281,3.781,10.733,.879,.157, 1.010E+03, 1.041E+02, 2.647E-02, 3.469E-16, 0.000E+00, 0.000E+00, 0.000E+00, 0.000E+00,-2.972E+01, 5.381E+00, 3.071E+00, 3.652E-01, 1.586E-01,-9.990E+02, 1.000E+00,-9.990E+02, 0.000E+00, 0.000E+00, 0.000E+00, 9.726E-01, 0.000E+00, 0.000E+00, 0.000E+00, 0.000E+00, 1.220E+02, 4.308E+01, 6.541E-03, 0.000E+00, 1.529E+02, 3.743E-03, 1.472E+00
07/09/2019,03:00,9,3.281,3.781,11.097,.878,.162, 1.010E+03, 9.787E+01, 1.590E-01, 3.469E-16, 0.000E+00, 0.000E+00, 0.000E+00, 0.000E+00,-2.693E+01, 2.211E+01, 3.198E+00, 4.736E-01, 1.788E-01,-9.990E+02, 1.000E+00,-9.990E+02, 0.000E+00, 0.000E+00, 0.000E+00, 9.726E-01, 0.000E+00, 0.000E+00, 0.000E+00, 0.000E+00, 1.000E+02, 3.822E+01, 6.469E-03, 0.000E+00, 1.546E+02, 3.919E-03, 1.329E+00
07/09/2019,04:00,9,3.281,3.781,11.448,.881,.161, 1.010E+03, 9.085E+01, 1.590E-01, 3.469E-16, 0.000E+00, 0.000E+00, 0.000E+00, 0.000E+00,-2.693E+01, 2.211E+01, 3.469E+00, 4.739E-01, 1.940E-01,-9.990E+02, 1.000E+00,-9.990E+02, 0.000E+00, 0.000E+00, 0.000E+00, 9.726E-01, 0.000E+00, 0.000E+00, 0.000E+00, 0.000E+00, 9.218E+01, 3.524E+01, 7.387E-03, 0.000E+00, 1.354E+02, 4.383E-03, 1.175E+00
07/09/2019,05:00,9,3.281,3.781,11.798,.884,.160, 1.010E+03, 8.344E+01, 1.590E-01, 3.469E-16, 3.558E+00, 2.076E+01, 2.233E+01, 6.755E+00,-2.693E+01, 2.211E+01, 3.740E+00, 4.742E-01, 2.092E-01, 6.962E-02, 1.000E+00, 2.675E-01, 6.009E-01, 1.000E-02, 1.000E+00, 9.726E-01, 2.602E-03, 1.664E-05, 3.844E-05, 0.000E+00, 8.548E+01, 3.268E+01, 7.314E-03, 7.488E-05, 1.353E+02, 4.518E-03, 1.148E+00
07/09/2019,06:00,9,3.281,3.781,12.148,.888,.159, 1.010E+03, 7.603E+01, 8.826E-02, 3.469E-16, 8.041E+00, 4.615E+01, 3.163E+01, 1.497E+01, 1.950E+01, 7.954E+01, 4.012E+00, 6.619E-01, 2.411E-01, 1.470E-01, 1.000E+00, 4.992E-01, 7.277E-01, 2.109E-02, 1.000E+00, 9.726E-01, 1.024E-02, 6.559E-05, 9.560E-05, 0.000E+00, 6.819E+01, 2.835E+01, 7.823E-03, 2.951E-04, 1.232E+02, 5.070E-03, 1.074E+00
07/09/2019,07:00,9,3.281,3.781,13.052,.841,.240, 1.010E+03, 6.901E+01, 8.826E-02, 3.469E-16, 1.530E+01, 7.401E+01, 4.541E+01, 2.405E+01, 1.950E+01, 7.954E+01, 4.351E+00, 6.629E-01, 2.615E-01, 2.161E-01, 1.000E+00, 6.751E-01, 8.455E-01, 1.446E-01, 1.000E+00, 9.726E-01, 9.492E-02, 6.099E-04, 7.638E-04, 0.000E+00, 6.288E+01, 2.614E+01, 5.000E-03, 2.744E-03, 1.291E+02, 5.066E-03, 1.147E+00
07/09/2019,08:00,9,3.281,3.781,13.955,.794,.329, 1.010E+03, 6.284E+01, 8.826E-02, 3.469E-16, 2.179E+01, 9.625E+01, 5.513E+01, 3.127E+01, 1.950E+01, 7.954E+01, 4.708E+00, 6.640E-01, 2.829E-01, 2.706E-01, 1.000E+00, 7.704E-01, 8.964E-01, 2.597E-01, 1.000E+00, 9.726E-01, 1.946E-01, 1.254E-03, 1.460E-03, 0.000E+00, 5.813E+01, 2.416E+01, 5.000E-03, 5.643E-03, 9.396E+01, 6.367E-03, 1.435E+00
07/09/2019,09:00,9,3.281,3.781,14.858,.748,.429, 1.010E+03, 5.802E+01, 4.461E-01, 3.469E-16, 2.200E+02, 7.807E+01, 2.394E+02, 3.175E+01, 8.045E+00, 1.275E+02, 5.077E+00, 6.827E-01, 3.030E-01, 3.083E-01, 1.000E+00, 8.126E-01, 9.999E-01, 3.666E-01, 1.000E+00, 9.726E-01, 2.897E-01, 1.873E-03, 2.305E-03, 0.000E+00, 5.505E+01, 2.256E+01, 5.000E-03, 8.427E-03, 7.448E+01, 7.491E-03, 1.356E+00
07/09/2019,10:00,9,3.281,3.781,14.722,.787,.358, 1.010E+03, 5.508E+01, 4.461E-01, 3.469E-16, 2.440E+02, 7.887E+01, 2.456E+02, 3.245E+01, 8.045E+00, 1.275E+02, 4.714E+00, 6.825E-01, 2.813E-01, 3.291E-01, 1.000E+00, 8.234E-01, 1.000E+00, 3.510E-01, 1.000E+00, 9.726E-01, 2.811E-01, 1.817E-03, 2.206E-03, 0.000E+00, 5.928E+01, 2.430E+01, 5.000E-03, 8.172E-03, 7.592E+01, 7.170E-03, 1.013E+00
07/09/2019,11:00,9,3.281,3.781,14.586,.827,.289, 1.011E+03, 5.440E+01, 4.461E-01, 3.469E-16, 2.495E+02, 7.894E+01, 2.469E+02, 3.256E+01, 8.045E+00, 1.275E+02, 4.351E+00, 6.823E-01, 2.597E-01, 3.337E-01, 1.000E+00, 8.254E-01, 1.000E+00, 3.353E-01, 1.000E+00, 9.726E-01, 2.691E-01, 1.738E-03, 2.106E-03, 0.000E+00, 6.423E+01, 2.632E+01, 5.000E-03, 7.821E-03, 7.800E+01, 6.809E-03, 8.804E-01
07/09/2019,12:00,9,3.281,3.781,14.450,.866,.221, 1.011E+03, 5.608E+01, 2.835E-01, 3.469E-16, 2.332E+02, 7.779E+01, 2.408E+02, 3.188E+01, 6.820E+01, 1.068E+02, 3.988E+00, 6.589E-01, 2.454E-01, 3.222E-01, 1.000E+00, 8.173E-01, 1.000E+00, 3.193E-01, 1.000E+00, 9.726E-01, 2.538E-01, 1.639E-03, 2.005E-03, 0.000E+00, 6.407E+01, 2.785E+01, 5.562E-03, 7.373E-03, 7.731E+01, 6.681E-03, 8.542E-01
07/09/2019,13:00,9,3.281,3.781,14.950,.835,.282, 1.011E+03, 5.988E+01, 2.835E-01, 3.469E-16, 2.020E+02, 7.620E+01, 2.321E+02, 3.077E+01, 6.820E+01, 1.068E+02, 4.116E+00, 6.594E-01, 2.533E-01, 2.943E-01, 1.000E+00, 8.009E-01, 9.999E-01, 3.771E-01, 1.000E+00, 9.726E-01, 2.937E-01, 1.900E-03, 2.372E-03, 0.000E+00, 6.209E+01, 2.699E+01, 5.000E-03, 8.546E-03, 7.382E+01, 6.948E-03, 7.614E-01
07/09/2019,14:00,9,3.281,3.781,15.451,.804,.347, 1.011E+03, 6.535E+01, 2.835E-01, 3.469E-16, 1.559E+02, 7.105E+01, 2.149E+02, 2.808E+01, 6.820E+01, 1.068E+02, 4.245E+00, 6.599E-01, 2.612E-01, 2.493E-01, 1.000E+00, 7.634E-01, 9.999E-01, 4.322E-01, 1.000E+00, 9.726E-01, 3.209E-01, 2.079E-03, 2.723E-03, 0.000E+00, 6.022E+01, 2.617E+01, 5.000E-03, 9.355E-03, 6.966E+01, 7.265E-03, 6.697E-01
07/09/2019,15:00,9,3.281,3.781,15.952,.772,.415, 1.011E+03, 7.195E+01, 5.278E-01, 3.469E-16, 1.023E+02, 6.156E+01, 1.886E+02, 2.357E+01,-4.372E+01, 6.553E+01, 4.375E+00, 4.556E-01, 2.334E-01, 1.880E-01, 1.000E+00, 6.920E-01, 9.996E-01, 4.849E-01, 1.000E+00, 9.726E-01, 3.263E-01, 2.118E-03, 3.059E-03, 0.000E+00, 8.032E+01, 2.929E+01, 5.000E-03, 9.527E-03, 6.884E+01, 6.836E-03, 5.708E-01
07/09/2019,16:00,9,3.281,3.781,14.720,.838,.273, 1.012E+03, 7.921E+01, 5.278E-01, 3.469E-16, 4.180E+01, 4.173E+01, 1.267E+02, 1.511E+01,-4.372E+01, 6.553E+01, 3.884E+00, 4.544E-01, 2.071E-01, 1.141E-01, 1.000E+00, 5.234E-01, 9.945E-01, 3.508E-01, 1.000E+00, 9.726E-01, 1.786E-01, 1.154E-03, 2.193E-03, 0.000E+00, 9.059E+01, 3.301E+01, 5.000E-03, 5.193E-03, 9.811E+01, 5.394E-03, 5.310E-01
07/09/2019,17:00,9,3.281,3.781,13.489,.903,.150, 1.013E+03, 8.669E+01, 5.278E-01, 3.469E-16, 1.397E+00, 1.378E+01, 1.656E+01, 4.442E+00,-4.372E+01, 6.553E+01, 3.395E+00, 4.533E-01, 1.808E-01, 3.516E-02, 1.000E+00, 1.785E-01, 4.939E-01, 2.013E-01, 1.000E+00, 9.726E-01, 3.495E-02, 2.249E-04, 6.223E-04, 0.000E+00, 1.038E+02, 3.780E+01, 1.007E-02, 1.012E-03, 9.027E+01, 5.257E-03, 5.592E-01
07/09/2019,18:00,9,3.281,3.781,12.257,.969,.045, 1.014E+03, 9.402E+01, 0.000E+00, 3.469E-16, 0.000E+00, 0.000E+00, 0.000E+00, 0.000E+00,-2.281E+01,-6.829E+00, 2.907E+00, 2.224E-01, 1.145E-01,-9.990E+02, 1.000E+00,-9.990E+02, 0.000E+00, 0.000E+00, 0.000E+00, 9.726E-01, 0.000E+00, 0.000E+00, 0.000E+00, 0.000E+00, 2.215E+02, 5.967E+01, 2.446E-02, 0.000E+00, 4.088E+01, 4.901E-03, 5.724E-01
07/09/2019,19:00,9,3.281,3.781,11.839,.969,.043, 1.014E+03, 1.008E+02, 0.000E+00, 3.469E-16, 0.000E+00, 0.000E+00, 0.000E+00, 0.000E+00,-2.281E+01,-6.829E+00, 2.752E+00, 2.222E-01, 1.084E-01,-9.990E+02, 1.000E+00,-9.990E+02, 0.000E+00, 0.000E+00, 0.000E+00, 9.726E-01, 0.000E+00, 0.000E+00, 0.000E+00, 0.000E+00, 2.343E+02, 6.307E+01, 2.291E-02, 0.000E+00, 4.365E+01, 4.627E-03, 7.321E-01
07/09/2019,20:00,9,3.281,3.781,11.422,.970,.040, 1.014E+03, 1.066E+02, 0.000E+00, 3.469E-16, 0.000E+00, 0.000E+00, 0.000E+00, 0.000E+00,-2.281E+01,-6.829E+00, 2.598E+00, 2.220E-01, 1.022E-01,-9.990E+02, 1.000E+00,-9.990E+02, 0.000E+00, 0.000E+00, 0.000E+00, 9.726E-01, 0.000E+00, 0.000E+00, 0.000E+00, 0.000E+00, 2.487E+02, 6.688E+01, 2.674E-02, 0.000E+00, 3.740E+01, 4.540E-03, 9.513E-01
07/09/2019,21:00,9,3.281,3.781,11.005,.971,.038, 1.015E+03, 1.111E+02, 0.000E+00, 3.469E-16, 0.000E+00, 0.000E+00, 0.000E+00, 0.000E+00,-1.128E+01,-6.882E+00, 2.444E+00, 1.209E-01, 1.000E-01,-9.990E+02, 1.000E+00,-9.990E+02, 0.000E+00, 0.000E+00, 0.000E+00, 9.726E-01, 0.000E+00, 0.000E+00, 0.000E+00, 0.000E+00, 4.309E+02, 6.835E+01, 2.707E-02, 0.000E+00, 3.694E+01, 4.162E-03, 1.240E+00
07/09/2019,22:00,9,3.281,3.781,10.046,.977,.029, 1.015E+03, 1.138E+02, 0.000E+00, 3.469E-16, 0.000E+00, 0.000E+00, 0.000E+00, 0.000E+00,-1.128E+01,-6.882E+00, 2.216E+00, 1.207E-01, 1.000E-01,-9.990E+02, 1.000E+00,-9.990E+02, 0.000E+00, 0.000E+00, 0.000E+00, 9.726E-01, 0.000E+00, 0.000E+00, 0.000E+00, 0.000E+00, 4.323E+02, 6.835E+01, 2.790E-02, 0.000E+00, 3.584E+01, 4.179E-03, 1.665E+00
07/09/2019,23:00,9,3.281,3.781,9.088,.983,.020, 1.016E+03, 1.144E+02, 0.000E+00, 3.469E-16, 0.000E+00, 0.000E+00, 0.000E+00, 0.000E+00,-1.128E+01,-6.882E+00, 2.005E+00, 1.204E-01, 1.000E-01,-9.990E+02, 1.000E+00,-9.990E+02, 0.000E+00, 0.000E+00, 0.000E+00, 9.726E-01, 0.000E+00, 0.000E+00, 0.000E+00, 0.000E+00, 4.337E+02, 6.835E+01, 3.329E-02, 0.000E+00, 3.003E+01, 4.281E-03, 1.970E+00
08/09/2019,00:00,9,3.270,3.770,8.130,.989,.012, 1.016E+03, 1.129E+02, 1.184E-05, 3.469E-16, 0.000E+00, 0.000E+00, 0.000E+00, 0.000E+00,-2.158E+00,-7.756E-01, 1.816E+00, 1.000E-01, 1.000E-01,-9.990E+02, 1.000E+00,-9.990E+02, 0.000E+00, 0.000E+00, 0.000E+00, 9.726E-01, 0.000E+00, 0.000E+00, 0.000E+00, 0.000E+00, 2.570E+02, 6.835E+01, 3.459E-02, 0.000E+00, 2.891E+01, 4.628E-03, 2.369E+00
08/09/2019,01:00,9,3.270,3.770,8.283,.976,.027, 1.016E+03, 1.095E+02, 1.184E-05, 3.469E-16, 0.000E+00, 0.000E+00, 0.000E+00, 0.000E+00,-2.158E+00,-7.756E-01, 9.783E-01, 1.000E-01, 1.000E-01,-9.990E+02, 1.000E+00,-9.990E+02, 0.000E+00, 0.000E+00, 0.000E+00, 9.726E-01, 0.000E+00, 0.000E+00, 0.000E+00, 0.000E+00, 2.570E+02, 6.835E+01, 2.980E-02, 0.000E+00, 3.356E+01, 4.530E-03, 2.473E+00
08/09/2019,02:00,9,3.270,3.770,8.435,.963,.041, 1.017E+03, 1.044E+02, 1.184E-05, 3.469E-16, 0.000E+00, 0.000E+00, 0.000E+00, 0.000E+00,-2.158E+00,-7.756E-01, 3.826E-01, 1.000E-01, 1.000E-01,-9.990E+02, 1.000E+00,-9.990E+02, 0.000E+00, 0.000E+00, 0.000E+00, 9.842E-01, 0.000E+00, 0.000E+00, 0.000E+00, 0.000E+00, 2.569E+02, 6.835E+01, 2.567E-02, 0.000E+00, 3.896E+01, 4.422E-03, 2.584E+00
08/09/2019,03:00,9,3.270,3.770,8.588,.950,.056, 1.017E+03, 9.817E+01, 1.453E-03, 3.469E-16, 0.000E+00, 0.000E+00, 0.000E+00, 0.000E+00, 5.212E+00, 2.809E+00, 9.301E-01, 1.485E-01, 1.000E-01,-9.990E+02, 1.000E+00,-9.990E+02, 0.000E+00, 0.000E+00, 0.000E+00, 9.842E-01, 0.000E+00, 0.000E+00, 0.000E+00, 0.000E+00, 1.335E+02, 6.835E+01, 2.211E-02, 0.000E+00, 4.522E+01, 4.617E-03, 2.687E+00
08/09/2019,04:00,9,3.270,3.770,9.124,.952,.056, 1.018E+03, 9.114E+01, 1.453E-03, 3.469E-16, 0.000E+00, 0.000E+00, 0.000E+00, 0.000E+00, 5.212E+00, 2.809E+00, 9.725E-01, 1.486E-01, 1.000E-01,-9.990E+02, 1.000E+00,-9.990E+02, 0.000E+00, 0.000E+00, 0.000E+00, 9.842E-01, 0.000E+00, 0.000E+00, 0.000E+00, 0.000E+00, 1.336E+02, 6.835E+01, 2.166E-02, 0.000E+00, 4.617E+01, 4.597E-03, 2.389E+00
08/09/2019,05:00,9,3.270,3.770,9.660,.954,.056, 1.018E+03, 8.373E+01, 1.453E-03, 3.469E-16, 1.196E+01, 2.570E+01, 6.348E+01, 8.751E+00, 5.212E+00, 2.809E+00, 1.082E+00, 1.487E-01, 1.000E-01, 6.686E-02, 1.000E+00, 3.440E-01, 9.265E-01, 1.000E-02, 1.000E+00, 9.842E-01, 3.386E-03, 2.150E-05, 5.882E-05, 0.000E+00, 1.336E+02, 6.835E+01, 2.125E-02, 9.639E-05, 4.686E+01, 4.582E-03, 2.177E+00
08/09/2019,06:00,9,3.270,3.770,10.196,.956,.055, 1.018E+03, 7.631E+01, 2.070E-03, 3.469E-16, 6.468E+01, 5.066E+01, 1.556E+02, 1.887E+01, 8.575E+01, 8.591E+01, 1.240E+00, 3.525E-01, 1.000E-01, 1.446E-01, 1.000E+00, 6.061E-01, 9.983E-01, 1.000E-02, 1.000E+00, 9.842E-01, 5.966E-03, 3.795E-05, 6.350E-05, 0.000E+00, 1.301E+02, 6.835E+01, 2.086E-02, 1.701E-04, 4.754E+01, 4.597E-03, 1.981E+00
08/09/2019,07:00,9,3.270,3.770,12.134,.878,.174, 1.019E+03, 6.931E+01, 2.070E-03, 3.469E-16, 1.252E+02, 6.710E+01, 2.033E+02, 2.610E+01, 8.575E+01, 8.591E+01, 1.518E+00, 3.536E-01, 1.038E-01, 2.140E-01, 1.000E+00, 7.312E-01, 9.998E-01, 1.908E-02, 1.000E+00, 9.842E-01, 1.373E-02, 8.795E-05, 1.203E-04, 0.000E+00, 1.255E+02, 6.585E+01, 6.283E-03, 3.944E-04, 1.498E+02, 3.189E-03, 1.791E+00
08/09/2019,08:00,9,3.270,3.770,14.072,.800,.324, 1.019E+03, 6.316E+01, 2.070E-03, 3.469E-16, 1.794E+02, 7.596E+01, 2.290E+02, 3.034E+01, 8.575E+01, 8.591E+01, 1.814E+00, 3.548E-01, 1.239E-01, 2.688E-01, 1.000E+00, 7.900E-01, 9.999E-01, 2.741E-01, 1.000E+00, 9.842E-01, 2.131E-01, 1.374E-03, 1.739E-03, 0.000E+00, 1.053E+02, 5.516E+01, 5.000E-03, 6.162E-03, 8.959E+01, 4.407E-03, 1.747E+00
08/09/2019,09:00,9,3.270,3.770,16.010,.722,.510, 1.019E+03, 5.836E+01, 5.344E-02, 3.469E-16, 2.182E+02, 7.869E+01, 2.400E+02, 3.201E+01, 1.058E+02, 1.283E+02, 2.119E+00, 4.919E-01, 1.377E-01, 3.066E-01, 1.000E+00, 8.141E-01, 9.999E-01, 4.908E-01, 1.000E+00, 9.842E-01, 3.933E-01, 2.553E-03, 3.136E-03, 0.000E+00, 1.035E+02, 4.965E+01, 5.000E-03, 1.145E-02, 6.080E+01, 5.335E-03, 1.692E+00
08/09/2019,10:00,9,3.270,3.770,16.489,.686,.594, 1.019E+03, 5.544E+01, 5.344E-02, 3.469E-16, 2.424E+02, 7.962E+01, 2.464E+02, 3.275E+01, 1.058E+02, 1.283E+02, 2.301E+00, 4.924E-01, 1.494E-01, 3.275E-01, 1.000E+00, 8.252E-01, 1.000E+00, 5.385E-01, 1.000E+00, 9.842E-01, 4.373E-01, 2.844E-03, 3.446E-03, 0.000E+00, 9.538E+01, 4.574E+01, 5.000E-03, 1.275E-02, 5.634E+01, 5.781E-03, 1.314E+00
08/09/2019,11:00,9,3.270,3.770,16.969,.650,.682, 1.019E+03, 5.478E+01, 5.344E-02, 3.469E-16, 2.478E+02, 7.971E+01, 2.477E+02, 3.288E+01, 1.058E+02, 1.283E+02, 2.571E+00, 4.928E-01, 1.669E-01, 3.321E-01, 1.000E+00, 8.272E-01, 1.000E+00, 5.838E-01, 1.000E+00, 9.842E-01, 4.754E-01, 3.096E-03, 3.742E-03, 0.000E+00, 8.541E+01, 4.095E+01, 5.000E-03, 1.388E-02, 5.296E+01, 6.353E-03, 1.189E+00
08/09/2019,12:00,9,3.270,3.770,17.448,.615,.774, 1.019E+03, 5.646E+01, 1.440E-01, 3.469E-16, 2.199E+02, 7.459E+01, 2.295E+02, 3.056E+01, 1.946E+01, 1.130E+02, 2.904E+00, 5.154E-01, 1.765E-01, 3.204E-01, 1.000E+00, 8.066E-01, 9.999E-01, 6.268E-01, 1.000E+00, 9.842E-01, 4.977E-01, 3.247E-03, 4.025E-03, 0.000E+00, 9.120E+01, 3.873E+01, 5.000E-03, 1.456E-02, 5.113E+01, 6.577E-03, 1.070E+00
08/09/2019,13:00,9,3.270,3.770,16.872,.664,.651, 1.019E+03, 6.027E+01, 1.440E-01, 3.469E-16, 1.900E+02, 7.289E+01, 2.209E+02, 2.944E+01, 1.946E+01, 1.130E+02, 3.030E+00, 5.149E-01, 1.842E-01, 2.922E-01, 1.000E+00, 7.890E-01, 9.999E-01, 5.749E-01, 1.000E+00, 9.842E-01, 4.465E-01, 2.907E-03, 3.683E-03, 0.000E+00, 8.740E+01, 3.712E+01, 5.000E-03, 1.303E-02, 5.545E+01, 6.571E-03, 9.255E-01
08/09/2019,14:00,9,3.270,3.770,16.296,.714,.534, 1.019E+03, 6.572E+01, 1.440E-01, 3.469E-16, 1.457E+02, 6.769E+01, 2.040E+02, 2.675E+01, 1.946E+01, 1.130E+02, 3.238E+00, 5.144E-01, 1.968E-01, 2.468E-01, 1.000E+00, 7.493E-01, 9.998E-01, 5.195E-01, 1.000E+00, 9.842E-01, 3.831E-01, 2.490E-03, 3.322E-03, 0.000E+00, 8.177E+01, 3.473E+01, 5.000E-03, 1.116E-02, 6.187E+01, 6.563E-03, 8.443E-01
08/09/2019,15:00,9,3.270,3.770,15.720,.763,.426, 1.019E+03, 7.232E+01, 4.459E-03, 3.469E-16, 9.172E+01, 5.656E+01, 1.727E+02, 2.165E+01,-2.406E+01, 2.436E+01, 3.513E+00, 4.269E-01, 1.941E-01, 1.849E-01, 1.000E+00, 6.652E-01, 9.992E-01, 4.608E-01, 1.000E+00, 9.842E-01, 3.017E-01, 1.957E-03, 2.939E-03, 0.000E+00, 9.329E+01, 3.522E+01, 5.000E-03, 8.773E-03, 7.261E+01, 6.045E-03, 9.158E-01
08/09/2019,16:00,9,3.270,3.770,14.817,.824,.299, 1.019E+03, 7.958E+01, 4.459E-03, 3.469E-16, 3.606E+01, 3.772E+01, 1.133E+02, 1.362E+01,-2.406E+01, 2.436E+01, 3.376E+00, 4.263E-01, 1.864E-01, 1.107E-01, 1.000E+00, 4.911E-01, 9.905E-01, 3.620E-01, 1.000E+00, 9.842E-01, 1.750E-01, 1.131E-03, 2.281E-03, 0.000E+00, 9.715E+01, 3.667E+01, 5.000E-03, 5.071E-03, 9.929E+01, 5.104E-03, 8.850E-01
08/09/2019,17:00,9,3.270,3.770,13.915,.884,.186, 1.019E+03, 8.706E+01, 4.459E-03, 3.469E-16, 7.554E-01, 1.141E+01, 1.104E+01, 3.665E+00,-2.406E+01, 2.436E+01, 3.239E+00, 4.256E-01, 1.788E-01, 3.133E-02, 1.000E+00, 1.470E-01, 3.649E-01, 2.548E-01, 1.000E+00, 9.842E-01, 3.686E-02, 2.376E-04, 5.898E-04, 0.000E+00, 1.013E+02, 3.823E+01, 8.731E-03, 1.065E-03, 1.021E+02, 4.930E-03, 8.064E-01
08/09/2019,18:00,9,3.270,3.770,13.012,.944,.084, 1.019E+03, 9.439E+01, 4.636E-02, 3.469E-16, 0.000E+00, 0.000E+00, 0.000E+00, 0.000E+00,-2.127E+01, 3.969E+00, 3.104E+00, 4.186E-01, 1.722E-01,-9.990E+02, 1.000E+00,-9.990E+02, 0.000E+00, 0.000E+00, 0.000E+00, 9.842E-01, 0.000E+00, 0.000E+00, 0.000E+00, 0.000E+00, 1.047E+02, 3.969E+01, 2.450E-02, 0.000E+00, 4.081E+01, 6.879E-03, 4.813E-01
08/09/2019,19:00,9,3.270,3.770,13.091,.937,.095, 1.018E+03, 1.012E+02, 4.636E-02, 3.469E-16, 0.000E+00, 0.000E+00, 0.000E+00, 0.000E+00,-2.127E+01, 3.969E+00, 3.237E+00, 4.188E-01, 1.796E-01,-9.990E+02, 1.000E+00,-9.990E+02, 0.000E+00, 0.000E+00, 0.000E+00, 9.842E-01, 0.000E+00, 0.000E+00, 0.000E+00, 0.000E+00, 1.004E+02, 3.806E+01, 2.120E-02, 0.000E+00, 4.717E+01, 6.782E-03, 4.535E-01
08/09/2019,20:00,9,3.270,3.770,13.171,.930,.106, 1.018E+03, 1.070E+02, 4.636E-02, 3.469E-16, 0.000E+00, 0.000E+00, 0.000E+00, 0.000E+00,-2.127E+01, 3.969E+00, 3.379E+00, 4.189E-01, 1.875E-01,-9.990E+02, 1.000E+00,-9.990E+02, 0.000E+00, 0.000E+00, 0.000E+00, 9.842E-01, 0.000E+00, 0.000E+00, 0.000E+00, 0.000E+00, 9.612E+01, 3.646E+01, 1.960E-02, 0.000E+00, 5.103E+01, 6.799E-03, 5.331E-01
08/09/2019,21:00,9,3.270,3.770,13.250,.923,.118, 1.017E+03, 1.115E+02, 2.990E-01, 3.469E-16, 0.000E+00, 0.000E+00, 0.000E+00, 0.000E+00,-4.025E+01, 3.225E+01, 3.530E+00, 5.486E-01, 1.979E-01,-9.990E+02, 1.000E+00,-9.990E+02, 0.000E+00, 0.000E+00, 0.000E+00, 9.842E-01, 0.000E+00, 0.000E+00, 0.000E+00, 0.000E+00, 9.013E+01, 3.454E+01, 1.454E-02, 0.000E+00, 6.876E+01, 6.263E-03, 6.238E-01
08/09/2019,22:00,9,3.270,3.770,13.212,.930,.107, 1.017E+03, 1.141E+02, 2.990E-01, 3.469E-16, 0.000E+00, 0.000E+00, 0.000E+00, 0.000E+00,-4.025E+01, 3.225E+01, 3.849E+00, 5.487E-01, 2.158E-01,-9.990E+02, 1.000E+00,-9.990E+02, 0.000E+00, 0.000E+00, 0.000E+00, 9.842E-01, 0.000E+00, 0.000E+00, 0.000E+00, 0.000E+00, 8.267E+01, 3.168E+01, 1.348E-02, 0.000E+00, 7.416E+01, 6.348E-03, 5.500E-01
08/09/2019,23:00,9,3.270,3.770,13.173,.937,.096, 1.016E+03, 1.148E+02, 2.990E-01, 3.469E-16, 0.000E+00, 0.000E+00, 0.000E+00, 0.000E+00,-4.025E+01, 3.225E+01, 4.168E+00, 5.488E-01, 2.337E-01,-9.990E+02, 1.000E+00,-9.990E+02, 0.000E+00, 0.000E+00, 0.000E+00, 9.842E-01, 0.000E+00, 0.000E+00, 0.000E+00, 0.000E+00, 7.633E+01, 2.925E+01, 1.959E-02, 0.000E+00, 5.103E+01, 7.811E-03, 4.999E-01
09/09/2019,00:00,9,3.259,3.759,13.134,.943,.086, 1.016E+03, 1.133E+02, 2.244E-01, 3.469E-16, 0.000E+00, 0.000E+00, 0.000E+00, 0.000E+00,-3.504E+01, 2.544E+01, 4.488E+00, 5.294E-01, 2.521E-01,-9.990E+02, 1.000E+00,-9.990E+02, 0.000E+00, 0.000E+00, 0.000E+00, 9.842E-01, 0.000E+00, 0.000E+00, 0.000E+00, 0.000E+00, 7.064E+01, 2.712E+01, 2.096E-02, 0.000E+00, 4.772E+01, 8.398E-03, 5.381E-01
09/09/2019,01:00,9,3.259,3.759,13.090,.955,.068, 1.015E+03, 1.098E+02, 2.244E-01, 3.469E-16, 0.000E+00, 0.000E+00, 0.000E+00, 0.000E+00,-3.504E+01, 2.544E+01, 4.251E+00, 5.296E-01, 2.388E-01,-9.990E+02, 1.000E+00,-9.990E+02, 0.000E+00, 0.000E+00, 0.000E+00, 9.842E-01, 0.000E+00, 0.000E+00, 0.000E+00, 0.000E+00, 7.458E+01, 2.863E+01, 2.420E-02, 0.000E+00, 4.132E+01, 8.572E-03, 4.488E-01
09/09/2019,02:00,9,3.259,3.759,13.047,.967,.049, 1.014E+03, 1.047E+02, 2.244E-01, 3.469E-16, 0.000E+00, 0.000E+00, 0.000E+00, 0.000E+00,-3.504E+01, 2.544E+01, 4.019E+00, 5.297E-01, 2.257E-01,-9.990E+02, 1.000E+00,-9.990E+02, 0.000E+00, 0.000E+00, 0.000E+00, 1.000E+00, 0.000E+00, 0.000E+00, 0.000E+00, 0.000E+00, 7.890E+01, 3.029E+01, 3.017E-02, 0.000E+00, 3.314E+01, 8.862E-03, 3.211E-01
09/09/2019,03:00,9,3.259,3.759,13.003,.979,.031, 1.014E+03, 9.847E+01, 2.938E-01, 3.469E-16, 0.000E+00, 0.000E+00, 0.000E+00, 0.000E+00,-1.520E+01, 1.553E+01, 3.792E+00, 4.294E-01, 2.151E-01,-9.990E+02, 1.000E+00,-9.990E+02, 0.000E+00, 0.000E+00, 0.000E+00, 1.000E+00, 0.000E+00, 0.000E+00, 0.000E+00, 0.000E+00, 8.194E+01, 3.177E+01, 3.227E-02, 0.000E+00, 3.099E+01, 8.732E-03, 2.811E-01
09/09/2019,04:00,9,3.259,3.759,13.207,.986,.022, 1.013E+03, 9.143E+01, 2.938E-01, 3.469E-16, 0.000E+00, 0.000E+00, 0.000E+00, 0.000E+00,-1.520E+01, 1.553E+01, 3.342E+00, 4.296E-01, 1.896E-01,-9.990E+02, 1.000E+00,-9.990E+02, 0.000E+00, 0.000E+00, 0.000E+00, 1.000E+00, 0.000E+00, 0.000E+00, 0.000E+00, 0.000E+00, 9.296E+01, 3.605E+01, 3.431E-02, 0.000E+00, 2.915E+01, 8.070E-03, 3.328E-01
09/09/2019,05:00,9,3.259,3.759,13.412,.993,.011, 1.013E+03, 8.401E+01, 2.938E-01, 3.469E-16, 1.282E-01, 8.683E+00, 3.389E+00, 2.775E+00,-1.520E+01, 1.553E+01, 2.898E+00, 4.298E-01, 1.644E-01, 6.406E-02, 1.000E+00, 1.093E-01, 1.301E-01, 1.915E-01, 1.000E+00, 1.000E+00, 2.093E-02, 1.346E-04, 1.603E-04, 0.000E+00, 1.072E+02, 4.157E+01, 3.938E-02, 6.015E-04, 2.501E+01, 7.446E-03, 4.308E-01
09/09/2019,06:00,9,3.259,3.759,13.616,.999,.001, 1.013E+03, 7.660E+01, 2.239E-01, 3.469E-16, 4.732E+00, 3.936E+01, 2.296E+01, 1.275E+01, 1.750E+00, 5.559E+01, 2.462E+00, 3.503E-01, 1.474E-01, 1.421E-01, 1.000E+00, 4.370E-01, 6.111E-01, 2.175E-01, 1.000E+00, 1.000E+00, 9.505E-02, 6.119E-04, 8.557E-04, 0.000E+00, 1.126E+02, 4.639E+01, 3.630E-02, 2.734E-03, 2.562E+01, 6.807E-03, 5.668E-01
09/09/2019,07:00,9,3.259,3.759,14.565,.984,.027, 1.013E+03, 6.961E+01, 2.239E-01, 3.469E-16, 9.298E+00, 6.502E+01, 3.443E+01, 2.109E+01, 1.750E+00, 5.559E+01, 2.047E+00, 3.509E-01, 1.225E-01, 2.119E-01, 1.000E+00, 6.175E-01, 7.573E-01, 3.329E-01, 1.000E+00, 1.000E+00, 2.055E-01, 1.328E-03, 1.628E-03, 0.000E+00, 1.354E+02, 5.580E+01, 3.081E-02, 5.932E-03, 2.722E+01, 5.777E-03, 7.069E-01
09/09/2019,08:00,9,3.259,3.759,15.514,.969,.056, 1.013E+03, 6.348E+01, 2.239E-01, 3.469E-16, 1.339E+01, 8.572E+01, 4.279E+01, 2.779E+01, 1.750E+00, 5.559E+01, 1.896E+00, 3.515E-01, 1.134E-01, 2.670E-01, 1.000E+00, 7.204E-01, 8.279E-01, 4.390E-01, 1.000E+00, 1.000E+00, 3.163E-01, 2.049E-03, 2.355E-03, 0.000E+00, 1.463E+02, 6.027E+01, 2.270E-02, 9.158E-03, 3.139E+01, 5.292E-03, 8.647E-01
09/09/2019,09:00,9,3.259,3.759,16.463,.953,.088, 1.013E+03, 5.871E+01, 2.782E-01, 3.469E-16, 2.048E+02, 7.440E+01, 2.275E+02, 3.032E+01, 1.098E+01, 8.749E+01, 2.066E+00, 2.271E-01, 1.347E-01, 3.050E-01, 1.000E+00, 8.003E-01, 9.999E-01, 5.360E-01, 1.000E+00, 1.000E+00, 4.289E-01, 2.789E-03, 3.484E-03, 0.000E+00, 1.052E+02, 5.076E+01, 1.932E-02, 1.246E-02, 3.146E+01, 6.222E-03, 1.055E+00
09/09/2019,10:00,9,3.259,3.759,16.938,.922,.152, 1.012E+03, 5.581E+01, 2.782E-01, 3.469E-16, 2.276E+02, 7.536E+01, 2.336E+02, 3.106E+01, 1.098E+01, 8.749E+01, 1.579E+00, 2.273E-01, 1.029E-01, 3.259E-01, 1.000E+00, 8.121E-01, 9.999E-01, 5.811E-01, 1.000E+00, 1.000E+00, 4.719E-01, 3.073E-03, 3.784E-03, 0.000E+00, 1.376E+02, 6.640E+01, 1.156E-02, 1.373E-02, 3.954E+01, 4.793E-03, 1.266E+00
09/09/2019,11:00,9,3.259,3.759,17.413,.890,.220, 1.012E+03, 5.516E+01, 2.782E-01, 3.469E-16, 2.327E+02, 7.546E+01, 2.348E+02, 3.118E+01, 1.098E+01, 8.749E+01, 1.194E+00, 2.275E-01, 1.000E-01, 3.304E-01, 1.000E+00, 8.143E-01, 9.999E-01, 6.238E-01, 1.000E+00, 1.000E+00, 5.080E-01, 3.313E-03, 4.069E-03, 0.000E+00, 1.417E+02, 6.835E+01, 7.466E-03, 1.481E-02, 4.490E+01, 4.567E-03, 1.355E+00
09/09/2019,12:00,9,3.259,3.759,17.888,.859,.292, 1.012E+03, 5.685E+01, 1.519E-01, 3.469E-16, 2.338E+02, 8.000E+01, 2.466E+02, 3.284E+01, 1.981E+01, 1.192E+02, 1.031E+00, 1.309E-01, 1.000E-01, 3.186E-01, 1.000E+00, 8.235E-01, 1.000E+00, 6.643E-01, 1.000E+00, 1.000E+00, 5.470E-01, 3.574E-03, 4.340E-03, 0.000E+00, 1.014E+02, 6.835E+01, 5.000E-03, 1.597E-02, 4.769E+01, 4.945E-03, 1.374E+00
09/09/2019,13:00,9,3.259,3.759,18.041,.867,.279, 1.012E+03, 6.065E+01, 1.519E-01, 3.469E-16, 2.015E+02, 7.803E+01, 2.372E+02, 3.157E+01, 1.981E+01, 1.192E+02, 7.774E-01, 1.310E-01, 1.000E-01, 2.900E-01, 1.000E+00, 8.062E-01, 9.999E-01, 6.768E-01, 1.000E+00, 1.000E+00, 5.456E-01, 3.567E-03, 4.424E-03, 0.000E+00, 1.014E+02, 6.835E+01, 5.196E-03, 1.594E-02, 4.732E+01, 4.954E-03, 1.346E+00
09/09/2019,14:00,9,3.259,3.759,18.194,.875,.265, 1.012E+03, 6.611E+01, 1.519E-01, 3.469E-16, 1.539E+02, 7.221E+01, 2.185E+02, 2.858E+01, 1.981E+01, 1.192E+02, 6.934E-01, 1.310E-01, 1.000E-01, 2.442E-01, 1.000E+00, 7.667E-01, 9.999E-01, 6.891E-01, 1.000E+00, 1.000E+00, 5.283E-01, 3.455E-03, 4.506E-03, 0.000E+00, 1.015E+02, 6.835E+01, 5.978E-03, 1.544E-02, 4.669E+01, 4.969E-03, 1.410E+00
09/09/2019,15:00,9,3.259,3.759,18.346,.882,.250, 1.012E+03, 7.270E+01, 2.478E-02, 3.469E-16, 9.573E+01, 5.991E+01, 1.839E+02, 2.295E+01,-9.175E+00, 1.453E+01, 8.324E-01, 1.512E-01, 1.000E-01, 1.818E-01, 1.000E+00, 6.816E-01, 9.995E-01, 7.011E-01, 1.000E+00, 1.000E+00, 4.779E-01, 3.127E-03, 4.586E-03, 0.000E+00, 2.778E+02, 6.835E+01, 6.372E-03, 1.397E-02, 4.915E+01, 4.197E-03, 1.571E+00
09/09/2019,16:00,9,3.259,3.759,17.576,.912,.179, 1.012E+03, 7.995E+01, 2.478E-02, 3.469E-16, 3.626E+01, 3.931E+01, 1.181E+02, 1.418E+01,-9.175E+00, 1.453E+01, 1.406E+00, 1.510E-01, 1.000E-01, 1.071E-01, 1.000E+00, 5.009E-01, 9.922E-01, 6.379E-01, 1.000E+00, 1.000E+00, 3.195E-01, 2.085E-03, 4.131E-03, 0.000E+00, 2.783E+02, 6.835E+01, 9.908E-03, 9.319E-03, 5.201E+01, 4.146E-03, 1.672E+00
09/09/2019,17:00,9,3.259,3.759,16.805,.941,.114, 1.013E+03, 8.744E+01, 2.478E-02, 3.469E-16, 4.304E-01, 1.072E+01, 8.249E+00, 3.440E+00,-9.175E+00, 1.453E+01, 1.995E+00, 1.507E-01, 1.000E-01, 2.747E-02, 1.000E+00, 1.362E-01, 2.877E-01, 5.686E-01, 1.000E+00, 1.000E+00, 7.746E-02, 5.042E-04, 1.065E-03, 0.000E+00, 2.787E+02, 6.835E+01, 1.665E-02, 2.253E-03, 5.291E+01, 4.130E-03, 1.334E+00
09/09/2019,18:00,9,3.259,3.759,16.034,.970,.055, 1.013E+03, 9.477E+01, 7.755E-04, 3.469E-16, 0.000E+00, 0.000E+00, 0.000E+00, 0.000E+00,-3.104E+01,-1.088E+01, 2.589E+00, 3.004E-01, 1.201E-01,-9.990E+02, 1.000E+00,-9.990E+02, 0.000E+00, 0.000E+00, 0.000E+00, 1.000E+00, 0.000E+00, 0.000E+00, 0.000E+00, 0.000E+00, 1.794E+02, 5.690E+01, 2.592E-02, 0.000E+00, 3.858E+01, 5.230E-03, 1.243E+00
09/09/2019,19:00,9,3.259,3.759,15.165,.974,.046, 1.013E+03, 1.016E+02, 7.755E-04, 3.469E-16, 0.000E+00, 0.000E+00, 0.000E+00, 0.000E+00,-3.104E+01,-1.088E+01, 2.407E+00, 2.999E-01, 1.115E-01,-9.990E+02, 1.000E+00,-9.990E+02, 0.000E+00, 0.000E+00, 0.000E+00, 1.000E+00, 0.000E+00, 0.000E+00, 0.000E+00, 0.000E+00, 1.934E+02, 6.128E+01, 2.637E-02, 0.000E+00, 3.792E+01, 4.943E-03, 1.120E+00
09/09/2019,20:00,9,3.259,3.759,14.295,.977,.037, 1.013E+03, 1.074E+02, 7.755E-04, 3.469E-16, 0.000E+00, 0.000E+00, 0.000E+00, 0.000E+00,-3.104E+01,-1.088E+01, 2.365E+00, 2.994E-01, 1.095E-01,-9.990E+02, 1.000E+00,-9.990E+02, 0.000E+00, 0.000E+00, 0.000E+00, 1.000E+00, 0.000E+00, 0.000E+00, 0.000E+00, 0.000E+00, 1.973E+02, 6.243E+01, 2.686E-02, 0.000E+00, 3.722E+01, 4.885E-03, 9.095E-01
09/09/2019,21:00,9,3.259,3.759,13.425,.981,.030, 1.014E+03, 1.118E+02, 7.985E-05, 3.469E-16, 0.000E+00, 0.000E+00, 0.000E+00, 0.000E+00,-1.839E+01,-9.772E+00, 2.471E+00, 2.541E-01, 1.152E-01,-9.990E+02, 1.000E+00,-9.990E+02, 0.000E+00, 0.000E+00, 0.000E+00, 1.000E+00, 0.000E+00, 0.000E+00, 0.000E+00, 0.000E+00, 1.862E+02, 5.933E+01, 3.161E-02, 0.000E+00, 3.164E+01, 5.244E-03, 8.216E-01
09/09/2019,22:00,9,3.259,3.759,13.301,.981,.029, 1.013E+03, 1.145E+02, 7.985E-05, 3.469E-16, 0.000E+00, 0.000E+00, 0.000E+00, 0.000E+00,-1.839E+01,-9.772E+00, 2.409E+00, 2.541E-01, 1.123E-01,-9.990E+02, 1.000E+00,-9.990E+02, 0.000E+00, 0.000E+00, 0.000E+00, 1.000E+00, 0.000E+00, 0.000E+00, 0.000E+00, 0.000E+00, 1.911E+02, 6.088E+01, 3.170E-02, 0.000E+00, 3.154E+01, 5.135E-03, 7.672E-01
09/09/2019,23:00,9,3.259,3.759,13.177,.981,.028, 1.013E+03, 1.151E+02, 7.985E-05, 3.469E-16, 0.000E+00, 0.000E+00, 0.000E+00, 0.000E+00,-1.839E+01,-9.772E+00, 2.600E+00, 2.541E-01, 1.212E-01,-9.990E+02, 1.000E+00,-9.990E+02, 0.000E+00, 0.000E+00, 0.000E+00, 1.000E+00, 0.000E+00, 0.000E+00, 0.000E+00, 0.000E+00, 1.771E+02, 5.641E+01, 3.433E-02, 0.000E+00, 2.913E+01, 5.544E-03, 7.409E-01
10/09/2019,00:00,9,3.247,3.747,13.052,.982,.028, 1.012E+03, 1.136E+02, 7.051E-05, 3.469E-16, 0.000E+00, 0.000E+00, 0.000E+00, 0.000E+00,-1.176E+01, 4.812E-01, 2.996E+00, 3.517E-01, 1.669E-01,-9.990E+02, 1.000E+00,-9.990E+02, 0.000E+00, 0.000E+00, 0.000E+00, 1.000E+00, 0.000E+00, 0.000E+00, 0.000E+00, 0.000E+00, 1.076E+02, 4.095E+01, 3.444E-02, 0.000E+00, 2.904E+01, 7.306E-03, 5.737E-01
10/09/2019,01:00,9,3.247,3.747,13.178,.984,.024, 1.012E+03, 1.101E+02, 7.051E-05, 3.469E-16, 0.000E+00, 0.000E+00, 0.000E+00, 0.000E+00,-1.176E+01, 4.812E-01, 2.995E+00, 3.518E-01, 1.669E-01,-9.990E+02, 1.000E+00,-9.990E+02, 0.000E+00, 0.000E+00, 0.000E+00, 1.000E+00, 0.000E+00, 0.000E+00, 0.000E+00, 0.000E+00, 1.076E+02, 4.096E+01, 3.180E-02, 0.000E+00, 3.145E+01, 7.178E-03, 5.504E-01
10/09/2019,02:00,9,3.247,3.747,13.304,.987,.021, 1.012E+03, 1.050E+02, 7.051E-05, 3.469E-16, 0.000E+00, 0.000E+00, 0.000E+00, 0.000E+00,-1.176E+01, 4.812E-01, 3.035E+00, 3.519E-01, 1.691E-01,-9.990E+02, 1.000E+00,-9.990E+02, 0.000E+00, 0.000E+00, 0.000E+00, 1.000E+00, 0.000E+00, 0.000E+00, 0.000E+00, 0.000E+00, 1.061E+02, 4.042E+01, 3.696E-02, 0.000E+00, 2.706E+01, 7.490E-03, 4.395E-01
10/09/2019,03:00,9,3.247,3.747,13.430,.989,.017, 1.012E+03, 9.877E+01, 7.051E-05, 3.469E-16, 0.000E+00, 0.000E+00, 0.000E+00, 0.000E+00,-1.971E+01, 2.580E+00, 3.115E+00, 3.951E-01, 1.716E-01,-9.990E+02, 1.000E+00,-9.990E+02, 0.000E+00, 0.000E+00, 0.000E+00, 1.000E+00, 0.000E+00, 0.000E+00, 0.000E+00, 0.000E+00, 1.058E+02, 3.984E+01, 3.978E-02, 0.000E+00, 2.514E+01, 7.683E-03, 3.299E-01
10/09/2019,04:00,9,3.247,3.747,14.019,.983,.027, 1.012E+03, 9.171E+01, 7.051E-05, 3.469E-16, 0.000E+00, 0.000E+00, 0.000E+00, 0.000E+00,-1.971E+01, 2.580E+00, 3.177E+00, 3.956E-01, 1.751E-01,-9.990E+02, 1.000E+00,-9.990E+02, 0.000E+00, 0.000E+00, 0.000E+00, 1.000E+00, 0.000E+00, 0.000E+00, 0.000E+00, 0.000E+00, 1.037E+02, 3.905E+01, 4.575E-02, 0.000E+00, 2.186E+01, 8.013E-03, 2.791E-01
10/09/2019,05:00,9,3.247,3.747,14.609,.977,.039, 1.011E+03, 8.429E+01, 7.051E-05, 3.469E-16, 9.151E+00, 2.309E+01, 5.385E+01, 7.831E+00,-1.971E+01, 2.580E+00, 3.268E+00, 3.961E-01, 1.801E-01, 6.124E-02, 1.000E+00, 3.130E-01, 8.908E-01, 3.380E-01, 1.000E+00, 1.000E+00, 1.058E-01, 6.834E-04, 1.945E-03, 0.000E+00, 1.008E+02, 3.796E+01, 3.110E-02, 3.044E-03, 2.929E+01, 7.731E-03, 5.600E-01
10/09/2019,06:00,9,3.247,3.747,15.198,.971,.051, 1.011E+03, 7.689E+01, 7.051E-05, 3.469E-16, 6.030E+01, 4.896E+01, 1.512E+02, 1.826E+01, 3.284E+01, 1.226E+02, 3.384E+00, 4.571E-01, 2.107E-01, 1.396E-01, 1.000E+00, 5.937E-01, 9.980E-01, 4.047E-01, 1.000E+00, 1.000E+00, 2.403E-01, 1.555E-03, 2.614E-03, 0.000E+00, 7.305E+01, 3.245E+01, 2.845E-02, 6.927E-03, 2.826E+01, 8.906E-03, 5.453E-01
10/09/2019,07:00,9,3.247,3.747,17.027,.894,.207, 1.011E+03, 6.991E+01, 7.051E-05, 3.469E-16, 1.204E+02, 6.589E+01, 2.010E+02, 2.570E+01, 3.284E+01, 1.226E+02, 3.259E+00, 4.586E-01, 2.028E-01, 2.097E-01, 1.000E+00, 7.253E-01, 9.997E-01, 5.892E-01, 1.000E+00, 1.000E+00, 4.274E-01, 2.784E-03, 3.837E-03, 0.000E+00, 7.593E+01, 3.370E+01, 8.763E-03, 1.240E-02, 4.726E+01, 7.433E-03, 1.122E+00
10/09/2019,08:00,9,3.247,3.747,18.856,.817,.402, 1.010E+03, 6.380E+01, 7.051E-05, 3.469E-16, 1.745E+02, 7.516E+01, 2.277E+02, 3.012E+01, 3.284E+01, 1.226E+02, 3.153E+00, 4.601E-01, 1.961E-01, 2.651E-01, 1.000E+00, 7.870E-01, 9.999E-01, 7.396E-01, 1.000E+00, 1.000E+00, 5.821E-01, 3.816E-03, 4.848E-03, 0.000E+00, 7.856E+01, 3.485E+01, 5.000E-03, 1.699E-02, 4.547E+01, 7.368E-03, 1.378E+00
10/09/2019,09:00,9,3.247,3.747,20.685,.740,.641, 1.010E+03, 5.905E+01, 7.051E-05, 3.469E-16, 2.078E+02, 7.622E+01, 2.331E+02, 3.111E+01, 1.009E+02, 1.804E+02, 3.068E+00, 6.384E-01, 1.919E-01, 3.033E-01, 1.000E+00, 8.062E-01, 9.999E-01, 8.559E-01, 1.000E+00, 1.000E+00, 6.900E-01, 4.551E-03, 5.645E-03, 0.000E+00, 7.957E+01, 3.563E+01, 5.000E-03, 2.027E-02, 3.958E+01, 7.593E-03, 1.603E+00
10/09/2019,10:00,9,3.247,3.747,21.267,.681,.817, 1.010E+03, 5.617E+01, 7.051E-05, 3.469E-16, 2.311E+02, 7.730E+01, 2.395E+02, 3.190E+01, 1.009E+02, 1.804E+02, 3.379E+00, 6.391E-01, 2.113E-01, 3.243E-01, 1.000E+00, 8.180E-01, 9.999E-01, 8.857E-01, 1.000E+00, 1.000E+00, 7.246E-01, 4.789E-03, 5.854E-03, 0.000E+00, 7.227E+01, 3.235E+01, 5.000E-03, 2.133E-02, 3.798E+01, 8.220E-03, 1.874E+00
10/09/2019,11:00,9,3.247,3.747,21.850,.621,1.005, 1.009E+03, 5.554E+01, 7.051E-05, 3.469E-16, 2.362E+02, 7.742E+01, 2.408E+02, 3.203E+01, 1.009E+02, 1.804E+02, 3.725E+00, 6.399E-01, 2.328E-01, 3.287E-01, 1.000E+00, 8.202E-01, 9.999E-01, 9.121E-01, 1.000E+00, 1.000E+00, 7.481E-01, 4.954E-03, 6.040E-03, 0.000E+00, 6.559E+01, 2.936E+01, 5.000E-03, 2.206E-02, 3.695E+01, 8.860E-03, 1.943E+00
10/09/2019,12:00,9,3.247,3.747,22.432,.562,1.206, 1.009E+03, 5.724E+01, 7.051E-05, 3.469E-16, 1.746E+01, 1.045E+02, 5.009E+01, 3.395E+01, 4.666E+01, 1.350E+02, 4.096E+00, 6.755E-01, 2.493E-01, 3.167E-01, 1.000E+00, 7.905E-01, 8.726E-01, 9.350E-01, 1.000E+00, 1.000E+00, 7.392E-01, 4.905E-03, 5.414E-03, 0.000E+00, 6.439E+01, 2.742E+01, 5.000E-03, 2.184E-02, 3.725E+01, 9.201E-03, 1.835E+00
10/09/2019,13:00,9,3.247,3.747,21.593,.589,1.073, 1.009E+03, 6.104E+01, 7.051E-05, 3.469E-16, 1.501E+01, 9.338E+01, 4.586E+01, 3.036E+01, 4.666E+01, 1.350E+02, 4.150E+00, 6.745E-01, 2.526E-01, 2.878E-01, 1.000E+00, 7.520E-01, 8.484E-01, 9.009E-01, 1.000E+00, 1.000E+00, 6.775E-01, 4.483E-03, 5.057E-03, 0.000E+00, 6.353E+01, 2.706E+01, 5.000E-03, 1.996E-02, 4.006E+01, 9.046E-03, 1.853E+00
10/09/2019,14:00,9,3.247,3.747,20.753,.617,.950, 1.009E+03, 6.649E+01, 7.051E-05, 3.469E-16, 1.140E+01, 7.588E+01, 3.897E+01, 2.467E+01, 4.666E+01, 1.350E+02, 4.222E+00, 6.736E-01, 2.570E-01, 2.415E-01, 1.000E+00, 6.765E-01, 7.987E-01, 8.595E-01, 1.000E+00, 1.000E+00, 5.814E-01, 3.836E-03, 4.529E-03, 0.000E+00, 6.243E+01, 2.659E+01, 5.000E-03, 1.708E-02, 4.528E+01, 8.729E-03, 1.852E+00
10/09/2019,15:00,9,3.247,3.747,19.914,.644,.837, 1.009E+03, 7.307E+01, 7.051E-05, 3.469E-16, 9.273E+01, 5.905E+01, 1.819E+02, 2.264E+01,-3.460E+01, 3.654E+01, 4.310E+00, 5.084E-01, 2.404E-01, 1.786E-01, 1.000E+00, 6.762E-01, 9.994E-01, 8.110E-01, 1.000E+00, 1.000E+00, 5.484E-01, 3.608E-03, 5.333E-03, 0.000E+00, 7.455E+01, 2.843E+01, 5.000E-03, 1.607E-02, 4.747E+01, 8.175E-03, 1.853E+00
10/09/2019,16:00,9,3.247,3.747,18.467,.706,.631, 1.009E+03, 8.032E+01, 7.051E-05, 3.469E-16, 3.370E+01, 3.807E+01, 1.139E+02, 1.372E+01,-3.460E+01, 3.654E+01, 3.919E+00, 5.072E-01, 2.185E-01, 1.035E-01, 1.000E+00, 4.891E-01, 9.908E-01, 7.105E-01, 1.000E+00, 1.000E+00, 3.475E-01, 2.275E-03, 4.608E-03, 0.000E+00, 8.208E+01, 3.128E+01, 5.000E-03, 1.013E-02, 6.609E+01, 6.735E-03, 1.876E+00
10/09/2019,17:00,9,3.247,3.747,17.020,.767,.455, 1.009E+03, 8.781E+01, 7.051E-05, 3.469E-16, 1.857E-01, 9.174E+00, 5.370E+00, 2.943E+00,-3.460E+01, 3.654E+01, 3.533E+00, 5.059E-01, 1.969E-01, 2.356E-02, 1.000E+00, 1.160E-01, 1.982E-01, 5.886E-01, 1.000E+00, 1.000E+00, 6.826E-02, 4.446E-04, 7.598E-04, 0.000E+00, 9.112E+01, 3.471E+01, 5.000E-03, 1.980E-03, 1.433E+02, 4.261E-03, 1.777E+00
10/09/2019,18:00,9,3.247,3.747,15.573,.829,.305, 1.009E+03, 9.514E+01, 7.051E-05, 3.469E-16, 0.000E+00, 0.000E+00, 0.000E+00, 0.000E+00,-3.993E+01, 3.531E+00, 3.155E+00, 3.269E-01, 1.463E-01,-9.990E+02, 1.000E+00,-9.990E+02, 0.000E+00, 0.000E+00, 0.000E+00, 1.000E+00, 0.000E+00, 0.000E+00, 0.000E+00, 0.000E+00, 1.474E+02, 4.672E+01, 5.000E-03, 0.000E+00, 2.000E+02, 3.074E-03, 1.789E+00
10/09/2019,19:00,9,3.247,3.747,14.994,.861,.239, 1.008E+03, 1.019E+02, 7.051E-05, 3.469E-16, 0.000E+00, 0.000E+00, 0.000E+00, 0.000E+00,-3.993E+01, 3.531E+00, 3.061E+00, 3.266E-01, 1.418E-01,-9.990E+02, 1.000E+00,-9.990E+02, 0.000E+00, 0.000E+00, 0.000E+00, 1.000E+00, 0.000E+00, 0.000E+00, 0.000E+00, 0.000E+00, 1.521E+02, 4.819E+01, 6.920E-03, 0.000E+00, 1.445E+02, 3.653E-03, 1.895E+00
10/09/2019,20:00,9,3.247,3.747,14.414,.892,.178, 1.008E+03, 1.078E+02, 7.051E-05, 3.469E-16, 0.000E+00, 0.000E+00, 0.000E+00, 0.000E+00,-3.993E+01, 3.531E+00, 3.019E+00, 3.264E-01, 1.398E-01,-9.990E+02, 1.000E+00,-9.990E+02, 0.000E+00, 0.000E+00, 0.000E+00, 1.000E+00, 0.000E+00, 0.000E+00, 0.000E+00, 0.000E+00, 1.544E+02, 4.889E+01, 9.961E-03, 0.000E+00, 1.004E+02, 4.319E-03, 1.796E+00
10/09/2019,21:00,9,3.247,3.747,13.835,.924,.121, 1.008E+03, 1.122E+02, 7.051E-05, 3.469E-16, 0.000E+00, 0.000E+00, 0.000E+00, 0.000E+00,-2.345E+01,-2.750E+00, 3.031E+00, 2.463E-01, 1.299E-01,-9.990E+02, 1.000E+00,-9.990E+02, 0.000E+00, 0.000E+00, 0.000E+00, 1.000E+00, 0.000E+00, 0.000E+00, 0.000E+00, 0.000E+00, 1.797E+02, 5.263E+01, 1.549E-02, 0.000E+00, 6.456E+01, 4.831E-03, 1.583E+00
10/09/2019,22:00,9,3.247,3.747,13.573,.933,.105, 1.007E+03, 1.149E+02, 7.051E-05, 3.469E-16, 0.000E+00, 0.000E+00, 0.000E+00, 0.000E+00,-2.345E+01,-2.750E+00, 2.894E+00, 2.463E-01, 1.240E-01,-9.990E+02, 1.000E+00,-9.990E+02, 0.000E+00, 0.000E+00, 0.000E+00, 1.000E+00, 0.000E+00, 0.000E+00, 0.000E+00, 0.000E+00, 1.882E+02, 5.512E+01, 1.665E-02, 0.000E+00, 6.006E+01, 4.779E-03, 1.480E+00
10/09/2019,23:00,9,3.247,3.747,13.311,.943,.088, 1.007E+03, 1.155E+02, 7.051E-05, 3.469E-16, 0.000E+00, 0.000E+00, 0.000E+00, 0.000E+00,-2.345E+01,-2.750E+00, 2.785E+00, 2.462E-01, 1.193E-01,-9.990E+02, 1.000E+00,-9.990E+02, 0.000E+00, 0.000E+00, 0.000E+00, 1.000E+00, 0.000E+00, 0.000E+00, 0.000E+00, 0.000E+00, 1.958E+02, 5.730E+01, 1.933E-02, 0.000E+00, 5.174E+01, 4.834E-03, 1.368E+00
11/09/2019,00:00,9,3.236,3.736,13.049,.952,.073, 1.006E+03, 1.140E+02, 2.790E-02, 3.469E-16, 0.000E+00, 0.000E+00, 0.000E+00, 0.000E+00,-1.815E+01, 3.102E+00, 2.706E+00, 3.038E-01, 1.386E-01,-9.990E+02, 1.000E+00,-9.990E+02, 0.000E+00, 0.000E+00, 0.000E+00, 1.000E+00, 0.000E+00, 0.000E+00, 0.000E+00, 0.000E+00, 1.408E+02, 4.931E+01, 2.244E-02, 0.000E+00, 4.457E+01, 5.699E-03, 1.277E+00
11/09/2019,01:00,9,3.236,3.736,13.368,.936,.098, 1.006E+03, 1.105E+02, 2.790E-02, 3.469E-16, 0.000E+00, 0.000E+00, 0.000E+00, 0.000E+00,-1.815E+01, 3.102E+00, 2.741E+00, 3.040E-01, 1.404E-01,-9.990E+02, 1.000E+00,-9.990E+02, 0.000E+00, 0.000E+00, 0.000E+00, 1.000E+00, 0.000E+00, 0.000E+00, 0.000E+00, 0.000E+00, 1.390E+02, 4.868E+01, 1.673E-02, 0.000E+00, 5.977E+01, 5.291E-03, 1.090E+00
11/09/2019,02:00,9,3.236,3.736,13.687,.921,.125, 1.005E+03, 1.054E+02, 2.790E-02, 3.469E-16, 0.000E+00, 0.000E+00, 0.000E+00, 0.000E+00,-1.815E+01, 3.102E+00, 2.803E+00, 3.043E-01, 1.437E-01,-9.990E+02, 1.000E+00,-9.990E+02, 0.000E+00, 0.000E+00, 0.000E+00, 1.000E+00, 0.000E+00, 0.000E+00, 0.000E+00, 0.000E+00, 1.358E+02, 4.758E+01, 1.440E-02, 0.000E+00, 6.947E+01, 5.108E-03, 9.533E-01
11/09/2019,03:00,9,3.236,3.736,14.006,.905,.152, 1.004E+03, 9.907E+01, 7.073E-02, 3.469E-16, 0.000E+00, 0.000E+00, 0.000E+00, 0.000E+00,-1.265E+01, 1.477E+01, 2.891E+00, 3.502E-01, 1.601E-01,-9.990E+02, 1.000E+00,-9.990E+02, 0.000E+00, 0.000E+00, 0.000E+00, 1.000E+00, 0.000E+00, 0.000E+00, 0.000E+00, 0.000E+00, 1.128E+02, 4.270E+01, 1.074E-02, 0.000E+00, 9.312E+01, 4.863E-03, 8.553E-01
11/09/2019,04:00,9,3.236,3.736,14.116,.906,.152, 1.004E+03, 9.200E+01, 7.073E-02, 3.469E-16, 0.000E+00, 0.000E+00, 0.000E+00, 0.000E+00,-1.265E+01, 1.477E+01, 2.753E+00, 3.503E-01, 1.524E-01,-9.990E+02, 1.000E+00,-9.990E+02, 0.000E+00, 0.000E+00, 0.000E+00, 1.000E+00, 0.000E+00, 0.000E+00, 0.000E+00, 0.000E+00, 1.185E+02, 4.485E+01, 1.157E-02, 0.000E+00, 8.646E+01, 4.887E-03, 6.920E-01
11/09/2019,05:00,9,3.236,3.736,14.226,.907,.151, 1.003E+03, 8.458E+01, 7.073E-02, 3.469E-16, 5.106E-01, 1.078E+01, 6.184E+00, 3.481E+00,-1.265E+01, 1.477E+01, 2.893E+00, 3.505E-01, 1.602E-01, 5.838E-02, 1.000E+00, 1.387E-01, 2.246E-01, 2.927E-01, 1.000E+00, 1.000E+00, 4.061E-02, 2.620E-04, 4.241E-04, 0.000E+00, 1.127E+02, 4.266E+01, 1.154E-02, 1.163E-03, 7.874E+01, 5.232E-03, 6.527E-01
11/09/2019,06:00,9,3.236,3.736,14.337,.909,.150, 1.003E+03, 7.718E+01, 1.185E-01, 3.469E-16, 2.731E+01, 5.171E+01, 7.931E+01, 1.777E+01, 1.866E+01, 7.177E+01, 3.277E+00, 5.002E-01, 1.994E-01, 1.370E-01, 1.000E+00, 5.792E-01, 9.617E-01, 3.059E-01, 1.000E+00, 1.000E+00, 1.772E-01, 1.144E-03, 1.899E-03, 0.000E+00, 8.051E+01, 3.427E+01, 1.066E-02, 5.075E-03, 6.355E+01, 6.543E-03, 7.450E-01
11/09/2019,07:00,9,3.236,3.736,15.232,.852,.258, 1.003E+03, 7.021E+01, 1.185E-01, 3.469E-16, 5.538E+01, 8.091E+01, 1.099E+02, 2.808E+01, 1.866E+01, 7.177E+01, 2.949E+00, 5.010E-01, 1.795E-01, 2.075E-01, 1.000E+00, 7.481E-01, 9.891E-01, 4.085E-01, 1.000E+00, 1.000E+00, 3.056E-01, 1.978E-03, 2.615E-03, 0.000E+00, 8.950E+01, 3.809E+01, 5.000E-03, 8.779E-03, 7.257E+01, 5.820E-03, 8.345E-01
11/09/2019,08:00,9,3.236,3.736,16.128,.795,.379, 1.003E+03, 6.412E+01, 1.185E-01, 3.469E-16, 8.063E+01, 1.027E+02, 1.281E+02, 3.577E+01, 1.866E+01, 7.177E+01, 3.096E+00, 5.018E-01, 1.884E-01, 2.631E-01, 1.000E+00, 8.294E-01, 9.949E-01, 5.028E-01, 1.000E+00, 1.000E+00, 4.170E-01, 2.708E-03, 3.248E-03, 0.000E+00, 8.528E+01, 3.629E+01, 5.000E-03, 1.202E-02, 5.876E+01, 6.523E-03, 7.981E-01
11/09/2019,09:00,9,3.236,3.736,17.024,.738,.513, 1.003E+03, 5.940E+01, 5.632E-02, 3.469E-16, 1.613E+02, 9.205E+01, 1.932E+02, 3.478E+01, 6.025E+01, 1.531E+02, 3.661E+00, 6.501E-01, 2.248E-01, 3.015E-01, 1.000E+00, 8.328E-01, 9.996E-01, 5.889E-01, 1.000E+00, 1.000E+00, 4.905E-01, 3.195E-03, 3.835E-03, 0.000E+00, 7.021E+01, 3.040E+01, 5.000E-03, 1.418E-02, 5.214E+01, 7.624E-03, 7.409E-01
11/09/2019,10:00,9,3.236,3.736,17.938,.674,.676, 1.003E+03, 5.654E+01, 5.632E-02, 3.469E-16, 1.796E+02, 9.579E+01, 1.992E+02, 3.633E+01, 6.025E+01, 1.531E+02, 3.705E+00, 6.511E-01, 2.275E-01, 3.226E-01, 1.000E+00, 8.479E-01, 9.997E-01, 6.684E-01, 1.000E+00, 1.000E+00, 5.667E-01, 3.703E-03, 4.366E-03, 0.000E+00, 6.939E+01, 3.004E+01, 5.000E-03, 1.644E-02, 4.665E+01, 8.016E-03, 6.667E-01
11/09/2019,11:00,9,3.236,3.736,18.852,.610,.857, 1.003E+03, 5.592E+01, 5.632E-02, 3.469E-16, 1.835E+02, 9.649E+01, 2.003E+02, 3.663E+01, 6.025E+01, 1.531E+02, 4.276E+00, 6.520E-01, 2.625E-01, 3.270E-01, 1.000E+00, 8.507E-01, 9.997E-01, 7.393E-01, 1.000E+00, 1.000E+00, 6.289E-01, 4.123E-03, 4.845E-03, 0.000E+00, 6.015E+01, 2.603E+01, 5.000E-03, 1.830E-02, 4.292E+01, 9.042E-03, 7.943E-01
11/09/2019,12:00,9,3.236,3.736,19.766,.546,1.057, 1.004E+03, 5.763E+01, 6.639E-03, 3.469E-16, 2.108E+02, 7.359E+01, 2.271E+02, 3.030E+01, 2.692E+01, 1.086E+02, 5.203E+00, 8.538E-01, 3.115E-01, 3.147E-01, 1.000E+00, 8.029E-01, 9.999E-01, 8.017E-01, 1.000E+00, 1.000E+00, 6.437E-01, 4.233E-03, 5.271E-03, 0.000E+00, 5.320E+01, 2.194E+01, 5.000E-03, 1.878E-02, 4.204E+01, 1.006E-02, 9.471E-01
11/09/2019,13:00,9,3.236,3.736,18.592,.606,.853, 1.004E+03, 6.143E+01, 6.639E-03, 3.469E-16, 1.807E+02, 7.149E+01, 2.179E+02, 2.900E+01, 2.692E+01, 1.086E+02, 5.488E+00, 8.519E-01, 3.286E-01, 2.855E-01, 1.000E+00, 7.832E-01, 9.999E-01, 7.200E-01, 1.000E+00, 1.000E+00, 5.640E-01, 3.694E-03, 4.715E-03, 0.000E+00, 5.043E+01, 2.080E+01, 5.000E-03, 1.639E-02, 4.675E+01, 9.888E-03, 7.835E-01
11/09/2019,14:00,9,3.236,3.736,17.419,.665,.672, 1.004E+03, 6.687E+01, 6.639E-03, 3.469E-16, 1.365E+02, 6.566E+01, 1.998E+02, 2.606E+01, 2.692E+01, 1.086E+02, 5.784E+00, 8.500E-01, 3.463E-01, 2.388E-01, 1.000E+00, 7.393E-01, 9.997E-01, 6.243E-01, 1.000E+00, 1.000E+00, 4.615E-01, 3.011E-03, 4.071E-03, 0.000E+00, 4.784E+01, 1.974E+01, 5.000E-03, 1.336E-02, 5.446E+01, 9.429E-03, 6.229E-01
11/09/2019,15:00,9,3.236,3.736,16.245,.725,.512, 1.005E+03, 7.345E+01, 0.000E+00, 3.469E-16, 3.439E+01, 6.787E+01, 8.353E+01, 2.316E+01,-4.398E+01, 4.234E+01, 6.090E+00, 7.577E-01, 3.529E-01, 1.754E-01, 1.000E+00, 6.763E-01, 9.678E-01, 5.145E-01, 1.000E+00, 1.000E+00, 3.480E-01, 2.261E-03, 3.235E-03, 0.000E+00, 4.890E+01, 1.937E+01, 5.000E-03, 1.003E-02, 6.652E+01, 8.522E-03, 6.085E-01
11/09/2019,16:00,9,3.236,3.736,15.719,.711,.520, 1.005E+03, 8.070E+01, 0.000E+00, 3.469E-16, 1.194E+01, 3.505E+01, 4.873E+01, 1.179E+01,-4.398E+01, 4.234E+01, 5.362E+00, 7.569E-01, 3.107E-01, 9.990E-02, 1.000E+00, 4.323E-01, 8.652E-01, 4.608E-01, 1.000E+00, 1.000E+00, 1.992E-01, 1.292E-03, 2.585E-03, 0.000E+00, 5.554E+01, 2.200E+01, 5.000E-03, 5.732E-03, 9.318E+01, 6.627E-03, 6.990E-01
11/09/2019,17:00,9,3.236,3.736,15.193,.697,.527, 1.005E+03, 8.818E+01, 0.000E+00, 3.469E-16, 2.237E-02, 5.283E+00, 2.047E+00, 1.695E+00,-4.398E+01, 4.234E+01, 4.771E+00, 7.561E-01, 2.764E-01, 1.961E-02, 1.000E+00, 6.760E-02, 8.076E-02, 4.042E-01, 1.000E+00, 1.000E+00, 2.732E-02, 1.768E-04, 2.113E-04, 0.000E+00, 6.244E+01, 2.473E+01, 5.000E-03, 7.849E-04, 1.729E+02, 4.206E-03, 1.129E+00
11/09/2019,18:00,9,3.236,3.736,14.668,.683,.533, 1.006E+03, 9.552E+01, 2.449E-01, 3.469E-16, 0.000E+00, 0.000E+00, 0.000E+00, 0.000E+00,-6.345E+01, 4.808E+01, 4.371E+00, 6.796E-01, 2.473E-01,-9.990E+02, 1.000E+00,-9.990E+02, 0.000E+00, 0.000E+00, 0.000E+00, 1.000E+00, 0.000E+00, 0.000E+00, 0.000E+00, 0.000E+00, 7.147E+01, 2.764E+01, 5.000E-03, 0.000E+00, 2.000E+02, 3.667E-03, 1.347E+00
11/09/2019,19:00,9,3.236,3.736,14.314,.724,.453, 1.005E+03, 1.023E+02, 2.449E-01, 3.469E-16, 0.000E+00, 0.000E+00, 0.000E+00, 0.000E+00,-6.345E+01, 4.808E+01, 4.627E+00, 6.793E-01, 2.617E-01,-9.990E+02, 1.000E+00,-9.990E+02, 0.000E+00, 0.000E+00, 0.000E+00, 1.000E+00, 0.000E+00, 0.000E+00, 0.000E+00, 0.000E+00, 6.754E+01, 2.612E+01, 5.000E-03, 0.000E+00, 2.000E+02, 3.722E-03, 9.432E-01
11/09/2019,20:00,9,3.236,3.736,13.961,.765,.376, 1.005E+03, 1.082E+02, 2.449E-01, 3.469E-16, 0.000E+00, 0.000E+00, 0.000E+00, 0.000E+00,-6.345E+01, 4.808E+01, 4.922E+00, 6.790E-01, 2.784E-01,-9.990E+02, 1.000E+00,-9.990E+02, 0.000E+00, 0.000E+00, 0.000E+00, 1.000E+00, 0.000E+00, 0.000E+00, 0.000E+00, 0.000E+00, 6.350E+01, 2.455E+01, 5.000E-03, 0.000E+00, 2.000E+02, 3.780E-03, 7.278E-01
11/09/2019,21:00,9,3.236,3.736,13.608,.807,.302, 1.005E+03, 1.126E+02, 2.459E-01, 3.469E-16, 0.000E+00, 0.000E+00, 0.000E+00, 0.000E+00,-7.136E+01, 7.871E+01, 5.251E+00, 7.919E-01, 3.012E-01,-9.990E+02, 1.000E+00,-9.990E+02, 0.000E+00, 0.000E+00, 0.000E+00, 1.000E+00, 0.000E+00, 0.000E+00, 0.000E+00, 0.000E+00, 5.789E+01, 2.270E+01, 5.000E-03, 0.000E+00, 2.000E+02, 3.852E-03, 8.124E-01
11/09/2019,22:00,9,3.236,3.736,13.524,.842,.246, 1.004E+03, 1.153E+02, 2.459E-01, 3.469E-16, 0.000E+00, 0.000E+00, 0.000E+00, 0.000E+00,-7.136E+01, 7.871E+01, 5.400E+00, 7.920E-01, 3.098E-01,-9.990E+02, 1.000E+00,-9.990E+02, 0.000E+00, 0.000E+00, 0.000E+00, 1.000E+00, 0.000E+00, 0.000E+00, 0.000E+00, 0.000E+00, 5.628E+01, 2.207E+01, 5.000E-03, 0.000E+00, 2.000E+02, 3.877E-03, 6.717E-01
11/09/2019,23:00,9,3.236,3.736,13.440,.877,.190, 1.004E+03, 1.159E+02, 2.459E-01, 3.469E-16, 0.000E+00, 0.000E+00, 0.000E+00, 0.000E+00,-7.136E+01, 7.871E+01, 5.551E+00, 7.921E-01, 3.184E-01,-9.990E+02, 1.000E+00,-9.990E+02, 0.000E+00, 0.000E+00, 0.000E+00, 1.000E+00, 0.000E+00, 0.000E+00, 0.000E+00, 0.000E+00, 5.475E+01, 2.147E+01, 6.565E-03, 0.000E+00, 1.523E+02, 4.791E-03, 6.450E-01
12/09/2019,00:00,9,3.225,3.725,13.355,.913,.135, 1.003E+03, 1.143E+02, 2.960E-01, 3.469E-16, 0.000E+00, 0.000E+00, 0.000E+00, 0.000E+00,-5.252E+01, 6.204E+01, 5.703E+00, 7.922E-01, 3.301E-01,-9.990E+02, 1.000E+00,-9.990E+02, 0.000E+00, 0.000E+00, 0.000E+00, 1.000E+00, 0.000E+00, 0.000E+00, 0.000E+00, 0.000E+00, 5.233E+01, 2.071E+01, 1.165E-02, 0.000E+00, 8.585E+01, 7.133E-03, 5.780E-01
12/09/2019,01:00,9,3.225,3.725,13.406,.928,.112, 1.003E+03, 1.108E+02, 2.960E-01, 3.469E-16, 0.000E+00, 0.000E+00, 0.000E+00, 0.000E+00,-5.252E+01, 6.204E+01, 5.452E+00, 7.924E-01, 3.156E-01,-9.990E+02, 1.000E+00,-9.990E+02, 0.000E+00, 0.000E+00, 0.000E+00, 1.000E+00, 0.000E+00, 0.000E+00, 0.000E+00, 0.000E+00, 5.475E+01, 2.166E+01, 1.342E-02, 0.000E+00, 7.451E+01, 7.613E-03, 5.640E-01
12/09/2019,02:00,9,3.225,3.725,13.456,.943,.088, 1.003E+03, 1.057E+02, 2.960E-01, 3.469E-16, 0.000E+00, 0.000E+00, 0.000E+00, 0.000E+00,-5.252E+01, 6.204E+01, 5.330E+00, 7.925E-01, 3.085E-01,-9.990E+02, 1.000E+00,-9.990E+02, 0.000E+00, 0.000E+00, 0.000E+00, 1.000E+00, 0.000E+00, 0.000E+00, 0.000E+00, 0.000E+00, 5.599E+01, 2.215E+01, 1.784E-02, 0.000E+00, 5.606E+01, 8.757E-03, 6.776E-01
12/09/2019,03:00,9,3.225,3.725,13.506,.958,.065, 1.002E+03, 9.937E+01, 9.330E-02, 3.469E-16, 0.000E+00, 0.000E+00, 0.000E+00, 0.000E+00,-4.103E+01, 5.865E+01, 5.348E+00, 7.582E-01, 3.104E-01,-9.990E+02, 1.000E+00,-9.990E+02, 0.000E+00, 0.000E+00, 0.000E+00, 1.000E+00, 0.000E+00, 0.000E+00, 0.000E+00, 0.000E+00, 5.551E+01, 2.202E+01, 2.055E-02, 0.000E+00, 4.865E+01, 9.396E-03, 5.257E-01
12/09/2019,04:00,9,3.225,3.725,13.463,.951,.076, 1.003E+03, 9.229E+01, 9.330E-02, 3.469E-16, 0.000E+00, 0.000E+00, 0.000E+00, 0.000E+00,-4.103E+01, 5.865E+01, 5.172E+00, 7.580E-01, 3.002E-01,-9.990E+02, 1.000E+00,-9.990E+02, 0.000E+00, 0.000E+00, 0.000E+00, 1.000E+00, 0.000E+00, 0.000E+00, 0.000E+00, 0.000E+00, 5.739E+01, 2.277E+01, 2.057E-02, 0.000E+00, 4.861E+01, 9.230E-03, 3.405E-01
12/09/2019,05:00,9,3.225,3.725,13.421,.944,.086, 1.003E+03, 8.487E+01, 9.330E-02, 3.469E-16, 6.612E+00, 2.025E+01, 4.378E+01, 6.839E+00,-4.103E+01, 5.865E+01, 5.055E+00, 7.577E-01, 2.934E-01, 5.549E-02, 1.000E+00, 2.779E-01, 8.348E-01, 1.926E-01, 1.000E+00, 1.000E+00, 5.354E-02, 3.444E-04, 1.035E-03, 0.000E+00, 5.872E+01, 2.330E+01, 1.928E-02, 1.523E-03, 4.808E+01, 9.157E-03, 4.414E-01
12/09/2019,06:00,9,3.225,3.725,13.378,.937,.097, 1.004E+03, 7.747E+01, 1.667E-02, 3.469E-16, 5.591E+01, 4.721E+01, 1.465E+02, 1.762E+01, 5.182E+01, 1.086E+02, 5.000E+00, 7.801E-01, 3.025E-01, 1.344E-01, 1.000E+00, 5.804E-01, 9.976E-01, 1.871E-01, 1.000E+00, 1.000E+00, 1.086E-01, 6.986E-04, 1.201E-03, 0.000E+00, 5.366E+01, 2.259E+01, 1.549E-02, 3.090E-03, 5.381E+01, 8.869E-03, 4.933E-01
12/09/2019,07:00,9,3.225,3.725,14.188,.860,.228, 1.004E+03, 7.051E+01, 1.667E-02, 3.469E-16, 1.155E+02, 6.465E+01, 1.984E+02, 2.528E+01, 5.182E+01, 1.086E+02, 5.089E+00, 7.809E-01, 3.079E-01, 2.052E-01, 1.000E+00, 7.190E-01, 9.997E-01, 2.881E-01, 1.000E+00, 1.000E+00, 2.072E-01, 1.336E-03, 1.858E-03, 0.000E+00, 5.273E+01, 2.220E+01, 5.000E-03, 5.910E-03, 9.166E+01, 6.686E-03, 5.682E-01
12/09/2019,08:00,9,3.225,3.725,14.998,.783,.373, 1.005E+03, 6.444E+01, 1.667E-02, 3.469E-16, 1.692E+02, 7.435E+01, 2.259E+02, 2.988E+01, 5.182E+01, 1.086E+02, 5.215E+00, 7.817E-01, 3.155E-01, 2.612E-01, 1.000E+00, 7.838E-01, 9.999E-01, 3.824E-01, 1.000E+00, 1.000E+00, 2.997E-01, 1.939E-03, 2.473E-03, 0.000E+00, 5.146E+01, 2.166E+01, 5.000E-03, 8.576E-03, 7.366E+01, 7.682E-03, 5.878E-01
12/09/2019,09:00,9,3.225,3.725,15.808,.706,.532, 1.006E+03, 5.974E+01, 4.419E-04, 3.469E-16, 2.100E+02, 7.861E+01, 2.405E+02, 3.217E+01, 1.582E+02, 1.538E+02, 5.377E+00, 9.057E-01, 3.299E-01, 2.997E-01, 1.000E+00, 8.135E-01, 9.999E-01, 4.700E-01, 1.000E+00, 1.000E+00, 3.824E-01, 2.480E-03, 3.049E-03, 0.000E+00, 4.792E+01, 2.072E+01, 5.000E-03, 1.097E-02, 6.262E+01, 8.585E-03, 5.981E-01
12/09/2019,10:00,9,3.225,3.725,16.702,.644,.682, 1.006E+03, 5.691E+01, 4.419E-04, 3.469E-16, 2.340E+02, 7.994E+01, 2.473E+02, 3.307E+01, 1.582E+02, 1.538E+02, 5.421E+00, 9.069E-01, 3.326E-01, 3.209E-01, 1.000E+00, 8.257E-01, 1.000E+00, 5.589E-01, 1.000E+00, 1.000E+00, 4.615E-01, 3.003E-03, 3.637E-03, 0.000E+00, 4.754E+01, 2.055E+01, 5.000E-03, 1.328E-02, 5.470E+01, 9.248E-03, 6.089E-01
12/09/2019,11:00,9,3.225,3.725,17.597,.582,.848, 1.006E+03, 5.631E+01, 4.419E-04, 3.469E-16, 2.390E+02, 8.011E+01, 2.486E+02, 3.322E+01, 1.582E+02, 1.538E+02, 5.467E+00, 9.082E-01, 3.354E-01, 3.252E-01, 1.000E+00, 8.279E-01, 1.000E+00, 6.397E-01, 1.000E+00, 1.000E+00, 5.296E-01, 3.457E-03, 4.175E-03, 0.000E+00, 4.716E+01, 2.038E+01, 5.000E-03, 1.529E-02, 4.929E+01, 9.777E-03, 6.441E-01
12/09/2019,12:00,9,3.225,3.725,18.491,.521,1.030, 1.007E+03, 5.802E+01, 3.905E-05, 3.469E-16, 2.164E+02, 7.666E+01, 2.359E+02, 3.158E+01, 4.291E+01, 1.499E+02, 5.515E+00, 9.366E-01, 3.307E-01, 3.128E-01, 1.000E+00, 8.125E-01, 9.999E-01, 7.123E-01, 1.000E+00, 1.000E+00, 5.787E-01, 3.789E-03, 4.663E-03, 0.000E+00, 4.996E+01, 2.067E+01, 5.000E-03, 1.676E-02, 4.596E+01, 1.000E-02, 6.658E-01
12/09/2019,13:00,9,3.225,3.725,18.426,.509,1.051, 1.007E+03, 6.182E+01, 3.905E-05, 3.469E-16, 1.850E+02, 7.429E+01, 2.261E+02, 3.016E+01, 4.291E+01, 1.499E+02, 5.645E+00, 9.365E-01, 3.385E-01, 2.832E-01, 1.000E+00, 7.926E-01, 9.999E-01, 7.073E-01, 1.000E+00, 1.000E+00, 5.606E-01, 3.670E-03, 4.629E-03, 0.000E+00, 4.882E+01, 2.019E+01, 5.000E-03, 1.623E-02, 4.710E+01, 1.001E-02, 6.647E-01
12/09/2019,14:00,9,3.225,3.725,18.361,.497,1.073, 1.007E+03, 6.726E+01, 3.905E-05, 3.469E-16, 1.390E+02, 6.794E+01, 2.067E+02, 2.698E+01, 4.291E+01, 1.499E+02, 5.776E+00, 9.363E-01, 3.463E-01, 2.360E-01, 1.000E+00, 7.481E-01, 9.998E-01, 7.022E-01, 1.000E+00, 1.000E+00, 5.253E-01, 3.438E-03, 4.595E-03, 0.000E+00, 4.771E+01, 1.974E+01, 5.000E-03, 1.520E-02, 4.949E+01, 9.893E-03, 6.047E-01
12/09/2019,15:00,9,3.225,3.725,18.295,.485,1.093, 1.007E+03, 7.383E+01, 3.905E-05, 3.469E-16, 8.391E+01, 5.562E+01, 1.720E+02, 2.133E+01,-6.137E+01, 5.223E+01, 5.907E+00, 7.835E-01, 3.402E-01, 1.722E-01, 1.000E+00, 6.556E-01, 9.992E-01, 6.971E-01, 1.000E+00, 1.000E+00, 4.571E-01, 2.990E-03, 4.557E-03, 0.000E+00, 5.105E+01, 2.009E+01, 5.000E-03, 1.323E-02, 5.487E+01, 9.292E-03, 5.046E-01
12/09/2019,16:00,9,3.225,3.725,17.180,.536,.916, 1.007E+03, 8.107E+01, 3.905E-05, 3.469E-16, 2.767E+01, 3.449E+01, 1.015E+02, 1.238E+01,-6.137E+01, 5.223E+01, 5.530E+00, 7.820E-01, 3.184E-01, 9.623E-02, 1.000E+00, 4.553E-01, 9.846E-01, 6.031E-01, 1.000E+00, 1.000E+00, 2.746E-01, 1.790E-03, 3.870E-03, 0.000E+00, 5.455E+01, 2.147E+01, 5.000E-03, 7.915E-03, 7.743E+01, 7.474E-03, 4.643E-01
12/09/2019,17:00,9,3.225,3.725,16.065,.588,.758, 1.007E+03, 8.856E+01, 3.905E-05, 3.469E-16, 9.854E-03, 5.873E+00, 2.084E+00, 1.888E+00,-6.137E+01, 5.223E+01, 5.201E+00, 7.804E-01, 2.994E-01, 1.561E-02, 1.000E+00, 7.484E-02, 8.215E-02, 4.964E-01, 1.000E+00, 1.000E+00, 3.715E-02, 2.412E-04, 2.647E-04, 0.000E+00, 5.803E+01, 2.283E+01, 5.000E-03, 1.067E-03, 1.648E+02, 4.449E-03, 4.462E-01
12/09/2019,18:00,9,3.225,3.725,14.949,.639,.618, 1.007E+03, 9.590E+01, 2.626E-04, 3.469E-16, 0.000E+00, 0.000E+00, 0.000E+00, 0.000E+00,-5.599E+01, 1.950E+01, 4.928E+00, 6.683E-01, 2.798E-01,-9.990E+02, 1.000E+00,-9.990E+02, 0.000E+00, 0.000E+00, 0.000E+00, 1.000E+00, 0.000E+00, 0.000E+00, 0.000E+00, 0.000E+00, 6.295E+01, 2.443E+01, 5.000E-03, 0.000E+00, 2.000E+02, 3.785E-03, 4.201E-01
12/09/2019,19:00,9,3.225,3.725,14.593,.661,.566, 1.007E+03, 1.027E+02, 2.626E-04, 3.469E-16, 0.000E+00, 0.000E+00, 0.000E+00, 0.000E+00,-5.599E+01, 1.950E+01, 4.824E+00, 6.680E-01, 2.739E-01,-9.990E+02, 1.000E+00,-9.990E+02, 0.000E+00, 0.000E+00, 0.000E+00, 1.000E+00, 0.000E+00, 0.000E+00, 0.000E+00, 0.000E+00, 6.432E+01, 2.496E+01, 5.000E-03, 0.000E+00, 2.000E+02, 3.765E-03, 4.135E-01
12/09/2019,20:00,9,3.225,3.725,14.236,.683,.517, 1.007E+03, 1.086E+02, 2.626E-04, 3.469E-16, 0.000E+00, 0.000E+00, 0.000E+00, 0.000E+00,-5.599E+01, 1.950E+01, 4.720E+00, 6.676E-01, 2.679E-01,-9.990E+02, 1.000E+00,-9.990E+02, 0.000E+00, 0.000E+00, 0.000E+00, 1.000E+00, 0.000E+00, 0.000E+00, 0.000E+00, 0.000E+00, 6.575E+01, 2.551E+01, 5.000E-03, 0.000E+00, 2.000E+02, 3.744E-03, 4.282E-01
12/09/2019,21:00,9,3.225,3.725,13.879,.705,.470, 1.007E+03, 1.130E+02, 9.332E-04, 3.469E-16, 0.000E+00, 0.000E+00, 0.000E+00, 0.000E+00,-5.558E+01, 1.231E+01, 4.617E+00, 6.489E-01, 2.611E-01,-9.990E+02, 1.000E+00,-9.990E+02, 0.000E+00, 0.000E+00, 0.000E+00, 1.000E+00, 0.000E+00, 0.000E+00, 0.000E+00, 0.000E+00, 6.771E+01, 2.618E+01, 5.000E-03, 0.000E+00, 2.000E+02, 3.720E-03, 4.663E-01
12/09/2019,22:00,9,3.225,3.725,13.463,.740,.403, 1.007E+03, 1.157E+02, 9.332E-04, 3.469E-16, 0.000E+00, 0.000E+00, 0.000E+00, 0.000E+00,-5.558E+01, 1.231E+01, 4.627E+00, 6.484E-01, 2.617E-01,-9.990E+02, 1.000E+00,-9.990E+02, 0.000E+00, 0.000E+00, 0.000E+00, 1.000E+00, 0.000E+00, 0.000E+00, 0.000E+00, 0.000E+00, 6.758E+01, 2.612E+01, 5.000E-03, 0.000E+00, 2.000E+02, 3.722E-03, 4.872E-01
12/09/2019,23:00,9,3.225,3.725,13.047,.776,.339, 1.006E+03, 1.163E+02, 9.332E-04, 3.469E-16, 0.000E+00, 0.000E+00, 0.000E+00, 0.000E+00,-5.558E+01, 1.231E+01, 4.642E+00, 6.480E-01, 2.625E-01,-9.990E+02, 1.000E+00,-9.990E+02, 0.000E+00, 0.000E+00, 0.000E+00, 1.000E+00, 0.000E+00, 0.000E+00, 0.000E+00, 0.000E+00, 6.736E+01, 2.604E+01, 5.000E-03, 0.000E+00, 2.000E+02, 3.725E-03, 4.745E-01
13/09/2019,00:00,9,3.214,3.714,12.632,.811,.278, 1.006E+03, 1.147E+02, 9.092E-04, 3.469E-16, 0.000E+00, 0.000E+00, 0.000E+00, 0.000E+00,-3.801E+01, 9.981E+00, 4.663E+00, 5.811E-01, 2.644E-01,-9.990E+02, 1.000E+00,-9.990E+02, 0.000E+00, 0.000E+00, 0.000E+00, 1.000E+00, 0.000E+00, 0.000E+00, 0.000E+00, 0.000E+00, 6.673E+01, 2.586E+01, 5.000E-03, 0.000E+00, 2.000E+02, 3.732E-03, 4.542E-01
13/09/2019,01:00,9,3.214,3.714,12.474,.820,.262, 1.006E+03, 1.112E+02, 9.092E-04, 3.469E-16, 0.000E+00, 0.000E+00, 0.000E+00, 0.000E+00,-3.801E+01, 9.981E+00, 4.439E+00, 5.810E-01, 2.516E-01,-9.990E+02, 1.000E+00,-9.990E+02, 0.000E+00, 0.000E+00, 0.000E+00, 1.000E+00, 0.000E+00, 0.000E+00, 0.000E+00, 0.000E+00, 7.011E+01, 2.716E+01, 5.000E-03, 0.000E+00, 2.000E+02, 3.684E-03, 4.394E-01
13/09/2019,02:00,9,3.214,3.714,12.316,.829,.246, 1.006E+03, 1.060E+02, 9.092E-04, 3.469E-16, 0.000E+00, 0.000E+00, 0.000E+00, 0.000E+00,-3.801E+01, 9.981E+00, 4.218E+00, 5.809E-01, 2.391E-01,-9.990E+02, 1.000E+00,-9.990E+02, 0.000E+00, 0.000E+00, 0.000E+00, 1.000E+00, 0.000E+00, 0.000E+00, 0.000E+00, 0.000E+00, 7.378E+01, 2.859E+01, 5.000E-03, 0.000E+00, 2.000E+02, 3.634E-03, 4.262E-01
13/09/2019,03:00,9,3.214,3.714,12.158,.838,.231, 1.006E+03, 9.967E+01, 1.265E-01, 3.469E-16, 0.000E+00, 0.000E+00, 0.000E+00, 0.000E+00,-2.565E+01, 2.267E+01, 4.001E+00, 4.758E-01, 2.245E-01,-9.990E+02, 1.000E+00,-9.990E+02, 0.000E+00, 0.000E+00, 0.000E+00, 1.000E+00, 0.000E+00, 0.000E+00, 0.000E+00, 0.000E+00, 7.941E+01, 3.045E+01, 5.000E-03, 0.000E+00, 2.000E+02, 3.570E-03, 4.131E-01
13/09/2019,04:00,9,3.214,3.714,12.145,.847,.217, 1.006E+03, 9.258E+01, 1.265E-01, 3.469E-16, 0.000E+00, 0.000E+00, 0.000E+00, 0.000E+00,-2.565E+01, 2.267E+01, 3.646E+00, 4.758E-01, 2.045E-01,-9.990E+02, 1.000E+00,-9.990E+02, 0.000E+00, 0.000E+00, 0.000E+00, 1.000E+00, 0.000E+00, 0.000E+00, 0.000E+00, 0.000E+00, 8.715E+01, 3.342E+01, 5.000E-03, 0.000E+00, 2.000E+02, 3.473E-03, 4.377E-01
13/09/2019,05:00,9,3.214,3.714,12.132,.857,.203, 1.006E+03, 8.515E+01, 1.265E-01, 3.469E-16, 5.759E+00, 2.008E+01, 4.084E+01, 6.761E+00,-2.565E+01, 2.267E+01, 3.300E+00, 4.757E-01, 1.851E-01, 5.258E-02, 1.000E+00, 2.728E-01, 8.136E-01, 1.883E-02, 1.000E+00, 1.000E+00, 5.137E-03, 3.290E-05, 9.813E-05, 0.000E+00, 9.628E+01, 3.692E+01, 5.098E-03, 1.450E-04, 1.907E+02, 3.473E-03, 4.956E-01
13/09/2019,06:00,9,3.214,3.714,12.120,.866,.190, 1.006E+03, 7.776E+01, 2.431E-04, 3.469E-16, 5.342E+01, 4.634E+01, 1.433E+02, 1.729E+01, 8.217E+01, 9.593E+01, 2.967E+00, 5.813E-01, 1.861E-01, 1.318E-01, 1.000E+00, 5.733E-01, 9.972E-01, 1.705E-02, 1.000E+00, 1.000E+00, 9.775E-03, 6.260E-05, 1.089E-04, 0.000E+00, 8.159E+01, 3.674E+01, 5.883E-03, 2.759E-04, 1.624E+02, 3.887E-03, 5.639E-01
13/09/2019,07:00,9,3.214,3.714,13.163,.781,.334, 1.007E+03, 7.082E+01, 2.431E-04, 3.469E-16, 1.126E+02, 6.405E+01, 1.965E+02, 2.506E+01, 8.217E+01, 9.593E+01, 2.982E+00, 5.823E-01, 1.870E-01, 2.029E-01, 1.000E+00, 7.156E-01, 9.997E-01, 1.592E-01, 1.000E+00, 1.000E+00, 1.140E-01, 7.324E-04, 1.023E-03, 0.000E+00, 8.121E+01, 3.655E+01, 5.000E-03, 3.228E-03, 1.215E+02, 4.630E-03, 5.949E-01
13/09/2019,08:00,9,3.214,3.714,14.206,.695,.497, 1.007E+03, 6.476E+01, 2.431E-04, 3.469E-16, 1.662E+02, 7.398E+01, 2.247E+02, 2.976E+01, 8.217E+01, 9.593E+01, 3.147E+00, 5.833E-01, 1.973E-01, 2.592E-01, 1.000E+00, 7.821E-01, 9.999E-01, 2.903E-01, 1.000E+00, 1.000E+00, 2.271E-01, 1.465E-03, 1.873E-03, 0.000E+00, 7.700E+01, 3.464E+01, 5.000E-03, 6.457E-03, 8.729E+01, 5.656E-03, 6.194E-01
13/09/2019,09:00,9,3.214,3.714,15.249,.609,.681, 1.007E+03, 6.009E+01, 3.434E-02, 3.469E-16, 2.067E+02, 7.831E+01, 2.393E+02, 3.208E+01, 1.504E+02, 1.454E+02, 3.440E+00, 6.828E-01, 2.168E-01, 2.979E-01, 1.000E+00, 8.124E-01, 9.999E-01, 4.103E-01, 1.000E+00, 1.000E+00, 3.333E-01, 2.158E-03, 2.656E-03, 0.000E+00, 6.939E+01, 3.152E+01, 5.000E-03, 9.512E-03, 6.891E+01, 6.657E-03, 6.992E-01
13/09/2019,10:00,9,3.214,3.714,15.739,.595,.729, 1.007E+03, 5.728E+01, 3.434E-02, 3.469E-16, 2.305E+02, 7.974E+01, 2.462E+02, 3.302E+01, 1.504E+02, 1.454E+02, 3.762E+00, 6.832E-01, 2.370E-01, 3.191E-01, 1.000E+00, 8.249E-01, 1.000E+00, 4.628E-01, 1.000E+00, 1.000E+00, 3.817E-01, 2.476E-03, 3.001E-03, 0.000E+00, 6.348E+01, 2.884E+01, 5.000E-03, 1.091E-02, 6.284E+01, 7.288E-03, 7.571E-01
13/09/2019,11:00,9,3.214,3.714,16.228,.581,.779, 1.008E+03, 5.669E+01, 3.434E-02, 3.469E-16, 2.354E+02, 7.993E+01, 2.475E+02, 3.317E+01, 1.504E+02, 1.454E+02, 4.114E+00, 6.836E-01, 2.592E-01, 3.234E-01, 1.000E+00, 8.271E-01, 1.000E+00, 5.128E-01, 1.000E+00, 1.000E+00, 4.241E-01, 2.755E-03, 3.331E-03, 0.000E+00, 5.807E+01, 2.637E+01, 5.000E-03, 1.214E-02, 5.833E+01, 7.915E-03, 7.335E-01
13/09/2019,12:00,9,3.214,3.714,16.717,.566,.832, 1.008E+03, 5.842E+01, 1.623E-02, 3.469E-16, 2.208E+02, 7.926E+01, 2.434E+02, 3.268E+01, 4.203E+01, 1.563E+02, 4.489E+00, 7.437E-01, 2.713E-01, 3.108E-01, 1.000E+00, 8.202E-01, 1.000E+00, 5.604E-01, 1.000E+00, 1.000E+00, 4.596E-01, 2.991E-03, 3.646E-03, 0.000E+00, 5.996E+01, 2.519E+01, 5.000E-03, 1.318E-02, 5.500E+01, 8.283E-03, 6.579E-01
13/09/2019,13:00,9,3.214,3.714,16.604,.503,.946, 1.009E+03, 6.221E+01, 1.623E-02, 3.469E-16, 1.881E+02, 7.664E+01, 2.329E+02, 3.114E+01, 4.203E+01, 1.563E+02, 4.617E+00, 7.434E-01, 2.791E-01, 2.809E-01, 1.000E+00, 8.002E-01, 9.999E-01, 5.495E-01, 1.000E+00, 1.000E+00, 4.397E-01, 2.860E-03, 3.574E-03, 0.000E+00, 5.830E+01, 2.449E+01, 5.000E-03, 1.261E-02, 5.679E+01, 8.284E-03, 6.042E-01
13/09/2019,14:00,9,3.214,3.714,16.490,.440,1.058, 1.009E+03, 6.764E+01, 1.623E-02, 3.469E-16, 1.404E+02, 6.980E+01, 2.122E+02, 2.773E+01, 4.203E+01, 1.563E+02, 4.758E+00, 7.430E-01, 2.876E-01, 2.332E-01, 1.000E+00, 7.548E-01, 9.998E-01, 5.386E-01, 1.000E+00, 1.000E+00, 4.065E-01, 2.643E-03, 3.501E-03, 0.000E+00, 5.657E+01, 2.377E+01, 5.000E-03, 1.165E-02, 6.006E+01, 8.191E-03, 5.557E-01
13/09/2019,15:00,9,3.214,3.714,16.376,.377,1.169, 1.010E+03, 7.421E+01, 0.000E+00, 3.469E-16, 8.289E+01, 5.628E+01, 1.739E+02, 2.158E+01,-6.531E+01, 5.707E+01, 4.910E+00, 4.924E-01, 2.571E-01, 1.688E-01, 1.000E+00, 6.577E-01, 9.992E-01, 5.275E-01, 1.000E+00, 1.000E+00, 3.469E-01, 2.255E-03, 3.426E-03, 0.000E+00, 7.428E+01, 2.658E+01, 5.000E-03, 9.939E-03, 6.694E+01, 7.280E-03, 4.490E-01
13/09/2019,16:00,9,3.214,3.714,15.086,.413,1.013, 1.010E+03, 8.145E+01, 0.000E+00, 3.469E-16, 2.579E+01, 3.415E+01, 9.895E+01, 1.222E+01,-6.531E+01, 5.707E+01, 4.496E+00, 4.911E-01, 2.352E-01, 9.252E-02, 1.000E+00, 4.494E-01, 9.829E-01, 3.923E-01, 1.000E+00, 1.000E+00, 1.763E-01, 1.141E-03, 2.495E-03, 0.000E+00, 8.126E+01, 2.906E+01, 5.000E-03, 5.028E-03, 9.972E+01, 5.659E-03, 3.754E-01
13/09/2019,17:00,9,3.214,3.714,13.795,.448,.875, 1.011E+03, 8.893E+01, 0.000E+00, 3.469E-16, 5.464E-04, 4.465E+00, 1.454E+00, 1.439E+00,-6.531E+01, 5.707E+01, 4.121E+00, 4.899E-01, 2.154E-01, 1.158E-02, 1.000E+00, 5.748E-02, 5.804E-02, 2.400E-01, 1.000E+00, 1.000E+00, 1.380E-02, 8.887E-05, 8.974E-05, 0.000E+00, 8.879E+01, 3.173E+01, 5.000E-03, 3.917E-04, 1.855E+02, 3.710E-03, 3.403E-01
13/09/2019,18:00,9,3.214,3.714,12.505,.484,.751, 1.011E+03, 9.628E+01, 0.000E+00, 3.469E-16, 0.000E+00, 0.000E+00, 0.000E+00, 0.000E+00,-6.955E+01, 2.081E+01, 3.799E+00, 4.598E-01, 1.920E-01,-9.990E+02, 1.000E+00,-9.990E+02, 0.000E+00, 0.000E+00, 0.000E+00, 1.000E+00, 0.000E+00, 0.000E+00, 0.000E+00, 0.000E+00, 1.031E+02, 3.561E+01, 5.000E-03, 0.000E+00, 2.000E+02, 3.394E-03, 3.599E-01
13/09/2019,19:00,9,3.214,3.714,11.784,.516,.671, 1.012E+03, 1.031E+02, 0.000E+00, 3.469E-16, 0.000E+00, 0.000E+00, 0.000E+00, 0.000E+00,-6.955E+01, 2.081E+01, 3.781E+00, 4.592E-01, 1.910E-01,-9.990E+02, 1.000E+00,-9.990E+02, 0.000E+00, 0.000E+00, 0.000E+00, 1.000E+00, 0.000E+00, 0.000E+00, 0.000E+00, 0.000E+00, 1.037E+02, 3.579E+01, 5.000E-03, 0.000E+00, 2.000E+02, 3.388E-03, 4.003E-01
13/09/2019,20:00,9,3.214,3.714,11.063,.549,.597, 1.012E+03, 1.089E+02, 0.000E+00, 3.469E-16, 0.000E+00, 0.000E+00, 0.000E+00, 0.000E+00,-6.955E+01, 2.081E+01, 3.765E+00, 4.585E-01, 1.900E-01,-9.990E+02, 1.000E+00,-9.990E+02, 0.000E+00, 0.000E+00, 0.000E+00, 1.000E+00, 0.000E+00, 0.000E+00, 0.000E+00, 0.000E+00, 1.042E+02, 3.597E+01, 5.000E-03, 0.000E+00, 2.000E+02, 3.383E-03, 4.775E-01
13/09/2019,21:00,9,3.214,3.714,10.342,.581,.528, 1.013E+03, 1.134E+02, 0.000E+00, 3.469E-16, 0.000E+00, 0.000E+00, 0.000E+00, 0.000E+00,-5.388E+01, 1.527E+01, 3.750E+00, 3.780E-01, 1.790E-01,-9.990E+02, 1.000E+00,-9.990E+02, 0.000E+00, 0.000E+00, 0.000E+00, 1.000E+00, 0.000E+00, 0.000E+00, 0.000E+00, 0.000E+00, 1.170E+02, 3.818E+01, 5.000E-03, 0.000E+00, 2.000E+02, 3.310E-03, 5.230E-01
13/09/2019,22:00,9,3.214,3.714,9.714,.609,.472, 1.013E+03, 1.161E+02, 0.000E+00, 3.469E-16, 0.000E+00, 0.000E+00, 0.000E+00, 0.000E+00,-5.388E+01, 1.527E+01, 3.579E+00, 3.775E-01, 1.707E-01,-9.990E+02, 1.000E+00,-9.990E+02, 0.000E+00, 0.000E+00, 0.000E+00, 1.000E+00, 0.000E+00, 0.000E+00, 0.000E+00, 0.000E+00, 1.228E+02, 4.003E+01, 5.000E-03, 0.000E+00, 2.000E+02, 3.257E-03, 5.366E-01
13/09/2019,23:00,9,3.214,3.714,9.085,.638,.419, 1.014E+03, 1.167E+02, 0.000E+00, 3.469E-16, 0.000E+00, 0.000E+00, 0.000E+00, 0.000E+00,-5.388E+01, 1.527E+01, 3.425E+00, 3.769E-01, 1.633E-01,-9.990E+02, 1.000E+00,-9.990E+02, 0.000E+00, 0.000E+00, 0.000E+00, 1.000E+00, 0.000E+00, 0.000E+00, 0.000E+00, 0.000E+00, 1.285E+02, 4.187E+01, 5.000E-03, 0.000E+00, 2.000E+02, 3.205E-03, 5.562E-01
14/09/2019,00:00,9,3.203,3.703,8.456,.666,.370, 1.014E+03, 1.151E+02, 6.095E-05, 3.469E-16, 0.000E+00, 0.000E+00, 0.000E+00, 0.000E+00,-4.742E+01, 1.229E+01, 3.289E+00, 3.657E-01, 1.579E-01,-9.990E+02, 1.000E+00,-9.990E+02, 0.000E+00, 0.000E+00, 0.000E+00, 1.000E+00, 0.000E+00, 0.000E+00, 0.000E+00, 0.000E+00, 1.319E+02, 4.328E+01, 5.000E-03, 0.000E+00, 2.000E+02, 3.168E-03, 5.825E-01
14/09/2019,01:00,9,3.203,3.703,8.142,.671,.357, 1.014E+03, 1.115E+02, 6.095E-05, 3.469E-16, 0.000E+00, 0.000E+00, 0.000E+00, 0.000E+00,-4.742E+01, 1.229E+01, 3.367E+00, 3.654E-01, 1.616E-01,-9.990E+02, 1.000E+00,-9.990E+02, 0.000E+00, 0.000E+00, 0.000E+00, 1.000E+00, 0.000E+00, 0.000E+00, 0.000E+00, 0.000E+00, 1.289E+02, 4.230E+01, 5.000E-03, 0.000E+00, 2.000E+02, 3.194E-03, 5.977E-01
14/09/2019,02:00,9,3.203,3.703,7.828,.676,.344, 1.015E+03, 1.063E+02, 6.095E-05, 3.469E-16, 0.000E+00, 0.000E+00, 0.000E+00, 0.000E+00,-4.742E+01, 1.229E+01, 3.457E+00, 3.652E-01, 1.659E-01,-9.990E+02, 1.000E+00,-9.990E+02, 0.000E+00, 0.000E+00, 0.000E+00, 1.000E+00, 0.000E+00, 0.000E+00, 0.000E+00, 0.000E+00, 1.256E+02, 4.121E+01, 5.000E-03, 0.000E+00, 2.000E+02, 3.224E-03, 6.001E-01
14/09/2019,03:00,9,3.203,3.703,7.513,.681,.331, 1.015E+03, 9.997E+01, 6.095E-05, 3.469E-16, 0.000E+00, 0.000E+00, 0.000E+00, 0.000E+00,-3.719E+01, 2.120E+01, 3.558E+00, 4.507E-01, 1.923E-01,-9.990E+02, 1.000E+00,-9.990E+02, 0.000E+00, 0.000E+00, 0.000E+00, 1.000E+00, 0.000E+00, 0.000E+00, 0.000E+00, 0.000E+00, 9.626E+01, 3.555E+01, 5.000E-03, 0.000E+00, 2.000E+02, 3.403E-03, 6.092E-01
14/09/2019,04:00,9,3.203,3.703,7.950,.674,.349, 1.015E+03, 9.287E+01, 6.095E-05, 3.469E-16, 0.000E+00, 0.000E+00, 0.000E+00, 0.000E+00,-3.719E+01, 2.120E+01, 3.538E+00, 4.510E-01, 1.912E-01,-9.990E+02, 1.000E+00,-9.990E+02, 0.000E+00, 0.000E+00, 0.000E+00, 1.000E+00, 0.000E+00, 0.000E+00, 0.000E+00, 0.000E+00, 9.678E+01, 3.575E+01, 5.000E-03, 0.000E+00, 2.000E+02, 3.397E-03, 6.320E-01
14/09/2019,05:00,9,3.203,3.703,8.388,.668,.367, 1.016E+03, 8.544E+01, 6.095E-05, 3.469E-16, 4.623E+00, 1.893E+01, 3.544E+01, 6.351E+00,-3.719E+01, 2.120E+01, 3.519E+00, 4.513E-01, 1.902E-01, 4.963E-02, 1.000E+00, 2.565E-01, 7.672E-01, 1.000E-02, 1.000E+00, 1.000E+00, 2.565E-03, 1.621E-05, 4.849E-05, 0.000E+00, 9.724E+01, 3.593E+01, 5.000E-03, 7.122E-05, 1.972E+02, 3.424E-03, 6.722E-01
14/09/2019,06:00,9,3.203,3.703,8.825,.661,.386, 1.016E+03, 7.806E+01, 6.095E-05, 3.469E-16, 4.994E+01, 4.483E+01, 1.374E+02, 1.671E+01, 8.024E+01, 9.172E+01, 3.503E+00, 6.085E-01, 2.183E-01, 1.292E-01, 1.000E+00, 5.615E-01, 9.965E-01, 1.000E-02, 1.000E+00, 1.000E+00, 5.615E-03, 3.554E-05, 6.308E-05, 0.000E+00, 7.035E+01, 3.131E+01, 5.000E-03, 1.561E-04, 1.939E+02, 3.636E-03, 7.244E-01
14/09/2019,07:00,9,3.203,3.703,10.462,.600,.508, 1.016E+03, 7.113E+01, 6.095E-05, 3.469E-16, 1.078E+02, 6.260E+01, 1.912E+02, 2.449E+01, 8.024E+01, 9.172E+01, 3.506E+00, 6.102E-01, 2.184E-01, 2.006E-01, 1.000E+00, 7.080E-01, 9.996E-01, 1.000E-02, 1.000E+00, 1.000E+00, 7.080E-03, 4.507E-05, 6.364E-05, 0.000E+00, 7.035E+01, 3.129E+01, 5.000E-03, 1.980E-04, 1.924E+02, 3.658E-03, 7.515E-01
14/09/2019,08:00,9,3.203,3.703,12.100,.539,.654, 1.016E+03, 6.509E+01, 6.095E-05, 3.469E-16, 1.604E+02, 7.265E+01, 2.196E+02, 2.923E+01, 8.024E+01, 9.172E+01, 3.517E+00, 6.119E-01, 2.190E-01, 2.571E-01, 1.000E+00, 7.767E-01, 9.999E-01, 1.419E-02, 1.000E+00, 1.000E+00, 1.102E-02, 7.060E-05, 9.089E-05, 0.000E+00, 7.021E+01, 3.121E+01, 5.000E-03, 3.101E-04, 1.883E+02, 3.716E-03, 7.797E-01
14/09/2019,09:00,9,3.203,3.703,13.737,.478,.825, 1.016E+03, 6.044E+01, 6.095E-05, 3.469E-16, 2.032E+02, 7.830E+01, 2.380E+02, 3.208E+01, 1.375E+02, 1.572E+02, 3.534E+00, 6.899E-01, 2.216E-01, 2.961E-01, 1.000E+00, 8.118E-01, 9.999E-01, 2.328E-01, 1.000E+00, 1.000E+00, 1.890E-01, 1.217E-03, 1.499E-03, 0.000E+00, 6.856E+01, 3.085E+01, 5.000E-03, 5.346E-03, 9.666E+01, 5.670E-03, 8.154E-01
14/09/2019,10:00,9,3.203,3.703,14.498,.445,.921, 1.016E+03, 5.765E+01, 6.095E-05, 3.469E-16, 2.270E+02, 7.984E+01, 2.452E+02, 3.306E+01, 1.375E+02, 1.572E+02, 3.689E+00, 6.909E-01, 2.312E-01, 3.173E-01, 1.000E+00, 8.247E-01, 1.000E+00, 3.250E-01, 1.000E+00, 1.000E+00, 2.680E-01, 1.731E-03, 2.098E-03, 0.000E+00, 6.572E+01, 2.956E+01, 5.000E-03, 7.602E-03, 7.935E+01, 6.421E-03, 6.896E-01
14/09/2019,11:00,9,3.203,3.703,15.258,.413,1.025, 1.016E+03, 5.708E+01, 6.095E-05, 3.469E-16, 2.318E+02, 8.004E+01, 2.465E+02, 3.322E+01, 1.375E+02, 1.572E+02, 3.897E+00, 6.919E-01, 2.442E-01, 3.215E-01, 1.000E+00, 8.269E-01, 1.000E+00, 4.113E-01, 1.000E+00, 1.000E+00, 3.401E-01, 2.202E-03, 2.663E-03, 0.000E+00, 6.223E+01, 2.799E+01, 5.000E-03, 9.673E-03, 6.815E+01, 7.119E-03, 6.024E-01
14/09/2019,12:00,9,3.203,3.703,16.019,.380,1.136, 1.016E+03, 5.881E+01, 6.095E-05, 3.469E-16, 1.098E+01, 9.196E+01, 4.068E+01, 3.008E+01, 4.312E+01, 1.320E+02, 4.150E+00, 6.437E-01, 2.529E-01, 3.087E-01, 1.000E+00, 7.415E-01, 8.124E-01, 4.917E-01, 1.000E+00, 1.000E+00, 3.646E-01, 2.367E-03, 2.593E-03, 0.000E+00, 6.332E+01, 2.703E+01, 5.000E-03, 1.040E-02, 6.495E+01, 7.389E-03, 5.490E-01
14/09/2019,13:00,9,3.203,3.703,15.838,.395,1.097, 1.015E+03, 6.260E+01, 6.095E-05, 3.469E-16, 9.331E+00, 8.129E+01, 3.674E+01, 2.660E+01, 4.312E+01, 1.320E+02, 3.903E+00, 6.438E-01, 2.379E-01, 2.785E-01, 1.000E+00, 6.969E-01, 7.793E-01, 4.732E-01, 1.000E+00, 1.000E+00, 3.298E-01, 2.139E-03, 2.392E-03, 0.000E+00, 6.732E+01, 2.874E+01, 5.000E-03, 9.397E-03, 6.946E+01, 6.930E-03, 5.152E-01
14/09/2019,14:00,9,3.203,3.703,15.658,.409,1.058, 1.014E+03, 6.803E+01, 6.095E-05, 3.469E-16, 6.918E+00, 6.465E+01, 3.040E+01, 2.116E+01, 4.312E+01, 1.320E+02, 3.669E+00, 6.438E-01, 2.236E-01, 2.304E-01, 1.000E+00, 6.116E-01, 7.136E-01, 4.543E-01, 1.000E+00, 1.000E+00, 2.779E-01, 1.801E-03, 2.102E-03, 0.000E+00, 7.162E+01, 3.057E+01, 5.000E-03, 7.913E-03, 7.744E+01, 6.367E-03, 4.627E-01
14/09/2019,15:00,9,3.203,3.703,15.477,.424,1.020, 1.013E+03, 7.459E+01, 6.095E-05, 3.469E-16, 1.771E+01, 5.887E+01, 5.310E+01, 1.977E+01,-5.156E+01, 3.842E+01, 3.450E+00, 4.682E-01, 1.825E-01, 1.655E-01, 1.000E+00, 6.113E-01, 8.874E-01, 4.351E-01, 1.000E+00, 1.000E+00, 2.660E-01, 1.723E-03, 2.502E-03, 0.000E+00, 1.036E+02, 3.746E+01, 5.000E-03, 7.569E-03, 7.956E+01, 5.596E-03, 3.915E-01
14/09/2019,16:00,9,3.203,3.703,14.479,.473,.873, 1.013E+03, 8.183E+01, 6.095E-05, 3.469E-16, 5.178E+00, 2.666E+01, 2.707E+01, 8.863E+00,-5.156E+01, 3.842E+01, 3.488E+00, 4.675E-01, 1.844E-01, 8.876E-02, 1.000E+00, 3.380E-01, 6.716E-01, 3.227E-01, 1.000E+00, 1.000E+00, 1.091E-01, 7.043E-04, 1.400E-03, 0.000E+00, 1.026E+02, 3.707E+01, 5.000E-03, 3.094E-03, 1.236E+02, 4.511E-03, 3.578E-01
14/09/2019,17:00,9,3.203,3.703,13.480,.523,.741, 1.012E+03, 8.931E+01, 6.095E-05, 3.469E-16, 3.327E-07, 1.639E+00, 0.000E+00, 0.000E+00,-5.156E+01, 3.842E+01, 3.630E+00, 4.668E-01, 1.918E-01,-9.990E+02, 1.000E+00,-9.990E+02, 0.000E+00, 0.000E+00, 0.000E+00, 1.000E+00, 0.000E+00, 0.000E+00, 0.000E+00, 0.000E+00, 9.868E+01, 3.564E+01, 5.000E-03, 0.000E+00, 2.000E+02, 3.398E-03, 3.727E-01
14/09/2019,18:00,9,3.203,3.703,12.481,.573,.621, 1.012E+03, 9.666E+01, 6.095E-05, 3.469E-16, 0.000E+00, 0.000E+00, 0.000E+00, 0.000E+00,-5.205E+01, 1.734E+01, 3.865E+00, 5.653E-01, 2.144E-01,-9.990E+02, 1.000E+00,-9.990E+02, 0.000E+00, 0.000E+00, 0.000E+00, 1.000E+00, 0.000E+00, 0.000E+00, 0.000E+00, 0.000E+00, 8.406E+01, 3.188E+01, 5.000E-03, 0.000E+00, 2.000E+02, 3.521E-03, 4.662E-01
14/09/2019,19:00,9,3.203,3.703,12.114,.616,.545, 1.011E+03, 1.035E+02, 6.095E-05, 3.469E-16, 0.000E+00, 0.000E+00, 0.000E+00, 0.000E+00,-5.205E+01, 1.734E+01, 4.066E+00, 5.652E-01, 2.255E-01,-9.990E+02, 1.000E+00,-9.990E+02, 0.000E+00, 0.000E+00, 0.000E+00, 1.000E+00, 0.000E+00, 0.000E+00, 0.000E+00, 0.000E+00, 7.993E+01, 3.031E+01, 5.000E-03, 0.000E+00, 2.000E+02, 3.573E-03, 5.644E-01
14/09/2019,20:00,9,3.203,3.703,11.747,.659,.472, 1.010E+03, 1.093E+02, 6.095E-05, 3.469E-16, 0.000E+00, 0.000E+00, 0.000E+00, 0.000E+00,-5.205E+01, 1.734E+01, 4.281E+00, 5.651E-01, 2.374E-01,-9.990E+02, 1.000E+00,-9.990E+02, 0.000E+00, 0.000E+00, 0.000E+00, 1.000E+00, 0.000E+00, 0.000E+00, 0.000E+00, 0.000E+00, 7.593E+01, 2.879E+01, 5.000E-03, 0.000E+00, 2.000E+02, 3.625E-03, 6.542E-01
14/09/2019,21:00,9,3.203,3.703,11.380,.703,.402, 1.009E+03, 1.138E+02, 8.269E-01, 3.469E-16, 0.000E+00, 0.000E+00, 0.000E+00, 0.000E+00,-6.147E+01, 6.414E+01, 4.509E+00, 7.466E-01, 2.584E-01,-9.990E+02, 1.000E+00,-9.990E+02, 0.000E+00, 0.000E+00, 0.000E+00, 1.000E+00, 0.000E+00, 0.000E+00, 0.000E+00, 0.000E+00, 6.752E+01, 2.645E+01, 5.000E-03, 0.000E+00, 2.000E+02, 3.711E-03, 6.241E-01
14/09/2019,22:00,9,3.203,3.703,10.909,.799,.263, 1.007E+03, 1.165E+02, 8.269E-01, 3.469E-16, 0.000E+00, 0.000E+00, 0.000E+00, 0.000E+00,-6.147E+01, 6.414E+01, 5.001E+00, 7.466E-01, 2.866E-01,-9.990E+02, 1.000E+00,-9.990E+02, 0.000E+00, 0.000E+00, 0.000E+00, 1.000E+00, 0.000E+00, 0.000E+00, 0.000E+00, 0.000E+00, 6.088E+01, 2.385E+01, 5.000E-03, 0.000E+00, 2.000E+02, 3.808E-03, 3.417E-01
14/09/2019,23:00,9,3.203,3.703,10.437,.895,.133, 1.005E+03, 1.170E+02, 8.269E-01, 3.469E-16, 0.000E+00, 0.000E+00, 0.000E+00, 0.000E+00,-6.147E+01, 6.414E+01, 5.512E+00, 7.467E-01, 3.159E-01,-9.990E+02, 1.000E+00,-9.990E+02, 0.000E+00, 0.000E+00, 0.000E+00, 1.000E+00, 0.000E+00, 0.000E+00, 0.000E+00, 0.000E+00, 5.524E+01, 2.164E+01, 1.024E-02, 0.000E+00, 9.764E+01, 6.473E-03, 2.444E-01
15/09/2019,00:00,9,3.192,3.692,9.965,.992,.010, 1.003E+03, 1.154E+02, 7.967E-01, 3.469E-16, 0.000E+00, 0.000E+00, 0.000E+00, 0.000E+00,-9.299E+01, 1.060E+02, 6.036E+00, 9.543E-01, 3.493E-01,-9.990E+02, 1.000E+00,-9.990E+02, 0.000E+00, 0.000E+00, 0.000E+00, 1.000E+00, 0.000E+00, 0.000E+00, 0.000E+00, 0.000E+00, 4.948E+01, 1.957E+01, 4.340E-02, 0.000E+00, 2.304E+01, 1.344E-02, 2.389E-01
15/09/2019,01:00,9,3.192,3.692,10.279,.978,.027, 1.001E+03, 1.118E+02, 7.967E-01, 3.469E-16, 0.000E+00, 0.000E+00, 0.000E+00, 0.000E+00,-9.299E+01, 1.060E+02, 6.352E+00, 9.560E-01, 3.676E-01,-9.990E+02, 1.000E+00,-9.990E+02, 0.000E+00, 0.000E+00, 0.000E+00, 1.000E+00, 0.000E+00, 0.000E+00, 0.000E+00, 0.000E+00, 4.702E+01, 1.860E+01, 3.228E-02, 0.000E+00, 3.098E+01, 1.253E-02, 2.843E-01
15/09/2019,02:00,9,3.192,3.692,10.593,.965,.044, 9.984E+02, 1.066E+02, 7.967E-01, 3.469E-16, 0.000E+00, 0.000E+00, 0.000E+00, 0.000E+00,-9.299E+01, 1.060E+02, 6.703E+00, 9.577E-01, 3.879E-01,-9.990E+02, 1.000E+00,-9.990E+02, 0.000E+00, 0.000E+00, 0.000E+00, 1.000E+00, 0.000E+00, 0.000E+00, 0.000E+00, 0.000E+00, 4.454E+01, 1.762E+01, 2.566E-02, 0.000E+00, 3.898E+01, 1.173E-02, 3.121E-01
15/09/2019,03:00,9,3.192,3.692,10.907,.952,.063, 9.960E+02, 1.003E+02, 1.701E-01, 3.469E-16, 0.000E+00, 0.000E+00, 0.000E+00, 0.000E+00,-7.577E+01, 8.030E+01, 7.085E+00, 9.409E-01, 4.115E-01,-9.990E+02, 1.000E+00,-9.990E+02, 0.000E+00, 0.000E+00, 0.000E+00, 1.000E+00, 0.000E+00, 0.000E+00, 0.000E+00, 0.000E+00, 4.184E+01, 1.661E+01, 2.378E-02, 0.000E+00, 4.205E+01, 1.168E-02, 2.873E-01
15/09/2019,04:00,9,3.192,3.692,11.266,.949,.069, 9.945E+02, 9.317E+01, 1.701E-01, 3.469E-16, 0.000E+00, 0.000E+00, 0.000E+00, 0.000E+00,-7.577E+01, 8.030E+01, 6.658E+00, 9.423E-01, 3.867E-01,-9.990E+02, 1.000E+00,-9.990E+02, 0.000E+00, 0.000E+00, 0.000E+00, 1.000E+00, 0.000E+00, 0.000E+00, 0.000E+00, 0.000E+00, 4.453E+01, 1.768E+01, 2.040E-02, 0.000E+00, 4.902E+01, 1.048E-02, 2.932E-01
15/09/2019,05:00,9,3.192,3.692,11.625,.945,.075, 9.930E+02, 8.573E+01, 1.701E-01, 3.469E-16, 3.259E+00, 1.600E+01, 2.724E+01, 5.351E+00,-7.577E+01, 8.030E+01, 6.247E+00, 9.436E-01, 3.629E-01, 4.665E-02, 1.000E+00, 2.198E-01, 6.738E-01, 1.000E-02, 1.000E+00, 1.000E+00, 2.198E-03, 1.405E-05, 4.308E-05, 0.000E+00, 4.744E+01, 1.884E+01, 2.019E-02, 6.150E-05, 4.938E+01, 1.012E-02, 3.681E-01
15/09/2019,06:00,9,3.192,3.692,11.983,.942,.081, 9.914E+02, 7.835E+01, 1.584E-01, 3.469E-16, 4.937E+01, 4.442E+01, 1.389E+02, 1.660E+01,-1.958E+01, 1.288E+02, 5.858E+00, 8.747E-01, 3.454E-01, 1.265E-01, 1.000E+00, 5.583E-01, 9.967E-01, 1.000E-02, 1.000E+00, 1.000E+00, 5.583E-03, 3.574E-05, 6.380E-05, 0.000E+00, 4.910E+01, 1.979E+01, 1.852E-02, 1.564E-04, 5.356E+01, 9.487E-03, 3.704E-01
15/09/2019,07:00,9,3.192,3.692,12.680,.876,.183, 9.908E+02, 7.143E+01, 1.584E-01, 3.469E-16, 1.081E+02, 6.258E+01, 1.944E+02, 2.458E+01,-1.958E+01, 1.288E+02, 6.002E+00, 8.760E-01, 3.539E-01, 1.982E-01, 1.000E+00, 7.082E-01, 9.997E-01, 9.476E-02, 1.000E+00, 1.000E+00, 6.710E-02, 4.306E-04, 6.078E-04, 0.000E+00, 4.793E+01, 1.932E+01, 6.688E-03, 1.885E-03, 1.166E+02, 5.979E-03, 4.081E-01
15/09/2019,08:00,9,3.192,3.692,13.376,.810,.293, 9.901E+02, 6.542E+01, 1.584E-01, 3.469E-16, 1.615E+02, 7.288E+01, 2.235E+02, 2.944E+01,-1.958E+01, 1.288E+02, 6.399E+00, 8.774E-01, 3.773E-01, 2.550E-01, 1.000E+00, 7.780E-01, 9.999E-01, 1.869E-01, 1.000E+00, 1.000E+00, 1.454E-01, 9.355E-04, 1.202E-03, 0.000E+00, 4.495E+01, 1.812E+01, 5.000E-03, 4.095E-03, 1.100E+02, 6.353E-03, 4.382E-01
15/09/2019,09:00,9,3.192,3.692,14.072,.744,.414, 9.895E+02, 6.079E+01, 7.306E-03, 3.469E-16, 2.022E+02, 7.766E+01, 2.391E+02, 3.195E+01, 1.087E+02, 1.679E+02, 7.007E+00, 1.185E+00, 4.211E-01, 2.942E-01, 1.000E+00, 8.103E-01, 9.999E-01, 2.742E-01, 1.000E+00, 1.000E+00, 2.222E-01, 1.432E-03, 1.768E-03, 0.000E+00, 3.905E+01, 1.623E+01, 5.000E-03, 6.270E-03, 8.873E+01, 7.626E-03, 4.703E-01
15/09/2019,10:00,9,3.192,3.692,14.776,.630,.625, 9.892E+02, 5.802E+01, 7.306E-03, 3.469E-16, 2.259E+02, 7.924E+01, 2.462E+02, 3.295E+01, 1.087E+02, 1.679E+02, 7.230E+00, 1.187E+00, 4.345E-01, 3.155E-01, 1.000E+00, 8.235E-01, 1.000E+00, 3.573E-01, 1.000E+00, 1.000E+00, 2.942E-01, 1.902E-03, 2.309E-03, 0.000E+00, 3.785E+01, 1.573E+01, 5.000E-03, 8.324E-03, 7.505E+01, 8.610E-03, 4.821E-01
15/09/2019,11:00,9,3.192,3.692,15.480,.517,.856, 9.889E+02, 5.747E+01, 7.306E-03, 3.469E-16, 2.306E+02, 7.946E+01, 2.475E+02, 3.311E+01, 1.087E+02, 1.679E+02, 7.454E+00, 1.189E+00, 4.480E-01, 3.196E-01, 1.000E+00, 8.257E-01, 1.000E+00, 4.353E-01, 1.000E+00, 1.000E+00, 3.595E-01, 2.329E-03, 2.821E-03, 0.000E+00, 3.672E+01, 1.526E+01, 5.000E-03, 1.020E-02, 6.581E+01, 9.463E-03, 4.968E-01
15/09/2019,12:00,9,3.192,3.692,16.184,.403,1.106, 9.887E+02, 5.920E+01, 1.644E-03, 3.469E-16, 2.138E+02, 7.788E+01, 2.410E+02, 3.224E+01, 4.040E+01, 1.562E+02, 7.677E+00, 1.086E+00, 4.587E-01, 3.066E-01, 1.000E+00, 8.159E-01, 1.000E+00, 5.084E-01, 1.000E+00, 1.000E+00, 4.148E-01, 2.694E-03, 3.302E-03, 0.000E+00, 3.627E+01, 1.490E+01, 5.000E-03, 1.179E-02, 5.955E+01, 1.015E-02, 4.890E-01
15/09/2019,13:00,9,3.192,3.692,16.132,.401,1.106, 9.884E+02, 6.300E+01, 1.644E-03, 3.469E-16, 1.812E+02, 7.497E+01, 2.302E+02, 3.059E+01, 4.040E+01, 1.562E+02, 7.204E+00, 1.086E+00, 4.304E-01, 2.760E-01, 1.000E+00, 7.942E-01, 9.999E-01, 5.032E-01, 1.000E+00, 1.000E+00, 3.996E-01, 2.595E-03, 3.267E-03, 0.000E+00, 3.865E+01, 1.588E+01, 5.000E-03, 1.136E-02, 6.112E+01, 9.741E-03, 4.675E-01
15/09/2019,14:00,9,3.192,3.692,16.081,.399,1.106, 9.881E+02, 6.842E+01, 1.644E-03, 3.469E-16, 1.338E+02, 6.772E+01, 2.089E+02, 2.701E+01, 4.040E+01, 1.562E+02, 6.735E+00, 1.086E+00, 4.024E-01, 2.275E-01, 1.000E+00, 7.456E-01, 9.998E-01, 4.980E-01, 1.000E+00, 1.000E+00, 3.713E-01, 2.411E-03, 3.233E-03, 0.000E+00, 4.134E+01, 1.698E+01, 5.000E-03, 1.055E-02, 6.430E+01, 9.198E-03, 4.315E-01
15/09/2019,15:00,9,3.192,3.692,16.029,.397,1.105, 9.879E+02, 7.498E+01, 0.000E+00, 3.469E-16, 7.687E+01, 5.370E+01, 1.689E+02, 2.065E+01,-6.942E+01, 5.763E+01, 6.274E+00, 8.264E-01, 3.615E-01, 1.621E-01, 1.000E+00, 6.414E-01, 9.990E-01, 4.928E-01, 1.000E+00, 1.000E+00, 3.161E-01, 2.052E-03, 3.196E-03, 0.000E+00, 4.802E+01, 1.891E+01, 5.000E-03, 8.981E-03, 7.152E+01, 8.253E-03, 3.891E-01
15/09/2019,16:00,9,3.192,3.692,15.285,.433,.991, 9.878E+02, 8.221E+01, 0.000E+00, 3.469E-16, 2.133E+01, 3.110E+01, 8.973E+01, 1.110E+01,-6.942E+01, 5.763E+01, 5.722E+00, 8.254E-01, 3.296E-01, 8.497E-02, 1.000E+00, 4.182E-01, 9.750E-01, 4.142E-01, 1.000E+00, 1.000E+00, 1.732E-01, 1.122E-03, 2.615E-03, 0.000E+00, 5.266E+01, 2.074E+01, 5.000E-03, 4.910E-03, 1.009E+02, 6.437E-03, 3.502E-01
15/09/2019,17:00,9,3.192,3.692,14.540,.468,.885, 9.877E+02, 8.969E+01, 0.000E+00, 3.469E-16, 1.028E-14, 1.286E+00, 0.000E+00, 0.000E+00,-6.942E+01, 5.763E+01, 5.182E+00, 8.243E-01, 2.985E-01,-9.990E+02, 1.000E+00,-9.990E+02, 0.000E+00, 0.000E+00, 0.000E+00, 1.000E+00, 0.000E+00, 0.000E+00, 0.000E+00, 0.000E+00, 5.816E+01, 2.290E+01, 5.000E-03, 0.000E+00, 2.000E+02, 3.844E-03, 3.223E-01
15/09/2019,18:00,9,3.192,3.692,13.796,.504,.787, 9.877E+02, 9.704E+01, 0.000E+00, 3.469E-16, 0.000E+00, 0.000E+00, 0.000E+00, 0.000E+00,-6.949E+01, 2.122E+01, 4.661E+00, 6.622E-01, 2.611E-01,-9.990E+02, 1.000E+00,-9.990E+02, 0.000E+00, 0.000E+00, 0.000E+00, 1.000E+00, 0.000E+00, 0.000E+00, 0.000E+00, 0.000E+00, 6.835E+01, 2.618E+01, 5.000E-03, 0.000E+00, 2.000E+02, 3.719E-03, 3.132E-01
15/09/2019,19:00,9,3.192,3.692,13.202,.539,.702, 9.877E+02, 1.039E+02, 0.000E+00, 3.469E-16, 0.000E+00, 0.000E+00, 0.000E+00, 0.000E+00,-6.949E+01, 2.122E+01, 4.827E+00, 6.615E-01, 2.704E-01,-9.990E+02, 1.000E+00,-9.990E+02, 0.000E+00, 0.000E+00, 0.000E+00, 1.000E+00, 0.000E+00, 0.000E+00, 0.000E+00, 0.000E+00, 6.602E+01, 2.528E+01, 5.000E-03, 0.000E+00, 2.000E+02, 3.752E-03, 3.050E-01
15/09/2019,20:00,9,3.192,3.692,12.609,.575,.623, 9.877E+02, 1.097E+02, 0.000E+00, 3.469E-16, 0.000E+00, 0.000E+00, 0.000E+00, 0.000E+00,-6.949E+01, 2.122E+01, 5.002E+00, 6.608E-01, 2.802E-01,-9.990E+02, 1.000E+00,-9.990E+02, 0.000E+00, 0.000E+00, 0.000E+00, 1.000E+00, 0.000E+00, 0.000E+00, 0.000E+00, 0.000E+00, 6.373E+01, 2.440E+01, 5.000E-03, 0.000E+00, 2.000E+02, 3.785E-03, 3.034E-01
15/09/2019,21:00,9,3.192,3.692,12.015,.610,.549, 9.876E+02, 1.142E+02, 0.000E+00, 3.469E-16, 0.000E+00, 0.000E+00, 0.000E+00, 0.000E+00,-8.271E+01, 2.006E+01, 5.185E+00, 7.604E-01, 2.941E-01,-9.990E+02, 1.000E+00,-9.990E+02, 0.000E+00, 0.000E+00, 0.000E+00, 1.000E+00, 0.000E+00, 0.000E+00, 0.000E+00, 0.000E+00, 5.995E+01, 2.324E+01, 5.000E-03, 0.000E+00, 2.000E+02, 3.830E-03, 2.989E-01
15/09/2019,22:00,9,3.192,3.692,11.863,.604,.552, 9.882E+02, 1.169E+02, 0.000E+00, 3.469E-16, 0.000E+00, 0.000E+00, 0.000E+00, 0.000E+00,-8.271E+01, 2.006E+01, 5.106E+00, 7.600E-01, 2.896E-01,-9.990E+02, 1.000E+00,-9.990E+02, 0.000E+00, 0.000E+00, 0.000E+00, 1.000E+00, 0.000E+00, 0.000E+00, 0.000E+00, 0.000E+00, 6.089E+01, 2.361E+01, 5.000E-03, 0.000E+00, 2.000E+02, 3.816E-03, 2.807E-01
15/09/2019,23:00,9,3.192,3.692,11.710,.599,.554, 9.888E+02, 1.174E+02, 0.000E+00, 3.469E-16, 0.000E+00, 0.000E+00, 0.000E+00, 0.000E+00,-8.271E+01, 2.006E+01, 5.248E+00, 7.596E-01, 2.976E-01,-9.990E+02, 1.000E+00,-9.990E+02, 0.000E+00, 0.000E+00, 0.000E+00, 1.000E+00, 0.000E+00, 0.000E+00, 0.000E+00, 0.000E+00, 5.925E+01, 2.297E+01, 5.000E-03, 0.000E+00, 2.000E+02, 3.841E-03, 2.852E-01
16/09/2019,00:00,9,3.181,3.681,11.557,.593,.556, 9.893E+02, 1.158E+02, 3.283E-04, 3.469E-16, 0.000E+00, 0.000E+00, 0.000E+00, 0.000E+00,-8.292E+01, 2.074E+01, 5.595E+00, 7.631E-01, 3.175E-01,-9.990E+02, 1.000E+00,-9.990E+02, 0.000E+00, 0.000E+00, 0.000E+00, 1.000E+00, 0.000E+00, 0.000E+00, 0.000E+00, 0.000E+00, 5.551E+01, 2.153E+01, 5.000E-03, 0.000E+00, 2.000E+02, 3.897E-03, 3.302E-01
16/09/2019,01:00,9,3.181,3.681,11.141,.596,.537, 9.900E+02, 1.122E+02, 3.283E-04, 3.469E-16, 0.000E+00, 0.000E+00, 0.000E+00, 0.000E+00,-8.292E+01, 2.074E+01, 5.483E+00, 7.623E-01, 3.111E-01,-9.990E+02, 1.000E+00,-9.990E+02, 0.000E+00, 0.000E+00, 0.000E+00, 1.000E+00, 0.000E+00, 0.000E+00, 0.000E+00, 0.000E+00, 5.666E+01, 2.197E+01, 5.000E-03, 0.000E+00, 2.000E+02, 3.880E-03, 3.715E-01
16/09/2019,02:00,9,3.181,3.681,10.724,.599,.519, 9.908E+02, 1.070E+02, 3.283E-04, 3.469E-16, 0.000E+00, 0.000E+00, 0.000E+00, 0.000E+00,-8.292E+01, 2.074E+01, 5.372E+00, 7.614E-01, 3.047E-01,-9.990E+02, 1.000E+00,-9.990E+02, 0.000E+00, 0.000E+00, 0.000E+00, 1.000E+00, 0.000E+00, 0.000E+00, 0.000E+00, 0.000E+00, 5.785E+01, 2.243E+01, 5.000E-03, 0.000E+00, 2.000E+02, 3.861E-03, 3.715E-01
16/09/2019,03:00,9,3.181,3.681,10.308,.601,.501, 9.915E+02, 1.006E+02, 0.000E+00, 3.469E-16, 0.000E+00, 0.000E+00, 0.000E+00, 0.000E+00,-6.232E+01, 2.682E+01, 5.260E+00, 7.067E-01, 2.992E-01,-9.990E+02, 1.000E+00,-9.990E+02, 0.000E+00, 0.000E+00, 0.000E+00, 1.000E+00, 0.000E+00, 0.000E+00, 0.000E+00, 0.000E+00, 5.875E+01, 2.284E+01, 5.000E-03, 0.000E+00, 2.000E+02, 3.846E-03, 3.617E-01
16/09/2019,04:00,9,3.181,3.681,10.545,.610,.498, 9.920E+02, 9.346E+01, 0.000E+00, 3.469E-16, 0.000E+00, 0.000E+00, 0.000E+00, 0.000E+00,-6.232E+01, 2.682E+01, 5.210E+00, 7.068E-01, 2.964E-01,-9.990E+02, 1.000E+00,-9.990E+02, 0.000E+00, 0.000E+00, 0.000E+00, 1.000E+00, 0.000E+00, 0.000E+00, 0.000E+00, 0.000E+00, 5.931E+01, 2.306E+01, 5.000E-03, 0.000E+00, 2.000E+02, 3.837E-03, 3.705E-01
16/09/2019,05:00,9,3.181,3.681,10.782,.618,.495, 9.926E+02, 8.602E+01, 0.000E+00, 3.469E-16, 3.057E+00, 1.657E+01, 2.756E+01, 5.542E+00,-6.232E+01, 2.682E+01, 5.168E+00, 7.070E-01, 2.940E-01, 4.364E-02, 1.000E+00, 2.245E-01, 6.782E-01, 1.000E-02, 1.000E+00, 1.000E+00, 2.245E-03, 1.431E-05, 4.323E-05, 0.000E+00, 5.979E+01, 2.325E+01, 5.000E-03, 6.243E-05, 1.975E+02, 3.866E-03, 3.961E-01
16/09/2019,06:00,9,3.181,3.681,11.019,.627,.492, 9.931E+02, 7.865E+01, 2.362E-03, 3.469E-16, 7.931E+00, 3.865E+01, 3.306E+01, 1.292E+01, 6.287E+01, 9.510E+01, 5.134E+00, 8.910E-01, 3.097E-01, 1.237E-01, 1.000E+00, 4.531E-01, 7.433E-01, 1.000E-02, 1.000E+00, 1.000E+00, 4.531E-03, 2.890E-05, 4.742E-05, 0.000E+00, 5.272E+01, 2.207E+01, 5.000E-03, 1.261E-04, 1.951E+02, 3.957E-03, 4.257E-01
16/09/2019,07:00,9,3.181,3.681,11.907,.588,.576, 9.935E+02, 7.174E+01, 2.362E-03, 3.469E-16, 1.777E+01, 6.830E+01, 5.127E+01, 2.291E+01, 6.287E+01, 9.510E+01, 5.827E+00, 8.922E-01, 3.515E-01, 1.958E-01, 1.000E+00, 6.628E-01, 8.786E-01, 1.000E-02, 1.000E+00, 1.000E+00, 6.628E-03, 4.241E-05, 5.623E-05, 0.000E+00, 4.646E+01, 1.945E+01, 5.000E-03, 1.850E-04, 1.929E+02, 4.105E-03, 4.174E-01
16/09/2019,08:00,9,3.181,3.681,12.796,.550,.668, 9.938E+02, 6.574E+01, 2.362E-03, 3.469E-16, 2.673E+01, 9.209E+01, 6.344E+01, 3.090E+01, 6.287E+01, 9.510E+01, 6.593E+00, 8.934E-01, 3.977E-01, 2.529E-01, 1.000E+00, 7.718E-01, 9.264E-01, 1.105E-01, 1.000E+00, 1.000E+00, 8.526E-02, 5.473E-04, 6.570E-04, 0.000E+00, 4.106E+01, 1.719E+01, 5.000E-03, 2.387E-03, 1.354E+02, 5.548E-03, 4.100E-01
16/09/2019,09:00,9,3.181,3.681,13.685,.512,.769, 9.942E+02, 6.114E+01, 4.475E-02, 3.469E-16, 1.553E+02, 8.653E+01, 1.942E+02, 3.337E+01, 2.369E+01, 9.845E+01, 7.410E+00, 8.403E-01, 4.434E-01, 2.922E-01, 1.000E+00, 8.205E-01, 9.997E-01, 2.262E-01, 1.000E+00, 1.000E+00, 1.856E-01, 1.195E-03, 1.456E-03, 0.000E+00, 3.741E+01, 1.542E+01, 5.000E-03, 5.212E-03, 9.792E+01, 7.234E-03, 4.308E-01
16/09/2019,10:00,9,3.181,3.681,13.590,.514,.760, 9.947E+02, 5.840E+01, 4.475E-02, 3.469E-16, 1.736E+02, 9.024E+01, 2.006E+02, 3.495E+01, 2.369E+01, 9.845E+01, 6.828E+00, 8.399E-01, 4.086E-01, 3.136E-01, 1.000E+00, 8.369E-01, 9.997E-01, 2.142E-01, 1.000E+00, 1.000E+00, 1.793E-01, 1.154E-03, 1.379E-03, 0.000E+00, 4.060E+01, 1.673E+01, 5.000E-03, 5.035E-03, 9.965E+01, 6.974E-03, 4.448E-01
16/09/2019,11:00,9,3.181,3.681,13.495,.516,.752, 9.952E+02, 5.786E+01, 4.475E-02, 3.469E-16, 1.772E+02, 9.088E+01, 2.017E+02, 3.523E+01, 2.369E+01, 9.845E+01, 6.247E+00, 8.396E-01, 3.738E-01, 3.177E-01, 1.000E+00, 8.397E-01, 9.998E-01, 2.022E-01, 1.000E+00, 1.000E+00, 1.698E-01, 1.093E-03, 1.301E-03, 0.000E+00, 4.437E+01, 1.828E+01, 5.000E-03, 4.766E-03, 1.024E+02, 6.658E-03, 4.656E-01
16/09/2019,12:00,9,3.181,3.681,13.401,.519,.744, 9.957E+02, 5.960E+01, 1.305E-01, 3.469E-16, 9.926E+01, 1.165E+02, 1.392E+02, 4.114E+01, 2.764E+01, 5.828E+01, 5.666E+00, 7.416E-01, 3.407E-01, 3.044E-01, 1.000E+00, 8.709E-01, 9.967E-01, 1.901E-01, 1.000E+00, 1.000E+00, 1.656E-01, 1.065E-03, 1.219E-03, 0.000E+00, 4.824E+01, 2.006E+01, 5.000E-03, 4.646E-03, 1.037E+02, 6.407E-03, 4.618E-01
16/09/2019,13:00,9,3.181,3.681,12.507,.607,.572, 9.961E+02, 6.339E+01, 1.305E-01, 3.469E-16, 8.384E+01, 1.052E+02, 1.307E+02, 3.711E+01, 2.764E+01, 5.828E+01, 4.989E+00, 7.403E-01, 2.999E-01, 2.735E-01, 1.000E+00, 8.408E-01, 9.954E-01, 7.117E-02, 1.000E+00, 1.000E+00, 5.984E-02, 3.838E-04, 4.543E-04, 0.000E+00, 5.479E+01, 2.279E+01, 5.000E-03, 1.674E-03, 1.498E+02, 4.776E-03, 4.375E-01
16/09/2019,14:00,9,3.181,3.681,11.614,.696,.417, 9.964E+02, 6.881E+01, 1.305E-01, 3.469E-16, 6.140E+01, 8.634E+01, 1.153E+02, 3.040E+01, 2.764E+01, 5.828E+01, 4.313E+00, 7.391E-01, 2.594E-01, 2.245E-01, 1.000E+00, 7.760E-01, 9.913E-01, 1.000E-02, 1.000E+00, 1.000E+00, 7.760E-03, 4.960E-05, 6.337E-05, 0.000E+00, 6.336E+01, 2.635E+01, 5.000E-03, 2.164E-04, 1.917E+02, 3.838E-03, 4.059E-01
16/09/2019,15:00,9,3.181,3.681,10.720,.785,.277, 9.967E+02, 7.536E+01, 4.581E-01, 3.469E-16, 2.156E+00, 3.592E+01, 1.603E+01, 1.176E+01,-3.914E+01, 6.971E+01, 3.642E+00, 5.644E-01, 2.052E-01, 1.586E-01, 1.000E+00, 3.993E-01, 4.828E-01, 1.000E-02, 1.000E+00, 1.000E+00, 3.993E-03, 2.545E-05, 3.077E-05, 0.000E+00, 8.649E+01, 3.331E+01, 5.000E-03, 1.110E-04, 1.957E+02, 3.530E-03, 3.473E-01
16/09/2019,16:00,9,3.181,3.681,10.087,.829,.211, 9.970E+02, 8.259E+01, 4.581E-01, 3.469E-16, 5.517E-01, 1.410E+01, 6.747E+00, 4.609E+00,-3.914E+01, 6.971E+01, 3.892E+00, 5.636E-01, 2.192E-01, 8.113E-02, 1.000E+00, 1.783E-01, 2.423E-01, 1.000E-02, 1.000E+00, 1.000E+00, 1.783E-03, 1.134E-05, 1.541E-05, 0.000E+00, 8.098E+01, 3.118E+01, 5.000E-03, 4.946E-05, 1.980E+02, 3.571E-03, 2.887E-01
16/09/2019,17:00,9,3.181,3.681,9.453,.873,.150, 9.973E+02, 9.007E+01, 4.581E-01, 3.469E-16, 0.000E+00, 0.000E+00, 0.000E+00, 0.000E+00,-3.914E+01, 6.971E+01, 4.150E+00, 5.629E-01, 2.337E-01,-9.990E+02, 1.000E+00,-9.990E+02, 0.000E+00, 0.000E+00, 0.000E+00, 1.000E+00, 0.000E+00, 0.000E+00, 0.000E+00, 0.000E+00, 7.597E+01, 2.925E+01, 7.369E-03, 0.000E+00, 1.357E+02, 4.703E-03, 2.558E-01
16/09/2019,18:00,9,3.181,3.681,8.820,.917,.094, 9.977E+02, 9.742E+01, 1.338E-01, 3.469E-16, 0.000E+00, 0.000E+00, 0.000E+00, 0.000E+00,-5.087E+01, 6.598E+01, 4.415E+00, 5.041E-01, 2.387E-01,-9.990E+02, 1.000E+00,-9.990E+02, 0.000E+00, 0.000E+00, 0.000E+00, 1.000E+00, 0.000E+00, 0.000E+00, 0.000E+00, 0.000E+00, 7.750E+01, 2.864E+01, 1.336E-02, 0.000E+00, 7.485E+01, 6.646E-03, 2.421E-01
16/09/2019,19:00,9,3.181,3.681,8.637,.911,.100, 9.976E+02, 1.042E+02, 1.338E-01, 3.469E-16, 0.000E+00, 0.000E+00, 0.000E+00, 0.000E+00,-5.087E+01, 6.598E+01, 3.749E+00, 5.040E-01, 2.027E-01,-9.990E+02, 1.000E+00,-9.990E+02, 0.000E+00, 0.000E+00, 0.000E+00, 1.000E+00, 0.000E+00, 0.000E+00, 0.000E+00, 0.000E+00, 9.128E+01, 3.373E+01, 1.346E-02, 0.000E+00, 7.431E+01, 6.121E-03, 2.532E-01
16/09/2019,20:00,9,3.181,3.681,8.454,.904,.106, 9.976E+02, 1.101E+02, 1.338E-01, 3.469E-16, 0.000E+00, 0.000E+00, 0.000E+00, 0.000E+00,-5.087E+01, 6.598E+01, 3.184E+00, 5.038E-01, 1.721E-01,-9.990E+02, 1.000E+00,-9.990E+02, 0.000E+00, 0.000E+00, 0.000E+00, 1.000E+00, 0.000E+00, 0.000E+00, 0.000E+00, 0.000E+00, 1.075E+02, 3.972E+01, 1.175E-02, 0.000E+00, 8.509E+01, 5.263E-03, 2.726E-01
16/09/2019,21:00,9,3.181,3.681,8.271,.898,.112, 9.975E+02, 1.146E+02, 0.000E+00, 3.469E-16, 0.000E+00, 0.000E+00, 0.000E+00, 0.000E+00,-3.374E+01, 2.412E+01, 2.780E+00, 3.179E-01, 1.309E-01,-9.990E+02, 1.000E+00,-9.990E+02, 0.000E+00, 0.000E+00, 0.000E+00, 1.000E+00, 0.000E+00, 0.000E+00, 0.000E+00, 0.000E+00, 1.621E+02, 5.221E+01, 1.026E-02, 0.000E+00, 9.742E+01, 4.215E-03, 3.107E-01
16/09/2019,22:00,9,3.181,3.681,7.855,.895,.111, 9.973E+02, 1.173E+02, 0.000E+00, 3.469E-16, 0.000E+00, 0.000E+00, 0.000E+00, 0.000E+00,-3.374E+01, 2.412E+01, 2.789E+00, 3.177E-01, 1.313E-01,-9.990E+02, 1.000E+00,-9.990E+02, 0.000E+00, 0.000E+00, 0.000E+00, 1.000E+00, 0.000E+00, 0.000E+00, 0.000E+00, 0.000E+00, 1.617E+02, 5.205E+01, 1.045E-02, 0.000E+00, 9.569E+01, 4.254E-03, 3.658E-01
16/09/2019,23:00,9,3.181,3.681,7.440,.893,.111, 9.971E+02, 1.178E+02, 0.000E+00, 3.469E-16, 0.000E+00, 0.000E+00, 0.000E+00, 0.000E+00,-3.374E+01, 2.412E+01, 2.833E+00, 3.175E-01, 1.333E-01,-9.990E+02, 1.000E+00,-9.990E+02, 0.000E+00, 0.000E+00, 0.000E+00, 1.000E+00, 0.000E+00, 0.000E+00, 0.000E+00, 0.000E+00, 1.594E+02, 5.128E+01, 1.065E-02, 0.000E+00, 9.389E+01, 4.325E-03, 4.289E-01
17/09/2019,00:00,9,3.170,3.670,7.024,.890,.111, 9.968E+02, 1.162E+02, 0.000E+00, 3.469E-16, 0.000E+00, 0.000E+00, 0.000E+00, 0.000E+00,-1.805E+01, 8.099E+00, 2.908E+00, 1.784E-01, 1.000E-01,-9.990E+02, 1.000E+00,-9.990E+02, 0.000E+00, 0.000E+00, 0.000E+00, 1.000E+00, 0.000E+00, 0.000E+00, 0.000E+00, 0.000E+00, 3.014E+02, 6.835E+01, 9.422E-03, 0.000E+00, 1.061E+02, 3.362E-03, 4.967E-01
17/09/2019,01:00,9,3.170,3.670,5.942,.899,.094, 9.965E+02, 1.125E+02, 0.000E+00, 3.469E-16, 0.000E+00, 0.000E+00, 0.000E+00, 0.000E+00,-1.805E+01, 8.099E+00, 2.621E+00, 1.781E-01, 1.000E-01,-9.990E+02, 1.000E+00,-9.990E+02, 0.000E+00, 0.000E+00, 0.000E+00, 1.000E+00, 0.000E+00, 0.000E+00, 0.000E+00, 0.000E+00, 3.022E+02, 6.835E+01, 1.069E-02, 0.000E+00, 9.357E+01, 3.509E-03, 5.876E-01
17/09/2019,02:00,9,3.170,3.670,4.861,.909,.079, 9.962E+02, 1.073E+02, 0.000E+00, 3.469E-16, 0.000E+00, 0.000E+00, 0.000E+00, 0.000E+00,-1.805E+01, 8.099E+00, 2.337E+00, 1.778E-01, 1.000E-01,-9.990E+02, 1.000E+00,-9.990E+02, 0.000E+00, 0.000E+00, 0.000E+00, 1.000E+00, 0.000E+00, 0.000E+00, 0.000E+00, 0.000E+00, 3.029E+02, 6.835E+01, 1.326E-02, 0.000E+00, 7.539E+01, 3.748E-03, 6.534E-01
17/09/2019,03:00,9,3.170,3.670,3.779,.918,.066, 9.958E+02, 1.009E+02, 0.000E+00, 3.469E-16, 0.000E+00, 0.000E+00, 0.000E+00, 0.000E+00,-2.595E+00, 5.504E+00, 2.054E+00, 1.000E-01, 1.000E-01,-9.990E+02, 1.000E+00,-9.990E+02, 0.000E+00, 0.000E+00, 0.000E+00, 1.000E+00, 0.000E+00, 0.000E+00, 0.000E+00, 0.000E+00, 2.771E+02, 6.835E+01, 1.680E-02, 0.000E+00, 5.953E+01, 4.023E-03, 7.177E-01
17/09/2019,04:00,9,3.170,3.670,4.586,.901,.084, 9.956E+02, 9.375E+01, 0.000E+00, 3.469E-16, 0.000E+00, 0.000E+00, 0.000E+00, 0.000E+00,-2.595E+00, 5.504E+00, 1.440E+00, 1.000E-01, 1.000E-01,-9.990E+02, 1.000E+00,-9.990E+02, 0.000E+00, 0.000E+00, 0.000E+00, 1.000E+00, 0.000E+00, 0.000E+00, 0.000E+00, 0.000E+00, 2.771E+02, 6.835E+01, 1.355E-02, 0.000E+00, 7.379E+01, 3.805E-03, 8.251E-01
17/09/2019,05:00,9,3.170,3.670,5.393,.883,.105, 9.953E+02, 8.631E+01, 0.000E+00, 3.469E-16, 2.290E+00, 1.538E+01, 2.292E+01, 5.131E+00,-2.595E+00, 5.504E+00, 1.096E+00, 1.000E-01, 1.000E-01, 4.060E-02, 1.000E+00, 2.073E-01, 6.105E-01, 1.000E-02, 1.000E+00, 1.000E+00, 2.073E-03, 1.296E-05, 3.817E-05, 0.000E+00, 2.771E+02, 6.835E+01, 9.596E-03, 5.635E-05, 1.036E+02, 3.417E-03, 1.072E+00
17/09/2019,06:00,9,3.170,3.670,6.199,.866,.127, 9.950E+02, 7.894E+01, 1.244E-04, 3.469E-16, 4.452E+01, 4.251E+01, 1.319E+02, 1.587E+01, 7.210E+01, 7.516E+01, 1.266E+00, 3.675E-01, 1.000E-01, 1.210E-01, 1.000E+00, 5.418E-01, 9.956E-01, 1.000E-02, 1.000E+00, 1.000E+00, 5.418E-03, 3.398E-05, 6.243E-05, 0.000E+00, 1.347E+02, 6.835E+01, 6.856E-03, 1.477E-04, 1.428E+02, 3.179E-03, 1.633E+00
17/09/2019,07:00,9,3.170,3.670,7.950,.781,.234, 9.951E+02, 7.205E+01, 1.244E-04, 3.469E-16, 1.023E+02, 6.119E+01, 1.900E+02, 2.406E+01, 7.210E+01, 7.516E+01, 1.724E+00, 3.687E-01, 1.156E-01, 1.933E-01, 1.000E+00, 7.001E-01, 9.996E-01, 1.000E-02, 1.000E+00, 1.000E+00, 7.001E-03, 4.418E-05, 6.308E-05, 0.000E+00, 1.166E+02, 5.913E+01, 5.000E-03, 1.920E-04, 1.926E+02, 2.930E-03, 1.510E+00
17/09/2019,08:00,9,3.170,3.670,9.702,.697,.366, 9.951E+02, 6.607E+01, 1.244E-04, 3.469E-16, 1.551E+02, 7.196E+01, 2.203E+02, 2.912E+01, 7.210E+01, 7.516E+01, 2.183E+00, 3.698E-01, 1.462E-01, 2.508E-01, 1.000E+00, 7.738E-01, 9.999E-01, 1.000E-02, 1.000E+00, 1.000E+00, 7.738E-03, 4.913E-05, 6.349E-05, 0.000E+00, 9.231E+01, 4.675E+01, 5.000E-03, 2.136E-04, 1.918E+02, 3.232E-03, 1.066E+00
17/09/2019,09:00,9,3.170,3.670,11.453,.612,.526, 9.951E+02, 6.149E+01, 4.295E-02, 3.469E-16, 1.956E+02, 7.715E+01, 2.367E+02, 3.179E+01, 1.489E+02, 1.249E+02, 2.641E+00, 6.613E-01, 1.671E-01, 2.903E-01, 1.000E+00, 8.080E-01, 9.999E-01, 1.000E-02, 1.000E+00, 1.000E+00, 8.080E-03, 5.162E-05, 6.389E-05, 0.000E+00, 8.934E+01, 4.090E+01, 5.000E-03, 2.244E-04, 1.914E+02, 3.370E-03, 9.180E-01
17/09/2019,10:00,9,3.170,3.670,11.588,.585,.568, 9.953E+02, 5.877E+01, 4.295E-02, 3.469E-16, 2.190E+02, 7.895E+01, 2.440E+02, 3.287E+01, 1.489E+02, 1.249E+02, 3.351E+00, 6.614E-01, 2.121E-01, 3.117E-01, 1.000E+00, 8.219E-01, 1.000E+00, 1.000E-02, 1.000E+00, 1.000E+00, 8.219E-03, 5.254E-05, 6.392E-05, 0.000E+00, 7.041E+01, 3.223E+01, 5.000E-03, 2.284E-04, 1.913E+02, 3.646E-03, 6.954E-01
17/09/2019,11:00,9,3.170,3.670,11.724,.558,.612, 9.954E+02, 5.825E+01, 4.295E-02, 3.469E-16, 2.234E+02, 7.920E+01, 2.453E+02, 3.304E+01, 1.489E+02, 1.249E+02, 4.071E+00, 6.615E-01, 2.576E-01, 3.157E-01, 1.000E+00, 8.242E-01, 1.000E+00, 1.000E-02, 1.000E+00, 1.000E+00, 8.242E-03, 5.271E-05, 6.395E-05, 0.000E+00, 5.796E+01, 2.653E+01, 5.000E-03, 2.291E-04, 1.912E+02, 3.852E-03, 6.151E-01
17/09/2019,12:00,9,3.170,3.670,11.859,.530,.655, 9.956E+02, 6.000E+01, 8.894E-04, 3.469E-16, 2.081E+02, 7.812E+01, 2.405E+02, 3.238E+01, 6.534E+01, 9.872E+01, 4.796E+00, 8.941E-01, 2.894E-01, 3.022E-01, 1.000E+00, 8.157E-01, 9.999E-01, 1.000E-02, 1.000E+00, 1.000E+00, 8.157E-03, 5.219E-05, 6.398E-05, 0.000E+00, 5.637E+01, 2.362E+01, 5.000E-03, 2.269E-04, 1.913E+02, 3.953E-03, 5.441E-01
17/09/2019,13:00,9,3.170,3.670,11.636,.542,.630, 9.960E+02, 6.379E+01, 8.894E-04, 3.469E-16, 1.752E+02, 7.482E+01, 2.289E+02, 3.056E+01, 6.534E+01, 9.872E+01, 4.729E+00, 8.935E-01, 2.854E-01, 2.710E-01, 1.000E+00, 7.925E-01, 9.999E-01, 1.000E-02, 1.000E+00, 1.000E+00, 7.925E-03, 5.067E-05, 6.393E-05, 0.000E+00, 5.716E+01, 2.395E+01, 5.000E-03, 2.202E-04, 1.916E+02, 3.936E-03, 5.187E-01
17/09/2019,14:00,9,3.170,3.670,11.413,.553,.604, 9.965E+02, 6.920E+01, 8.894E-04, 3.469E-16, 1.274E+02, 6.695E+01, 2.060E+02, 2.671E+01, 6.534E+01, 9.872E+01, 4.663E+00, 8.930E-01, 2.814E-01, 2.215E-01, 1.000E+00, 7.405E-01, 9.998E-01, 1.000E-02, 1.000E+00, 1.000E+00, 7.405E-03, 4.730E-05, 6.387E-05, 0.000E+00, 5.797E+01, 2.429E+01, 5.000E-03, 2.056E-04, 1.921E+02, 3.914E-03, 4.982E-01
17/09/2019,15:00,9,3.170,3.670,11.190,.565,.580, 9.969E+02, 7.574E+01, 2.450E-03, 3.469E-16, 1.573E+01, 5.401E+01, 5.021E+01, 1.827E+01,-3.835E+01, 3.030E+01, 4.596E+00, 6.580E-01, 2.642E-01, 1.551E-01, 1.000E+00, 5.819E-01, 8.732E-01, 1.000E-02, 1.000E+00, 1.000E+00, 5.819E-03, 3.714E-05, 5.574E-05, 0.000E+00, 6.587E+01, 2.588E+01, 5.000E-03, 1.615E-04, 1.937E+02, 3.821E-03, 4.235E-01
17/09/2019,16:00,9,3.170,3.670,10.331,.631,.465, 9.975E+02, 8.297E+01, 2.450E-03, 3.469E-16, 3.701E+00, 2.197E+01, 2.245E+01, 7.340E+00,-3.835E+01, 3.030E+01, 4.486E+00, 6.568E-01, 2.578E-01, 7.726E-02, 1.000E+00, 2.870E-01, 6.029E-01, 1.000E-02, 1.000E+00, 1.000E+00, 2.870E-03, 1.827E-05, 3.837E-05, 0.000E+00, 6.752E+01, 2.652E+01, 5.000E-03, 7.940E-05, 1.969E+02, 3.752E-03, 3.642E-01
17/09/2019,17:00,9,3.170,3.670,9.471,.696,.361, 9.981E+02, 9.045E+01, 2.450E-03, 3.469E-16, 0.000E+00, 0.000E+00, 0.000E+00, 0.000E+00,-3.835E+01, 3.030E+01, 4.423E+00, 6.556E-01, 2.541E-01,-9.990E+02, 1.000E+00,-9.990E+02, 0.000E+00, 0.000E+00, 0.000E+00, 1.000E+00, 0.000E+00, 0.000E+00, 0.000E+00, 0.000E+00, 6.849E+01, 2.690E+01, 5.000E-03, 0.000E+00, 2.000E+02, 3.695E-03, 3.101E-01
17/09/2019,18:00,9,3.170,3.670,8.612,.762,.267, 9.987E+02, 9.780E+01, 6.439E-02, 3.469E-16, 0.000E+00, 0.000E+00, 0.000E+00, 0.000E+00,-3.031E+01, 1.705E+01, 4.412E+00, 5.510E-01, 2.508E-01,-9.990E+02, 1.000E+00,-9.990E+02, 0.000E+00, 0.000E+00, 0.000E+00, 1.000E+00, 0.000E+00, 0.000E+00, 0.000E+00, 0.000E+00, 7.016E+01, 2.726E+01, 5.000E-03, 0.000E+00, 2.000E+02, 3.681E-03, 3.133E-01
17/09/2019,19:00,9,3.170,3.670,8.359,.784,.237, 9.992E+02, 1.046E+02, 6.439E-02, 3.469E-16, 0.000E+00, 0.000E+00, 0.000E+00, 0.000E+00,-3.031E+01, 1.705E+01, 4.142E+00, 5.506E-01, 2.354E-01,-9.990E+02, 1.000E+00,-9.990E+02, 0.000E+00, 0.000E+00, 0.000E+00, 1.000E+00, 0.000E+00, 0.000E+00, 0.000E+00, 0.000E+00, 7.475E+01, 2.904E+01, 5.000E-03, 0.000E+00, 2.000E+02, 3.619E-03, 3.552E-01
17/09/2019,20:00,9,3.170,3.670,8.106,.807,.209, 9.998E+02, 1.105E+02, 6.439E-02, 3.469E-16, 0.000E+00, 0.000E+00, 0.000E+00, 0.000E+00,-3.031E+01, 1.705E+01, 3.905E+00, 5.502E-01, 2.219E-01,-9.990E+02, 1.000E+00,-9.990E+02, 0.000E+00, 0.000E+00, 0.000E+00, 1.000E+00, 0.000E+00, 0.000E+00, 0.000E+00, 0.000E+00, 7.928E+01, 3.080E+01, 5.000E-03, 0.000E+00, 2.000E+02, 3.559E-03, 3.820E-01
17/09/2019,21:00,9,3.170,3.670,7.854,.829,.182, 1.000E+03, 1.150E+02, 2.896E-05, 3.469E-16, 0.000E+00, 0.000E+00, 0.000E+00, 0.000E+00,-4.959E+01, 1.215E+01, 3.710E+00, 5.008E-01, 2.007E-01,-9.990E+02, 1.000E+00,-9.990E+02, 0.000E+00, 0.000E+00, 0.000E+00, 1.000E+00, 0.000E+00, 0.000E+00, 0.000E+00, 0.000E+00, 9.209E+01, 3.405E+01, 5.000E-03, 0.000E+00, 2.000E+02, 3.449E-03, 3.199E-01
17/09/2019,22:00,9,3.170,3.670,7.437,.821,.185, 1.001E+03, 1.177E+02, 2.896E-05, 3.469E-16, 0.000E+00, 0.000E+00, 0.000E+00, 0.000E+00,-4.959E+01, 1.215E+01, 3.786E+00, 5.003E-01, 2.048E-01,-9.990E+02, 1.000E+00,-9.990E+02, 0.000E+00, 0.000E+00, 0.000E+00, 1.000E+00, 0.000E+00, 0.000E+00, 0.000E+00, 0.000E+00, 9.028E+01, 3.338E+01, 5.000E-03, 0.000E+00, 2.000E+02, 3.470E-03, 2.800E-01
17/09/2019,23:00,9,3.170,3.670,7.021,.813,.188, 1.001E+03, 1.182E+02, 2.896E-05, 3.469E-16, 0.000E+00, 0.000E+00, 0.000E+00, 0.000E+00,-4.959E+01, 1.215E+01, 3.867E+00, 4.999E-01, 2.091E-01,-9.990E+02, 1.000E+00,-9.990E+02, 0.000E+00, 0.000E+00, 0.000E+00, 1.000E+00, 0.000E+00, 0.000E+00, 0.000E+00, 0.000E+00, 8.843E+01, 3.269E+01, 5.000E-03, 0.000E+00, 2.000E+02, 3.493E-03, 2.902E-01
18/09/2019,00:00,9,3.159,3.659,6.604,.805,.190, 1.001E+03, 1.165E+02, 6.174E-05, 3.469E-16, 0.000E+00, 0.000E+00, 0.000E+00, 0.000E+00,-4.699E+01, 5.515E+00, 3.952E+00, 5.314E-01, 2.178E-01,-9.990E+02, 1.000E+00,-9.990E+02, 0.000E+00, 0.000E+00, 0.000E+00, 1.000E+00, 0.000E+00, 0.000E+00, 0.000E+00, 0.000E+00, 8.328E+01, 3.138E+01, 5.000E-03, 0.000E+00, 2.000E+02, 3.537E-03, 2.920E-01
18/09/2019,01:00,9,3.159,3.659,6.654,.817,.179, 1.002E+03, 1.129E+02, 6.174E-05, 3.469E-16, 0.000E+00, 0.000E+00, 0.000E+00, 0.000E+00,-4.699E+01, 5.515E+00, 4.019E+00, 5.313E-01, 2.215E-01,-9.990E+02, 1.000E+00,-9.990E+02, 0.000E+00, 0.000E+00, 0.000E+00, 1.000E+00, 0.000E+00, 0.000E+00, 0.000E+00, 0.000E+00, 8.189E+01, 3.086E+01, 5.000E-03, 0.000E+00, 2.000E+02, 3.554E-03, 2.850E-01
18/09/2019,02:00,9,3.159,3.659,6.704,.829,.168, 1.002E+03, 1.076E+02, 6.174E-05, 3.469E-16, 0.000E+00, 0.000E+00, 0.000E+00, 0.000E+00,-4.699E+01, 5.515E+00, 4.089E+00, 5.313E-01, 2.254E-01,-9.990E+02, 1.000E+00,-9.990E+02, 0.000E+00, 0.000E+00, 0.000E+00, 1.000E+00, 0.000E+00, 0.000E+00, 0.000E+00, 0.000E+00, 8.048E+01, 3.032E+01, 5.000E-03, 0.000E+00, 2.000E+02, 3.572E-03, 2.820E-01
18/09/2019,03:00,9,3.159,3.659,6.755,.841,.157, 1.003E+03, 1.012E+02, 1.406E-03, 3.469E-16, 0.000E+00, 0.000E+00, 0.000E+00, 0.000E+00,-3.772E+01, 1.017E+01, 4.164E+00, 5.877E-01, 2.364E-01,-9.990E+02, 1.000E+00,-9.990E+02, 0.000E+00, 0.000E+00, 0.000E+00, 1.000E+00, 0.000E+00, 0.000E+00, 0.000E+00, 0.000E+00, 7.449E+01, 2.891E+01, 5.395E-03, 0.000E+00, 1.854E+02, 3.826E-03, 2.961E-01
18/09/2019,04:00,9,3.159,3.659,7.100,.826,.176, 1.003E+03, 9.405E+01, 1.406E-03, 3.469E-16, 0.000E+00, 0.000E+00, 0.000E+00, 0.000E+00,-3.772E+01, 1.017E+01, 4.121E+00, 5.879E-01, 2.340E-01,-9.990E+02, 1.000E+00,-9.990E+02, 0.000E+00, 0.000E+00, 0.000E+00, 1.000E+00, 0.000E+00, 0.000E+00, 0.000E+00, 0.000E+00, 7.525E+01, 2.921E+01, 5.000E-03, 0.000E+00, 2.000E+02, 3.613E-03, 3.396E-01
18/09/2019,05:00,9,3.159,3.659,7.446,.811,.196, 1.004E+03, 8.660E+01, 1.406E-03, 3.469E-16, 1.466E+00, 1.288E+01, 1.665E+01, 4.284E+00,-3.772E+01, 1.017E+01, 4.079E+00, 5.881E-01, 2.317E-01, 3.753E-02, 1.000E+00, 1.741E-01, 4.957E-01, 1.000E-02, 1.000E+00, 1.000E+00, 1.741E-03, 1.097E-05, 3.123E-05, 0.000E+00, 7.600E+01, 2.950E+01, 5.000E-03, 4.750E-05, 1.981E+02, 3.627E-03, 4.180E-01
18/09/2019,06:00,9,3.159,3.659,7.791,.796,.216, 1.004E+03, 7.924E+01, 1.063E-02, 3.469E-16, 3.807E+01, 3.783E+01, 1.161E+02, 1.410E+01, 4.093E+01, 5.169E+01, 4.039E+00, 7.867E-01, 2.435E-01, 1.182E-01, 1.000E+00, 5.052E-01, 9.915E-01, 1.000E-02, 1.000E+00, 1.000E+00, 5.052E-03, 3.186E-05, 6.254E-05, 0.000E+00, 6.718E+01, 2.808E+01, 5.000E-03, 1.380E-04, 1.946E+02, 3.732E-03, 5.102E-01
18/09/2019,07:00,9,3.159,3.659,8.880,.728,.311, 1.005E+03, 7.236E+01, 1.063E-02, 3.469E-16, 9.007E+01, 5.510E+01, 1.703E+02, 2.166E+01, 4.093E+01, 5.169E+01, 4.445E+00, 7.880E-01, 2.679E-01, 1.908E-01, 1.000E+00, 6.678E-01, 9.991E-01, 1.000E-02, 1.000E+00, 1.000E+00, 6.678E-03, 4.228E-05, 6.326E-05, 0.000E+00, 6.107E+01, 2.552E+01, 5.000E-03, 1.831E-04, 1.929E+02, 3.853E-03, 6.148E-01
18/09/2019,08:00,9,3.159,3.659,9.969,.659,.418, 1.005E+03, 6.640E+01, 1.063E-02, 3.469E-16, 1.378E+02, 6.514E+01, 1.985E+02, 2.635E+01, 4.093E+01, 5.169E+01, 4.948E+00, 7.892E-01, 2.982E-01, 2.486E-01, 1.000E+00, 7.458E-01, 9.997E-01, 1.000E-02, 1.000E+00, 1.000E+00, 7.458E-03, 4.740E-05, 6.354E-05, 0.000E+00, 5.487E+01, 2.292E+01, 5.000E-03, 2.053E-04, 1.921E+02, 3.969E-03, 6.647E-01
18/09/2019,09:00,9,3.159,3.659,11.058,.591,.540, 1.006E+03, 6.184E+01, 2.376E-03, 3.469E-16, 1.891E+02, 7.597E+01, 2.317E+02, 3.130E+01, 1.057E+02, 1.043E+02, 5.522E+00, 8.288E-01, 3.376E-01, 2.883E-01, 1.000E+00, 8.035E-01, 9.999E-01, 1.000E-02, 1.000E+00, 1.000E+00, 8.035E-03, 5.127E-05, 6.380E-05, 0.000E+00, 4.713E+01, 2.025E+01, 5.000E-03, 2.221E-04, 1.915E+02, 4.095E-03, 6.474E-01
18/09/2019,10:00,9,3.159,3.659,11.651,.555,.613, 1.007E+03, 5.915E+01, 2.376E-03, 3.469E-16, 2.120E+02, 7.787E+01, 2.391E+02, 3.241E+01, 1.057E+02, 1.043E+02, 5.479E+00, 8.295E-01, 3.350E-01, 3.098E-01, 1.000E+00, 8.180E-01, 9.999E-01, 1.000E-02, 1.000E+00, 1.000E+00, 8.180E-03, 5.230E-05, 6.393E-05, 0.000E+00, 4.750E+01, 2.040E+01, 5.000E-03, 2.265E-04, 1.913E+02, 4.091E-03, 5.852E-01
18/09/2019,11:00,9,3.159,3.659,12.244,.518,.690, 1.007E+03, 5.864E+01, 2.376E-03, 3.469E-16, 2.162E+02, 7.814E+01, 2.403E+02, 3.259E+01, 1.057E+02, 1.043E+02, 5.437E+00, 8.301E-01, 3.324E-01, 3.137E-01, 1.000E+00, 8.203E-01, 9.999E-01, 3.456E-02, 1.000E+00, 1.000E+00, 2.835E-02, 1.816E-04, 2.214E-04, 0.000E+00, 4.788E+01, 2.056E+01, 5.000E-03, 7.868E-04, 1.728E+02, 4.419E-03, 5.380E-01
18/09/2019,12:00,9,3.159,3.659,12.837,.481,.772, 1.008E+03, 6.039E+01, 5.744E-02, 3.469E-16, 1.933E+02, 7.402E+01, 2.263E+02, 3.066E+01, 4.269E+01, 8.665E+01, 5.396E+00, 7.334E-01, 3.264E-01, 3.000E-01, 1.000E+00, 8.016E-01, 9.999E-01, 1.160E-01, 1.000E+00, 1.000E+00, 9.298E-02, 5.970E-04, 7.446E-04, 0.000E+00, 4.976E+01, 2.094E+01, 5.000E-03, 2.586E-03, 1.318E+02, 5.363E-03, 5.189E-01
18/09/2019,13:00,9,3.159,3.659,11.965,.567,.608, 1.008E+03, 6.418E+01, 5.744E-02, 3.469E-16, 1.620E+02, 7.070E+01, 2.149E+02, 2.886E+01, 4.269E+01, 8.665E+01, 4.664E+00, 7.321E-01, 2.822E-01, 2.684E-01, 1.000E+00, 7.767E-01, 9.999E-01, 1.000E-02, 1.000E+00, 1.000E+00, 7.767E-03, 4.971E-05, 6.400E-05, 0.000E+00, 5.755E+01, 2.423E+01, 5.000E-03, 2.153E-04, 1.917E+02, 3.922E-03, 5.114E-01
18/09/2019,14:00,9,3.159,3.659,11.094,.653,.460, 1.009E+03, 6.959E+01, 5.744E-02, 3.469E-16, 1.168E+02, 6.293E+01, 1.925E+02, 2.509E+01, 4.269E+01, 8.665E+01, 3.989E+00, 7.308E-01, 2.414E-01, 2.184E-01, 1.000E+00, 7.214E-01, 9.996E-01, 1.000E-02, 1.000E+00, 1.000E+00, 7.214E-03, 4.603E-05, 6.379E-05, 0.000E+00, 6.727E+01, 2.832E+01, 5.000E-03, 1.994E-04, 1.923E+02, 3.756E-03, 4.943E-01
18/09/2019,15:00,9,3.159,3.659,10.222,.738,.327, 1.009E+03, 7.613E+01, 7.983E-03, 3.469E-16, 6.668E+01, 5.114E+01, 1.587E+02, 1.959E+01,-2.263E+01, 1.712E+01, 3.407E+00, 3.744E-01, 1.830E-01, 1.516E-01, 1.000E+00, 6.207E-01, 9.985E-01, 1.000E-02, 1.000E+00, 1.000E+00, 6.207E-03, 3.949E-05, 6.352E-05, 0.000E+00, 1.018E+02, 3.736E+01, 5.000E-03, 1.710E-04, 1.934E+02, 3.423E-03, 4.279E-01
18/09/2019,16:00,9,3.159,3.659,9.272,.794,.241, 1.010E+03, 8.335E+01, 7.983E-03, 3.469E-16, 1.415E+01, 2.714E+01, 7.064E+01, 9.562E+00,-2.263E+01, 1.712E+01, 3.231E+00, 3.737E-01, 1.735E-01, 7.335E-02, 1.000E+00, 3.706E-01, 9.453E-01, 1.000E-02, 1.000E+00, 1.000E+00, 3.706E-03, 2.350E-05, 5.993E-05, 0.000E+00, 1.074E+02, 3.941E+01, 5.000E-03, 1.018E-04, 1.960E+02, 3.332E-03, 3.741E-01
18/09/2019,17:00,9,3.159,3.659,8.323,.850,.164, 1.010E+03, 9.083E+01, 7.983E-03, 3.469E-16, 0.000E+00, 0.000E+00, 0.000E+00, 0.000E+00,-2.263E+01, 1.712E+01, 3.081E+00, 3.730E-01, 1.653E-01,-9.990E+02, 1.000E+00,-9.990E+02, 0.000E+00, 0.000E+00, 0.000E+00, 1.000E+00, 0.000E+00, 0.000E+00, 0.000E+00, 0.000E+00, 1.127E+02, 4.134E+01, 7.860E-03, 0.000E+00, 1.272E+02, 4.229E-03, 3.448E-01
18/09/2019,18:00,9,3.159,3.659,7.373,.907,.096, 1.010E+03, 9.819E+01, 6.174E-05, 3.469E-16, 0.000E+00, 0.000E+00, 0.000E+00, 0.000E+00,-2.850E+01,-2.190E+00, 2.961E+00, 2.409E-01, 1.172E-01,-9.990E+02, 1.000E+00,-9.990E+02, 0.000E+00, 0.000E+00, 0.000E+00, 1.000E+00, 0.000E+00, 0.000E+00, 0.000E+00, 0.000E+00, 2.155E+02, 5.832E+01, 1.675E-02, 0.000E+00, 5.971E+01, 4.565E-03, 3.449E-01
18/09/2019,19:00,9,3.159,3.659,6.985,.915,.085, 1.010E+03, 1.050E+02, 6.174E-05, 3.469E-16, 0.000E+00, 0.000E+00, 0.000E+00, 0.000E+00,-2.850E+01,-2.190E+00, 2.834E+00, 2.407E-01, 1.121E-01,-9.990E+02, 1.000E+00,-9.990E+02, 0.000E+00, 0.000E+00, 0.000E+00, 1.000E+00, 0.000E+00, 0.000E+00, 0.000E+00, 0.000E+00, 2.254E+02, 6.096E+01, 1.689E-02, 0.000E+00, 5.920E+01, 4.429E-03, 3.388E-01
18/09/2019,20:00,9,3.159,3.659,6.597,.923,.075, 1.010E+03, 1.109E+02, 6.174E-05, 3.469E-16, 0.000E+00, 0.000E+00, 0.000E+00, 0.000E+00,-2.850E+01,-2.190E+00, 2.796E+00, 2.405E-01, 1.105E-01,-9.990E+02, 1.000E+00,-9.990E+02, 0.000E+00, 0.000E+00, 0.000E+00, 1.000E+00, 0.000E+00, 0.000E+00, 0.000E+00, 0.000E+00, 2.288E+02, 6.184E+01, 1.706E-02, 0.000E+00, 5.862E+01, 4.393E-03, 3.780E-01
18/09/2019,21:00,9,3.159,3.659,6.210,.931,.065, 1.011E+03, 1.154E+02, 0.000E+00, 3.469E-16, 0.000E+00, 0.000E+00, 0.000E+00, 0.000E+00,-4.062E+01, 3.302E+00, 2.849E+00, 3.387E-01, 1.347E-01,-9.990E+02, 1.000E+00,-9.990E+02, 0.000E+00, 0.000E+00, 0.000E+00, 1.000E+00, 0.000E+00, 0.000E+00, 0.000E+00, 0.000E+00, 1.570E+02, 5.075E+01, 1.863E-02, 0.000E+00, 5.369E+01, 5.276E-03, 4.574E-01
18/09/2019,22:00,9,3.159,3.659,6.133,.906,.089, 1.011E+03, 1.180E+02, 0.000E+00, 3.469E-16, 0.000E+00, 0.000E+00, 0.000E+00, 0.000E+00,-4.062E+01, 3.302E+00, 3.032E+00, 3.386E-01, 1.434E-01,-9.990E+02, 1.000E+00,-9.990E+02, 0.000E+00, 0.000E+00, 0.000E+00, 1.000E+00, 0.000E+00, 0.000E+00, 0.000E+00, 0.000E+00, 1.476E+02, 4.768E+01, 1.219E-02, 0.000E+00, 8.205E+01, 4.769E-03, 4.418E-01
18/09/2019,23:00,9,3.159,3.659,6.057,.881,.112, 1.011E+03, 1.186E+02, 0.000E+00, 3.469E-16, 0.000E+00, 0.000E+00, 0.000E+00, 0.000E+00,-4.062E+01, 3.302E+00, 3.362E+00, 3.385E-01, 1.589E-01,-9.990E+02, 1.000E+00,-9.990E+02, 0.000E+00, 0.000E+00, 0.000E+00, 1.000E+00, 0.000E+00, 0.000E+00, 0.000E+00, 0.000E+00, 1.332E+02, 4.302E+01, 9.200E-03, 0.000E+00, 1.087E+02, 4.467E-03, 4.713E-01
19/09/2019,00:00,9,3.148,3.648,5.980,.856,.135, 1.012E+03, 1.169E+02, 1.024E-02, 3.469E-16, 0.000E+00, 0.000E+00, 0.000E+00, 0.000E+00,-4.767E+01, 8.392E+00, 3.799E+00, 5.003E-01, 2.064E-01,-9.990E+02, 1.000E+00,-9.990E+02, 0.000E+00, 0.000E+00, 0.000E+00, 1.000E+00, 0.000E+00, 0.000E+00, 0.000E+00, 0.000E+00, 8.918E+01, 3.312E+01, 6.021E-03, 0.000E+00, 1.661E+02, 3.945E-03, 4.975E-01
19/09/2019,01:00,9,3.148,3.648,6.085,.866,.126, 1.012E+03, 1.132E+02, 1.024E-02, 3.469E-16, 0.000E+00, 0.000E+00, 0.000E+00, 0.000E+00,-4.767E+01, 8.392E+00, 3.850E+00, 5.003E-01, 2.092E-01,-9.990E+02, 1.000E+00,-9.990E+02, 0.000E+00, 0.000E+00, 0.000E+00, 1.000E+00, 0.000E+00, 0.000E+00, 0.000E+00, 0.000E+00, 8.799E+01, 3.268E+01, 6.902E-03, 0.000E+00, 1.449E+02, 4.327E-03, 3.410E-01
19/09/2019,02:00,9,3.148,3.648,6.190,.877,.117, 1.013E+03, 1.079E+02, 1.024E-02, 3.469E-16, 0.000E+00, 0.000E+00, 0.000E+00, 0.000E+00,-4.767E+01, 8.392E+00, 3.903E+00, 5.004E-01, 2.121E-01,-9.990E+02, 1.000E+00,-9.990E+02, 0.000E+00, 0.000E+00, 0.000E+00, 1.000E+00, 0.000E+00, 0.000E+00, 0.000E+00, 0.000E+00, 8.679E+01, 3.223E+01, 8.544E-03, 0.000E+00, 1.170E+02, 4.947E-03, 2.567E-01
19/09/2019,03:00,9,3.148,3.648,6.295,.888,.107, 1.013E+03, 1.015E+02, 0.000E+00, 3.469E-16, 0.000E+00, 0.000E+00, 0.000E+00, 0.000E+00,-4.112E+01, 1.116E+01, 3.957E+00, 5.733E-01, 2.231E-01,-9.990E+02, 1.000E+00,-9.990E+02, 0.000E+00, 0.000E+00, 0.000E+00, 1.000E+00, 0.000E+00, 0.000E+00, 0.000E+00, 0.000E+00, 7.950E+01, 3.064E+01, 9.797E-03, 0.000E+00, 1.021E+02, 5.475E-03, 2.516E-01
19/09/2019,04:00,9,3.148,3.648,6.481,.862,.133, 1.013E+03, 9.434E+01, 0.000E+00, 3.469E-16, 0.000E+00, 0.000E+00, 0.000E+00, 0.000E+00,-4.112E+01, 1.116E+01, 3.887E+00, 5.733E-01, 2.192E-01,-9.990E+02, 1.000E+00,-9.990E+02, 0.000E+00, 0.000E+00, 0.000E+00, 1.000E+00, 0.000E+00, 0.000E+00, 0.000E+00, 0.000E+00, 8.092E+01, 3.119E+01, 7.286E-03, 0.000E+00, 1.373E+02, 4.560E-03, 2.885E-01
19/09/2019,05:00,9,3.148,3.648,6.667,.836,.161, 1.014E+03, 8.689E+01, 0.000E+00, 3.469E-16, 1.068E+00, 1.298E+01, 1.416E+01, 4.310E+00,-4.112E+01, 1.116E+01, 3.820E+00, 5.734E-01, 2.154E-01, 3.443E-02, 1.000E+00, 1.720E-01, 4.415E-01, 1.000E-02, 1.000E+00, 1.000E+00, 1.720E-03, 1.081E-05, 2.773E-05, 0.000E+00, 8.233E+01, 3.173E+01, 5.000E-03, 4.665E-05, 1.982E+02, 3.551E-03, 3.527E-01
19/09/2019,06:00,9,3.148,3.648,6.853,.810,.188, 1.014E+03, 7.954E+01, 0.000E+00, 3.469E-16, 3.930E+01, 4.073E+01, 1.233E+02, 1.515E+01, 9.365E+01, 6.133E+01, 3.757E+00, 7.098E-01, 2.318E-01, 1.154E-01, 1.000E+00, 5.248E-01, 9.937E-01, 1.000E-02, 1.000E+00, 1.000E+00, 5.248E-03, 3.299E-05, 6.246E-05, 0.000E+00, 6.751E+01, 2.949E+01, 5.000E-03, 1.424E-04, 1.945E+02, 3.690E-03, 4.209E-01
19/09/2019,07:00,9,3.148,3.648,7.980,.739,.280, 1.015E+03, 7.267E+01, 0.000E+00, 3.469E-16, 9.593E+01, 6.006E+01, 1.846E+02, 2.359E+01, 9.365E+01, 6.133E+01, 3.953E+00, 7.110E-01, 2.439E-01, 1.883E-01, 1.000E+00, 6.923E-01, 9.995E-01, 1.000E-02, 1.000E+00, 1.000E+00, 6.923E-03, 4.369E-05, 6.308E-05, 0.000E+00, 6.418E+01, 2.803E+01, 5.000E-03, 1.886E-04, 1.927E+02, 3.766E-03, 4.529E-01
19/09/2019,08:00,9,3.148,3.648,9.107,.668,.385, 1.015E+03, 6.673E+01, 0.000E+00, 3.469E-16, 1.482E+02, 7.138E+01, 2.165E+02, 2.888E+01, 9.365E+01, 6.133E+01, 4.182E+00, 7.122E-01, 2.579E-01, 2.463E-01, 1.000E+00, 7.702E-01, 9.999E-01, 1.000E-02, 1.000E+00, 1.000E+00, 7.702E-03, 4.880E-05, 6.335E-05, 0.000E+00, 6.070E+01, 2.650E+01, 5.000E-03, 2.106E-04, 1.919E+02, 3.836E-03, 5.007E-01
19/09/2019,09:00,9,3.148,3.648,10.234,.596,.505, 1.016E+03, 6.220E+01, 1.585E-02, 3.469E-16, 1.878E+02, 7.677E+01, 2.329E+02, 3.163E+01, 1.689E+02, 1.152E+02, 4.438E+00, 7.515E-01, 2.777E-01, 2.862E-01, 1.000E+00, 8.056E-01, 9.999E-01, 1.000E-02, 1.000E+00, 1.000E+00, 8.056E-03, 5.125E-05, 6.361E-05, 0.000E+00, 5.490E+01, 2.461E+01, 5.000E-03, 2.212E-04, 1.915E+02, 3.919E-03, 5.860E-01
19/09/2019,10:00,9,3.148,3.648,10.721,.537,.598, 1.016E+03, 5.952E+01, 1.585E-02, 3.469E-16, 2.108E+02, 7.881E+01, 2.406E+02, 3.280E+01, 1.689E+02, 1.152E+02, 4.594E+00, 7.521E-01, 2.874E-01, 3.078E-01, 1.000E+00, 8.204E-01, 9.999E-01, 1.000E-02, 1.000E+00, 1.000E+00, 8.204E-03, 5.228E-05, 6.372E-05, 0.000E+00, 5.305E+01, 2.378E+01, 5.000E-03, 2.257E-04, 1.914E+02, 3.955E-03, 6.167E-01
19/09/2019,11:00,9,3.148,3.648,11.209,.478,.697, 1.016E+03, 5.903E+01, 1.585E-02, 3.469E-16, 2.150E+02, 7.910E+01, 2.419E+02, 3.298E+01, 1.689E+02, 1.152E+02, 4.749E+00, 7.527E-01, 2.971E-01, 3.116E-01, 1.000E+00, 8.227E-01, 1.000E+00, 1.000E-02, 1.000E+00, 1.000E+00, 8.227E-03, 5.252E-05, 6.383E-05, 0.000E+00, 5.133E+01, 2.301E+01, 5.000E-03, 2.267E-04, 1.913E+02, 3.987E-03, 6.360E-01
19/09/2019,12:00,9,3.148,3.648,11.696,.419,.801, 1.016E+03, 6.079E+01, 0.000E+00, 3.469E-16, 2.002E+02, 7.805E+01, 2.374E+02, 3.233E+01, 6.769E+01, 1.088E+02, 4.905E+00, 6.573E-01, 3.018E-01, 2.977E-01, 1.000E+00, 8.142E-01, 9.999E-01, 1.000E-02, 1.000E+00, 1.000E+00, 8.142E-03, 5.206E-05, 6.394E-05, 0.000E+00, 5.212E+01, 2.265E+01, 5.000E-03, 2.247E-04, 1.914E+02, 3.996E-03, 6.282E-01
19/09/2019,13:00,9,3.148,3.648,11.739,.425,.796, 1.017E+03, 6.458E+01, 0.000E+00, 3.469E-16, 1.671E+02, 7.432E+01, 2.250E+02, 3.033E+01, 6.769E+01, 1.088E+02, 4.308E+00, 6.573E-01, 2.651E-01, 2.658E-01, 1.000E+00, 7.891E-01, 9.999E-01, 1.000E-02, 1.000E+00, 1.000E+00, 7.891E-03, 5.047E-05, 6.395E-05, 0.000E+00, 5.934E+01, 2.579E+01, 5.000E-03, 2.178E-04, 1.917E+02, 3.866E-03, 5.948E-01
19/09/2019,14:00,9,3.148,3.648,11.781,.431,.790, 1.017E+03, 6.998E+01, 0.000E+00, 3.469E-16, 1.194E+02, 6.581E+01, 2.006E+02, 2.623E+01, 6.769E+01, 1.088E+02, 3.715E+00, 6.573E-01, 2.285E-01, 2.153E-01, 1.000E+00, 7.331E-01, 9.997E-01, 1.000E-02, 1.000E+00, 1.000E+00, 7.331E-03, 4.689E-05, 6.395E-05, 0.000E+00, 6.882E+01, 2.991E+01, 5.000E-03, 2.024E-04, 1.922E+02, 3.705E-03, 5.353E-01
19/09/2019,15:00,9,3.148,3.648,11.824,.437,.784, 1.017E+03, 7.651E+01, 0.000E+00, 3.469E-16, 6.020E+01, 4.778E+01, 1.473E+02, 1.828E+01,-2.282E+01, 2.389E+01, 3.126E+00, 2.179E-01, 1.208E-01, 1.480E-01, 1.000E+00, 5.979E-01, 9.977E-01, 1.000E-02, 1.000E+00, 1.000E+00, 5.979E-03, 3.825E-05, 6.382E-05, 0.000E+00, 2.142E+02, 5.658E+01, 5.000E-03, 1.651E-04, 1.936E+02, 2.868E-03, 4.308E-01
19/09/2019,16:00,9,3.148,3.648,10.357,.501,.629, 1.017E+03, 8.373E+01, 0.000E+00, 3.469E-16, 1.142E+01, 2.451E+01, 6.085E+01, 8.594E+00,-2.282E+01, 2.389E+01, 2.775E+00, 2.174E-01, 1.070E-01, 6.940E-02, 1.000E+00, 3.408E-01, 9.181E-01, 1.000E-02, 1.000E+00, 1.000E+00, 3.408E-03, 2.169E-05, 5.843E-05, 0.000E+00, 2.426E+02, 6.391E+01, 5.000E-03, 9.363E-05, 1.963E+02, 2.691E-03, 3.404E-01
19/09/2019,17:00,9,3.148,3.648,8.890,.565,.496, 1.017E+03, 9.121E+01, 0.000E+00, 3.469E-16, 0.000E+00, 0.000E+00, 0.000E+00, 0.000E+00,-2.282E+01, 2.389E+01, 2.630E+00, 2.168E-01, 1.011E-01,-9.990E+02, 1.000E+00,-9.990E+02, 0.000E+00, 0.000E+00, 0.000E+00, 1.000E+00, 0.000E+00, 0.000E+00, 0.000E+00, 0.000E+00, 2.575E+02, 6.763E+01, 5.000E-03, 0.000E+00, 2.000E+02, 2.594E-03, 3.084E-01
19/09/2019,18:00,9,3.148,3.648,7.423,.630,.382, 1.017E+03, 9.857E+01, 0.000E+00, 3.469E-16, 0.000E+00, 0.000E+00, 0.000E+00, 0.000E+00,-1.718E+01, 6.406E+00, 2.723E+00, 1.529E-01, 1.000E-01,-9.990E+02, 1.000E+00,-9.990E+02, 0.000E+00, 0.000E+00, 0.000E+00, 1.000E+00, 0.000E+00, 0.000E+00, 0.000E+00, 0.000E+00, 3.655E+02, 6.835E+01, 5.000E-03, 0.000E+00, 2.000E+02, 2.517E-03, 3.925E-01
19/09/2019,19:00,9,3.148,3.648,6.908,.666,.333, 1.017E+03, 1.054E+02, 0.000E+00, 3.469E-16, 0.000E+00, 0.000E+00, 0.000E+00, 0.000E+00,-1.718E+01, 6.406E+00, 2.611E+00, 1.527E-01, 1.000E-01,-9.990E+02, 1.000E+00,-9.990E+02, 0.000E+00, 0.000E+00, 0.000E+00, 1.000E+00, 0.000E+00, 0.000E+00, 0.000E+00, 0.000E+00, 3.660E+02, 6.835E+01, 5.000E-03, 0.000E+00, 2.000E+02, 2.517E-03, 4.544E-01
19/09/2019,20:00,9,3.148,3.648,6.393,.701,.287, 1.017E+03, 1.113E+02, 0.000E+00, 3.469E-16, 0.000E+00, 0.000E+00, 0.000E+00, 0.000E+00,-1.718E+01, 6.406E+00, 2.508E+00, 1.526E-01, 1.000E-01,-9.990E+02, 1.000E+00,-9.990E+02, 0.000E+00, 0.000E+00, 0.000E+00, 1.000E+00, 0.000E+00, 0.000E+00, 0.000E+00, 0.000E+00, 3.665E+02, 6.835E+01, 5.000E-03, 0.000E+00, 2.000E+02, 2.517E-03, 5.070E-01
19/09/2019,21:00,9,3.148,3.648,5.878,.737,.244, 1.017E+03, 1.158E+02, 0.000E+00, 3.469E-16, 0.000E+00, 0.000E+00, 0.000E+00, 0.000E+00,-2.387E+01, 5.898E+00, 2.413E+00, 2.149E-01, 1.000E-01,-9.990E+02, 1.000E+00,-9.990E+02, 0.000E+00, 0.000E+00, 0.000E+00, 1.000E+00, 0.000E+00, 0.000E+00, 0.000E+00, 0.000E+00, 2.670E+02, 6.835E+01, 5.000E-03, 0.000E+00, 2.000E+02, 2.577E-03, 5.902E-01
19/09/2019,22:00,9,3.148,3.648,5.590,.754,.223, 1.017E+03, 1.184E+02, 0.000E+00, 3.469E-16, 0.000E+00, 0.000E+00, 0.000E+00, 0.000E+00,-2.387E+01, 5.898E+00, 2.519E+00, 2.148E-01, 1.000E-01,-9.990E+02, 1.000E+00,-9.990E+02, 0.000E+00, 0.000E+00, 0.000E+00, 1.000E+00, 0.000E+00, 0.000E+00, 0.000E+00, 0.000E+00, 2.671E+02, 6.835E+01, 5.000E-03, 0.000E+00, 2.000E+02, 2.576E-03, 6.781E-01
19/09/2019,23:00,9,3.148,3.648,5.303,.771,.204, 1.017E+03, 1.190E+02, 0.000E+00, 3.469E-16, 0.000E+00, 0.000E+00, 0.000E+00, 0.000E+00,-2.387E+01, 5.898E+00, 2.652E+00, 2.147E-01, 1.000E-01,-9.990E+02, 1.000E+00,-9.990E+02, 0.000E+00, 0.000E+00, 0.000E+00, 1.000E+00, 0.000E+00, 0.000E+00, 0.000E+00, 0.000E+00, 2.673E+02, 6.835E+01, 5.000E-03, 0.000E+00, 2.000E+02, 2.576E-03, 7.801E-01
20/09/2019,00:00,9,3.137,3.637,5.015,.789,.185, 1.017E+03, 1.172E+02, 0.000E+00, 3.469E-16, 0.000E+00, 0.000E+00, 0.000E+00, 0.000E+00,-2.738E+01, 5.481E+00, 2.807E+00, 2.424E-01, 1.136E-01,-9.990E+02, 1.000E+00,-9.990E+02, 0.000E+00, 0.000E+00, 0.000E+00, 1.000E+00, 0.000E+00, 0.000E+00, 0.000E+00, 0.000E+00, 2.177E+02, 6.019E+01, 5.000E-03, 0.000E+00, 2.000E+02, 2.747E-03, 8.617E-01
20/09/2019,01:00,9,3.137,3.637,4.756,.802,.169, 1.017E+03, 1.135E+02, 0.000E+00, 3.469E-16, 0.000E+00, 0.000E+00, 0.000E+00, 0.000E+00,-2.738E+01, 5.481E+00, 2.774E+00, 2.423E-01, 1.122E-01,-9.990E+02, 1.000E+00,-9.990E+02, 0.000E+00, 0.000E+00, 0.000E+00, 1.000E+00, 0.000E+00, 0.000E+00, 0.000E+00, 0.000E+00, 2.205E+02, 6.093E+01, 5.000E-03, 0.000E+00, 2.000E+02, 2.732E-03, 8.791E-01
20/09/2019,02:00,9,3.137,3.637,4.497,.816,.155, 1.017E+03, 1.082E+02, 0.000E+00, 3.469E-16, 0.000E+00, 0.000E+00, 0.000E+00, 0.000E+00,-2.738E+01, 5.481E+00, 2.745E+00, 2.422E-01, 1.109E-01,-9.990E+02, 1.000E+00,-9.990E+02, 0.000E+00, 0.000E+00, 0.000E+00, 1.000E+00, 0.000E+00, 0.000E+00, 0.000E+00, 0.000E+00, 2.231E+02, 6.162E+01, 5.000E-03, 0.000E+00, 2.000E+02, 2.718E-03, 8.606E-01
20/09/2019,03:00,9,3.137,3.637,4.238,.830,.140, 1.016E+03, 1.018E+02, 0.000E+00, 3.469E-16, 0.000E+00, 0.000E+00, 0.000E+00, 0.000E+00,-1.305E+01, 6.102E+00, 2.718E+00, 2.100E-01, 1.201E-01,-9.990E+02, 1.000E+00,-9.990E+02, 0.000E+00, 0.000E+00, 0.000E+00, 1.000E+00, 0.000E+00, 0.000E+00, 0.000E+00, 0.000E+00, 1.883E+02, 5.689E+01, 5.134E-03, 0.000E+00, 1.948E+02, 2.872E-03, 8.494E-01
20/09/2019,04:00,9,3.137,3.637,4.585,.823,.150, 1.016E+03, 9.463E+01, 0.000E+00, 3.469E-16, 0.000E+00, 0.000E+00, 0.000E+00, 0.000E+00,-1.305E+01, 6.102E+00, 2.398E+00, 2.101E-01, 1.061E-01,-9.990E+02, 1.000E+00,-9.990E+02, 0.000E+00, 0.000E+00, 0.000E+00, 1.000E+00, 0.000E+00, 0.000E+00, 0.000E+00, 0.000E+00, 2.132E+02, 6.445E+01, 5.000E-03, 0.000E+00, 2.000E+02, 2.675E-03, 9.030E-01
20/09/2019,05:00,9,3.137,3.637,4.932,.816,.160, 1.016E+03, 8.719E+01, 0.000E+00, 3.469E-16, 2.438E-01, 8.189E+00, 5.187E+00, 2.704E+00,-1.305E+01, 6.102E+00, 2.140E+00, 2.103E-01, 1.000E-01, 3.130E-02, 1.000E+00, 1.080E-01, 1.921E-01, 1.000E-02, 1.000E+00, 1.000E+00, 1.080E-03, 6.739E-06, 1.199E-05, 0.000E+00, 2.260E+02, 6.835E+01, 5.000E-03, 2.899E-05, 1.988E+02, 2.610E-03, 1.038E+00
20/09/2019,06:00,9,3.137,3.637,5.279,.809,.170, 1.016E+03, 7.984E+01, 0.000E+00, 3.469E-16, 8.955E+00, 3.598E+01, 3.761E+01, 1.223E+01, 3.403E+01, 3.591E+01, 1.967E+00, 3.249E-01, 1.286E-01, 1.125E-01, 1.000E+00, 4.395E-01, 7.871E-01, 1.000E-02, 1.000E+00, 1.000E+00, 4.395E-03, 2.747E-05, 4.919E-05, 0.000E+00, 1.095E+02, 5.315E+01, 5.000E-03, 1.182E-04, 1.954E+02, 3.025E-03, 1.195E+00
20/09/2019,07:00,9,3.137,3.637,6.656,.749,.246, 1.016E+03, 7.298E+01, 0.000E+00, 3.469E-16, 2.254E+01, 6.673E+01, 6.137E+01, 2.285E+01, 3.403E+01, 3.591E+01, 1.851E+00, 3.257E-01, 1.209E-01, 1.857E-01, 1.000E+00, 6.670E-01, 9.199E-01, 1.000E-02, 1.000E+00, 1.000E+00, 6.670E-03, 4.190E-05, 5.778E-05, 0.000E+00, 1.166E+02, 5.652E+01, 5.000E-03, 1.802E-04, 1.930E+02, 2.969E-03, 1.062E+00
20/09/2019,08:00,9,3.137,3.637,8.032,.689,.335, 1.016E+03, 6.707E+01, 0.000E+00, 3.469E-16, 3.515E+01, 9.139E+01, 7.644E+01, 3.134E+01, 3.403E+01, 3.591E+01, 1.744E+00, 3.266E-01, 1.139E-01, 2.440E-01, 1.000E+00, 7.812E-01, 9.569E-01, 1.000E-02, 1.000E+00, 1.000E+00, 7.812E-03, 4.931E-05, 6.040E-05, 0.000E+00, 1.238E+02, 6.000E+01, 5.000E-03, 2.121E-04, 1.919E+02, 2.903E-03, 9.010E-01
20/09/2019,09:00,9,3.137,3.637,9.409,.628,.439, 1.015E+03, 6.255E+01, 4.590E-03, 3.469E-16, 2.804E+01, 1.015E+02, 6.474E+01, 3.432E+01, 4.844E+01, 6.138E+01, 1.649E+00, 4.472E-01, 1.045E-01, 2.841E-01, 1.000E+00, 8.057E-01, 9.302E-01, 1.000E-02, 1.000E+00, 1.000E+00, 8.057E-03, 5.110E-05, 5.901E-05, 0.000E+00, 1.425E+02, 6.541E+01, 5.000E-03, 2.198E-04, 1.916E+02, 2.778E-03, 8.805E-01
20/09/2019,10:00,9,3.137,3.637,9.938,.613,.475, 1.015E+03, 5.990E+01, 4.590E-03, 3.469E-16, 3.153E+01, 1.104E+02, 6.877E+01, 3.734E+01, 4.844E+01, 6.138E+01, 2.208E+00, 4.478E-01, 1.399E-01, 3.058E-01, 1.000E+00, 8.325E-01, 9.409E-01, 1.000E-02, 1.000E+00, 1.000E+00, 8.325E-03, 5.290E-05, 5.979E-05, 0.000E+00, 1.065E+02, 4.886E+01, 5.000E-03, 2.276E-04, 1.913E+02, 3.154E-03, 9.372E-01
20/09/2019,11:00,9,3.137,3.637,10.467,.597,.512, 1.014E+03, 5.942E+01, 4.590E-03, 3.469E-16, 3.215E+01, 1.120E+02, 6.947E+01, 3.786E+01, 4.844E+01, 6.138E+01, 2.831E+00, 4.483E-01, 1.794E-01, 3.095E-01, 1.000E+00, 8.367E-01, 9.426E-01, 1.000E-02, 1.000E+00, 1.000E+00, 8.367E-03, 5.327E-05, 6.001E-05, 0.000E+00, 8.309E+01, 3.811E+01, 5.000E-03, 2.291E-04, 1.912E+02, 3.456E-03, 1.035E+00
20/09/2019,12:00,9,3.137,3.637,10.995,.581,.552, 1.014E+03, 6.119E+01, 1.893E-01, 3.469E-16, 2.347E+01, 1.017E+02, 5.856E+01, 3.421E+01, 5.027E+00, 4.775E+01, 3.484E+00, 5.088E-01, 2.084E-01, 2.954E-01, 1.000E+00, 8.009E-01, 9.101E-01, 1.000E-02, 1.000E+00, 1.000E+00, 8.009E-03, 5.109E-05, 5.805E-05, 0.000E+00, 7.967E+01, 3.280E+01, 5.000E-03, 2.197E-04, 1.916E+02, 3.606E-03, 1.259E+00
20/09/2019,13:00,9,3.137,3.637,10.861,.647,.461, 1.013E+03, 6.498E+01, 1.893E-01, 3.469E-16, 1.953E+01, 8.879E+01, 5.297E+01, 2.988E+01, 5.027E+00, 4.775E+01, 3.341E+00, 5.089E-01, 1.998E-01, 2.631E-01, 1.000E+00, 7.546E-01, 8.868E-01, 1.000E-02, 1.000E+00, 1.000E+00, 7.546E-03, 4.811E-05, 5.654E-05, 0.000E+00, 8.309E+01, 3.421E+01, 5.000E-03, 2.069E-04, 1.921E+02, 3.552E-03, 1.105E+00
20/09/2019,14:00,9,3.137,3.637,10.727,.712,.372, 1.012E+03, 7.037E+01, 1.893E-01, 3.469E-16, 1.386E+01, 6.876E+01, 4.376E+01, 2.314E+01, 5.027E+00, 4.775E+01, 3.230E+00, 5.090E-01, 1.932E-01, 2.122E-01, 1.000E+00, 6.607E-01, 8.347E-01, 1.000E-02, 1.000E+00, 1.000E+00, 6.607E-03, 4.211E-05, 5.319E-05, 0.000E+00, 8.594E+01, 3.538E+01, 5.000E-03, 1.811E-04, 1.930E+02, 3.502E-03, 7.616E-01
20/09/2019,15:00,9,3.137,3.637,10.594,.778,.284, 1.011E+03, 7.690E+01, 2.642E-01, 3.469E-16, 6.014E+01, 4.886E+01, 1.514E+02, 1.869E+01,-5.208E+01, 3.897E+01, 3.156E+00, 4.274E-01, 1.611E-01, 1.444E-01, 1.000E+00, 6.031E-01, 9.980E-01, 1.000E-02, 1.000E+00, 1.000E+00, 6.031E-03, 3.842E-05, 6.357E-05, 0.000E+00, 1.216E+02, 4.243E+01, 5.000E-03, 1.652E-04, 1.936E+02, 3.265E-03, 5.639E-01
20/09/2019,16:00,9,3.137,3.637,10.102,.834,.205, 1.011E+03, 8.411E+01, 2.642E-01, 3.469E-16, 1.017E+01, 2.417E+01, 5.801E+01, 8.447E+00,-5.208E+01, 3.897E+01, 3.246E+00, 4.271E-01, 1.657E-01, 6.542E-02, 1.000E+00, 3.337E-01, 9.080E-01, 1.000E-02, 1.000E+00, 1.000E+00, 3.337E-03, 2.122E-05, 5.774E-05, 0.000E+00, 1.183E+02, 4.126E+01, 5.000E-03, 9.127E-05, 1.964E+02, 3.268E-03, 4.374E-01
20/09/2019,17:00,9,3.137,3.637,9.611,.890,.131, 1.011E+03, 9.159E+01, 2.642E-01, 3.469E-16, 0.000E+00, 0.000E+00, 0.000E+00, 0.000E+00,-5.208E+01, 3.897E+01, 3.466E+00, 4.267E-01, 1.768E-01,-9.990E+02, 1.000E+00,-9.990E+02, 0.000E+00, 0.000E+00, 0.000E+00, 1.000E+00, 0.000E+00, 0.000E+00, 0.000E+00, 0.000E+00, 1.109E+02, 3.867E+01, 1.053E-02, 0.000E+00, 9.498E+01, 5.059E-03, 3.798E-01
20/09/2019,18:00,9,3.137,3.637,9.120,.947,.062, 1.010E+03, 9.895E+01, 6.288E-03, 3.469E-16, 0.000E+00, 0.000E+00, 0.000E+00, 0.000E+00,-5.641E+01, 8.881E+00, 3.791E+00, 3.902E-01, 1.826E-01,-9.990E+02, 1.000E+00,-9.990E+02, 0.000E+00, 0.000E+00, 0.000E+00, 1.000E+00, 0.000E+00, 0.000E+00, 0.000E+00, 0.000E+00, 1.136E+02, 3.742E+01, 2.028E-02, 0.000E+00, 4.932E+01, 6.698E-03, 3.658E-01
20/09/2019,19:00,9,3.137,3.637,8.930,.946,.061, 1.010E+03, 1.058E+02, 6.288E-03, 3.469E-16, 0.000E+00, 0.000E+00, 0.000E+00, 0.000E+00,-5.641E+01, 8.881E+00, 3.569E+00, 3.901E-01, 1.719E-01,-9.990E+02, 1.000E+00,-9.990E+02, 0.000E+00, 0.000E+00, 0.000E+00, 1.000E+00, 0.000E+00, 0.000E+00, 0.000E+00, 0.000E+00, 1.208E+02, 3.976E+01, 2.205E-02, 0.000E+00, 4.535E+01, 6.597E-03, 3.556E-01
20/09/2019,20:00,9,3.137,3.637,8.740,.946,.061, 1.010E+03, 1.117E+02, 6.288E-03, 3.469E-16, 0.000E+00, 0.000E+00, 0.000E+00, 0.000E+00,-5.641E+01, 8.881E+00, 3.390E+00, 3.900E-01, 1.633E-01,-9.990E+02, 1.000E+00,-9.990E+02, 0.000E+00, 0.000E+00, 0.000E+00, 1.000E+00, 0.000E+00, 0.000E+00, 0.000E+00, 0.000E+00, 1.272E+02, 4.186E+01, 2.221E-02, 0.000E+00, 4.502E+01, 6.375E-03, 3.797E-01
20/09/2019,21:00,9,3.137,3.637,8.549,.946,.060, 1.010E+03, 1.162E+02, 1.701E-02, 3.469E-16, 0.000E+00, 0.000E+00, 0.000E+00, 0.000E+00,-3.596E+01, 1.086E+00, 3.263E+00, 2.670E-01, 1.324E-01,-9.990E+02, 1.000E+00,-9.990E+02, 0.000E+00, 0.000E+00, 0.000E+00, 1.000E+00, 0.000E+00, 0.000E+00, 0.000E+00, 0.000E+00, 1.861E+02, 5.162E+01, 2.073E-02, 0.000E+00, 4.824E+01, 5.295E-03, 4.011E-01
20/09/2019,22:00,9,3.137,3.637,8.465,.949,.057, 1.010E+03, 1.188E+02, 1.701E-02, 3.469E-16, 0.000E+00, 0.000E+00, 0.000E+00, 0.000E+00,-3.596E+01, 1.086E+00, 3.189E+00, 2.669E-01, 1.294E-01,-9.990E+02, 1.000E+00,-9.990E+02, 0.000E+00, 0.000E+00, 0.000E+00, 1.000E+00, 0.000E+00, 0.000E+00, 0.000E+00, 0.000E+00, 1.905E+02, 5.282E+01, 2.080E-02, 0.000E+00, 4.808E+01, 5.209E-03, 4.378E-01
20/09/2019,23:00,9,3.137,3.637,8.380,.951,.054, 1.010E+03, 1.193E+02, 1.701E-02, 3.469E-16, 0.000E+00, 0.000E+00, 0.000E+00, 0.000E+00,-3.596E+01, 1.086E+00, 3.117E+00, 2.669E-01, 1.264E-01,-9.990E+02, 1.000E+00,-9.990E+02, 0.000E+00, 0.000E+00, 0.000E+00, 1.000E+00, 0.000E+00, 0.000E+00, 0.000E+00, 0.000E+00, 1.950E+02, 5.406E+01, 2.408E-02, 0.000E+00, 4.153E+01, 5.296E-03, 4.713E-01
21/09/2019,00:00,9,3.126,3.626,8.296,.953,.051, 1.010E+03, 1.176E+02, 2.013E-02, 3.469E-16, 0.000E+00, 0.000E+00, 0.000E+00, 0.000E+00,-3.689E+01, 1.096E+01, 3.045E+00, 3.314E-01, 1.448E-01,-9.990E+02, 1.000E+00,-9.990E+02, 0.000E+00, 0.000E+00, 0.000E+00, 1.000E+00, 0.000E+00, 0.000E+00, 0.000E+00, 0.000E+00, 1.451E+02, 4.719E+01, 2.416E-02, 0.000E+00, 4.139E+01, 5.966E-03, 4.999E-01
21/09/2019,01:00,9,3.126,3.626,9.043,.946,.062, 1.010E+03, 1.139E+02, 2.013E-02, 3.469E-16, 0.000E+00, 0.000E+00, 0.000E+00, 0.000E+00,-3.689E+01, 1.096E+01, 3.002E+00, 3.319E-01, 1.429E-01,-9.990E+02, 1.000E+00,-9.990E+02, 0.000E+00, 0.000E+00, 0.000E+00, 1.000E+00, 0.000E+00, 0.000E+00, 0.000E+00, 0.000E+00, 1.470E+02, 4.783E+01, 1.883E-02, 0.000E+00, 5.309E+01, 5.524E-03, 5.110E-01
21/09/2019,02:00,9,3.126,3.626,9.790,.939,.074, 1.009E+03, 1.086E+02, 2.013E-02, 3.469E-16, 0.000E+00, 0.000E+00, 0.000E+00, 0.000E+00,-3.689E+01, 1.096E+01, 3.004E+00, 3.324E-01, 1.431E-01,-9.990E+02, 1.000E+00,-9.990E+02, 0.000E+00, 0.000E+00, 0.000E+00, 1.000E+00, 0.000E+00, 0.000E+00, 0.000E+00, 0.000E+00, 1.467E+02, 4.776E+01, 1.589E-02, 0.000E+00, 6.292E+01, 5.245E-03, 5.192E-01
21/09/2019,03:00,9,3.126,3.626,10.537,.932,.087, 1.009E+03, 1.021E+02, 0.000E+00, 3.469E-16, 0.000E+00, 0.000E+00, 0.000E+00, 0.000E+00,-3.399E+01, 1.373E+01, 3.051E+00, 3.484E-01, 1.513E-01,-9.990E+02, 1.000E+00,-9.990E+02, 0.000E+00, 0.000E+00, 0.000E+00, 1.000E+00, 0.000E+00, 0.000E+00, 0.000E+00, 0.000E+00, 1.332E+02, 4.516E+01, 1.551E-02, 0.000E+00, 6.448E+01, 5.412E-03, 5.264E-01
21/09/2019,04:00,9,3.126,3.626,10.721,.917,.108, 1.009E+03, 9.493E+01, 0.000E+00, 3.469E-16, 0.000E+00, 0.000E+00, 0.000E+00, 0.000E+00,-3.399E+01, 1.373E+01, 3.149E+00, 3.485E-01, 1.562E-01,-9.990E+02, 1.000E+00,-9.990E+02, 0.000E+00, 0.000E+00, 0.000E+00, 1.000E+00, 0.000E+00, 0.000E+00, 0.000E+00, 0.000E+00, 1.290E+02, 4.375E+01, 1.159E-02, 0.000E+00, 8.630E+01, 4.930E-03, 5.571E-01
21/09/2019,05:00,9,3.126,3.626,10.906,.901,.129, 1.009E+03, 8.748E+01, 0.000E+00, 3.469E-16, 3.974E-01, 1.050E+01, 7.997E+00, 3.479E+00,-3.399E+01, 1.373E+01, 3.282E+00, 3.486E-01, 1.629E-01, 2.815E-02, 1.000E+00, 1.375E-01, 2.803E-01, 1.000E-02, 1.000E+00, 1.000E+00, 1.375E-03, 8.767E-06, 1.787E-05, 0.000E+00, 1.237E+02, 4.197E+01, 9.988E-03, 3.757E-05, 9.975E+01, 4.728E-03, 6.301E-01
21/09/2019,06:00,9,3.126,3.626,11.091,.886,.151, 1.010E+03, 8.013E+01, 5.405E-06, 3.469E-16, 3.505E+01, 3.872E+01, 1.167E+02, 1.439E+01, 2.546E+01, 8.483E+01, 3.447E+00, 5.431E-01, 2.100E-01, 1.096E-01, 1.000E+00, 5.064E-01, 9.918E-01, 1.000E-02, 1.000E+00, 1.000E+00, 5.064E-03, 3.231E-05, 6.328E-05, 0.000E+00, 7.629E+01, 3.255E+01, 7.464E-03, 1.385E-04, 1.315E+02, 4.623E-03, 6.864E-01
21/09/2019,07:00,9,3.126,3.626,12.631,.799,.296, 1.010E+03, 7.330E+01, 5.405E-06, 3.469E-16, 9.079E+01, 5.854E+01, 1.810E+02, 2.304E+01, 2.546E+01, 8.483E+01, 3.717E+00, 5.445E-01, 2.264E-01, 1.831E-01, 1.000E+00, 6.833E-01, 9.994E-01, 8.808E-02, 1.000E+00, 1.000E+00, 6.018E-02, 3.861E-04, 5.647E-04, 0.000E+00, 7.079E+01, 3.019E+01, 5.000E-03, 1.655E-03, 1.503E+02, 4.369E-03, 7.614E-01
21/09/2019,08:00,9,3.126,3.626,14.171,.711,.470, 1.010E+03, 6.740E+01, 5.405E-06, 3.469E-16, 1.427E+02, 7.030E+01, 2.142E+02, 2.852E+01, 2.546E+01, 8.483E+01, 3.996E+00, 5.459E-01, 2.434E-01, 2.417E-01, 1.000E+00, 7.653E-01, 9.999E-01, 2.861E-01, 1.000E+00, 1.000E+00, 2.189E-01, 1.412E-03, 1.845E-03, 0.000E+00, 6.586E+01, 2.808E+01, 5.000E-03, 6.053E-03, 9.048E+01, 6.112E-03, 7.726E-01
21/09/2019,09:00,9,3.126,3.626,15.711,.624,.676, 1.010E+03, 6.291E+01, 5.405E-06, 3.469E-16, 1.822E+02, 7.610E+01, 2.315E+02, 3.144E+01, 1.070E+02, 1.329E+02, 4.284E+00, 7.127E-01, 2.653E-01, 2.820E-01, 1.000E+00, 8.030E-01, 9.999E-01, 4.599E-01, 1.000E+00, 1.000E+00, 3.693E-01, 2.395E-03, 2.982E-03, 0.000E+00, 5.854E+01, 2.576E+01, 5.000E-03, 1.026E-02, 6.552E+01, 7.558E-03, 7.433E-01
21/09/2019,10:00,9,3.126,3.626,16.548,.586,.785, 1.010E+03, 6.028E+01, 5.405E-06, 3.469E-16, 2.051E+02, 7.833E+01, 2.395E+02, 3.269E+01, 1.070E+02, 1.329E+02, 4.094E+00, 7.137E-01, 2.536E-01, 3.037E-01, 1.000E+00, 8.185E-01, 9.999E-01, 5.441E-01, 1.000E+00, 1.000E+00, 4.454E-01, 2.896E-03, 3.539E-03, 0.000E+00, 6.128E+01, 2.696E+01, 5.000E-03, 1.241E-02, 5.742E+01, 7.853E-03, 6.816E-01
21/09/2019,11:00,9,3.126,3.626,17.384,.549,.904, 1.010E+03, 5.982E+01, 5.405E-06, 3.469E-16, 2.090E+02, 7.863E+01, 2.407E+02, 3.288E+01, 1.070E+02, 1.329E+02, 3.905E+00, 7.148E-01, 2.418E-01, 3.073E-01, 1.000E+00, 8.208E-01, 9.999E-01, 6.213E-01, 1.000E+00, 1.000E+00, 5.099E-01, 3.326E-03, 4.052E-03, 0.000E+00, 6.427E+01, 2.827E+01, 5.000E-03, 1.426E-02, 5.193E+01, 7.985E-03, 6.804E-01
21/09/2019,12:00,9,3.126,3.626,18.221,.511,1.033, 1.010E+03, 6.159E+01, 5.405E-06, 3.469E-16, 1.920E+02, 7.665E+01, 2.336E+02, 3.183E+01, 1.418E+01, 1.149E+02, 3.717E+00, 6.120E-01, 2.232E-01, 2.931E-01, 1.000E+00, 8.091E-01, 9.999E-01, 6.912E-01, 1.000E+00, 1.000E+00, 5.593E-01, 3.658E-03, 4.521E-03, 0.000E+00, 7.379E+01, 3.062E+01, 5.000E-03, 1.568E-02, 4.836E+01, 7.790E-03, 6.729E-01
21/09/2019,13:00,9,3.126,3.626,18.203,.516,1.021, 1.010E+03, 6.537E+01, 5.405E-06, 3.469E-16, 1.592E+02, 7.260E+01, 2.207E+02, 2.970E+01, 1.418E+01, 1.149E+02, 3.628E+00, 6.121E-01, 2.179E-01, 2.604E-01, 1.000E+00, 7.820E-01, 9.999E-01, 6.898E-01, 1.000E+00, 1.000E+00, 5.394E-01, 3.528E-03, 4.511E-03, 0.000E+00, 7.560E+01, 3.137E+01, 5.000E-03, 1.512E-02, 4.970E+01, 7.595E-03, 6.464E-01
21/09/2019,14:00,9,3.126,3.626,18.185,.521,1.009, 1.010E+03, 7.076E+01, 5.405E-06, 3.469E-16, 1.120E+02, 6.363E+01, 1.953E+02, 2.540E+01, 1.418E+01, 1.149E+02, 3.553E+00, 6.121E-01, 2.134E-01, 2.090E-01, 1.000E+00, 7.217E-01, 9.997E-01, 6.884E-01, 1.000E+00, 1.000E+00, 4.968E-01, 3.249E-03, 4.501E-03, 0.000E+00, 7.720E+01, 3.203E+01, 5.000E-03, 1.393E-02, 5.284E+01, 7.324E-03, 6.288E-01
21/09/2019,15:00,9,3.126,3.626,18.167,.527,.996, 1.010E+03, 7.729E+01, 0.000E+00, 3.469E-16, 5.360E+01, 4.484E+01, 1.389E+02, 1.714E+01,-6.762E+01, 2.977E+01, 3.493E+00, 4.229E-01, 1.701E-01, 1.407E-01, 1.000E+00, 5.750E-01, 9.967E-01, 6.870E-01, 1.000E+00, 1.000E+00, 3.950E-01, 2.583E-03, 4.478E-03, 0.000E+00, 1.207E+02, 4.018E+01, 5.000E-03, 1.107E-02, 6.222E+01, 5.902E-03, 6.063E-01
21/09/2019,16:00,9,3.126,3.626,16.888,.570,.835, 1.010E+03, 8.449E+01, 0.000E+00, 3.469E-16, 7.910E+00, 2.130E+01, 4.863E+01, 7.416E+00,-6.762E+01, 2.977E+01, 3.518E+00, 4.220E-01, 1.712E-01, 6.141E-02, 1.000E+00, 2.998E-01, 8.647E-01, 5.764E-01, 1.000E+00, 1.000E+00, 1.728E-01, 1.125E-03, 3.245E-03, 0.000E+00, 1.201E+02, 3.994E+01, 5.000E-03, 4.823E-03, 1.018E+02, 4.799E-03, 5.677E-01
21/09/2019,17:00,9,3.126,3.626,15.609,.612,.692, 1.010E+03, 9.197E+01, 0.000E+00, 3.469E-16, 0.000E+00, 0.000E+00, 0.000E+00, 0.000E+00,-6.762E+01, 2.977E+01, 3.585E+00, 4.211E-01, 1.742E-01,-9.990E+02, 1.000E+00,-9.990E+02, 0.000E+00, 0.000E+00, 0.000E+00, 1.000E+00, 0.000E+00, 0.000E+00, 0.000E+00, 0.000E+00, 1.181E+02, 3.924E+01, 5.000E-03, 0.000E+00, 2.000E+02, 3.282E-03, 5.472E-01
21/09/2019,18:00,9,3.126,3.626,14.330,.655,.566, 1.010E+03, 9.934E+01, 5.405E-06, 3.469E-16, 0.000E+00, 0.000E+00, 0.000E+00, 0.000E+00,-6.081E+01, 8.998E+00, 3.692E+00, 3.733E-01, 1.704E-01,-9.990E+02, 1.000E+00,-9.990E+02, 0.000E+00, 0.000E+00, 0.000E+00, 1.000E+00, 0.000E+00, 0.000E+00, 0.000E+00, 0.000E+00, 1.271E+02, 4.011E+01, 5.000E-03, 0.000E+00, 2.000E+02, 3.250E-03, 5.975E-01
21/09/2019,19:00,9,3.126,3.626,13.473,.698,.470, 1.010E+03, 1.062E+02, 5.405E-06, 3.469E-16, 0.000E+00, 0.000E+00, 0.000E+00, 0.000E+00,-6.081E+01, 8.998E+00, 3.454E+00, 3.728E-01, 1.592E-01,-9.990E+02, 1.000E+00,-9.990E+02, 0.000E+00, 0.000E+00, 0.000E+00, 1.000E+00, 0.000E+00, 0.000E+00, 0.000E+00, 0.000E+00, 1.362E+02, 4.292E+01, 5.000E-03, 0.000E+00, 2.000E+02, 3.172E-03, 6.642E-01
21/09/2019,20:00,9,3.126,3.626,12.617,.740,.382, 1.010E+03, 1.121E+02, 5.405E-06, 3.469E-16, 0.000E+00, 0.000E+00, 0.000E+00, 0.000E+00,-6.081E+01, 8.998E+00, 3.284E+00, 3.722E-01, 1.513E-01,-9.990E+02, 1.000E+00,-9.990E+02, 0.000E+00, 0.000E+00, 0.000E+00, 1.000E+00, 0.000E+00, 0.000E+00, 0.000E+00, 0.000E+00, 1.435E+02, 4.518E+01, 5.000E-03, 0.000E+00, 2.000E+02, 3.112E-03, 7.336E-01
21/09/2019,21:00,9,3.126,3.626,11.761,.782,.302, 1.010E+03, 1.166E+02, 5.405E-06, 3.469E-16, 0.000E+00, 0.000E+00, 0.000E+00, 0.000E+00,-3.485E+01, 2.163E+00, 3.194E+00, 2.480E-01, 1.215E-01,-9.990E+02, 1.000E+00,-9.990E+02, 0.000E+00, 0.000E+00, 0.000E+00, 1.000E+00, 0.000E+00, 0.000E+00, 0.000E+00, 0.000E+00, 2.162E+02, 5.624E+01, 5.000E-03, 0.000E+00, 2.000E+02, 2.821E-03, 7.640E-01
21/09/2019,22:00,9,3.126,3.626,10.917,.840,.209, 1.010E+03, 1.192E+02, 5.405E-06, 3.469E-16, 0.000E+00, 0.000E+00, 0.000E+00, 0.000E+00,-3.485E+01, 2.163E+00, 2.412E+00, 2.476E-01, 1.000E-01,-9.990E+02, 1.000E+00,-9.990E+02, 0.000E+00, 0.000E+00, 0.000E+00, 1.000E+00, 0.000E+00, 0.000E+00, 0.000E+00, 0.000E+00, 2.632E+02, 6.835E+01, 5.000E-03, 0.000E+00, 2.000E+02, 2.579E-03, 7.626E-01
21/09/2019,23:00,9,3.126,3.626,10.073,.899,.125, 1.010E+03, 1.197E+02, 5.405E-06, 3.469E-16, 0.000E+00, 0.000E+00, 0.000E+00, 0.000E+00,-3.485E+01, 2.163E+00, 2.242E+00, 2.472E-01, 1.000E-01,-9.990E+02, 1.000E+00,-9.990E+02, 0.000E+00, 0.000E+00, 0.000E+00, 1.000E+00, 0.000E+00, 0.000E+00, 0.000E+00, 0.000E+00, 2.637E+02, 6.835E+01, 8.890E-03, 0.000E+00, 1.125E+02, 3.330E-03, 8.149E-01
22/09/2019,00:00,9,3.114,3.614,9.230,.957,.050, 1.011E+03, 1.180E+02, 0.000E+00, 3.469E-16, 0.000E+00, 0.000E+00, 0.000E+00, 0.000E+00,-2.475E+01,-8.518E+00, 2.798E+00, 2.721E-01, 1.277E-01,-9.990E+02, 1.000E+00,-9.990E+02, 0.000E+00, 0.000E+00, 0.000E+00, 1.000E+00, 0.000E+00, 0.000E+00, 0.000E+00, 0.000E+00, 1.715E+02, 5.352E+01, 2.158E-02, 0.000E+00, 4.635E+01, 5.259E-03, 9.652E-01
22/09/2019,01:00,9,3.114,3.614,9.036,.963,.042, 1.011E+03, 1.142E+02, 0.000E+00, 3.469E-16, 0.000E+00, 0.000E+00, 0.000E+00, 0.000E+00,-2.475E+01,-8.518E+00, 2.722E+00, 2.720E-01, 1.242E-01,-9.990E+02, 1.000E+00,-9.990E+02, 0.000E+00, 0.000E+00, 0.000E+00, 1.000E+00, 0.000E+00, 0.000E+00, 0.000E+00, 0.000E+00, 1.764E+02, 5.503E+01, 2.707E-02, 0.000E+00, 3.694E+01, 5.411E-03, 6.956E-01
22/09/2019,02:00,9,3.114,3.614,8.841,.969,.035, 1.011E+03, 1.089E+02, 0.000E+00, 3.469E-16, 0.000E+00, 0.000E+00, 0.000E+00, 0.000E+00,-2.475E+01,-8.518E+00, 2.657E+00, 2.718E-01, 1.212E-01,-9.990E+02, 1.000E+00,-9.990E+02, 0.000E+00, 0.000E+00, 0.000E+00, 1.000E+00, 0.000E+00, 0.000E+00, 0.000E+00, 0.000E+00, 1.808E+02, 5.639E+01, 2.727E-02, 0.000E+00, 3.667E+01, 5.313E-03, 5.922E-01
22/09/2019,03:00,9,3.114,3.614,8.647,.975,.028, 1.012E+03, 1.024E+02, 0.000E+00, 3.469E-16, 0.000E+00, 0.000E+00, 0.000E+00, 0.000E+00,-1.491E+01, 8.852E-01, 2.603E+00, 2.710E-01, 1.306E-01,-9.990E+02, 1.000E+00,-9.990E+02, 0.000E+00, 0.000E+00, 0.000E+00, 1.000E+00, 0.000E+00, 0.000E+00, 0.000E+00, 0.000E+00, 1.525E+02, 5.232E+01, 3.170E-02, 0.000E+00, 3.155E+01, 5.857E-03, 5.949E-01
22/09/2019,04:00,9,3.114,3.614,8.835,.945,.062, 1.012E+03, 9.522E+01, 0.000E+00, 3.469E-16, 0.000E+00, 0.000E+00, 0.000E+00, 0.000E+00,-1.491E+01, 8.852E-01, 2.433E+00, 2.710E-01, 1.221E-01,-9.990E+02, 1.000E+00,-9.990E+02, 0.000E+00, 0.000E+00, 0.000E+00, 1.000E+00, 0.000E+00, 0.000E+00, 0.000E+00, 0.000E+00, 1.631E+02, 5.597E+01, 2.050E-02, 0.000E+00, 4.879E+01, 5.059E-03, 6.330E-01
22/09/2019,05:00,9,3.114,3.614,9.023,.915,.098, 1.013E+03, 8.777E+01, 0.000E+00, 3.469E-16, 1.886E-01, 8.789E+00, 5.339E+00, 2.914E+00,-1.491E+01, 8.852E-01, 2.275E+00, 2.711E-01, 1.142E-01, 2.496E-02, 1.000E+00, 1.150E-01, 1.972E-01, 1.000E-02, 1.000E+00, 1.000E+00, 1.150E-03, 7.288E-06, 1.249E-05, 0.000E+00, 1.745E+02, 5.986E+01, 1.326E-02, 3.112E-05, 7.525E+01, 4.265E-03, 7.104E-01
22/09/2019,06:00,9,3.114,3.614,9.210,.886,.133, 1.013E+03, 8.043E+01, 1.193E-02, 3.469E-16, 3.403E+00, 2.725E+01, 1.940E+01, 9.163E+00, 2.145E+01, 3.331E+01, 2.131E+00, 4.602E-01, 1.308E-01, 1.067E-01, 1.000E+00, 3.392E-01, 5.498E-01, 1.000E-02, 1.000E+00, 1.000E+00, 3.392E-03, 2.150E-05, 3.485E-05, 0.000E+00, 1.207E+02, 5.225E+01, 8.576E-03, 9.182E-05, 1.154E+02, 3.981E-03, 8.325E-01
22/09/2019,07:00,9,3.114,3.614,9.481,.837,.194, 1.014E+03, 7.361E+01, 1.193E-02, 3.469E-16, 9.129E+00, 5.425E+01, 3.448E+01, 1.830E+01, 2.145E+01, 3.331E+01, 2.476E+00, 4.602E-01, 1.520E-01, 1.805E-01, 1.000E+00, 5.703E-01, 7.578E-01, 1.000E-02, 1.000E+00, 1.000E+00, 5.703E-03, 3.618E-05, 4.808E-05, 0.000E+00, 1.039E+02, 4.497E+01, 5.000E-03, 1.545E-04, 1.940E+02, 3.216E-03, 7.625E-01
22/09/2019,08:00,9,3.114,3.614,9.751,.788,.257, 1.015E+03, 6.773E+01, 1.193E-02, 3.469E-16, 1.449E+01, 7.656E+01, 4.496E+01, 2.584E+01, 2.145E+01, 3.331E+01, 2.869E+00, 4.603E-01, 1.761E-01, 2.394E-01, 1.000E+00, 6.996E-01, 8.426E-01, 1.000E-02, 1.000E+00, 1.000E+00, 6.996E-03, 4.443E-05, 5.351E-05, 0.000E+00, 8.965E+01, 3.881E+01, 5.000E-03, 1.897E-04, 1.927E+02, 3.406E-03, 7.095E-01
22/09/2019,09:00,9,3.114,3.614,10.022,.739,.322, 1.016E+03, 6.326E+01, 1.588E-02, 3.469E-16, 2.710E+01, 9.899E+01, 6.378E+01, 3.366E+01, 4.132E+01, 4.870E+01, 3.294E+00, 5.553E-01, 2.027E-01, 2.798E-01, 1.000E+00, 7.993E-01, 9.274E-01, 1.000E-02, 1.000E+00, 1.000E+00, 7.993E-03, 5.081E-05, 5.896E-05, 0.000E+00, 7.753E+01, 3.372E+01, 5.000E-03, 2.170E-04, 1.917E+02, 3.581E-03, 6.721E-01
22/09/2019,10:00,9,3.114,3.614,10.324,.696,.382, 1.016E+03, 6.065E+01, 1.588E-02, 3.469E-16, 3.053E+01, 1.079E+02, 6.784E+01, 3.669E+01, 4.132E+01, 4.870E+01, 3.258E+00, 5.555E-01, 2.005E-01, 3.016E-01, 1.000E+00, 8.271E-01, 9.386E-01, 1.000E-02, 1.000E+00, 1.000E+00, 8.271E-03, 5.263E-05, 5.973E-05, 0.000E+00, 7.839E+01, 3.409E+01, 5.000E-03, 2.248E-04, 1.914E+02, 3.572E-03, 6.327E-01
22/09/2019,11:00,9,3.114,3.614,10.626,.653,.445, 1.016E+03, 6.021E+01, 1.588E-02, 3.469E-16, 3.111E+01, 1.094E+02, 6.849E+01, 3.719E+01, 4.132E+01, 4.870E+01, 3.223E+00, 5.557E-01, 1.983E-01, 3.052E-01, 1.000E+00, 8.312E-01, 9.402E-01, 1.000E-02, 1.000E+00, 1.000E+00, 8.312E-03, 5.295E-05, 5.990E-05, 0.000E+00, 7.925E+01, 3.446E+01, 5.000E-03, 2.262E-04, 1.913E+02, 3.560E-03, 6.178E-01
22/09/2019,12:00,9,3.114,3.614,10.928,.610,.511, 1.017E+03, 6.199E+01, 3.712E-04, 3.469E-16, 1.803E+02, 7.324E+01, 2.224E+02, 3.042E+01, 2.851E+01, 6.058E+01, 3.188E+00, 5.726E-01, 1.940E-01, 2.906E-01, 1.000E+00, 7.970E-01, 9.999E-01, 1.000E-02, 1.000E+00, 1.000E+00, 7.970E-03, 5.083E-05, 6.377E-05, 0.000E+00, 8.274E+01, 3.523E+01, 5.000E-03, 2.171E-04, 1.917E+02, 3.528E-03, 5.959E-01
22/09/2019,13:00,9,3.114,3.614,10.800,.593,.529, 1.017E+03, 6.577E+01, 3.712E-04, 3.469E-16, 1.488E+02, 6.917E+01, 2.096E+02, 2.830E+01, 2.851E+01, 6.058E+01, 3.153E+00, 5.724E-01, 1.919E-01, 2.576E-01, 1.000E+00, 7.682E-01, 9.998E-01, 1.000E-02, 1.000E+00, 1.000E+00, 7.682E-03, 4.897E-05, 6.373E-05, 0.000E+00, 8.366E+01, 3.562E+01, 5.000E-03, 2.091E-04, 1.920E+02, 3.512E-03, 5.651E-01
22/09/2019,14:00,9,3.114,3.614,10.672,.576,.547, 1.017E+03, 7.115E+01, 3.712E-04, 3.469E-16, 1.036E+02, 6.028E+01, 1.845E+02, 2.406E+01, 2.851E+01, 6.058E+01, 3.119E+00, 5.722E-01, 1.898E-01, 2.058E-01, 1.000E+00, 7.046E-01, 9.995E-01, 1.000E-02, 1.000E+00, 1.000E+00, 7.046E-03, 4.490E-05, 6.368E-05, 0.000E+00, 8.458E+01, 3.601E+01, 5.000E-03, 1.917E-04, 1.926E+02, 3.491E-03, 5.058E-01
22/09/2019,15:00,9,3.114,3.614,10.545,.558,.564, 1.018E+03, 7.767E+01, 0.000E+00, 3.469E-16, 5.364E+01, 4.665E+01, 1.434E+02, 1.781E+01,-2.811E+01, 1.908E+01, 3.085E+00, 3.001E-01, 1.462E-01, 1.370E-01, 1.000E+00, 5.847E-01, 9.973E-01, 1.000E-02, 1.000E+00, 1.000E+00, 5.847E-03, 3.724E-05, 6.351E-05, 0.000E+00, 1.444E+02, 4.676E+01, 5.000E-03, 1.590E-04, 1.938E+02, 3.135E-03, 4.284E-01
22/09/2019,16:00,9,3.114,3.614,9.270,.627,.438, 1.018E+03, 8.487E+01, 0.000E+00, 3.469E-16, 6.687E+00, 2.120E+01, 4.477E+01, 7.341E+00,-2.811E+01, 1.908E+01, 3.011E+00, 2.993E-01, 1.425E-01, 5.737E-02, 1.000E+00, 2.939E-01, 8.414E-01, 1.000E-02, 1.000E+00, 1.000E+00, 2.939E-03, 1.864E-05, 5.334E-05, 0.000E+00, 1.483E+02, 4.798E+01, 5.000E-03, 7.959E-05, 1.969E+02, 3.074E-03, 3.812E-01
22/09/2019,17:00,9,3.114,3.614,7.995,.695,.328, 1.019E+03, 9.235E+01, 0.000E+00, 3.469E-16, 0.000E+00, 0.000E+00, 0.000E+00, 0.000E+00,-2.811E+01, 1.908E+01, 2.939E+00, 2.986E-01, 1.389E-01,-9.990E+02, 1.000E+00,-9.990E+02, 0.000E+00, 0.000E+00, 0.000E+00, 1.000E+00, 0.000E+00, 0.000E+00, 0.000E+00, 0.000E+00, 1.524E+02, 4.923E+01, 5.000E-03, 0.000E+00, 2.000E+02, 3.014E-03, 3.702E-01
22/09/2019,18:00,9,3.114,3.614,6.721,.763,.233, 1.019E+03, 9.972E+01, 0.000E+00, 3.469E-16, 0.000E+00, 0.000E+00, 0.000E+00, 0.000E+00,-1.431E+01, 2.929E+00, 2.869E+00, 1.564E-01, 1.000E-01,-9.990E+02, 1.000E+00,-9.990E+02, 0.000E+00, 0.000E+00, 0.000E+00, 1.000E+00, 0.000E+00, 0.000E+00, 0.000E+00, 0.000E+00, 3.213E+02, 6.835E+01, 5.000E-03, 0.000E+00, 2.000E+02, 2.544E-03, 4.652E-01
22/09/2019,19:00,9,3.114,3.614,6.111,.794,.194, 1.019E+03, 1.066E+02, 0.000E+00, 3.469E-16, 0.000E+00, 0.000E+00, 0.000E+00, 0.000E+00,-1.431E+01, 2.929E+00, 2.603E+00, 1.563E-01, 1.000E-01,-9.990E+02, 1.000E+00,-9.990E+02, 0.000E+00, 0.000E+00, 0.000E+00, 1.000E+00, 0.000E+00, 0.000E+00, 0.000E+00, 0.000E+00, 3.218E+02, 6.835E+01, 5.000E-03, 0.000E+00, 2.000E+02, 2.543E-03, 5.571E-01
22/09/2019,20:00,9,3.114,3.614,5.502,.825,.158, 1.020E+03, 1.125E+02, 0.000E+00, 3.469E-16, 0.000E+00, 0.000E+00, 0.000E+00, 0.000E+00,-1.431E+01, 2.929E+00, 2.356E+00, 1.561E-01, 1.000E-01,-9.990E+02, 1.000E+00,-9.990E+02, 0.000E+00, 0.000E+00, 0.000E+00, 1.000E+00, 0.000E+00, 0.000E+00, 0.000E+00, 0.000E+00, 3.224E+02, 6.835E+01, 5.000E-03, 0.000E+00, 2.000E+02, 2.543E-03, 6.398E-01
22/09/2019,21:00,9,3.114,3.614,4.892,.856,.125, 1.020E+03, 1.170E+02, 0.000E+00, 3.469E-16, 0.000E+00, 0.000E+00, 0.000E+00, 0.000E+00,-7.368E+00, 9.138E-01, 2.134E+00, 1.050E-01, 1.000E-01,-9.990E+02, 1.000E+00,-9.990E+02, 0.000E+00, 0.000E+00, 0.000E+00, 1.000E+00, 0.000E+00, 0.000E+00, 0.000E+00, 0.000E+00, 4.286E+02, 6.835E+01, 6.995E-03, 0.000E+00, 1.430E+02, 2.890E-03, 8.108E-01
22/09/2019,22:00,9,3.114,3.614,4.606,.859,.120, 1.020E+03, 1.196E+02, 0.000E+00, 3.469E-16, 0.000E+00, 0.000E+00, 0.000E+00, 0.000E+00,-7.368E+00, 9.138E-01, 2.152E+00, 1.049E-01, 1.000E-01,-9.990E+02, 1.000E+00,-9.990E+02, 0.000E+00, 0.000E+00, 0.000E+00, 1.000E+00, 0.000E+00, 0.000E+00, 0.000E+00, 0.000E+00, 4.291E+02, 6.835E+01, 7.152E-03, 0.000E+00, 1.398E+02, 2.916E-03, 9.980E-01
22/09/2019,23:00,9,3.114,3.614,4.319,.862,.115, 1.021E+03, 1.201E+02, 0.000E+00, 3.469E-16, 0.000E+00, 0.000E+00, 0.000E+00, 0.000E+00,-7.368E+00, 9.138E-01, 2.216E+00, 1.049E-01, 1.000E-01,-9.990E+02, 1.000E+00,-9.990E+02, 0.000E+00, 0.000E+00, 0.000E+00, 1.000E+00, 0.000E+00, 0.000E+00, 0.000E+00, 0.000E+00, 4.295E+02, 6.835E+01, 8.448E-03, 0.000E+00, 1.184E+02, 3.110E-03, 1.099E+00
23/09/2019,00:00,9,3.103,3.603,4.033,.865,.110, 1.021E+03, 1.183E+02, 5.376E-06, 3.469E-16, 0.000E+00, 0.000E+00, 0.000E+00, 0.000E+00,-5.970E+00,-1.564E-01, 2.320E+00, 1.000E-01, 1.000E-01,-9.990E+02, 1.000E+00,-9.990E+02, 0.000E+00, 0.000E+00, 0.000E+00, 1.000E+00, 0.000E+00, 0.000E+00, 0.000E+00, 0.000E+00, 4.124E+02, 6.835E+01, 8.666E-03, 0.000E+00, 1.154E+02, 3.155E-03, 1.122E+00
23/09/2019,01:00,9,3.103,3.603,3.767,.878,.098, 1.021E+03, 1.146E+02, 5.376E-06, 3.469E-16, 0.000E+00, 0.000E+00, 0.000E+00, 0.000E+00,-5.970E+00,-1.564E-01, 1.969E+00, 1.000E-01, 1.000E-01,-9.990E+02, 1.000E+00,-9.990E+02, 0.000E+00, 0.000E+00, 0.000E+00, 1.000E+00, 0.000E+00, 0.000E+00, 0.000E+00, 0.000E+00, 4.124E+02, 6.835E+01, 1.025E-02, 0.000E+00, 9.752E+01, 3.343E-03, 1.053E+00
23/09/2019,02:00,9,3.103,3.603,3.501,.890,.087, 1.021E+03, 1.092E+02, 5.376E-06, 3.469E-16, 0.000E+00, 0.000E+00, 0.000E+00, 0.000E+00,-5.970E+00,-1.564E-01, 1.619E+00, 1.000E-01, 1.000E-01,-9.990E+02, 1.000E+00,-9.990E+02, 0.000E+00, 0.000E+00, 0.000E+00, 1.000E+00, 0.000E+00, 0.000E+00, 0.000E+00, 0.000E+00, 4.124E+02, 6.835E+01, 1.216E-02, 0.000E+00, 8.226E+01, 3.523E-03, 9.693E-01
23/09/2019,03:00,9,3.103,3.603,3.235,.902,.076, 1.021E+03, 1.027E+02, 0.000E+00, 3.469E-16, 0.000E+00, 0.000E+00, 0.000E+00, 0.000E+00,-3.435E+00, 1.703E+00, 1.270E+00, 1.000E-01, 1.000E-01,-9.990E+02, 1.000E+00,-9.990E+02, 0.000E+00, 0.000E+00, 0.000E+00, 1.000E+00, 0.000E+00, 0.000E+00, 0.000E+00, 0.000E+00, 3.088E+02, 6.835E+01, 1.666E-02, 0.000E+00, 6.002E+01, 3.968E-03, 9.068E-01
23/09/2019,04:00,9,3.103,3.603,3.794,.885,.092, 1.021E+03, 9.552E+01, 0.000E+00, 3.469E-16, 0.000E+00, 0.000E+00, 0.000E+00, 0.000E+00,-3.435E+00, 1.703E+00, 1.207E+00, 1.000E-01, 1.000E-01,-9.990E+02, 1.000E+00,-9.990E+02, 0.000E+00, 0.000E+00, 0.000E+00, 1.000E+00, 0.000E+00, 0.000E+00, 0.000E+00, 0.000E+00, 3.088E+02, 6.835E+01, 1.180E-02, 0.000E+00, 8.477E+01, 3.613E-03, 9.471E-01
23/09/2019,05:00,9,3.103,3.603,4.354,.869,.109, 1.021E+03, 8.807E+01, 0.000E+00, 3.469E-16, 8.057E-02, 8.077E+00, 3.874E+00, 2.680E+00,-3.435E+00, 1.703E+00, 1.169E+00, 1.000E-01, 1.000E-01, 2.175E-02, 1.000E+00, 1.053E-01, 1.473E-01, 1.000E-02, 1.000E+00, 1.000E+00, 1.053E-03, 6.560E-06, 9.175E-06, 0.000E+00, 3.088E+02, 6.835E+01, 8.424E-03, 2.792E-05, 1.183E+02, 3.223E-03, 1.166E+00
23/09/2019,06:00,9,3.103,3.603,4.913,.852,.128, 1.021E+03, 8.073E+01, 5.376E-06, 3.469E-16, 7.931E+00, 3.243E+01, 3.574E+01, 1.112E+01, 3.139E+01, 4.400E+01, 1.156E+00, 1.477E-01, 1.000E-01, 1.038E-01, 1.000E+00, 4.088E-01, 7.701E-01, 1.000E-02, 1.000E+00, 1.000E+00, 4.088E-03, 2.552E-05, 4.807E-05, 0.000E+00, 9.958E+01, 6.835E+01, 6.983E-03, 1.086E-04, 1.410E+02, 3.398E-03, 1.545E+00
23/09/2019,07:00,9,3.103,3.603,6.549,.757,.236, 1.021E+03, 7.392E+01, 5.376E-06, 3.469E-16, 2.214E+01, 6.323E+01, 6.186E+01, 2.188E+01, 3.139E+01, 4.400E+01, 7.504E-01, 1.481E-01, 1.000E-01, 1.778E-01, 1.000E+00, 6.517E-01, 9.215E-01, 1.000E-02, 1.000E+00, 1.000E+00, 6.517E-03, 4.092E-05, 5.786E-05, 0.000E+00, 9.976E+01, 6.835E+01, 5.000E-03, 1.741E-04, 1.933E+02, 2.884E-03, 1.997E+00
23/09/2019,08:00,9,3.103,3.603,8.185,.663,.367, 1.021E+03, 6.807E+01, 5.376E-06, 3.469E-16, 3.555E+01, 8.808E+01, 7.812E+01, 3.054E+01, 3.139E+01, 4.400E+01, 5.097E-01, 1.486E-01, 1.000E-01, 2.370E-01, 1.000E+00, 7.731E-01, 9.598E-01, 1.000E-02, 1.000E+00, 1.000E+00, 7.731E-03, 4.883E-05, 6.062E-05, 0.000E+00, 9.994E+01, 6.835E+01, 5.000E-03, 2.078E-04, 1.920E+02, 2.894E-03, 2.650E+00
23/09/2019,09:00,9,3.103,3.603,9.821,.568,.525, 1.021E+03, 6.362E+01, 5.376E-06, 3.469E-16, 8.205E+01, 1.042E+02, 1.298E+02, 3.742E+01, 5.016E+01, 6.257E+01, 6.540E-01, 2.710E-01, 1.000E-01, 2.776E-01, 1.000E+00, 8.436E-01, 9.952E-01, 1.000E-02, 1.000E+00, 1.000E+00, 8.436E-03, 5.359E-05, 6.322E-05, 0.000E+00, 1.257E+02, 6.835E+01, 5.000E-03, 2.281E-04, 1.913E+02, 2.782E-03, 3.459E+00
23/09/2019,10:00,9,3.103,3.603,10.011,.553,.550, 1.021E+03, 6.103E+01, 5.376E-06, 3.469E-16, 9.261E+01, 1.122E+02, 1.359E+02, 4.031E+01, 5.016E+01, 6.257E+01, 7.668E-01, 2.711E-01, 1.000E-01, 2.995E-01, 1.000E+00, 8.654E-01, 9.963E-01, 1.000E-02, 1.000E+00, 1.000E+00, 8.654E-03, 5.501E-05, 6.333E-05, 0.000E+00, 1.257E+02, 6.835E+01, 5.000E-03, 2.341E-04, 1.911E+02, 2.784E-03, 1.022E+00
23/09/2019,11:00,9,3.103,3.603,10.202,.539,.576, 1.020E+03, 6.060E+01, 5.376E-06, 3.469E-16, 9.436E+01, 1.134E+02, 1.369E+02, 4.077E+01, 5.016E+01, 6.257E+01, 9.950E-01, 2.713E-01, 1.000E-01, 3.029E-01, 1.000E+00, 8.686E-01, 9.964E-01, 1.000E-02, 1.000E+00, 1.000E+00, 8.686E-03, 5.525E-05, 6.338E-05, 0.000E+00, 1.258E+02, 6.835E+01, 5.000E-03, 2.351E-04, 1.910E+02, 2.784E-03, 9.523E-01
23/09/2019,12:00,9,3.103,3.603,10.392,.524,.601, 1.020E+03, 6.239E+01, 5.376E-06, 3.469E-16, 1.114E+02, 1.009E+02, 1.575E+02, 3.730E+01, 1.027E+01, 4.599E+01, 1.278E+00, 2.807E-01, 1.000E-01, 2.882E-01, 1.000E+00, 8.461E-01, 9.985E-01, 1.000E-02, 1.000E+00, 1.000E+00, 8.461E-03, 5.385E-05, 6.355E-05, 0.000E+00, 1.508E+02, 6.835E+01, 5.000E-03, 2.292E-04, 1.912E+02, 2.720E-03, 9.434E-01
23/09/2019,13:00,9,3.103,3.603,10.397,.553,.566, 1.019E+03, 6.617E+01, 5.376E-06, 3.469E-16, 9.156E+01, 9.034E+01, 1.466E+02, 3.331E+01, 1.027E+01, 4.599E+01, 1.177E+00, 2.808E-01, 1.000E-01, 2.548E-01, 1.000E+00, 8.100E-01, 9.976E-01, 1.000E-02, 1.000E+00, 1.000E+00, 8.100E-03, 5.156E-05, 6.350E-05, 0.000E+00, 1.508E+02, 6.835E+01, 5.000E-03, 2.194E-04, 1.916E+02, 2.718E-03, 9.181E-01
23/09/2019,14:00,9,3.103,3.603,10.402,.581,.530, 1.019E+03, 7.155E+01, 5.376E-06, 3.469E-16, 6.317E+01, 7.264E+01, 1.264E+02, 2.661E+01, 1.027E+01, 4.599E+01, 1.086E+00, 2.809E-01, 1.000E-01, 2.025E-01, 1.000E+00, 7.319E-01, 9.945E-01, 1.000E-02, 1.000E+00, 1.000E+00, 7.319E-03, 4.659E-05, 6.330E-05, 0.000E+00, 1.508E+02, 6.835E+01, 5.000E-03, 1.983E-04, 1.924E+02, 2.712E-03, 8.775E-01
23/09/2019,15:00,9,3.103,3.603,10.407,.609,.495, 1.018E+03, 7.806E+01, 5.376E-06, 3.469E-16, 4.371E+01, 4.228E+01, 1.216E+02, 1.597E+01,-5.076E+00, 6.816E+00, 1.010E+00, 1.000E-01, 1.000E-01, 1.333E-01, 1.000E+00, 5.498E-01, 9.933E-01, 1.000E-02, 1.000E+00, 1.000E+00, 5.498E-03, 3.500E-05, 6.323E-05, 0.000E+00, 3.763E+02, 6.835E+01, 5.000E-03, 1.489E-04, 1.942E+02, 2.548E-03, 8.589E-01
23/09/2019,16:00,9,3.103,3.603,9.799,.642,.435, 1.018E+03, 8.526E+01, 5.376E-06, 3.469E-16, 4.529E+00, 1.778E+01, 3.351E+01, 6.121E+00,-5.076E+00, 6.816E+00, 1.386E+00, 1.000E-01, 1.000E-01, 5.329E-02, 1.000E+00, 2.506E-01, 7.479E-01, 1.000E-02, 1.000E+00, 1.000E+00, 2.506E-03, 1.591E-05, 4.751E-05, 0.000E+00, 3.764E+02, 6.835E+01, 5.000E-03, 6.773E-05, 1.973E+02, 2.528E-03, 9.169E-01
23/09/2019,17:00,9,3.103,3.603,9.191,.674,.380, 1.018E+03, 9.274E+01, 5.376E-06, 3.469E-16, 0.000E+00, 0.000E+00, 0.000E+00, 0.000E+00,-5.076E+00, 6.816E+00, 1.789E+00, 1.000E-01, 1.000E-01,-9.990E+02, 1.000E+00,-9.990E+02, 0.000E+00, 0.000E+00, 0.000E+00, 1.000E+00, 0.000E+00, 0.000E+00, 0.000E+00, 0.000E+00, 3.764E+02, 6.835E+01, 5.000E-03, 0.000E+00, 2.000E+02, 2.511E-03, 9.759E-01
23/09/2019,18:00,9,3.103,3.603,8.583,.706,.328, 1.018E+03, 1.001E+02, 5.376E-06, 3.469E-16, 0.000E+00, 0.000E+00, 0.000E+00, 0.000E+00,-1.820E+01, 8.890E+00, 2.204E+00, 2.413E-01, 1.000E-01,-9.990E+02, 1.000E+00,-9.990E+02, 0.000E+00, 0.000E+00, 0.000E+00, 1.000E+00, 0.000E+00, 0.000E+00, 0.000E+00, 0.000E+00, 2.215E+02, 6.835E+01, 5.000E-03, 0.000E+00, 2.000E+02, 2.605E-03, 1.222E+00
23/09/2019,19:00,9,3.103,3.603,8.354,.705,.325, 1.018E+03, 1.070E+02, 5.376E-06, 3.469E-16, 0.000E+00, 0.000E+00, 0.000E+00, 0.000E+00,-1.820E+01, 8.890E+00, 2.178E+00, 2.412E-01, 1.000E-01,-9.990E+02, 1.000E+00,-9.990E+02, 0.000E+00, 0.000E+00, 0.000E+00, 1.000E+00, 0.000E+00, 0.000E+00, 0.000E+00, 0.000E+00, 2.215E+02, 6.835E+01, 5.000E-03, 0.000E+00, 2.000E+02, 2.605E-03, 1.573E+00
23/09/2019,20:00,9,3.103,3.603,8.126,.703,.321, 1.017E+03, 1.129E+02, 5.376E-06, 3.469E-16, 0.000E+00, 0.000E+00, 0.000E+00, 0.000E+00,-1.820E+01, 8.890E+00, 2.239E+00, 2.411E-01, 1.011E-01,-9.990E+02, 1.000E+00,-9.990E+02, 0.000E+00, 0.000E+00, 0.000E+00, 1.000E+00, 0.000E+00, 0.000E+00, 0.000E+00, 0.000E+00, 2.193E+02, 6.764E+01, 5.000E-03, 0.000E+00, 2.000E+02, 2.618E-03, 1.699E+00
23/09/2019,21:00,9,3.103,3.603,7.898,.702,.318, 1.017E+03, 1.174E+02, 5.376E-06, 3.469E-16, 0.000E+00, 0.000E+00, 0.000E+00, 0.000E+00,-1.638E+01, 8.285E+00, 2.381E+00, 2.721E-01, 1.180E-01,-9.990E+02, 1.000E+00,-9.990E+02, 0.000E+00, 0.000E+00, 0.000E+00, 1.000E+00, 0.000E+00, 0.000E+00, 0.000E+00, 0.000E+00, 1.709E+02, 5.791E+01, 5.000E-03, 0.000E+00, 2.000E+02, 2.823E-03, 1.650E+00
23/09/2019,22:00,9,3.103,3.603,7.754,.718,.298, 1.017E+03, 1.200E+02, 5.376E-06, 3.469E-16, 0.000E+00, 0.000E+00, 0.000E+00, 0.000E+00,-1.638E+01, 8.285E+00, 2.370E+00, 2.721E-01, 1.175E-01,-9.990E+02, 1.000E+00,-9.990E+02, 0.000E+00, 0.000E+00, 0.000E+00, 1.000E+00, 0.000E+00, 0.000E+00, 0.000E+00, 0.000E+00, 1.717E+02, 5.819E+01, 5.000E-03, 0.000E+00, 2.000E+02, 2.817E-03, 1.488E+00
23/09/2019,23:00,9,3.103,3.603,7.610,.735,.277, 1.017E+03, 1.205E+02, 5.376E-06, 3.469E-16, 0.000E+00, 0.000E+00, 0.000E+00, 0.000E+00,-1.638E+01, 8.285E+00, 2.360E+00, 2.720E-01, 1.170E-01,-9.990E+02, 1.000E+00,-9.990E+02, 0.000E+00, 0.000E+00, 0.000E+00, 1.000E+00, 0.000E+00, 0.000E+00, 0.000E+00, 0.000E+00, 1.725E+02, 5.845E+01, 5.000E-03, 0.000E+00, 2.000E+02, 2.812E-03, 1.416E+00
24/09/2019,00:00,9,3.092,3.592,7.466,.751,.258, 1.017E+03, 1.187E+02, 0.000E+00, 3.469E-16, 0.000E+00, 0.000E+00, 0.000E+00, 0.000E+00,-2.246E+01, 4.263E+00, 2.351E+00, 2.785E-01, 1.114E-01,-9.990E+02, 1.000E+00,-9.990E+02, 0.000E+00, 0.000E+00, 0.000E+00, 1.000E+00, 0.000E+00, 0.000E+00, 0.000E+00, 0.000E+00, 1.894E+02, 6.136E+01, 5.000E-03, 0.000E+00, 2.000E+02, 2.746E-03, 1.426E+00
24/09/2019,01:00,9,3.092,3.592,6.922,.795,.204, 1.016E+03, 1.149E+02, 0.000E+00, 3.469E-16, 0.000E+00, 0.000E+00, 0.000E+00, 0.000E+00,-2.246E+01, 4.263E+00, 2.443E+00, 2.783E-01, 1.157E-01,-9.990E+02, 1.000E+00,-9.990E+02, 0.000E+00, 0.000E+00, 0.000E+00, 1.000E+00, 0.000E+00, 0.000E+00, 0.000E+00, 0.000E+00, 1.825E+02, 5.908E+01, 5.000E-03, 0.000E+00, 2.000E+02, 2.792E-03, 1.426E+00
24/09/2019,02:00,9,3.092,3.592,6.377,.839,.154, 1.016E+03, 1.095E+02, 0.000E+00, 3.469E-16, 0.000E+00, 0.000E+00, 0.000E+00, 0.000E+00,-2.246E+01, 4.263E+00, 2.556E+00, 2.781E-01, 1.210E-01,-9.990E+02, 1.000E+00,-9.990E+02, 0.000E+00, 0.000E+00, 0.000E+00, 1.000E+00, 0.000E+00, 0.000E+00, 0.000E+00, 0.000E+00, 1.746E+02, 5.648E+01, 5.000E-03, 0.000E+00, 2.000E+02, 2.848E-03, 1.368E+00
24/09/2019,03:00,9,3.092,3.592,5.832,.884,.108, 1.015E+03, 1.030E+02, 0.000E+00, 3.469E-16, 0.000E+00, 0.000E+00, 0.000E+00, 0.000E+00,-1.340E+01, 5.668E+00, 2.688E+00, 2.878E-01, 1.404E-01,-9.990E+02, 1.000E+00,-9.990E+02, 0.000E+00, 0.000E+00, 0.000E+00, 1.000E+00, 0.000E+00, 0.000E+00, 0.000E+00, 0.000E+00, 1.364E+02, 4.868E+01, 1.007E-02, 0.000E+00, 9.931E+01, 4.380E-03, 1.232E+00
24/09/2019,04:00,9,3.092,3.592,6.173,.863,.130, 1.015E+03, 9.582E+01, 0.000E+00, 3.469E-16, 0.000E+00, 0.000E+00, 0.000E+00, 0.000E+00,-1.340E+01, 5.668E+00, 2.529E+00, 2.880E-01, 1.321E-01,-9.990E+02, 1.000E+00,-9.990E+02, 0.000E+00, 0.000E+00, 0.000E+00, 1.000E+00, 0.000E+00, 0.000E+00, 0.000E+00, 0.000E+00, 1.449E+02, 5.174E+01, 7.414E-03, 0.000E+00, 1.349E+02, 3.677E-03, 1.228E+00
24/09/2019,05:00,9,3.092,3.592,6.514,.842,.153, 1.015E+03, 8.836E+01, 0.000E+00, 3.469E-16, 2.382E-02, 6.192E+00, 2.475E+00, 2.058E+00,-1.340E+01, 5.668E+00, 2.371E+00, 2.882E-01, 1.239E-01, 1.851E-02, 1.000E+00, 8.147E-02, 9.678E-02, 1.000E-02, 1.000E+00, 1.000E+00, 8.147E-04, 5.115E-06, 6.076E-06, 0.000E+00, 1.545E+02, 5.518E+01, 5.465E-03, 2.169E-05, 1.823E+02, 3.044E-03, 1.377E+00
24/09/2019,06:00,9,3.092,3.592,6.855,.821,.177, 1.015E+03, 8.104E+01, 0.000E+00, 3.469E-16, 1.705E+01, 3.473E+01, 6.704E+01, 1.235E+01, 2.764E+01, 2.653E+01, 2.214E+00, 3.860E-01, 1.396E-01, 1.008E-01, 1.000E+00, 4.524E-01, 9.365E-01, 1.000E-02, 1.000E+00, 1.000E+00, 4.524E-03, 2.844E-05, 5.887E-05, 0.000E+00, 1.077E+02, 4.897E+01, 5.000E-03, 1.206E-04, 1.953E+02, 3.110E-03, 1.551E+00
24/09/2019,07:00,9,3.092,3.592,7.798,.787,.226, 1.014E+03, 7.424E+01, 0.000E+00, 3.469E-16, 4.934E+01, 6.266E+01, 1.137E+02, 2.290E+01, 2.764E+01, 2.653E+01, 2.293E+00, 3.867E-01, 1.445E-01, 1.751E-01, 1.000E+00, 6.767E-01, 9.907E-01, 1.000E-02, 1.000E+00, 1.000E+00, 6.767E-03, 4.268E-05, 6.248E-05, 0.000E+00, 1.041E+02, 4.730E+01, 5.000E-03, 1.810E-04, 1.930E+02, 3.175E-03, 1.439E+00
24/09/2019,08:00,9,3.092,3.592,8.741,.752,.281, 1.014E+03, 6.840E+01, 0.000E+00, 3.469E-16, 7.996E+01, 8.341E+01, 1.394E+02, 3.077E+01, 2.764E+01, 2.653E+01, 2.371E+00, 3.874E-01, 1.494E-01, 2.345E-01, 1.000E+00, 7.833E-01, 9.968E-01, 1.000E-02, 1.000E+00, 1.000E+00, 7.833E-03, 4.957E-05, 6.308E-05, 0.000E+00, 1.007E+02, 4.574E+01, 5.000E-03, 2.102E-04, 1.919E+02, 3.227E-03, 1.353E+00
24/09/2019,09:00,9,3.092,3.592,9.683,.717,.341, 1.014E+03, 6.398E+01, 0.000E+00, 3.469E-16, 1.707E+02, 7.417E+01, 2.252E+02, 3.073E+01, 7.052E+01, 6.327E+01, 2.450E+00, 4.795E-01, 1.565E-01, 2.754E-01, 1.000E+00, 7.953E-01, 9.999E-01, 1.000E-02, 1.000E+00, 1.000E+00, 7.953E-03, 5.049E-05, 6.349E-05, 0.000E+00, 9.385E+01, 4.368E+01, 5.000E-03, 2.141E-04, 1.918E+02, 3.290E-03, 1.335E+00
24/09/2019,10:00,9,3.092,3.592,10.573,.670,.422, 1.014E+03, 6.141E+01, 0.000E+00, 3.469E-16, 1.928E+02, 7.666E+01, 2.336E+02, 3.208E+01, 7.052E+01, 6.327E+01, 2.479E+00, 4.803E-01, 1.583E-01, 2.973E-01, 1.000E+00, 8.122E-01, 9.999E-01, 1.000E-02, 1.000E+00, 1.000E+00, 8.122E-03, 5.173E-05, 6.369E-05, 0.000E+00, 9.282E+01, 4.318E+01, 5.000E-03, 2.194E-04, 1.916E+02, 3.306E-03, 1.148E+00
24/09/2019,11:00,9,3.092,3.592,11.462,.624,.511, 1.013E+03, 6.099E+01, 0.000E+00, 3.469E-16, 1.964E+02, 7.698E+01, 2.348E+02, 3.227E+01, 7.052E+01, 6.327E+01, 2.508E+00, 4.812E-01, 1.601E-01, 3.007E-01, 1.000E+00, 8.145E-01, 9.999E-01, 1.000E-02, 1.000E+00, 1.000E+00, 8.145E-03, 5.204E-05, 6.389E-05, 0.000E+00, 9.180E+01, 4.269E+01, 5.000E-03, 2.207E-04, 1.915E+02, 3.321E-03, 1.091E+00
24/09/2019,12:00,9,3.092,3.592,12.351,.577,.609, 1.013E+03, 6.279E+01, 0.000E+00, 3.469E-16, 1.753E+02, 7.302E+01, 2.221E+02, 3.040E+01, 4.014E+01, 7.236E+01, 2.538E+00, 3.681E-01, 1.640E-01, 2.857E-01, 1.000E+00, 7.954E-01, 9.999E-01, 4.957E-02, 1.000E+00, 1.000E+00, 3.943E-02, 2.527E-04, 3.177E-04, 0.000E+00, 8.767E+01, 4.167E+01, 5.000E-03, 1.072E-03, 1.647E+02, 3.687E-03, 1.107E+00
24/09/2019,13:00,9,3.092,3.592,12.515,.581,.610, 1.012E+03, 6.657E+01, 0.000E+00, 3.469E-16, 1.435E+02, 6.856E+01, 2.085E+02, 2.811E+01, 4.014E+01, 7.236E+01, 1.985E+00, 3.683E-01, 1.283E-01, 2.519E-01, 1.000E+00, 7.646E-01, 9.998E-01, 7.218E-02, 1.000E+00, 1.000E+00, 5.518E-02, 3.539E-04, 4.628E-04, 0.000E+00, 1.121E+02, 5.329E+01, 5.000E-03, 1.501E-03, 1.538E+02, 3.448E-03, 1.114E+00
24/09/2019,14:00,9,3.092,3.592,12.678,.586,.610, 1.012E+03, 7.194E+01, 0.000E+00, 3.469E-16, 9.813E+01, 5.907E+01, 1.819E+02, 2.361E+01, 4.014E+01, 7.236E+01, 1.437E+00, 3.685E-01, 1.000E-01, 1.992E-01, 1.000E+00, 6.966E-01, 9.994E-01, 9.451E-02, 1.000E+00, 1.000E+00, 6.584E-02, 4.225E-04, 6.061E-04, 0.000E+00, 1.438E+02, 6.835E+01, 5.000E-03, 1.791E-03, 1.472E+02, 3.106E-03, 1.128E+00
24/09/2019,15:00,9,3.092,3.592,12.841,.590,.611, 1.012E+03, 7.844E+01, 0.000E+00, 3.469E-16, 4.697E+01, 4.349E+01, 1.338E+02, 1.657E+01,-1.412E+01, 8.153E+00, 9.037E-01, 1.447E-01, 1.000E-01, 1.295E-01, 1.000E+00, 5.592E-01, 9.959E-01, 1.166E-01, 1.000E+00, 1.000E+00, 6.519E-02, 4.186E-04, 7.454E-04, 0.000E+00, 3.607E+02, 6.835E+01, 5.000E-03, 1.775E-03, 1.476E+02, 2.903E-03, 1.091E+00
24/09/2019,16:00,9,3.092,3.592,11.745,.641,.497, 1.012E+03, 8.564E+01, 0.000E+00, 3.469E-16, 3.950E+00, 1.782E+01, 3.209E+01, 6.121E+00,-1.412E+01, 8.153E+00, 1.499E+00, 1.444E-01, 1.000E-01, 4.919E-02, 1.000E+00, 2.477E-01, 7.329E-01, 1.000E-02, 1.000E+00, 1.000E+00, 2.477E-03, 1.584E-05, 4.687E-05, 0.000E+00, 3.618E+02, 6.835E+01, 5.000E-03, 6.717E-05, 1.973E+02, 2.536E-03, 1.042E+00
24/09/2019,17:00,9,3.092,3.592,10.648,.693,.395, 1.012E+03, 9.312E+01, 0.000E+00, 3.469E-16, 0.000E+00, 0.000E+00, 0.000E+00, 0.000E+00,-1.412E+01, 8.153E+00, 2.097E+00, 1.441E-01, 1.000E-01,-9.990E+02, 1.000E+00,-9.990E+02, 0.000E+00, 0.000E+00, 0.000E+00, 1.000E+00, 0.000E+00, 0.000E+00, 0.000E+00, 0.000E+00, 3.629E+02, 6.835E+01, 5.000E-03, 0.000E+00, 2.000E+02, 2.519E-03, 1.040E+00
24/09/2019,18:00,9,3.092,3.592,9.551,.744,.306, 1.012E+03, 1.005E+02, 0.000E+00, 3.469E-16, 0.000E+00, 0.000E+00, 0.000E+00, 0.000E+00,-1.801E+01, 5.073E+00, 2.696E+00, 1.956E-01, 1.007E-01,-9.990E+02, 1.000E+00,-9.990E+02, 0.000E+00, 0.000E+00, 0.000E+00, 1.000E+00, 0.000E+00, 0.000E+00, 0.000E+00, 0.000E+00, 2.657E+02, 6.786E+01, 5.000E-03, 0.000E+00, 2.000E+02, 2.585E-03, 1.144E+00
24/09/2019,19:00,9,3.092,3.592,9.023,.767,.269, 1.012E+03, 1.074E+02, 0.000E+00, 3.469E-16, 0.000E+00, 0.000E+00, 0.000E+00, 0.000E+00,-1.801E+01, 5.073E+00, 2.444E+00, 1.954E-01, 1.000E-01,-9.990E+02, 1.000E+00,-9.990E+02, 0.000E+00, 0.000E+00, 0.000E+00, 1.000E+00, 0.000E+00, 0.000E+00, 0.000E+00, 0.000E+00, 2.679E+02, 6.835E+01, 5.000E-03, 0.000E+00, 2.000E+02, 2.576E-03, 1.338E+00
24/09/2019,20:00,9,3.092,3.592,8.495,.789,.234, 1.012E+03, 1.133E+02, 0.000E+00, 3.469E-16, 0.000E+00, 0.000E+00, 0.000E+00, 0.000E+00,-1.801E+01, 5.073E+00, 2.203E+00, 1.952E-01, 1.000E-01,-9.990E+02, 1.000E+00,-9.990E+02, 0.000E+00, 0.000E+00, 0.000E+00, 1.000E+00, 0.000E+00, 0.000E+00, 0.000E+00, 0.000E+00, 2.682E+02, 6.835E+01, 5.000E-03, 0.000E+00, 2.000E+02, 2.576E-03, 1.422E+00
24/09/2019,21:00,9,3.092,3.592,7.968,.812,.202, 1.012E+03, 1.178E+02, 0.000E+00, 3.469E-16, 0.000E+00, 0.000E+00, 0.000E+00, 0.000E+00,-6.169E+00, 1.176E+00, 1.976E+00, 1.000E-01, 1.000E-01,-9.990E+02, 1.000E+00,-9.990E+02, 0.000E+00, 0.000E+00, 0.000E+00, 1.000E+00, 0.000E+00, 0.000E+00, 0.000E+00, 0.000E+00, 4.228E+02, 6.835E+01, 5.000E-03, 0.000E+00, 2.000E+02, 2.484E-03, 1.544E+00
24/09/2019,22:00,9,3.092,3.592,7.400,.842,.163, 1.012E+03, 1.204E+02, 0.000E+00, 3.469E-16, 0.000E+00, 0.000E+00, 0.000E+00, 0.000E+00,-6.169E+00, 1.176E+00, 1.652E+00, 1.000E-01, 1.000E-01,-9.990E+02, 1.000E+00,-9.990E+02, 0.000E+00, 0.000E+00, 0.000E+00, 1.000E+00, 0.000E+00, 0.000E+00, 0.000E+00, 0.000E+00, 4.228E+02, 6.835E+01, 5.000E-03, 0.000E+00, 2.000E+02, 2.484E-03, 1.746E+00
24/09/2019,23:00,9,3.092,3.592,6.833,.873,.126, 1.012E+03, 1.209E+02, 0.000E+00, 3.469E-16, 0.000E+00, 0.000E+00, 0.000E+00, 0.000E+00,-6.169E+00, 1.176E+00, 1.408E+00, 1.000E-01, 1.000E-01,-9.990E+02, 1.000E+00,-9.990E+02, 0.000E+00, 0.000E+00, 0.000E+00, 1.000E+00, 0.000E+00, 0.000E+00, 0.000E+00, 0.000E+00, 4.228E+02, 6.835E+01, 7.639E-03, 0.000E+00, 1.309E+02, 2.999E-03, 1.988E+00
25/09/2019,00:00,9,3.081,3.581,6.266,.903,.092, 1.011E+03, 1.191E+02, 0.000E+00, 3.469E-16, 0.000E+00, 0.000E+00, 0.000E+00, 0.000E+00,-2.032E+00, 4.109E-01, 1.291E+00, 1.000E-01, 1.000E-01,-9.990E+02, 1.000E+00,-9.990E+02, 0.000E+00, 0.000E+00, 0.000E+00, 1.000E+00, 0.000E+00, 0.000E+00, 0.000E+00, 0.000E+00, 2.522E+02, 6.835E+01, 1.209E-02, 0.000E+00, 8.268E+01, 3.712E-03, 2.149E+00
25/09/2019,01:00,9,3.081,3.581,6.217,.914,.081, 1.011E+03, 1.153E+02, 0.000E+00, 3.469E-16, 0.000E+00, 0.000E+00, 0.000E+00, 0.000E+00,-2.032E+00, 4.109E-01, 4.546E-01, 1.000E-01, 1.000E-01,-9.990E+02, 1.000E+00,-9.990E+02, 0.000E+00, 0.000E+00, 0.000E+00, 1.000E+00, 0.000E+00, 0.000E+00, 0.000E+00, 0.000E+00, 2.522E+02, 6.835E+01, 1.399E-02, 0.000E+00, 7.147E+01, 3.873E-03, 2.170E+00
25/09/2019,02:00,9,3.081,3.581,6.167,.925,.071, 1.011E+03, 1.098E+02, 0.000E+00, 3.469E-16, 0.000E+00, 0.000E+00, 0.000E+00, 0.000E+00,-2.032E+00, 4.109E-01, 4.641E-01, 1.000E-01, 1.000E-01,-9.990E+02, 1.000E+00,-9.990E+02, 0.000E+00, 0.000E+00, 0.000E+00, 1.000E+00, 0.000E+00, 0.000E+00, 0.000E+00, 0.000E+00, 2.522E+02, 6.835E+01, 1.619E-02, 0.000E+00, 6.178E+01, 4.024E-03, 2.243E+00
25/09/2019,03:00,9,3.081,3.581,6.118,.937,.060, 1.011E+03, 1.033E+02, 0.000E+00, 3.469E-16, 0.000E+00, 0.000E+00, 0.000E+00, 0.000E+00,-2.457E+00, 9.375E-01, 1.301E+00, 1.126E-01, 1.000E-01,-9.990E+02, 1.000E+00,-9.990E+02, 0.000E+00, 0.000E+00, 0.000E+00, 1.000E+00, 0.000E+00, 0.000E+00, 0.000E+00, 0.000E+00, 2.394E+02, 6.835E+01, 1.873E-02, 0.000E+00, 5.340E+01, 4.185E-03, 2.092E+00
25/09/2019,04:00,9,3.081,3.581,6.556,.928,.070, 1.011E+03, 9.611E+01, 0.000E+00, 3.469E-16, 0.000E+00, 0.000E+00, 0.000E+00, 0.000E+00,-2.457E+00, 9.375E-01, 1.221E+00, 1.127E-01, 1.000E-01,-9.990E+02, 1.000E+00,-9.990E+02, 0.000E+00, 0.000E+00, 0.000E+00, 1.000E+00, 0.000E+00, 0.000E+00, 0.000E+00, 0.000E+00, 2.392E+02, 6.835E+01, 1.584E-02, 0.000E+00, 6.315E+01, 4.021E-03, 1.861E+00
25/09/2019,05:00,9,3.081,3.581,6.995,.919,.081, 1.011E+03, 8.866E+01, 0.000E+00, 3.469E-16, 5.297E-03, 5.514E+00, 1.950E+00, 1.837E+00,-2.457E+00, 9.375E-01, 1.258E+00, 1.128E-01, 1.000E-01, 1.524E-02, 1.000E+00, 7.285E-02, 7.708E-02, 1.000E-02, 1.000E+00, 1.000E+00, 7.285E-04, 4.581E-06, 4.847E-06, 0.000E+00, 2.391E+02, 6.835E+01, 1.342E-02, 1.936E-05, 7.443E+01, 3.847E-03, 2.053E+00
25/09/2019,06:00,9,3.081,3.581,7.433,.911,.092, 1.011E+03, 8.134E+01, 7.457E-03, 3.469E-16, 2.617E+01, 3.407E+01, 9.946E+01, 1.260E+01, 4.157E+01, 2.906E+01, 1.404E+00, 2.783E-01, 1.000E-01, 9.777E-02, 1.000E+00, 4.610E-01, 9.833E-01, 1.000E-02, 1.000E+00, 1.000E+00, 4.610E-03, 2.904E-05, 6.193E-05, 0.000E+00, 1.302E+02, 6.835E+01, 1.313E-02, 1.227E-04, 7.545E+01, 4.073E-03, 2.485E+00
25/09/2019,07:00,9,3.081,3.581,8.846,.844,.177, 1.011E+03, 7.455E+01, 7.457E-03, 3.469E-16, 7.878E+01, 5.463E+01, 1.694E+02, 2.155E+01, 4.157E+01, 2.906E+01, 1.388E+00, 2.790E-01, 1.000E-01, 1.724E-01, 1.000E+00, 6.587E-01, 9.991E-01, 1.000E-02, 1.000E+00, 1.000E+00, 6.587E-03, 4.170E-05, 6.325E-05, 0.000E+00, 1.303E+02, 6.835E+01, 5.000E-03, 1.762E-04, 1.932E+02, 2.752E-03, 2.311E+00
25/09/2019,08:00,9,3.081,3.581,10.259,.778,.278, 1.011E+03, 6.873E+01, 7.457E-03, 3.469E-16, 1.290E+02, 6.712E+01, 2.051E+02, 2.733E+01, 4.157E+01, 2.906E+01, 1.398E+00, 2.797E-01, 1.000E-01, 2.321E-01, 1.000E+00, 7.504E-01, 9.998E-01, 1.000E-02, 1.000E+00, 1.000E+00, 7.504E-03, 4.775E-05, 6.361E-05, 0.000E+00, 1.305E+02, 6.835E+01, 5.000E-03, 2.017E-04, 1.922E+02, 2.759E-03, 1.999E+00
25/09/2019,09:00,9,3.081,3.581,11.672,.712,.397, 1.011E+03, 6.434E+01, 5.430E-03, 3.469E-16, 1.657E+02, 7.282E+01, 2.215E+02, 3.022E+01, 7.194E+01, 7.327E+01, 1.434E+00, 2.816E-01, 1.023E-01, 2.731E-01, 1.000E+00, 7.902E-01, 9.999E-01, 1.000E-02, 1.000E+00, 1.000E+00, 7.902E-03, 5.052E-05, 6.393E-05, 0.000E+00, 1.183E+02, 6.679E+01, 5.000E-03, 2.135E-04, 1.918E+02, 2.825E-03, 1.816E+00
25/09/2019,10:00,9,3.081,3.581,12.101,.659,.483, 1.011E+03, 6.179E+01, 5.430E-03, 3.469E-16, 1.874E+02, 7.537E+01, 2.298E+02, 3.159E+01, 7.194E+01, 7.327E+01, 1.429E+00, 2.818E-01, 1.019E-01, 2.951E-01, 1.000E+00, 8.077E-01, 9.999E-01, 1.433E-02, 1.000E+00, 1.000E+00, 1.157E-02, 7.412E-05, 9.176E-05, 0.000E+00, 1.188E+02, 6.706E+01, 5.000E-03, 3.132E-04, 1.882E+02, 2.849E-03, 1.158E+00
25/09/2019,11:00,9,3.081,3.581,12.529,.606,.574, 1.011E+03, 6.139E+01, 5.430E-03, 3.469E-16, 1.909E+02, 7.570E+01, 2.310E+02, 3.177E+01, 7.194E+01, 7.327E+01, 1.426E+00, 2.820E-01, 1.017E-01, 2.984E-01, 1.000E+00, 8.101E-01, 9.999E-01, 7.418E-02, 1.000E+00, 1.000E+00, 6.009E-02, 3.854E-04, 4.757E-04, 0.000E+00, 1.191E+02, 6.720E+01, 5.000E-03, 1.628E-03, 1.509E+02, 3.184E-03, 1.060E+00
25/09/2019,12:00,9,3.081,3.581,12.958,.554,.669, 1.011E+03, 6.318E+01, 5.690E-03, 3.469E-16, 8.418E+01, 1.057E+02, 1.315E+02, 3.817E+01, 6.330E+00, 4.183E+01, 1.426E+00, 2.900E-01, 1.000E-01, 2.832E-01, 1.000E+00, 8.496E-01, 9.955E-01, 1.321E-01, 1.000E+00, 1.000E+00, 1.123E-01, 7.211E-04, 8.450E-04, 0.000E+00, 1.565E+02, 6.835E+01, 5.000E-03, 3.047E-03, 1.243E+02, 3.314E-03, 9.823E-01
25/09/2019,13:00,9,3.081,3.581,12.481,.606,.572, 1.011E+03, 6.696E+01, 5.690E-03, 3.469E-16, 6.860E+01, 9.293E+01, 1.212E+02, 3.353E+01, 6.330E+00, 4.183E+01, 1.871E+00, 2.897E-01, 1.154E-01, 2.491E-01, 1.000E+00, 8.092E-01, 9.932E-01, 6.757E-02, 1.000E+00, 1.000E+00, 5.467E-02, 3.506E-04, 4.303E-04, 0.000E+00, 1.356E+02, 5.922E+01, 5.000E-03, 1.481E-03, 1.543E+02, 3.246E-03, 8.677E-01
25/09/2019,14:00,9,3.081,3.581,12.005,.659,.480, 1.011E+03, 7.233E+01, 5.690E-03, 3.469E-16, 4.643E+01, 7.238E+01, 1.025E+02, 2.601E+01, 6.330E+00, 4.183E+01, 2.329E+00, 2.895E-01, 1.437E-01, 1.958E-01, 1.000E+00, 7.212E-01, 9.852E-01, 1.000E-02, 1.000E+00, 1.000E+00, 7.212E-03, 4.617E-05, 6.307E-05, 0.000E+00, 1.089E+02, 4.757E+01, 5.000E-03, 1.951E-04, 1.925E+02, 3.165E-03, 7.959E-01
25/09/2019,15:00,9,3.081,3.581,11.528,.711,.394, 1.011E+03, 7.883E+01, 1.586E-03, 3.469E-16, 4.335E+01, 4.159E+01, 1.277E+02, 1.584E+01,-1.398E+01, 9.100E+00, 2.794E+00, 2.597E-01, 1.388E-01, 1.257E-01, 1.000E+00, 5.435E-01, 9.948E-01, 1.000E-02, 1.000E+00, 1.000E+00, 5.435E-03, 3.474E-05, 6.357E-05, 0.000E+00, 1.451E+02, 4.926E+01, 5.000E-03, 1.468E-04, 1.943E+02, 3.072E-03, 7.287E-01
25/09/2019,16:00,9,3.081,3.581,10.885,.744,.334, 1.011E+03, 8.602E+01, 1.586E-03, 3.469E-16, 2.819E+00, 1.603E+01, 2.579E+01, 5.485E+00,-1.398E+01, 9.100E+00, 2.606E+00, 2.594E-01, 1.294E-01, 4.505E-02, 1.000E+00, 2.223E-01, 6.538E-01, 1.000E-02, 1.000E+00, 1.000E+00, 2.223E-03, 1.417E-05, 4.169E-05, 0.000E+00, 1.557E+02, 5.284E+01, 5.000E-03, 5.989E-05, 1.976E+02, 2.955E-03, 6.444E-01
25/09/2019,17:00,9,3.081,3.581,10.243,.777,.279, 1.011E+03, 9.350E+01, 1.586E-03, 3.469E-16, 0.000E+00, 0.000E+00, 0.000E+00, 0.000E+00,-1.398E+01, 9.100E+00, 2.420E+00, 2.591E-01, 1.200E-01,-9.990E+02, 1.000E+00,-9.990E+02, 0.000E+00, 0.000E+00, 0.000E+00, 1.000E+00, 0.000E+00, 0.000E+00, 0.000E+00, 0.000E+00, 1.679E+02, 5.694E+01, 5.000E-03, 0.000E+00, 2.000E+02, 2.844E-03, 6.183E-01
25/09/2019,18:00,9,3.081,3.581,9.600,.810,.227, 1.011E+03, 1.009E+02, 7.828E-05, 3.469E-16, 0.000E+00, 0.000E+00, 0.000E+00, 0.000E+00,-1.148E+01, 2.970E+00, 2.235E+00, 1.834E-01, 1.000E-01,-9.990E+02, 1.000E+00,-9.990E+02, 0.000E+00, 0.000E+00, 0.000E+00, 1.000E+00, 0.000E+00, 0.000E+00, 0.000E+00, 0.000E+00, 2.452E+02, 6.835E+01, 5.000E-03, 0.000E+00, 2.000E+02, 2.590E-03, 6.977E-01
25/09/2019,19:00,9,3.081,3.581,9.058,.852,.171, 1.011E+03, 1.077E+02, 7.828E-05, 3.469E-16, 0.000E+00, 0.000E+00, 0.000E+00, 0.000E+00,-1.148E+01, 2.970E+00, 2.069E+00, 1.832E-01, 1.000E-01,-9.990E+02, 1.000E+00,-9.990E+02, 0.000E+00, 0.000E+00, 0.000E+00, 1.000E+00, 0.000E+00, 0.000E+00, 0.000E+00, 0.000E+00, 2.454E+02, 6.835E+01, 6.550E-03, 0.000E+00, 1.527E+02, 2.952E-03, 7.268E-01
25/09/2019,20:00,9,3.081,3.581,8.515,.893,.119, 1.011E+03, 1.137E+02, 7.828E-05, 3.469E-16, 0.000E+00, 0.000E+00, 0.000E+00, 0.000E+00,-1.148E+01, 2.970E+00, 1.932E+00, 1.830E-01, 1.000E-01,-9.990E+02, 1.000E+00,-9.990E+02, 0.000E+00, 0.000E+00, 0.000E+00, 1.000E+00, 0.000E+00, 0.000E+00, 0.000E+00, 0.000E+00, 2.457E+02, 6.835E+01, 1.279E-02, 0.000E+00, 7.819E+01, 3.783E-03, 7.060E-01
25/09/2019,21:00,9,3.081,3.581,7.973,.935,.070, 1.011E+03, 1.182E+02, 0.000E+00, 3.469E-16, 0.000E+00, 0.000E+00, 0.000E+00, 0.000E+00,-4.959E+00,-1.794E+00, 1.828E+00, 1.018E-01, 1.000E-01,-9.990E+02, 1.000E+00,-9.990E+02, 0.000E+00, 0.000E+00, 0.000E+00, 1.000E+00, 0.000E+00, 0.000E+00, 0.000E+00, 0.000E+00, 3.621E+02, 6.835E+01, 2.317E-02, 0.000E+00, 4.316E+01, 4.165E-03, 7.046E-01
25/09/2019,22:00,9,3.081,3.581,7.497,.946,.056, 1.011E+03, 1.208E+02, 0.000E+00, 3.469E-16, 0.000E+00, 0.000E+00, 0.000E+00, 0.000E+00,-4.959E+00,-1.794E+00, 1.785E+00, 1.017E-01, 1.000E-01,-9.990E+02, 1.000E+00,-9.990E+02, 0.000E+00, 0.000E+00, 0.000E+00, 1.000E+00, 0.000E+00, 0.000E+00, 0.000E+00, 0.000E+00, 3.626E+02, 6.835E+01, 2.343E-02, 0.000E+00, 4.269E+01, 4.172E-03, 8.094E-01
25/09/2019,23:00,9,3.081,3.581,7.021,.957,.043, 1.011E+03, 1.213E+02, 0.000E+00, 3.469E-16, 0.000E+00, 0.000E+00, 0.000E+00, 0.000E+00,-4.959E+00,-1.794E+00, 1.870E+00, 1.017E-01, 1.000E-01,-9.990E+02, 1.000E+00,-9.990E+02, 0.000E+00, 0.000E+00, 0.000E+00, 1.000E+00, 0.000E+00, 0.000E+00, 0.000E+00, 0.000E+00, 3.631E+02, 6.835E+01, 2.561E-02, 0.000E+00, 3.904E+01, 4.236E-03, 8.575E-01
26/09/2019,00:00,9,3.070,3.570,6.546,.969,.031, 1.011E+03, 1.194E+02, 0.000E+00, 3.469E-16, 0.000E+00, 0.000E+00, 0.000E+00, 0.000E+00,-9.888E+00,-4.529E+00, 2.067E+00, 1.579E-01, 1.000E-01,-9.990E+02, 1.000E+00,-9.990E+02, 0.000E+00, 0.000E+00, 0.000E+00, 1.000E+00, 0.000E+00, 0.000E+00, 0.000E+00, 0.000E+00, 2.721E+02, 6.835E+01, 2.806E-02, 0.000E+00, 3.564E+01, 4.460E-03, 9.013E-01
26/09/2019,01:00,9,3.070,3.570,6.269,.969,.030, 1.011E+03, 1.156E+02, 0.000E+00, 3.469E-16, 0.000E+00, 0.000E+00, 0.000E+00, 0.000E+00,-9.888E+00,-4.529E+00, 2.138E+00, 1.578E-01, 1.000E-01,-9.990E+02, 1.000E+00,-9.990E+02, 0.000E+00, 0.000E+00, 0.000E+00, 1.000E+00, 0.000E+00, 0.000E+00, 0.000E+00, 0.000E+00, 2.722E+02, 6.835E+01, 2.849E-02, 0.000E+00, 3.509E+01, 4.470E-03, 9.708E-01
26/09/2019,02:00,9,3.070,3.570,5.993,.969,.029, 1.011E+03, 1.102E+02, 0.000E+00, 3.469E-16, 0.000E+00, 0.000E+00, 0.000E+00, 0.000E+00,-9.888E+00,-4.529E+00, 2.210E+00, 1.577E-01, 1.000E-01,-9.990E+02, 1.000E+00,-9.990E+02, 0.000E+00, 0.000E+00, 0.000E+00, 1.000E+00, 0.000E+00, 0.000E+00, 0.000E+00, 0.000E+00, 2.724E+02, 6.835E+01, 2.896E-02, 0.000E+00, 3.453E+01, 4.481E-03, 1.016E+00
26/09/2019,03:00,9,3.070,3.570,5.716,.969,.028, 1.011E+03, 1.036E+02, 4.359E-07, 3.469E-16, 0.000E+00, 0.000E+00, 0.000E+00, 0.000E+00,-6.113E+00,-2.324E+00, 2.281E+00, 1.385E-01, 1.000E-01,-9.990E+02, 1.000E+00,-9.990E+02, 0.000E+00, 0.000E+00, 0.000E+00, 1.000E+00, 0.000E+00, 0.000E+00, 0.000E+00, 0.000E+00, 2.633E+02, 6.835E+01, 2.946E-02, 0.000E+00, 3.394E+01, 4.510E-03, 1.000E+00
26/09/2019,04:00,9,3.070,3.570,5.878,.964,.034, 1.012E+03, 9.641E+01, 4.359E-07, 3.469E-16, 0.000E+00, 0.000E+00, 0.000E+00, 0.000E+00,-6.113E+00,-2.324E+00, 1.956E+00, 1.385E-01, 1.000E-01,-9.990E+02, 1.000E+00,-9.990E+02, 0.000E+00, 0.000E+00, 0.000E+00, 1.000E+00, 0.000E+00, 0.000E+00, 0.000E+00, 0.000E+00, 2.633E+02, 6.835E+01, 2.916E-02, 0.000E+00, 3.429E+01, 4.503E-03, 1.049E+00
26/09/2019,05:00,9,3.070,3.570,6.041,.958,.039, 1.012E+03, 8.895E+01, 4.359E-07, 3.469E-16, 4.585E-04, 4.397E+00, 1.481E+00, 1.469E+00,-6.113E+00,-2.324E+00, 1.634E+00, 1.385E-01, 1.000E-01, 1.194E-02, 1.000E+00, 5.863E-02, 5.911E-02, 1.000E-02, 1.000E+00, 1.000E+00, 5.863E-04, 3.675E-06, 3.705E-06, 0.000E+00, 2.632E+02, 6.835E+01, 2.503E-02, 1.547E-05, 3.992E+01, 4.392E-03, 1.290E+00
26/09/2019,06:00,9,3.070,3.570,6.204,.953,.045, 1.012E+03, 8.164E+01, 4.359E-07, 3.469E-16, 2.447E+01, 3.347E+01, 9.650E+01, 1.236E+01, 6.237E+01, 4.560E+01, 1.317E+00, 2.469E-01, 1.000E-01, 9.473E-02, 1.000E+00, 4.536E-01, 9.811E-01, 1.000E-02, 1.000E+00, 1.000E+00, 4.536E-03, 2.845E-05, 6.153E-05, 0.000E+00, 1.164E+02, 6.835E+01, 2.480E-02, 1.198E-04, 4.014E+01, 4.910E-03, 1.649E+00
26/09/2019,07:00,9,3.070,3.570,8.030,.868,.142, 1.012E+03, 7.487E+01, 4.359E-07, 3.469E-16, 7.712E+01, 5.458E+01, 1.693E+02, 2.153E+01, 6.237E+01, 4.560E+01, 1.159E+00, 2.477E-01, 1.000E-01, 1.696E-01, 1.000E+00, 6.573E-01, 9.991E-01, 1.000E-02, 1.000E+00, 1.000E+00, 6.573E-03, 4.149E-05, 6.306E-05, 0.000E+00, 1.166E+02, 6.835E+01, 6.257E-03, 1.747E-04, 1.555E+02, 3.134E-03, 1.796E+00
26/09/2019,08:00,9,3.070,3.570,9.856,.783,.265, 1.012E+03, 6.907E+01, 4.359E-07, 3.469E-16, 1.277E+02, 6.747E+01, 2.063E+02, 2.750E+01, 6.237E+01, 4.560E+01, 1.056E+00, 2.485E-01, 1.000E-01, 2.295E-01, 1.000E+00, 7.513E-01, 9.998E-01, 1.000E-02, 1.000E+00, 1.000E+00, 7.513E-03, 4.773E-05, 6.352E-05, 0.000E+00, 1.167E+02, 6.835E+01, 5.000E-03, 2.010E-04, 1.923E+02, 2.809E-03, 2.075E+00
26/09/2019,09:00,9,3.070,3.570,11.682,.698,.416, 1.013E+03, 6.469E+01, 4.359E-07, 3.469E-16, 1.625E+02, 7.241E+01, 2.202E+02, 3.007E+01, 1.228E+02, 8.743E+01, 1.024E+00, 2.921E-01, 1.000E-01, 2.708E-01, 1.000E+00, 7.883E-01, 9.999E-01, 1.000E-02, 1.000E+00, 1.000E+00, 7.883E-03, 5.041E-05, 6.393E-05, 0.000E+00, 1.130E+02, 6.835E+01, 5.000E-03, 2.122E-04, 1.919E+02, 2.829E-03, 2.221E+00
26/09/2019,10:00,9,3.070,3.570,12.363,.657,.495, 1.013E+03, 6.217E+01, 4.359E-07, 3.469E-16, 1.841E+02, 7.506E+01, 2.287E+02, 3.148E+01, 1.228E+02, 8.743E+01, 9.166E-01, 2.924E-01, 1.000E-01, 2.928E-01, 1.000E+00, 8.063E-01, 9.999E-01, 5.125E-02, 1.000E+00, 1.000E+00, 4.132E-02, 2.649E-04, 3.285E-04, 0.000E+00, 1.131E+02, 6.835E+01, 5.000E-03, 1.115E-03, 1.635E+02, 3.075E-03, 8.062E-01
26/09/2019,11:00,9,3.070,3.570,13.045,.616,.580, 1.012E+03, 6.178E+01, 4.359E-07, 3.469E-16, 1.874E+02, 7.539E+01, 2.299E+02, 3.167E+01, 1.228E+02, 8.743E+01, 9.000E-01, 2.928E-01, 1.000E-01, 2.960E-01, 1.000E+00, 8.086E-01, 9.999E-01, 1.437E-01, 1.000E+00, 1.000E+00, 1.162E-01, 7.466E-04, 9.232E-04, 0.000E+00, 1.132E+02, 6.835E+01, 5.000E-03, 3.143E-03, 1.228E+02, 3.514E-03, 8.188E-01
26/09/2019,12:00,9,3.070,3.570,13.726,.574,.672, 1.012E+03, 6.358E+01, 4.359E-07, 3.469E-16, 8.250E+01, 1.044E+02, 1.305E+02, 3.780E+01, 3.070E+01, 5.593E+01, 9.788E-01, 2.270E-01, 1.000E-01, 2.806E-01, 1.000E+00, 8.467E-01, 9.953E-01, 2.314E-01, 1.000E+00, 1.000E+00, 1.960E-01, 1.262E-03, 1.483E-03, 0.000E+00, 1.248E+02, 6.835E+01, 5.000E-03, 5.313E-03, 9.696E+01, 3.778E-03, 8.951E-01
26/09/2019,13:00,9,3.070,3.570,13.337,.590,.631, 1.012E+03, 6.736E+01, 4.359E-07, 3.469E-16, 6.691E+01, 9.149E+01, 1.200E+02, 3.309E+01, 3.070E+01, 5.593E+01, 1.016E+00, 2.269E-01, 1.000E-01, 2.461E-01, 1.000E+00, 8.049E-01, 9.928E-01, 1.818E-01, 1.000E+00, 1.000E+00, 1.464E-01, 9.413E-04, 1.161E-03, 0.000E+00, 1.248E+02, 6.835E+01, 5.000E-03, 3.963E-03, 1.116E+02, 3.580E-03, 9.500E-01
26/09/2019,14:00,9,3.070,3.570,12.947,.606,.591, 1.012E+03, 7.272E+01, 4.359E-07, 3.469E-16, 4.479E+01, 7.076E+01, 1.009E+02, 2.548E+01, 3.070E+01, 5.593E+01, 1.056E+00, 2.267E-01, 1.000E-01, 1.924E-01, 1.000E+00, 7.138E-01, 9.842E-01, 1.307E-01, 1.000E+00, 1.000E+00, 9.327E-02, 5.990E-04, 8.259E-04, 0.000E+00, 1.248E+02, 6.835E+01, 5.000E-03, 2.522E-03, 1.329E+02, 3.326E-03, 9.495E-01
26/09/2019,15:00,9,3.070,3.570,12.557,.621,.553, 1.012E+03, 7.921E+01, 4.359E-07, 3.469E-16, 3.819E+01, 3.817E+01, 1.165E+02, 1.451E+01,-6.398E+00, 7.004E+00, 1.097E+00, 1.125E-01, 1.000E-01, 1.219E-01, 1.000E+00, 5.155E-01, 9.917E-01, 7.795E-02, 1.000E+00, 1.000E+00, 4.018E-02, 2.577E-04, 4.958E-04, 0.000E+00, 3.535E+02, 6.835E+01, 5.000E-03, 1.085E-03, 1.643E+02, 2.774E-03, 8.975E-01
26/09/2019,16:00,9,3.070,3.570,11.773,.661,.470, 1.012E+03, 8.640E+01, 4.359E-07, 3.469E-16, 1.809E+00, 1.372E+01, 1.909E+01, 4.676E+00,-6.398E+00, 7.004E+00, 1.396E+00, 1.124E-01, 1.000E-01, 4.089E-02, 1.000E+00, 1.901E-01, 5.439E-01, 1.000E-02, 1.000E+00, 1.000E+00, 1.901E-03, 1.216E-05, 3.479E-05, 0.000E+00, 3.543E+02, 6.835E+01, 5.000E-03, 5.118E-05, 1.980E+02, 2.537E-03, 8.589E-01
26/09/2019,17:00,9,3.070,3.570,10.989,.701,.393, 1.012E+03, 9.388E+01, 4.359E-07, 3.469E-16, 0.000E+00, 0.000E+00, 0.000E+00, 0.000E+00,-6.398E+00, 7.004E+00, 1.826E+00, 1.122E-01, 1.000E-01,-9.990E+02, 1.000E+00,-9.990E+02, 0.000E+00, 0.000E+00, 0.000E+00, 1.000E+00, 0.000E+00, 0.000E+00, 0.000E+00, 0.000E+00, 3.550E+02, 6.835E+01, 5.000E-03, 0.000E+00, 2.000E+02, 2.523E-03, 8.296E-01
26/09/2019,18:00,9,3.070,3.570,10.206,.741,.324, 1.012E+03, 1.013E+02, 4.359E-07, 3.469E-16, 0.000E+00, 0.000E+00, 0.000E+00, 0.000E+00,-2.001E+01, 5.618E+00, 2.315E+00, 2.555E-01, 1.063E-01,-9.990E+02, 1.000E+00,-9.990E+02, 0.000E+00, 0.000E+00, 0.000E+00, 1.000E+00, 0.000E+00, 0.000E+00, 0.000E+00, 0.000E+00, 2.049E+02, 6.430E+01, 5.000E-03, 0.000E+00, 2.000E+02, 2.683E-03, 9.859E-01
26/09/2019,19:00,9,3.070,3.570,9.519,.785,.256, 1.013E+03, 1.081E+02, 4.359E-07, 3.469E-16, 0.000E+00, 0.000E+00, 0.000E+00, 0.000E+00,-2.001E+01, 5.618E+00, 2.132E+00, 2.552E-01, 1.000E-01,-9.990E+02, 1.000E+00,-9.990E+02, 0.000E+00, 0.000E+00, 0.000E+00, 1.000E+00, 0.000E+00, 0.000E+00, 0.000E+00, 0.000E+00, 2.180E+02, 6.835E+01, 5.000E-03, 0.000E+00, 2.000E+02, 2.607E-03, 1.224E+00
26/09/2019,20:00,9,3.070,3.570,8.833,.829,.195, 1.013E+03, 1.141E+02, 4.359E-07, 3.469E-16, 0.000E+00, 0.000E+00, 0.000E+00, 0.000E+00,-2.001E+01, 5.618E+00, 2.099E+00, 2.549E-01, 1.000E-01,-9.990E+02, 1.000E+00,-9.990E+02, 0.000E+00, 0.000E+00, 0.000E+00, 1.000E+00, 0.000E+00, 0.000E+00, 0.000E+00, 0.000E+00, 2.182E+02, 6.835E+01, 5.000E-03, 0.000E+00, 2.000E+02, 2.607E-03, 1.292E+00
26/09/2019,21:00,9,3.070,3.570,8.147,.873,.138, 1.013E+03, 1.186E+02, 4.359E-07, 3.469E-16, 0.000E+00, 0.000E+00, 0.000E+00, 0.000E+00,-1.031E+01,-9.372E-01, 2.223E+00, 1.538E-01, 1.000E-01,-9.990E+02, 1.000E+00,-9.990E+02, 0.000E+00, 0.000E+00, 0.000E+00, 1.000E+00, 0.000E+00, 0.000E+00, 0.000E+00, 0.000E+00, 2.851E+02, 6.835E+01, 7.754E-03, 0.000E+00, 1.290E+02, 3.137E-03, 1.244E+00
26/09/2019,22:00,9,3.070,3.570,7.698,.900,.106, 1.013E+03, 1.212E+02, 4.359E-07, 3.469E-16, 0.000E+00, 0.000E+00, 0.000E+00, 0.000E+00,-1.031E+01,-9.372E-01, 2.124E+00, 1.537E-01, 1.000E-01,-9.990E+02, 1.000E+00,-9.990E+02, 0.000E+00, 0.000E+00, 0.000E+00, 1.000E+00, 0.000E+00, 0.000E+00, 0.000E+00, 0.000E+00, 2.854E+02, 6.835E+01, 1.052E-02, 0.000E+00, 9.502E+01, 3.511E-03, 1.201E+00
26/09/2019,23:00,9,3.070,3.570,7.249,.927,.075, 1.013E+03, 1.216E+02, 4.359E-07, 3.469E-16, 0.000E+00, 0.000E+00, 0.000E+00, 0.000E+00,-1.031E+01,-9.372E-01, 2.038E+00, 1.536E-01, 1.000E-01,-9.990E+02, 1.000E+00,-9.990E+02, 0.000E+00, 0.000E+00, 0.000E+00, 1.000E+00, 0.000E+00, 0.000E+00, 0.000E+00, 0.000E+00, 2.857E+02, 6.835E+01, 1.650E-02, 0.000E+00, 6.061E+01, 3.993E-03, 1.118E+00
27/09/2019,00:00,9,3.059,3.559,6.801,.954,.046, 1.013E+03, 1.198E+02, 1.958E-05, 3.469E-16, 0.000E+00, 0.000E+00, 0.000E+00, 0.000E+00,-8.464E+00,-3.854E+00, 1.968E+00, 1.239E-01, 1.000E-01,-9.990E+02, 1.000E+00,-9.990E+02, 0.000E+00, 0.000E+00, 0.000E+00, 1.000E+00, 0.000E+00, 0.000E+00, 0.000E+00, 0.000E+00, 3.517E+02, 6.835E+01, 2.591E-02, 0.000E+00, 3.860E+01, 4.263E-03, 9.900E-01
27/09/2019,01:00,9,3.059,3.559,6.476,.952,.046, 1.013E+03, 1.159E+02, 1.958E-05, 3.469E-16, 0.000E+00, 0.000E+00, 0.000E+00, 0.000E+00,-8.464E+00,-3.854E+00, 2.112E+00, 1.238E-01, 1.000E-01,-9.990E+02, 1.000E+00,-9.990E+02, 0.000E+00, 0.000E+00, 0.000E+00, 1.000E+00, 0.000E+00, 0.000E+00, 0.000E+00, 0.000E+00, 3.520E+02, 6.835E+01, 2.636E-02, 0.000E+00, 3.793E+01, 4.275E-03, 1.018E+00
27/09/2019,02:00,9,3.059,3.559,6.152,.951,.047, 1.012E+03, 1.105E+02, 1.958E-05, 3.469E-16, 0.000E+00, 0.000E+00, 0.000E+00, 0.000E+00,-8.464E+00,-3.854E+00, 2.303E+00, 1.238E-01, 1.000E-01,-9.990E+02, 1.000E+00,-9.990E+02, 0.000E+00, 0.000E+00, 0.000E+00, 1.000E+00, 0.000E+00, 0.000E+00, 0.000E+00, 0.000E+00, 3.523E+02, 6.835E+01, 2.685E-02, 0.000E+00, 3.724E+01, 4.287E-03, 1.057E+00
27/09/2019,03:00,9,3.059,3.559,5.827,.949,.047, 1.012E+03, 1.039E+02, 1.958E-05, 3.469E-16, 0.000E+00, 0.000E+00, 0.000E+00, 0.000E+00,-1.830E+01,-2.169E+00, 2.531E+00, 2.278E-01, 1.090E-01,-9.990E+02, 1.000E+00,-9.990E+02, 0.000E+00, 0.000E+00, 0.000E+00, 1.000E+00, 0.000E+00, 0.000E+00, 0.000E+00, 0.000E+00, 2.130E+02, 6.270E+01, 2.374E-02, 0.000E+00, 4.213E+01, 4.723E-03, 1.151E+00
27/09/2019,04:00,9,3.059,3.559,6.074,.933,.063, 1.012E+03, 9.670E+01, 1.958E-05, 3.469E-16, 0.000E+00, 0.000E+00, 0.000E+00, 0.000E+00,-1.830E+01,-2.169E+00, 2.467E+00, 2.280E-01, 1.063E-01,-9.990E+02, 1.000E+00,-9.990E+02, 0.000E+00, 0.000E+00, 0.000E+00, 1.000E+00, 0.000E+00, 0.000E+00, 0.000E+00, 0.000E+00, 2.183E+02, 6.430E+01, 2.027E-02, 0.000E+00, 4.933E+01, 4.479E-03, 1.218E+00
27/09/2019,05:00,9,3.059,3.559,6.321,.917,.080, 1.012E+03, 8.925E+01, 1.958E-05, 3.469E-16, 6.405E-06, 3.161E+00, 0.000E+00, 0.000E+00,-1.830E+01,-2.169E+00, 2.408E+00, 2.281E-01, 1.038E-01,-9.990E+02, 1.000E+00,-9.990E+02, 0.000E+00, 0.000E+00, 0.000E+00, 1.000E+00, 0.000E+00, 0.000E+00, 0.000E+00, 0.000E+00, 2.235E+02, 6.586E+01, 1.502E-02, 0.000E+00, 6.659E+01, 4.087E-03, 1.355E+00
27/09/2019,06:00,9,3.059,3.559,6.567,.901,.097, 1.011E+03, 8.194E+01, 1.958E-05, 3.469E-16, 2.253E+01, 3.239E+01, 9.229E+01, 1.194E+01, 6.272E+01, 4.537E+01, 2.354E+00, 4.494E-01, 1.509E-01, 9.166E-02, 1.000E+00, 4.420E-01, 9.775E-01, 1.000E-02, 1.000E+00, 1.000E+00, 4.420E-03, 2.776E-05, 6.138E-05, 0.000E+00, 9.662E+01, 4.529E+01, 1.284E-02, 1.164E-04, 7.718E+01, 5.174E-03, 1.550E+00
27/09/2019,07:00,9,3.059,3.559,8.415,.828,.190, 1.011E+03, 7.519E+01, 1.958E-05, 3.469E-16, 7.451E+01, 5.374E+01, 1.669E+02, 2.121E+01, 6.272E+01, 4.537E+01, 2.772E+00, 4.510E-01, 1.776E-01, 1.667E-01, 1.000E+00, 6.516E-01, 9.990E-01, 1.000E-02, 1.000E+00, 1.000E+00, 6.516E-03, 4.119E-05, 6.314E-05, 0.000E+00, 8.217E+01, 3.848E+01, 5.000E-03, 1.728E-04, 1.933E+02, 3.425E-03, 9.060E-01
27/09/2019,08:00,9,3.059,3.559,10.263,.755,.307, 1.011E+03, 6.941E+01, 1.958E-05, 3.469E-16, 1.249E+02, 6.685E+01, 2.048E+02, 2.728E+01, 6.272E+01, 4.537E+01, 3.199E+00, 4.525E-01, 2.049E-01, 2.270E-01, 1.000E+00, 7.482E-01, 9.998E-01, 1.000E-02, 1.000E+00, 1.000E+00, 7.482E-03, 4.760E-05, 6.361E-05, 0.000E+00, 7.129E+01, 3.335E+01, 5.000E-03, 1.997E-04, 1.923E+02, 3.599E-03, 9.909E-01
27/09/2019,09:00,9,3.059,3.559,12.111,.682,.451, 1.011E+03, 6.505E+01, 1.958E-05, 3.469E-16, 1.123E+02, 8.775E+01, 1.667E+02, 3.349E+01, 1.287E+02, 9.387E+01, 3.633E+00, 6.604E-01, 2.284E-01, 2.684E-01, 1.000E+00, 8.152E-01, 9.989E-01, 1.586E-02, 1.000E+00, 1.000E+00, 1.293E-02, 8.281E-05, 1.015E-04, 0.000E+00, 6.616E+01, 2.992E+01, 5.000E-03, 3.474E-04, 1.870E+02, 3.784E-03, 1.128E+00
27/09/2019,10:00,9,3.059,3.559,12.863,.650,.522, 1.010E+03, 6.255E+01, 1.958E-05, 3.469E-16, 1.275E+02, 9.355E+01, 1.741E+02, 3.581E+01, 1.287E+02, 9.387E+01, 3.775E+00, 6.614E-01, 2.373E-01, 2.905E-01, 1.000E+00, 8.371E-01, 9.992E-01, 1.194E-01, 1.000E+00, 1.000E+00, 9.998E-02, 6.420E-04, 7.663E-04, 0.000E+00, 6.370E+01, 2.880E+01, 5.000E-03, 2.693E-03, 1.300E+02, 4.894E-03, 1.045E+00
27/09/2019,11:00,9,3.059,3.559,13.614,.617,.600, 1.010E+03, 6.217E+01, 1.958E-05, 3.469E-16, 1.297E+02, 9.436E+01, 1.751E+02, 3.613E+01, 1.287E+02, 9.387E+01, 3.937E+00, 6.624E-01, 2.474E-01, 2.937E-01, 1.000E+00, 8.400E-01, 9.993E-01, 2.173E-01, 1.000E+00, 1.000E+00, 1.825E-01, 1.175E-03, 1.398E-03, 0.000E+00, 6.112E+01, 2.763E+01, 5.000E-03, 4.928E-03, 1.007E+02, 5.812E-03, 1.218E+00
27/09/2019,12:00,9,3.059,3.559,14.365,.584,.684, 1.010E+03, 6.398E+01, 1.958E-05, 3.469E-16, 2.917E+01, 9.831E+01, 6.722E+01, 3.398E+01, 5.531E+01, 7.587E+01, 4.115E+00, 6.520E-01, 2.520E-01, 2.780E-01, 1.000E+00, 8.040E-01, 9.370E-01, 3.093E-01, 1.000E+00, 1.000E+00, 2.487E-01, 1.605E-03, 1.871E-03, 0.000E+00, 6.294E+01, 2.712E+01, 5.000E-03, 6.734E-03, 8.522E+01, 6.420E-03, 1.232E+00
27/09/2019,13:00,9,3.059,3.559,13.805,.608,.622, 1.009E+03, 6.776E+01, 1.958E-05, 3.469E-16, 2.355E+01, 8.410E+01, 6.017E+01, 2.907E+01, 5.531E+01, 7.587E+01, 4.059E+00, 6.515E-01, 2.486E-01, 2.431E-01, 1.000E+00, 7.506E-01, 9.158E-01, 2.412E-01, 1.000E+00, 1.000E+00, 1.810E-01, 1.166E-03, 1.423E-03, 0.000E+00, 6.379E+01, 2.749E+01, 5.000E-03, 4.892E-03, 1.011E+02, 5.794E-03, 1.211E+00
27/09/2019,14:00,9,3.059,3.559,13.245,.631,.564, 1.009E+03, 7.311E+01, 1.958E-05, 3.469E-16, 1.559E+01, 6.229E+01, 4.835E+01, 2.151E+01, 5.531E+01, 7.587E+01, 4.004E+00, 6.509E-01, 2.453E-01, 1.890E-01, 1.000E+00, 6.394E-01, 8.631E-01, 1.699E-01, 1.000E+00, 1.000E+00, 1.086E-01, 6.983E-04, 9.428E-04, 0.000E+00, 6.466E+01, 2.787E+01, 5.000E-03, 2.929E-03, 1.261E+02, 5.035E-03, 1.148E+00
27/09/2019,15:00,9,3.059,3.559,12.684,.654,.510, 1.009E+03, 7.960E+01, 1.490E-04, 3.469E-16, 4.058E+00, 3.056E+01, 2.166E+01, 1.043E+01,-3.975E+01, 1.463E+01, 3.949E+00, 5.101E-01, 2.185E-01, 1.180E-01, 1.000E+00, 3.772E-01, 5.898E-01, 9.536E-02, 1.000E+00, 1.000E+00, 3.597E-02, 2.308E-04, 3.609E-04, 0.000E+00, 8.274E+01, 3.129E+01, 5.000E-03, 9.682E-04, 1.676E+02, 4.000E-03, 1.044E+00
27/09/2019,16:00,9,3.059,3.559,11.597,.709,.399, 1.009E+03, 8.678E+01, 1.490E-04, 3.469E-16, 1.317E-01, 6.271E+00, 3.280E+00, 2.108E+00,-3.975E+01, 1.463E+01, 3.859E+00, 5.092E-01, 2.134E-01, 3.671E-02, 1.000E+00, 8.462E-02, 1.262E-01, 1.000E-02, 1.000E+00, 1.000E+00, 8.462E-04, 5.409E-06, 8.068E-06, 0.000E+00, 8.473E+01, 3.203E+01, 5.000E-03, 2.269E-05, 1.991E+02, 3.527E-03, 9.336E-01
27/09/2019,17:00,9,3.059,3.559,10.509,.764,.301, 1.008E+03, 9.426E+01, 1.490E-04, 3.469E-16, 0.000E+00, 0.000E+00, 0.000E+00, 0.000E+00,-3.975E+01, 1.463E+01, 3.804E+00, 5.083E-01, 2.103E-01,-9.990E+02, 1.000E+00,-9.990E+02, 0.000E+00, 0.000E+00, 0.000E+00, 1.000E+00, 0.000E+00, 0.000E+00, 0.000E+00, 0.000E+00, 8.603E+01, 3.251E+01, 5.000E-03, 0.000E+00, 2.000E+02, 3.501E-03, 9.220E-01
27/09/2019,18:00,9,3.059,3.559,9.421,.818,.215, 1.008E+03, 1.016E+02, 1.958E-05, 3.469E-16, 0.000E+00, 0.000E+00, 0.000E+00, 0.000E+00,-4.083E+01, 3.236E+00, 3.784E+00, 5.270E-01, 2.103E-01,-9.990E+02, 1.000E+00,-9.990E+02, 0.000E+00, 0.000E+00, 0.000E+00, 1.000E+00, 0.000E+00, 0.000E+00, 0.000E+00, 0.000E+00, 8.554E+01, 3.250E+01, 5.000E-03, 0.000E+00, 2.000E+02, 3.501E-03, 8.756E-01
27/09/2019,19:00,9,3.059,3.559,9.511,.854,.174, 1.008E+03, 1.085E+02, 1.958E-05, 3.469E-16, 0.000E+00, 0.000E+00, 0.000E+00, 0.000E+00,-4.083E+01, 3.236E+00, 3.884E+00, 5.272E-01, 2.159E-01,-9.990E+02, 1.000E+00,-9.990E+02, 0.000E+00, 0.000E+00, 0.000E+00, 1.000E+00, 0.000E+00, 0.000E+00, 0.000E+00, 0.000E+00, 8.334E+01, 3.166E+01, 6.442E-03, 0.000E+00, 1.552E+02, 4.191E-03, 7.938E-01
27/09/2019,20:00,9,3.059,3.559,9.600,.890,.132, 1.007E+03, 1.145E+02, 1.958E-05, 3.469E-16, 0.000E+00, 0.000E+00, 0.000E+00, 0.000E+00,-4.083E+01, 3.236E+00, 3.992E+00, 5.274E-01, 2.219E-01,-9.990E+02, 1.000E+00,-9.990E+02, 0.000E+00, 0.000E+00, 0.000E+00, 1.000E+00, 0.000E+00, 0.000E+00, 0.000E+00, 0.000E+00, 8.107E+01, 3.080E+01, 9.858E-03, 0.000E+00, 1.014E+02, 5.477E-03, 6.930E-01
27/09/2019,21:00,9,3.059,3.559,9.689,.926,.090, 1.007E+03, 1.190E+02, 1.958E-05, 3.469E-16, 0.000E+00, 0.000E+00, 0.000E+00, 0.000E+00,-3.615E+01, 7.558E-01, 4.109E+00, 5.220E-01, 2.297E-01,-9.990E+02, 1.000E+00,-9.990E+02, 0.000E+00, 0.000E+00, 0.000E+00, 1.000E+00, 0.000E+00, 0.000E+00, 0.000E+00, 0.000E+00, 7.789E+01, 2.976E+01, 1.879E-02, 0.000E+00, 5.322E+01, 7.601E-03, 6.251E-01
27/09/2019,22:00,9,3.059,3.559,9.958,.935,.080, 1.007E+03, 1.216E+02, 1.958E-05, 3.469E-16, 0.000E+00, 0.000E+00, 0.000E+00, 0.000E+00,-3.615E+01, 7.558E-01, 4.034E+00, 5.224E-01, 2.255E-01,-9.990E+02, 1.000E+00,-9.990E+02, 0.000E+00, 0.000E+00, 0.000E+00, 1.000E+00, 0.000E+00, 0.000E+00, 0.000E+00, 0.000E+00, 7.933E+01, 3.031E+01, 2.319E-02, 0.000E+00, 4.313E+01, 8.135E-03, 6.055E-01
27/09/2019,23:00,9,3.059,3.559,10.226,.944,.069, 1.006E+03, 1.220E+02, 1.958E-05, 3.469E-16, 0.000E+00, 0.000E+00, 0.000E+00, 0.000E+00,-3.615E+01, 7.558E-01, 3.959E+00, 5.227E-01, 2.213E-01,-9.990E+02, 1.000E+00,-9.990E+02, 0.000E+00, 0.000E+00, 0.000E+00, 1.000E+00, 0.000E+00, 0.000E+00, 0.000E+00, 0.000E+00, 8.082E+01, 3.088E+01, 2.862E-02, 0.000E+00, 3.494E+01, 8.603E-03, 5.208E-01
28/09/2019,00:00,9,3.048,3.548,10.495,.954,.059, 1.006E+03, 1.202E+02, 1.486E-02, 3.469E-16, 0.000E+00, 0.000E+00, 0.000E+00, 0.000E+00,-3.466E+01, 3.948E+00, 3.884E+00, 6.042E-01, 2.221E-01,-9.990E+02, 1.000E+00,-9.990E+02, 0.000E+00, 0.000E+00, 0.000E+00, 1.000E+00, 0.000E+00, 0.000E+00, 0.000E+00, 0.000E+00, 7.876E+01, 3.078E+01, 3.032E-02, 0.000E+00, 3.298E+01, 8.783E-03, 6.216E-01
28/09/2019,01:00,9,3.048,3.548,10.810,.932,.089, 1.005E+03, 1.163E+02, 1.486E-02, 3.469E-16, 0.000E+00, 0.000E+00, 0.000E+00, 0.000E+00,-3.466E+01, 3.948E+00, 4.073E+00, 6.048E-01, 2.329E-01,-9.990E+02, 1.000E+00,-9.990E+02, 0.000E+00, 0.000E+00, 0.000E+00, 1.000E+00, 0.000E+00, 0.000E+00, 0.000E+00, 0.000E+00, 7.508E+01, 2.935E+01, 2.256E-02, 0.000E+00, 4.432E+01, 8.236E-03, 5.962E-01
28/09/2019,02:00,9,3.048,3.548,11.125,.909,.121, 1.005E+03, 1.108E+02, 1.486E-02, 3.469E-16, 0.000E+00, 0.000E+00, 0.000E+00, 0.000E+00,-3.466E+01, 3.948E+00, 4.264E+00, 6.053E-01, 2.439E-01,-9.990E+02, 1.000E+00,-9.990E+02, 0.000E+00, 0.000E+00, 0.000E+00, 1.000E+00, 0.000E+00, 0.000E+00, 0.000E+00, 0.000E+00, 7.171E+01, 2.803E+01, 1.697E-02, 0.000E+00, 5.892E+01, 7.544E-03, 4.971E-01
28/09/2019,03:00,9,3.048,3.548,11.440,.887,.154, 1.004E+03, 1.042E+02, 2.827E-01, 3.469E-16, 0.000E+00, 0.000E+00, 0.000E+00, 0.000E+00,-4.745E+01, 1.833E+01, 4.457E+00, 6.341E-01, 2.531E-01,-9.990E+02, 1.000E+00,-9.990E+02, 0.000E+00, 0.000E+00, 0.000E+00, 1.000E+00, 0.000E+00, 0.000E+00, 0.000E+00, 0.000E+00, 6.959E+01, 2.701E+01, 1.084E-02, 0.000E+00, 9.225E+01, 6.125E-03, 7.291E-01
28/09/2019,04:00,9,3.048,3.548,11.571,.906,.129, 1.004E+03, 9.700E+01, 2.827E-01, 3.469E-16, 0.000E+00, 0.000E+00, 0.000E+00, 0.000E+00,-4.745E+01, 1.833E+01, 4.491E+00, 6.344E-01, 2.550E-01,-9.990E+02, 1.000E+00,-9.990E+02, 0.000E+00, 0.000E+00, 0.000E+00, 1.000E+00, 0.000E+00, 0.000E+00, 0.000E+00, 0.000E+00, 6.905E+01, 2.680E+01, 1.437E-02, 0.000E+00, 6.958E+01, 7.141E-03, 7.356E-01
28/09/2019,05:00,9,3.048,3.548,11.702,.925,.104, 1.003E+03, 8.954E+01, 2.827E-01, 3.469E-16, 1.659E-11, 5.766E-01, 0.000E+00, 0.000E+00,-4.745E+01, 1.833E+01, 4.533E+00, 6.346E-01, 2.574E-01,-9.990E+02, 1.000E+00,-9.990E+02, 0.000E+00, 0.000E+00, 0.000E+00, 1.000E+00, 0.000E+00, 0.000E+00, 0.000E+00, 0.000E+00, 6.841E+01, 2.655E+01, 1.905E-02, 0.000E+00, 5.248E+01, 8.177E-03, 6.464E-01
28/09/2019,06:00,9,3.048,3.548,11.833,.944,.078, 1.003E+03, 8.224E+01, 4.786E-01, 3.469E-16, 4.186E-01, 1.392E+01, 6.249E+00, 4.698E+00,-4.431E+01, 4.003E+01, 4.582E+00, 6.114E-01, 2.597E-01, 8.857E-02, 1.000E+00, 1.802E-01, 2.266E-01, 1.000E-02, 1.000E+00, 1.000E+00, 1.802E-03, 1.153E-05, 1.450E-05, 0.000E+00, 6.794E+01, 2.632E+01, 2.728E-02, 4.819E-05, 3.660E+01, 9.451E-03, 6.156E-01
28/09/2019,07:00,9,3.048,3.548,11.982,.962,.054, 1.003E+03, 7.550E+01, 4.786E-01, 3.469E-16, 1.451E+00, 3.298E+01, 1.404E+01, 1.114E+01,-4.431E+01, 4.003E+01, 4.418E+00, 6.116E-01, 2.504E-01, 1.639E-01, 1.000E+00, 3.793E-01, 4.387E-01, 1.000E-02, 1.000E+00, 1.000E+00, 3.793E-03, 2.428E-05, 2.808E-05, 0.000E+00, 7.046E+01, 2.730E+01, 3.615E-02, 1.015E-04, 2.758E+01, 1.007E-02, 6.223E-01
28/09/2019,08:00,9,3.048,3.548,12.131,.979,.030, 1.003E+03, 6.974E+01, 4.786E-01, 3.469E-16, 2.458E+00, 4.943E+01, 2.025E+01, 1.670E+01,-4.431E+01, 4.003E+01, 4.260E+00, 6.118E-01, 2.415E-01, 2.244E-01, 1.000E+00, 5.122E-01, 5.653E-01, 1.863E-02, 1.000E+00, 1.000E+00, 9.542E-03, 6.111E-05, 6.743E-05, 0.000E+00, 7.306E+01, 2.831E+01, 3.847E-02, 2.554E-04, 2.582E+01, 9.975E-03, 6.959E-01
28/09/2019,09:00,9,3.048,3.548,12.280,.997,.005, 1.002E+03, 6.541E+01, 3.587E-01, 3.469E-16, 1.938E+00, 5.654E+01, 2.139E+01, 1.906E+01,-2.688E+01, 4.207E+01, 4.108E+00, 4.754E-01, 2.298E-01, 2.660E-01, 1.000E+00, 5.545E-01, 5.852E-01, 3.957E-02, 1.000E+00, 1.000E+00, 2.194E-02, 1.406E-04, 1.484E-04, 0.000E+00, 7.780E+01, 2.975E+01, 4.374E-02, 5.877E-04, 2.256E+01, 9.915E-03, 9.702E-01
28/09/2019,10:00,9,3.048,3.548,12.340,.996,.005, 1.002E+03, 6.292E+01, 3.587E-01, 3.469E-16, 2.201E+00, 6.246E+01, 2.348E+01, 2.106E+01,-2.688E+01, 4.207E+01, 3.741E+00, 4.755E-01, 2.092E-01, 2.882E-01, 1.000E+00, 5.909E-01, 6.193E-01, 4.801E-02, 1.000E+00, 1.000E+00, 2.837E-02, 1.818E-04, 1.906E-04, 0.000E+00, 8.544E+01, 3.267E+01, 4.367E-02, 7.600E-04, 2.251E+01, 9.216E-03, 1.096E+00
28/09/2019,11:00,9,3.048,3.548,12.401,.996,.005, 1.002E+03, 6.257E+01, 3.587E-01, 3.469E-16, 2.239E+00, 6.330E+01, 2.377E+01, 2.134E+01,-2.688E+01, 4.207E+01, 3.389E+00, 4.756E-01, 1.896E-01, 2.913E-01, 1.000E+00, 5.958E-01, 6.238E-01, 5.642E-02, 1.000E+00, 1.000E+00, 3.362E-02, 2.155E-04, 2.256E-04, 0.000E+00, 9.429E+01, 3.605E+01, 4.360E-02, 9.007E-04, 2.247E+01, 8.520E-03, 1.191E+00
28/09/2019,12:00,9,3.048,3.548,12.461,.996,.006, 1.002E+03, 6.438E+01, 6.722E-01, 3.469E-16, 4.965E+00, 6.828E+01, 2.886E+01, 2.312E+01,-1.729E+01, 2.027E+01, 3.060E+00, 3.425E-01, 1.643E-01, 2.754E-01, 1.000E+00, 6.359E-01, 6.948E-01, 6.479E-02, 1.000E+00, 1.000E+00, 4.120E-02, 2.642E-04, 2.886E-04, 0.000E+00, 1.134E+02, 4.161E+01, 4.032E-02, 1.104E-03, 2.414E+01, 7.457E-03, 1.259E+00
28/09/2019,13:00,9,3.048,3.548,12.204,.996,.005, 1.002E+03, 6.815E+01, 6.722E-01, 3.469E-16, 3.990E+00, 5.763E+01, 2.488E+01, 1.951E+01,-1.729E+01, 2.027E+01, 2.749E+00, 3.424E-01, 1.476E-01, 2.401E-01, 1.000E+00, 5.731E-01, 6.405E-01, 2.894E-02, 1.000E+00, 1.000E+00, 1.659E-02, 1.063E-04, 1.187E-04, 0.000E+00, 1.263E+02, 4.632E+01, 4.059E-02, 4.441E-04, 2.437E+01, 6.813E-03, 1.110E+00
28/09/2019,14:00,9,3.048,3.548,11.947,.997,.004, 1.001E+03, 7.350E+01, 6.722E-01, 3.469E-16, 2.615E+00, 4.160E+01, 1.869E+01, 1.408E+01,-1.729E+01, 2.027E+01, 2.473E+00, 3.423E-01, 1.327E-01, 1.855E-01, 1.000E+00, 4.576E-01, 5.364E-01, 1.000E-02, 1.000E+00, 1.000E+00, 4.576E-03, 2.929E-05, 3.433E-05, 0.000E+00, 1.404E+02, 5.151E+01, 3.786E-02, 1.224E-04, 2.633E+01, 6.155E-03, 1.248E+00
28/09/2019,15:00,9,3.048,3.548,11.690,.997,.004, 1.001E+03, 7.998E+01, 1.667E-01, 3.469E-16, 2.760E+00, 2.694E+01, 1.711E+01, 9.179E+00,-1.645E+01, 3.918E+00, 2.243E+00, 2.451E-01, 1.044E-01, 1.141E-01, 1.000E+00, 3.362E-01, 5.053E-01, 1.000E-02, 1.000E+00, 1.000E+00, 3.362E-03, 2.150E-05, 3.231E-05, 0.000E+00, 2.060E+02, 6.549E+01, 3.813E-02, 8.986E-05, 2.617E+01, 4.956E-03, 1.118E+00
28/09/2019,16:00,9,3.048,3.548,11.392,.994,.008, 1.000E+03, 8.716E+01, 1.667E-01, 3.469E-16, 5.621E-02, 4.893E+00, 2.214E+00, 1.647E+00,-1.645E+01, 3.918E+00, 2.107E+00, 2.450E-01, 1.000E-01, 3.250E-02, 1.000E+00, 6.618E-02, 8.704E-02, 1.000E-02, 1.000E+00, 1.000E+00, 6.618E-04, 4.228E-06, 5.560E-06, 0.000E+00, 2.150E+02, 6.835E+01, 4.152E-02, 1.767E-05, 2.408E+01, 4.822E-03, 1.032E+00
28/09/2019,17:00,9,3.048,3.548,11.095,.991,.012, 9.999E+02, 9.464E+01, 1.667E-01, 3.469E-16, 0.000E+00, 0.000E+00, 0.000E+00, 0.000E+00,-1.645E+01, 3.918E+00, 2.088E+00, 2.449E-01, 1.000E-01,-9.990E+02, 1.000E+00,-9.990E+02, 0.000E+00, 0.000E+00, 0.000E+00, 1.000E+00, 0.000E+00, 0.000E+00, 0.000E+00, 0.000E+00, 2.151E+02, 6.835E+01, 4.521E-02, 0.000E+00, 2.212E+01, 4.868E-03, 9.211E-01
28/09/2019,18:00,9,3.048,3.548,10.797,.987,.017, 9.994E+02, 1.020E+02, 3.087E-02, 3.469E-16, 0.000E+00, 0.000E+00, 0.000E+00, 0.000E+00,-9.193E+00,-8.412E-01, 2.188E+00, 1.558E-01, 1.000E-01,-9.990E+02, 1.000E+00,-9.990E+02, 0.000E+00, 0.000E+00, 0.000E+00, 1.000E+00, 0.000E+00, 0.000E+00, 0.000E+00, 0.000E+00, 2.698E+02, 6.835E+01, 3.663E-02, 0.000E+00, 2.730E+01, 4.636E-03, 8.345E-01
28/09/2019,19:00,9,3.048,3.548,10.474,.991,.011, 9.990E+02, 1.089E+02, 3.087E-02, 3.469E-16, 0.000E+00, 0.000E+00, 0.000E+00, 0.000E+00,-9.193E+00,-8.412E-01, 1.995E+00, 1.558E-01, 1.000E-01,-9.990E+02, 1.000E+00,-9.990E+02, 0.000E+00, 0.000E+00, 0.000E+00, 1.000E+00, 0.000E+00, 0.000E+00, 0.000E+00, 0.000E+00, 2.700E+02, 6.835E+01, 4.609E-02, 0.000E+00, 2.170E+01, 4.760E-03, 7.856E-01
28/09/2019,20:00,9,3.048,3.548,10.150,.995,.006, 9.986E+02, 1.149E+02, 3.087E-02, 3.469E-16, 0.000E+00, 0.000E+00, 0.000E+00, 0.000E+00,-9.193E+00,-8.412E-01, 1.833E+00, 1.557E-01, 1.000E-01,-9.990E+02, 1.000E+00,-9.990E+02, 0.000E+00, 0.000E+00, 0.000E+00, 1.000E+00, 0.000E+00, 0.000E+00, 0.000E+00, 0.000E+00, 2.701E+02, 6.835E+01, 4.657E-02, 0.000E+00, 2.147E+01, 4.765E-03, 7.404E-01
28/09/2019,21:00,9,3.048,3.548,9.827,.999,.002, 9.982E+02, 1.194E+02, 1.892E-03, 3.469E-16, 0.000E+00, 0.000E+00, 0.000E+00, 0.000E+00,-3.630E+00,-3.143E+00, 1.711E+00, 1.000E-01, 1.000E-01,-9.990E+02, 1.000E+00,-9.990E+02, 0.000E+00, 0.000E+00, 0.000E+00, 1.000E+00, 0.000E+00, 0.000E+00, 0.000E+00, 0.000E+00, 3.201E+02, 6.835E+01, 4.708E-02, 0.000E+00, 2.124E+01, 4.667E-03, 6.838E-01
28/09/2019,22:00,9,3.048,3.548,9.031,.999,.001, 9.977E+02, 1.220E+02, 1.892E-03, 3.469E-16, 0.000E+00, 0.000E+00, 0.000E+00, 0.000E+00,-3.630E+00,-3.143E+00, 1.405E+00, 1.000E-01, 1.000E-01,-9.990E+02, 1.000E+00,-9.990E+02, 0.000E+00, 0.000E+00, 0.000E+00, 1.000E+00, 0.000E+00, 0.000E+00, 0.000E+00, 0.000E+00, 3.202E+02, 6.835E+01, 4.845E-02, 0.000E+00, 2.064E+01, 4.680E-03, 7.999E-01
28/09/2019,23:00,9,3.048,3.548,8.235,.999,.001, 9.971E+02, 1.224E+02, 1.892E-03, 3.469E-16, 0.000E+00, 0.000E+00, 0.000E+00, 0.000E+00,-3.630E+00,-3.143E+00, 1.129E+00, 1.000E-01, 1.000E-01,-9.990E+02, 1.000E+00,-9.990E+02, 0.000E+00, 0.000E+00, 0.000E+00, 1.000E+00, 0.000E+00, 0.000E+00, 0.000E+00, 0.000E+00, 3.202E+02, 6.835E+01, 5.001E-02, 0.000E+00, 2.000E+01, 4.694E-03, 9.782E-01
29/09/2019,00:00,9,3.037,3.537,7.439,.999,.001, 9.966E+02, 1.205E+02, 2.790E-02, 3.469E-16, 0.000E+00, 0.000E+00, 0.000E+00, 0.000E+00, 1.045E+00,-3.526E+00, 9.116E-01, 1.333E-01, 1.000E-01,-9.990E+02, 1.000E+00,-9.990E+02, 0.000E+00, 0.000E+00, 0.000E+00, 1.000E+00, 0.000E+00, 0.000E+00, 0.000E+00, 0.000E+00, 1.511E+02, 6.835E+01, 4.799E-02, 0.000E+00, 2.084E+01, 5.069E-03, 1.101E+00
29/09/2019,01:00,9,3.037,3.537,8.073,.999,.001, 9.960E+02, 1.166E+02, 2.790E-02, 3.469E-16, 0.000E+00, 0.000E+00, 0.000E+00, 0.000E+00, 1.045E+00,-3.526E+00, 5.860E-01, 1.335E-01, 1.000E-01,-9.990E+02, 1.000E+00,-9.990E+02, 0.000E+00, 0.000E+00, 0.000E+00, 1.000E+00, 0.000E+00, 0.000E+00, 0.000E+00, 0.000E+00, 1.512E+02, 6.835E+01, 4.001E-02, 0.000E+00, 2.500E+01, 4.964E-03, 9.891E-01
29/09/2019,02:00,9,3.037,3.537,8.707,.999,.001, 9.953E+02, 1.111E+02, 2.790E-02, 3.469E-16, 0.000E+00, 0.000E+00, 0.000E+00, 0.000E+00, 1.045E+00,-3.526E+00, 6.709E-01, 1.337E-01, 1.000E-01,-9.990E+02, 1.000E+00,-9.990E+02, 0.000E+00, 0.000E+00, 0.000E+00, 1.000E+00, 0.000E+00, 0.000E+00, 0.000E+00, 0.000E+00, 1.512E+02, 6.835E+01, 3.897E-02, 0.000E+00, 2.566E+01, 4.948E-03, 1.159E+00
29/09/2019,03:00,9,3.037,3.537,9.341,.999,.001, 9.947E+02, 1.045E+02, 2.055E-01, 3.469E-16, 0.000E+00, 0.000E+00, 0.000E+00, 0.000E+00, 1.840E+00, 1.464E+00, 1.073E+00, 1.705E-01, 1.000E-01,-9.990E+02, 1.000E+00,-9.990E+02, 0.000E+00, 0.000E+00, 0.000E+00, 1.000E+00, 0.000E+00, 0.000E+00, 0.000E+00, 0.000E+00, 1.529E+02, 6.835E+01, 3.805E-02, 0.000E+00, 2.628E+01, 4.924E-03, 1.353E+00
29/09/2019,04:00,9,3.037,3.537,9.470,1.000,.001, 9.942E+02, 9.730E+01, 2.055E-01, 3.469E-16, 0.000E+00, 0.000E+00, 0.000E+00, 0.000E+00, 1.840E+00, 1.464E+00, 1.194E+00, 1.705E-01, 1.000E-01,-9.990E+02, 1.000E+00,-9.990E+02, 0.000E+00, 0.000E+00, 0.000E+00, 1.000E+00, 0.000E+00, 0.000E+00, 0.000E+00, 0.000E+00, 1.530E+02, 6.835E+01, 3.787E-02, 0.000E+00, 2.640E+01, 4.921E-03, 1.224E+00
29/09/2019,05:00,9,3.037,3.537,9.600,1.000,.000, 9.937E+02, 8.984E+01, 2.055E-01, 3.469E-16, 4.966E-30, 1.712E-01, 0.000E+00, 0.000E+00, 1.840E+00, 1.464E+00, 1.490E+00, 1.706E-01, 1.000E-01,-9.990E+02, 1.000E+00,-9.990E+02, 0.000E+00, 0.000E+00, 0.000E+00, 1.000E+00, 0.000E+00, 0.000E+00, 0.000E+00, 0.000E+00, 1.530E+02, 6.835E+01, 3.770E-02, 0.000E+00, 2.652E+01, 4.918E-03, 1.183E+00
29/09/2019,06:00,9,3.037,3.537,9.729,1.000,.000, 9.932E+02, 8.255E+01, 4.421E-02, 3.469E-16, 1.999E+00, 1.948E+01, 1.436E+01, 6.661E+00, 1.110E+01, 2.982E+01, 1.881E+00, 3.221E-01, 1.170E-01, 8.544E-02, 1.000E+00, 2.573E-01, 4.461E-01, 1.000E-02, 1.000E+00, 1.000E+00, 2.573E-03, 1.634E-05, 2.833E-05, 0.000E+00, 1.316E+02, 5.840E+01, 3.753E-02, 6.804E-05, 2.660E+01, 5.623E-03, 1.152E+00
29/09/2019,07:00,9,3.037,3.537,10.086,.981,.024, 9.930E+02, 7.582E+01, 4.421E-02, 3.469E-16, 7.287E+00, 4.582E+01, 3.062E+01, 1.575E+01, 1.110E+01, 2.982E+01, 2.085E+00, 3.224E-01, 1.297E-01, 1.610E-01, 1.000E+00, 5.154E-01, 7.162E-01, 1.000E-02, 1.000E+00, 1.000E+00, 5.154E-03, 3.277E-05, 4.554E-05, 0.000E+00, 1.188E+02, 5.270E+01, 3.214E-02, 1.365E-04, 3.098E+01, 5.971E-03, 1.147E+00
29/09/2019,08:00,9,3.037,3.537,10.442,.962,.048, 9.928E+02, 7.008E+01, 4.421E-02, 3.469E-16, 1.248E+01, 6.823E+01, 4.179E+01, 2.348E+01, 1.110E+01, 2.982E+01, 2.302E+00, 3.226E-01, 1.432E-01, 2.218E-01, 1.000E+00, 6.640E-01, 8.207E-01, 1.000E-02, 1.000E+00, 1.000E+00, 6.640E-03, 4.227E-05, 5.225E-05, 0.000E+00, 1.076E+02, 4.774E+01, 2.388E-02, 1.760E-04, 4.157E+01, 6.052E-03, 1.217E+00
29/09/2019,09:00,9,3.037,3.537,10.798,.943,.074, 9.926E+02, 6.577E+01, 1.322E-01, 3.469E-16, 1.437E+02, 6.581E+01, 2.026E+02, 2.748E+01, 1.307E+00, 4.355E+01, 2.528E+00, 2.856E-01, 1.517E-01, 2.636E-01, 1.000E+00, 7.622E-01, 9.998E-01, 1.000E-02, 1.000E+00, 1.000E+00, 7.622E-03, 4.858E-05, 6.373E-05, 0.000E+00, 1.087E+02, 4.505E+01, 1.774E-02, 2.023E-04, 5.572E+01, 5.765E-03, 1.451E+00
29/09/2019,10:00,9,3.037,3.537,10.955,.939,.080, 9.921E+02, 6.330E+01, 1.322E-01, 3.469E-16, 1.635E+02, 6.849E+01, 2.108E+02, 2.889E+01, 1.307E+00, 4.355E+01, 2.468E+00, 2.857E-01, 1.481E-01, 2.858E-01, 1.000E+00, 7.823E-01, 9.998E-01, 1.000E-02, 1.000E+00, 1.000E+00, 7.823E-03, 4.989E-05, 6.377E-05, 0.000E+00, 1.114E+02, 4.615E+01, 1.531E-02, 2.078E-04, 6.445E+01, 5.404E-03, 1.523E+00
29/09/2019,11:00,9,3.037,3.537,11.112,.935,.086, 9.916E+02, 6.296E+01, 1.322E-01, 3.469E-16, 1.663E+02, 6.881E+01, 2.119E+02, 2.906E+01, 1.307E+00, 4.355E+01, 2.417E+00, 2.859E-01, 1.451E-01, 2.888E-01, 1.000E+00, 7.847E-01, 9.998E-01, 1.000E-02, 1.000E+00, 1.000E+00, 7.847E-03, 5.008E-05, 6.380E-05, 0.000E+00, 1.137E+02, 4.712E+01, 1.524E-02, 2.085E-04, 6.474E+01, 5.323E-03, 1.395E+00
29/09/2019,12:00,9,3.037,3.537,11.268,.932,.092, 9.911E+02, 6.478E+01, 2.974E-03, 3.469E-16, 1.606E+02, 7.088E+01, 2.182E+02, 2.972E+01, 4.307E-01, 3.844E+01, 2.376E+00, 1.000E-01, 1.493E-01, 2.727E-01, 1.000E+00, 7.858E-01, 9.999E-01, 1.000E-02, 1.000E+00, 1.000E+00, 7.858E-03, 5.017E-05, 6.384E-05, 0.000E+00, 1.013E+02, 4.578E+01, 1.517E-02, 2.089E-04, 6.503E+01, 5.457E-03, 1.337E+00
29/09/2019,13:00,9,3.037,3.537,11.523,.937,.086, 9.904E+02, 6.855E+01, 2.974E-03, 3.469E-16, 1.286E+02, 6.552E+01, 2.028E+02, 2.704E+01, 4.307E-01, 3.844E+01, 1.299E+00, 1.000E-01, 1.000E-01, 2.371E-01, 1.000E+00, 7.491E-01, 9.998E-01, 1.000E-02, 1.000E+00, 1.000E+00, 7.491E-03, 4.787E-05, 6.389E-05, 0.000E+00, 1.513E+02, 6.835E+01, 1.506E-02, 1.994E-04, 6.555E+01, 4.132E-03, 1.420E+00
29/09/2019,14:00,9,3.037,3.537,11.778,.942,.081, 9.897E+02, 7.389E+01, 2.974E-03, 3.469E-16, 8.338E+01, 5.472E+01, 1.722E+02, 2.196E+01, 4.307E-01, 3.844E+01, 3.574E-01, 1.000E-01, 1.000E-01, 1.820E-01, 1.000E+00, 6.683E-01, 9.992E-01, 1.000E-02, 1.000E+00, 1.000E+00, 6.683E-03, 4.274E-05, 6.391E-05, 0.000E+00, 1.513E+02, 6.835E+01, 1.725E-02, 1.780E-04, 5.739E+01, 4.276E-03, 1.748E+00
29/09/2019,15:00,9,3.037,3.537,12.033,.947,.075, 9.890E+02, 8.037E+01, 1.305E-01, 3.469E-16, 3.256E+01, 3.614E+01, 1.110E+02, 1.371E+01,-2.966E+00, 7.057E-01, 9.847E-01, 1.000E-01, 1.000E-01, 1.102E-01, 1.000E+00, 4.926E-01, 9.896E-01, 1.000E-02, 1.000E+00, 1.000E+00, 4.926E-03, 3.153E-05, 6.335E-05, 0.000E+00, 2.935E+02, 6.835E+01, 1.713E-02, 1.313E-04, 5.795E+01, 4.024E-03, 1.969E+00
29/09/2019,16:00,9,3.037,3.537,11.370,.957,.057, 9.884E+02, 8.754E+01, 1.305E-01, 3.469E-16, 3.666E-01, 9.822E+00, 7.598E+00, 3.328E+00,-2.966E+00, 7.057E-01, 1.021E+00, 1.000E-01, 1.000E-01, 2.827E-02, 1.000E+00, 1.319E-01, 2.684E-01, 1.000E-02, 1.000E+00, 1.000E+00, 1.319E-03, 8.425E-06, 1.714E-05, 0.000E+00, 2.936E+02, 6.835E+01, 2.012E-02, 3.509E-05, 4.960E+01, 4.163E-03, 1.845E+00
29/09/2019,17:00,9,3.037,3.537,10.707,.968,.041, 9.879E+02, 9.501E+01, 1.305E-01, 3.469E-16, 0.000E+00, 0.000E+00, 0.000E+00, 0.000E+00,-2.966E+00, 7.057E-01, 1.081E+00, 1.000E-01, 1.000E-01,-9.990E+02, 1.000E+00,-9.990E+02, 0.000E+00, 0.000E+00, 0.000E+00, 1.000E+00, 0.000E+00, 0.000E+00, 0.000E+00, 0.000E+00, 2.936E+02, 6.835E+01, 2.368E-02, 0.000E+00, 4.223E+01, 4.295E-03, 1.705E+00
29/09/2019,18:00,9,3.037,3.537,10.044,.979,.026, 9.873E+02, 1.024E+02, 4.344E-01, 3.469E-16, 0.000E+00, 0.000E+00, 0.000E+00, 0.000E+00,-2.270E+00, 1.430E-01, 1.161E+00, 1.000E-01, 1.000E-01,-9.990E+02, 1.000E+00,-9.990E+02, 0.000E+00, 0.000E+00, 0.000E+00, 1.000E+00, 0.000E+00, 0.000E+00, 0.000E+00, 0.000E+00, 2.643E+02, 6.835E+01, 2.790E-02, 0.000E+00, 3.584E+01, 4.470E-03, 1.714E+00
29/09/2019,19:00,9,3.037,3.537,9.658,.985,.018, 9.865E+02, 1.093E+02, 4.344E-01, 3.469E-16, 0.000E+00, 0.000E+00, 0.000E+00, 0.000E+00,-2.270E+00, 1.430E-01, 7.663E-01, 1.000E-01, 1.000E-01,-9.990E+02, 1.000E+00,-9.990E+02, 0.000E+00, 0.000E+00, 0.000E+00, 1.000E+00, 0.000E+00, 0.000E+00, 0.000E+00, 0.000E+00, 2.644E+02, 6.835E+01, 3.262E-02, 0.000E+00, 3.066E+01, 4.576E-03, 1.531E+00
29/09/2019,20:00,9,3.037,3.537,9.272,.991,.011, 9.858E+02, 1.152E+02, 4.344E-01, 3.469E-16, 0.000E+00, 0.000E+00, 0.000E+00, 0.000E+00,-2.270E+00, 1.430E-01, 6.890E-01, 1.000E-01, 1.000E-01,-9.990E+02, 1.000E+00,-9.990E+02, 0.000E+00, 0.000E+00, 0.000E+00, 1.000E+00, 0.000E+00, 0.000E+00, 0.000E+00, 0.000E+00, 2.645E+02, 6.835E+01, 4.119E-02, 0.000E+00, 2.428E+01, 4.713E-03, 1.469E+00
29/09/2019,21:00,9,3.037,3.537,8.886,.997,.004, 9.851E+02, 1.198E+02, 2.753E-02, 3.469E-16, 0.000E+00, 0.000E+00, 0.000E+00, 0.000E+00,-2.225E+00,-3.414E+00, 1.005E+00, 1.000E-01, 1.000E-01,-9.990E+02, 1.000E+00,-9.990E+02, 0.000E+00, 0.000E+00, 0.000E+00, 1.000E+00, 0.000E+00, 0.000E+00, 0.000E+00, 0.000E+00, 2.626E+02, 6.835E+01, 4.179E-02, 0.000E+00, 2.393E+01, 4.725E-03, 1.426E+00
29/09/2019,22:00,9,3.037,3.537,8.624,.998,.003, 9.848E+02, 1.224E+02, 2.753E-02, 3.469E-16, 0.000E+00, 0.000E+00, 0.000E+00, 0.000E+00,-2.225E+00,-3.414E+00, 8.049E-01, 1.000E-01, 1.000E-01,-9.990E+02, 1.000E+00,-9.990E+02, 0.000E+00, 0.000E+00, 0.000E+00, 1.000E+00, 0.000E+00, 0.000E+00, 0.000E+00, 0.000E+00, 2.626E+02, 6.835E+01, 3.910E-02, 0.000E+00, 2.557E+01, 4.688E-03, 1.459E+00
29/09/2019,23:00,9,3.037,3.537,8.362,.999,.001, 9.845E+02, 1.228E+02, 2.753E-02, 3.469E-16, 0.000E+00, 0.000E+00, 0.000E+00, 0.000E+00,-2.225E+00,-3.414E+00, 1.037E+00, 1.000E-01, 1.000E-01,-9.990E+02, 1.000E+00,-9.990E+02, 0.000E+00, 0.000E+00, 0.000E+00, 1.000E+00, 0.000E+00, 0.000E+00, 0.000E+00, 0.000E+00, 2.627E+02, 6.835E+01, 3.952E-02, 0.000E+00, 2.530E+01, 4.694E-03, 1.184E+00
30/09/2019,00:00,9,3.026,3.526,8.101,1.000,.000, 9.842E+02, 1.209E+02, 6.767E-03, 3.469E-16, 0.000E+00, 0.000E+00, 0.000E+00, 0.000E+00, 1.547E+01,-8.936E+00, 1.514E+00, 1.991E-01, 1.039E-01,-9.990E+02, 1.000E+00,-9.990E+02, 0.000E+00, 0.000E+00, 0.000E+00, 1.000E+00, 0.000E+00, 0.000E+00, 0.000E+00, 0.000E+00, 1.246E+02, 6.578E+01, 3.996E-02, 0.000E+00, 2.503E+01, 5.308E-03, 7.731E-01
30/09/2019,01:00,9,3.026,3.526,8.331,1.000,.000, 9.838E+02, 1.170E+02, 6.767E-03, 3.469E-16, 0.000E+00, 0.000E+00, 0.000E+00, 0.000E+00, 1.547E+01,-8.936E+00, 1.529E+00, 1.992E-01, 1.049E-01,-9.990E+02, 1.000E+00,-9.990E+02, 0.000E+00, 0.000E+00, 0.000E+00, 1.000E+00, 0.000E+00, 0.000E+00, 0.000E+00, 0.000E+00, 1.235E+02, 6.517E+01, 3.957E-02, 0.000E+00, 2.527E+01, 5.344E-03, 5.168E-01
30/09/2019,02:00,9,3.026,3.526,8.560,1.000,.000, 9.834E+02, 1.115E+02, 6.767E-03, 3.469E-16, 0.000E+00, 0.000E+00, 0.000E+00, 0.000E+00, 1.547E+01,-8.936E+00, 1.603E+00, 1.993E-01, 1.100E-01,-9.990E+02, 1.000E+00,-9.990E+02, 0.000E+00, 0.000E+00, 0.000E+00, 1.000E+00, 0.000E+00, 0.000E+00, 0.000E+00, 0.000E+00, 1.178E+02, 6.215E+01, 3.920E-02, 0.000E+00, 2.551E+01, 5.559E-03, 4.575E-01
30/09/2019,03:00,9,3.026,3.526,8.790,1.000,.000, 9.831E+02, 1.048E+02, 2.666E-02, 3.469E-16, 0.000E+00, 0.000E+00, 0.000E+00, 0.000E+00, 5.167E+00, 1.206E+01, 1.729E+00, 2.407E-01, 1.081E-01,-9.990E+02, 1.000E+00,-9.990E+02, 0.000E+00, 0.000E+00, 0.000E+00, 1.000E+00, 0.000E+00, 0.000E+00, 0.000E+00, 0.000E+00, 1.415E+02, 6.325E+01, 3.885E-02, 0.000E+00, 2.574E+01, 5.281E-03, 4.104E-01
30/09/2019,04:00,9,3.026,3.526,8.498,.994,.007, 9.829E+02, 9.759E+01, 2.666E-02, 3.469E-16, 0.000E+00, 0.000E+00, 0.000E+00, 0.000E+00, 5.167E+00, 1.206E+01, 1.527E+00, 2.406E-01, 1.000E-01,-9.990E+02, 1.000E+00,-9.990E+02, 0.000E+00, 0.000E+00, 0.000E+00, 1.000E+00, 0.000E+00, 0.000E+00, 0.000E+00, 0.000E+00, 1.528E+02, 6.835E+01, 3.930E-02, 0.000E+00, 2.544E+01, 4.945E-03, 3.514E-01
30/09/2019,05:00,9,3.026,3.526,8.205,.987,.014, 9.827E+02, 9.013E+01, 2.666E-02, 3.469E-16, 0.000E+00, 0.000E+00, 0.000E+00, 0.000E+00, 5.167E+00, 1.206E+01, 1.435E+00, 2.405E-01, 1.000E-01,-9.990E+02, 1.000E+00,-9.990E+02, 0.000E+00, 0.000E+00, 0.000E+00, 1.000E+00, 0.000E+00, 0.000E+00, 0.000E+00, 0.000E+00, 1.528E+02, 6.835E+01, 3.448E-02, 0.000E+00, 2.900E+01, 4.859E-03, 3.931E-01
30/09/2019,06:00,9,3.026,3.526,7.912,.981,.020, 9.826E+02, 8.285E+01, 1.485E-03, 3.469E-16, 3.548E-01, 1.249E+01, 5.661E+00, 4.236E+00, 4.284E+01, 5.130E+01, 1.476E+00, 2.641E-01, 1.027E-01, 8.228E-02, 1.000E+00, 1.638E-01, 2.077E-01, 1.000E-02, 1.000E+00, 1.000E+00, 1.638E-03, 1.034E-05, 1.311E-05, 0.000E+00, 1.232E+02, 6.658E+01, 3.492E-02, 4.289E-05, 2.860E+01, 5.189E-03, 4.868E-01
30/09/2019,07:00,9,3.026,3.526,8.244,.961,.042, 9.827E+02, 7.614E+01, 1.485E-03, 3.469E-16, 1.365E+00, 3.137E+01, 1.351E+01, 1.066E+01, 4.284E+01, 5.130E+01, 1.536E+00, 2.643E-01, 1.068E-01, 1.581E-01, 1.000E+00, 3.662E-01, 4.262E-01, 1.000E-02, 1.000E+00, 1.000E+00, 3.662E-03, 2.313E-05, 2.692E-05, 0.000E+00, 1.184E+02, 6.397E+01, 2.587E-02, 9.598E-05, 3.851E+01, 5.097E-03, 5.443E-01
30/09/2019,08:00,9,3.026,3.526,8.575,.941,.066, 9.828E+02, 7.042E+01, 1.485E-03, 3.469E-16, 2.364E+00, 4.783E+01, 1.978E+01, 1.625E+01, 4.284E+01, 5.130E+01, 1.682E+00, 2.644E-01, 1.170E-01, 2.191E-01, 1.000E+00, 5.026E-01, 5.567E-01, 1.000E-02, 1.000E+00, 1.000E+00, 5.026E-03, 3.179E-05, 3.521E-05, 0.000E+00, 1.082E+02, 5.843E+01, 1.918E-02, 1.319E-04, 5.178E+01, 5.107E-03, 6.531E-01
30/09/2019,09:00,9,3.026,3.526,8.906,.921,.090, 9.829E+02, 6.613E+01, 1.935E-02, 3.469E-16, 6.963E+01, 9.674E+01, 1.213E+02, 3.527E+01, 3.831E+01, 8.065E+01, 1.894E+00, 2.415E-01, 1.335E-01, 2.611E-01, 1.000E+00, 8.250E-01, 9.932E-01, 1.000E-02, 1.000E+00, 1.000E+00, 8.250E-03, 5.224E-05, 6.289E-05, 0.000E+00, 9.265E+01, 5.121E+01, 1.423E-02, 2.168E-04, 6.923E+01, 5.142E-03, 7.645E-01
30/09/2019,10:00,9,3.026,3.526,9.729,.878,.147, 9.829E+02, 6.368E+01, 1.935E-02, 3.469E-16, 7.929E+01, 1.051E+02, 1.278E+02, 3.834E+01, 3.831E+01, 8.065E+01, 1.339E+00, 2.419E-01, 1.000E-01, 2.834E-01, 1.000E+00, 8.505E-01, 9.948E-01, 1.000E-02, 1.000E+00, 1.000E+00, 8.505E-03, 5.401E-05, 6.317E-05, 0.000E+00, 1.238E+02, 6.835E+01, 6.759E-03, 2.241E-04, 1.432E+02, 3.221E-03, 7.912E-01
30/09/2019,11:00,9,3.026,3.526,10.551,.835,.211, 9.828E+02, 6.335E+01, 1.935E-02, 3.469E-16, 8.060E+01, 1.062E+02, 1.286E+02, 3.874E+01, 3.831E+01, 8.065E+01, 8.430E-01, 2.423E-01, 1.000E-01, 2.863E-01, 1.000E+00, 8.535E-01, 9.950E-01, 1.000E-02, 1.000E+00, 1.000E+00, 8.535E-03, 5.436E-05, 6.337E-05, 0.000E+00, 1.238E+02, 6.835E+01, 5.000E-03, 2.256E-04, 1.914E+02, 2.788E-03, 7.822E-01
30/09/2019,12:00,9,3.026,3.526,11.374,.792,.281, 9.828E+02, 6.517E+01, 2.558E-01, 3.469E-16, 9.118E+01, 9.586E+01, 1.443E+02, 3.573E+01, 6.932E+00, 6.587E+01, 5.838E-01, 3.676E-01, 1.000E-01, 2.700E-01, 1.000E+00, 8.313E-01, 9.974E-01, 1.000E-02, 1.000E+00, 1.000E+00, 8.313E-03, 5.310E-05, 6.370E-05, 0.000E+00, 1.609E+02, 6.835E+01, 5.000E-03, 2.203E-04, 1.916E+02, 2.705E-03, 7.877E-01
30/09/2019,13:00,9,3.026,3.526,10.747,.849,.195, 9.826E+02, 6.894E+01, 2.558E-01, 3.469E-16, 7.261E+01, 8.355E+01, 1.321E+02, 3.105E+01, 6.932E+00, 6.587E+01, 5.100E-01, 3.672E-01, 1.000E-01, 2.340E-01, 1.000E+00, 7.854E-01, 9.956E-01, 1.000E-02, 1.000E+00, 1.000E+00, 7.854E-03, 5.005E-05, 6.345E-05, 0.000E+00, 1.608E+02, 6.835E+01, 5.000E-03, 2.077E-04, 1.920E+02, 2.702E-03, 7.582E-01
30/09/2019,14:00,9,3.026,3.526,10.120,.907,.116, 9.825E+02, 7.428E+01, 2.558E-01, 3.469E-16, 4.653E+01, 6.357E+01, 1.093E+02, 2.345E+01, 6.932E+00, 6.587E+01, 1.209E+00, 3.668E-01, 1.000E-01, 1.784E-01, 1.000E+00, 6.849E-01, 9.888E-01, 1.000E-02, 1.000E+00, 1.000E+00, 6.849E-03, 4.355E-05, 6.288E-05, 0.000E+00, 1.608E+02, 6.835E+01, 1.106E-02, 1.807E-04, 8.900E+01, 3.744E-03, 7.430E-01
30/09/2019,15:00,9,3.026,3.526,9.493,.964,.043, 9.823E+02, 8.075E+01, 6.354E-01, 3.469E-16, 6.348E-01, 1.813E+01, 8.127E+00, 6.153E+00,-4.574E+00, 1.334E+01, 1.986E+00, 1.960E-01, 1.023E-01, 1.063E-01, 1.000E+00, 2.300E-01, 2.841E-01, 1.000E-02, 1.000E+00, 1.000E+00, 2.300E-03, 1.459E-05, 1.803E-05, 0.000E+00, 1.898E+02, 6.683E+01, 2.662E-02, 6.056E-05, 3.748E+01, 4.655E-03, 5.923E-01
30/09/2019,16:00,9,3.026,3.526,9.127,.976,.028, 9.819E+02, 8.792E+01, 6.354E-01, 3.469E-16, 3.149E-03, 2.439E+00, 8.676E-01, 8.242E-01,-4.574E+00, 1.334E+01, 1.579E+00, 1.960E-01, 1.000E-01, 2.402E-02, 1.000E+00, 3.337E-02, 3.505E-02, 1.000E-02, 1.000E+00, 1.000E+00, 3.337E-04, 2.115E-06, 2.221E-06, 0.000E+00, 1.942E+02, 6.835E+01, 3.112E-02, 8.775E-06, 3.213E+01, 4.684E-03, 4.869E-01
30/09/2019,17:00,9,3.026,3.526,8.761,.988,.014, 9.815E+02, 9.539E+01, 6.354E-01, 3.469E-16, 0.000E+00, 0.000E+00, 0.000E+00, 0.000E+00,-4.574E+00, 1.334E+01, 1.174E+00, 1.959E-01, 1.000E-01,-9.990E+02, 1.000E+00,-9.990E+02, 0.000E+00, 0.000E+00, 0.000E+00, 1.000E+00, 0.000E+00, 0.000E+00, 0.000E+00, 0.000E+00, 1.942E+02, 6.835E+01, 3.640E-02, 0.000E+00, 2.747E+01, 4.788E-03, 4.895E-01
30/09/2019,18:00,9,3.026,3.526,8.395,.999,.001, 9.811E+02, 1.028E+02, 2.047E+00, 3.469E-16, 0.000E+00, 0.000E+00, 0.000E+00, 0.000E+00,-1.050E+01, 5.157E+01, 7.724E-01, 6.558E-01, 1.000E-01,-9.990E+02, 1.000E+00,-9.990E+02, 0.000E+00, 0.000E+00, 0.000E+00, 1.000E+00, 0.000E+00, 0.000E+00, 0.000E+00, 0.000E+00, 1.700E+02, 6.835E+01, 4.261E-02, 0.000E+00, 2.347E+01, 4.936E-03, 5.568E-01
30/09/2019,19:00,9,3.026,3.526,7.106,.998,.002, 9.813E+02, 1.097E+02, 2.047E+00, 3.469E-16, 0.000E+00, 0.000E+00, 0.000E+00, 0.000E+00,-1.050E+01, 5.157E+01, 1.631E+00, 6.543E-01, 1.000E-01,-9.990E+02, 1.000E+00,-9.990E+02, 0.000E+00, 0.000E+00, 0.000E+00, 1.000E+00, 0.000E+00, 0.000E+00, 0.000E+00, 0.000E+00, 1.700E+02, 6.835E+01, 4.877E-02, 0.000E+00, 2.051E+01, 5.009E-03, 2.880E-01
30/09/2019,20:00,9,3.026,3.526,5.817,.997,.003, 9.815E+02, 1.156E+02, 2.047E+00, 3.469E-16, 0.000E+00, 0.000E+00, 0.000E+00, 0.000E+00,-1.050E+01, 5.157E+01, 3.166E+00, 6.527E-01, 1.863E-01,-9.990E+02, 1.000E+00,-9.990E+02, 0.000E+00, 0.000E+00, 0.000E+00, 1.000E+00, 0.000E+00, 0.000E+00, 0.000E+00, 0.000E+00, 9.125E+01, 3.670E+01, 6.107E-02, 0.000E+00, 1.638E+01, 8.886E-03, 1.598E-01
30/09/2019,21:00,9,3.026,3.526,4.527,.996,.003, 9.817E+02, 1.202E+02, 2.893E-01, 3.469E-16, 0.000E+00, 0.000E+00, 0.000E+00, 0.000E+00,-2.491E+01, 6.157E+01, 4.763E+00, 6.879E-01, 2.775E-01,-9.990E+02, 1.000E+00,-9.990E+02, 0.000E+00, 0.000E+00, 0.000E+00, 1.000E+00, 0.000E+00, 0.000E+00, 0.000E+00, 0.000E+00, 6.184E+01, 2.463E+01, 5.318E-02, 0.000E+00, 1.880E+01, 1.199E-02, 1.638E-01
30/09/2019,22:00,9,3.026,3.526,4.600,.984,.013, 9.821E+02, 1.228E+02, 2.893E-01, 3.469E-16, 0.000E+00, 0.000E+00, 0.000E+00, 0.000E+00,-2.491E+01, 6.157E+01, 4.890E+00, 6.879E-01, 2.849E-01,-9.990E+02, 1.000E+00,-9.990E+02, 0.000E+00, 0.000E+00, 0.000E+00, 1.000E+00, 0.000E+00, 0.000E+00, 0.000E+00, 0.000E+00, 6.023E+01, 2.399E+01, 4.245E-02, 0.000E+00, 2.356E+01, 1.156E-02, 1.773E-01
30/09/2019,23:00,9,3.026,3.526,4.673,.973,.023, 9.824E+02, 1.232E+02, 2.893E-01, 3.469E-16, 0.000E+00, 0.000E+00, 0.000E+00, 0.000E+00,-2.491E+01, 6.157E+01, 5.063E+00, 6.878E-01, 2.950E-01,-9.990E+02, 1.000E+00,-9.990E+02, 0.000E+00, 0.000E+00, 0.000E+00, 1.000E+00, 0.000E+00, 0.000E+00, 0.000E+00, 0.000E+00, 5.818E+01, 2.317E+01, 3.658E-02, 0.000E+00, 2.733E+01, 1.135E-02, 1.777E-01
01/10/2019,00:00,9,3.015,3.515,4.746,.961,.033, 9.828E+02, 1.213E+02, 0.000E+00, 3.469E-16, 0.000E+00, 0.000E+00, 0.000E+00, 0.000E+00,-6.520E+01, 3.585E+01, 5.276E+00, 6.017E-01, 2.914E-01,-9.990E+02, 1.000E+00,-9.990E+02, 0.000E+00, 0.000E+00, 0.000E+00, 1.000E+00, 0.000E+00, 0.000E+00, 0.000E+00, 0.000E+00, 6.215E+01, 2.346E+01, 3.405E-02, 0.000E+00, 2.937E+01, 1.096E-02, 1.889E-01
01/10/2019,01:00,9,3.015,3.515,3.811,.949,.041, 9.832E+02, 1.173E+02, 0.000E+00, 3.469E-16, 0.000E+00, 0.000E+00, 0.000E+00, 0.000E+00,-6.520E+01, 3.585E+01, 4.796E+00, 6.006E-01, 2.648E-01,-9.990E+02, 1.000E+00,-9.990E+02, 0.000E+00, 0.000E+00, 0.000E+00, 1.000E+00, 0.000E+00, 0.000E+00, 0.000E+00, 0.000E+00, 6.841E+01, 2.582E+01, 2.775E-02, 0.000E+00, 3.603E+01, 9.609E-03, 2.089E-01
01/10/2019,02:00,9,3.015,3.515,2.877,.936,.048, 9.837E+02, 1.118E+02, 0.000E+00, 3.469E-16, 0.000E+00, 0.000E+00, 0.000E+00, 0.000E+00,-6.520E+01, 3.585E+01, 4.441E+00, 5.995E-01, 2.451E-01,-9.990E+02, 1.000E+00,-9.990E+02, 0.000E+00, 0.000E+00, 0.000E+00, 1.000E+00, 0.000E+00, 0.000E+00, 0.000E+00, 0.000E+00, 7.394E+01, 2.789E+01, 2.672E-02, 0.000E+00, 3.742E+01, 9.014E-03, 2.113E-01
01/10/2019,03:00,9,3.015,3.515,1.942,.924,.053, 9.841E+02, 1.051E+02, 0.000E+00, 3.469E-16, 0.000E+00, 0.000E+00, 0.000E+00, 0.000E+00,-5.147E+01, 2.681E+01, 4.243E+00, 5.552E-01, 2.342E-01,-9.990E+02, 1.000E+00,-9.990E+02, 0.000E+00, 0.000E+00, 0.000E+00, 1.000E+00, 0.000E+00, 0.000E+00, 0.000E+00, 0.000E+00, 7.732E+01, 2.918E+01, 2.676E-02, 0.000E+00, 3.737E+01, 8.750E-03, 2.156E-01
01/10/2019,04:00,9,3.015,3.515,2.137,.904,.068, 9.839E+02, 9.789E+01, 0.000E+00, 3.469E-16, 0.000E+00, 0.000E+00, 0.000E+00, 0.000E+00,-5.147E+01, 2.681E+01, 4.244E+00, 5.554E-01, 2.344E-01,-9.990E+02, 1.000E+00,-9.990E+02, 0.000E+00, 0.000E+00, 0.000E+00, 1.000E+00, 0.000E+00, 0.000E+00, 0.000E+00, 0.000E+00, 7.728E+01, 2.917E+01, 1.942E-02, 0.000E+00, 5.148E+01, 7.791E-03, 2.594E-01
01/10/2019,05:00,9,3.015,3.515,2.332,.884,.084, 9.838E+02, 9.043E+01, 0.000E+00, 3.469E-16, 0.000E+00, 0.000E+00, 0.000E+00, 0.000E+00,-5.147E+01, 2.681E+01, 4.246E+00, 5.557E-01, 2.345E-01,-9.990E+02, 1.000E+00,-9.990E+02, 0.000E+00, 0.000E+00, 0.000E+00, 1.000E+00, 0.000E+00, 0.000E+00, 0.000E+00, 0.000E+00, 7.723E+01, 2.915E+01, 1.414E-02, 0.000E+00, 7.073E+01, 6.777E-03, 4.093E-01
01/10/2019,06:00,9,3.015,3.515,2.527,.864,.100, 9.837E+02, 8.315E+01, 0.000E+00, 3.469E-16, 1.585E+01, 2.786E+01, 7.671E+01, 1.022E+01, 5.963E+01, 6.373E+01, 4.249E+00, 7.372E-01, 2.587E-01, 7.910E-02, 1.000E+00, 3.919E-01, 9.574E-01, 1.000E-02, 1.000E+00, 1.000E+00, 3.919E-03, 2.425E-05, 5.925E-05, 0.000E+00, 6.203E+01, 2.642E+01, 9.553E-03, 1.003E-04, 1.036E+02, 5.800E-03, 5.820E-01
01/10/2019,07:00,9,3.015,3.515,3.872,.776,.180, 9.837E+02, 7.645E+01, 0.000E+00, 3.469E-16, 6.526E+01, 5.010E+01, 1.592E+02, 1.986E+01, 5.963E+01, 6.373E+01, 4.595E+00, 7.390E-01, 2.797E-01, 1.551E-01, 1.000E+00, 6.264E-01, 9.986E-01, 1.000E-02, 1.000E+00, 1.000E+00, 6.264E-03, 3.896E-05, 6.210E-05, 0.000E+00, 5.739E+01, 2.444E+01, 5.000E-03, 1.611E-04, 1.938E+02, 3.885E-03, 5.791E-01
01/10/2019,08:00,9,3.015,3.515,5.217,.688,.276, 9.837E+02, 7.075E+01, 0.000E+00, 3.469E-16, 1.147E+02, 6.399E+01, 2.002E+02, 2.629E+01, 5.963E+01, 6.373E+01, 4.948E+00, 7.408E-01, 3.011E-01, 2.164E-01, 1.000E+00, 7.342E-01, 9.997E-01, 1.000E-02, 1.000E+00, 1.000E+00, 7.342E-03, 4.588E-05, 6.247E-05, 0.000E+00, 5.332E+01, 2.270E+01, 5.000E-03, 1.897E-04, 1.927E+02, 3.971E-03, 5.387E-01
01/10/2019,09:00,9,3.015,3.515,6.562,.601,.389, 9.837E+02, 6.649E+01, 0.000E+00, 3.469E-16, 1.522E+02, 7.121E+01, 2.206E+02, 2.983E+01, 1.307E+02, 1.072E+02, 5.308E+00, 9.678E-01, 3.229E-01, 2.586E-01, 1.000E+00, 7.826E-01, 9.999E-01, 1.000E-02, 1.000E+00, 1.000E+00, 7.826E-03, 4.914E-05, 6.279E-05, 0.000E+00, 4.976E+01, 2.117E+01, 5.000E-03, 2.032E-04, 1.922E+02, 4.043E-03, 5.127E-01
01/10/2019,10:00,9,3.015,3.515,7.536,.534,.485, 9.835E+02, 6.406E+01, 0.000E+00, 3.469E-16, 1.736E+02, 7.433E+01, 2.299E+02, 3.144E+01, 1.307E+02, 1.072E+02, 5.820E+00, 9.696E-01, 3.540E-01, 2.810E-01, 1.000E+00, 8.027E-01, 9.999E-01, 1.000E-02, 1.000E+00, 1.000E+00, 8.027E-03, 5.058E-05, 6.301E-05, 0.000E+00, 4.539E+01, 1.931E+01, 5.000E-03, 2.091E-04, 1.920E+02, 4.128E-03, 4.752E-01
01/10/2019,11:00,9,3.015,3.515,8.509,.467,.593, 9.833E+02, 6.374E+01, 0.000E+00, 3.469E-16, 1.764E+02, 7.468E+01, 2.310E+02, 3.163E+01, 1.307E+02, 1.072E+02, 6.342E+00, 9.713E-01, 3.857E-01, 2.838E-01, 1.000E+00, 8.050E-01, 9.999E-01, 1.000E-02, 1.000E+00, 1.000E+00, 8.050E-03, 5.090E-05, 6.322E-05, 0.000E+00, 4.167E+01, 1.772E+01, 5.000E-03, 2.104E-04, 1.919E+02, 4.200E-03, 4.908E-01
01/10/2019,12:00,9,3.015,3.515,9.482,.400,.713, 9.831E+02, 6.557E+01, 0.000E+00, 3.469E-16, 6.500E+01, 9.958E+01, 1.147E+02, 3.613E+01, 6.689E+00, 9.861E+01, 6.871E+00, 1.059E+00, 4.085E-01, 2.672E-01, 1.000E+00, 8.318E-01, 9.911E-01, 1.000E-02, 1.000E+00, 1.000E+00, 8.318E-03, 5.278E-05, 6.288E-05, 0.000E+00, 4.112E+01, 1.673E+01, 5.000E-03, 2.182E-04, 1.916E+02, 4.247E-03, 5.040E-01
01/10/2019,13:00,9,3.015,3.515,9.795,.402,.727, 9.828E+02, 6.933E+01, 0.000E+00, 3.469E-16, 5.148E+01, 8.533E+01, 1.039E+02, 3.093E+01, 6.689E+00, 9.861E+01, 6.659E+00, 1.060E+00, 3.959E-01, 2.309E-01, 1.000E+00, 7.812E-01, 9.860E-01, 1.000E-02, 1.000E+00, 1.000E+00, 7.812E-03, 4.962E-05, 6.263E-05, 0.000E+00, 4.243E+01, 1.726E+01, 5.000E-03, 2.051E-04, 1.921E+02, 4.214E-03, 4.932E-01
01/10/2019,14:00,9,3.015,3.515,10.108,.403,.740, 9.825E+02, 7.467E+01, 0.000E+00, 3.469E-16, 3.254E+01, 6.295E+01, 8.425E+01, 2.272E+01, 6.689E+00, 9.861E+01, 6.520E+00, 1.061E+00, 3.877E-01, 1.748E-01, 1.000E+00, 6.704E-01, 9.687E-01, 1.000E-02, 1.000E+00, 1.000E+00, 6.704E-03, 4.263E-05, 6.160E-05, 0.000E+00, 4.334E+01, 1.763E+01, 5.000E-03, 1.762E-04, 1.932E+02, 4.178E-03, 4.596E-01
01/10/2019,15:00,9,3.015,3.515,10.420,.405,.754, 9.822E+02, 8.113E+01, 0.000E+00, 3.469E-16, 2.892E+01, 3.523E+01, 1.071E+02, 1.332E+01,-9.079E+01, 3.108E+01, 6.458E+00, 7.374E-01, 3.628E-01, 1.023E-01, 1.000E+00, 4.797E-01, 9.878E-01, 1.000E-02, 1.000E+00, 1.000E+00, 4.797E-03, 3.054E-05, 6.288E-05, 0.000E+00, 4.906E+01, 1.884E+01, 5.000E-03, 1.262E-04, 1.951E+02, 4.088E-03, 3.889E-01
01/10/2019,16:00,9,3.015,3.515,9.538,.454,.651, 9.825E+02, 8.829E+01, 0.000E+00, 3.469E-16, 4.309E-02, 7.144E+00, 3.146E+00, 2.422E+00,-9.079E+01, 3.108E+01, 5.774E+00, 7.362E-01, 3.243E-01, 1.975E-02, 1.000E+00, 9.535E-02, 1.214E-01, 1.000E-02, 1.000E+00, 1.000E+00, 9.535E-04, 6.051E-06, 7.702E-06, 0.000E+00, 5.489E+01, 2.108E+01, 5.000E-03, 2.502E-05, 1.990E+02, 3.930E-03, 3.214E-01
01/10/2019,17:00,9,3.015,3.515,8.655,.504,.558, 9.827E+02, 9.577E+01, 0.000E+00, 3.469E-16, 0.000E+00, 0.000E+00, 0.000E+00, 0.000E+00,-9.079E+01, 3.108E+01, 5.096E+00, 7.350E-01, 2.862E-01,-9.990E+02, 1.000E+00,-9.990E+02, 0.000E+00, 0.000E+00, 0.000E+00, 1.000E+00, 0.000E+00, 0.000E+00, 0.000E+00, 0.000E+00, 6.223E+01, 2.388E+01, 5.000E-03, 0.000E+00, 2.000E+02, 3.804E-03, 2.825E-01
01/10/2019,18:00,9,3.015,3.515,7.772,.553,.473, 9.829E+02, 1.032E+02, 4.567E-04, 3.469E-16, 0.000E+00, 0.000E+00, 0.000E+00, 0.000E+00,-6.963E+01, 1.416E+01, 4.427E+00, 5.375E-01, 2.362E-01,-9.990E+02, 1.000E+00,-9.990E+02, 0.000E+00, 0.000E+00, 0.000E+00, 1.000E+00, 0.000E+00, 0.000E+00, 0.000E+00, 0.000E+00, 7.933E+01, 2.893E+01, 5.000E-03, 0.000E+00, 2.000E+02, 3.617E-03, 2.730E-01
01/10/2019,19:00,9,3.015,3.515,7.153,.570,.436, 9.833E+02, 1.101E+02, 4.567E-04, 3.469E-16, 0.000E+00, 0.000E+00, 0.000E+00, 0.000E+00,-6.963E+01, 1.416E+01, 4.227E+00, 5.368E-01, 2.255E-01,-9.990E+02, 1.000E+00,-9.990E+02, 0.000E+00, 0.000E+00, 0.000E+00, 1.000E+00, 0.000E+00, 0.000E+00, 0.000E+00, 0.000E+00, 8.314E+01, 3.031E+01, 5.000E-03, 0.000E+00, 2.000E+02, 3.569E-03, 2.736E-01
01/10/2019,20:00,9,3.015,3.515,6.534,.588,.400, 9.836E+02, 1.160E+02, 4.567E-04, 3.469E-16, 0.000E+00, 0.000E+00, 0.000E+00, 0.000E+00,-6.963E+01, 1.416E+01, 4.028E+00, 5.361E-01, 2.148E-01,-9.990E+02, 1.000E+00,-9.990E+02, 0.000E+00, 0.000E+00, 0.000E+00, 1.000E+00, 0.000E+00, 0.000E+00, 0.000E+00, 0.000E+00, 8.732E+01, 3.183E+01, 5.000E-03, 0.000E+00, 2.000E+02, 3.519E-03, 2.873E-01
01/10/2019,21:00,9,3.015,3.515,5.915,.605,.367, 9.840E+02, 1.206E+02, 0.000E+00, 3.469E-16, 0.000E+00, 0.000E+00, 0.000E+00, 0.000E+00,-4.390E+01, 1.213E+01, 3.829E+00, 5.140E-01, 2.103E-01,-9.990E+02, 1.000E+00,-9.990E+02, 0.000E+00, 0.000E+00, 0.000E+00, 1.000E+00, 0.000E+00, 0.000E+00, 0.000E+00, 0.000E+00, 8.659E+01, 3.251E+01, 5.000E-03, 0.000E+00, 2.000E+02, 3.500E-03, 3.095E-01
01/10/2019,22:00,9,3.015,3.515,5.656,.629,.339, 9.844E+02, 1.232E+02, 0.000E+00, 3.469E-16, 0.000E+00, 0.000E+00, 0.000E+00, 0.000E+00,-4.390E+01, 1.213E+01, 3.748E+00, 5.137E-01, 2.058E-01,-9.990E+02, 1.000E+00,-9.990E+02, 0.000E+00, 0.000E+00, 0.000E+00, 1.000E+00, 0.000E+00, 0.000E+00, 0.000E+00, 0.000E+00, 8.848E+01, 3.321E+01, 5.000E-03, 0.000E+00, 2.000E+02, 3.477E-03, 3.236E-01
01/10/2019,23:00,9,3.015,3.515,5.397,.653,.311, 9.848E+02, 1.236E+02, 0.000E+00, 3.469E-16, 0.000E+00, 0.000E+00, 0.000E+00, 0.000E+00,-4.390E+01, 1.213E+01, 3.668E+00, 5.133E-01, 2.014E-01,-9.990E+02, 1.000E+00,-9.990E+02, 0.000E+00, 0.000E+00, 0.000E+00, 1.000E+00, 0.000E+00, 0.000E+00, 0.000E+00, 0.000E+00, 9.044E+01, 3.394E+01, 5.000E-03, 0.000E+00, 2.000E+02, 3.454E-03, 3.311E-01
02/10/2019,00:00,9,3.004,3.504,5.138,.677,.285, 9.852E+02, 1.216E+02, 4.293E-02, 3.469E-16, 0.000E+00, 0.000E+00, 0.000E+00, 0.000E+00,-8.971E+00, 9.741E+00, 3.587E+00, 3.538E-01, 2.027E-01,-9.990E+02, 1.000E+00,-9.990E+02, 0.000E+00, 0.000E+00, 0.000E+00, 1.000E+00, 0.000E+00, 0.000E+00, 0.000E+00, 0.000E+00, 8.728E+01, 3.372E+01, 5.000E-03, 0.000E+00, 2.000E+02, 3.464E-03, 3.292E-01
02/10/2019,01:00,9,3.004,3.504,5.320,.759,.216, 9.856E+02, 1.177E+02, 4.293E-02, 3.469E-16, 0.000E+00, 0.000E+00, 0.000E+00, 0.000E+00,-8.971E+00, 9.741E+00, 3.128E+00, 3.539E-01, 1.768E-01,-9.990E+02, 1.000E+00,-9.990E+02, 0.000E+00, 0.000E+00, 0.000E+00, 1.000E+00, 0.000E+00, 0.000E+00, 0.000E+00, 0.000E+00, 1.001E+02, 3.867E+01, 5.000E-03, 0.000E+00, 2.000E+02, 3.315E-03, 3.248E-01
02/10/2019,02:00,9,3.004,3.504,5.503,.840,.144, 9.860E+02, 1.121E+02, 4.293E-02, 3.469E-16, 0.000E+00, 0.000E+00, 0.000E+00, 0.000E+00,-8.971E+00, 9.741E+00, 2.777E+00, 3.539E-01, 1.570E-01,-9.990E+02, 1.000E+00,-9.990E+02, 0.000E+00, 0.000E+00, 0.000E+00, 1.000E+00, 0.000E+00, 0.000E+00, 0.000E+00, 0.000E+00, 1.127E+02, 4.354E+01, 5.808E-03, 0.000E+00, 1.722E+02, 3.488E-03, 3.262E-01
02/10/2019,03:00,9,3.004,3.504,5.685,.922,.071, 9.863E+02, 1.054E+02, 4.344E-02, 3.469E-16, 0.000E+00, 0.000E+00, 0.000E+00, 0.000E+00,-1.706E+01, 4.729E+00, 2.581E+00, 3.049E-01, 1.332E-01,-9.990E+02, 1.000E+00,-9.990E+02, 0.000E+00, 0.000E+00, 0.000E+00, 1.000E+00, 0.000E+00, 0.000E+00, 0.000E+00, 0.000E+00, 1.455E+02, 5.132E+01, 1.800E-02, 0.000E+00, 5.556E+01, 5.216E-03, 3.147E-01
02/10/2019,04:00,9,3.004,3.504,6.020,.924,.071, 9.871E+02, 9.818E+01, 4.344E-02, 3.469E-16, 0.000E+00, 0.000E+00, 0.000E+00, 0.000E+00,-1.706E+01, 4.729E+00, 2.530E+00, 3.050E-01, 1.306E-01,-9.990E+02, 1.000E+00,-9.990E+02, 0.000E+00, 0.000E+00, 0.000E+00, 1.000E+00, 0.000E+00, 0.000E+00, 0.000E+00, 0.000E+00, 1.484E+02, 5.235E+01, 1.763E-02, 0.000E+00, 5.672E+01, 5.113E-03, 3.179E-01
02/10/2019,05:00,9,3.004,3.504,6.355,.926,.071, 9.879E+02, 9.072E+01, 4.344E-02, 3.469E-16, 0.000E+00, 0.000E+00, 0.000E+00, 0.000E+00,-1.706E+01, 4.729E+00, 2.495E+00, 3.051E-01, 1.288E-01,-9.990E+02, 1.000E+00,-9.990E+02, 0.000E+00, 0.000E+00, 0.000E+00, 1.000E+00, 0.000E+00, 0.000E+00, 0.000E+00, 0.000E+00, 1.504E+02, 5.307E+01, 1.729E-02, 0.000E+00, 5.784E+01, 5.035E-03, 3.937E-01
02/10/2019,06:00,9,3.004,3.504,6.690,.928,.070, 9.886E+02, 8.346E+01, 2.841E-01, 3.469E-16, 2.127E+00, 1.805E+01, 1.557E+01, 6.239E+00,-2.490E+01, 3.838E+01, 2.478E+00, 5.436E-01, 1.417E-01, 7.589E-02, 1.000E+00, 2.450E-01, 4.729E-01, 1.000E-02, 1.000E+00, 1.000E+00, 2.450E-03, 1.539E-05, 2.971E-05, 0.000E+00, 1.235E+02, 4.825E+01, 1.833E-02, 6.340E-05, 5.437E+01, 5.521E-03, 5.194E-01
02/10/2019,07:00,9,3.004,3.504,7.303,.926,.076, 9.899E+02, 7.677E+01, 2.841E-01, 3.469E-16, 9.447E+00, 4.580E+01, 3.662E+01, 1.598E+01,-2.490E+01, 3.838E+01, 2.459E+00, 5.438E-01, 1.406E-01, 1.522E-01, 1.000E+00, 5.268E-01, 7.782E-01, 1.000E-02, 1.000E+00, 1.000E+00, 5.268E-03, 3.317E-05, 4.900E-05, 0.000E+00, 1.244E+02, 4.861E+01, 1.646E-02, 1.366E-04, 6.027E+01, 5.320E-03, 6.261E-01
02/10/2019,08:00,9,3.004,3.504,7.915,.923,.082, 9.912E+02, 7.109E+01, 2.841E-01, 3.469E-16, 1.686E+01, 6.962E+01, 5.035E+01, 2.433E+01,-2.490E+01, 3.838E+01, 3.907E+00, 5.441E-01, 2.234E-01, 2.137E-01, 1.000E+00, 6.840E-01, 8.739E-01, 1.000E-02, 1.000E+00, 1.000E+00, 6.840E-03, 4.316E-05, 5.514E-05, 0.000E+00, 7.827E+01, 3.059E+01, 1.600E-02, 1.778E-04, 6.182E+01, 7.033E-03, 6.649E-01
02/10/2019,09:00,9,3.004,3.504,8.528,.921,.088, 9.924E+02, 6.685E+01, 1.543E-01, 3.469E-16, 3.318E+01, 9.173E+01, 7.461E+01, 3.241E+01,-4.727E+01, 9.054E+01, 5.814E+00, 7.965E-01, 3.374E-01, 2.561E-01, 1.000E+00, 7.920E-01, 9.535E-01, 1.000E-02, 1.000E+00, 1.000E+00, 7.920E-03, 5.008E-05, 6.029E-05, 0.000E+00, 5.107E+01, 2.026E+01, 1.559E-02, 2.063E-04, 6.330E+01, 8.587E-03, 6.482E-01
02/10/2019,10:00,9,3.004,3.504,8.414,.888,.124, 9.937E+02, 6.444E+01, 1.543E-01, 3.469E-16, 3.791E+01, 1.009E+02, 7.959E+01, 3.565E+01,-4.727E+01, 9.054E+01, 5.748E+00, 7.959E-01, 3.336E-01, 2.785E-01, 1.000E+00, 8.230E-01, 9.621E-01, 1.000E-02, 1.000E+00, 1.000E+00, 8.230E-03, 5.202E-05, 6.081E-05, 0.000E+00, 5.165E+01, 2.049E+01, 8.846E-03, 2.143E-04, 1.104E+02, 6.093E-03, 6.429E-01
02/10/2019,11:00,9,3.004,3.504,8.300,.856,.158, 9.949E+02, 6.413E+01, 1.543E-01, 3.469E-16, 3.849E+01, 1.020E+02, 8.016E+01, 3.605E+01,-4.727E+01, 9.054E+01, 5.684E+00, 7.952E-01, 3.299E-01, 2.812E-01, 1.000E+00, 8.264E-01, 9.630E-01, 1.000E-02, 1.000E+00, 1.000E+00, 8.264E-03, 5.221E-05, 6.084E-05, 0.000E+00, 5.224E+01, 2.072E+01, 5.790E-03, 2.151E-04, 1.665E+02, 4.527E-03, 6.490E-01
02/10/2019,12:00,9,3.004,3.504,8.186,.823,.192, 9.962E+02, 6.596E+01, 2.335E-01, 3.469E-16, 4.568E+00, 6.398E+01, 2.751E+01, 2.190E+01,-4.512E+01, 8.517E+01, 5.620E+00, 7.610E-01, 3.255E-01, 2.644E-01, 1.000E+00, 6.159E-01, 6.774E-01, 1.000E-02, 1.000E+00, 1.000E+00, 6.159E-03, 3.890E-05, 4.278E-05, 0.000E+00, 5.304E+01, 2.100E+01, 5.000E-03, 1.602E-04, 1.938E+02, 4.018E-03, 6.350E-01
02/10/2019,13:00,9,3.004,3.504,7.822,.830,.180, 9.971E+02, 6.973E+01, 2.335E-01, 3.469E-16, 3.591E+00, 5.308E+01, 2.335E+01, 1.817E+01,-4.512E+01, 8.517E+01, 5.518E+00, 7.602E-01, 3.196E-01, 2.277E-01, 1.000E+00, 5.471E-01, 6.173E-01, 1.000E-02, 1.000E+00, 1.000E+00, 5.471E-03, 3.451E-05, 3.894E-05, 0.000E+00, 5.403E+01, 2.139E+01, 5.000E-03, 1.421E-04, 1.945E+02, 3.990E-03, 6.119E-01
02/10/2019,14:00,9,3.004,3.504,7.458,.838,.168, 9.981E+02, 7.505E+01, 2.335E-01, 3.469E-16, 2.230E+00, 3.685E+01, 1.694E+01, 1.261E+01,-4.512E+01, 8.517E+01, 5.416E+00, 7.593E-01, 3.137E-01, 1.712E-01, 1.000E+00, 4.214E-01, 5.017E-01, 1.000E-02, 1.000E+00, 1.000E+00, 4.214E-03, 2.654E-05, 3.161E-05, 0.000E+00, 5.505E+01, 2.179E+01, 5.000E-03, 1.093E-04, 1.957E+02, 3.954E-03, 5.723E-01
02/10/2019,15:00,9,3.004,3.504,7.095,.845,.156, 9.990E+02, 8.151E+01, 4.175E-01, 3.469E-16, 5.172E-01, 1.591E+01, 7.179E+00, 5.428E+00,-7.352E+01, 8.441E+01, 5.316E+00, 7.643E-01, 3.033E-01, 9.833E-02, 1.000E+00, 2.055E-01, 2.557E-01, 1.000E-02, 1.000E+00, 1.000E+00, 2.055E-03, 1.293E-05, 1.608E-05, 0.000E+00, 5.778E+01, 2.253E+01, 5.302E-03, 5.326E-05, 1.867E+02, 4.066E-03, 5.058E-01
02/10/2019,16:00,9,3.004,3.504,6.797,.865,.133, 9.999E+02, 8.867E+01, 4.175E-01, 3.469E-16, 1.075E-04, 1.535E+00, 5.237E-01, 5.214E-01,-7.352E+01, 8.441E+01, 5.368E+00, 7.636E-01, 3.063E-01, 1.546E-02, 1.000E+00, 2.122E-02, 2.131E-02, 1.000E-02, 1.000E+00, 1.000E+00, 2.122E-04, 1.333E-06, 1.339E-06, 0.000E+00, 5.722E+01, 2.232E+01, 7.163E-03, 5.492E-06, 1.395E+02, 5.047E-03, 4.092E-01
02/10/2019,17:00,9,3.004,3.504,6.499,.885,.111, 1.001E+03, 9.614E+01, 4.175E-01, 3.469E-16, 0.000E+00, 0.000E+00, 0.000E+00, 0.000E+00,-7.352E+01, 8.441E+01, 5.420E+00, 7.628E-01, 3.092E-01,-9.990E+02, 1.000E+00,-9.990E+02, 0.000E+00, 0.000E+00, 0.000E+00, 1.000E+00, 0.000E+00, 0.000E+00, 0.000E+00, 0.000E+00, 5.668E+01, 2.210E+01, 9.686E-03, 0.000E+00, 1.032E+02, 6.199E-03, 3.371E-01
02/10/2019,18:00,9,3.004,3.504,6.201,.906,.090, 1.002E+03, 1.035E+02, 5.072E-01, 3.469E-16, 0.000E+00, 0.000E+00, 0.000E+00, 0.000E+00,-7.700E+01, 8.824E+01, 5.472E+00, 7.192E-01, 3.092E-01,-9.990E+02, 1.000E+00,-9.990E+02, 0.000E+00, 0.000E+00, 0.000E+00, 1.000E+00, 0.000E+00, 0.000E+00, 0.000E+00, 0.000E+00, 5.725E+01, 2.211E+01, 1.311E-02, 0.000E+00, 7.629E+01, 7.439E-03, 2.901E-01
02/10/2019,19:00,9,3.004,3.504,5.900,.934,.061, 1.002E+03, 1.104E+02, 5.072E-01, 3.469E-16, 0.000E+00, 0.000E+00, 0.000E+00, 0.000E+00,-7.700E+01, 8.824E+01, 5.272E+00, 7.186E-01, 2.978E-01,-9.990E+02, 1.000E+00,-9.990E+02, 0.000E+00, 0.000E+00, 0.000E+00, 1.000E+00, 0.000E+00, 0.000E+00, 0.000E+00, 0.000E+00, 5.943E+01, 2.295E+01, 2.048E-02, 0.000E+00, 4.882E+01, 9.159E-03, 2.681E-01
02/10/2019,20:00,9,3.004,3.504,5.600,.963,.033, 1.003E+03, 1.164E+02, 5.072E-01, 3.469E-16, 0.000E+00, 0.000E+00, 0.000E+00, 0.000E+00,-7.700E+01, 8.824E+01, 5.071E+00, 7.181E-01, 2.865E-01,-9.990E+02, 1.000E+00,-9.990E+02, 0.000E+00, 0.000E+00, 0.000E+00, 1.000E+00, 0.000E+00, 0.000E+00, 0.000E+00, 0.000E+00, 6.179E+01, 2.386E+01, 3.204E-02, 0.000E+00, 3.121E+01, 1.064E-02, 2.370E-01
02/10/2019,21:00,9,3.004,3.504,5.300,.992,.007, 1.003E+03, 1.210E+02, 3.575E-01, 3.469E-16, 0.000E+00, 0.000E+00, 0.000E+00, 0.000E+00,-6.111E+01, 6.753E+01, 4.871E+00, 6.509E-01, 2.743E-01,-9.990E+02, 1.000E+00,-9.990E+02, 0.000E+00, 0.000E+00, 0.000E+00, 1.000E+00, 0.000E+00, 0.000E+00, 0.000E+00, 0.000E+00, 6.474E+01, 2.492E+01, 5.019E-02, 0.000E+00, 1.993E+01, 1.170E-02, 2.255E-01
02/10/2019,22:00,9,3.004,3.504,5.214,.993,.007, 1.004E+03, 1.236E+02, 3.575E-01, 3.469E-16, 0.000E+00, 0.000E+00, 0.000E+00, 0.000E+00,-6.111E+01, 6.753E+01, 4.814E+00, 6.507E-01, 2.711E-01,-9.990E+02, 1.000E+00,-9.990E+02, 0.000E+00, 0.000E+00, 0.000E+00, 1.000E+00, 0.000E+00, 0.000E+00, 0.000E+00, 0.000E+00, 6.552E+01, 2.522E+01, 5.049E-02, 0.000E+00, 1.981E+01, 1.161E-02, 2.163E-01
02/10/2019,23:00,9,3.004,3.504,5.128,.993,.006, 1.004E+03, 1.239E+02, 3.575E-01, 3.469E-16, 0.000E+00, 0.000E+00, 0.000E+00, 0.000E+00,-6.111E+01, 6.753E+01, 4.757E+00, 6.505E-01, 2.678E-01,-9.990E+02, 1.000E+00,-9.990E+02, 0.000E+00, 0.000E+00, 0.000E+00, 1.000E+00, 0.000E+00, 0.000E+00, 0.000E+00, 0.000E+00, 6.631E+01, 2.552E+01, 5.485E-02, 0.000E+00, 1.823E+01, 1.171E-02, 2.146E-01
03/10/2019,00:00,9,2.993,3.493,5.041,.993,.006, 1.004E+03, 1.220E+02, 8.081E-02, 3.469E-16, 0.000E+00, 0.000E+00, 0.000E+00, 0.000E+00,-5.003E+01, 6.022E+01, 4.700E+00, 5.833E-01, 2.628E-01,-9.990E+02, 1.000E+00,-9.990E+02, 0.000E+00, 0.000E+00, 0.000E+00, 1.000E+00, 0.000E+00, 0.000E+00, 0.000E+00, 0.000E+00, 6.806E+01, 2.601E+01, 5.519E-02, 0.000E+00, 1.812E+01, 1.155E-02, 2.008E-01
03/10/2019,01:00,9,2.993,3.493,5.113,.970,.027, 1.005E+03, 1.180E+02, 8.081E-02, 3.469E-16, 0.000E+00, 0.000E+00, 0.000E+00, 0.000E+00,-5.003E+01, 6.022E+01, 4.584E+00, 5.832E-01, 2.563E-01,-9.990E+02, 1.000E+00,-9.990E+02, 0.000E+00, 0.000E+00, 0.000E+00, 1.000E+00, 0.000E+00, 0.000E+00, 0.000E+00, 0.000E+00, 6.978E+01, 2.667E+01, 3.577E-02, 0.000E+00, 2.796E+01, 1.019E-02, 2.107E-01
03/10/2019,02:00,9,2.993,3.493,5.184,.946,.047, 1.005E+03, 1.124E+02, 8.081E-02, 3.469E-16, 0.000E+00, 0.000E+00, 0.000E+00, 0.000E+00,-5.003E+01, 6.022E+01, 4.477E+00, 5.831E-01, 2.503E-01,-9.990E+02, 1.000E+00,-9.990E+02, 0.000E+00, 0.000E+00, 0.000E+00, 1.000E+00, 0.000E+00, 0.000E+00, 0.000E+00, 0.000E+00, 7.145E+01, 2.731E+01, 2.674E-02, 0.000E+00, 3.739E+01, 9.151E-03, 2.214E-01
03/10/2019,03:00,9,2.993,3.493,5.255,.923,.069, 1.006E+03, 1.057E+02, 4.148E-02, 3.469E-16, 0.000E+00, 0.000E+00, 0.000E+00, 0.000E+00,-5.248E+01, 5.745E+01, 4.379E+00, 6.048E-01, 2.457E-01,-9.990E+02, 1.000E+00,-9.990E+02, 0.000E+00, 0.000E+00, 0.000E+00, 1.000E+00, 0.000E+00, 0.000E+00, 0.000E+00, 0.000E+00, 7.252E+01, 2.782E+01, 2.000E-02, 0.000E+00, 5.001E+01, 8.116E-03, 2.435E-01
03/10/2019,04:00,9,2.993,3.493,5.407,.899,.091, 1.007E+03, 9.848E+01, 4.148E-02, 3.469E-16, 0.000E+00, 0.000E+00, 0.000E+00, 0.000E+00,-5.248E+01, 5.745E+01, 4.383E+00, 6.049E-01, 2.460E-01,-9.990E+02, 1.000E+00,-9.990E+02, 0.000E+00, 0.000E+00, 0.000E+00, 1.000E+00, 0.000E+00, 0.000E+00, 0.000E+00, 0.000E+00, 7.244E+01, 2.779E+01, 1.289E-02, 0.000E+00, 7.757E+01, 6.636E-03, 2.988E-01
03/10/2019,05:00,9,2.993,3.493,5.558,.875,.113, 1.007E+03, 9.102E+01, 4.148E-02, 3.469E-16, 0.000E+00, 0.000E+00, 0.000E+00, 0.000E+00,-5.248E+01, 5.745E+01, 4.388E+00, 6.049E-01, 2.462E-01,-9.990E+02, 1.000E+00,-9.990E+02, 0.000E+00, 0.000E+00, 0.000E+00, 1.000E+00, 0.000E+00, 0.000E+00, 0.000E+00, 0.000E+00, 7.237E+01, 2.776E+01, 8.883E-03, 0.000E+00, 1.126E+02, 5.387E-03, 3.818E-01
03/10/2019,06:00,9,2.993,3.493,5.709,.852,.136, 1.007E+03, 8.376E+01, 1.515E-01, 3.469E-16, 1.090E+01, 2.321E+01, 5.858E+01, 8.453E+00,-1.509E+01, 6.937E+01, 4.392E+00, 7.003E-01, 2.581E-01, 7.265E-02, 1.000E+00, 3.385E-01, 9.101E-01, 1.000E-02, 1.000E+00, 1.000E+00, 3.385E-03, 2.119E-05, 5.697E-05, 0.000E+00, 6.595E+01, 2.649E+01, 6.611E-03, 8.695E-05, 1.493E+02, 4.572E-03, 4.778E-01
03/10/2019,07:00,9,2.993,3.493,6.048,.845,.146, 1.008E+03, 7.709E+01, 1.515E-01, 3.469E-16, 5.339E+01, 4.390E+01, 1.368E+02, 1.735E+01,-1.509E+01, 6.937E+01, 4.618E+00, 7.007E-01, 2.713E-01, 1.491E-01, 1.000E+00, 5.826E-01, 9.964E-01, 1.000E-02, 1.000E+00, 1.000E+00, 5.826E-03, 3.652E-05, 6.245E-05, 0.000E+00, 6.272E+01, 2.519E+01, 5.613E-03, 1.498E-04, 1.735E+02, 4.174E-03, 5.087E-01
03/10/2019,08:00,9,2.993,3.493,6.386,.838,.156, 1.008E+03, 7.143E+01, 1.515E-01, 3.469E-16, 9.732E+01, 5.699E+01, 1.762E+02, 2.338E+01,-1.509E+01, 6.937E+01, 4.915E+00, 7.010E-01, 2.888E-01, 2.109E-01, 1.000E+00, 6.982E-01, 9.993E-01, 1.000E-02, 1.000E+00, 1.000E+00, 6.982E-03, 4.381E-05, 6.271E-05, 0.000E+00, 5.892E+01, 2.367E+01, 5.000E-03, 1.798E-04, 1.931E+02, 3.920E-03, 5.177E-01
03/10/2019,09:00,9,2.993,3.493,6.724,.831,.166, 1.008E+03, 6.720E+01, 1.415E-01, 3.469E-16, 9.938E+01, 8.220E+01, 1.600E+02, 3.178E+01, 2.721E+01, 7.626E+01, 5.273E+00, 7.280E-01, 3.171E-01, 2.535E-01, 1.000E+00, 7.977E-01, 9.986E-01, 1.000E-02, 1.000E+00, 1.000E+00, 7.977E-03, 5.012E-05, 6.274E-05, 0.000E+00, 5.180E+01, 2.155E+01, 5.000E-03, 2.057E-04, 1.921E+02, 4.026E-03, 5.272E-01
03/10/2019,10:00,9,2.993,3.493,6.742,.820,.178, 1.009E+03, 6.481E+01, 1.415E-01, 3.469E-16, 1.139E+02, 8.833E+01, 1.681E+02, 3.426E+01, 2.721E+01, 7.626E+01, 5.169E+00, 7.279E-01, 3.109E-01, 2.760E-01, 1.000E+00, 8.228E-01, 9.990E-01, 1.000E-02, 1.000E+00, 1.000E+00, 8.228E-03, 5.170E-05, 6.277E-05, 0.000E+00, 5.284E+01, 2.199E+01, 5.000E-03, 2.122E-04, 1.919E+02, 4.011E-03, 5.356E-01
03/10/2019,11:00,9,2.993,3.493,6.759,.808,.189, 1.009E+03, 6.452E+01, 1.415E-01, 3.469E-16, 1.156E+02, 8.904E+01, 1.689E+02, 3.455E+01, 2.721E+01, 7.626E+01, 5.067E+00, 7.277E-01, 3.048E-01, 2.786E-01, 1.000E+00, 8.255E-01, 9.990E-01, 1.000E-02, 1.000E+00, 1.000E+00, 8.255E-03, 5.187E-05, 6.278E-05, 0.000E+00, 5.390E+01, 2.243E+01, 5.000E-03, 2.129E-04, 1.918E+02, 3.993E-03, 5.521E-01
03/10/2019,12:00,9,2.993,3.493,6.776,.797,.200, 1.010E+03, 6.636E+01, 5.050E-02, 3.469E-16, 1.500E+02, 7.098E+01, 2.169E+02, 2.981E+01, 2.870E+01, 5.239E+01, 4.967E+00, 8.527E-01, 2.975E-01, 2.616E-01, 1.000E+00, 7.833E-01, 9.999E-01, 1.000E-02, 1.000E+00, 1.000E+00, 7.833E-03, 4.922E-05, 6.283E-05, 0.000E+00, 5.564E+01, 2.297E+01, 5.000E-03, 2.020E-04, 1.922E+02, 3.964E-03, 5.600E-01
03/10/2019,13:00,9,2.993,3.493,6.523,.776,.218, 1.010E+03, 7.012E+01, 5.050E-02, 3.469E-16, 1.171E+02, 6.466E+01, 1.989E+02, 2.670E+01, 2.870E+01, 5.239E+01, 4.930E+00, 8.522E-01, 2.953E-01, 2.245E-01, 1.000E+00, 7.413E-01, 9.997E-01, 1.000E-02, 1.000E+00, 1.000E+00, 7.413E-03, 4.654E-05, 6.277E-05, 0.000E+00, 5.606E+01, 2.315E+01, 5.000E-03, 1.910E-04, 1.926E+02, 3.950E-03, 5.471E-01
03/10/2019,14:00,9,2.993,3.493,6.269,.754,.234, 1.010E+03, 7.544E+01, 5.050E-02, 3.469E-16, 7.152E+01, 5.240E+01, 1.632E+02, 2.097E+01, 2.870E+01, 5.239E+01, 4.899E+00, 8.517E-01, 2.934E-01, 1.676E-01, 1.000E+00, 6.484E-01, 9.988E-01, 1.000E-02, 1.000E+00, 1.000E+00, 6.484E-03, 4.067E-05, 6.265E-05, 0.000E+00, 5.642E+01, 2.329E+01, 5.000E-03, 1.669E-04, 1.935E+02, 3.930E-03, 5.213E-01
03/10/2019,15:00,9,2.993,3.493,6.015,.733,.250, 1.010E+03, 8.189E+01, 4.586E-03, 3.469E-16, 1.575E+01, 3.109E+01, 6.715E+01, 1.136E+01,-2.773E+01, 1.680E+01, 4.873E+00, 5.808E-01, 2.797E-01, 9.432E-02, 1.000E+00, 4.263E-01, 9.368E-01, 1.000E-02, 1.000E+00, 1.000E+00, 4.263E-03, 2.672E-05, 5.871E-05, 0.000E+00, 6.228E+01, 2.444E+01, 5.000E-03, 1.096E-04, 1.957E+02, 3.848E-03, 4.604E-01
03/10/2019,16:00,9,2.993,3.493,5.627,.731,.245, 1.011E+03, 8.904E+01, 4.586E-03, 3.469E-16, 1.086E-04, 3.382E+00, 0.000E+00, 0.000E+00,-2.773E+01, 1.680E+01, 4.431E+00, 5.803E-01, 2.543E-01,-9.990E+02, 1.000E+00,-9.990E+02, 0.000E+00, 0.000E+00, 0.000E+00, 1.000E+00, 0.000E+00, 0.000E+00, 0.000E+00, 0.000E+00, 6.850E+01, 2.687E+01, 5.000E-03, 0.000E+00, 2.000E+02, 3.696E-03, 4.219E-01
03/10/2019,17:00,9,2.993,3.493,5.239,.730,.239, 1.011E+03, 9.651E+01, 4.586E-03, 3.469E-16, 0.000E+00, 0.000E+00, 0.000E+00, 0.000E+00,-2.773E+01, 1.680E+01, 4.016E+00, 5.799E-01, 2.305E-01,-9.990E+02, 1.000E+00,-9.990E+02, 0.000E+00, 0.000E+00, 0.000E+00, 1.000E+00, 0.000E+00, 0.000E+00, 0.000E+00, 0.000E+00, 7.560E+01, 2.966E+01, 5.000E-03, 0.000E+00, 2.000E+02, 3.599E-03, 3.955E-01
03/10/2019,18:00,9,2.993,3.493,4.852,.729,.234, 1.011E+03, 1.039E+02, 1.799E-02, 3.469E-16, 0.000E+00, 0.000E+00, 0.000E+00, 0.000E+00,-2.268E+01, 1.004E+01, 3.636E+00, 4.947E-01, 2.065E-01,-9.990E+02, 1.000E+00,-9.990E+02, 0.000E+00, 0.000E+00, 0.000E+00, 1.000E+00, 0.000E+00, 0.000E+00, 0.000E+00, 0.000E+00, 8.529E+01, 3.310E+01, 5.000E-03, 0.000E+00, 2.000E+02, 3.484E-03, 3.881E-01
03/10/2019,19:00,9,2.993,3.493,4.520,.768,.196, 1.011E+03, 1.108E+02, 1.799E-02, 3.469E-16, 0.000E+00, 0.000E+00, 0.000E+00, 0.000E+00,-2.268E+01, 1.004E+01, 3.516E+00, 4.944E-01, 1.997E-01,-9.990E+02, 1.000E+00,-9.990E+02, 0.000E+00, 0.000E+00, 0.000E+00, 1.000E+00, 0.000E+00, 0.000E+00, 0.000E+00, 0.000E+00, 8.820E+01, 3.423E+01, 5.000E-03, 0.000E+00, 2.000E+02, 3.448E-03, 3.561E-01
03/10/2019,20:00,9,2.993,3.493,4.188,.808,.159, 1.011E+03, 1.168E+02, 1.799E-02, 3.469E-16, 0.000E+00, 0.000E+00, 0.000E+00, 0.000E+00,-2.268E+01, 1.004E+01, 3.409E+00, 4.941E-01, 1.936E-01,-9.990E+02, 1.000E+00,-9.990E+02, 0.000E+00, 0.000E+00, 0.000E+00, 1.000E+00, 0.000E+00, 0.000E+00, 0.000E+00, 0.000E+00, 9.100E+01, 3.532E+01, 5.000E-03, 0.000E+00, 2.000E+02, 3.415E-03, 3.241E-01
03/10/2019,21:00,9,2.993,3.493,3.855,.847,.123, 1.011E+03, 1.214E+02, 1.460E-02, 3.469E-16, 0.000E+00, 0.000E+00, 0.000E+00, 0.000E+00,-2.575E+01, 6.318E+00, 3.315E+00, 4.403E-01, 1.833E-01,-9.990E+02, 1.000E+00,-9.990E+02, 0.000E+00, 0.000E+00, 0.000E+00, 1.000E+00, 0.000E+00, 0.000E+00, 0.000E+00, 0.000E+00, 9.863E+01, 3.729E+01, 7.150E-03, 0.000E+00, 1.399E+02, 4.200E-03, 3.048E-01
03/10/2019,22:00,9,2.993,3.493,3.660,.872,.101, 1.011E+03, 1.240E+02, 1.460E-02, 3.469E-16, 0.000E+00, 0.000E+00, 0.000E+00, 0.000E+00,-2.575E+01, 6.318E+00, 3.281E+00, 4.401E-01, 1.814E-01,-9.990E+02, 1.000E+00,-9.990E+02, 0.000E+00, 0.000E+00, 0.000E+00, 1.000E+00, 0.000E+00, 0.000E+00, 0.000E+00, 0.000E+00, 9.967E+01, 3.767E+01, 1.119E-02, 0.000E+00, 8.936E+01, 5.301E-03, 2.910E-01
03/10/2019,23:00,9,2.993,3.493,3.465,.898,.080, 1.011E+03, 1.243E+02, 1.460E-02, 3.469E-16, 0.000E+00, 0.000E+00, 0.000E+00, 0.000E+00,-2.575E+01, 6.318E+00, 3.265E+00, 4.400E-01, 1.805E-01,-9.990E+02, 1.000E+00,-9.990E+02, 0.000E+00, 0.000E+00, 0.000E+00, 1.000E+00, 0.000E+00, 0.000E+00, 0.000E+00, 0.000E+00, 1.002E+02, 3.786E+01, 1.520E-02, 0.000E+00, 6.579E+01, 6.040E-03, 2.778E-01
04/10/2019,00:00,9,2.981,3.481,3.270,.924,.059, 1.011E+03, 1.224E+02, 2.726E-02, 3.469E-16, 0.000E+00, 0.000E+00, 0.000E+00, 0.000E+00,-3.022E+01, 4.668E+00, 3.266E+00, 4.237E-01, 1.768E-01,-9.990E+02, 1.000E+00,-9.990E+02, 0.000E+00, 0.000E+00, 0.000E+00, 1.000E+00, 0.000E+00, 0.000E+00, 0.000E+00, 0.000E+00, 1.045E+02, 3.866E+01, 2.384E-02, 0.000E+00, 4.194E+01, 6.943E-03, 2.515E-01
04/10/2019,01:00,9,2.981,3.481,2.973,.935,.049, 1.011E+03, 1.183E+02, 2.726E-02, 3.469E-16, 0.000E+00, 0.000E+00, 0.000E+00, 0.000E+00,-3.022E+01, 4.668E+00, 3.170E+00, 4.235E-01, 1.715E-01,-9.990E+02, 1.000E+00,-9.990E+02, 0.000E+00, 0.000E+00, 0.000E+00, 1.000E+00, 0.000E+00, 0.000E+00, 0.000E+00, 0.000E+00, 1.077E+02, 3.985E+01, 2.850E-02, 0.000E+00, 3.509E+01, 7.127E-03, 2.581E-01
04/10/2019,02:00,9,2.981,3.481,2.676,.947,.039, 1.011E+03, 1.127E+02, 2.726E-02, 3.469E-16, 0.000E+00, 0.000E+00, 0.000E+00, 0.000E+00,-3.022E+01, 4.668E+00, 3.073E+00, 4.233E-01, 1.663E-01,-9.990E+02, 1.000E+00,-9.990E+02, 0.000E+00, 0.000E+00, 0.000E+00, 1.000E+00, 0.000E+00, 0.000E+00, 0.000E+00, 0.000E+00, 1.111E+02, 4.111E+01, 3.419E-02, 0.000E+00, 2.925E+01, 7.257E-03, 2.667E-01
04/10/2019,03:00,9,2.981,3.481,2.380,.959,.030, 1.011E+03, 1.061E+02, 1.668E-02, 3.469E-16, 0.000E+00, 0.000E+00, 0.000E+00, 0.000E+00,-2.792E+01, 9.425E+00, 2.977E+00, 3.751E-01, 1.565E-01,-9.990E+02, 1.000E+00,-9.990E+02, 0.000E+00, 0.000E+00, 0.000E+00, 1.000E+00, 0.000E+00, 0.000E+00, 0.000E+00, 0.000E+00, 1.215E+02, 4.367E+01, 4.119E-02, 0.000E+00, 2.428E+01, 7.147E-03, 2.780E-01
04/10/2019,04:00,9,2.981,3.481,2.528,.915,.062, 1.011E+03, 9.878E+01, 1.668E-02, 3.469E-16, 0.000E+00, 0.000E+00, 0.000E+00, 0.000E+00,-2.792E+01, 9.425E+00, 3.078E+00, 3.751E-01, 1.618E-01,-9.990E+02, 1.000E+00,-9.990E+02, 0.000E+00, 0.000E+00, 0.000E+00, 1.000E+00, 0.000E+00, 0.000E+00, 0.000E+00, 0.000E+00, 1.175E+02, 4.224E+01, 2.274E-02, 0.000E+00, 4.397E+01, 6.418E-03, 3.491E-01
04/10/2019,05:00,9,2.981,3.481,2.677,.872,.095, 1.011E+03, 9.132E+01, 1.668E-02, 3.469E-16, 0.000E+00, 0.000E+00, 0.000E+00, 0.000E+00,-2.792E+01, 9.425E+00, 3.179E+00, 3.752E-01, 1.671E-01,-9.990E+02, 1.000E+00,-9.990E+02, 0.000E+00, 0.000E+00, 0.000E+00, 1.000E+00, 0.000E+00, 0.000E+00, 0.000E+00, 0.000E+00, 1.138E+02, 4.089E+01, 1.258E-02, 0.000E+00, 7.952E+01, 5.325E-03, 4.668E-01
04/10/2019,06:00,9,2.981,3.481,2.826,.829,.128, 1.012E+03, 8.406E+01, 1.208E-02, 3.469E-16, 1.030E+01, 2.415E+01, 5.856E+01, 8.771E+00, 4.049E+01, 4.847E+01, 3.280E+00, 5.823E-01, 2.011E-01, 6.938E-02, 1.000E+00, 3.450E-01, 9.100E-01, 1.000E-02, 1.000E+00, 1.000E+00, 3.450E-03, 2.137E-05, 5.638E-05, 0.000E+00, 7.880E+01, 3.400E+01, 6.034E-03, 8.738E-05, 1.634E+02, 3.972E-03, 6.158E-01
04/10/2019,07:00,9,2.981,3.481,3.711,.760,.192, 1.012E+03, 7.741E+01, 1.208E-02, 3.469E-16, 5.549E+01, 4.696E+01, 1.458E+02, 1.855E+01, 4.049E+01, 4.847E+01, 3.624E+00, 5.832E-01, 2.221E-01, 1.461E-01, 1.000E+00, 6.014E-01, 9.975E-01, 1.000E-02, 1.000E+00, 1.000E+00, 6.014E-03, 3.738E-05, 6.200E-05, 0.000E+00, 7.136E+01, 3.078E+01, 5.000E-03, 1.528E-04, 1.941E+02, 3.648E-03, 6.079E-01
04/10/2019,08:00,9,2.981,3.481,4.595,.691,.262, 1.012E+03, 7.176E+01, 1.208E-02, 3.469E-16, 1.030E+02, 6.146E+01, 1.898E+02, 2.522E+01, 4.049E+01, 4.847E+01, 4.081E+00, 5.842E-01, 2.500E-01, 2.081E-01, 1.000E+00, 7.193E-01, 9.996E-01, 1.000E-02, 1.000E+00, 1.000E+00, 7.193E-03, 4.485E-05, 6.233E-05, 0.000E+00, 6.339E+01, 2.734E+01, 5.000E-03, 1.834E-04, 1.929E+02, 3.788E-03, 5.653E-01
04/10/2019,09:00,9,2.981,3.481,5.480,.622,.341, 1.012E+03, 6.756E+01, 1.172E-03, 3.469E-16, 7.524E+01, 8.884E+01, 1.318E+02, 3.323E+01, 7.079E+01, 6.713E+01, 4.618E+00, 7.752E-01, 2.811E-01, 2.509E-01, 1.000E+00, 8.079E-01, 9.956E-01, 1.000E-02, 1.000E+00, 1.000E+00, 8.079E-03, 5.053E-05, 6.227E-05, 0.000E+00, 5.711E+01, 2.432E+01, 5.000E-03, 2.066E-04, 1.921E+02, 3.915E-03, 5.547E-01
04/10/2019,10:00,9,2.981,3.481,5.625,.586,.378, 1.012E+03, 6.519E+01, 1.172E-03, 3.469E-16, 8.642E+01, 9.662E+01, 1.392E+02, 3.619E+01, 7.079E+01, 6.713E+01, 4.595E+00, 7.754E-01, 2.797E-01, 2.734E-01, 1.000E+00, 8.351E-01, 9.967E-01, 1.000E-02, 1.000E+00, 1.000E+00, 8.351E-03, 5.226E-05, 6.238E-05, 0.000E+00, 5.740E+01, 2.444E+01, 5.000E-03, 2.137E-04, 1.918E+02, 3.914E-03, 5.331E-01
04/10/2019,11:00,9,2.981,3.481,5.769,.549,.415, 1.012E+03, 6.491E+01, 1.172E-03, 3.469E-16, 8.774E+01, 9.751E+01, 1.400E+02, 3.653E+01, 7.079E+01, 6.713E+01, 4.591E+00, 7.756E-01, 2.794E-01, 2.760E-01, 1.000E+00, 8.380E-01, 9.968E-01, 1.000E-02, 1.000E+00, 1.000E+00, 8.380E-03, 5.247E-05, 6.242E-05, 0.000E+00, 5.745E+01, 2.446E+01, 5.000E-03, 2.145E-04, 1.918E+02, 3.914E-03, 5.306E-01
04/10/2019,12:00,9,2.981,3.481,5.914,.513,.453, 1.012E+03, 6.675E+01, 1.497E-03, 3.469E-16, 1.020E+02, 8.342E+01, 1.615E+02, 3.235E+01, 1.782E+01, 5.385E+01, 4.607E+00, 6.874E-01, 2.763E-01, 2.587E-01, 1.000E+00, 8.037E-01, 9.987E-01, 1.000E-02, 1.000E+00, 1.000E+00, 8.037E-03, 5.035E-05, 6.257E-05, 0.000E+00, 5.975E+01, 2.474E+01, 5.000E-03, 2.059E-04, 1.921E+02, 3.895E-03, 5.124E-01
04/10/2019,13:00,9,2.981,3.481,5.419,.585,.373, 1.012E+03, 7.051E+01, 1.497E-03, 3.469E-16, 7.911E+01, 7.264E+01, 1.465E+02, 2.799E+01, 1.782E+01, 5.385E+01, 4.456E+00, 6.868E-01, 2.673E-01, 2.213E-01, 1.000E+00, 7.532E-01, 9.976E-01, 1.000E-02, 1.000E+00, 1.000E+00, 7.532E-03, 4.710E-05, 6.238E-05, 0.000E+00, 6.177E+01, 2.557E+01, 5.000E-03, 1.926E-04, 1.926E+02, 3.855E-03, 4.568E-01
04/10/2019,14:00,9,2.981,3.481,4.923,.657,.298, 1.012E+03, 7.582E+01, 1.497E-03, 3.469E-16, 4.751E+01, 5.472E+01, 1.178E+02, 2.078E+01, 1.782E+01, 5.385E+01, 4.535E+00, 6.861E-01, 2.721E-01, 1.639E-01, 1.000E+00, 6.430E-01, 9.921E-01, 1.000E-02, 1.000E+00, 1.000E+00, 6.430E-03, 4.014E-05, 6.193E-05, 0.000E+00, 6.068E+01, 2.512E+01, 5.000E-03, 1.641E-04, 1.936E+02, 3.857E-03, 4.074E-01
04/10/2019,15:00,9,2.981,3.481,4.428,.729,.228, 1.012E+03, 8.226E+01, 6.454E-02, 3.469E-16, 1.977E+01, 3.017E+01, 8.471E+01, 1.128E+01,-1.816E+01, 9.174E+00, 4.834E+00, 5.935E-01, 2.811E-01, 9.030E-02, 1.000E+00, 4.251E-01, 9.693E-01, 1.000E-02, 1.000E+00, 1.000E+00, 4.251E-03, 2.649E-05, 6.040E-05, 0.000E+00, 6.116E+01, 2.431E+01, 5.000E-03, 1.083E-04, 1.958E+02, 3.853E-03, 3.554E-01
04/10/2019,16:00,9,2.981,3.481,3.666,.800,.159, 1.013E+03, 8.942E+01, 6.454E-02, 3.469E-16, 7.759E-08, 2.365E+00, 0.000E+00, 0.000E+00,-1.816E+01, 9.174E+00, 4.372E+00, 5.926E-01, 2.543E-01,-9.990E+02, 1.000E+00,-9.990E+02, 0.000E+00, 0.000E+00, 0.000E+00, 1.000E+00, 0.000E+00, 0.000E+00, 0.000E+00, 0.000E+00, 6.763E+01, 2.688E+01, 5.000E-03, 0.000E+00, 2.000E+02, 3.697E-03, 2.961E-01
04/10/2019,17:00,9,2.981,3.481,2.903,.872,.096, 1.013E+03, 9.688E+01, 6.454E-02, 3.469E-16, 0.000E+00, 0.000E+00, 0.000E+00, 0.000E+00,-1.816E+01, 9.174E+00, 3.914E+00, 5.917E-01, 2.276E-01,-9.990E+02, 1.000E+00,-9.990E+02, 0.000E+00, 0.000E+00, 0.000E+00, 1.000E+00, 0.000E+00, 0.000E+00, 0.000E+00, 0.000E+00, 7.557E+01, 3.003E+01, 1.317E-02, 0.000E+00, 7.591E+01, 6.464E-03, 2.460E-01
04/10/2019,18:00,9,2.981,3.481,2.140,.944,.040, 1.014E+03, 1.043E+02, 1.970E-02, 3.469E-16, 0.000E+00, 0.000E+00, 0.000E+00, 0.000E+00,-2.623E+01, 5.559E+00, 3.460E+00, 4.299E-01, 1.902E-01,-9.990E+02, 1.000E+00,-9.990E+02, 0.000E+00, 0.000E+00, 0.000E+00, 1.000E+00, 0.000E+00, 0.000E+00, 0.000E+00, 0.000E+00, 9.568E+01, 3.594E+01, 4.007E-02, 0.000E+00, 2.496E+01, 8.352E-03, 2.137E-01
04/10/2019,19:00,9,2.981,3.481,2.066,.943,.040, 1.014E+03, 1.112E+02, 1.970E-02, 3.469E-16, 0.000E+00, 0.000E+00, 0.000E+00, 0.000E+00,-2.623E+01, 5.559E+00, 3.422E+00, 4.299E-01, 1.880E-01,-9.990E+02, 1.000E+00,-9.990E+02, 0.000E+00, 0.000E+00, 0.000E+00, 1.000E+00, 0.000E+00, 0.000E+00, 0.000E+00, 0.000E+00, 9.676E+01, 3.635E+01, 4.059E-02, 0.000E+00, 2.463E+01, 8.300E-03, 2.135E-01
04/10/2019,20:00,9,2.981,3.481,1.991,.943,.040, 1.014E+03, 1.172E+02, 1.970E-02, 3.469E-16, 0.000E+00, 0.000E+00, 0.000E+00, 0.000E+00,-2.623E+01, 5.559E+00, 3.383E+00, 4.298E-01, 1.859E-01,-9.990E+02, 1.000E+00,-9.990E+02, 0.000E+00, 0.000E+00, 0.000E+00, 1.000E+00, 0.000E+00, 0.000E+00, 0.000E+00, 0.000E+00, 9.786E+01, 3.676E+01, 4.114E-02, 0.000E+00, 2.431E+01, 8.248E-03, 2.184E-01
04/10/2019,21:00,9,2.981,3.481,1.916,.942,.041, 1.014E+03, 1.217E+02, 1.210E-01, 3.469E-16, 0.000E+00, 0.000E+00, 0.000E+00, 0.000E+00,-2.982E+01, 5.439E+00, 3.345E+00, 3.990E-01, 1.783E-01,-9.990E+02, 1.000E+00,-9.990E+02, 0.000E+00, 0.000E+00, 0.000E+00, 1.000E+00, 0.000E+00, 0.000E+00, 0.000E+00, 0.000E+00, 1.053E+02, 3.835E+01, 4.503E-02, 0.000E+00, 2.221E+01, 8.090E-03, 2.299E-01
04/10/2019,22:00,9,2.981,3.481,1.889,.948,.037, 1.014E+03, 1.244E+02, 1.210E-01, 2.543E-04, 0.000E+00, 0.000E+00, 0.000E+00, 0.000E+00,-2.982E+01, 5.439E+00, 3.216E+00, 3.990E-01, 1.713E-01,-9.990E+02, 1.000E+00,-9.990E+02, 0.000E+00, 0.000E+00, 0.000E+00, 1.000E+00, 0.000E+00, 0.000E+00, 0.000E+00, 0.000E+00, 1.095E+02, 3.989E+01, 4.828E-02, 0.000E+00, 2.071E+01, 7.923E-03, 2.340E-01
04/10/2019,23:00,9,2.981,3.481,1.862,.953,.033, 1.015E+03, 1.247E+02, 1.210E-01, 5.087E-04, 0.000E+00, 0.000E+00, 0.000E+00, 0.000E+00,-2.982E+01, 5.439E+00, 3.090E+00, 3.989E-01, 1.646E-01,-9.990E+02, 1.000E+00,-9.990E+02, 0.000E+00, 0.000E+00, 0.000E+00, 1.000E+00, 0.000E+00, 0.000E+00, 0.000E+00, 0.000E+00, 1.140E+02, 4.152E+01, 5.118E-02, 0.000E+00, 1.954E+01, 7.731E-03, 2.471E-01
05/10/2019,00:00,9,2.970,3.470,1.835,.959,.028, 1.015E+03, 1.227E+02, 1.616E-01, 7.630E-04, 0.000E+00, 0.000E+00, 0.000E+00, 0.000E+00,-2.372E+01, 9.873E+00, 2.967E+00, 3.990E-01, 1.615E-01,-9.990E+02, 1.000E+00,-9.990E+02, 0.000E+00, 0.000E+00, 0.000E+00, 1.000E+00, 0.000E+00, 0.000E+00, 0.000E+00, 0.000E+00, 1.137E+02, 4.232E+01, 4.050E-02, 0.000E+00, 2.469E+01, 7.333E-03, 2.598E-01
05/10/2019,01:00,9,2.970,3.470,1.593,.960,.027, 1.015E+03, 1.187E+02, 1.616E-01, 5.087E-04, 0.000E+00, 0.000E+00, 0.000E+00, 0.000E+00,-2.372E+01, 9.873E+00, 3.079E+00, 3.988E-01, 1.676E-01,-9.990E+02, 1.000E+00,-9.990E+02, 0.000E+00, 0.000E+00, 0.000E+00, 1.000E+00, 0.000E+00, 0.000E+00, 0.000E+00, 0.000E+00, 1.097E+02, 4.079E+01, 5.771E-02, 0.000E+00, 1.733E+01, 8.001E-03, 2.471E-01
05/10/2019,02:00,9,2.970,3.470,1.350,.962,.026, 1.015E+03, 1.130E+02, 1.616E-01, 2.543E-04, 0.000E+00, 0.000E+00, 0.000E+00, 0.000E+00,-2.372E+01, 9.873E+00, 3.214E+00, 3.986E-01, 1.749E-01,-9.990E+02, 1.000E+00,-9.990E+02, 0.000E+00, 0.000E+00, 0.000E+00, 1.000E+00, 0.000E+00, 0.000E+00, 0.000E+00, 0.000E+00, 1.051E+02, 3.908E+01, 8.395E-02, 0.000E+00, 1.191E+01, 8.691E-03, 2.115E-01
05/10/2019,03:00,9,2.970,3.470,1.108,.963,.025, 1.015E+03, 1.064E+02, 1.301E-03, 3.469E-16, 0.000E+00, 0.000E+00, 0.000E+00, 0.000E+00,-3.788E+01, 1.292E+01, 3.370E+00, 4.608E-01, 1.829E-01,-9.990E+02, 1.000E+00,-9.990E+02, 0.000E+00, 0.000E+00, 0.000E+00, 1.000E+00, 0.000E+00, 0.000E+00, 0.000E+00, 0.000E+00, 1.008E+02, 3.738E+01, 7.788E-02, 0.000E+00, 1.284E+01, 8.968E-03, 2.040E-01
05/10/2019,04:00,9,2.970,3.470,.838,.949,.033, 1.016E+03, 9.907E+01, 1.301E-03, 3.469E-16, 0.000E+00, 0.000E+00, 0.000E+00, 0.000E+00,-3.788E+01, 1.292E+01, 3.467E+00, 4.605E-01, 1.881E-01,-9.990E+02, 1.000E+00,-9.990E+02, 0.000E+00, 0.000E+00, 0.000E+00, 1.000E+00, 0.000E+00, 0.000E+00, 0.000E+00, 0.000E+00, 9.799E+01, 3.634E+01, 6.363E-02, 0.000E+00, 1.572E+01, 8.956E-03, 2.491E-01
05/10/2019,05:00,9,2.970,3.470,.568,.934,.042, 1.016E+03, 9.161E+01, 1.301E-03, 3.469E-16, 0.000E+00, 0.000E+00, 0.000E+00, 0.000E+00,-3.788E+01, 1.292E+01, 3.564E+00, 4.601E-01, 1.933E-01,-9.990E+02, 1.000E+00,-9.990E+02, 0.000E+00, 0.000E+00, 0.000E+00, 1.000E+00, 0.000E+00, 0.000E+00, 0.000E+00, 0.000E+00, 9.535E+01, 3.536E+01, 6.100E-02, 0.000E+00, 1.639E+01, 9.113E-03, 3.146E-01
05/10/2019,06:00,9,2.970,3.470,.298,.920,.050, 1.016E+03, 8.437E+01, 0.000E+00, 3.469E-16, 8.717E+00, 2.276E+01, 5.265E+01, 8.242E+00, 4.766E+01, 5.230E+01, 3.661E+00, 5.957E-01, 2.249E-01, 6.609E-02, 1.000E+00, 3.270E-01, 8.853E-01, 1.000E-02, 1.000E+00, 1.000E+00, 3.270E-03, 2.007E-05, 5.434E-05, 0.000E+00, 7.014E+01, 3.039E+01, 5.196E-02, 8.177E-05, 1.921E+01, 1.018E-02, 3.849E-01
05/10/2019,07:00,9,2.970,3.470,1.658,.857,.098, 1.017E+03, 7.773E+01, 0.000E+00, 3.469E-16, 5.223E+01, 4.560E+01, 1.408E+02, 1.799E+01, 4.766E+01, 5.230E+01, 3.832E+00, 5.971E-01, 2.354E-01, 1.430E-01, 1.000E+00, 5.907E-01, 9.970E-01, 1.000E-02, 1.000E+00, 1.000E+00, 5.907E-03, 3.644E-05, 6.150E-05, 0.000E+00, 6.704E+01, 2.904E+01, 1.310E-02, 1.484E-04, 7.546E+01, 6.625E-03, 4.803E-01
05/10/2019,08:00,9,2.970,3.470,3.018,.795,.156, 1.017E+03, 7.210E+01, 0.000E+00, 3.469E-16, 9.882E+01, 6.020E+01, 1.855E+02, 2.471E+01, 4.766E+01, 5.230E+01, 4.030E+00, 5.985E-01, 2.475E-01, 2.053E-01, 1.000E+00, 7.122E-01, 9.995E-01, 1.000E-02, 1.000E+00, 1.000E+00, 7.122E-03, 4.416E-05, 6.197E-05, 0.000E+00, 6.378E+01, 2.762E+01, 5.000E-03, 1.799E-04, 1.931E+02, 3.776E-03, 5.466E-01
05/10/2019,09:00,9,2.970,3.470,4.377,.732,.224, 1.018E+03, 6.792E+01, 0.000E+00, 3.469E-16, 1.371E+02, 6.931E+01, 2.114E+02, 2.904E+01, 1.143E+02, 6.844E+01, 4.251E+00, 7.199E-01, 2.635E-01, 2.482E-01, 1.000E+00, 7.722E-01, 9.998E-01, 1.000E-02, 1.000E+00, 1.000E+00, 7.722E-03, 4.811E-05, 6.229E-05, 0.000E+00, 5.885E+01, 2.594E+01, 5.000E-03, 1.960E-04, 1.925E+02, 3.850E-03, 5.933E-01
05/10/2019,10:00,9,2.970,3.470,4.847,.662,.292, 1.018E+03, 6.557E+01, 0.000E+00, 3.469E-16, 1.579E+02, 7.284E+01, 2.216E+02, 3.082E+01, 1.143E+02, 6.844E+01, 4.095E+00, 7.205E-01, 2.538E-01, 2.708E-01, 1.000E+00, 7.947E-01, 9.999E-01, 1.000E-02, 1.000E+00, 1.000E+00, 7.947E-03, 4.959E-05, 6.240E-05, 0.000E+00, 6.110E+01, 2.693E+01, 5.000E-03, 2.020E-04, 1.922E+02, 3.816E-03, 5.639E-01
05/10/2019,11:00,9,2.970,3.470,5.316,.593,.363, 1.018E+03, 6.530E+01, 0.000E+00, 3.469E-16, 1.602E+02, 7.320E+01, 2.227E+02, 3.100E+01, 1.143E+02, 6.844E+01, 3.951E+00, 7.210E-01, 2.449E-01, 2.734E-01, 1.000E+00, 7.970E-01, 9.999E-01, 1.000E-02, 1.000E+00, 1.000E+00, 7.970E-03, 4.982E-05, 6.251E-05, 0.000E+00, 6.334E+01, 2.791E+01, 5.000E-03, 2.029E-04, 1.922E+02, 3.780E-03, 5.554E-01
05/10/2019,12:00,9,2.970,3.470,5.785,.523,.439, 1.018E+03, 6.714E+01, 0.000E+00, 3.469E-16, 1.093E+02, 7.749E+01, 1.714E+02, 3.071E+01, 2.988E+01, 4.718E+01, 3.820E+00, 5.887E-01, 2.323E-01, 2.559E-01, 1.000E+00, 7.893E-01, 9.991E-01, 1.000E-02, 1.000E+00, 1.000E+00, 7.893E-03, 4.943E-05, 6.256E-05, 0.000E+00, 6.921E+01, 2.942E+01, 5.000E-03, 2.013E-04, 1.923E+02, 3.718E-03, 5.235E-01
05/10/2019,13:00,9,2.970,3.470,5.316,.552,.400, 1.018E+03, 7.090E+01, 0.000E+00, 3.469E-16, 8.419E+01, 6.789E+01, 1.553E+02, 2.667E+01, 2.988E+01, 4.718E+01, 3.611E+00, 5.881E-01, 2.196E-01, 2.180E-01, 1.000E+00, 7.385E-01, 9.983E-01, 1.000E-02, 1.000E+00, 1.000E+00, 7.385E-03, 4.617E-05, 6.241E-05, 0.000E+00, 7.321E+01, 3.113E+01, 5.000E-03, 1.880E-04, 1.928E+02, 3.652E-03, 4.824E-01
05/10/2019,14:00,9,2.970,3.470,4.848,.581,.362, 1.019E+03, 7.620E+01, 0.000E+00, 3.469E-16, 4.963E+01, 5.153E+01, 1.239E+02, 1.985E+01, 2.988E+01, 4.718E+01, 3.402E+00, 5.875E-01, 2.069E-01, 1.603E-01, 1.000E+00, 6.278E-01, 9.939E-01, 1.000E-02, 1.000E+00, 1.000E+00, 6.278E-03, 3.918E-05, 6.203E-05, 0.000E+00, 7.770E+01, 3.304E+01, 5.000E-03, 1.596E-04, 1.938E+02, 3.573E-03, 4.278E-01
05/10/2019,15:00,9,2.970,3.470,4.379,.609,.327, 1.019E+03, 8.264E+01, 0.000E+00, 3.469E-16, 5.411E+00, 2.488E+01, 2.991E+01, 8.791E+00,-2.625E+01, 1.248E+01, 3.193E+00, 3.697E-01, 1.684E-01, 8.627E-02, 1.000E+00, 3.383E-01, 7.077E-01, 1.000E-02, 1.000E+00, 1.000E+00, 3.383E-03, 2.108E-05, 4.409E-05, 0.000E+00, 1.126E+02, 4.059E+01, 5.000E-03, 8.585E-05, 1.966E+02, 3.289E-03, 3.627E-01
05/10/2019,16:00,9,2.970,3.470,3.774,.616,.308, 1.020E+03, 8.979E+01, 0.000E+00, 3.469E-16, 1.204E-22, 5.656E-01, 0.000E+00, 0.000E+00,-2.625E+01, 1.248E+01, 2.959E+00, 3.692E-01, 1.560E-01,-9.990E+02, 1.000E+00,-9.990E+02, 0.000E+00, 0.000E+00, 0.000E+00, 1.000E+00, 0.000E+00, 0.000E+00, 0.000E+00, 0.000E+00, 1.216E+02, 4.382E+01, 5.000E-03, 0.000E+00, 2.000E+02, 3.165E-03, 3.210E-01
05/10/2019,17:00,9,2.970,3.470,3.168,.622,.290, 1.020E+03, 9.725E+01, 0.000E+00, 3.469E-16, 0.000E+00, 0.000E+00, 0.000E+00, 0.000E+00,-2.625E+01, 1.248E+01, 2.788E+00, 3.687E-01, 1.469E-01,-9.990E+02, 1.000E+00,-9.990E+02, 0.000E+00, 0.000E+00, 0.000E+00, 1.000E+00, 0.000E+00, 0.000E+00, 0.000E+00, 0.000E+00, 1.292E+02, 4.653E+01, 5.000E-03, 0.000E+00, 2.000E+02, 3.094E-03, 3.052E-01
05/10/2019,18:00,9,2.970,3.470,2.562,.629,.272, 1.021E+03, 1.047E+02, 0.000E+00, 3.469E-16, 0.000E+00, 0.000E+00, 0.000E+00, 0.000E+00,-2.545E+01, 8.822E+00, 2.691E+00, 2.928E-01, 1.283E-01,-9.990E+02, 1.000E+00,-9.990E+02, 0.000E+00, 0.000E+00, 0.000E+00, 1.000E+00, 0.000E+00, 0.000E+00, 0.000E+00, 0.000E+00, 1.636E+02, 5.329E+01, 5.000E-03, 0.000E+00, 2.000E+02, 2.919E-03, 3.340E-01
05/10/2019,19:00,9,2.970,3.470,2.265,.651,.251, 1.021E+03, 1.116E+02, 0.000E+00, 3.469E-16, 0.000E+00, 0.000E+00, 0.000E+00, 0.000E+00,-2.545E+01, 8.822E+00, 2.655E+00, 2.926E-01, 1.265E-01,-9.990E+02, 1.000E+00,-9.990E+02, 0.000E+00, 0.000E+00, 0.000E+00, 1.000E+00, 0.000E+00, 0.000E+00, 0.000E+00, 0.000E+00, 1.659E+02, 5.403E+01, 5.000E-03, 0.000E+00, 2.000E+02, 2.903E-03, 3.666E-01
05/10/2019,20:00,9,2.970,3.470,1.968,.673,.230, 1.021E+03, 1.176E+02, 0.000E+00, 3.469E-16, 0.000E+00, 0.000E+00, 0.000E+00, 0.000E+00,-2.545E+01, 8.822E+00, 2.619E+00, 2.925E-01, 1.248E-01,-9.990E+02, 1.000E+00,-9.990E+02, 0.000E+00, 0.000E+00, 0.000E+00, 1.000E+00, 0.000E+00, 0.000E+00, 0.000E+00, 0.000E+00, 1.683E+02, 5.478E+01, 5.000E-03, 0.000E+00, 2.000E+02, 2.886E-03, 4.147E-01
05/10/2019,21:00,9,2.970,3.470,1.670,.695,.210, 1.021E+03, 1.221E+02, 0.000E+00, 3.469E-16, 0.000E+00, 0.000E+00, 0.000E+00, 0.000E+00,-2.023E+01, 7.677E+00, 2.584E+00, 3.262E-01, 1.344E-01,-9.990E+02, 1.000E+00,-9.990E+02, 0.000E+00, 0.000E+00, 0.000E+00, 1.000E+00, 0.000E+00, 0.000E+00, 0.000E+00, 0.000E+00, 1.430E+02, 5.085E+01, 5.000E-03, 0.000E+00, 2.000E+02, 2.987E-03, 4.828E-01
05/10/2019,22:00,9,2.970,3.470,1.921,.694,.215, 1.021E+03, 1.248E+02, 0.000E+00, 3.469E-16, 0.000E+00, 0.000E+00, 0.000E+00, 0.000E+00,-2.023E+01, 7.677E+00, 2.664E+00, 3.263E-01, 1.387E-01,-9.990E+02, 1.000E+00,-9.990E+02, 0.000E+00, 0.000E+00, 0.000E+00, 1.000E+00, 0.000E+00, 0.000E+00, 0.000E+00, 0.000E+00, 1.386E+02, 4.930E+01, 5.000E-03, 0.000E+00, 2.000E+02, 3.024E-03, 4.737E-01
05/10/2019,23:00,9,2.970,3.470,2.171,.692,.220, 1.021E+03, 1.251E+02, 0.000E+00, 3.469E-16, 0.000E+00, 0.000E+00, 0.000E+00, 0.000E+00,-2.023E+01, 7.677E+00, 2.766E+00, 3.265E-01, 1.440E-01,-9.990E+02, 1.000E+00,-9.990E+02, 0.000E+00, 0.000E+00, 0.000E+00, 1.000E+00, 0.000E+00, 0.000E+00, 0.000E+00, 0.000E+00, 1.334E+02, 4.747E+01, 5.000E-03, 0.000E+00, 2.000E+02, 3.069E-03, 4.117E-01
06/10/2019,00:00,9,2.959,3.459,2.422,.691,.225, 1.021E+03, 1.231E+02, 0.000E+00, 3.469E-16, 0.000E+00, 0.000E+00, 0.000E+00, 0.000E+00,-1.696E+01, 6.328E+00, 2.887E+00, 3.314E-01, 1.540E-01,-9.990E+02, 1.000E+00,-9.990E+02, 0.000E+00, 0.000E+00, 0.000E+00, 1.000E+00, 0.000E+00, 0.000E+00, 0.000E+00, 0.000E+00, 1.217E+02, 4.437E+01, 5.000E-03, 0.000E+00, 2.000E+02, 3.151E-03, 4.414E-01
06/10/2019,01:00,9,2.959,3.459,1.592,.728,.186, 1.021E+03, 1.190E+02, 0.000E+00, 3.469E-16, 0.000E+00, 0.000E+00, 0.000E+00, 0.000E+00,-1.696E+01, 6.328E+00, 2.815E+00, 3.309E-01, 1.501E-01,-9.990E+02, 1.000E+00,-9.990E+02, 0.000E+00, 0.000E+00, 0.000E+00, 1.000E+00, 0.000E+00, 0.000E+00, 0.000E+00, 0.000E+00, 1.249E+02, 4.553E+01, 5.000E-03, 0.000E+00, 2.000E+02, 3.121E-03, 4.842E-01
06/10/2019,02:00,9,2.959,3.459,.761,.765,.152, 1.021E+03, 1.134E+02, 0.000E+00, 3.469E-16, 0.000E+00, 0.000E+00, 0.000E+00, 0.000E+00,-1.696E+01, 6.328E+00, 2.744E+00, 3.304E-01, 1.463E-01,-9.990E+02, 1.000E+00,-9.990E+02, 0.000E+00, 0.000E+00, 0.000E+00, 1.000E+00, 0.000E+00, 0.000E+00, 0.000E+00, 0.000E+00, 1.282E+02, 4.673E+01, 5.000E-03, 0.000E+00, 2.000E+02, 3.091E-03, 4.638E-01
06/10/2019,03:00,9,2.959,3.459,-.069,.802,.120, 1.021E+03, 1.067E+02, 2.336E-04, 3.469E-16, 0.000E+00, 0.000E+00, 0.000E+00, 0.000E+00,-8.973E+00, 6.421E+00, 2.675E+00, 3.121E-01, 1.483E-01,-9.990E+02, 1.000E+00,-9.990E+02, 0.000E+00, 0.000E+00, 0.000E+00, 1.000E+00, 0.000E+00, 0.000E+00, 0.000E+00, 0.000E+00, 1.217E+02, 4.611E+01, 1.000E-02, 0.000E+00, 1.000E+02, 4.515E-03, 4.339E-01
06/10/2019,04:00,9,2.959,3.459,.316,.788,.132, 1.021E+03, 9.937E+01, 2.336E-04, 3.469E-16, 0.000E+00, 0.000E+00, 0.000E+00, 0.000E+00,-8.973E+00, 6.421E+00, 2.501E+00, 3.123E-01, 1.386E-01,-9.990E+02, 1.000E+00,-9.990E+02, 0.000E+00, 0.000E+00, 0.000E+00, 1.000E+00, 0.000E+00, 0.000E+00, 0.000E+00, 0.000E+00, 1.301E+02, 4.931E+01, 5.915E-03, 0.000E+00, 1.691E+02, 3.345E-03, 4.293E-01
06/10/2019,05:00,9,2.959,3.459,.701,.775,.145, 1.021E+03, 9.191E+01, 2.336E-04, 3.469E-16, 0.000E+00, 0.000E+00, 0.000E+00, 0.000E+00,-8.973E+00, 6.421E+00, 2.327E+00, 3.125E-01, 1.290E-01,-9.990E+02, 1.000E+00,-9.990E+02, 0.000E+00, 0.000E+00, 0.000E+00, 1.000E+00, 0.000E+00, 0.000E+00, 0.000E+00, 0.000E+00, 1.398E+02, 5.299E+01, 5.000E-03, 0.000E+00, 2.000E+02, 2.945E-03, 4.830E-01
06/10/2019,06:00,9,2.959,3.459,1.085,.761,.158, 1.021E+03, 8.467E+01, 0.000E+00, 3.469E-16, 7.170E+00, 2.108E+01, 4.621E+01, 7.608E+00, 4.431E+01, 3.225E+01, 2.154E+00, 3.614E-01, 1.403E-01, 6.277E-02, 1.000E+00, 3.052E-01, 8.505E-01, 1.000E-02, 1.000E+00, 1.000E+00, 3.052E-03, 1.879E-05, 5.236E-05, 0.000E+00, 1.010E+02, 4.871E+01, 5.000E-03, 7.625E-05, 1.970E+02, 3.115E-03, 5.734E-01
06/10/2019,07:00,9,2.959,3.459,2.460,.702,.217, 1.021E+03, 7.804E+01, 0.000E+00, 3.469E-16, 4.839E+01, 4.359E+01, 1.340E+02, 1.719E+01, 4.431E+01, 3.225E+01, 2.153E+00, 3.623E-01, 1.402E-01, 1.399E-01, 1.000E+00, 5.753E-01, 9.960E-01, 1.000E-02, 1.000E+00, 1.000E+00, 5.753E-03, 3.559E-05, 6.162E-05, 0.000E+00, 1.012E+02, 4.875E+01, 5.000E-03, 1.444E-04, 1.944E+02, 3.139E-03, 6.273E-01
06/10/2019,08:00,9,2.959,3.459,3.835,.644,.287, 1.021E+03, 7.244E+01, 0.000E+00, 3.469E-16, 9.345E+01, 5.806E+01, 1.787E+02, 2.383E+01, 4.431E+01, 3.225E+01, 2.152E+00, 3.632E-01, 1.401E-01, 2.024E-01, 1.000E+00, 7.006E-01, 9.994E-01, 1.000E-02, 1.000E+00, 1.000E+00, 7.006E-03, 4.356E-05, 6.214E-05, 0.000E+00, 1.013E+02, 4.879E+01, 5.000E-03, 1.768E-04, 1.932E+02, 3.150E-03, 6.694E-01
06/10/2019,09:00,9,2.959,3.459,5.209,.585,.368, 1.021E+03, 6.828E+01, 0.000E+00, 3.469E-16, 7.741E+01, 8.470E+01, 1.367E+02, 3.210E+01, 9.147E+01, 7.218E+01, 2.151E+00, 4.701E-01, 1.397E-01, 2.456E-01, 1.000E+00, 7.976E-01, 9.964E-01, 1.000E-02, 1.000E+00, 1.000E+00, 7.976E-03, 4.984E-05, 6.226E-05, 0.000E+00, 1.021E+02, 4.894E+01, 5.000E-03, 2.023E-04, 1.922E+02, 3.154E-03, 6.990E-01
06/10/2019,10:00,9,2.959,3.459,5.899,.559,.410, 1.020E+03, 6.594E+01, 0.000E+00, 3.469E-16, 8.933E+01, 9.216E+01, 1.446E+02, 3.500E+01, 9.147E+01, 7.218E+01, 2.302E+00, 4.708E-01, 1.494E-01, 2.682E-01, 1.000E+00, 8.258E-01, 9.974E-01, 1.000E-02, 1.000E+00, 1.000E+00, 8.258E-03, 5.173E-05, 6.248E-05, 0.000E+00, 9.549E+01, 4.574E+01, 5.000E-03, 2.099E-04, 1.919E+02, 3.240E-03, 5.702E-01
06/10/2019,11:00,9,2.959,3.459,6.589,.534,.455, 1.020E+03, 6.568E+01, 0.000E+00, 3.469E-16, 9.067E+01, 9.295E+01, 1.454E+02, 3.531E+01, 9.147E+01, 7.218E+01, 2.454E+00, 4.715E-01, 1.593E-01, 2.707E-01, 1.000E+00, 8.286E-01, 9.975E-01, 1.000E-02, 1.000E+00, 1.000E+00, 8.286E-03, 5.204E-05, 6.264E-05, 0.000E+00, 8.964E+01, 4.292E+01, 5.000E-03, 2.112E-04, 1.919E+02, 3.318E-03, 5.480E-01
06/10/2019,12:00,9,2.959,3.459,7.279,.508,.503, 1.019E+03, 6.753E+01, 0.000E+00, 3.469E-16, 6.296E+01, 9.125E+01, 1.161E+02, 3.376E+01, 1.524E+01, 4.782E+01, 2.607E+00, 3.934E-01, 1.606E-01, 2.529E-01, 1.000E+00, 8.116E-01, 9.916E-01, 1.000E-02, 1.000E+00, 1.000E+00, 8.116E-03, 5.109E-05, 6.242E-05, 0.000E+00, 9.769E+01, 4.256E+01, 5.000E-03, 2.073E-04, 1.920E+02, 3.305E-03, 5.309E-01
06/10/2019,13:00,9,2.959,3.459,6.740,.550,.443, 1.019E+03, 7.128E+01, 0.000E+00, 3.469E-16, 4.817E+01, 7.674E+01, 1.034E+02, 2.833E+01, 1.524E+01, 4.782E+01, 2.398E+00, 3.931E-01, 1.477E-01, 2.147E-01, 1.000E+00, 7.520E-01, 9.858E-01, 1.000E-02, 1.000E+00, 1.000E+00, 7.520E-03, 4.725E-05, 6.194E-05, 0.000E+00, 1.062E+02, 4.626E+01, 5.000E-03, 1.918E-04, 1.926E+02, 3.197E-03, 5.230E-01
06/10/2019,14:00,9,2.959,3.459,6.201,.593,.387, 1.019E+03, 7.658E+01, 0.000E+00, 3.469E-16, 2.790E+01, 5.417E+01, 7.998E+01, 1.985E+01, 1.524E+01, 4.782E+01, 2.267E+00, 3.928E-01, 1.397E-01, 1.565E-01, 1.000E+00, 6.214E-01, 9.627E-01, 1.000E-02, 1.000E+00, 1.000E+00, 6.214E-03, 3.897E-05, 6.037E-05, 0.000E+00, 1.123E+02, 4.893E+01, 5.000E-03, 1.581E-04, 1.939E+02, 3.116E-03, 5.096E-01
06/10/2019,15:00,9,2.959,3.459,5.662,.635,.334, 1.018E+03, 8.301E+01, 0.000E+00, 3.469E-16, 9.825E+00, 2.635E+01, 4.992E+01, 9.540E+00,-3.300E+01, 7.715E+00, 2.227E+00, 2.446E-01, 1.000E-01, 8.222E-02, 1.000E+00, 3.695E-01, 8.717E-01, 1.000E-02, 1.000E+00, 1.000E+00, 3.695E-03, 2.313E-05, 5.456E-05, 0.000E+00, 2.607E+02, 6.835E+01, 5.000E-03, 9.386E-05, 1.963E+02, 2.605E-03, 4.562E-01
06/10/2019,16:00,9,2.959,3.459,4.549,.671,.278, 1.018E+03, 9.016E+01, 0.000E+00, 3.469E-16, 0.000E+00, 0.000E+00, 0.000E+00, 0.000E+00,-3.300E+01, 7.715E+00, 2.505E+00, 2.442E-01, 1.000E-01,-9.990E+02, 1.000E+00,-9.990E+02, 0.000E+00, 0.000E+00, 0.000E+00, 1.000E+00, 0.000E+00, 0.000E+00, 0.000E+00, 0.000E+00, 2.613E+02, 6.835E+01, 5.000E-03, 0.000E+00, 2.000E+02, 2.580E-03, 3.968E-01
06/10/2019,17:00,9,2.959,3.459,3.437,.707,.229, 1.018E+03, 9.762E+01, 0.000E+00, 3.469E-16, 0.000E+00, 0.000E+00, 0.000E+00, 0.000E+00,-3.300E+01, 7.715E+00, 2.782E+00, 2.437E-01, 1.063E-01,-9.990E+02, 1.000E+00,-9.990E+02, 0.000E+00, 0.000E+00, 0.000E+00, 1.000E+00, 0.000E+00, 0.000E+00, 0.000E+00, 0.000E+00, 2.464E+02, 6.432E+01, 5.000E-03, 0.000E+00, 2.000E+02, 2.656E-03, 3.682E-01
06/10/2019,18:00,9,2.959,3.459,2.324,.743,.186, 1.018E+03, 1.050E+02, 0.000E+00, 3.469E-16, 0.000E+00, 0.000E+00, 0.000E+00, 0.000E+00,-3.689E+01, 5.692E+00, 3.060E+00, 3.067E-01, 1.386E-01,-9.990E+02, 1.000E+00,-9.990E+02, 0.000E+00, 0.000E+00, 0.000E+00, 1.000E+00, 0.000E+00, 0.000E+00, 0.000E+00, 0.000E+00, 1.593E+02, 4.932E+01, 5.000E-03, 0.000E+00, 2.000E+02, 3.006E-03, 4.041E-01
06/10/2019,19:00,9,2.959,3.459,2.059,.742,.183, 1.017E+03, 1.120E+02, 0.000E+00, 3.469E-16, 0.000E+00, 0.000E+00, 0.000E+00, 0.000E+00,-3.689E+01, 5.692E+00, 2.949E+00, 3.066E-01, 1.335E-01,-9.990E+02, 1.000E+00,-9.990E+02, 0.000E+00, 0.000E+00, 0.000E+00, 1.000E+00, 0.000E+00, 0.000E+00, 0.000E+00, 0.000E+00, 1.654E+02, 5.120E+01, 5.000E-03, 0.000E+00, 2.000E+02, 2.961E-03, 4.479E-01
06/10/2019,20:00,9,2.959,3.459,1.795,.741,.180, 1.017E+03, 1.180E+02, 0.000E+00, 3.469E-16, 0.000E+00, 0.000E+00, 0.000E+00, 0.000E+00,-3.689E+01, 5.692E+00, 2.875E+00, 3.065E-01, 1.301E-01,-9.990E+02, 1.000E+00,-9.990E+02, 0.000E+00, 0.000E+00, 0.000E+00, 1.000E+00, 0.000E+00, 0.000E+00, 0.000E+00, 0.000E+00, 1.698E+02, 5.253E+01, 5.000E-03, 0.000E+00, 2.000E+02, 2.930E-03, 4.883E-01
06/10/2019,21:00,9,2.959,3.459,1.531,.740,.177, 1.017E+03, 1.225E+02, 0.000E+00, 3.469E-16, 0.000E+00, 0.000E+00, 0.000E+00, 0.000E+00,-2.775E+01, 6.287E+00, 2.841E+00, 3.168E-01, 1.391E-01,-9.990E+02, 1.000E+00,-9.990E+02, 0.000E+00, 0.000E+00, 0.000E+00, 1.000E+00, 0.000E+00, 0.000E+00, 0.000E+00, 0.000E+00, 1.468E+02, 4.913E+01, 5.000E-03, 0.000E+00, 2.000E+02, 3.021E-03, 5.084E-01
06/10/2019,22:00,9,2.959,3.459,1.351,.749,.169, 1.016E+03, 1.251E+02, 0.000E+00, 3.469E-16, 0.000E+00, 0.000E+00, 0.000E+00, 0.000E+00,-2.775E+01, 6.287E+00, 2.834E+00, 3.167E-01, 1.388E-01,-9.990E+02, 1.000E+00,-9.990E+02, 0.000E+00, 0.000E+00, 0.000E+00, 1.000E+00, 0.000E+00, 0.000E+00, 0.000E+00, 0.000E+00, 1.472E+02, 4.926E+01, 5.000E-03, 0.000E+00, 2.000E+02, 3.018E-03, 5.014E-01
06/10/2019,23:00,9,2.959,3.459,1.171,.757,.162, 1.016E+03, 1.255E+02, 0.000E+00, 3.469E-16, 0.000E+00, 0.000E+00, 0.000E+00, 0.000E+00,-2.775E+01, 6.287E+00, 2.830E+00, 3.166E-01, 1.386E-01,-9.990E+02, 1.000E+00,-9.990E+02, 0.000E+00, 0.000E+00, 0.000E+00, 1.000E+00, 0.000E+00, 0.000E+00, 0.000E+00, 0.000E+00, 1.474E+02, 4.933E+01, 5.000E-03, 0.000E+00, 2.000E+02, 3.016E-03, 4.918E-01
07/10/2019,00:00,9,2.948,3.448,.992,.765,.154, 1.016E+03, 1.234E+02, 2.170E-06, 3.469E-16, 0.000E+00, 0.000E+00, 0.000E+00, 0.000E+00,-3.306E+01, 2.753E+00, 2.831E+00, 2.956E-01, 1.281E-01,-9.990E+02, 1.000E+00,-9.990E+02, 0.000E+00, 0.000E+00, 0.000E+00, 1.000E+00, 0.000E+00, 0.000E+00, 0.000E+00, 0.000E+00, 1.724E+02, 5.335E+01, 5.000E-03, 0.000E+00, 2.000E+02, 2.911E-03, 4.873E-01
07/10/2019,01:00,9,2.948,3.448,.463,.811,.119, 1.015E+03, 1.193E+02, 2.170E-06, 3.469E-16, 0.000E+00, 0.000E+00, 0.000E+00, 0.000E+00,-3.306E+01, 2.753E+00, 2.880E+00, 2.954E-01, 1.303E-01,-9.990E+02, 1.000E+00,-9.990E+02, 0.000E+00, 0.000E+00, 0.000E+00, 1.000E+00, 0.000E+00, 0.000E+00, 0.000E+00, 0.000E+00, 1.697E+02, 5.248E+01, 8.460E-03, 0.000E+00, 1.182E+02, 3.856E-03, 4.829E-01
07/10/2019,02:00,9,2.948,3.448,-.066,.857,.087, 1.015E+03, 1.137E+02, 2.170E-06, 3.469E-16, 0.000E+00, 0.000E+00, 0.000E+00, 0.000E+00,-3.306E+01, 2.753E+00, 2.929E+00, 2.951E-01, 1.324E-01,-9.990E+02, 1.000E+00,-9.990E+02, 0.000E+00, 0.000E+00, 0.000E+00, 1.000E+00, 0.000E+00, 0.000E+00, 0.000E+00, 0.000E+00, 1.671E+02, 5.163E+01, 1.000E-02, 0.000E+00, 1.000E+02, 4.186E-03, 4.373E-01
07/10/2019,03:00,9,2.948,3.448,-.595,.904,.056, 1.015E+03, 1.070E+02, 4.006E-03, 3.469E-16, 0.000E+00, 0.000E+00, 0.000E+00, 0.000E+00,-2.695E+01, 1.988E+00, 2.978E+00, 3.431E-01, 1.521E-01,-9.990E+02, 1.000E+00,-9.990E+02, 0.000E+00, 0.000E+00, 0.000E+00, 1.000E+00, 0.000E+00, 0.000E+00, 0.000E+00, 0.000E+00, 1.288E+02, 4.495E+01, 1.000E-02, 0.000E+00, 1.000E+02, 4.559E-03, 4.443E-01
07/10/2019,04:00,9,2.948,3.448,-.114,.906,.057, 1.014E+03, 9.966E+01, 4.006E-03, 3.469E-16, 0.000E+00, 0.000E+00, 0.000E+00, 0.000E+00,-2.695E+01, 1.988E+00, 2.949E+00, 3.435E-01, 1.507E-01,-9.990E+02, 1.000E+00,-9.990E+02, 0.000E+00, 0.000E+00, 0.000E+00, 1.000E+00, 0.000E+00, 0.000E+00, 0.000E+00, 0.000E+00, 1.299E+02, 4.536E+01, 1.000E-02, 0.000E+00, 1.000E+02, 4.536E-03, 4.674E-01
07/10/2019,05:00,9,2.948,3.448,.366,.909,.057, 1.014E+03, 9.220E+01, 4.006E-03, 3.469E-16, 0.000E+00, 0.000E+00, 0.000E+00, 0.000E+00,-2.695E+01, 1.988E+00, 2.921E+00, 3.438E-01, 1.493E-01,-9.990E+02, 1.000E+00,-9.990E+02, 0.000E+00, 0.000E+00, 0.000E+00, 1.000E+00, 0.000E+00, 0.000E+00, 0.000E+00, 0.000E+00, 1.311E+02, 4.579E+01, 3.203E-02, 0.000E+00, 3.122E+01, 6.544E-03, 4.619E-01
07/10/2019,06:00,9,2.948,3.448,.847,.911,.057, 1.014E+03, 8.497E+01, 7.139E-03, 3.469E-16, 6.345E+00, 2.078E+01, 4.370E+01, 7.487E+00, 4.100E+01, 2.125E+01, 2.893E+00, 4.884E-01, 1.802E-01, 5.943E-02, 1.000E+00, 2.989E-01, 8.343E-01, 1.000E-02, 1.000E+00, 1.000E+00, 2.989E-03, 1.838E-05, 5.132E-05, 0.000E+00, 8.529E+01, 3.793E+01, 3.041E-02, 7.432E-05, 3.280E+01, 7.634E-03, 5.092E-01
07/10/2019,07:00,9,2.948,3.448,2.702,.861,.103, 1.014E+03, 7.836E+01, 7.139E-03, 3.469E-16, 4.830E+01, 4.447E+01, 1.373E+02, 1.754E+01, 4.100E+01, 2.125E+01, 3.124E+00, 4.900E-01, 1.946E-01, 1.368E-01, 1.000E+00, 5.800E-01, 9.965E-01, 1.000E-02, 1.000E+00, 1.000E+00, 5.800E-03, 3.592E-05, 6.171E-05, 0.000E+00, 7.904E+01, 3.513E+01, 1.006E-02, 1.452E-04, 9.797E+01, 5.293E-03, 5.494E-01
07/10/2019,08:00,9,2.948,3.448,4.558,.811,.160, 1.014E+03, 7.277E+01, 7.139E-03, 3.469E-16, 9.499E+01, 5.975E+01, 1.850E+02, 2.456E+01, 4.100E+01, 2.125E+01, 3.416E+00, 4.917E-01, 2.126E-01, 1.995E-01, 1.000E+00, 7.084E-01, 9.995E-01, 1.000E-02, 1.000E+00, 1.000E+00, 7.084E-03, 4.417E-05, 6.231E-05, 0.000E+00, 7.237E+01, 3.215E+01, 5.000E-03, 1.786E-04, 1.931E+02, 3.619E-03, 6.367E-01
07/10/2019,09:00,9,2.948,3.448,6.414,.761,.230, 1.014E+03, 6.863E+01, 8.334E-02, 3.469E-16, 1.275E+02, 6.619E+01, 2.028E+02, 2.779E+01, 3.798E+01, 5.344E+01, 3.753E+00, 6.379E-01, 2.282E-01, 2.428E-01, 1.000E+00, 7.585E-01, 9.998E-01, 1.000E-02, 1.000E+00, 1.000E+00, 7.585E-03, 4.761E-05, 6.274E-05, 0.000E+00, 7.044E+01, 2.995E+01, 5.000E-03, 1.925E-04, 1.926E+02, 3.695E-03, 7.736E-01
07/10/2019,10:00,9,2.948,3.448,6.788,.745,.252, 1.014E+03, 6.632E+01, 8.334E-02, 3.469E-16, 1.474E+02, 6.978E+01, 2.131E+02, 2.960E+01, 3.798E+01, 5.344E+01, 3.738E+00, 6.384E-01, 2.273E-01, 2.656E-01, 1.000E+00, 7.826E-01, 9.998E-01, 1.000E-02, 1.000E+00, 1.000E+00, 7.826E-03, 4.918E-05, 6.283E-05, 0.000E+00, 7.072E+01, 3.007E+01, 5.000E-03, 1.988E-04, 1.924E+02, 3.694E-03, 6.808E-01
07/10/2019,11:00,9,2.948,3.448,7.162,.728,.276, 1.013E+03, 6.607E+01, 8.334E-02, 3.469E-16, 1.495E+02, 7.012E+01, 2.141E+02, 2.977E+01, 3.798E+01, 5.344E+01, 3.743E+00, 6.389E-01, 2.276E-01, 2.679E-01, 1.000E+00, 7.848E-01, 9.999E-01, 1.000E-02, 1.000E+00, 1.000E+00, 7.848E-03, 4.939E-05, 6.292E-05, 0.000E+00, 7.063E+01, 3.003E+01, 5.000E-03, 1.997E-04, 1.923E+02, 3.696E-03, 6.057E-01
07/10/2019,12:00,9,2.948,3.448,7.536,.711,.300, 1.013E+03, 6.792E+01, 8.721E-02, 3.469E-16, 1.340E+02, 6.755E+01, 2.067E+02, 2.845E+01,-7.237E+00, 3.174E+01, 3.768E+00, 4.232E-01, 2.187E-01, 2.500E-01, 1.000E+00, 7.672E-01, 9.998E-01, 1.000E-02, 1.000E+00, 1.000E+00, 7.672E-03, 4.834E-05, 6.300E-05, 0.000E+00, 7.878E+01, 3.125E+01, 5.000E-03, 1.955E-04, 1.925E+02, 3.643E-03, 5.964E-01
07/10/2019,13:00,9,2.948,3.448,7.093,.744,.259, 1.013E+03, 7.167E+01, 8.721E-02, 3.469E-16, 1.019E+02, 6.056E+01, 1.870E+02, 2.505E+01,-7.237E+00, 3.174E+01, 3.287E+00, 4.229E-01, 1.908E-01, 2.114E-01, 1.000E+00, 7.185E-01, 9.995E-01, 1.000E-02, 1.000E+00, 1.000E+00, 7.185E-03, 4.520E-05, 6.288E-05, 0.000E+00, 9.032E+01, 3.583E+01, 5.000E-03, 1.827E-04, 1.929E+02, 3.485E-03, 6.319E-01
07/10/2019,14:00,9,2.948,3.448,6.651,.776,.220, 1.013E+03, 7.696E+01, 8.721E-02, 3.469E-16, 5.796E+01, 4.740E+01, 1.474E+02, 1.893E+01,-7.237E+00, 3.174E+01, 2.812E+00, 4.226E-01, 1.632E-01, 1.528E-01, 1.000E+00, 6.108E-01, 9.977E-01, 1.000E-02, 1.000E+00, 1.000E+00, 6.108E-03, 3.837E-05, 6.267E-05, 0.000E+00, 1.056E+02, 4.188E+01, 5.000E-03, 1.551E-04, 1.940E+02, 3.291E-03, 6.560E-01
07/10/2019,15:00,9,2.948,3.448,6.209,.808,.182, 1.012E+03, 8.338E+01, 2.170E-06, 3.469E-16, 1.389E+01, 2.701E+01, 7.028E+01, 1.000E+01,-8.322E+00, 7.002E-01, 2.347E+00, 1.200E-01, 1.000E-01, 7.815E-02, 1.000E+00, 3.847E-01, 9.445E-01, 1.000E-02, 1.000E+00, 1.000E+00, 3.847E-03, 2.413E-05, 5.923E-05, 0.000E+00, 3.669E+02, 6.835E+01, 5.000E-03, 9.754E-05, 1.962E+02, 2.541E-03, 6.547E-01
07/10/2019,16:00,9,2.948,3.448,5.313,.839,.143, 1.012E+03, 9.052E+01, 2.170E-06, 3.469E-16, 0.000E+00, 0.000E+00, 0.000E+00, 0.000E+00,-8.322E+00, 7.002E-01, 1.548E+00, 1.198E-01, 1.000E-01,-9.990E+02, 1.000E+00,-9.990E+02, 0.000E+00, 0.000E+00, 0.000E+00, 1.000E+00, 0.000E+00, 0.000E+00, 0.000E+00, 0.000E+00, 3.679E+02, 6.835E+01, 6.930E-03, 0.000E+00, 1.443E+02, 2.926E-03, 6.572E-01
07/10/2019,17:00,9,2.948,3.448,4.417,.871,.108, 1.011E+03, 9.799E+01, 2.170E-06, 3.469E-16, 0.000E+00, 0.000E+00, 0.000E+00, 0.000E+00,-8.322E+00, 7.002E-01, 8.272E-01, 1.196E-01, 1.000E-01,-9.990E+02, 1.000E+00,-9.990E+02, 0.000E+00, 0.000E+00, 0.000E+00, 1.000E+00, 0.000E+00, 0.000E+00, 0.000E+00, 0.000E+00, 3.688E+02, 6.835E+01, 1.418E-02, 0.000E+00, 7.052E+01, 3.730E-03, 6.608E-01
07/10/2019,18:00,9,2.948,3.448,3.522,.903,.077, 1.011E+03, 1.054E+02, 2.170E-06, 3.469E-16, 0.000E+00, 0.000E+00, 0.000E+00, 0.000E+00,-1.516E+01,-4.069E+00, 6.152E-01, 1.488E-01, 1.000E-01,-9.990E+02, 1.000E+00,-9.990E+02, 0.000E+00, 0.000E+00, 0.000E+00, 1.000E+00, 0.000E+00, 0.000E+00, 0.000E+00, 0.000E+00, 3.582E+02, 6.835E+01, 2.032E-02, 0.000E+00, 4.922E+01, 4.068E-03, 7.861E-01
07/10/2019,19:00,9,2.948,3.448,2.653,.908,.068, 1.011E+03, 1.123E+02, 2.170E-06, 3.469E-16, 0.000E+00, 0.000E+00, 0.000E+00, 0.000E+00,-1.516E+01,-4.069E+00, 1.257E+00, 1.486E-01, 1.000E-01,-9.990E+02, 1.000E+00,-9.990E+02, 0.000E+00, 0.000E+00, 0.000E+00, 1.000E+00, 0.000E+00, 0.000E+00, 0.000E+00, 0.000E+00, 3.590E+02, 6.835E+01, 1.937E-02, 0.000E+00, 5.163E+01, 4.028E-03, 8.196E-01
07/10/2019,20:00,9,2.948,3.448,1.785,.913,.060, 1.010E+03, 1.183E+02, 2.170E-06, 3.469E-16, 0.000E+00, 0.000E+00, 0.000E+00, 0.000E+00,-1.516E+01,-4.069E+00, 1.912E+00, 1.484E-01, 1.000E-01,-9.990E+02, 1.000E+00,-9.990E+02, 0.000E+00, 0.000E+00, 0.000E+00, 1.000E+00, 0.000E+00, 0.000E+00, 0.000E+00, 0.000E+00, 3.599E+02, 6.835E+01, 2.390E-02, 0.000E+00, 4.183E+01, 4.192E-03, 6.777E-01
07/10/2019,21:00,9,2.948,3.448,.916,.918,.053, 1.010E+03, 1.229E+02, 2.170E-06, 3.469E-16, 0.000E+00, 0.000E+00, 0.000E+00, 0.000E+00,-9.360E+00,-1.391E+00, 2.570E+00, 1.204E-01, 1.000E-01,-9.990E+02, 1.000E+00,-9.990E+02, 0.000E+00, 0.000E+00, 0.000E+00, 1.000E+00, 0.000E+00, 0.000E+00, 0.000E+00, 0.000E+00, 3.902E+02, 6.835E+01, 2.753E-02, 0.000E+00, 3.632E+01, 4.240E-03, 5.366E-01
07/10/2019,22:00,9,2.948,3.448,.028,.924,.047, 1.009E+03, 1.255E+02, 2.170E-06, 3.469E-16, 0.000E+00, 0.000E+00, 0.000E+00, 0.000E+00,-9.360E+00,-1.391E+00, 2.348E+00, 1.202E-01, 1.000E-01,-9.990E+02, 1.000E+00,-9.990E+02, 0.000E+00, 0.000E+00, 0.000E+00, 1.000E+00, 0.000E+00, 0.000E+00, 0.000E+00, 0.000E+00, 3.912E+02, 6.835E+01, 4.807E-02, 0.000E+00, 2.080E+01, 4.536E-03, 5.232E-01
07/10/2019,23:00,9,2.948,3.448,-.860,.929,.041, 1.008E+03, 1.258E+02, 2.170E-06, 3.469E-16, 0.000E+00, 0.000E+00, 0.000E+00, 0.000E+00,-9.360E+00,-1.391E+00, 2.138E+00, 1.200E-01, 1.000E-01,-9.990E+02, 1.000E+00,-9.990E+02, 0.000E+00, 0.000E+00, 0.000E+00, 1.000E+00, 0.000E+00, 0.000E+00, 0.000E+00, 0.000E+00, 3.922E+02, 6.835E+01, 1.000E-02, 0.000E+00, 1.000E+02, 3.336E-03, 5.949E-01
08/10/2019,00:00,9,2.937,3.437,-1.748,.935,.035, 1.008E+03, 1.238E+02, 7.729E-05, 3.469E-16, 0.000E+00, 0.000E+00, 0.000E+00, 0.000E+00,-3.992E+00,-1.362E+00, 1.944E+00, 1.000E-01, 1.000E-01,-9.990E+02, 1.000E+00,-9.990E+02, 0.000E+00, 0.000E+00, 0.000E+00, 1.000E+00, 0.000E+00, 0.000E+00, 0.000E+00, 0.000E+00, 3.337E+02, 6.835E+01, 8.611E-03, 0.000E+00, 1.161E+02, 3.221E-03, 6.848E-01
08/10/2019,01:00,9,2.937,3.437,-1.721,.935,.035, 1.007E+03, 1.197E+02, 7.729E-05, 3.469E-16, 0.000E+00, 0.000E+00, 0.000E+00, 0.000E+00,-3.992E+00,-1.362E+00, 1.660E+00, 1.000E-01, 1.000E-01,-9.990E+02, 1.000E+00,-9.990E+02, 0.000E+00, 0.000E+00, 0.000E+00, 1.000E+00, 0.000E+00, 0.000E+00, 0.000E+00, 0.000E+00, 3.338E+02, 6.835E+01, 8.657E-03, 0.000E+00, 1.155E+02, 3.228E-03, 7.767E-01
08/10/2019,02:00,9,2.937,3.437,-1.694,.935,.035, 1.006E+03, 1.140E+02, 7.729E-05, 3.469E-16, 0.000E+00, 0.000E+00, 0.000E+00, 0.000E+00,-3.992E+00,-1.362E+00, 1.380E+00, 1.000E-01, 1.000E-01,-9.990E+02, 1.000E+00,-9.990E+02, 0.000E+00, 0.000E+00, 0.000E+00, 1.000E+00, 0.000E+00, 0.000E+00, 0.000E+00, 0.000E+00, 3.339E+02, 6.835E+01, 8.704E-03, 0.000E+00, 1.149E+02, 3.234E-03, 8.804E-01
08/10/2019,03:00,9,2.937,3.437,-1.667,.936,.035, 1.005E+03, 1.073E+02, 7.729E-05, 3.469E-16, 0.000E+00, 0.000E+00, 0.000E+00, 0.000E+00,-4.669E+00,-4.441E-01, 1.108E+00, 1.000E-01, 1.000E-01,-9.990E+02, 1.000E+00,-9.990E+02, 0.000E+00, 0.000E+00, 0.000E+00, 1.000E+00, 0.000E+00, 0.000E+00, 0.000E+00, 0.000E+00, 3.622E+02, 6.835E+01, 8.751E-03, 0.000E+00, 1.143E+02, 3.213E-03, 1.004E+00
08/10/2019,04:00,9,2.937,3.437,-1.331,.936,.036, 1.004E+03, 9.996E+01, 7.729E-05, 3.469E-16, 0.000E+00, 0.000E+00, 0.000E+00, 0.000E+00,-4.669E+00,-4.441E-01, 8.862E-01, 1.000E-01, 1.000E-01,-9.990E+02, 1.000E+00,-9.990E+02, 0.000E+00, 0.000E+00, 0.000E+00, 1.000E+00, 0.000E+00, 0.000E+00, 0.000E+00, 0.000E+00, 3.623E+02, 6.835E+01, 9.359E-03, 0.000E+00, 1.068E+02, 3.292E-03, 1.222E+00
08/10/2019,05:00,9,2.937,3.437,-.995,.935,.037, 1.004E+03, 9.250E+01, 7.729E-05, 3.469E-16, 0.000E+00, 0.000E+00, 0.000E+00, 0.000E+00,-4.669E+00,-4.441E-01, 1.029E+00, 1.000E-01, 1.000E-01,-9.990E+02, 1.000E+00,-9.990E+02, 0.000E+00, 0.000E+00, 0.000E+00, 1.000E+00, 0.000E+00, 0.000E+00, 0.000E+00, 0.000E+00, 3.624E+02, 6.835E+01, 1.000E-02, 0.000E+00, 1.000E+02, 3.367E-03, 1.695E+00
08/10/2019,06:00,9,2.937,3.437,-.659,.935,.038, 1.003E+03, 8.528E+01, 7.729E-05, 3.469E-16, 3.346E-01, 8.888E+00, 5.120E+00, 3.088E+00, 2.861E+01, 1.729E+01, 1.431E+00, 2.027E-01, 1.027E-01, 5.606E-02, 1.000E+00, 1.232E-01, 1.899E-01, 1.000E-02, 1.000E+00, 1.000E+00, 1.232E-03, 7.537E-06, 1.161E-05, 0.000E+00, 1.165E+02, 6.653E+01, 1.000E-02, 3.036E-05, 9.970E+01, 3.838E-03, 2.504E+00
08/10/2019,07:00,9,2.937,3.437,.945,.901,.065, 1.002E+03, 7.868E+01, 7.729E-05, 3.469E-16, 2.904E+00, 3.033E+01, 1.801E+01, 1.061E+01, 2.861E+01, 1.729E+01, 1.300E+00, 2.034E-01, 1.000E-01, 1.336E-01, 1.000E+00, 3.764E-01, 5.233E-01, 1.000E-02, 1.000E+00, 1.000E+00, 3.764E-03, 2.316E-05, 3.220E-05, 0.000E+00, 1.199E+02, 6.835E+01, 2.365E-02, 9.328E-05, 4.211E+01, 4.820E-03, 2.718E+00
08/10/2019,08:00,9,2.937,3.437,2.548,.867,.097, 1.002E+03, 7.311E+01, 7.729E-05, 3.469E-16, 5.818E+00, 5.035E+01, 2.765E+01, 1.764E+01, 2.861E+01, 1.729E+01, 1.171E+00, 2.040E-01, 1.000E-01, 1.966E-01, 1.000E+00, 5.480E-01, 6.793E-01, 1.000E-02, 1.000E+00, 1.000E+00, 5.480E-03, 3.392E-05, 4.204E-05, 0.000E+00, 1.201E+02, 6.835E+01, 9.524E-03, 1.366E-04, 1.035E+02, 3.718E-03, 3.035E+00
08/10/2019,09:00,9,2.937,3.437,4.152,.833,.137, 1.001E+03, 6.899E+01, 7.729E-05, 3.469E-16, 8.094E+00, 6.470E+01, 3.396E+01, 2.267E+01, 6.141E+01, 4.034E+01, 1.043E+00, 3.487E-01, 1.000E-01, 2.401E-01, 1.000E+00, 6.415E-01, 7.526E-01, 1.000E-02, 1.000E+00, 1.000E+00, 6.415E-03, 3.993E-05, 4.685E-05, 0.000E+00, 1.348E+02, 6.835E+01, 5.173E-03, 1.608E-04, 1.875E+02, 2.783E-03, 3.494E+00
08/10/2019,10:00,9,2.937,3.437,4.720,.790,.180, 1.001E+03, 6.669E+01, 7.729E-05, 3.469E-16, 9.375E+00, 7.237E+01, 3.720E+01, 2.536E+01, 6.141E+01, 4.034E+01, 1.412E+00, 3.491E-01, 1.000E-01, 2.629E-01, 1.000E+00, 6.833E-01, 7.835E-01, 1.000E-02, 1.000E+00, 1.000E+00, 6.833E-03, 4.262E-05, 4.887E-05, 0.000E+00, 1.349E+02, 6.835E+01, 5.000E-03, 1.717E-04, 1.934E+02, 2.738E-03, 1.806E+00
08/10/2019,11:00,9,2.937,3.437,5.287,.747,.225, 1.000E+03, 6.645E+01, 7.729E-05, 3.469E-16, 9.509E+00, 7.316E+01, 3.753E+01, 2.563E+01, 6.141E+01, 4.034E+01, 1.782E+00, 3.496E-01, 1.194E-01, 2.652E-01, 1.000E+00, 6.873E-01, 7.864E-01, 1.000E-02, 1.000E+00, 1.000E+00, 6.873E-03, 4.296E-05, 4.915E-05, 0.000E+00, 1.130E+02, 5.725E+01, 5.000E-03, 1.730E-04, 1.933E+02, 2.965E-03, 1.678E+00
08/10/2019,12:00,9,2.937,3.437,5.855,.704,.274, 9.995E+02, 6.831E+01, 7.729E-05, 3.469E-16, 2.052E+01, 8.056E+01, 5.639E+01, 2.863E+01, 1.714E+01, 2.790E+01, 2.151E+00, 2.688E-01, 1.398E-01, 2.470E-01, 1.000E+00, 7.438E-01, 9.017E-01, 1.000E-02, 1.000E+00, 1.000E+00, 7.438E-03, 4.658E-05, 5.647E-05, 0.000E+00, 1.018E+02, 4.888E+01, 5.000E-03, 1.876E-04, 1.928E+02, 3.151E-03, 1.658E+00
08/10/2019,13:00,9,2.937,3.437,5.626,.730,.246, 9.987E+02, 7.205E+01, 7.729E-05, 3.469E-16, 1.551E+01, 6.555E+01, 4.845E+01, 2.329E+01, 1.714E+01, 2.790E+01, 1.911E+00, 2.688E-01, 1.242E-01, 2.080E-01, 1.000E+00, 6.677E-01, 8.637E-01, 1.000E-02, 1.000E+00, 1.000E+00, 6.677E-03, 4.179E-05, 5.405E-05, 0.000E+00, 1.146E+02, 5.502E+01, 5.000E-03, 1.683E-04, 1.935E+02, 2.996E-03, 1.291E+00
08/10/2019,14:00,9,2.937,3.437,5.397,.756,.219, 9.979E+02, 7.734E+01, 7.729E-05, 3.469E-16, 8.681E+00, 4.325E+01, 3.514E+01, 1.533E+01, 1.714E+01, 2.790E+01, 1.671E+00, 2.688E-01, 1.086E-01, 1.491E-01, 1.000E+00, 5.120E-01, 7.643E-01, 1.000E-02, 1.000E+00, 1.000E+00, 5.120E-03, 3.201E-05, 4.779E-05, 0.000E+00, 1.310E+02, 6.292E+01, 5.000E-03, 1.289E-04, 1.950E+02, 2.814E-03, 1.129E+00
08/10/2019,15:00,9,2.937,3.437,5.168,.781,.193, 9.971E+02, 8.375E+01, 7.729E-05, 3.469E-16, 1.224E+01, 2.557E+01, 6.570E+01, 9.453E+00,-3.577E+00, 7.728E-02, 1.432E+00, 1.000E-01, 1.000E-01, 7.408E-02, 1.000E+00, 3.674E-01, 9.329E-01, 1.000E-02, 1.000E+00, 1.000E+00, 3.674E-03, 2.295E-05, 5.829E-05, 0.000E+00, 3.180E+02, 6.835E+01, 5.000E-03, 9.245E-05, 1.964E+02, 2.569E-03, 9.990E-01
08/10/2019,16:00,9,2.937,3.437,4.196,.815,.153, 9.967E+02, 9.089E+01, 7.729E-05, 3.469E-16, 0.000E+00, 0.000E+00, 0.000E+00, 0.000E+00,-3.577E+00, 7.728E-02, 7.215E-01, 1.000E-01, 1.000E-01,-9.990E+02, 1.000E+00,-9.990E+02, 0.000E+00, 0.000E+00, 0.000E+00, 1.000E+00, 0.000E+00, 0.000E+00, 0.000E+00, 0.000E+00, 3.181E+02, 6.835E+01, 5.000E-03, 0.000E+00, 2.000E+02, 2.545E-03, 9.501E-01
08/10/2019,17:00,9,2.937,3.437,3.224,.848,.117, 9.964E+02, 9.835E+01, 7.729E-05, 3.469E-16, 0.000E+00, 0.000E+00, 0.000E+00, 0.000E+00,-3.577E+00, 7.728E-02, 2.177E-01, 1.000E-01, 1.000E-01,-9.990E+02, 1.000E+00,-9.990E+02, 0.000E+00, 0.000E+00, 0.000E+00, 1.000E+00, 0.000E+00, 0.000E+00, 0.000E+00, 0.000E+00, 3.181E+02, 6.835E+01, 7.080E-03, 0.000E+00, 1.412E+02, 2.993E-03, 9.320E-01
08/10/2019,18:00,9,2.937,3.437,2.251,.882,.085, 9.961E+02, 1.058E+02, 7.729E-05, 3.469E-16, 0.000E+00, 0.000E+00, 0.000E+00, 0.000E+00,-6.293E+00,-2.217E+00, 7.950E-01, 1.000E-01, 1.000E-01,-9.990E+02, 1.000E+00,-9.990E+02, 0.000E+00, 0.000E+00, 0.000E+00, 1.000E+00, 0.000E+00, 0.000E+00, 0.000E+00, 0.000E+00, 4.319E+02, 6.835E+01, 1.432E-02, 0.000E+00, 6.983E+01, 3.660E-03, 1.053E+00
08/10/2019,19:00,9,2.937,3.437,1.550,.897,.070, 9.959E+02, 1.127E+02, 7.729E-05, 3.469E-16, 0.000E+00, 0.000E+00, 0.000E+00, 0.000E+00,-6.293E+00,-2.217E+00, 1.203E+00, 1.000E-01, 1.000E-01,-9.990E+02, 1.000E+00,-9.990E+02, 0.000E+00, 0.000E+00, 0.000E+00, 1.000E+00, 0.000E+00, 0.000E+00, 0.000E+00, 0.000E+00, 4.319E+02, 6.835E+01, 1.748E-02, 0.000E+00, 5.722E+01, 3.837E-03, 1.260E+00
08/10/2019,20:00,9,2.937,3.437,.849,.912,.057, 9.957E+02, 1.187E+02, 7.729E-05, 3.469E-16, 0.000E+00, 0.000E+00, 0.000E+00, 0.000E+00,-6.293E+00,-2.217E+00, 1.672E+00, 1.000E-01, 1.000E-01,-9.990E+02, 1.000E+00,-9.990E+02, 0.000E+00, 0.000E+00, 0.000E+00, 1.000E+00, 0.000E+00, 0.000E+00, 0.000E+00, 0.000E+00, 4.320E+02, 6.835E+01, 2.814E-02, 0.000E+00, 3.553E+01, 4.185E-03, 1.465E+00
08/10/2019,21:00,9,2.937,3.437,.148,.927,.045, 9.956E+02, 1.233E+02, 1.179E-02, 3.469E-16, 0.000E+00, 0.000E+00, 0.000E+00, 0.000E+00,-6.206E+00, 6.300E-01, 2.164E+00, 1.218E-01, 1.000E-01,-9.990E+02, 1.000E+00,-9.990E+02, 0.000E+00, 0.000E+00, 0.000E+00, 1.000E+00, 0.000E+00, 0.000E+00, 0.000E+00, 0.000E+00, 3.124E+02, 6.835E+01, 4.800E-02, 0.000E+00, 2.083E+01, 4.691E-03, 1.393E+00
08/10/2019,22:00,9,2.937,3.437,.482,.922,.049, 9.955E+02, 1.259E+02, 1.179E-02, 3.469E-16, 0.000E+00, 0.000E+00, 0.000E+00, 0.000E+00,-6.206E+00, 6.300E-01, 1.915E+00, 1.218E-01, 1.000E-01,-9.990E+02, 1.000E+00,-9.990E+02, 0.000E+00, 0.000E+00, 0.000E+00, 1.000E+00, 0.000E+00, 0.000E+00, 0.000E+00, 0.000E+00, 3.121E+02, 6.835E+01, 4.037E-02, 0.000E+00, 2.477E+01, 4.607E-03, 1.237E+00
08/10/2019,23:00,9,2.937,3.437,.817,.917,.054, 9.954E+02, 1.262E+02, 1.179E-02, 3.469E-16, 0.000E+00, 0.000E+00, 0.000E+00, 0.000E+00,-6.206E+00, 6.300E-01, 1.692E+00, 1.219E-01, 1.000E-01,-9.990E+02, 1.000E+00,-9.990E+02, 0.000E+00, 0.000E+00, 0.000E+00, 1.000E+00, 0.000E+00, 0.000E+00, 0.000E+00, 0.000E+00, 3.119E+02, 6.835E+01, 2.846E-02, 0.000E+00, 3.514E+01, 4.397E-03, 1.315E+00
09/10/2019,00:00,9,2.926,3.426,1.151,.912,.058, 9.953E+02, 1.241E+02, 4.092E-03, 3.469E-16, 0.000E+00, 0.000E+00, 0.000E+00, 0.000E+00,-8.688E+00, 2.291E+00, 1.507E+00, 1.606E-01, 1.000E-01,-9.990E+02, 1.000E+00,-9.990E+02, 0.000E+00, 0.000E+00, 0.000E+00, 1.000E+00, 0.000E+00, 0.000E+00, 0.000E+00, 0.000E+00, 2.563E+02, 6.835E+01, 2.568E-02, 0.000E+00, 3.895E+01, 4.423E-03, 1.440E+00
09/10/2019,01:00,9,2.926,3.426,1.514,.901,.068, 9.951E+02, 1.200E+02, 4.092E-03, 3.469E-16, 0.000E+00, 0.000E+00, 0.000E+00, 0.000E+00,-8.688E+00, 2.291E+00, 1.610E+00, 1.607E-01, 1.000E-01,-9.990E+02, 1.000E+00,-9.990E+02, 0.000E+00, 0.000E+00, 0.000E+00, 1.000E+00, 0.000E+00, 0.000E+00, 0.000E+00, 0.000E+00, 2.561E+02, 6.835E+01, 2.033E-02, 0.000E+00, 4.920E+01, 4.232E-03, 1.458E+00
09/10/2019,02:00,9,2.926,3.426,1.877,.889,.078, 9.949E+02, 1.143E+02, 4.092E-03, 3.469E-16, 0.000E+00, 0.000E+00, 0.000E+00, 0.000E+00,-8.688E+00, 2.291E+00, 1.719E+00, 1.608E-01, 1.000E-01,-9.990E+02, 1.000E+00,-9.990E+02, 0.000E+00, 0.000E+00, 0.000E+00, 1.000E+00, 0.000E+00, 0.000E+00, 0.000E+00, 0.000E+00, 2.560E+02, 6.835E+01, 1.417E-02, 0.000E+00, 7.058E+01, 3.881E-03, 1.427E+00
09/10/2019,03:00,9,2.926,3.426,2.240,.877,.088, 9.948E+02, 1.076E+02, 1.919E-02, 3.469E-16, 0.000E+00, 0.000E+00, 0.000E+00, 0.000E+00,-7.477E+00, 3.223E+00, 1.833E+00, 1.614E-01, 1.000E-01,-9.990E+02, 1.000E+00,-9.990E+02, 0.000E+00, 0.000E+00, 0.000E+00, 1.000E+00, 0.000E+00, 0.000E+00, 0.000E+00, 0.000E+00, 2.429E+02, 6.835E+01, 1.152E-02, 0.000E+00, 8.680E+01, 3.667E-03, 1.426E+00
09/10/2019,04:00,9,2.926,3.426,2.497,.872,.094, 9.950E+02, 1.003E+02, 1.919E-02, 3.469E-16, 0.000E+00, 0.000E+00, 0.000E+00, 0.000E+00,-7.477E+00, 3.223E+00, 1.821E+00, 1.615E-01, 1.000E-01,-9.990E+02, 1.000E+00,-9.990E+02, 0.000E+00, 0.000E+00, 0.000E+00, 1.000E+00, 0.000E+00, 0.000E+00, 0.000E+00, 0.000E+00, 2.428E+02, 6.835E+01, 1.107E-02, 0.000E+00, 9.034E+01, 3.620E-03, 1.476E+00
09/10/2019,05:00,9,2.926,3.426,2.754,.866,.100, 9.952E+02, 9.279E+01, 1.919E-02, 3.469E-16, 0.000E+00, 0.000E+00, 0.000E+00, 0.000E+00,-7.477E+00, 3.223E+00, 1.811E+00, 1.616E-01, 1.000E-01,-9.990E+02, 1.000E+00,-9.990E+02, 0.000E+00, 0.000E+00, 0.000E+00, 1.000E+00, 0.000E+00, 0.000E+00, 0.000E+00, 0.000E+00, 2.427E+02, 6.835E+01, 9.253E-03, 0.000E+00, 1.081E+02, 3.402E-03, 1.633E+00
09/10/2019,06:00,9,2.926,3.426,3.012,.860,.106, 9.955E+02, 8.558E+01, 1.401E-02, 3.469E-16, 1.721E-01, 7.186E+00, 3.615E+00, 2.498E+00, 1.508E+00, 1.023E+01, 1.803E+00, 2.266E-01, 1.094E-01, 5.267E-02, 1.000E+00, 9.979E-02, 1.382E-01, 1.000E-02, 1.000E+00, 1.000E+00, 9.979E-04, 6.186E-06, 8.565E-06, 0.000E+00, 1.475E+02, 6.246E+01, 8.950E-03, 2.482E-05, 1.114E+02, 3.646E-03, 1.855E+00
09/10/2019,07:00,9,2.926,3.426,3.829,.838,.130, 9.957E+02, 7.900E+01, 1.401E-02, 3.469E-16, 1.740E+00, 2.630E+01, 1.375E+01, 9.192E+00, 1.508E+00, 1.023E+01, 1.679E+00, 2.269E-01, 1.019E-01, 1.304E-01, 1.000E+00, 3.301E-01, 4.320E-01, 1.000E-02, 1.000E+00, 1.000E+00, 3.301E-03, 2.052E-05, 2.686E-05, 0.000E+00, 1.583E+02, 6.706E+01, 5.331E-03, 8.236E-05, 1.847E+02, 2.781E-03, 1.849E+00
09/10/2019,08:00,9,2.926,3.426,4.645,.815,.157, 9.959E+02, 7.345E+01, 1.401E-02, 3.469E-16, 3.557E+00, 4.448E+01, 2.180E+01, 1.556E+01, 1.508E+00, 1.023E+01, 1.557E+00, 2.272E-01, 1.000E-01, 1.936E-01, 1.000E+00, 4.958E-01, 5.921E-01, 1.000E-02, 1.000E+00, 1.000E+00, 4.958E-03, 3.092E-05, 3.693E-05, 0.000E+00, 1.614E+02, 6.835E+01, 5.000E-03, 1.241E-04, 1.952E+02, 2.678E-03, 1.757E+00
09/10/2019,09:00,9,2.926,3.426,5.462,.793,.187, 9.961E+02, 6.934E+01, 1.506E-01, 3.469E-16, 2.538E+00, 5.063E+01, 2.124E+01, 1.764E+01, 2.026E+00, 1.419E+01, 1.435E+00, 1.937E-01, 1.000E-01, 2.373E-01, 1.000E+00, 5.317E-01, 5.825E-01, 1.000E-02, 1.000E+00, 1.000E+00, 5.317E-03, 3.326E-05, 3.643E-05, 0.000E+00, 1.558E+02, 6.835E+01, 5.000E-03, 1.334E-04, 1.948E+02, 2.687E-03, 1.653E+00
09/10/2019,10:00,9,2.926,3.426,5.712,.810,.175, 9.963E+02, 6.706E+01, 1.506E-01, 3.469E-16, 2.944E+00, 5.686E+01, 2.359E+01, 1.981E+01, 2.026E+00, 1.419E+01, 1.395E+00, 1.938E-01, 1.000E-01, 2.602E-01, 1.000E+00, 5.738E-01, 6.210E-01, 1.000E-02, 1.000E+00, 1.000E+00, 5.738E-03, 3.592E-05, 3.887E-05, 0.000E+00, 1.558E+02, 6.835E+01, 5.000E-03, 1.441E-04, 1.944E+02, 2.690E-03, 1.411E+00
09/10/2019,11:00,9,2.926,3.426,5.962,.826,.162, 9.965E+02, 6.683E+01, 1.506E-01, 3.469E-16, 2.984E+00, 5.746E+01, 2.381E+01, 2.002E+01, 2.026E+00, 1.419E+01, 1.356E+00, 1.938E-01, 1.000E-01, 2.624E-01, 1.000E+00, 5.777E-01, 6.245E-01, 1.000E-02, 1.000E+00, 1.000E+00, 5.777E-03, 3.620E-05, 3.913E-05, 0.000E+00, 1.558E+02, 6.835E+01, 5.000E-03, 1.452E-04, 1.944E+02, 2.690E-03, 1.307E+00
09/10/2019,12:00,9,2.926,3.426,6.213,.843,.149, 9.967E+02, 6.869E+01, 7.987E-02, 3.469E-16, 3.453E+01, 8.595E+01, 7.863E+01, 3.113E+01,-1.337E+01, 2.006E+01, 1.318E+00, 2.799E-01, 1.000E-01, 2.440E-01, 1.000E+00, 7.803E-01, 9.606E-01, 1.000E-02, 1.000E+00, 1.000E+00, 7.803E-03, 4.893E-05, 6.024E-05, 0.000E+00, 1.939E+02, 6.835E+01, 5.559E-03, 1.964E-04, 1.738E+02, 2.816E-03, 1.305E+00
09/10/2019,13:00,9,2.926,3.426,6.130,.882,.111, 9.967E+02, 7.243E+01, 7.987E-02, 3.469E-16, 2.589E+01, 7.015E+01, 6.827E+01, 2.538E+01,-1.337E+01, 2.006E+01, 1.652E+00, 2.799E-01, 1.000E-01, 2.047E-01, 1.000E+00, 7.077E-01, 9.397E-01, 1.000E-02, 1.000E+00, 1.000E+00, 7.077E-03, 4.437E-05, 5.891E-05, 0.000E+00, 1.939E+02, 6.835E+01, 9.891E-03, 1.780E-04, 9.932E+01, 3.563E-03, 1.373E+00
09/10/2019,14:00,9,2.926,3.426,6.047,.921,.074, 9.967E+02, 7.771E+01, 7.987E-02, 3.469E-16, 1.418E+01, 4.645E+01, 5.006E+01, 1.674E+01,-1.337E+01, 2.006E+01, 2.051E+00, 2.798E-01, 1.058E-01, 1.453E-01, 1.000E+00, 5.521E-01, 8.724E-01, 1.000E-02, 1.000E+00, 1.000E+00, 5.521E-03, 3.460E-05, 5.468E-05, 0.000E+00, 1.834E+02, 6.463E+01, 1.760E-02, 1.388E-04, 5.637E+01, 4.389E-03, 1.446E+00
09/10/2019,15:00,9,2.926,3.426,5.964,.960,.038, 9.967E+02, 8.412E+01, 1.458E-02, 3.469E-16, 1.019E+01, 2.369E+01, 5.847E+01, 8.726E+00,-1.633E+01, 1.278E+00, 2.484E+00, 2.105E-01, 1.028E-01, 6.999E-02, 1.000E+00, 3.441E-01, 9.097E-01, 1.000E-02, 1.000E+00, 1.000E+00, 3.441E-03, 2.156E-05, 5.700E-05, 0.000E+00, 2.350E+02, 6.648E+01, 2.515E-02, 8.652E-05, 3.963E+01, 4.539E-03, 1.465E+00
09/10/2019,16:00,9,2.926,3.426,5.610,.964,.033, 9.968E+02, 9.125E+01, 1.458E-02, 3.469E-16, 0.000E+00, 0.000E+00, 0.000E+00, 0.000E+00,-1.633E+01, 1.278E+00, 2.275E+00, 2.104E-01, 1.000E-01,-9.990E+02, 1.000E+00,-9.990E+02, 0.000E+00, 0.000E+00, 0.000E+00, 1.000E+00, 0.000E+00, 0.000E+00, 0.000E+00, 0.000E+00, 2.418E+02, 6.835E+01, 2.966E-02, 0.000E+00, 3.371E+01, 4.556E-03, 1.355E+00
09/10/2019,17:00,9,2.926,3.426,5.256,.968,.029, 9.968E+02, 9.871E+01, 1.458E-02, 3.469E-16, 0.000E+00, 0.000E+00, 0.000E+00, 0.000E+00,-1.633E+01, 1.278E+00, 2.125E+00, 2.103E-01, 1.000E-01,-9.990E+02, 1.000E+00,-9.990E+02, 0.000E+00, 0.000E+00, 0.000E+00, 1.000E+00, 0.000E+00, 0.000E+00, 0.000E+00, 0.000E+00, 2.419E+02, 6.835E+01, 3.279E-02, 0.000E+00, 3.049E+01, 4.624E-03, 1.207E+00
09/10/2019,18:00,9,2.926,3.426,4.902,.972,.024, 9.969E+02, 1.061E+02, 1.756E-02, 3.469E-16, 0.000E+00, 0.000E+00, 0.000E+00, 0.000E+00,-8.846E+00,-2.467E+00, 2.048E+00, 1.303E-01, 1.000E-01,-9.990E+02, 1.000E+00,-9.990E+02, 0.000E+00, 0.000E+00, 0.000E+00, 1.000E+00, 0.000E+00, 0.000E+00, 0.000E+00, 0.000E+00, 3.356E+02, 6.835E+01, 3.881E-02, 0.000E+00, 2.577E+01, 4.540E-03, 1.124E+00
09/10/2019,19:00,9,2.926,3.426,4.500,.981,.016, 9.968E+02, 1.131E+02, 1.756E-02, 3.469E-16, 0.000E+00, 0.000E+00, 0.000E+00, 0.000E+00,-8.846E+00,-2.467E+00, 1.733E+00, 1.302E-01, 1.000E-01,-9.990E+02, 1.000E+00,-9.990E+02, 0.000E+00, 0.000E+00, 0.000E+00, 1.000E+00, 0.000E+00, 0.000E+00, 0.000E+00, 0.000E+00, 3.359E+02, 6.835E+01, 4.280E-02, 0.000E+00, 2.337E+01, 4.590E-03, 1.095E+00
09/10/2019,20:00,9,2.926,3.426,4.097,.990,.008, 9.966E+02, 1.191E+02, 1.756E-02, 3.469E-16, 0.000E+00, 0.000E+00, 0.000E+00, 0.000E+00,-8.846E+00,-2.467E+00, 1.551E+00, 1.302E-01, 1.000E-01,-9.990E+02, 1.000E+00,-9.990E+02, 0.000E+00, 0.000E+00, 0.000E+00, 1.000E+00, 0.000E+00, 0.000E+00, 0.000E+00, 0.000E+00, 3.363E+02, 6.835E+01, 4.431E-02, 0.000E+00, 2.257E+01, 4.606E-03, 1.253E+00
09/10/2019,21:00,9,2.926,3.426,3.695,.999,.001, 9.965E+02, 1.237E+02, 2.664E-03, 3.469E-16, 0.000E+00, 0.000E+00, 0.000E+00, 0.000E+00, 6.755E+00,-1.178E+01, 1.549E+00, 1.377E-01, 1.086E-01,-9.990E+02, 1.000E+00,-9.990E+02, 0.000E+00, 0.000E+00, 0.000E+00, 1.000E+00, 0.000E+00, 0.000E+00, 0.000E+00, 0.000E+00, 1.149E+02, 6.295E+01, 5.312E-02, 0.000E+00, 1.882E+01, 5.771E-03, 1.504E+00
09/10/2019,22:00,9,2.926,3.426,3.296,.999,.001, 9.962E+02, 1.263E+02, 2.664E-03, 3.469E-16, 0.000E+00, 0.000E+00, 0.000E+00, 0.000E+00, 6.755E+00,-1.178E+01, 1.239E+00, 1.376E-01, 1.000E-01,-9.990E+02, 1.000E+00,-9.990E+02, 0.000E+00, 0.000E+00, 0.000E+00, 1.000E+00, 0.000E+00, 0.000E+00, 0.000E+00, 0.000E+00, 1.248E+02, 6.835E+01, 5.543E-02, 0.000E+00, 1.804E+01, 5.383E-03, 1.316E+00
09/10/2019,23:00,9,2.926,3.426,2.897,.999,.001, 9.960E+02, 1.266E+02, 2.664E-03, 3.469E-16, 0.000E+00, 0.000E+00, 0.000E+00, 0.000E+00, 6.755E+00,-1.178E+01, 1.003E+00, 1.375E-01, 1.000E-01,-9.990E+02, 1.000E+00,-9.990E+02, 0.000E+00, 0.000E+00, 0.000E+00, 1.000E+00, 0.000E+00, 0.000E+00, 0.000E+00, 0.000E+00, 1.247E+02, 6.835E+01, 5.816E-02, 0.000E+00, 1.719E+01, 5.409E-03, 1.239E+00
10/10/2019,00:00,9,2.915,3.415,2.499,.999,.001, 9.957E+02, 1.245E+02, 2.122E-01, 3.469E-16, 0.000E+00, 0.000E+00, 0.000E+00, 0.000E+00, 8.132E+00,-2.433E+00, 9.033E-01, 1.364E-01, 1.000E-01,-9.990E+02, 1.000E+00,-9.990E+02, 0.000E+00, 0.000E+00, 0.000E+00, 1.000E+00, 0.000E+00, 0.000E+00, 0.000E+00, 0.000E+00, 1.209E+02, 6.835E+01, 6.145E-02, 0.000E+00, 1.627E+01, 5.490E-03, 1.162E+00
10/10/2019,01:00,9,2.915,3.415,2.937,.998,.002, 9.953E+02, 1.203E+02, 2.122E-01, 3.469E-16, 0.000E+00, 0.000E+00, 0.000E+00, 0.000E+00, 8.132E+00,-2.433E+00, 9.332E-01, 1.365E-01, 1.000E-01,-9.990E+02, 1.000E+00,-9.990E+02, 0.000E+00, 0.000E+00, 0.000E+00, 1.000E+00, 0.000E+00, 0.000E+00, 0.000E+00, 0.000E+00, 1.209E+02, 6.835E+01, 5.787E-02, 0.000E+00, 1.728E+01, 5.460E-03, 8.198E-01
10/10/2019,02:00,9,2.915,3.415,3.375,.997,.003, 9.949E+02, 1.146E+02, 2.122E-01, 3.469E-16, 0.000E+00, 0.000E+00, 0.000E+00, 0.000E+00, 8.132E+00,-2.433E+00, 9.643E-01, 1.367E-01, 1.000E-01,-9.990E+02, 1.000E+00,-9.990E+02, 0.000E+00, 0.000E+00, 0.000E+00, 1.000E+00, 0.000E+00, 0.000E+00, 0.000E+00, 0.000E+00, 1.210E+02, 6.835E+01, 5.495E-02, 0.000E+00, 1.820E+01, 5.432E-03, 6.625E-01
10/10/2019,03:00,9,2.915,3.415,3.813,.995,.004, 9.946E+02, 1.079E+02, 3.275E-02, 3.469E-16, 0.000E+00, 0.000E+00, 0.000E+00, 0.000E+00,-1.119E+00, 4.260E+00, 9.966E-01, 1.440E-01, 1.000E-01,-9.990E+02, 1.000E+00,-9.990E+02, 0.000E+00, 0.000E+00, 0.000E+00, 1.000E+00, 0.000E+00, 0.000E+00, 0.000E+00, 0.000E+00, 1.841E+02, 6.835E+01, 5.250E-02, 0.000E+00, 1.905E+01, 5.013E-03, 6.306E-01
10/10/2019,04:00,9,2.915,3.415,4.075,.992,.007, 9.945E+02, 1.005E+02, 3.275E-02, 3.469E-16, 0.000E+00, 0.000E+00, 0.000E+00, 0.000E+00,-1.119E+00, 4.260E+00, 1.024E+00, 1.441E-01, 1.000E-01,-9.990E+02, 1.000E+00,-9.990E+02, 0.000E+00, 0.000E+00, 0.000E+00, 1.000E+00, 0.000E+00, 0.000E+00, 0.000E+00, 0.000E+00, 1.841E+02, 6.835E+01, 5.122E-02, 0.000E+00, 1.952E+01, 5.001E-03, 8.362E-01
10/10/2019,05:00,9,2.915,3.415,4.337,.988,.010, 9.944E+02, 9.309E+01, 3.275E-02, 3.469E-16, 0.000E+00, 0.000E+00, 0.000E+00, 0.000E+00,-1.119E+00, 4.260E+00, 1.057E+00, 1.441E-01, 1.000E-01,-9.990E+02, 1.000E+00,-9.990E+02, 0.000E+00, 0.000E+00, 0.000E+00, 1.000E+00, 0.000E+00, 0.000E+00, 0.000E+00, 0.000E+00, 1.841E+02, 6.835E+01, 4.338E-02, 0.000E+00, 2.305E+01, 4.915E-03, 1.035E+00
10/10/2019,06:00,9,2.915,3.415,4.599,.985,.013, 9.944E+02, 8.588E+01, 1.395E-02, 3.469E-16, 4.135E-02, 5.098E+00, 2.061E+00, 1.773E+00, 6.766E+00, 2.383E+01, 1.094E+00, 1.898E-01, 1.000E-01, 4.925E-02, 1.000E+00, 7.088E-02, 8.129E-02, 1.000E-02, 1.000E+00, 1.000E+00, 7.088E-04, 4.419E-06, 5.068E-06, 0.000E+00, 1.406E+02, 6.835E+01, 4.245E-02, 1.767E-05, 2.355E+01, 5.069E-03, 1.293E+00
10/10/2019,07:00,9,2.915,3.415,5.339,.969,.028, 9.945E+02, 7.931E+01, 1.395E-02, 3.469E-16, 5.035E-01, 2.029E+01, 8.431E+00, 7.073E+00, 6.766E+00, 2.383E+01, 8.982E-01, 1.900E-01, 1.000E-01, 1.272E-01, 1.000E+00, 2.576E-01, 2.930E-01, 1.000E-02, 1.000E+00, 1.000E+00, 2.576E-03, 1.610E-05, 1.832E-05, 0.000E+00, 1.406E+02, 6.835E+01, 3.020E-02, 6.437E-05, 3.304E+01, 4.836E-03, 1.389E+00
10/10/2019,08:00,9,2.915,3.415,6.079,.952,.045, 9.947E+02, 7.378E+01, 1.395E-02, 3.469E-16, 1.054E+00, 3.512E+01, 1.413E+01, 1.225E+01, 6.766E+00, 2.383E+01, 1.059E+00, 1.902E-01, 1.000E-01, 1.906E-01, 1.000E+00, 4.043E-01, 4.408E-01, 1.000E-02, 1.000E+00, 1.000E+00, 4.043E-03, 2.534E-05, 2.763E-05, 0.000E+00, 1.407E+02, 6.835E+01, 2.498E-02, 1.013E-04, 3.987E+01, 4.680E-03, 1.580E+00
10/10/2019,09:00,9,2.915,3.415,6.819,.936,.064, 9.948E+02, 6.970E+01, 4.030E-02, 3.469E-16, 3.603E+00, 5.320E+01, 2.382E+01, 1.862E+01, 1.062E+01, 5.869E+01, 1.463E+00, 2.836E-01, 1.000E-01, 2.345E-01, 1.000E+00, 5.561E-01, 6.245E-01, 1.000E-02, 1.000E+00, 1.000E+00, 5.561E-03, 3.495E-05, 3.925E-05, 0.000E+00, 1.505E+02, 6.835E+01, 1.801E-02, 1.397E-04, 5.508E+01, 4.322E-03, 1.669E+00
10/10/2019,10:00,9,2.915,3.415,7.890,.896,.111, 9.948E+02, 6.743E+01, 4.030E-02, 3.469E-16, 4.191E+00, 5.982E+01, 2.640E+01, 2.094E+01, 1.062E+01, 5.869E+01, 1.796E+00, 2.841E-01, 1.131E-01, 2.574E-01, 1.000E+00, 5.993E-01, 6.624E-01, 1.000E-02, 1.000E+00, 1.000E+00, 5.993E-03, 3.781E-05, 4.179E-05, 0.000E+00, 1.331E+02, 6.042E+01, 1.043E-02, 1.511E-04, 9.447E+01, 3.995E-03, 1.257E+00
10/10/2019,11:00,9,2.915,3.415,8.962,.855,.166, 9.949E+02, 6.721E+01, 4.030E-02, 3.469E-16, 4.247E+00, 6.044E+01, 2.664E+01, 2.116E+01, 1.062E+01, 5.869E+01, 2.214E+00, 2.847E-01, 1.394E-01, 2.596E-01, 1.000E+00, 6.031E-01, 6.657E-01, 1.000E-02, 1.000E+00, 1.000E+00, 6.031E-03, 3.820E-05, 4.216E-05, 0.000E+00, 1.080E+02, 4.902E+01, 5.639E-03, 1.527E-04, 1.727E+02, 3.343E-03, 9.739E-01
10/10/2019,12:00,9,2.915,3.415,10.034,.815,.228, 9.949E+02, 6.907E+01, 4.590E-02, 3.469E-16, 4.669E+01, 8.626E+01, 9.718E+01, 3.182E+01,-1.053E+00, 2.332E+01, 2.677E+00, 3.473E-01, 1.580E-01, 2.409E-01, 1.000E+00, 7.905E-01, 9.816E-01, 1.000E-02, 1.000E+00, 1.000E+00, 7.905E-03, 5.025E-05, 6.240E-05, 0.000E+00, 1.072E+02, 4.326E+01, 5.000E-03, 2.009E-04, 1.923E+02, 3.272E-03, 9.808E-01
10/10/2019,13:00,9,2.915,3.415,9.683,.843,.189, 9.950E+02, 7.281E+01, 4.590E-02, 3.469E-16, 3.473E+01, 7.062E+01, 8.477E+01, 2.599E+01,-1.053E+00, 2.332E+01, 2.363E+00, 3.470E-01, 1.395E-01, 2.013E-01, 1.000E+00, 7.196E-01, 9.694E-01, 1.000E-02, 1.000E+00, 1.000E+00, 7.196E-03, 4.569E-05, 6.155E-05, 0.000E+00, 1.215E+02, 4.901E+01, 5.000E-03, 1.826E-04, 1.930E+02, 3.112E-03, 8.620E-01
10/10/2019,14:00,9,2.915,3.415,9.332,.871,.151, 9.950E+02, 7.809E+01, 4.590E-02, 3.469E-16, 1.861E+01, 4.690E+01, 6.223E+01, 1.715E+01,-1.053E+00, 2.332E+01, 2.062E+00, 3.468E-01, 1.217E-01, 1.415E-01, 1.000E+00, 5.650E-01, 9.226E-01, 1.000E-02, 1.000E+00, 1.000E+00, 5.650E-03, 3.583E-05, 5.851E-05, 0.000E+00, 1.392E+02, 5.615E+01, 6.855E-03, 1.432E-04, 1.429E+02, 3.448E-03, 7.343E-01
10/10/2019,15:00,9,2.915,3.415,8.981,.899,.116, 9.951E+02, 8.449E+01, 4.268E-03, 3.469E-16, 2.102E+00, 1.628E+01, 1.671E+01, 5.765E+00,-1.122E+01, 1.353E+00, 1.782E+00, 1.755E-01, 1.000E-01, 6.590E-02, 1.000E+00, 2.299E-01, 4.970E-01, 1.000E-02, 1.000E+00, 1.000E+00, 2.299E-03, 1.456E-05, 3.148E-05, 0.000E+00, 2.554E+02, 6.835E+01, 9.242E-03, 5.821E-05, 1.075E+02, 3.395E-03, 7.109E-01
10/10/2019,16:00,9,2.915,3.415,8.535,.924,.085, 9.951E+02, 9.161E+01, 4.268E-03, 3.469E-16, 0.000E+00, 0.000E+00, 0.000E+00, 0.000E+00,-1.122E+01, 1.353E+00, 1.840E+00, 1.753E-01, 1.000E-01,-9.990E+02, 1.000E+00,-9.990E+02, 0.000E+00, 0.000E+00, 0.000E+00, 1.000E+00, 0.000E+00, 0.000E+00, 0.000E+00, 0.000E+00, 2.556E+02, 6.835E+01, 1.444E-02, 0.000E+00, 6.927E+01, 3.901E-03, 7.656E-01
10/10/2019,17:00,9,2.915,3.415,8.090,.949,.055, 9.952E+02, 9.907E+01, 4.268E-03, 3.469E-16, 0.000E+00, 0.000E+00, 0.000E+00, 0.000E+00,-1.122E+01, 1.353E+00, 1.934E+00, 1.752E-01, 1.000E-01,-9.990E+02, 1.000E+00,-9.990E+02, 0.000E+00, 0.000E+00, 0.000E+00, 1.000E+00, 0.000E+00, 0.000E+00, 0.000E+00, 0.000E+00, 2.558E+02, 6.835E+01, 1.957E-02, 0.000E+00, 5.110E+01, 4.198E-03, 7.665E-01
10/10/2019,18:00,9,2.915,3.415,7.645,.974,.028, 9.952E+02, 1.065E+02, 2.908E-03, 3.469E-16, 0.000E+00, 0.000E+00, 0.000E+00, 0.000E+00,-2.323E+01,-1.199E+01, 2.061E+00, 2.632E-01, 1.000E-01,-9.990E+02, 1.000E+00,-9.990E+02, 0.000E+00, 0.000E+00, 0.000E+00, 1.000E+00, 0.000E+00, 0.000E+00, 0.000E+00, 0.000E+00, 2.218E+02, 6.835E+01, 3.308E-02, 0.000E+00, 3.023E+01, 4.669E-03, 1.045E+00
10/10/2019,19:00,9,2.915,3.415,7.282,.979,.022, 9.952E+02, 1.134E+02, 2.908E-03, 3.469E-16, 0.000E+00, 0.000E+00, 0.000E+00, 0.000E+00,-2.323E+01,-1.199E+01, 2.277E+00, 2.630E-01, 1.026E-01,-9.990E+02, 1.000E+00,-9.990E+02, 0.000E+00, 0.000E+00, 0.000E+00, 1.000E+00, 0.000E+00, 0.000E+00, 0.000E+00, 0.000E+00, 2.163E+02, 6.662E+01, 3.365E-02, 0.000E+00, 2.972E+01, 4.785E-03, 1.205E+00
10/10/2019,20:00,9,2.915,3.415,6.919,.984,.016, 9.952E+02, 1.195E+02, 2.908E-03, 3.469E-16, 0.000E+00, 0.000E+00, 0.000E+00, 0.000E+00,-2.323E+01,-1.199E+01, 2.517E+00, 2.628E-01, 1.133E-01,-9.990E+02, 1.000E+00,-9.990E+02, 0.000E+00, 0.000E+00, 0.000E+00, 1.000E+00, 0.000E+00, 0.000E+00, 0.000E+00, 0.000E+00, 1.959E+02, 6.030E+01, 3.952E-02, 0.000E+00, 2.530E+01, 5.331E-03, 1.058E+00
10/10/2019,21:00,9,2.915,3.415,6.557,.989,.011, 9.951E+02, 1.241E+02, 1.893E-05, 3.469E-16, 0.000E+00, 0.000E+00, 0.000E+00, 0.000E+00,-1.520E+01,-6.264E+00, 2.774E+00, 3.578E-01, 1.522E-01,-9.990E+02, 1.000E+00,-9.990E+02, 0.000E+00, 0.000E+00, 0.000E+00, 1.000E+00, 0.000E+00, 0.000E+00, 0.000E+00, 0.000E+00, 1.198E+02, 4.492E+01, 4.029E-02, 0.000E+00, 2.482E+01, 6.979E-03, 8.423E-01
10/10/2019,22:00,9,2.915,3.415,6.505,.991,.008, 9.951E+02, 1.267E+02, 1.893E-05, 3.469E-16, 0.000E+00, 0.000E+00, 0.000E+00, 0.000E+00,-1.520E+01,-6.264E+00, 2.755E+00, 3.577E-01, 1.511E-01,-9.990E+02, 1.000E+00,-9.990E+02, 0.000E+00, 0.000E+00, 0.000E+00, 1.000E+00, 0.000E+00, 0.000E+00, 0.000E+00, 0.000E+00, 1.206E+02, 4.522E+01, 4.317E-02, 0.000E+00, 2.317E+01, 7.021E-03, 6.205E-01
10/10/2019,23:00,9,2.915,3.415,6.454,.994,.006, 9.952E+02, 1.270E+02, 1.893E-05, 3.469E-16, 0.000E+00, 0.000E+00, 0.000E+00, 0.000E+00,-1.520E+01,-6.264E+00, 2.738E+00, 3.577E-01, 1.502E-01,-9.990E+02, 1.000E+00,-9.990E+02, 0.000E+00, 0.000E+00, 0.000E+00, 1.000E+00, 0.000E+00, 0.000E+00, 0.000E+00, 0.000E+00, 1.214E+02, 4.551E+01, 4.329E-02, 0.000E+00, 2.310E+01, 6.987E-03, 4.303E-01
11/10/2019,00:00,9,2.904,3.404,6.403,.996,.004, 9.952E+02, 1.249E+02, 1.976E-02, 3.469E-16, 0.000E+00, 0.000E+00, 0.000E+00, 0.000E+00, 3.365E-01,-2.791E+00, 2.722E+00, 3.748E-01, 1.619E-01,-9.990E+02, 1.000E+00,-9.990E+02, 0.000E+00, 0.000E+00, 0.000E+00, 1.000E+00, 0.000E+00, 0.000E+00, 0.000E+00, 0.000E+00, 1.038E+02, 4.223E+01, 4.341E-02, 0.000E+00, 2.304E+01, 7.486E-03, 2.951E-01
11/10/2019,01:00,9,2.904,3.404,6.563,.996,.004, 9.949E+02, 1.207E+02, 1.976E-02, 3.469E-16, 0.000E+00, 0.000E+00, 0.000E+00, 0.000E+00, 3.365E-01,-2.791E+00, 2.693E+00, 3.750E-01, 1.601E-01,-9.990E+02, 1.000E+00,-9.990E+02, 0.000E+00, 0.000E+00, 0.000E+00, 1.000E+00, 0.000E+00, 0.000E+00, 0.000E+00, 0.000E+00, 1.049E+02, 4.269E+01, 5.016E-02, 0.000E+00, 1.994E+01, 7.595E-03, 1.866E-01
11/10/2019,02:00,9,2.904,3.404,6.723,.995,.005, 9.946E+02, 1.149E+02, 1.976E-02, 3.469E-16, 0.000E+00, 0.000E+00, 0.000E+00, 0.000E+00, 3.365E-01,-2.791E+00, 2.688E+00, 3.752E-01, 1.598E-01,-9.990E+02, 1.000E+00,-9.990E+02, 0.000E+00, 0.000E+00, 0.000E+00, 1.000E+00, 0.000E+00, 0.000E+00, 0.000E+00, 0.000E+00, 1.051E+02, 4.277E+01, 4.973E-02, 0.000E+00, 2.011E+01, 7.572E-03, 1.448E-01
11/10/2019,03:00,9,2.904,3.404,6.883,.995,.005, 9.943E+02, 1.082E+02, 1.720E-01, 3.469E-16, 0.000E+00, 0.000E+00, 0.000E+00, 0.000E+00,-1.535E+01, 7.412E+00, 2.707E+00, 3.930E-01, 1.512E-01,-9.990E+02, 1.000E+00,-9.990E+02, 0.000E+00, 0.000E+00, 0.000E+00, 1.000E+00, 0.000E+00, 0.000E+00, 0.000E+00, 0.000E+00, 1.183E+02, 4.520E+01, 4.568E-02, 0.000E+00, 2.189E+01, 7.098E-03, 2.297E-01
11/10/2019,04:00,9,2.904,3.404,7.021,.992,.008, 9.940E+02, 1.008E+02, 1.720E-01, 3.469E-16, 0.000E+00, 0.000E+00, 0.000E+00, 0.000E+00,-1.535E+01, 7.412E+00, 3.015E+00, 3.932E-01, 1.685E-01,-9.990E+02, 1.000E+00,-9.990E+02, 0.000E+00, 0.000E+00, 0.000E+00, 1.000E+00, 0.000E+00, 0.000E+00, 0.000E+00, 0.000E+00, 1.062E+02, 4.057E+01, 4.536E-02, 0.000E+00, 2.205E+01, 7.760E-03, 3.007E-01
11/10/2019,05:00,9,2.904,3.404,7.159,.990,.010, 9.936E+02, 9.338E+01, 1.720E-01, 3.469E-16, 0.000E+00, 0.000E+00, 0.000E+00, 0.000E+00,-1.535E+01, 7.412E+00, 3.325E+00, 3.934E-01, 1.858E-01,-9.990E+02, 1.000E+00,-9.990E+02, 0.000E+00, 0.000E+00, 0.000E+00, 1.000E+00, 0.000E+00, 0.000E+00, 0.000E+00, 0.000E+00, 9.631E+01, 3.679E+01, 3.617E-02, 0.000E+00, 2.765E+01, 8.033E-03, 4.095E-01
11/10/2019,06:00,9,2.904,3.404,7.298,.987,.013, 9.933E+02, 8.619E+01, 7.802E-02, 3.469E-16, 2.437E+00, 1.484E+01, 2.362E+01, 5.298E+00,-1.221E+01, 5.492E+01, 3.637E+00, 5.667E-01, 2.125E-01, 4.581E-02, 1.000E+00, 2.153E-01, 6.214E-01, 1.000E-02, 1.000E+00, 1.000E+00, 2.153E-03, 1.356E-05, 3.912E-05, 0.000E+00, 8.058E+01, 3.217E+01, 3.593E-02, 5.398E-05, 2.779E+01, 8.916E-03, 5.098E-01
11/10/2019,07:00,9,2.904,3.404,7.885,.966,.036, 9.933E+02, 7.963E+01, 7.802E-02, 3.469E-16, 3.681E+01, 3.768E+01, 1.171E+02, 1.487E+01,-1.221E+01, 5.492E+01, 4.102E+00, 5.673E-01, 2.396E-01, 1.239E-01, 1.000E+00, 5.238E-01, 9.919E-01, 1.000E-02, 1.000E+00, 1.000E+00, 5.238E-03, 3.304E-05, 6.258E-05, 0.000E+00, 7.144E+01, 2.853E+01, 2.837E-02, 1.316E-04, 3.509E+01, 9.100E-03, 5.298E-01
11/10/2019,08:00,9,2.904,3.404,8.473,.946,.060, 9.934E+02, 7.412E+01, 7.802E-02, 3.469E-16, 7.901E+01, 5.268E+01, 1.661E+02, 2.176E+01,-1.221E+01, 5.492E+01, 4.666E+00, 5.679E-01, 2.726E-01, 1.876E-01, 1.000E+00, 6.678E-01, 9.989E-01, 1.000E-02, 1.000E+00, 1.000E+00, 6.678E-03, 4.222E-05, 6.315E-05, 0.000E+00, 6.280E+01, 2.508E+01, 2.079E-02, 1.681E-04, 4.770E+01, 8.814E-03, 4.850E-01
11/10/2019,09:00,9,2.904,3.404,9.060,.925,.087, 9.935E+02, 7.005E+01, 3.240E-02, 3.469E-16, 1.117E+02, 6.082E+01, 1.894E+02, 2.569E+01, 8.433E+00, 1.015E+02, 5.298E+00, 6.741E-01, 3.163E-01, 2.316E-01, 1.000E+00, 7.328E-01, 9.996E-01, 1.000E-02, 1.000E+00, 1.000E+00, 7.328E-03, 4.642E-05, 6.333E-05, 0.000E+00, 5.267E+01, 2.161E+01, 1.527E-02, 1.849E-04, 6.470E+01, 8.250E-03, 5.878E-01
11/10/2019,10:00,9,2.904,3.404,9.633,.856,.173, 9.933E+02, 6.780E+01, 3.240E-02, 3.469E-16, 1.303E+02, 6.455E+01, 2.000E+02, 2.755E+01, 8.433E+00, 1.015E+02, 5.078E+00, 6.748E-01, 3.032E-01, 2.547E-01, 1.000E+00, 7.599E-01, 9.997E-01, 1.000E-02, 1.000E+00, 1.000E+00, 7.599E-03, 4.824E-05, 6.346E-05, 0.000E+00, 5.496E+01, 2.255E+01, 5.941E-03, 1.921E-04, 1.631E+02, 4.504E-03, 6.892E-01
11/10/2019,11:00,9,2.904,3.404,10.206,.786,.267, 9.931E+02, 6.759E+01, 3.240E-02, 3.469E-16, 1.320E+02, 6.485E+01, 2.009E+02, 2.770E+01, 8.433E+00, 1.015E+02, 4.858E+00, 6.756E-01, 2.900E-01, 2.567E-01, 1.000E+00, 7.621E-01, 9.997E-01, 1.000E-02, 1.000E+00, 1.000E+00, 7.621E-03, 4.848E-05, 6.359E-05, 0.000E+00, 5.745E+01, 2.357E+01, 5.000E-03, 1.930E-04, 1.926E+02, 3.934E-03, 6.076E-01
11/10/2019,12:00,9,2.904,3.404,10.778,.717,.367, 9.929E+02, 6.945E+01, 1.402E-03, 3.469E-16, 6.152E+01, 8.350E+01, 1.192E+02, 3.154E+01,-4.979E+00, 4.327E+01, 4.638E+00, 5.446E-01, 2.734E-01, 2.379E-01, 1.000E+00, 7.900E-01, 9.926E-01, 1.000E-02, 1.000E+00, 1.000E+00, 7.900E-03, 5.035E-05, 6.327E-05, 0.000E+00, 6.206E+01, 2.500E+01, 5.000E-03, 2.005E-04, 1.923E+02, 3.879E-03, 6.054E-01
11/10/2019,13:00,9,2.904,3.404,10.681,.730,.348, 9.924E+02, 7.319E+01, 1.402E-03, 3.469E-16, 4.541E+01, 6.882E+01, 1.044E+02, 2.590E+01,-4.979E+00, 4.327E+01, 4.193E+00, 5.447E-01, 2.471E-01, 1.979E-01, 1.000E+00, 7.209E-01, 9.864E-01, 1.000E-02, 1.000E+00, 1.000E+00, 7.209E-03, 4.593E-05, 6.285E-05, 0.000E+00, 6.865E+01, 2.766E+01, 5.000E-03, 1.829E-04, 1.929E+02, 3.768E-03, 6.467E-01
11/10/2019,14:00,9,2.904,3.404,10.584,.743,.329, 9.918E+02, 7.846E+01, 1.402E-03, 3.469E-16, 2.378E+01, 4.616E+01, 7.662E+01, 1.718E+01,-4.979E+00, 4.327E+01, 3.833E+00, 5.448E-01, 2.259E-01, 1.377E-01, 1.000E+00, 5.688E-01, 9.572E-01, 1.000E-02, 1.000E+00, 1.000E+00, 5.688E-03, 3.623E-05, 6.097E-05, 0.000E+00, 7.510E+01, 3.025E+01, 5.000E-03, 1.443E-04, 1.944E+02, 3.654E-03, 9.656E-01
11/10/2019,15:00,9,2.904,3.404,10.487,.756,.310, 9.913E+02, 8.485E+01, 3.780E-02, 3.469E-16, 7.158E+00, 2.127E+01, 4.766E+01, 7.780E+00,-2.673E+01, 4.894E+00, 3.584E+00, 4.175E-01, 1.949E-01, 6.181E-02, 1.000E+00, 3.100E-01, 8.592E-01, 1.000E-02, 1.000E+00, 1.000E+00, 3.100E-03, 1.974E-05, 5.471E-05, 0.000E+00, 9.430E+01, 3.506E+01, 5.000E-03, 7.861E-05, 1.969E+02, 3.455E-03, 8.324E-01
11/10/2019,16:00,9,2.904,3.404,9.761,.823,.215, 9.906E+02, 9.197E+01, 3.780E-02, 3.469E-16, 0.000E+00, 0.000E+00, 0.000E+00, 0.000E+00,-2.673E+01, 4.894E+00, 3.296E+00, 4.171E-01, 1.793E-01,-9.990E+02, 1.000E+00,-9.990E+02, 0.000E+00, 0.000E+00, 0.000E+00, 1.000E+00, 0.000E+00, 0.000E+00, 0.000E+00, 0.000E+00, 1.026E+02, 3.813E+01, 5.000E-03, 0.000E+00, 2.000E+02, 3.326E-03, 7.546E-01
11/10/2019,17:00,9,2.904,3.404,9.036,.890,.127, 9.900E+02, 9.943E+01, 3.780E-02, 3.469E-16, 0.000E+00, 0.000E+00, 0.000E+00, 0.000E+00,-2.673E+01, 4.894E+00, 3.092E+00, 4.167E-01, 1.681E-01,-9.990E+02, 1.000E+00,-9.990E+02, 0.000E+00, 0.000E+00, 0.000E+00, 1.000E+00, 0.000E+00, 0.000E+00, 0.000E+00, 0.000E+00, 1.094E+02, 4.066E+01, 7.995E-03, 0.000E+00, 1.251E+02, 4.303E-03, 7.725E-01
11/10/2019,18:00,9,2.904,3.404,8.311,.957,.047, 9.894E+02, 1.068E+02, 1.166E-01, 3.469E-16, 0.000E+00, 0.000E+00, 0.000E+00, 0.000E+00,-2.862E+01,-2.599E-01, 2.987E+00, 4.357E-01, 1.633E-01,-9.990E+02, 1.000E+00,-9.990E+02, 0.000E+00, 0.000E+00, 0.000E+00, 1.000E+00, 0.000E+00, 0.000E+00, 0.000E+00, 0.000E+00, 1.121E+02, 4.187E+01, 2.237E-02, 0.000E+00, 4.471E+01, 6.445E-03, 7.088E-01
11/10/2019,19:00,9,2.904,3.404,8.442,.963,.041, 9.888E+02, 1.138E+02, 1.166E-01, 3.469E-16, 0.000E+00, 0.000E+00, 0.000E+00, 0.000E+00,-2.862E+01,-2.599E-01, 2.953E+00, 4.359E-01, 1.614E-01,-9.990E+02, 1.000E+00,-9.990E+02, 0.000E+00, 0.000E+00, 0.000E+00, 1.000E+00, 0.000E+00, 0.000E+00, 0.000E+00, 0.000E+00, 1.133E+02, 4.235E+01, 2.566E-02, 0.000E+00, 3.897E+01, 6.636E-03, 7.256E-01
11/10/2019,20:00,9,2.904,3.404,8.574,.969,.034, 9.882E+02, 1.198E+02, 1.166E-01, 3.469E-16, 0.000E+00, 0.000E+00, 0.000E+00, 0.000E+00,-2.862E+01,-2.599E-01, 2.965E+00, 4.361E-01, 1.621E-01,-9.990E+02, 1.000E+00,-9.990E+02, 0.000E+00, 0.000E+00, 0.000E+00, 1.000E+00, 0.000E+00, 0.000E+00, 0.000E+00, 0.000E+00, 1.129E+02, 4.217E+01, 2.552E-02, 0.000E+00, 3.918E+01, 6.648E-03, 6.418E-01
11/10/2019,21:00,9,2.904,3.404,8.706,.976,.027, 9.877E+02, 1.244E+02, 1.270E-01, 3.469E-16, 0.000E+00, 0.000E+00, 0.000E+00, 0.000E+00,-1.628E+01, 4.148E+00, 3.024E+00, 4.139E-01, 1.698E-01,-9.990E+02, 1.000E+00,-9.990E+02, 0.000E+00, 0.000E+00, 0.000E+00, 1.000E+00, 0.000E+00, 0.000E+00, 0.000E+00, 0.000E+00, 1.049E+02, 4.026E+01, 2.929E-02, 0.000E+00, 3.414E+01, 7.139E-03, 6.047E-01
11/10/2019,22:00,9,2.904,3.404,8.756,.978,.025, 9.872E+02, 1.271E+02, 1.270E-01, 3.469E-16, 0.000E+00, 0.000E+00, 0.000E+00, 0.000E+00,-1.628E+01, 4.148E+00, 3.037E+00, 4.140E-01, 1.705E-01,-9.990E+02, 1.000E+00,-9.990E+02, 0.000E+00, 0.000E+00, 0.000E+00, 1.000E+00, 0.000E+00, 0.000E+00, 0.000E+00, 0.000E+00, 1.044E+02, 4.008E+01, 2.923E-02, 0.000E+00, 3.421E+01, 7.159E-03, 5.337E-01
11/10/2019,23:00,9,2.904,3.404,8.807,.980,.023, 9.868E+02, 1.273E+02, 1.270E-01, 3.469E-16, 0.000E+00, 0.000E+00, 0.000E+00, 0.000E+00,-1.628E+01, 4.148E+00, 3.110E+00, 4.141E-01, 1.746E-01,-9.990E+02, 1.000E+00,-9.990E+02, 0.000E+00, 0.000E+00, 0.000E+00, 1.000E+00, 0.000E+00, 0.000E+00, 0.000E+00, 0.000E+00, 1.020E+02, 3.914E+01, 2.917E-02, 0.000E+00, 3.428E+01, 7.285E-03, 4.519E-01
12/10/2019,00:00,9,2.893,3.393,8.857,.981,.021, 9.864E+02, 1.252E+02, 3.904E-02, 3.469E-16, 0.000E+00, 0.000E+00, 0.000E+00, 0.000E+00,-1.844E+01, 1.147E+01, 3.239E+00, 4.614E-01, 1.837E-01,-9.990E+02, 1.000E+00,-9.990E+02, 0.000E+00, 0.000E+00, 0.000E+00, 1.000E+00, 0.000E+00, 0.000E+00, 0.000E+00, 0.000E+00, 9.599E+01, 3.721E+01, 3.359E-02, 0.000E+00, 2.977E+01, 7.837E-03, 3.499E-01
12/10/2019,01:00,9,2.893,3.393,8.675,.975,.028, 9.863E+02, 1.210E+02, 3.904E-02, 3.469E-16, 0.000E+00, 0.000E+00, 0.000E+00, 0.000E+00,-1.844E+01, 1.147E+01, 3.132E+00, 4.613E-01, 1.776E-01,-9.990E+02, 1.000E+00,-9.990E+02, 0.000E+00, 0.000E+00, 0.000E+00, 1.000E+00, 0.000E+00, 0.000E+00, 0.000E+00, 0.000E+00, 9.927E+01, 3.848E+01, 3.166E-02, 0.000E+00, 3.158E+01, 7.532E-03, 3.259E-01
12/10/2019,02:00,9,2.893,3.393,8.493,.969,.035, 9.863E+02, 1.152E+02, 3.904E-02, 3.469E-16, 0.000E+00, 0.000E+00, 0.000E+00, 0.000E+00,-1.844E+01, 1.147E+01, 3.186E+00, 4.611E-01, 1.807E-01,-9.990E+02, 1.000E+00,-9.990E+02, 0.000E+00, 0.000E+00, 0.000E+00, 1.000E+00, 0.000E+00, 0.000E+00, 0.000E+00, 0.000E+00, 9.758E+01, 3.783E+01, 2.765E-02, 0.000E+00, 3.617E+01, 7.374E-03, 3.118E-01
12/10/2019,03:00,9,2.893,3.393,8.312,.963,.041, 9.862E+02, 1.085E+02, 7.089E-03, 3.469E-16, 0.000E+00, 0.000E+00, 0.000E+00, 0.000E+00,-2.034E+01, 1.848E+01, 3.394E+00, 4.747E-01, 1.924E-01,-9.990E+02, 1.000E+00,-9.990E+02, 0.000E+00, 0.000E+00, 0.000E+00, 1.000E+00, 0.000E+00, 0.000E+00, 0.000E+00, 0.000E+00, 9.169E+01, 3.553E+01, 2.785E-02, 0.000E+00, 3.590E+01, 7.734E-03, 2.072E-01
12/10/2019,04:00,9,2.893,3.393,8.209,.943,.062, 9.866E+02, 1.011E+02, 7.089E-03, 3.469E-16, 0.000E+00, 0.000E+00, 0.000E+00, 0.000E+00,-2.034E+01, 1.848E+01, 3.204E+00, 4.745E-01, 1.816E-01,-9.990E+02, 1.000E+00,-9.990E+02, 0.000E+00, 0.000E+00, 0.000E+00, 1.000E+00, 0.000E+00, 0.000E+00, 0.000E+00, 0.000E+00, 9.715E+01, 3.764E+01, 2.102E-02, 0.000E+00, 4.757E+01, 6.824E-03, 2.566E-01
12/10/2019,05:00,9,2.893,3.393,8.106,.924,.083, 9.870E+02, 9.368E+01, 7.089E-03, 3.469E-16, 0.000E+00, 0.000E+00, 0.000E+00, 0.000E+00,-2.034E+01, 1.848E+01, 3.013E+00, 4.743E-01, 1.708E-01,-9.990E+02, 1.000E+00,-9.990E+02, 0.000E+00, 0.000E+00, 0.000E+00, 1.000E+00, 0.000E+00, 0.000E+00, 0.000E+00, 0.000E+00, 1.033E+02, 4.002E+01, 1.587E-02, 0.000E+00, 6.302E+01, 5.943E-03, 3.000E-01
12/10/2019,06:00,9,2.893,3.393,8.002,.904,.103, 9.874E+02, 8.649E+01, 7.727E-02, 3.469E-16, 1.287E+00, 1.257E+01, 1.496E+01, 4.460E+00, 3.084E+00, 3.364E+01, 2.822E+00, 4.156E-01, 1.690E-01, 4.234E-02, 1.000E+00, 1.800E-01, 4.596E-01, 1.000E-02, 1.000E+00, 1.000E+00, 1.800E-03, 1.136E-05, 2.901E-05, 0.000E+00, 9.805E+01, 4.045E+01, 1.198E-02, 4.506E-05, 8.318E+01, 5.293E-03, 3.652E-01
12/10/2019,07:00,9,2.893,3.393,8.576,.873,.142, 9.880E+02, 7.995E+01, 7.727E-02, 3.469E-16, 2.478E+01, 3.918E+01, 8.585E+01, 1.487E+01, 3.084E+00, 3.364E+01, 3.165E+00, 4.159E-01, 1.895E-01, 1.207E-01, 1.000E+00, 5.194E-01, 9.707E-01, 1.000E-02, 1.000E+00, 1.000E+00, 5.194E-03, 3.285E-05, 6.139E-05, 0.000E+00, 8.745E+01, 3.607E+01, 7.618E-03, 1.303E-04, 1.291E+02, 4.477E-03, 4.523E-01
12/10/2019,08:00,9,2.893,3.393,9.149,.841,.185, 9.886E+02, 7.445E+01, 7.727E-02, 3.469E-16, 5.456E+01, 6.038E+01, 1.252E+02, 2.346E+01, 3.084E+00, 3.364E+01, 3.508E+00, 4.163E-01, 2.100E-01, 1.845E-01, 1.000E+00, 6.883E-01, 9.942E-01, 1.000E-02, 1.000E+00, 1.000E+00, 6.883E-03, 4.362E-05, 6.301E-05, 0.000E+00, 7.890E+01, 3.254E+01, 5.000E-03, 1.730E-04, 1.933E+02, 3.592E-03, 5.168E-01
12/10/2019,09:00,9,2.893,3.393,9.722,.809,.231, 9.891E+02, 7.040E+01, 1.096E-01, 3.469E-16, 1.096E+02, 6.044E+01, 1.890E+02, 2.557E+01, 2.417E+01, 7.947E+01, 3.852E+00, 5.648E-01, 2.340E-01, 2.288E-01, 1.000E+00, 7.304E-01, 9.996E-01, 1.000E-02, 1.000E+00, 1.000E+00, 7.304E-03, 4.638E-05, 6.347E-05, 0.000E+00, 6.887E+01, 2.921E+01, 5.000E-03, 1.840E-04, 1.929E+02, 3.717E-03, 5.485E-01
12/10/2019,10:00,9,2.893,3.393,10.230,.787,.267, 9.894E+02, 6.817E+01, 1.096E-01, 3.469E-16, 1.282E+02, 6.427E+01, 1.998E+02, 2.747E+01, 2.417E+01, 7.947E+01, 3.800E+00, 5.652E-01, 2.308E-01, 2.519E-01, 1.000E+00, 7.582E-01, 9.997E-01, 1.000E-02, 1.000E+00, 1.000E+00, 7.582E-03, 4.823E-05, 6.360E-05, 0.000E+00, 6.982E+01, 2.961E+01, 5.000E-03, 1.913E-04, 1.926E+02, 3.706E-03, 6.039E-01
12/10/2019,11:00,9,2.893,3.393,10.737,.765,.305, 9.898E+02, 6.797E+01, 1.096E-01, 3.469E-16, 1.298E+02, 6.458E+01, 2.006E+02, 2.762E+01, 2.417E+01, 7.947E+01, 3.768E+00, 5.656E-01, 2.288E-01, 2.538E-01, 1.000E+00, 7.604E-01, 9.997E-01, 1.000E-02, 1.000E+00, 1.000E+00, 7.604E-03, 4.846E-05, 6.371E-05, 0.000E+00, 7.043E+01, 2.987E+01, 5.000E-03, 1.922E-04, 1.926E+02, 3.698E-03, 6.372E-01
12/10/2019,12:00,9,2.893,3.393,11.245,.742,.345, 9.901E+02, 6.983E+01, 6.789E-02, 3.469E-16, 1.209E+02, 6.503E+01, 2.029E+02, 2.758E+01, 7.697E-01, 3.860E+01, 3.756E+00, 4.504E-01, 2.234E-01, 2.348E-01, 1.000E+00, 7.538E-01, 9.998E-01, 1.000E-02, 1.000E+00, 1.000E+00, 7.538E-03, 4.813E-05, 6.383E-05, 0.000E+00, 7.511E+01, 3.059E+01, 5.000E-03, 1.909E-04, 1.926E+02, 3.667E-03, 6.138E-01
12/10/2019,13:00,9,2.893,3.393,10.863,.784,.281, 9.904E+02, 7.357E+01, 6.789E-02, 3.469E-16, 8.844E+01, 5.704E+01, 1.800E+02, 2.371E+01, 7.697E-01, 3.860E+01, 3.388E+00, 4.500E-01, 2.016E-01, 1.944E-01, 1.000E+00, 6.961E-01, 9.994E-01, 1.000E-02, 1.000E+00, 1.000E+00, 6.961E-03, 4.438E-05, 6.372E-05, 0.000E+00, 8.325E+01, 3.391E+01, 5.000E-03, 1.761E-04, 1.932E+02, 3.547E-03, 5.860E-01
12/10/2019,14:00,9,2.893,3.393,10.481,.826,.221, 9.908E+02, 7.883E+01, 6.789E-02, 3.469E-16, 4.514E+01, 4.243E+01, 1.334E+02, 1.693E+01, 7.697E-01, 3.860E+01, 3.097E+00, 4.497E-01, 1.843E-01, 1.339E-01, 1.000E+00, 5.678E-01, 9.959E-01, 1.000E-02, 1.000E+00, 1.000E+00, 5.678E-03, 3.616E-05, 6.341E-05, 0.000E+00, 9.107E+01, 3.709E+01, 5.000E-03, 1.434E-04, 1.944E+02, 3.430E-03, 5.930E-01
12/10/2019,15:00,9,2.893,3.393,10.099,.869,.163, 9.911E+02, 8.521E+01, 2.299E-01, 3.469E-16, 5.713E+00, 1.980E+01, 4.144E+01, 7.214E+00,-3.992E+01, 6.998E+00, 2.906E+00, 3.696E-01, 1.441E-01, 5.771E-02, 1.000E+00, 2.891E-01, 8.181E-01, 1.000E-02, 1.000E+00, 1.000E+00, 2.891E-03, 1.839E-05, 5.202E-05, 0.000E+00, 1.400E+02, 4.744E+01, 6.247E-03, 7.293E-05, 1.582E+02, 3.514E-03, 5.720E-01
12/10/2019,16:00,9,2.893,3.393,9.533,.898,.122, 9.912E+02, 9.233E+01, 2.299E-01, 3.469E-16, 0.000E+00, 0.000E+00, 0.000E+00, 0.000E+00,-3.992E+01, 6.998E+00, 3.164E+00, 3.692E-01, 1.568E-01,-9.990E+02, 1.000E+00,-9.990E+02, 0.000E+00, 0.000E+00, 0.000E+00, 1.000E+00, 0.000E+00, 0.000E+00, 0.000E+00, 0.000E+00, 1.286E+02, 4.358E+01, 1.056E-02, 0.000E+00, 9.472E+01, 4.744E-03, 5.557E-01
12/10/2019,17:00,9,2.893,3.393,8.966,.928,.083, 9.914E+02, 9.978E+01, 2.299E-01, 3.469E-16, 0.000E+00, 0.000E+00, 0.000E+00, 0.000E+00,-3.992E+01, 6.998E+00, 3.426E+00, 3.688E-01, 1.697E-01,-9.990E+02, 1.000E+00,-9.990E+02, 0.000E+00, 0.000E+00, 0.000E+00, 1.000E+00, 0.000E+00, 0.000E+00, 0.000E+00, 0.000E+00, 1.189E+02, 4.027E+01, 1.655E-02, 0.000E+00, 6.043E+01, 5.963E-03, 4.993E-01
12/10/2019,18:00,9,2.893,3.393,8.399,.957,.047, 9.915E+02, 1.072E+02, 2.693E-01, 3.469E-16, 0.000E+00, 0.000E+00, 0.000E+00, 0.000E+00,-4.657E+01, 9.801E+00, 3.690E+00, 4.548E-01, 1.950E-01,-9.990E+02, 1.000E+00,-9.990E+02, 0.000E+00, 0.000E+00, 0.000E+00, 1.000E+00, 0.000E+00, 0.000E+00, 0.000E+00, 0.000E+00, 9.701E+01, 3.505E+01, 2.598E-02, 0.000E+00, 3.850E+01, 7.619E-03, 5.546E-01
12/10/2019,19:00,9,2.893,3.393,8.133,.967,.036, 9.917E+02, 1.142E+02, 2.693E-01, 3.469E-16, 0.000E+00, 0.000E+00, 0.000E+00, 0.000E+00,-4.657E+01, 9.801E+00, 3.610E+00, 4.545E-01, 1.908E-01,-9.990E+02, 1.000E+00,-9.990E+02, 0.000E+00, 0.000E+00, 0.000E+00, 1.000E+00, 0.000E+00, 0.000E+00, 0.000E+00, 0.000E+00, 9.920E+01, 3.583E+01, 2.806E-02, 0.000E+00, 3.563E+01, 7.665E-03, 5.454E-01
12/10/2019,20:00,9,2.893,3.393,7.867,.977,.024, 9.919E+02, 1.202E+02, 2.693E-01, 3.469E-16, 0.000E+00, 0.000E+00, 0.000E+00, 0.000E+00,-4.657E+01, 9.801E+00, 3.569E+00, 4.542E-01, 1.886E-01,-9.990E+02, 1.000E+00,-9.990E+02, 0.000E+00, 0.000E+00, 0.000E+00, 1.000E+00, 0.000E+00, 0.000E+00, 0.000E+00, 0.000E+00, 1.004E+02, 3.625E+01, 3.536E-02, 0.000E+00, 2.828E+01, 8.050E-03, 4.278E-01
12/10/2019,21:00,9,2.893,3.393,7.601,.987,.013, 9.922E+02, 1.248E+02, 1.957E-01, 3.469E-16, 0.000E+00, 0.000E+00, 0.000E+00, 0.000E+00,-2.922E+01, 1.081E+01, 3.568E+00, 4.450E-01, 1.957E-01,-9.990E+02, 1.000E+00,-9.990E+02, 0.000E+00, 0.000E+00, 0.000E+00, 1.000E+00, 0.000E+00, 0.000E+00, 0.000E+00, 0.000E+00, 9.314E+01, 3.492E+01, 4.128E-02, 0.000E+00, 2.422E+01, 8.597E-03, 3.667E-01
12/10/2019,22:00,9,2.893,3.393,7.761,.988,.013, 9.927E+02, 1.274E+02, 1.957E-01, 3.469E-16, 0.000E+00, 0.000E+00, 0.000E+00, 0.000E+00,-2.922E+01, 1.081E+01, 3.506E+00, 4.450E-01, 1.923E-01,-9.990E+02, 1.000E+00,-9.990E+02, 0.000E+00, 0.000E+00, 0.000E+00, 1.000E+00, 0.000E+00, 0.000E+00, 0.000E+00, 0.000E+00, 9.480E+01, 3.555E+01, 4.098E-02, 0.000E+00, 2.440E+01, 8.464E-03, 2.698E-01
12/10/2019,23:00,9,2.893,3.393,7.921,.989,.012, 9.932E+02, 1.277E+02, 1.957E-01, 3.469E-16, 0.000E+00, 0.000E+00, 0.000E+00, 0.000E+00,-2.922E+01, 1.081E+01, 3.495E+00, 4.450E-01, 1.917E-01,-9.990E+02, 1.000E+00,-9.990E+02, 0.000E+00, 0.000E+00, 0.000E+00, 1.000E+00, 0.000E+00, 0.000E+00, 0.000E+00, 0.000E+00, 9.508E+01, 3.565E+01, 4.069E-02, 0.000E+00, 2.457E+01, 8.432E-03, 2.472E-01
13/10/2019,00:00,9,2.882,3.382,8.081,.989,.012, 9.938E+02, 1.256E+02, 4.751E-03, 3.469E-16, 0.000E+00, 0.000E+00, 0.000E+00, 0.000E+00,-2.739E+01, 1.230E+01, 3.537E+00, 4.544E-01, 1.958E-01,-9.990E+02, 1.000E+00,-9.990E+02, 0.000E+00, 0.000E+00, 0.000E+00, 1.000E+00, 0.000E+00, 0.000E+00, 0.000E+00, 0.000E+00, 9.224E+01, 3.491E+01, 3.743E-02, 0.000E+00, 2.672E+01, 8.425E-03, 2.215E-01
13/10/2019,01:00,9,2.882,3.382,7.884,.985,.016, 9.947E+02, 1.213E+02, 4.751E-03, 3.469E-16, 0.000E+00, 0.000E+00, 0.000E+00, 0.000E+00,-2.739E+01, 1.230E+01, 3.442E+00, 4.541E-01, 1.906E-01,-9.990E+02, 1.000E+00,-9.990E+02, 0.000E+00, 0.000E+00, 0.000E+00, 1.000E+00, 0.000E+00, 0.000E+00, 0.000E+00, 0.000E+00, 9.479E+01, 3.587E+01, 3.775E-02, 0.000E+00, 2.649E+01, 8.264E-03, 2.006E-01
13/10/2019,02:00,9,2.882,3.382,7.686,.981,.020, 9.957E+02, 1.156E+02, 4.751E-03, 3.469E-16, 0.000E+00, 0.000E+00, 0.000E+00, 0.000E+00,-2.739E+01, 1.230E+01, 3.379E+00, 4.537E-01, 1.871E-01,-9.990E+02, 1.000E+00,-9.990E+02, 0.000E+00, 0.000E+00, 0.000E+00, 1.000E+00, 0.000E+00, 0.000E+00, 0.000E+00, 0.000E+00, 9.658E+01, 3.654E+01, 3.809E-02, 0.000E+00, 2.626E+01, 8.160E-03, 2.227E-01
13/10/2019,03:00,9,2.882,3.382,7.489,.977,.024, 9.966E+02, 1.088E+02, 0.000E+00, 3.469E-16, 0.000E+00, 0.000E+00, 0.000E+00, 0.000E+00,-3.654E+01,-8.995E+00, 3.349E+00, 3.914E-01, 1.727E-01,-9.990E+02, 1.000E+00,-9.990E+02, 0.000E+00, 0.000E+00, 0.000E+00, 1.000E+00, 0.000E+00, 0.000E+00, 0.000E+00, 0.000E+00, 1.122E+02, 3.957E+01, 3.332E-02, 0.000E+00, 3.001E+01, 7.408E-03, 2.494E-01
13/10/2019,04:00,9,2.882,3.382,6.788,.978,.022, 9.976E+02, 1.014E+02, 0.000E+00, 3.469E-16, 0.000E+00, 0.000E+00, 0.000E+00, 0.000E+00,-3.654E+01,-8.995E+00, 3.266E+00, 3.907E-01, 1.684E-01,-9.990E+02, 1.000E+00,-9.990E+02, 0.000E+00, 0.000E+00, 0.000E+00, 1.000E+00, 0.000E+00, 0.000E+00, 0.000E+00, 0.000E+00, 1.152E+02, 4.060E+01, 3.450E-02, 0.000E+00, 2.899E+01, 7.315E-03, 2.376E-01
13/10/2019,05:00,9,2.882,3.382,6.087,.979,.019, 9.985E+02, 9.397E+01, 0.000E+00, 3.469E-16, 0.000E+00, 0.000E+00, 0.000E+00, 0.000E+00,-3.654E+01,-8.995E+00, 3.198E+00, 3.900E-01, 1.648E-01,-9.990E+02, 1.000E+00,-9.990E+02, 0.000E+00, 0.000E+00, 0.000E+00, 1.000E+00, 0.000E+00, 0.000E+00, 0.000E+00, 0.000E+00, 1.178E+02, 4.149E+01, 3.587E-02, 0.000E+00, 2.788E+01, 7.249E-03, 2.732E-01
13/10/2019,06:00,9,2.882,3.382,5.386,.981,.017, 9.995E+02, 8.679E+01, 0.000E+00, 3.469E-16, 1.170E+00, 1.217E+01, 1.478E+01, 4.327E+00, 6.432E+00, 5.941E+01, 3.146E+00, 4.867E-01, 1.888E-01, 3.886E-02, 1.000E+00, 1.744E-01, 4.554E-01, 1.000E-02, 1.000E+00, 1.000E+00, 1.744E-03, 1.090E-05, 2.848E-05, 0.000E+00, 8.741E+01, 3.621E+01, 4.325E-02, 4.309E-05, 2.310E+01, 8.495E-03, 3.596E-01
13/10/2019,07:00,9,2.882,3.382,6.273,.936,.061, 1.000E+03, 8.026E+01, 0.000E+00, 3.469E-16, 3.128E+01, 3.473E+01, 1.061E+02, 1.367E+01, 6.432E+00, 5.941E+01, 2.950E+00, 4.873E-01, 1.770E-01, 1.174E-01, 1.000E+00, 4.954E-01, 9.873E-01, 1.000E-02, 1.000E+00, 1.000E+00, 4.954E-03, 3.108E-05, 6.193E-05, 0.000E+00, 9.323E+01, 3.861E+01, 2.004E-02, 1.228E-04, 4.960E+01, 6.644E-03, 4.051E-01
13/10/2019,08:00,9,2.882,3.382,7.160,.892,.110, 1.001E+03, 7.478E+01, 0.000E+00, 3.469E-16, 7.122E+01, 4.970E+01, 1.562E+02, 2.053E+01, 6.432E+00, 5.941E+01, 2.763E+00, 4.878E-01, 1.658E-01, 1.814E-01, 1.000E+00, 6.478E-01, 9.984E-01, 1.000E-02, 1.000E+00, 1.000E+00, 6.478E-03, 4.076E-05, 6.282E-05, 0.000E+00, 9.956E+01, 4.123E+01, 1.080E-02, 1.611E-04, 9.127E+01, 5.024E-03, 5.015E-01
13/10/2019,09:00,9,2.882,3.382,8.047,.847,.165, 1.002E+03, 7.076E+01, 2.218E-04, 3.469E-16, 3.189E+01, 7.790E+01, 7.697E+01, 2.859E+01, 6.716E+01, 7.962E+01, 2.586E+00, 5.076E-01, 1.636E-01, 2.259E-01, 1.000E+00, 7.517E-01, 9.578E-01, 1.000E-02, 1.000E+00, 1.000E+00, 7.517E-03, 4.745E-05, 6.046E-05, 0.000E+00, 9.133E+01, 4.178E+01, 5.073E-03, 1.875E-04, 1.901E+02, 3.359E-03, 5.852E-01
13/10/2019,10:00,9,2.882,3.382,8.998,.768,.267, 1.003E+03, 6.853E+01, 2.218E-04, 3.469E-16, 3.740E+01, 8.711E+01, 8.309E+01, 3.199E+01, 6.716E+01, 7.962E+01, 2.914E+00, 5.083E-01, 1.843E-01, 2.490E-01, 1.000E+00, 7.904E-01, 9.672E-01, 1.000E-02, 1.000E+00, 1.000E+00, 7.904E-03, 5.006E-05, 6.126E-05, 0.000E+00, 8.111E+01, 3.709E+01, 5.000E-03, 1.978E-04, 1.924E+02, 3.473E-03, 6.258E-01
13/10/2019,11:00,9,2.882,3.382,9.949,.688,.383, 1.004E+03, 6.835E+01, 2.218E-04, 3.469E-16, 3.785E+01, 8.786E+01, 8.356E+01, 3.227E+01, 6.716E+01, 7.962E+01, 3.245E+00, 5.090E-01, 2.052E-01, 2.509E-01, 1.000E+00, 7.932E-01, 9.678E-01, 1.000E-02, 1.000E+00, 1.000E+00, 7.932E-03, 5.041E-05, 6.151E-05, 0.000E+00, 7.287E+01, 3.331E+01, 5.000E-03, 1.992E-04, 1.923E+02, 3.595E-03, 6.696E-01
13/10/2019,12:00,9,2.882,3.382,10.900,.608,.512, 1.004E+03, 7.021E+01, 0.000E+00, 3.469E-16, 1.182E+02, 6.525E+01, 2.021E+02, 2.765E+01, 1.068E+01, 4.912E+01, 3.579E+00, 3.964E-01, 2.185E-01, 2.316E-01, 1.000E+00, 7.535E-01, 9.998E-01, 1.000E-02, 1.000E+00, 1.000E+00, 7.535E-03, 4.805E-05, 6.375E-05, 0.000E+00, 7.309E+01, 3.129E+01, 5.000E-03, 1.899E-04, 1.927E+02, 3.648E-03, 7.015E-01
13/10/2019,13:00,9,2.882,3.382,10.431,.652,.441, 1.005E+03, 7.394E+01, 0.000E+00, 3.469E-16, 8.551E+01, 5.693E+01, 1.782E+02, 2.363E+01, 1.068E+01, 4.912E+01, 2.715E+00, 3.960E-01, 1.657E-01, 1.910E-01, 1.000E+00, 6.938E-01, 9.993E-01, 1.000E-02, 1.000E+00, 1.000E+00, 6.938E-03, 4.417E-05, 6.362E-05, 0.000E+00, 9.634E+01, 4.125E+01, 5.000E-03, 1.745E-04, 1.933E+02, 3.326E-03, 6.786E-01
13/10/2019,14:00,9,2.882,3.382,9.961,.696,.373, 1.005E+03, 7.919E+01, 0.000E+00, 3.469E-16, 4.227E+01, 4.184E+01, 1.294E+02, 1.665E+01, 1.068E+01, 4.912E+01, 2.009E+00, 3.956E-01, 1.226E-01, 1.301E-01, 1.000E+00, 5.607E-01, 9.951E-01, 1.000E-02, 1.000E+00, 1.000E+00, 5.607E-03, 3.564E-05, 6.324E-05, 0.000E+00, 1.302E+02, 5.573E+01, 5.000E-03, 1.408E-04, 1.945E+02, 2.945E-03, 6.498E-01
13/10/2019,15:00,9,2.882,3.382,9.492,.740,.309, 1.006E+03, 8.557E+01, 0.000E+00, 3.469E-16, 4.050E+00, 1.734E+01, 3.251E+01, 6.289E+00,-1.854E+01, 1.431E+00, 1.676E+00, 1.575E-01, 1.000E-01, 5.360E-02, 1.000E+00, 2.552E-01, 7.374E-01, 1.000E-02, 1.000E+00, 1.000E+00, 2.552E-03, 1.619E-05, 4.679E-05, 0.000E+00, 3.654E+02, 6.835E+01, 5.000E-03, 6.400E-05, 1.975E+02, 2.533E-03, 5.856E-01
13/10/2019,16:00,9,2.882,3.382,8.610,.770,.257, 1.006E+03, 9.268E+01, 0.000E+00, 3.469E-16, 0.000E+00, 0.000E+00, 0.000E+00, 0.000E+00,-1.854E+01, 1.431E+00, 1.953E+00, 1.572E-01, 1.000E-01,-9.990E+02, 1.000E+00,-9.990E+02, 0.000E+00, 0.000E+00, 0.000E+00, 1.000E+00, 0.000E+00, 0.000E+00, 0.000E+00, 0.000E+00, 3.663E+02, 6.835E+01, 5.000E-03, 0.000E+00, 2.000E+02, 2.517E-03, 5.958E-01
13/10/2019,17:00,9,2.882,3.382,7.727,.800,.211, 1.006E+03, 1.001E+02, 0.000E+00, 3.469E-16, 0.000E+00, 0.000E+00, 0.000E+00, 0.000E+00,-1.854E+01, 1.431E+00, 2.368E+00, 1.570E-01, 1.000E-01,-9.990E+02, 1.000E+00,-9.990E+02, 0.000E+00, 0.000E+00, 0.000E+00, 1.000E+00, 0.000E+00, 0.000E+00, 0.000E+00, 0.000E+00, 3.673E+02, 6.835E+01, 5.000E-03, 0.000E+00, 2.000E+02, 2.516E-03, 7.055E-01
13/10/2019,18:00,9,2.882,3.382,6.845,.830,.168, 1.006E+03, 1.076E+02, 0.000E+00, 3.469E-16, 0.000E+00, 0.000E+00, 0.000E+00, 0.000E+00,-2.339E+01, 1.472E+00, 2.862E+00, 2.080E-01, 1.036E-01,-9.990E+02, 1.000E+00,-9.990E+02, 0.000E+00, 0.000E+00, 0.000E+00, 1.000E+00, 0.000E+00, 0.000E+00, 0.000E+00, 0.000E+00, 2.666E+02, 6.597E+01, 5.000E-03, 0.000E+00, 2.000E+02, 2.615E-03, 1.067E+00
13/10/2019,19:00,9,2.882,3.382,6.450,.853,.142, 1.006E+03, 1.145E+02, 0.000E+00, 3.469E-16, 0.000E+00, 0.000E+00, 0.000E+00, 0.000E+00,-2.339E+01, 1.472E+00, 2.690E+00, 2.078E-01, 1.000E-01,-9.990E+02, 1.000E+00,-9.990E+02, 0.000E+00, 0.000E+00, 0.000E+00, 1.000E+00, 0.000E+00, 0.000E+00, 0.000E+00, 0.000E+00, 2.764E+02, 6.835E+01, 6.327E-03, 0.000E+00, 1.581E+02, 2.881E-03, 1.457E+00
13/10/2019,20:00,9,2.882,3.382,6.054,.875,.117, 1.006E+03, 1.206E+02, 0.000E+00, 3.469E-16, 0.000E+00, 0.000E+00, 0.000E+00, 0.000E+00,-2.339E+01, 1.472E+00, 2.519E+00, 2.077E-01, 1.000E-01,-9.990E+02, 1.000E+00,-9.990E+02, 0.000E+00, 0.000E+00, 0.000E+00, 1.000E+00, 0.000E+00, 0.000E+00, 0.000E+00, 0.000E+00, 2.767E+02, 6.835E+01, 8.613E-03, 0.000E+00, 1.161E+02, 3.277E-03, 1.635E+00
13/10/2019,21:00,9,2.882,3.382,5.659,.898,.094, 1.006E+03, 1.252E+02, 5.675E-03, 3.469E-16, 0.000E+00, 0.000E+00, 0.000E+00, 0.000E+00,-1.260E+01, 1.652E+00, 2.351E+00, 1.883E-01, 1.000E-01,-9.990E+02, 1.000E+00,-9.990E+02, 0.000E+00, 0.000E+00, 0.000E+00, 1.000E+00, 0.000E+00, 0.000E+00, 0.000E+00, 0.000E+00, 2.466E+02, 6.835E+01, 1.174E-02, 0.000E+00, 8.515E+01, 3.685E-03, 1.660E+00
13/10/2019,22:00,9,2.882,3.382,5.603,.905,.087, 1.005E+03, 1.278E+02, 5.675E-03, 3.469E-16, 0.000E+00, 0.000E+00, 0.000E+00, 0.000E+00,-1.260E+01, 1.652E+00, 2.190E+00, 1.884E-01, 1.000E-01,-9.990E+02, 1.000E+00,-9.990E+02, 0.000E+00, 0.000E+00, 0.000E+00, 1.000E+00, 0.000E+00, 0.000E+00, 0.000E+00, 0.000E+00, 2.466E+02, 6.835E+01, 1.360E-02, 0.000E+00, 7.355E+01, 3.850E-03, 1.689E+00
13/10/2019,23:00,9,2.882,3.382,5.548,.912,.080, 1.004E+03, 1.281E+02, 5.675E-03, 3.469E-16, 0.000E+00, 0.000E+00, 0.000E+00, 0.000E+00,-1.260E+01, 1.652E+00, 2.212E+00, 1.885E-01, 1.000E-01,-9.990E+02, 1.000E+00,-9.990E+02, 0.000E+00, 0.000E+00, 0.000E+00, 1.000E+00, 0.000E+00, 0.000E+00, 0.000E+00, 0.000E+00, 2.466E+02, 6.835E+01, 1.574E-02, 0.000E+00, 6.353E+01, 4.004E-03, 1.677E+00
14/10/2019,00:00,9,2.871,3.371,5.492,.919,.073, 1.003E+03, 1.259E+02, 8.848E-01, 3.469E-16, 0.000E+00, 0.000E+00, 0.000E+00, 0.000E+00,-2.132E+01, 7.614E+00, 2.411E+00, 3.022E-01, 1.203E-01,-9.990E+02, 1.000E+00,-9.990E+02, 0.000E+00, 0.000E+00, 0.000E+00, 1.000E+00, 0.000E+00, 0.000E+00, 0.000E+00, 0.000E+00, 1.667E+02, 5.684E+01, 1.463E-02, 0.000E+00, 6.834E+01, 4.553E-03, 1.516E+00
14/10/2019,01:00,9,2.871,3.371,5.773,.945,.050, 1.002E+03, 1.217E+02, 8.848E-01, 3.469E-16, 0.000E+00, 0.000E+00, 0.000E+00, 0.000E+00,-2.132E+01, 7.614E+00, 2.503E+00, 3.024E-01, 1.249E-01,-9.990E+02, 1.000E+00,-9.990E+02, 0.000E+00, 0.000E+00, 0.000E+00, 1.000E+00, 0.000E+00, 0.000E+00, 0.000E+00, 0.000E+00, 1.606E+02, 5.475E+01, 2.382E-02, 0.000E+00, 4.199E+01, 5.327E-03, 7.872E-01
14/10/2019,02:00,9,2.871,3.371,6.054,.972,.027, 1.001E+03, 1.159E+02, 8.848E-01, 3.469E-16, 0.000E+00, 0.000E+00, 0.000E+00, 0.000E+00,-2.132E+01, 7.614E+00, 2.619E+00, 3.027E-01, 1.307E-01,-9.990E+02, 1.000E+00,-9.990E+02, 0.000E+00, 0.000E+00, 0.000E+00, 1.000E+00, 0.000E+00, 0.000E+00, 0.000E+00, 0.000E+00, 1.533E+02, 5.230E+01, 3.594E-02, 0.000E+00, 2.783E+01, 5.987E-03, 6.945E-01
14/10/2019,03:00,9,2.871,3.371,6.335,.998,.002, 1.001E+03, 1.091E+02, 1.462E+00, 3.469E-16, 0.000E+00, 0.000E+00, 0.000E+00, 0.000E+00,-2.165E+01, 5.892E+00, 2.757E+00, 3.340E-01, 1.432E-01,-9.990E+02, 1.000E+00,-9.990E+02, 0.000E+00, 0.000E+00, 0.000E+00, 1.000E+00, 0.000E+00, 0.000E+00, 0.000E+00, 0.000E+00, 1.345E+02, 4.774E+01, 4.705E-02, 0.000E+00, 2.125E+01, 6.764E-03, 5.696E-01
14/10/2019,04:00,9,2.871,3.371,6.578,.997,.003, 1.000E+03, 1.017E+02, 1.462E+00, 3.469E-16, 0.000E+00, 0.000E+00, 0.000E+00, 0.000E+00,-2.165E+01, 5.892E+00, 2.759E+00, 3.342E-01, 1.433E-01,-9.990E+02, 1.000E+00,-9.990E+02, 0.000E+00, 0.000E+00, 0.000E+00, 1.000E+00, 0.000E+00, 0.000E+00, 0.000E+00, 0.000E+00, 1.344E+02, 4.770E+01, 5.012E-02, 0.000E+00, 1.995E+01, 6.830E-03, 4.020E-01
14/10/2019,05:00,9,2.871,3.371,6.821,.996,.004, 9.995E+02, 9.427E+01, 1.462E+00, 3.469E-16, 0.000E+00, 0.000E+00, 0.000E+00, 0.000E+00,-2.165E+01, 5.892E+00, 2.865E+00, 3.345E-01, 1.488E-01,-9.990E+02, 1.000E+00,-9.990E+02, 0.000E+00, 0.000E+00, 0.000E+00, 1.000E+00, 0.000E+00, 0.000E+00, 0.000E+00, 0.000E+00, 1.293E+02, 4.592E+01, 4.583E-02, 0.000E+00, 2.182E+01, 6.965E-03, 4.381E-01
14/10/2019,06:00,9,2.871,3.371,7.063,.995,.005, 9.990E+02, 8.709E+01, 2.148E+00, 3.469E-16, 5.232E-02, 4.756E+00, 2.189E+00, 1.674E+00,-3.830E+01, 4.895E+01, 3.065E+00, 4.780E-01, 1.675E-01, 3.535E-02, 1.000E+00, 6.722E-02, 8.612E-02, 1.000E-02, 1.000E+00, 1.000E+00, 6.722E-04, 4.228E-06, 5.417E-06, 0.000E+00, 1.093E+02, 4.082E+01, 4.526E-02, 1.665E-05, 2.209E+01, 7.706E-03, 5.108E-01
14/10/2019,07:00,9,2.871,3.371,7.034,.995,.005, 9.995E+02, 8.058E+01, 2.148E+00, 3.469E-16, 2.019E+00, 2.366E+01, 1.458E+01, 8.411E+00,-3.830E+01, 4.895E+01, 3.318E+00, 4.779E-01, 1.813E-01, 1.141E-01, 1.000E+00, 3.105E-01, 4.509E-01, 1.000E-02, 1.000E+00, 1.000E+00, 3.105E-03, 1.953E-05, 2.836E-05, 0.000E+00, 1.010E+02, 3.770E+01, 4.533E-02, 7.688E-05, 2.202E+01, 8.231E-03, 4.931E-01
14/10/2019,08:00,9,2.871,3.371,7.004,.995,.005, 9.999E+02, 7.511E+01, 2.148E+00, 3.469E-16, 4.744E+00, 4.321E+01, 2.462E+01, 1.539E+01,-3.830E+01, 4.895E+01, 3.672E+00, 4.778E-01, 2.006E-01, 1.783E-01, 1.000E+00, 4.989E-01, 6.367E-01, 1.000E-02, 1.000E+00, 1.000E+00, 4.989E-03, 3.137E-05, 4.005E-05, 0.000E+00, 9.123E+01, 3.407E+01, 4.540E-02, 1.235E-04, 2.197E+01, 8.940E-03, 5.495E-01
14/10/2019,09:00,9,2.871,3.371,6.974,.995,.005, 1.000E+03, 7.110E+01, 2.209E-01, 3.469E-16, 1.093E+02, 6.270E+01, 1.953E+02, 2.653E+01,-1.341E+01, 8.517E+01, 4.100E+00, 5.604E-01, 2.390E-01, 2.229E-01, 1.000E+00, 7.389E-01, 9.997E-01, 1.000E-02, 1.000E+00, 1.000E+00, 7.389E-03, 4.647E-05, 6.286E-05, 0.000E+00, 7.178E+01, 2.860E+01, 4.547E-02, 1.829E-04, 2.191E+01, 1.032E-02, 5.843E-01
14/10/2019,10:00,9,2.871,3.371,7.405,.969,.032, 1.002E+03, 6.890E+01, 2.209E-01, 3.469E-16, 1.285E+02, 6.693E+01, 2.071E+02, 2.862E+01,-1.341E+01, 8.517E+01, 3.916E+00, 5.604E-01, 2.283E-01, 2.462E-01, 1.000E+00, 7.676E-01, 9.998E-01, 1.000E-02, 1.000E+00, 1.000E+00, 7.676E-03, 4.835E-05, 6.297E-05, 0.000E+00, 7.515E+01, 2.994E+01, 2.900E-02, 1.903E-04, 3.426E+01, 8.866E-03, 6.129E-01
14/10/2019,11:00,9,2.871,3.371,7.837,.943,.061, 1.003E+03, 6.872E+01, 2.209E-01, 3.469E-16, 1.300E+02, 6.726E+01, 2.079E+02, 2.878E+01,-1.341E+01, 8.517E+01, 3.734E+00, 5.605E-01, 2.177E-01, 2.480E-01, 1.000E+00, 7.697E-01, 9.998E-01, 1.000E-02, 1.000E+00, 1.000E+00, 7.697E-03, 4.855E-05, 6.307E-05, 0.000E+00, 7.880E+01, 3.140E+01, 2.136E-02, 1.911E-04, 4.639E+01, 7.767E-03, 6.130E-01
14/10/2019,12:00,9,2.871,3.371,8.268,.917,.091, 1.004E+03, 7.059E+01, 2.910E-02, 3.469E-16, 1.139E+02, 6.394E+01, 1.984E+02, 2.711E+01,-1.152E+01, 5.063E+01, 3.555E+00, 5.015E-01, 2.065E-01, 2.285E-01, 1.000E+00, 7.470E-01, 9.997E-01, 1.000E-02, 1.000E+00, 1.000E+00, 7.470E-03, 4.719E-05, 6.316E-05, 0.000E+00, 8.339E+01, 3.311E+01, 1.366E-02, 1.858E-04, 7.222E+01, 6.286E-03, 5.918E-01
14/10/2019,13:00,9,2.871,3.371,7.898,.926,.079, 1.006E+03, 7.431E+01, 2.910E-02, 3.469E-16, 8.156E+01, 5.552E+01, 1.738E+02, 2.305E+01,-1.152E+01, 5.063E+01, 3.193E+00, 5.007E-01, 1.855E-01, 1.875E-01, 1.000E+00, 6.850E-01, 9.992E-01, 1.000E-02, 1.000E+00, 1.000E+00, 6.850E-03, 4.321E-05, 6.304E-05, 0.000E+00, 9.284E+01, 3.686E+01, 1.601E-02, 1.701E-04, 6.180E+01, 6.310E-03, 6.013E-01
14/10/2019,14:00,9,2.871,3.371,7.528,.935,.068, 1.007E+03, 7.955E+01, 2.910E-02, 3.469E-16, 3.910E+01, 4.030E+01, 1.238E+02, 1.601E+01,-1.152E+01, 5.063E+01, 2.886E+00, 5.000E-01, 1.676E-01, 1.263E-01, 1.000E+00, 5.470E-01, 9.939E-01, 1.000E-02, 1.000E+00, 1.000E+00, 5.470E-03, 3.447E-05, 6.262E-05, 0.000E+00, 1.027E+02, 4.078E+01, 2.028E-02, 1.357E-04, 4.898E+01, 6.412E-03, 6.016E-01
14/10/2019,15:00,9,2.871,3.371,7.157,.944,.057, 1.009E+03, 8.593E+01, 4.333E-05, 3.469E-16, 3.188E+00, 1.696E+01, 2.856E+01, 6.126E+00,-2.530E+01,-2.418E+00, 2.653E+00, 2.482E-01, 1.121E-01, 4.950E-02, 1.000E+00, 2.459E-01, 6.911E-01, 1.000E-02, 1.000E+00, 1.000E+00, 2.459E-03, 1.547E-05, 4.349E-05, 0.000E+00, 2.113E+02, 6.100E+01, 2.381E-02, 6.092E-05, 4.189E+01, 4.825E-03, 4.955E-01
14/10/2019,16:00,9,2.871,3.371,6.235,.950,.048, 1.010E+03, 9.303E+01, 4.333E-05, 3.469E-16, 0.000E+00, 0.000E+00, 0.000E+00, 0.000E+00,-2.530E+01,-2.418E+00, 2.525E+00, 2.477E-01, 1.065E-01,-9.990E+02, 1.000E+00,-9.990E+02, 0.000E+00, 0.000E+00, 0.000E+00, 1.000E+00, 0.000E+00, 0.000E+00, 0.000E+00, 0.000E+00, 2.227E+02, 6.419E+01, 2.501E-02, 0.000E+00, 3.998E+01, 4.672E-03, 5.060E-01
14/10/2019,17:00,9,2.871,3.371,5.312,.955,.040, 1.011E+03, 1.005E+02, 4.333E-05, 3.469E-16, 0.000E+00, 0.000E+00, 0.000E+00, 0.000E+00,-2.530E+01,-2.418E+00, 2.403E+00, 2.471E-01, 1.011E-01,-9.990E+02, 1.000E+00,-9.990E+02, 0.000E+00, 0.000E+00, 0.000E+00, 1.000E+00, 0.000E+00, 0.000E+00, 0.000E+00, 0.000E+00, 2.348E+02, 6.758E+01, 3.057E-02, 0.000E+00, 3.271E+01, 4.630E-03, 4.559E-01
14/10/2019,18:00,9,2.871,3.371,4.390,.961,.033, 1.012E+03, 1.079E+02, 4.333E-05, 3.469E-16, 0.000E+00, 0.000E+00, 0.000E+00, 0.000E+00,-5.702E+00,-1.804E+00, 2.286E+00, 1.000E-01, 1.000E-01,-9.990E+02, 1.000E+00,-9.990E+02, 0.000E+00, 0.000E+00, 0.000E+00, 1.000E+00, 0.000E+00, 0.000E+00, 0.000E+00, 0.000E+00, 4.034E+02, 6.835E+01, 3.783E-02, 0.000E+00, 2.643E+01, 4.401E-03, 4.753E-01
14/10/2019,19:00,9,2.871,3.371,3.907,.967,.027, 1.013E+03, 1.149E+02, 4.333E-05, 3.469E-16, 0.000E+00, 0.000E+00, 0.000E+00, 0.000E+00,-5.702E+00,-1.804E+00, 2.060E+00, 1.000E-01, 1.000E-01,-9.990E+02, 1.000E+00,-9.990E+02, 0.000E+00, 0.000E+00, 0.000E+00, 1.000E+00, 0.000E+00, 0.000E+00, 0.000E+00, 0.000E+00, 4.032E+02, 6.835E+01, 3.951E-02, 0.000E+00, 2.531E+01, 4.424E-03, 5.500E-01
14/10/2019,20:00,9,2.871,3.371,3.423,.972,.022, 1.014E+03, 1.210E+02, 4.333E-05, 3.469E-16, 0.000E+00, 0.000E+00, 0.000E+00, 0.000E+00,-5.702E+00,-1.804E+00, 1.884E+00, 1.000E-01, 1.000E-01,-9.990E+02, 1.000E+00,-9.990E+02, 0.000E+00, 0.000E+00, 0.000E+00, 1.000E+00, 0.000E+00, 0.000E+00, 0.000E+00, 0.000E+00, 4.030E+02, 6.835E+01, 4.434E-02, 0.000E+00, 2.255E+01, 4.479E-03, 6.059E-01
14/10/2019,21:00,9,2.871,3.371,2.940,.978,.017, 1.015E+03, 1.256E+02, 4.333E-05, 3.469E-16, 0.000E+00, 0.000E+00, 0.000E+00, 0.000E+00,-1.605E+00,-6.528E-02, 1.775E+00, 1.000E-01, 1.000E-01,-9.990E+02, 1.000E+00,-9.990E+02, 0.000E+00, 0.000E+00, 0.000E+00, 1.000E+00, 0.000E+00, 0.000E+00, 0.000E+00, 0.000E+00, 2.343E+02, 6.835E+01, 4.694E-02, 0.000E+00, 2.131E+01, 4.845E-03, 6.251E-01
14/10/2019,22:00,9,2.871,3.371,3.195,.971,.022, 1.015E+03, 1.282E+02, 4.333E-05, 3.469E-16, 0.000E+00, 0.000E+00, 0.000E+00, 0.000E+00,-1.605E+00,-6.528E-02, 1.276E+00, 1.000E-01, 1.000E-01,-9.990E+02, 1.000E+00,-9.990E+02, 0.000E+00, 0.000E+00, 0.000E+00, 1.000E+00, 0.000E+00, 0.000E+00, 0.000E+00, 0.000E+00, 2.343E+02, 6.835E+01, 4.550E-02, 0.000E+00, 2.198E+01, 4.829E-03, 6.246E-01
14/10/2019,23:00,9,2.871,3.371,3.449,.965,.028, 1.015E+03, 1.284E+02, 4.333E-05, 3.469E-16, 0.000E+00, 0.000E+00, 0.000E+00, 0.000E+00,-1.605E+00,-6.528E-02, 8.670E-01, 1.000E-01, 1.000E-01,-9.990E+02, 1.000E+00,-9.990E+02, 0.000E+00, 0.000E+00, 0.000E+00, 1.000E+00, 0.000E+00, 0.000E+00, 0.000E+00, 0.000E+00, 2.343E+02, 6.835E+01, 3.833E-02, 0.000E+00, 2.609E+01, 4.735E-03, 7.752E-01
15/10/2019,00:00,9,2.860,3.360,3.704,.958,.033, 1.015E+03, 1.263E+02, 0.000E+00, 3.469E-16, 0.000E+00, 0.000E+00, 0.000E+00, 0.000E+00,-6.166E+00, 2.208E+00, 7.191E-01, 1.198E-01, 1.000E-01,-9.990E+02, 1.000E+00,-9.990E+02, 0.000E+00, 0.000E+00, 0.000E+00, 1.000E+00, 0.000E+00, 0.000E+00, 0.000E+00, 0.000E+00, 3.158E+02, 6.835E+01, 3.236E-02, 0.000E+00, 3.090E+01, 4.473E-03, 1.009E+00
15/10/2019,01:00,9,2.860,3.360,4.129,.957,.035, 1.015E+03, 1.220E+02, 0.000E+00, 3.469E-16, 0.000E+00, 0.000E+00, 0.000E+00, 0.000E+00,-6.166E+00, 2.208E+00, 7.065E-01, 1.199E-01, 1.000E-01,-9.990E+02, 1.000E+00,-9.990E+02, 0.000E+00, 0.000E+00, 0.000E+00, 1.000E+00, 0.000E+00, 0.000E+00, 0.000E+00, 0.000E+00, 3.155E+02, 6.835E+01, 2.878E-02, 0.000E+00, 3.474E+01, 4.398E-03, 1.358E+00
15/10/2019,02:00,9,2.860,3.360,4.555,.956,.037, 1.015E+03, 1.162E+02, 0.000E+00, 3.469E-16, 0.000E+00, 0.000E+00, 0.000E+00, 0.000E+00,-6.166E+00, 2.208E+00, 1.292E+00, 1.200E-01, 1.000E-01,-9.990E+02, 1.000E+00,-9.990E+02, 0.000E+00, 0.000E+00, 0.000E+00, 1.000E+00, 0.000E+00, 0.000E+00, 0.000E+00, 0.000E+00, 3.151E+02, 6.835E+01, 2.775E-02, 0.000E+00, 3.603E+01, 4.374E-03, 1.674E+00
15/10/2019,03:00,9,2.860,3.360,4.980,.956,.039, 1.015E+03, 1.094E+02, 0.000E+00, 3.469E-16, 0.000E+00, 0.000E+00, 0.000E+00, 0.000E+00,-1.108E+01, 4.267E+00, 2.006E+00, 1.838E-01, 1.000E-01,-9.990E+02, 1.000E+00,-9.990E+02, 0.000E+00, 0.000E+00, 0.000E+00, 1.000E+00, 0.000E+00, 0.000E+00, 0.000E+00, 0.000E+00, 2.417E+02, 6.835E+01, 2.686E-02, 0.000E+00, 3.724E+01, 4.484E-03, 1.712E+00
15/10/2019,04:00,9,2.860,3.360,5.153,.956,.039, 1.015E+03, 1.020E+02, 0.000E+00, 3.469E-16, 0.000E+00, 0.000E+00, 0.000E+00, 0.000E+00,-1.108E+01, 4.267E+00, 1.967E+00, 1.838E-01, 1.000E-01,-9.990E+02, 1.000E+00,-9.990E+02, 0.000E+00, 0.000E+00, 0.000E+00, 1.000E+00, 0.000E+00, 0.000E+00, 0.000E+00, 0.000E+00, 2.416E+02, 6.835E+01, 2.652E-02, 0.000E+00, 3.771E+01, 4.475E-03, 1.571E+00
15/10/2019,05:00,9,2.860,3.360,5.327,.957,.038, 1.015E+03, 9.456E+01, 0.000E+00, 3.469E-16, 0.000E+00, 0.000E+00, 0.000E+00, 0.000E+00,-1.108E+01, 4.267E+00, 1.939E+00, 1.839E-01, 1.000E-01,-9.990E+02, 1.000E+00,-9.990E+02, 0.000E+00, 0.000E+00, 0.000E+00, 1.000E+00, 0.000E+00, 0.000E+00, 0.000E+00, 0.000E+00, 2.416E+02, 6.835E+01, 2.620E-02, 0.000E+00, 3.816E+01, 4.466E-03, 1.675E+00
15/10/2019,06:00,9,2.860,3.360,5.500,.958,.038, 1.015E+03, 8.739E+01, 1.796E-03, 3.469E-16, 9.302E-03, 3.121E+00, 1.202E+00, 1.100E+00, 1.424E+00, 1.837E+01, 1.924E+00, 2.559E-01, 1.159E-01, 3.182E-02, 1.000E+00, 4.436E-02, 4.824E-02, 1.000E-02, 1.000E+00, 1.000E+00, 4.436E-04, 2.775E-06, 3.018E-06, 0.000E+00, 1.411E+02, 5.896E+01, 2.590E-02, 1.088E-05, 3.859E+01, 5.194E-03, 1.862E+00
15/10/2019,07:00,9,2.860,3.360,6.305,.935,.062, 1.015E+03, 8.089E+01, 1.796E-03, 3.469E-16, 5.912E-01, 1.745E+01, 8.045E+00, 6.178E+00, 1.424E+00, 1.837E+01, 1.855E+00, 2.563E-01, 1.118E-01, 1.107E-01, 1.000E+00, 2.307E-01, 2.817E-01, 1.000E-02, 1.000E+00, 1.000E+00, 2.307E-03, 1.448E-05, 1.767E-05, 0.000E+00, 1.463E+02, 6.114E+01, 2.000E-02, 5.676E-05, 4.986E+01, 4.774E-03, 1.521E+00
15/10/2019,08:00,9,2.860,3.360,7.110,.913,.088, 1.015E+03, 7.545E+01, 1.796E-03, 3.469E-16, 1.447E+00, 3.299E+01, 1.457E+01, 1.169E+01, 1.424E+00, 1.837E+01, 1.792E+00, 2.567E-01, 1.080E-01, 1.752E-01, 1.000E+00, 3.938E-01, 4.507E-01, 1.000E-02, 1.000E+00, 1.000E+00, 3.938E-03, 2.477E-05, 2.836E-05, 0.000E+00, 1.515E+02, 6.328E+01, 1.440E-02, 9.715E-05, 6.897E+01, 4.270E-03, 1.335E+00
15/10/2019,09:00,9,2.860,3.360,7.915,.891,.117, 1.015E+03, 7.145E+01, 3.173E-01, 3.469E-16, 1.270E+01, 6.447E+01, 4.320E+01, 2.324E+01,-6.499E+00, 2.744E+01, 1.736E+00, 2.718E-01, 1.000E-01, 2.200E-01, 1.000E+00, 6.629E-01, 8.308E-01, 1.000E-02, 1.000E+00, 1.000E+00, 6.629E-03, 4.182E-05, 5.242E-05, 0.000E+00, 1.817E+02, 6.835E+01, 1.125E-02, 1.640E-04, 8.759E+01, 3.734E-03, 1.251E+00
15/10/2019,10:00,9,2.860,3.360,7.845,.917,.088, 1.015E+03, 6.926E+01, 3.173E-01, 3.469E-16, 1.500E+01, 7.297E+01, 4.749E+01, 2.631E+01,-6.499E+00, 2.744E+01, 1.875E+00, 2.718E-01, 1.032E-01, 2.433E-01, 1.000E+00, 7.090E-01, 8.582E-01, 1.000E-02, 1.000E+00, 1.000E+00, 7.090E-03, 4.473E-05, 5.413E-05, 0.000E+00, 1.760E+02, 6.621E+01, 1.502E-02, 1.754E-04, 6.581E+01, 4.160E-03, 1.039E+00
15/10/2019,11:00,9,2.860,3.360,7.776,.944,.059, 1.015E+03, 6.909E+01, 3.173E-01, 3.469E-16, 1.518E+01, 7.363E+01, 4.782E+01, 2.655E+01,-6.499E+00, 2.744E+01, 2.184E+00, 2.719E-01, 1.202E-01, 2.451E-01, 1.000E+00, 7.124E-01, 8.601E-01, 1.000E-02, 1.000E+00, 1.000E+00, 7.124E-03, 4.492E-05, 5.424E-05, 0.000E+00, 1.511E+02, 5.685E+01, 2.313E-02, 1.762E-04, 4.291E+01, 5.187E-03, 9.894E-01
15/10/2019,12:00,9,2.860,3.360,7.706,.971,.030, 1.014E+03, 7.096E+01, 1.054E+00, 3.469E-16, 1.872E+01, 7.118E+01, 5.453E+01, 2.585E+01,-1.992E+01, 2.693E+01, 2.603E+00, 3.451E-01, 1.383E-01, 2.253E-01, 1.000E+00, 7.085E-01, 8.938E-01, 1.000E-02, 1.000E+00, 1.000E+00, 7.085E-03, 4.467E-05, 5.636E-05, 0.000E+00, 1.362E+02, 4.944E+01, 3.299E-02, 1.752E-04, 3.015E+01, 6.214E-03, 1.053E+00
15/10/2019,13:00,9,2.860,3.360,7.422,.980,.021, 1.014E+03, 7.468E+01, 1.054E+00, 3.469E-16, 1.327E+01, 5.554E+01, 4.526E+01, 2.015E+01,-1.992E+01, 2.693E+01, 2.770E+00, 3.450E-01, 1.471E-01, 1.840E-01, 1.000E+00, 6.151E-01, 8.446E-01, 1.000E-02, 1.000E+00, 1.000E+00, 6.151E-03, 3.874E-05, 5.320E-05, 0.000E+00, 1.280E+02, 4.647E+01, 3.343E-02, 1.519E-04, 2.978E+01, 6.548E-03, 9.200E-01
15/10/2019,14:00,9,2.860,3.360,7.137,.988,.012, 1.014E+03, 7.991E+01, 1.054E+00, 3.469E-16, 6.159E+00, 3.292E+01, 2.948E+01, 1.189E+01,-1.992E+01, 2.693E+01, 2.955E+00, 3.449E-01, 1.569E-01, 1.224E-01, 1.000E+00, 4.255E-01, 7.025E-01, 1.000E-02, 1.000E+00, 1.000E+00, 4.255E-03, 2.677E-05, 4.420E-05, 0.000E+00, 1.201E+02, 4.357E+01, 3.909E-02, 1.050E-04, 2.551E+01, 7.104E-03, 7.705E-01
15/10/2019,15:00,9,2.860,3.360,6.852,.997,.003, 1.013E+03, 8.628E+01, 3.765E-01, 3.469E-16, 5.877E-01, 1.011E+01, 8.120E+00, 3.593E+00,-2.875E+01, 2.618E+01, 3.155E+00, 5.096E-01, 1.779E-01, 4.540E-02, 1.000E+00, 1.440E-01, 2.839E-01, 1.000E-02, 1.000E+00, 1.000E+00, 1.440E-03, 9.053E-06, 1.785E-05, 0.000E+00, 9.966E+01, 3.842E+01, 4.575E-02, 3.550E-05, 2.184E+01, 8.137E-03, 6.829E-01
15/10/2019,16:00,9,2.860,3.360,6.618,.996,.003, 1.013E+03, 9.338E+01, 3.765E-01, 3.469E-16, 0.000E+00, 0.000E+00, 0.000E+00, 0.000E+00,-2.875E+01, 2.618E+01, 3.394E+00, 5.095E-01, 1.914E-01,-9.990E+02, 1.000E+00,-9.990E+02, 0.000E+00, 0.000E+00, 0.000E+00, 1.000E+00, 0.000E+00, 0.000E+00, 0.000E+00, 0.000E+00, 9.264E+01, 3.571E+01, 4.632E-02, 0.000E+00, 2.159E+01, 8.656E-03, 5.798E-01
15/10/2019,17:00,9,2.860,3.360,6.385,.996,.003, 1.012E+03, 1.008E+02, 3.765E-01, 3.469E-16, 0.000E+00, 0.000E+00, 0.000E+00, 0.000E+00,-2.875E+01, 2.618E+01, 3.635E+00, 5.095E-01, 2.050E-01,-9.990E+02, 1.000E+00,-9.990E+02, 0.000E+00, 0.000E+00, 0.000E+00, 1.000E+00, 0.000E+00, 0.000E+00, 0.000E+00, 0.000E+00, 8.652E+01, 3.335E+01, 4.692E-02, 0.000E+00, 2.131E+01, 9.171E-03, 4.576E-01
15/10/2019,18:00,9,2.860,3.360,6.151,.996,.003, 1.012E+03, 1.083E+02, 1.515E-01, 3.469E-16, 0.000E+00, 0.000E+00, 0.000E+00, 0.000E+00,-3.050E+01, 2.528E+01, 3.876E+00, 4.830E-01, 2.159E-01,-9.990E+02, 1.000E+00,-9.990E+02, 0.000E+00, 0.000E+00, 0.000E+00, 1.000E+00, 0.000E+00, 0.000E+00, 0.000E+00, 0.000E+00, 8.317E+01, 3.166E+01, 4.755E-02, 0.000E+00, 2.103E+01, 9.577E-03, 3.320E-01
15/10/2019,19:00,9,2.860,3.360,6.391,.997,.003, 1.011E+03, 1.152E+02, 1.515E-01, 3.469E-16, 0.000E+00, 0.000E+00, 0.000E+00, 0.000E+00,-3.050E+01, 2.528E+01, 3.754E+00, 4.833E-01, 2.091E-01,-9.990E+02, 1.000E+00,-9.990E+02, 0.000E+00, 0.000E+00, 0.000E+00, 1.000E+00, 0.000E+00, 0.000E+00, 0.000E+00, 0.000E+00, 8.585E+01, 3.269E+01, 5.064E-02, 0.000E+00, 1.975E+01, 9.449E-03, 2.978E-01
15/10/2019,20:00,9,2.860,3.360,6.630,.997,.003, 1.011E+03, 1.213E+02, 1.515E-01, 3.469E-16, 0.000E+00, 0.000E+00, 0.000E+00, 0.000E+00,-3.050E+01, 2.528E+01, 3.633E+00, 4.836E-01, 2.024E-01,-9.990E+02, 1.000E+00,-9.990E+02, 0.000E+00, 0.000E+00, 0.000E+00, 1.000E+00, 0.000E+00, 0.000E+00, 0.000E+00, 0.000E+00, 8.869E+01, 3.377E+01, 4.998E-02, 0.000E+00, 2.001E+01, 9.179E-03, 2.732E-01
15/10/2019,21:00,9,2.860,3.360,6.870,.997,.003, 1.010E+03, 1.259E+02, 1.074E-01, 3.469E-16, 0.000E+00, 0.000E+00, 0.000E+00, 0.000E+00,-2.729E+01, 1.573E+01, 3.514E+00, 4.762E-01, 1.965E-01,-9.990E+02, 1.000E+00,-9.990E+02, 0.000E+00, 0.000E+00, 0.000E+00, 1.000E+00, 0.000E+00, 0.000E+00, 0.000E+00, 0.000E+00, 9.099E+01, 3.478E+01, 5.328E-02, 0.000E+00, 1.877E+01, 9.063E-03, 2.611E-01
15/10/2019,22:00,9,2.860,3.360,7.143,.995,.005, 1.010E+03, 1.286E+02, 1.074E-01, 3.469E-16, 0.000E+00, 0.000E+00, 0.000E+00, 0.000E+00,-2.729E+01, 1.573E+01, 3.596E+00, 4.766E-01, 2.011E-01,-9.990E+02, 1.000E+00,-9.990E+02, 0.000E+00, 0.000E+00, 0.000E+00, 1.000E+00, 0.000E+00, 0.000E+00, 0.000E+00, 0.000E+00, 8.889E+01, 3.399E+01, 5.255E-02, 0.000E+00, 1.903E+01, 9.217E-03, 2.589E-01
15/10/2019,23:00,9,2.860,3.360,7.416,.992,.008, 1.009E+03, 1.288E+02, 1.074E-01, 3.469E-16, 0.000E+00, 0.000E+00, 0.000E+00, 0.000E+00,-2.729E+01, 1.573E+01, 3.689E+00, 4.770E-01, 2.063E-01,-9.990E+02, 1.000E+00,-9.990E+02, 0.000E+00, 0.000E+00, 0.000E+00, 1.000E+00, 0.000E+00, 0.000E+00, 0.000E+00, 0.000E+00, 8.664E+01, 3.313E+01, 4.449E-02, 0.000E+00, 2.248E+01, 9.117E-03, 2.603E-01
16/10/2019,00:00,9,2.848,3.348,7.689,.990,.010, 1.008E+03, 1.266E+02, 6.995E-02, 3.469E-16, 0.000E+00, 0.000E+00, 0.000E+00, 0.000E+00,-2.475E+01, 9.214E+00, 3.791E+00, 4.940E-01, 2.144E-01,-9.990E+02, 1.000E+00,-9.990E+02, 0.000E+00, 0.000E+00, 0.000E+00, 1.000E+00, 0.000E+00, 0.000E+00, 0.000E+00, 0.000E+00, 8.251E+01, 3.189E+01, 4.743E-02, 0.000E+00, 2.108E+01, 9.529E-03, 2.251E-01
16/10/2019,01:00,9,2.848,3.348,8.004,.991,.010, 1.008E+03, 1.223E+02, 6.995E-02, 3.469E-16, 0.000E+00, 0.000E+00, 0.000E+00, 0.000E+00,-2.475E+01, 9.214E+00, 3.841E+00, 4.945E-01, 2.172E-01,-9.990E+02, 1.000E+00,-9.990E+02, 0.000E+00, 0.000E+00, 0.000E+00, 1.000E+00, 0.000E+00, 0.000E+00, 0.000E+00, 0.000E+00, 8.143E+01, 3.147E+01, 5.452E-02, 0.000E+00, 1.834E+01, 9.891E-03, 1.698E-01
16/10/2019,02:00,9,2.848,3.348,8.319,.991,.010, 1.007E+03, 1.165E+02, 6.995E-02, 3.469E-16, 0.000E+00, 0.000E+00, 0.000E+00, 0.000E+00,-2.475E+01, 9.214E+00, 3.915E+00, 4.949E-01, 2.214E-01,-9.990E+02, 1.000E+00,-9.990E+02, 0.000E+00, 0.000E+00, 0.000E+00, 1.000E+00, 0.000E+00, 0.000E+00, 0.000E+00, 0.000E+00, 7.986E+01, 3.087E+01, 5.380E-02, 0.000E+00, 1.859E+01, 1.002E-02, 2.308E-01
16/10/2019,03:00,9,2.848,3.348,8.635,.992,.009, 1.006E+03, 1.096E+02, 7.633E-02, 3.469E-16, 0.000E+00, 0.000E+00, 0.000E+00, 0.000E+00,-2.293E+01, 1.428E+01, 4.014E+00, 5.335E-01, 2.298E-01,-9.990E+02, 1.000E+00,-9.990E+02, 0.000E+00, 0.000E+00, 0.000E+00, 1.000E+00, 0.000E+00, 0.000E+00, 0.000E+00, 0.000E+00, 7.598E+01, 2.974E+01, 5.311E-02, 0.000E+00, 1.883E+01, 1.031E-02, 1.909E-01
16/10/2019,04:00,9,2.848,3.348,8.494,.992,.009, 1.006E+03, 1.023E+02, 7.633E-02, 3.469E-16, 0.000E+00, 0.000E+00, 0.000E+00, 0.000E+00,-2.293E+01, 1.428E+01, 3.766E+00, 5.335E-01, 2.156E-01,-9.990E+02, 1.000E+00,-9.990E+02, 0.000E+00, 0.000E+00, 0.000E+00, 1.000E+00, 0.000E+00, 0.000E+00, 0.000E+00, 0.000E+00, 8.098E+01, 3.170E+01, 4.582E-02, 0.000E+00, 2.182E+01, 9.516E-03, 2.915E-01
16/10/2019,05:00,9,2.848,3.348,8.353,.992,.009, 1.006E+03, 9.485E+01, 7.633E-02, 3.469E-16, 0.000E+00, 0.000E+00, 0.000E+00, 0.000E+00,-2.293E+01, 1.428E+01, 3.551E+00, 5.334E-01, 2.033E-01,-9.990E+02, 1.000E+00,-9.990E+02, 0.000E+00, 0.000E+00, 0.000E+00, 1.000E+00, 0.000E+00, 0.000E+00, 0.000E+00, 0.000E+00, 8.589E+01, 3.362E+01, 4.609E-02, 0.000E+00, 2.170E+01, 9.090E-03, 3.415E-01
16/10/2019,06:00,9,2.848,3.348,8.212,.992,.009, 1.006E+03, 8.769E+01, 3.635E-01, 3.469E-16, 7.371E-03, 2.964E+00, 1.139E+00, 1.048E+00,-9.224E+00, 2.976E+01, 3.375E+00, 4.423E-01, 1.953E-01, 2.827E-02, 1.000E+00, 4.227E-02, 4.577E-02, 1.000E-02, 1.000E+00, 1.000E+00, 4.227E-04, 2.670E-06, 2.891E-06, 0.000E+00, 8.847E+01, 3.500E+01, 4.294E-02, 1.043E-05, 2.328E+01, 8.686E-03, 4.553E-01
16/10/2019,07:00,9,2.848,3.348,8.415,.990,.011, 1.006E+03, 8.120E+01, 3.635E-01, 3.469E-16, 8.065E-01, 1.796E+01, 9.024E+00, 6.387E+00,-9.224E+00, 2.976E+01, 3.302E+00, 4.424E-01, 1.911E-01, 1.074E-01, 1.000E+00, 2.395E-01, 3.101E-01, 1.000E-02, 1.000E+00, 1.000E+00, 2.395E-03, 1.514E-05, 1.960E-05, 0.000E+00, 9.041E+01, 3.577E+01, 3.691E-02, 5.913E-05, 2.705E+01, 8.271E-03, 5.363E-01
16/10/2019,08:00,9,2.848,3.348,8.617,.988,.014, 1.005E+03, 7.578E+01, 3.635E-01, 3.469E-16, 2.040E+00, 3.451E+01, 1.644E+01, 1.229E+01,-9.224E+00, 2.976E+01, 3.324E+00, 4.426E-01, 1.924E-01, 1.720E-01, 1.000E+00, 4.130E-01, 4.914E-01, 1.000E-02, 1.000E+00, 1.000E+00, 4.130E-03, 2.612E-05, 3.108E-05, 0.000E+00, 8.982E+01, 3.553E+01, 3.661E-02, 1.020E-04, 2.724E+01, 8.299E-03, 6.506E-01
16/10/2019,09:00,9,2.848,3.348,8.820,.986,.016, 1.005E+03, 7.180E+01, 9.393E-02, 3.469E-16, 6.523E+00, 5.492E+01, 3.012E+01, 1.968E+01,-8.668E+00, 4.448E+01, 3.438E+00, 4.885E-01, 2.005E-01, 2.170E-01, 1.000E+00, 5.886E-01, 7.103E-01, 1.000E-02, 1.000E+00, 1.000E+00, 5.886E-03, 3.726E-05, 4.496E-05, 0.000E+00, 8.552E+01, 3.409E+01, 3.632E-02, 1.455E-04, 2.743E+01, 8.559E-03, 6.692E-01
16/10/2019,10:00,9,2.848,3.348,8.825,.979,.024, 1.005E+03, 6.962E+01, 9.393E-02, 3.469E-16, 7.726E+00, 6.247E+01, 3.348E+01, 2.238E+01,-8.668E+00, 4.448E+01, 3.459E+00, 4.885E-01, 2.018E-01, 2.404E-01, 1.000E+00, 6.368E-01, 7.477E-01, 1.000E-02, 1.000E+00, 1.000E+00, 6.368E-03, 4.031E-05, 4.733E-05, 0.000E+00, 8.498E+01, 3.388E+01, 3.148E-02, 1.575E-04, 3.161E+01, 8.302E-03, 6.963E-01
16/10/2019,11:00,9,2.848,3.348,8.830,.973,.031, 1.005E+03, 6.946E+01, 9.393E-02, 3.469E-16, 7.817E+00, 6.303E+01, 3.372E+01, 2.258E+01,-8.668E+00, 4.448E+01, 3.488E+00, 4.885E-01, 2.034E-01, 2.421E-01, 1.000E+00, 6.402E-01, 7.502E-01, 1.000E-02, 1.000E+00, 1.000E+00, 6.402E-03, 4.052E-05, 4.749E-05, 0.000E+00, 8.428E+01, 3.360E+01, 3.147E-02, 1.583E-04, 3.162E+01, 8.352E-03, 7.076E-01
16/10/2019,12:00,9,2.848,3.348,8.836,.966,.039, 1.005E+03, 7.133E+01, 4.632E-02, 3.469E-16, 3.163E+00, 4.817E+01, 2.209E+01, 1.715E+01,-1.110E+01, 3.809E+01, 3.524E+00, 5.039E-01, 2.049E-01, 2.222E-01, 1.000E+00, 5.263E-01, 5.969E-01, 1.000E-02, 1.000E+00, 1.000E+00, 5.263E-03, 3.332E-05, 3.779E-05, 0.000E+00, 8.393E+01, 3.336E+01, 2.945E-02, 1.301E-04, 3.381E+01, 8.243E-03, 6.826E-01
16/10/2019,13:00,9,2.848,3.348,8.385,.964,.040, 1.005E+03, 7.504E+01, 4.632E-02, 3.469E-16, 2.222E+00, 3.680E+01, 1.740E+01, 1.310E+01,-1.110E+01, 3.809E+01, 3.469E+00, 5.035E-01, 2.017E-01, 1.805E-01, 1.000E+00, 4.336E-01, 5.112E-01, 1.000E-02, 1.000E+00, 1.000E+00, 4.336E-03, 2.741E-05, 3.231E-05, 0.000E+00, 8.528E+01, 3.389E+01, 2.998E-02, 1.071E-04, 3.323E+01, 8.187E-03, 5.914E-01
16/10/2019,14:00,9,2.848,3.348,7.934,.961,.042, 1.005E+03, 8.027E+01, 4.632E-02, 3.469E-16, 1.000E+00, 2.073E+01, 1.033E+01, 7.371E+00,-1.110E+01, 3.809E+01, 3.421E+00, 5.031E-01, 1.989E-01, 1.186E-01, 1.000E+00, 2.716E-01, 3.461E-01, 1.000E-02, 1.000E+00, 1.000E+00, 2.716E-03, 1.714E-05, 2.184E-05, 0.000E+00, 8.647E+01, 3.437E+01, 3.056E-02, 6.693E-05, 3.265E+01, 8.143E-03, 5.772E-01
16/10/2019,15:00,9,2.848,3.348,7.484,.959,.043, 1.005E+03, 8.663E+01, 4.209E-02, 3.469E-16, 3.130E-02, 4.272E+00, 1.777E+00, 1.511E+00,-1.619E+01, 2.130E+01, 3.381E+00, 4.896E-01, 1.942E-01, 4.130E-02, 1.000E+00, 6.068E-02, 7.049E-02, 1.000E-02, 1.000E+00, 1.000E+00, 6.068E-04, 3.823E-06, 4.441E-06, 0.000E+00, 8.965E+01, 3.520E+01, 2.704E-02, 1.493E-05, 3.696E+01, 7.728E-03, 4.653E-01
16/10/2019,16:00,9,2.848,3.348,7.330,.958,.043, 1.005E+03, 9.372E+01, 4.209E-02, 3.469E-16, 0.000E+00, 0.000E+00, 0.000E+00, 0.000E+00,-1.619E+01, 2.130E+01, 3.394E+00, 4.895E-01, 1.950E-01,-9.990E+02, 1.000E+00,-9.990E+02, 0.000E+00, 0.000E+00, 0.000E+00, 1.000E+00, 0.000E+00, 0.000E+00, 0.000E+00, 0.000E+00, 8.930E+01, 3.506E+01, 3.175E-02, 0.000E+00, 3.149E+01, 8.093E-03, 3.416E-01
16/10/2019,17:00,9,2.848,3.348,7.177,.957,.044, 1.005E+03, 1.012E+02, 4.209E-02, 3.469E-16, 0.000E+00, 0.000E+00, 0.000E+00, 0.000E+00,-1.619E+01, 2.130E+01, 3.408E+00, 4.894E-01, 1.957E-01,-9.990E+02, 1.000E+00,-9.990E+02, 0.000E+00, 0.000E+00, 0.000E+00, 1.000E+00, 0.000E+00, 0.000E+00, 0.000E+00, 0.000E+00, 8.895E+01, 3.492E+01, 3.729E-02, 0.000E+00, 2.682E+01, 8.437E-03, 2.678E-01
16/10/2019,18:00,9,2.848,3.348,7.024,.956,.044, 1.004E+03, 1.086E+02, 4.350E-02, 3.469E-16, 0.000E+00, 0.000E+00, 0.000E+00, 0.000E+00,-1.866E+01, 2.128E+01, 3.421E+00, 4.965E-01, 1.958E-01,-9.990E+02, 1.000E+00,-9.990E+02, 0.000E+00, 0.000E+00, 0.000E+00, 1.000E+00, 0.000E+00, 0.000E+00, 0.000E+00, 0.000E+00, 8.920E+01, 3.490E+01, 3.758E-02, 0.000E+00, 2.661E+01, 8.453E-03, 2.221E-01
16/10/2019,19:00,9,2.848,3.348,7.009,.955,.045, 1.004E+03, 1.156E+02, 4.350E-02, 3.469E-16, 0.000E+00, 0.000E+00, 0.000E+00, 0.000E+00,-1.866E+01, 2.128E+01, 3.502E+00, 4.966E-01, 2.005E-01,-9.990E+02, 1.000E+00,-9.990E+02, 0.000E+00, 0.000E+00, 0.000E+00, 1.000E+00, 0.000E+00, 0.000E+00, 0.000E+00, 0.000E+00, 8.714E+01, 3.409E+01, 5.517E-02, 0.000E+00, 1.813E+01, 9.286E-03, 1.454E-01
16/10/2019,20:00,9,2.848,3.348,6.995,.954,.047, 1.004E+03, 1.217E+02, 4.350E-02, 3.469E-16, 0.000E+00, 0.000E+00, 0.000E+00, 0.000E+00,-1.866E+01, 2.128E+01, 3.587E+00, 4.966E-01, 2.053E-01,-9.990E+02, 1.000E+00,-9.990E+02, 0.000E+00, 0.000E+00, 0.000E+00, 1.000E+00, 0.000E+00, 0.000E+00, 0.000E+00, 0.000E+00, 8.508E+01, 3.329E+01, 1.000E-01, 0.000E+00, 1.000E+01, 1.026E-02, 1.159E-01
16/10/2019,21:00,9,2.848,3.348,6.981,.952,.048, 1.004E+03, 1.263E+02, 4.815E-02, 3.469E-16, 0.000E+00, 0.000E+00, 0.000E+00, 0.000E+00,-1.772E+01, 2.038E+01, 3.675E+00, 5.041E-01, 2.111E-01,-9.990E+02, 1.000E+00,-9.990E+02, 0.000E+00, 0.000E+00, 0.000E+00, 1.000E+00, 0.000E+00, 0.000E+00, 0.000E+00, 0.000E+00, 8.249E+01, 3.238E+01, 8.106E-02, 0.000E+00, 1.234E+01, 1.027E-02, 1.442E-01
16/10/2019,22:00,9,2.848,3.348,6.907,.951,.048, 1.004E+03, 1.289E+02, 4.815E-02, 3.469E-16, 0.000E+00, 0.000E+00, 0.000E+00, 0.000E+00,-1.772E+01, 2.038E+01, 3.587E+00, 5.041E-01, 2.060E-01,-9.990E+02, 1.000E+00,-9.990E+02, 0.000E+00, 0.000E+00, 0.000E+00, 1.000E+00, 0.000E+00, 0.000E+00, 0.000E+00, 0.000E+00, 8.451E+01, 3.318E+01, 4.758E-02, 0.000E+00, 2.102E+01, 9.247E-03, 1.664E-01
16/10/2019,23:00,9,2.848,3.348,6.832,.951,.049, 1.004E+03, 1.292E+02, 4.815E-02, 3.469E-16, 0.000E+00, 0.000E+00, 0.000E+00, 0.000E+00,-1.772E+01, 2.038E+01, 3.508E+00, 5.041E-01, 2.015E-01,-9.990E+02, 1.000E+00,-9.990E+02, 0.000E+00, 0.000E+00, 0.000E+00, 1.000E+00, 0.000E+00, 0.000E+00, 0.000E+00, 0.000E+00, 8.643E+01, 3.393E+01, 3.255E-02, 0.000E+00, 3.072E+01, 8.346E-03, 2.060E-01
17/10/2019,00:00,9,2.837,3.337,6.758,.950,.050, 1.004E+03, 1.269E+02, 5.148E-02, 3.469E-16, 0.000E+00, 0.000E+00, 0.000E+00, 0.000E+00,-1.497E+01, 1.948E+01, 3.437E+00, 4.372E-01, 1.955E-01,-9.990E+02, 1.000E+00,-9.990E+02, 0.000E+00, 0.000E+00, 0.000E+00, 1.000E+00, 0.000E+00, 0.000E+00, 0.000E+00, 0.000E+00, 8.995E+01, 3.497E+01, 2.833E-02, 0.000E+00, 3.530E+01, 7.861E-03, 1.852E-01
17/10/2019,01:00,9,2.837,3.337,6.643,.955,.044, 1.004E+03, 1.226E+02, 5.148E-02, 3.469E-16, 0.000E+00, 0.000E+00, 0.000E+00, 0.000E+00,-1.497E+01, 1.948E+01, 3.264E+00, 4.371E-01, 1.856E-01,-9.990E+02, 1.000E+00,-9.990E+02, 0.000E+00, 0.000E+00, 0.000E+00, 1.000E+00, 0.000E+00, 0.000E+00, 0.000E+00, 0.000E+00, 9.471E+01, 3.682E+01, 6.072E-02, 0.000E+00, 1.647E+01, 8.830E-03, 1.369E-01
17/10/2019,02:00,9,2.837,3.337,6.528,.960,.039, 1.004E+03, 1.168E+02, 5.148E-02, 3.469E-16, 0.000E+00, 0.000E+00, 0.000E+00, 0.000E+00,-1.497E+01, 1.948E+01, 3.092E+00, 4.371E-01, 1.758E-01,-9.990E+02, 1.000E+00,-9.990E+02, 0.000E+00, 0.000E+00, 0.000E+00, 1.000E+00, 0.000E+00, 0.000E+00, 0.000E+00, 0.000E+00, 9.999E+01, 3.887E+01, 1.000E-01, 0.000E+00, 1.000E+01, 8.915E-03, 9.445E-02
17/10/2019,03:00,9,2.837,3.337,6.413,.965,.034, 1.003E+03, 1.099E+02, 8.629E-02, 3.469E-16, 0.000E+00, 0.000E+00, 0.000E+00, 0.000E+00,-1.174E+01, 1.632E+01, 2.920E+00, 4.011E-01, 1.660E-01,-9.990E+02, 1.000E+00,-9.990E+02, 0.000E+00, 0.000E+00, 0.000E+00, 1.000E+00, 0.000E+00, 0.000E+00, 0.000E+00, 0.000E+00, 1.060E+02, 4.118E+01, 1.000E-01, 0.000E+00, 1.000E+01, 8.457E-03, 1.725E-02
17/10/2019,04:00,9,2.837,3.337,6.389,.968,.030, 1.003E+03, 1.026E+02, 8.629E-02, 3.469E-16, 0.000E+00, 0.000E+00, 0.000E+00, 0.000E+00,-1.174E+01, 1.632E+01, 2.888E+00, 4.010E-01, 1.642E-01,-9.990E+02, 1.000E+00,-9.990E+02, 0.000E+00, 0.000E+00, 0.000E+00, 1.000E+00, 0.000E+00, 0.000E+00, 0.000E+00, 0.000E+00, 1.072E+02, 4.164E+01, 1.000E-01, 0.000E+00, 1.000E+01, 8.372E-03, 2.019E-02
17/10/2019,05:00,9,2.837,3.337,6.365,.972,.027, 1.004E+03, 9.514E+01, 8.629E-02, 3.469E-16, 0.000E+00, 0.000E+00, 0.000E+00, 0.000E+00,-1.174E+01, 1.632E+01, 2.865E+00, 4.010E-01, 1.628E-01,-9.990E+02, 1.000E+00,-9.990E+02, 0.000E+00, 0.000E+00, 0.000E+00, 1.000E+00, 0.000E+00, 0.000E+00, 0.000E+00, 0.000E+00, 1.080E+02, 4.197E+01, 1.000E-01, 0.000E+00, 1.000E+01, 8.310E-03, 3.295E-02
17/10/2019,06:00,9,2.837,3.337,6.341,.975,.024, 1.004E+03, 8.799E+01, 1.374E-01, 3.469E-16, 2.259E-03, 2.343E+00, 8.624E-01, 8.301E-01,-4.711E+00, 2.253E+01, 2.851E+00, 3.717E-01, 1.656E-01, 2.470E-02, 1.000E+00, 3.360E-02, 3.485E-02, 1.000E-02, 1.000E+00, 1.000E+00, 3.360E-04, 2.108E-06, 2.186E-06, 0.000E+00, 1.040E+02, 4.128E+01, 1.000E-01, 8.202E-06, 9.999E+00, 8.453E-03, 8.593E-02
17/10/2019,07:00,9,2.837,3.337,6.546,.974,.026, 1.004E+03, 8.152E+01, 1.374E-01, 3.469E-16, 5.128E-01, 1.584E+01, 7.377E+00, 5.639E+00,-4.711E+00, 2.253E+01, 2.795E+00, 3.718E-01, 1.624E-01, 1.040E-01, 1.000E+00, 2.127E-01, 2.617E-01, 1.000E-02, 1.000E+00, 1.000E+00, 2.127E-03, 1.335E-05, 1.643E-05, 0.000E+00, 1.061E+02, 4.210E+01, 5.127E-02, 5.196E-05, 1.948E+01, 7.696E-03, 2.874E-01
17/10/2019,08:00,9,2.837,3.337,6.751,.972,.028, 1.004E+03, 7.611E+01, 1.374E-01, 3.469E-16, 1.348E+00, 3.121E+01, 1.393E+01, 1.112E+01,-4.711E+00, 2.253E+01, 2.740E+00, 3.718E-01, 1.591E-01, 1.688E-01, 1.000E+00, 3.787E-01, 4.360E-01, 1.000E-02, 1.000E+00, 1.000E+00, 3.787E-03, 2.379E-05, 2.740E-05, 0.000E+00, 1.082E+02, 4.295E+01, 4.029E-02, 9.258E-05, 2.476E+01, 7.276E-03, 3.801E-01
17/10/2019,09:00,9,2.837,3.337,6.955,.970,.030, 1.005E+03, 7.215E+01, 1.676E-01, 3.469E-16, 2.954E+00, 4.570E+01, 2.113E+01, 1.632E+01,-1.800E-01, 3.891E+01, 2.685E+00, 3.486E-01, 1.593E-01, 2.140E-01, 1.000E+00, 5.085E-01, 5.807E-01, 1.000E-02, 1.000E+00, 1.000E+00, 5.085E-03, 3.197E-05, 3.652E-05, 0.000E+00, 1.058E+02, 4.291E+01, 3.692E-02, 1.244E-04, 2.699E+01, 7.176E-03, 4.551E-01
17/10/2019,10:00,9,2.837,3.337,7.106,.972,.028, 1.005E+03, 6.998E+01, 1.676E-01, 3.469E-16, 3.510E+00, 5.221E+01, 2.377E+01, 1.864E+01,-1.800E-01, 3.891E+01, 2.515E+00, 3.486E-01, 1.492E-01, 2.375E-01, 1.000E+00, 5.564E-01, 6.238E-01, 1.000E-02, 1.000E+00, 1.000E+00, 5.564E-03, 3.501E-05, 3.924E-05, 0.000E+00, 1.130E+02, 4.581E+01, 3.665E-02, 1.362E-04, 2.719E+01, 6.796E-03, 5.084E-01
17/10/2019,11:00,9,2.837,3.337,7.257,.974,.026, 1.005E+03, 6.983E+01, 1.676E-01, 3.469E-16, 3.550E+00, 5.267E+01, 2.395E+01, 1.880E+01,-1.800E-01, 3.891E+01, 2.348E+00, 3.487E-01, 1.393E-01, 2.391E-01, 1.000E+00, 5.596E-01, 6.266E-01, 1.000E-02, 1.000E+00, 1.000E+00, 5.596E-03, 3.523E-05, 3.944E-05, 0.000E+00, 1.210E+02, 4.907E+01, 3.638E-02, 1.371E-04, 2.739E+01, 6.415E-03, 5.558E-01
17/10/2019,12:00,9,2.837,3.337,7.408,.976,.025, 1.005E+03, 7.170E+01, 2.124E-02, 3.469E-16, 2.109E+00, 4.391E+01, 1.900E+01, 1.564E+01,-4.638E-01, 1.985E+01, 2.184E+00, 2.839E-01, 1.291E-01, 2.190E-01, 1.000E+00, 4.894E-01, 5.423E-01, 1.000E-02, 1.000E+00, 1.000E+00, 4.894E-03, 3.082E-05, 3.416E-05, 0.000E+00, 1.311E+02, 5.296E+01, 3.611E-02, 1.199E-04, 2.760E+01, 6.012E-03, 5.955E-01
17/10/2019,13:00,9,2.837,3.337,7.431,.948,.054, 1.006E+03, 7.540E+01, 2.124E-02, 3.469E-16, 1.465E+00, 3.323E+01, 1.475E+01, 1.184E+01,-4.638E-01, 1.985E+01, 1.906E+00, 2.839E-01, 1.126E-01, 1.770E-01, 1.000E+00, 3.978E-01, 4.548E-01, 1.000E-02, 1.000E+00, 1.000E+00, 3.978E-03, 2.505E-05, 2.864E-05, 0.000E+00, 1.502E+02, 6.069E+01, 2.350E-02, 9.749E-05, 4.238E+01, 4.966E-03, 6.666E-01
17/10/2019,14:00,9,2.837,3.337,7.454,.920,.083, 1.006E+03, 8.063E+01, 2.124E-02, 3.469E-16, 6.353E-01, 1.826E+01, 8.452E+00, 6.502E+00,-4.638E-01, 1.985E+01, 1.650E+00, 2.839E-01, 1.000E-01, 1.148E-01, 1.000E+00, 2.414E-01, 2.936E-01, 1.000E-02, 1.000E+00, 1.000E+00, 2.414E-03, 1.521E-05, 1.850E-05, 0.000E+00, 1.692E+02, 6.835E+01, 1.529E-02, 5.917E-05, 6.514E+01, 4.095E-03, 7.294E-01
17/10/2019,15:00,9,2.837,3.337,7.477,.892,.112, 1.006E+03, 8.697E+01, 1.079E-02, 3.469E-16, 3.939E-01, 9.208E+00, 7.015E+00, 3.284E+00,-4.827E+00, 4.922E+00, 1.430E+00, 1.527E-01, 1.000E-01, 3.720E-02, 1.000E+00, 1.310E-01, 2.506E-01, 1.000E-02, 1.000E+00, 1.000E+00, 1.310E-03, 8.251E-06, 1.579E-05, 0.000E+00, 2.246E+02, 6.835E+01, 1.148E-02, 3.210E-05, 8.687E+01, 3.689E-03, 8.386E-01
17/10/2019,16:00,9,2.837,3.337,7.210,.907,.095, 1.006E+03, 9.406E+01, 1.079E-02, 3.469E-16, 0.000E+00, 0.000E+00, 0.000E+00, 0.000E+00,-4.827E+00, 4.922E+00, 1.416E+00, 1.526E-01, 1.000E-01,-9.990E+02, 1.000E+00,-9.990E+02, 0.000E+00, 0.000E+00, 0.000E+00, 1.000E+00, 0.000E+00, 0.000E+00, 0.000E+00, 0.000E+00, 2.247E+02, 6.835E+01, 1.341E-02, 0.000E+00, 7.456E+01, 3.865E-03, 7.652E-01
17/10/2019,17:00,9,2.837,3.337,6.944,.921,.078, 1.007E+03, 1.015E+02, 1.079E-02, 3.469E-16, 0.000E+00, 0.000E+00, 0.000E+00, 0.000E+00,-4.827E+00, 4.922E+00, 1.403E+00, 1.525E-01, 1.000E-01,-9.990E+02, 1.000E+00,-9.990E+02, 0.000E+00, 0.000E+00, 0.000E+00, 1.000E+00, 0.000E+00, 0.000E+00, 0.000E+00, 0.000E+00, 2.248E+02, 6.835E+01, 1.809E-02, 0.000E+00, 5.529E+01, 4.176E-03, 7.488E-01
17/10/2019,18:00,9,2.837,3.337,6.678,.936,.062, 1.007E+03, 1.089E+02, 1.344E-04, 3.469E-16, 0.000E+00, 0.000E+00, 0.000E+00, 0.000E+00,-2.406E+00, 8.894E-01, 1.390E+00, 1.000E-01, 1.000E-01,-9.990E+02, 1.000E+00,-9.990E+02, 0.000E+00, 0.000E+00, 0.000E+00, 1.000E+00, 0.000E+00, 0.000E+00, 0.000E+00, 0.000E+00, 2.681E+02, 6.835E+01, 1.959E-02, 0.000E+00, 5.104E+01, 4.180E-03, 7.708E-01
17/10/2019,19:00,9,2.837,3.337,6.431,.947,.051, 1.007E+03, 1.159E+02, 1.344E-04, 3.469E-16, 0.000E+00, 0.000E+00, 0.000E+00, 0.000E+00,-2.406E+00, 8.894E-01, 1.238E+00, 1.000E-01, 1.000E-01,-9.990E+02, 1.000E+00,-9.990E+02, 0.000E+00, 0.000E+00, 0.000E+00, 1.000E+00, 0.000E+00, 0.000E+00, 0.000E+00, 0.000E+00, 2.680E+02, 6.835E+01, 2.291E-02, 0.000E+00, 4.365E+01, 4.313E-03, 8.107E-01
17/10/2019,20:00,9,2.837,3.337,6.184,.958,.040, 1.007E+03, 1.220E+02, 1.344E-04, 3.469E-16, 0.000E+00, 0.000E+00, 0.000E+00, 0.000E+00,-2.406E+00, 8.894E-01, 1.087E+00, 1.000E-01, 1.000E-01,-9.990E+02, 1.000E+00,-9.990E+02, 0.000E+00, 0.000E+00, 0.000E+00, 1.000E+00, 0.000E+00, 0.000E+00, 0.000E+00, 0.000E+00, 2.680E+02, 6.835E+01, 2.680E-02, 0.000E+00, 3.731E+01, 4.434E-03, 7.847E-01
17/10/2019,21:00,9,2.837,3.337,5.937,.969,.029, 1.007E+03, 1.267E+02, 3.374E-04, 3.469E-16, 0.000E+00, 0.000E+00, 0.000E+00, 0.000E+00,-1.306E+00, 2.903E+00, 9.363E-01, 1.237E-01, 1.000E-01,-9.990E+02, 1.000E+00,-9.990E+02, 0.000E+00, 0.000E+00, 0.000E+00, 1.000E+00, 0.000E+00, 0.000E+00, 0.000E+00, 0.000E+00, 1.970E+02, 6.835E+01, 3.137E-02, 0.000E+00, 3.187E+01, 4.684E-03, 8.519E-01
17/10/2019,22:00,9,2.837,3.337,5.943,.970,.028, 1.007E+03, 1.293E+02, 3.374E-04, 3.469E-16, 0.000E+00, 0.000E+00, 0.000E+00, 0.000E+00,-1.306E+00, 2.903E+00, 7.523E-01, 1.237E-01, 1.000E-01,-9.990E+02, 1.000E+00,-9.990E+02, 0.000E+00, 0.000E+00, 0.000E+00, 1.000E+00, 0.000E+00, 0.000E+00, 0.000E+00, 0.000E+00, 1.970E+02, 6.835E+01, 3.136E-02, 0.000E+00, 3.189E+01, 4.684E-03, 9.556E-01
17/10/2019,23:00,9,2.837,3.337,5.950,.970,.028, 1.007E+03, 1.295E+02, 3.374E-04, 3.469E-16, 0.000E+00, 0.000E+00, 0.000E+00, 0.000E+00,-1.306E+00, 2.903E+00, 8.570E-01, 1.237E-01, 1.000E-01,-9.990E+02, 1.000E+00,-9.990E+02, 0.000E+00, 0.000E+00, 0.000E+00, 1.000E+00, 0.000E+00, 0.000E+00, 0.000E+00, 0.000E+00, 1.970E+02, 6.835E+01, 3.350E-02, 0.000E+00, 2.985E+01, 4.729E-03, 1.180E+00
18/10/2019,00:00,9,2.826,3.326,5.956,.971,.027, 1.007E+03, 1.273E+02, 7.651E-02, 3.469E-16, 0.000E+00, 0.000E+00, 0.000E+00, 0.000E+00,-6.736E+00, 5.261E+00, 1.176E+00, 2.412E-01, 1.000E-01,-9.990E+02, 1.000E+00,-9.990E+02, 0.000E+00, 0.000E+00, 0.000E+00, 1.000E+00, 0.000E+00, 0.000E+00, 0.000E+00, 0.000E+00, 1.883E+02, 6.835E+01, 3.348E-02, 0.000E+00, 2.987E+01, 4.747E-03, 1.393E+00
18/10/2019,01:00,9,2.826,3.326,6.269,.974,.025, 1.006E+03, 1.230E+02, 7.651E-02, 3.469E-16, 0.000E+00, 0.000E+00, 0.000E+00, 0.000E+00,-6.736E+00, 5.261E+00, 1.517E+00, 2.413E-01, 1.000E-01,-9.990E+02, 1.000E+00,-9.990E+02, 0.000E+00, 0.000E+00, 0.000E+00, 1.000E+00, 0.000E+00, 0.000E+00, 0.000E+00, 0.000E+00, 1.882E+02, 6.835E+01, 3.287E-02, 0.000E+00, 3.042E+01, 4.734E-03, 1.227E+00
18/10/2019,02:00,9,2.826,3.326,6.583,.977,.022, 1.006E+03, 1.171E+02, 7.651E-02, 3.469E-16, 0.000E+00, 0.000E+00, 0.000E+00, 0.000E+00,-6.736E+00, 5.261E+00, 1.915E+00, 2.415E-01, 1.018E-01,-9.990E+02, 1.000E+00,-9.990E+02, 0.000E+00, 0.000E+00, 0.000E+00, 1.000E+00, 0.000E+00, 0.000E+00, 0.000E+00, 0.000E+00, 1.849E+02, 6.717E+01, 3.488E-02, 0.000E+00, 2.867E+01, 4.846E-03, 9.497E-01
18/10/2019,03:00,9,2.826,3.326,6.896,.980,.020, 1.006E+03, 1.102E+02, 2.632E-01, 3.469E-16, 0.000E+00, 0.000E+00, 0.000E+00, 0.000E+00,-1.038E+01, 4.884E+00, 2.340E+00, 2.895E-01, 1.257E-01,-9.990E+02, 1.000E+00,-9.990E+02, 0.000E+00, 0.000E+00, 0.000E+00, 1.000E+00, 0.000E+00, 0.000E+00, 0.000E+00, 0.000E+00, 1.480E+02, 5.436E+01, 3.957E-02, 0.000E+00, 2.527E+01, 5.920E-03, 8.212E-01
18/10/2019,04:00,9,2.826,3.326,7.160,.986,.014, 1.006E+03, 1.029E+02, 2.632E-01, 3.469E-16, 0.000E+00, 0.000E+00, 0.000E+00, 0.000E+00,-1.038E+01, 4.884E+00, 2.166E+00, 2.896E-01, 1.164E-01,-9.990E+02, 1.000E+00,-9.990E+02, 0.000E+00, 0.000E+00, 0.000E+00, 1.000E+00, 0.000E+00, 0.000E+00, 0.000E+00, 0.000E+00, 1.599E+02, 5.873E+01, 4.552E-02, 0.000E+00, 2.197E+01, 5.644E-03, 5.464E-01
18/10/2019,05:00,9,2.826,3.326,7.424,.993,.008, 1.005E+03, 9.543E+01, 2.632E-01, 3.469E-16, 0.000E+00, 0.000E+00, 0.000E+00, 0.000E+00,-1.038E+01, 4.884E+00, 2.152E+00, 2.898E-01, 1.156E-01,-9.990E+02, 1.000E+00,-9.990E+02, 0.000E+00, 0.000E+00, 0.000E+00, 1.000E+00, 0.000E+00, 0.000E+00, 0.000E+00, 0.000E+00, 1.609E+02, 5.911E+01, 6.044E-02, 0.000E+00, 1.655E+01, 5.790E-03, 4.228E-01
18/10/2019,06:00,9,2.826,3.326,7.688,.999,.001, 1.005E+03, 8.829E+01, 2.786E-02, 3.469E-16, 5.766E-03, 3.559E+00, 1.362E+00, 1.265E+00,-5.130E-01, 1.757E+01, 2.302E+00, 2.584E-01, 1.357E-01, 2.111E-02, 1.000E+00, 5.078E-02, 5.447E-02, 1.000E-02, 1.000E+00, 1.000E+00, 5.078E-04, 3.201E-06, 3.434E-06, 0.000E+00, 1.250E+02, 5.037E+01, 5.529E-02, 1.241E-05, 1.808E+01, 6.664E-03, 5.819E-01
18/10/2019,07:00,9,2.826,3.326,8.290,.986,.015, 1.005E+03, 8.183E+01, 2.786E-02, 3.469E-16, 3.553E+00, 2.429E+01, 2.131E+01, 8.808E+00,-5.130E-01, 1.757E+01, 1.823E+00, 2.586E-01, 1.075E-01, 1.006E-01, 1.000E+00, 3.321E-01, 5.837E-01, 1.000E-02, 1.000E+00, 1.000E+00, 3.321E-03, 2.098E-05, 3.688E-05, 0.000E+00, 1.578E+02, 6.360E+01, 4.325E-02, 8.131E-05, 2.308E+01, 5.271E-03, 7.326E-01
18/10/2019,08:00,9,2.826,3.326,8.891,.974,.030, 1.005E+03, 7.643E+01, 2.786E-02, 3.469E-16, 9.756E+00, 4.701E+01, 3.794E+01, 1.715E+01,-5.130E-01, 1.757E+01, 1.546E+00, 2.589E-01, 1.000E-01, 1.656E-01, 1.000E+00, 5.530E-01, 7.900E-01, 1.000E-02, 1.000E+00, 1.000E+00, 5.530E-03, 3.502E-05, 5.002E-05, 0.000E+00, 1.696E+02, 6.835E+01, 3.390E-02, 1.357E-04, 2.938E+01, 4.797E-03, 7.512E-01
18/10/2019,09:00,9,2.826,3.326,9.492,.961,.047, 1.005E+03, 7.249E+01, 7.342E-03, 3.469E-16, 6.087E+01, 6.866E+01, 1.281E+02, 2.697E+01, 5.013E+00, 4.592E+01, 1.580E+00, 3.081E-01, 1.000E-01, 2.110E-01, 1.000E+00, 7.387E-01, 9.949E-01, 1.000E-02, 1.000E+00, 1.000E+00, 7.387E-03, 4.687E-05, 6.312E-05, 0.000E+00, 1.597E+02, 6.835E+01, 2.662E-02, 1.817E-04, 3.731E+01, 4.646E-03, 7.115E-01
18/10/2019,10:00,9,2.826,3.326,9.797,.952,.058, 1.005E+03, 7.034E+01, 7.342E-03, 3.469E-16, 7.261E+01, 7.613E+01, 1.379E+02, 3.002E+01, 5.013E+00, 4.592E+01, 1.842E+00, 3.083E-01, 1.124E-01, 2.345E-01, 1.000E+00, 7.765E-01, 9.966E-01, 1.000E-02, 1.000E+00, 1.000E+00, 7.765E-03, 4.932E-05, 6.330E-05, 0.000E+00, 1.421E+02, 6.081E+01, 2.114E-02, 1.912E-04, 4.687E+01, 4.874E-03, 8.023E-01
18/10/2019,11:00,9,2.826,3.326,10.102,.943,.070, 1.005E+03, 7.019E+01, 7.342E-03, 3.469E-16, 7.343E+01, 7.663E+01, 1.386E+02, 3.022E+01, 5.013E+00, 4.592E+01, 2.127E+00, 3.084E-01, 1.298E-01, 2.361E-01, 1.000E+00, 7.788E-01, 9.967E-01, 1.000E-02, 1.000E+00, 1.000E+00, 7.788E-03, 4.952E-05, 6.337E-05, 0.000E+00, 1.230E+02, 5.266E+01, 1.814E-02, 1.919E-04, 5.454E+01, 5.218E-03, 8.699E-01
18/10/2019,12:00,9,2.826,3.326,10.407,.934,.083, 1.005E+03, 7.206E+01, 7.957E-03, 3.469E-16, 5.149E+00, 5.152E+01, 2.688E+01, 1.852E+01,-1.338E+00, 3.152E+01, 2.427E+00, 3.084E-01, 1.425E-01, 2.158E-01, 1.000E+00, 5.625E-01, 6.690E-01, 1.000E-02, 1.000E+00, 1.000E+00, 5.625E-03, 3.581E-05, 4.258E-05, 0.000E+00, 1.195E+02, 4.795E+01, 1.557E-02, 1.388E-04, 6.365E+01, 5.282E-03, 9.493E-01
18/10/2019,13:00,9,2.826,3.326,10.280,.928,.091, 1.005E+03, 7.576E+01, 7.957E-03, 3.469E-16, 3.538E+00, 3.886E+01, 2.116E+01, 1.397E+01,-1.338E+00, 3.152E+01, 2.125E+00, 3.084E-01, 1.248E-01, 1.735E-01, 1.000E+00, 4.620E-01, 5.811E-01, 1.000E-02, 1.000E+00, 1.000E+00, 4.620E-03, 2.939E-05, 3.698E-05, 0.000E+00, 1.365E+02, 5.478E+01, 1.355E-02, 1.139E-04, 7.316E+01, 4.614E-03, 1.072E+00
18/10/2019,14:00,9,2.826,3.326,10.153,.921,.098, 1.005E+03, 8.098E+01, 7.957E-03, 3.469E-16, 1.477E+00, 2.110E+01, 1.228E+01, 7.569E+00,-1.338E+00, 3.152E+01, 1.836E+00, 3.084E-01, 1.079E-01, 1.110E-01, 1.000E+00, 2.818E-01, 3.965E-01, 1.000E-02, 1.000E+00, 1.000E+00, 2.818E-03, 1.792E-05, 2.522E-05, 0.000E+00, 1.579E+02, 6.338E+01, 1.361E-02, 6.946E-05, 7.310E+01, 4.181E-03, 1.183E+00
18/10/2019,15:00,9,2.826,3.326,10.025,.915,.105, 1.004E+03, 8.732E+01, 2.159E-01, 3.469E-16, 4.214E-02, 4.578E+00, 2.079E+00, 1.629E+00,-4.338E+00,-7.406E-01, 1.570E+00, 1.000E-01, 1.000E-01, 3.311E-02, 1.000E+00, 6.537E-02, 8.196E-02, 1.000E-02, 1.000E+00, 1.000E+00, 6.537E-04, 4.156E-06, 5.210E-06, 0.000E+00, 3.486E+02, 6.835E+01, 1.185E-02, 1.611E-05, 8.428E+01, 3.572E-03, 1.277E+00
18/10/2019,16:00,9,2.826,3.326,9.591,.936,.076, 1.004E+03, 9.440E+01, 2.159E-01, 3.469E-16, 0.000E+00, 0.000E+00, 0.000E+00, 0.000E+00,-4.338E+00,-7.406E-01, 1.264E+00, 1.000E-01, 1.000E-01,-9.990E+02, 1.000E+00,-9.990E+02, 0.000E+00, 0.000E+00, 0.000E+00, 1.000E+00, 0.000E+00, 0.000E+00, 0.000E+00, 0.000E+00, 3.486E+02, 6.835E+01, 1.600E-02, 0.000E+00, 6.248E+01, 3.873E-03, 1.283E+00
18/10/2019,17:00,9,2.826,3.326,9.157,.958,.049, 1.004E+03, 1.018E+02, 2.159E-01, 3.469E-16, 0.000E+00, 0.000E+00, 0.000E+00, 0.000E+00,-4.338E+00,-7.406E-01, 1.429E+00, 1.000E-01, 1.000E-01,-9.990E+02, 1.000E+00,-9.990E+02, 0.000E+00, 0.000E+00, 0.000E+00, 1.000E+00, 0.000E+00, 0.000E+00, 0.000E+00, 0.000E+00, 3.486E+02, 6.835E+01, 2.163E-02, 0.000E+00, 4.622E+01, 4.134E-03, 1.129E+00
18/10/2019,18:00,9,2.826,3.326,8.722,.980,.023, 1.004E+03, 1.093E+02, 2.109E-01, 3.469E-16, 0.000E+00, 0.000E+00, 0.000E+00, 0.000E+00,-1.318E+01, 5.349E-01, 1.948E+00, 2.425E-01, 1.000E-01,-9.990E+02, 1.000E+00,-9.990E+02, 0.000E+00, 0.000E+00, 0.000E+00, 1.000E+00, 0.000E+00, 0.000E+00, 0.000E+00, 0.000E+00, 2.068E+02, 6.835E+01, 3.160E-02, 0.000E+00, 3.164E+01, 4.669E-03, 8.865E-01
18/10/2019,19:00,9,2.826,3.326,8.642,.985,.017, 1.003E+03, 1.163E+02, 2.109E-01, 3.469E-16, 0.000E+00, 0.000E+00, 0.000E+00, 0.000E+00,-1.318E+01, 5.349E-01, 1.997E+00, 2.425E-01, 1.000E-01,-9.990E+02, 1.000E+00,-9.990E+02, 0.000E+00, 0.000E+00, 0.000E+00, 1.000E+00, 0.000E+00, 0.000E+00, 0.000E+00, 0.000E+00, 2.068E+02, 6.835E+01, 3.657E-02, 0.000E+00, 2.734E+01, 4.765E-03, 7.845E-01
18/10/2019,20:00,9,2.826,3.326,8.562,.990,.011, 1.002E+03, 1.224E+02, 2.109E-01, 3.469E-16, 0.000E+00, 0.000E+00, 0.000E+00, 0.000E+00,-1.318E+01, 5.349E-01, 2.047E+00, 2.426E-01, 1.000E-01,-9.990E+02, 1.000E+00,-9.990E+02, 0.000E+00, 0.000E+00, 0.000E+00, 1.000E+00, 0.000E+00, 0.000E+00, 0.000E+00, 0.000E+00, 2.068E+02, 6.835E+01, 3.920E-02, 0.000E+00, 2.551E+01, 4.807E-03, 7.750E-01
18/10/2019,21:00,9,2.826,3.326,8.483,.996,.005, 1.002E+03, 1.270E+02, 1.297E-02, 3.469E-16, 0.000E+00, 0.000E+00, 0.000E+00, 0.000E+00,-7.432E+00, 3.221E+00, 2.098E+00, 2.578E-01, 1.125E-01,-9.990E+02, 1.000E+00,-9.990E+02, 0.000E+00, 0.000E+00, 0.000E+00, 1.000E+00, 0.000E+00, 0.000E+00, 0.000E+00, 0.000E+00, 1.657E+02, 6.075E+01, 3.933E-02, 0.000E+00, 2.543E+01, 5.377E-03, 7.661E-01
18/10/2019,22:00,9,2.826,3.326,8.512,.997,.003, 1.001E+03, 1.297E+02, 1.297E-02, 3.469E-16, 0.000E+00, 0.000E+00, 0.000E+00, 0.000E+00,-7.432E+00, 3.221E+00, 2.154E+00, 2.579E-01, 1.156E-01,-9.990E+02, 1.000E+00,-9.990E+02, 0.000E+00, 0.000E+00, 0.000E+00, 1.000E+00, 0.000E+00, 0.000E+00, 0.000E+00, 0.000E+00, 1.613E+02, 5.915E+01, 4.241E-02, 0.000E+00, 2.358E+01, 5.559E-03, 6.232E-01
18/10/2019,23:00,9,2.826,3.326,8.541,.998,.002, 1.000E+03, 1.299E+02, 1.297E-02, 3.469E-16, 0.000E+00, 0.000E+00, 0.000E+00, 0.000E+00,-7.432E+00, 3.221E+00, 2.211E+00, 2.580E-01, 1.186E-01,-9.990E+02, 1.000E+00,-9.990E+02, 0.000E+00, 0.000E+00, 0.000E+00, 1.000E+00, 0.000E+00, 0.000E+00, 0.000E+00, 0.000E+00, 1.572E+02, 5.763E+01, 4.236E-02, 0.000E+00, 2.361E+01, 5.685E-03, 5.438E-01
19/10/2019,00:00,9,2.815,3.315,8.570,1.000,.000, 9.997E+02, 1.276E+02, 7.907E-01, 3.469E-16, 0.000E+00, 0.000E+00, 0.000E+00, 0.000E+00,-1.636E+01,-4.254E+00, 2.268E+00, 4.101E-01, 1.272E-01,-9.990E+02, 1.000E+00,-9.990E+02, 0.000E+00, 0.000E+00, 0.000E+00, 1.000E+00, 0.000E+00, 0.000E+00, 0.000E+00, 0.000E+00, 1.401E+02, 5.373E+01, 3.919E-02, 0.000E+00, 2.552E+01, 5.991E-03, 5.628E-01
19/10/2019,01:00,9,2.815,3.315,9.040,.999,.001, 9.989E+02, 1.233E+02, 7.907E-01, 3.469E-16, 0.000E+00, 0.000E+00, 0.000E+00, 0.000E+00,-1.636E+01,-4.254E+00, 2.452E+00, 4.106E-01, 1.375E-01,-9.990E+02, 1.000E+00,-9.990E+02, 0.000E+00, 0.000E+00, 0.000E+00, 1.000E+00, 0.000E+00, 0.000E+00, 0.000E+00, 0.000E+00, 1.296E+02, 4.970E+01, 3.848E-02, 0.000E+00, 2.599E+01, 6.379E-03, 4.463E-01
19/10/2019,02:00,9,2.815,3.315,9.509,.999,.002, 9.981E+02, 1.174E+02, 7.907E-01, 3.469E-16, 0.000E+00, 0.000E+00, 0.000E+00, 0.000E+00,-1.636E+01,-4.254E+00, 3.026E+00, 4.111E-01, 1.698E-01,-9.990E+02, 1.000E+00,-9.990E+02, 0.000E+00, 0.000E+00, 0.000E+00, 1.000E+00, 0.000E+00, 0.000E+00, 0.000E+00, 0.000E+00, 1.050E+02, 4.026E+01, 4.084E-02, 0.000E+00, 2.449E+01, 7.667E-03, 3.920E-01
19/10/2019,03:00,9,2.815,3.315,9.978,.998,.002, 9.973E+02, 1.105E+02, 6.536E-01, 3.469E-16, 0.000E+00, 0.000E+00, 0.000E+00, 0.000E+00,-3.109E+01, 1.163E+01, 3.818E+00, 5.045E-01, 2.139E-01,-9.990E+02, 1.000E+00,-9.990E+02, 0.000E+00, 0.000E+00, 0.000E+00, 1.000E+00, 0.000E+00, 0.000E+00, 0.000E+00, 0.000E+00, 8.344E+01, 3.195E+01, 5.057E-02, 0.000E+00, 1.977E+01, 9.627E-03, 3.328E-01
19/10/2019,04:00,9,2.815,3.315,10.028,.988,.014, 9.973E+02, 1.032E+02, 6.536E-01, 3.469E-16, 0.000E+00, 0.000E+00, 0.000E+00, 0.000E+00,-3.109E+01, 1.163E+01, 3.590E+00, 5.046E-01, 2.011E-01,-9.990E+02, 1.000E+00,-9.990E+02, 0.000E+00, 0.000E+00, 0.000E+00, 1.000E+00, 0.000E+00, 0.000E+00, 0.000E+00, 0.000E+00, 8.875E+01, 3.398E+01, 4.376E-02, 0.000E+00, 2.285E+01, 8.905E-03, 3.353E-01
19/10/2019,05:00,9,2.815,3.315,10.078,.978,.027, 9.974E+02, 9.572E+01, 6.536E-01, 3.469E-16, 0.000E+00, 0.000E+00, 0.000E+00, 0.000E+00,-3.109E+01, 1.163E+01, 3.982E+00, 5.046E-01, 2.231E-01,-9.990E+02, 1.000E+00,-9.990E+02, 0.000E+00, 0.000E+00, 0.000E+00, 1.000E+00, 0.000E+00, 0.000E+00, 0.000E+00, 0.000E+00, 8.001E+01, 3.064E+01, 3.249E-02, 0.000E+00, 3.078E+01, 8.975E-03, 3.837E-01
19/10/2019,06:00,9,2.815,3.315,10.127,.969,.039, 9.974E+02, 8.859E+01, 3.437E-02, 3.469E-16, 7.575E-03, 5.257E+00, 2.027E+00, 1.874E+00,-2.850E+01, 6.855E+01, 4.845E+00, 6.867E-01, 2.816E-01, 1.750E-02, 1.000E+00, 7.427E-02, 8.001E-02, 1.000E-02, 1.000E+00, 1.000E+00, 7.427E-04, 4.723E-06, 5.088E-06, 0.000E+00, 6.109E+01, 2.427E+01, 2.604E-02, 1.823E-05, 3.837E+01, 9.800E-03, 3.817E-01
19/10/2019,07:00,9,2.815,3.315,10.254,.947,.066, 9.980E+02, 8.214E+01, 3.437E-02, 3.469E-16, 1.804E+01, 2.933E+01, 7.731E+01, 1.135E+01,-2.850E+01, 6.855E+01, 5.171E+00, 6.866E-01, 3.006E-01, 9.716E-02, 1.000E+00, 4.300E-01, 9.584E-01, 1.000E-02, 1.000E+00, 1.000E+00, 4.300E-03, 2.735E-05, 6.097E-05, 0.000E+00, 5.724E+01, 2.274E+01, 1.949E-02, 1.056E-04, 5.103E+01, 9.035E-03, 4.315E-01
19/10/2019,08:00,9,2.815,3.315,10.380,.926,.093, 9.985E+02, 7.676E+01, 3.437E-02, 3.469E-16, 5.166E+01, 4.726E+01, 1.320E+02, 1.920E+01,-2.850E+01, 6.855E+01, 5.510E+00, 6.866E-01, 3.202E-01, 1.624E-01, 1.000E+00, 6.190E-01, 9.956E-01, 1.000E-02, 1.000E+00, 1.000E+00, 6.190E-03, 3.940E-05, 6.337E-05, 0.000E+00, 5.373E+01, 2.134E+01, 1.459E-02, 1.521E-04, 6.785E+01, 8.075E-03, 4.703E-01
19/10/2019,09:00,9,2.815,3.315,10.507,.905,.121, 9.991E+02, 7.283E+01, 8.149E-02, 3.469E-16, 9.530E+01, 5.948E+01, 1.867E+02, 2.526E+01, 1.332E+01, 8.711E+01, 5.858E+00, 7.547E-01, 3.500E-01, 2.079E-01, 1.000E+00, 7.196E-01, 9.995E-01, 1.000E-02, 1.000E+00, 1.000E+00, 7.196E-03, 4.582E-05, 6.365E-05, 0.000E+00, 4.755E+01, 1.953E+01, 1.092E-02, 1.769E-04, 9.013E+01, 7.081E-03, 5.515E-01
19/10/2019,10:00,9,2.815,3.315,11.015,.865,.177, 9.996E+02, 7.070E+01, 8.149E-02, 3.469E-16, 1.140E+02, 6.415E+01, 2.000E+02, 2.755E+01, 1.332E+01, 8.711E+01, 5.687E+00, 7.552E-01, 3.398E-01, 2.315E-01, 1.000E+00, 7.525E-01, 9.997E-01, 1.000E-02, 1.000E+00, 1.000E+00, 7.525E-03, 4.800E-05, 6.377E-05, 0.000E+00, 4.898E+01, 2.012E+01, 6.070E-03, 1.853E-04, 1.599E+02, 4.706E-03, 7.947E-01
19/10/2019,11:00,9,2.815,3.315,11.524,.826,.238, 1.000E+03, 7.055E+01, 8.149E-02, 3.469E-16, 1.152E+02, 6.444E+01, 2.008E+02, 2.770E+01, 1.332E+01, 8.711E+01, 5.524E+00, 7.556E-01, 3.300E-01, 2.331E-01, 1.000E+00, 7.544E-01, 9.997E-01, 1.000E-02, 1.000E+00, 1.000E+00, 7.544E-03, 4.821E-05, 6.389E-05, 0.000E+00, 5.043E+01, 2.071E+01, 5.000E-03, 1.861E-04, 1.928E+02, 4.049E-03, 8.966E-01
19/10/2019,12:00,9,2.815,3.315,12.033,.786,.302, 1.001E+03, 7.242E+01, 7.012E-02, 3.469E-16, 9.882E+01, 6.046E+01, 1.893E+02, 2.573E+01,-1.743E+01, 4.776E+01, 5.369E+00, 6.761E-01, 3.145E-01, 2.125E-01, 1.000E+00, 7.266E-01, 9.996E-01, 1.000E-02, 1.000E+00, 1.000E+00, 7.266E-03, 4.652E-05, 6.399E-05, 0.000E+00, 5.428E+01, 2.173E+01, 5.000E-03, 1.796E-04, 1.931E+02, 3.999E-03, 9.928E-01
19/10/2019,13:00,9,2.815,3.315,11.669,.805,.269, 1.001E+03, 7.612E+01, 7.012E-02, 3.469E-16, 6.710E+01, 5.107E+01, 1.611E+02, 2.122E+01,-1.743E+01, 4.776E+01, 4.891E+00, 6.756E-01, 2.865E-01, 1.699E-01, 1.000E+00, 6.530E-01, 9.987E-01, 1.000E-02, 1.000E+00, 1.000E+00, 6.530E-03, 4.175E-05, 6.385E-05, 0.000E+00, 5.960E+01, 2.386E+01, 5.000E-03, 1.612E-04, 1.938E+02, 3.902E-03, 1.021E+00
19/10/2019,14:00,9,2.815,3.315,11.305,.823,.238, 1.001E+03, 8.132E+01, 7.012E-02, 3.469E-16, 2.689E+01, 3.453E+01, 1.028E+02, 1.363E+01,-1.743E+01, 4.776E+01, 4.417E+00, 6.751E-01, 2.587E-01, 1.071E-01, 1.000E+00, 4.888E-01, 9.854E-01, 1.000E-02, 1.000E+00, 1.000E+00, 4.888E-03, 3.121E-05, 6.293E-05, 0.000E+00, 6.599E+01, 2.642E+01, 5.000E-03, 1.205E-04, 1.953E+02, 3.780E-03, 1.075E+00
19/10/2019,15:00,9,2.815,3.315,10.941,.842,.208, 1.001E+03, 8.766E+01, 1.541E-02, 3.469E-16, 2.764E-01, 9.706E+00, 6.855E+00, 3.474E+00,-4.562E+01, 5.162E+00, 3.951E+00, 3.727E-01, 1.927E-01, 2.903E-02, 1.000E+00, 1.364E-01, 2.457E-01, 1.000E-02, 1.000E+00, 1.000E+00, 1.364E-03, 8.700E-06, 1.567E-05, 0.000E+00, 1.064E+02, 3.548E+01, 5.000E-03, 3.359E-05, 1.987E+02, 3.409E-03, 1.014E+00
19/10/2019,16:00,9,2.815,3.315,10.323,.871,.162, 1.002E+03, 9.473E+01, 1.541E-02, 3.469E-16, 0.000E+00, 0.000E+00, 0.000E+00, 0.000E+00,-4.562E+01, 5.162E+00, 3.568E+00, 3.722E-01, 1.739E-01,-9.990E+02, 1.000E+00,-9.990E+02, 0.000E+00, 0.000E+00, 0.000E+00, 1.000E+00, 0.000E+00, 0.000E+00, 0.000E+00, 0.000E+00, 1.180E+02, 3.931E+01, 6.626E-03, 0.000E+00, 1.509E+02, 3.909E-03, 1.067E+00
19/10/2019,17:00,9,2.815,3.315,9.704,.901,.119, 1.003E+03, 1.022E+02, 1.541E-02, 3.469E-16, 0.000E+00, 0.000E+00, 0.000E+00, 0.000E+00,-4.562E+01, 5.162E+00, 3.212E+00, 3.717E-01, 1.564E-01,-9.990E+02, 1.000E+00,-9.990E+02, 0.000E+00, 0.000E+00, 0.000E+00, 1.000E+00, 0.000E+00, 0.000E+00, 0.000E+00, 0.000E+00, 1.312E+02, 4.369E+01, 1.038E-02, 0.000E+00, 9.630E+01, 4.697E-03, 1.045E+00
19/10/2019,18:00,9,2.815,3.315,9.086,.931,.080, 1.004E+03, 1.096E+02, 1.081E-01, 3.469E-16, 0.000E+00, 0.000E+00, 0.000E+00, 0.000E+00,-1.913E+01, 2.593E-03, 2.895E+00, 2.001E-01, 1.082E-01,-9.990E+02, 1.000E+00,-9.990E+02, 0.000E+00, 0.000E+00, 0.000E+00, 1.000E+00, 0.000E+00, 0.000E+00, 0.000E+00, 0.000E+00, 2.473E+02, 6.318E+01, 1.630E-02, 0.000E+00, 6.135E+01, 4.250E-03, 1.208E+00
19/10/2019,19:00,9,2.815,3.315,8.527,.940,.067, 1.004E+03, 1.166E+02, 1.081E-01, 3.469E-16, 0.000E+00, 0.000E+00, 0.000E+00, 0.000E+00,-1.913E+01, 2.593E-03, 1.771E+00, 1.999E-01, 1.000E-01,-9.990E+02, 1.000E+00,-9.990E+02, 0.000E+00, 0.000E+00, 0.000E+00, 1.000E+00, 0.000E+00, 0.000E+00, 0.000E+00, 0.000E+00, 2.679E+02, 6.835E+01, 1.666E-02, 0.000E+00, 6.003E+01, 4.029E-03, 1.229E+00
19/10/2019,20:00,9,2.815,3.315,7.968,.949,.055, 1.005E+03, 1.227E+02, 1.081E-01, 3.469E-16, 0.000E+00, 0.000E+00, 0.000E+00, 0.000E+00,-1.913E+01, 2.593E-03, 8.190E-01, 1.996E-01, 1.000E-01,-9.990E+02, 1.000E+00,-9.990E+02, 0.000E+00, 0.000E+00, 0.000E+00, 1.000E+00, 0.000E+00, 0.000E+00, 0.000E+00, 0.000E+00, 2.682E+02, 6.835E+01, 1.967E-02, 0.000E+00, 5.083E+01, 4.183E-03, 1.402E+00
19/10/2019,21:00,9,2.815,3.315,7.408,.957,.044, 1.005E+03, 1.274E+02, 1.631E-01, 3.469E-16, 0.000E+00, 0.000E+00, 0.000E+00, 0.000E+00,-8.388E+00, 5.543E-01, 9.906E-01, 2.744E-01, 1.000E-01,-9.990E+02, 1.000E+00,-9.990E+02, 0.000E+00, 0.000E+00, 0.000E+00, 1.000E+00, 0.000E+00, 0.000E+00, 0.000E+00, 0.000E+00, 1.852E+02, 6.835E+01, 2.328E-02, 0.000E+00, 4.296E+01, 4.474E-03, 1.565E+00
19/10/2019,22:00,9,2.815,3.315,7.273,.970,.031, 1.006E+03, 1.300E+02, 1.631E-01, 3.469E-16, 0.000E+00, 0.000E+00, 0.000E+00, 0.000E+00,-8.388E+00, 5.543E-01, 1.535E+00, 2.743E-01, 1.000E-01,-9.990E+02, 1.000E+00,-9.990E+02, 0.000E+00, 0.000E+00, 0.000E+00, 1.000E+00, 0.000E+00, 0.000E+00, 0.000E+00, 0.000E+00, 1.852E+02, 6.835E+01, 2.703E-02, 0.000E+00, 3.700E+01, 4.597E-03, 1.431E+00
19/10/2019,23:00,9,2.815,3.315,7.138,.982,.018, 1.006E+03, 1.302E+02, 1.631E-01, 3.469E-16, 0.000E+00, 0.000E+00, 0.000E+00, 0.000E+00,-8.388E+00, 5.543E-01, 2.103E+00, 2.742E-01, 1.135E-01,-9.990E+02, 1.000E+00,-9.990E+02, 0.000E+00, 0.000E+00, 0.000E+00, 1.000E+00, 0.000E+00, 0.000E+00, 0.000E+00, 0.000E+00, 1.632E+02, 6.022E+01, 3.621E-02, 0.000E+00, 2.762E+01, 5.357E-03, 1.082E+00
20/10/2019,00:00,9,2.804,3.304,7.003,.995,.005, 1.007E+03, 1.280E+02, 4.871E-01, 3.469E-16, 0.000E+00, 0.000E+00, 0.000E+00, 0.000E+00,-1.093E+01, 2.917E+00, 2.680E+00, 2.755E-01, 1.410E-01,-9.990E+02, 1.000E+00,-9.990E+02, 0.000E+00, 0.000E+00, 0.000E+00, 1.000E+00, 0.000E+00, 0.000E+00, 0.000E+00, 0.000E+00, 1.348E+02, 4.848E+01, 4.205E-02, 0.000E+00, 2.378E+01, 6.573E-03, 7.142E-01
20/10/2019,01:00,9,2.804,3.304,7.108,.996,.004, 1.006E+03, 1.236E+02, 4.871E-01, 3.469E-16, 0.000E+00, 0.000E+00, 0.000E+00, 0.000E+00,-1.093E+01, 2.917E+00, 2.635E+00, 2.755E-01, 1.386E-01,-9.990E+02, 1.000E+00,-9.990E+02, 0.000E+00, 0.000E+00, 0.000E+00, 1.000E+00, 0.000E+00, 0.000E+00, 0.000E+00, 0.000E+00, 1.371E+02, 4.930E+01, 4.183E-02, 0.000E+00, 2.391E+01, 6.475E-03, 5.005E-01
20/10/2019,02:00,9,2.804,3.304,7.213,.997,.003, 1.006E+03, 1.177E+02, 4.871E-01, 3.469E-16, 0.000E+00, 0.000E+00, 0.000E+00, 0.000E+00,-1.093E+01, 2.917E+00, 2.635E+00, 2.756E-01, 1.387E-01,-9.990E+02, 1.000E+00,-9.990E+02, 0.000E+00, 0.000E+00, 0.000E+00, 1.000E+00, 0.000E+00, 0.000E+00, 0.000E+00, 0.000E+00, 1.370E+02, 4.929E+01, 4.161E-02, 0.000E+00, 2.403E+01, 6.471E-03, 4.090E-01
20/10/2019,03:00,9,2.804,3.304,7.318,.999,.001, 1.006E+03, 1.108E+02, 1.322E+00, 3.469E-16, 0.000E+00, 0.000E+00, 0.000E+00, 0.000E+00,-1.280E+01, 6.740E+00, 2.681E+00, 3.796E-01, 1.506E-01,-9.990E+02, 1.000E+00,-9.990E+02, 0.000E+00, 0.000E+00, 0.000E+00, 1.000E+00, 0.000E+00, 0.000E+00, 0.000E+00, 0.000E+00, 1.183E+02, 4.540E+01, 4.140E-02, 0.000E+00, 2.415E+01, 6.963E-03, 3.905E-01
20/10/2019,04:00,9,2.804,3.304,7.526,.999,.001, 1.006E+03, 1.034E+02, 1.322E+00, 3.469E-16, 0.000E+00, 0.000E+00, 0.000E+00, 0.000E+00,-1.280E+01, 6.740E+00, 2.747E+00, 3.797E-01, 1.543E-01,-9.990E+02, 1.000E+00,-9.990E+02, 0.000E+00, 0.000E+00, 0.000E+00, 1.000E+00, 0.000E+00, 0.000E+00, 0.000E+00, 0.000E+00, 1.154E+02, 4.431E+01, 4.426E-02, 0.000E+00, 2.259E+01, 7.184E-03, 3.706E-01
20/10/2019,05:00,9,2.804,3.304,7.735,.999,.001, 1.006E+03, 9.601E+01, 1.322E+00, 3.469E-16, 0.000E+00, 0.000E+00, 0.000E+00, 0.000E+00,-1.280E+01, 6.740E+00, 2.817E+00, 3.798E-01, 1.582E-01,-9.990E+02, 1.000E+00,-9.990E+02, 0.000E+00, 0.000E+00, 0.000E+00, 1.000E+00, 0.000E+00, 0.000E+00, 0.000E+00, 0.000E+00, 1.126E+02, 4.321E+01, 4.733E-02, 0.000E+00, 2.113E+01, 7.417E-03, 3.675E-01
20/10/2019,06:00,9,2.804,3.304,7.944,.999,.001, 1.006E+03, 8.889E+01, 1.997E+00, 3.469E-16, 2.692E-05, 1.400E+00, 5.010E-01, 5.003E-01,-1.839E+01, 1.551E+01, 2.891E+00, 4.309E-01, 1.625E-01, 1.388E-02, 1.000E+00, 2.037E-02, 2.040E-02, 1.000E-02, 1.000E+00, 1.000E+00, 2.037E-04, 1.285E-06, 1.287E-06, 0.000E+00, 1.095E+02, 4.206E+01, 4.690E-02, 4.942E-06, 2.132E+01, 7.576E-03, 4.089E-01
20/10/2019,07:00,9,2.804,3.304,7.991,.998,.002, 1.006E+03, 8.245E+01, 1.997E+00, 3.469E-16, 5.692E-01, 1.442E+01, 7.347E+00, 5.181E+00,-1.839E+01, 1.551E+01, 3.117E+00, 4.311E-01, 1.752E-01, 9.372E-02, 1.000E+00, 1.984E-01, 2.608E-01, 1.000E-02, 1.000E+00, 1.000E+00, 1.984E-03, 1.252E-05, 1.646E-05, 0.000E+00, 1.015E+02, 3.901E+01, 4.680E-02, 4.815E-05, 2.135E+01, 8.065E-03, 4.271E-01
20/10/2019,08:00,9,2.804,3.304,8.039,.998,.002, 1.005E+03, 7.709E+01, 1.997E+00, 3.469E-16, 1.723E+00, 3.046E+01, 1.482E+01, 1.096E+01,-1.839E+01, 1.551E+01, 3.732E+00, 4.312E-01, 2.098E-01, 1.591E-01, 1.000E+00, 3.778E-01, 4.563E-01, 1.000E-02, 1.000E+00, 1.000E+00, 3.778E-03, 2.385E-05, 2.881E-05, 0.000E+00, 8.479E+01, 3.258E+01, 4.326E-02, 9.171E-05, 2.307E+01, 9.192E-03, 4.316E-01
20/10/2019,09:00,9,2.804,3.304,8.087,.997,.003, 1.005E+03, 7.317E+01, 1.205E+00, 3.469E-16, 1.850E+00, 3.969E+01, 1.746E+01, 1.426E+01,-1.647E+01, 4.432E+01, 4.583E+00, 6.694E-01, 2.685E-01, 2.048E-01, 1.000E+00, 4.578E-01, 5.123E-01, 1.000E-02, 1.000E+00, 1.000E+00, 4.578E-03, 2.890E-05, 3.234E-05, 0.000E+00, 6.355E+01, 2.545E+01, 4.317E-02, 1.111E-04, 2.311E+01, 1.113E-02, 4.594E-01
20/10/2019,10:00,9,2.804,3.304,7.969,.997,.003, 1.005E+03, 7.105E+01, 1.205E+00, 3.469E-16, 2.224E+00, 4.574E+01, 1.986E+01, 1.644E+01,-1.647E+01, 4.432E+01, 4.494E+00, 6.692E-01, 2.633E-01, 2.286E-01, 1.000E+00, 5.067E-01, 5.582E-01, 1.000E-02, 1.000E+00, 1.000E+00, 5.067E-03, 3.198E-05, 3.523E-05, 0.000E+00, 6.481E+01, 2.596E+01, 4.339E-02, 1.230E-04, 2.298E+01, 1.099E-02, 4.769E-01
20/10/2019,11:00,9,2.804,3.304,7.851,.997,.003, 1.005E+03, 7.091E+01, 1.205E+00, 3.469E-16, 2.248E+00, 4.613E+01, 2.001E+01, 1.658E+01,-1.647E+01, 4.432E+01, 4.533E+00, 6.691E-01, 2.656E-01, 2.300E-01, 1.000E+00, 5.096E-01, 5.610E-01, 1.000E-02, 1.000E+00, 1.000E+00, 5.096E-03, 3.215E-05, 3.539E-05, 0.000E+00, 6.425E+01, 2.574E+01, 4.361E-02, 1.236E-04, 2.286E+01, 1.107E-02, 4.656E-01
20/10/2019,12:00,9,2.804,3.304,7.732,.997,.003, 1.005E+03, 7.278E+01, 2.395E-02, 3.469E-16, 6.570E+01, 6.538E+01, 1.371E+02, 2.617E+01,-1.679E+01, 2.754E+01, 4.696E+00, 4.134E-01, 2.635E-01, 2.093E-01, 1.000E+00, 7.297E-01, 9.964E-01, 1.000E-02, 1.000E+00, 1.000E+00, 7.297E-03, 4.601E-05, 6.283E-05, 0.000E+00, 6.764E+01, 2.594E+01, 4.385E-02, 1.769E-04, 2.272E+01, 1.099E-02, 4.380E-01
20/10/2019,13:00,9,2.804,3.304,8.295,.991,.009, 1.005E+03, 7.647E+01, 2.395E-02, 3.469E-16, 4.403E+01, 5.235E+01, 1.148E+02, 2.071E+01,-1.679E+01, 2.754E+01, 2.874E+00, 4.138E-01, 1.613E-01, 1.664E-01, 1.000E+00, 6.428E-01, 9.911E-01, 1.000E-02, 1.000E+00, 1.000E+00, 6.428E-03, 4.062E-05, 6.262E-05, 0.000E+00, 1.105E+02, 4.238E+01, 4.279E-02, 1.562E-04, 2.329E+01, 7.417E-03, 4.536E-01
20/10/2019,14:00,9,2.804,3.304,8.857,.986,.016, 1.005E+03, 8.167E+01, 2.395E-02, 3.469E-16, 1.683E+01, 3.198E+01, 7.035E+01, 1.227E+01,-1.679E+01, 2.754E+01, 2.217E+00, 4.142E-01, 1.245E-01, 1.033E-01, 1.000E+00, 4.528E-01, 9.446E-01, 1.000E-02, 1.000E+00, 1.000E+00, 4.528E-03, 2.867E-05, 5.980E-05, 0.000E+00, 1.432E+02, 5.492E+01, 3.627E-02, 1.102E-04, 2.749E+01, 5.813E-03, 4.348E-01
20/10/2019,15:00,9,2.804,3.304,9.419,.980,.024, 1.006E+03, 8.799E+01, 2.444E-02, 3.469E-16, 3.226E-03, 2.548E+00, 9.567E-01, 9.106E-01,-1.467E+01, 1.776E+01, 3.468E+00, 4.360E-01, 1.974E-01, 2.496E-02, 1.000E+00, 3.680E-02, 3.858E-02, 1.000E-02, 1.000E+00, 1.000E+00, 3.680E-04, 2.335E-06, 2.447E-06, 0.000E+00, 8.902E+01, 3.463E+01, 2.851E-02, 8.978E-06, 3.506E+01, 7.932E-03, 4.367E-01
20/10/2019,16:00,9,2.804,3.304,8.599,.974,.029, 1.006E+03, 9.506E+01, 2.444E-02, 3.469E-16, 0.000E+00, 0.000E+00, 0.000E+00, 0.000E+00,-1.467E+01, 1.776E+01, 2.632E+00, 4.353E-01, 1.498E-01,-9.990E+02, 1.000E+00,-9.990E+02, 0.000E+00, 0.000E+00, 0.000E+00, 1.000E+00, 0.000E+00, 0.000E+00, 0.000E+00, 0.000E+00, 1.174E+02, 4.564E+01, 2.941E-02, 0.000E+00, 3.400E+01, 6.495E-03, 3.562E-01
20/10/2019,17:00,9,2.804,3.304,7.778,.968,.034, 1.007E+03, 1.025E+02, 2.444E-02, 3.469E-16, 0.000E+00, 0.000E+00, 0.000E+00, 0.000E+00,-1.467E+01, 1.776E+01, 2.637E+00, 4.345E-01, 1.500E-01,-9.990E+02, 1.000E+00,-9.990E+02, 0.000E+00, 0.000E+00, 0.000E+00, 1.000E+00, 0.000E+00, 0.000E+00, 0.000E+00, 0.000E+00, 1.172E+02, 4.557E+01, 2.850E-02, 0.000E+00, 3.508E+01, 6.457E-03, 2.893E-01
20/10/2019,18:00,9,2.804,3.304,6.957,.963,.037, 1.008E+03, 1.099E+02, 2.101E-02, 3.469E-16, 0.000E+00, 0.000E+00, 0.000E+00, 0.000E+00,-1.282E+01, 3.275E+01, 3.479E+00, 4.986E-01, 2.015E-01,-9.990E+02, 1.000E+00,-9.990E+02, 0.000E+00, 0.000E+00, 0.000E+00, 1.000E+00, 0.000E+00, 0.000E+00, 0.000E+00, 0.000E+00, 8.568E+01, 3.392E+01, 3.456E-02, 0.000E+00, 2.894E+01, 8.478E-03, 2.406E-01
20/10/2019,19:00,9,2.804,3.304,6.529,.958,.041, 1.009E+03, 1.170E+02, 2.101E-02, 3.469E-16, 0.000E+00, 0.000E+00, 0.000E+00, 0.000E+00,-1.282E+01, 3.275E+01, 3.535E+00, 4.980E-01, 2.048E-01,-9.990E+02, 1.000E+00,-9.990E+02, 0.000E+00, 0.000E+00, 0.000E+00, 1.000E+00, 0.000E+00, 0.000E+00, 0.000E+00, 0.000E+00, 8.433E+01, 3.338E+01, 3.064E-02, 0.000E+00, 3.264E+01, 8.317E-03, 1.931E-01
20/10/2019,20:00,9,2.804,3.304,6.101,.953,.045, 1.010E+03, 1.231E+02, 2.101E-02, 3.469E-16, 0.000E+00, 0.000E+00, 0.000E+00, 0.000E+00,-1.282E+01, 3.275E+01, 3.596E+00, 4.974E-01, 2.083E-01,-9.990E+02, 1.000E+00,-9.990E+02, 0.000E+00, 0.000E+00, 0.000E+00, 1.000E+00, 0.000E+00, 0.000E+00, 0.000E+00, 0.000E+00, 8.291E+01, 3.282E+01, 3.140E-02, 0.000E+00, 3.185E+01, 8.476E-03, 1.998E-01
20/10/2019,21:00,9,2.804,3.304,5.673,.948,.048, 1.010E+03, 1.277E+02, 1.734E-02, 3.469E-16, 0.000E+00, 0.000E+00, 0.000E+00, 0.000E+00,-7.970E+00, 2.887E+01, 3.662E+00, 5.129E-01, 2.144E-01,-9.990E+02, 1.000E+00,-9.990E+02, 0.000E+00, 0.000E+00, 0.000E+00, 1.000E+00, 0.000E+00, 0.000E+00, 0.000E+00, 0.000E+00, 7.968E+01, 3.189E+01, 4.426E-02, 0.000E+00, 2.259E+01, 9.417E-03, 1.995E-01
20/10/2019,22:00,9,2.804,3.304,5.193,.943,.051, 1.011E+03, 1.304E+02, 1.734E-02, 3.469E-16, 0.000E+00, 0.000E+00, 0.000E+00, 0.000E+00,-7.970E+00, 2.887E+01, 3.573E+00, 5.123E-01, 2.092E-01,-9.990E+02, 1.000E+00,-9.990E+02, 0.000E+00, 0.000E+00, 0.000E+00, 1.000E+00, 0.000E+00, 0.000E+00, 0.000E+00, 0.000E+00, 8.166E+01, 3.268E+01, 6.706E-02, 0.000E+00, 1.491E+01, 9.942E-03, 1.756E-01
20/10/2019,23:00,9,2.804,3.304,4.713,.938,.053, 1.012E+03, 1.306E+02, 1.734E-02, 3.469E-16, 0.000E+00, 0.000E+00, 0.000E+00, 0.000E+00,-7.970E+00, 2.887E+01, 3.485E+00, 5.117E-01, 2.040E-01,-9.990E+02, 1.000E+00,-9.990E+02, 0.000E+00, 0.000E+00, 0.000E+00, 1.000E+00, 0.000E+00, 0.000E+00, 0.000E+00, 0.000E+00, 8.374E+01, 3.351E+01, 8.839E-02, 0.000E+00, 1.131E+01, 1.008E-02, 1.662E-01
21/10/2019,00:00,9,2.793,3.293,4.233,.933,.056, 1.013E+03, 1.283E+02, 2.204E-02, 3.469E-16, 0.000E+00, 0.000E+00, 0.000E+00, 0.000E+00,-7.803E+00, 2.878E+01, 3.396E+00, 3.962E-01, 1.957E-01,-9.990E+02, 1.000E+00,-9.990E+02, 0.000E+00, 0.000E+00, 0.000E+00, 1.000E+00, 0.000E+00, 0.000E+00, 0.000E+00, 0.000E+00, 8.867E+01, 3.493E+01, 1.000E-01, 0.000E+00, 1.000E+01, 9.834E-03, 1.323E-01
21/10/2019,01:00,9,2.793,3.293,4.356,.937,.052, 1.013E+03, 1.239E+02, 2.204E-02, 3.469E-16, 0.000E+00, 0.000E+00, 0.000E+00, 0.000E+00,-7.803E+00, 2.878E+01, 3.102E+00, 3.962E-01, 1.787E-01,-9.990E+02, 1.000E+00,-9.990E+02, 0.000E+00, 0.000E+00, 0.000E+00, 1.000E+00, 0.000E+00, 0.000E+00, 0.000E+00, 0.000E+00, 9.709E+01, 3.824E+01, 1.000E-01, 0.000E+00, 1.000E+01, 9.058E-03, 1.250E-01
21/10/2019,02:00,9,2.793,3.293,4.479,.942,.049, 1.013E+03, 1.180E+02, 2.204E-02, 3.469E-16, 0.000E+00, 0.000E+00, 0.000E+00, 0.000E+00,-7.803E+00, 2.878E+01, 2.826E+00, 3.962E-01, 1.628E-01,-9.990E+02, 1.000E+00,-9.990E+02, 0.000E+00, 0.000E+00, 0.000E+00, 1.000E+00, 0.000E+00, 0.000E+00, 0.000E+00, 0.000E+00, 1.066E+02, 4.197E+01, 1.000E-01, 0.000E+00, 1.000E+01, 8.320E-03, 1.162E-01
21/10/2019,03:00,9,2.793,3.293,4.602,.947,.045, 1.014E+03, 1.111E+02, 3.565E-03, 3.469E-16, 0.000E+00, 0.000E+00, 0.000E+00, 0.000E+00,-4.280E+00, 1.984E+01, 2.574E+00, 3.495E-01, 1.492E-01,-9.990E+02, 1.000E+00,-9.990E+02, 0.000E+00, 0.000E+00, 0.000E+00, 1.000E+00, 0.000E+00, 0.000E+00, 0.000E+00, 0.000E+00, 1.156E+02, 4.580E+01, 1.000E-01, 0.000E+00, 1.000E+01, 7.682E-03, 1.899E-01
21/10/2019,04:00,9,2.793,3.293,4.399,.950,.042, 1.014E+03, 1.037E+02, 3.565E-03, 3.469E-16, 0.000E+00, 0.000E+00, 0.000E+00, 0.000E+00,-4.280E+00, 1.984E+01, 2.489E+00, 3.492E-01, 1.443E-01,-9.990E+02, 1.000E+00,-9.990E+02, 0.000E+00, 0.000E+00, 0.000E+00, 1.000E+00, 0.000E+00, 0.000E+00, 0.000E+00, 0.000E+00, 1.196E+02, 4.738E+01, 1.000E-01, 0.000E+00, 1.000E+01, 7.445E-03, 1.524E-01
21/10/2019,05:00,9,2.793,3.293,4.195,.953,.039, 1.015E+03, 9.630E+01, 3.565E-03, 3.469E-16, 0.000E+00, 0.000E+00, 0.000E+00, 0.000E+00,-4.280E+00, 1.984E+01, 2.409E+00, 3.490E-01, 1.397E-01,-9.990E+02, 1.000E+00,-9.990E+02, 0.000E+00, 0.000E+00, 0.000E+00, 1.000E+00, 0.000E+00, 0.000E+00, 0.000E+00, 0.000E+00, 1.235E+02, 4.894E+01, 1.000E-01, 0.000E+00, 1.000E+01, 7.225E-03, 2.102E-01
21/10/2019,06:00,9,2.793,3.293,3.991,.956,.036, 1.015E+03, 8.918E+01, 9.305E-05, 3.469E-16, 1.947E-05, 3.357E+00, 0.000E+00, 0.000E+00, 2.264E+01, 3.149E+01, 2.337E+00, 3.079E-01, 1.507E-01,-9.990E+02, 1.000E+00,-9.990E+02, 0.000E+00, 0.000E+00, 0.000E+00, 1.000E+00, 0.000E+00, 0.000E+00, 0.000E+00, 0.000E+00, 9.576E+01, 4.534E+01, 1.000E-01, 0.000E+00, 1.000E+01, 7.938E-03, 2.723E-01
21/10/2019,07:00,9,2.793,3.293,4.626,.898,.087, 1.016E+03, 8.276E+01, 9.305E-05, 3.469E-16, 1.700E+01, 2.876E+01, 7.859E+01, 1.117E+01, 2.264E+01, 3.149E+01, 1.854E+00, 3.082E-01, 1.195E-01, 9.027E-02, 1.000E+00, 4.217E-01, 9.605E-01, 1.000E-02, 1.000E+00, 1.000E+00, 4.217E-03, 2.630E-05, 5.990E-05, 0.000E+00, 1.208E+02, 5.719E+01, 3.173E-02, 1.007E-04, 3.142E+01, 5.628E-03, 3.579E-01
21/10/2019,08:00,9,2.793,3.293,5.260,.839,.143, 1.016E+03, 7.741E+01, 9.305E-05, 3.469E-16, 5.465E+01, 4.645E+01, 1.445E+02, 1.917E+01, 2.264E+01, 3.149E+01, 1.450E+00, 3.085E-01, 1.000E-01, 1.558E-01, 1.000E+00, 6.159E-01, 9.974E-01, 1.000E-02, 1.000E+00, 1.000E+00, 6.159E-03, 3.849E-05, 6.234E-05, 0.000E+00, 1.444E+02, 6.835E+01, 9.451E-03, 1.474E-04, 1.042E+02, 3.584E-03, 5.171E-01
21/10/2019,09:00,9,2.793,3.293,5.895,.780,.204, 1.017E+03, 7.351E+01, 9.305E-05, 3.469E-16, 8.133E+01, 5.335E+01, 1.659E+02, 2.264E+01, 4.080E+01, 4.947E+01, 1.210E+00, 1.929E-01, 1.000E-01, 2.017E-01, 1.000E+00, 6.852E-01, 9.989E-01, 1.000E-02, 1.000E+00, 1.000E+00, 6.852E-03, 4.292E-05, 6.257E-05, 0.000E+00, 1.103E+02, 6.835E+01, 5.000E-03, 1.644E-04, 1.936E+02, 2.827E-03, 6.995E-01
21/10/2019,10:00,9,2.793,3.293,6.224,.774,.215, 1.017E+03, 7.140E+01, 9.305E-05, 3.469E-16, 9.825E+01, 5.781E+01, 1.788E+02, 2.482E+01, 4.080E+01, 4.947E+01, 4.948E-01, 1.930E-01, 1.000E-01, 2.255E-01, 1.000E+00, 7.208E-01, 9.994E-01, 1.000E-02, 1.000E+00, 1.000E+00, 7.208E-03, 4.521E-05, 6.268E-05, 0.000E+00, 1.104E+02, 6.835E+01, 5.000E-03, 1.731E-04, 1.933E+02, 2.829E-03, 7.380E-01
21/10/2019,11:00,9,2.793,3.293,6.552,.768,.226, 1.017E+03, 7.127E+01, 9.305E-05, 3.469E-16, 9.929E+01, 5.806E+01, 1.795E+02, 2.495E+01, 4.080E+01, 4.947E+01, 5.017E-01, 1.931E-01, 1.000E-01, 2.270E-01, 1.000E+00, 7.228E-01, 9.994E-01, 1.000E-02, 1.000E+00, 1.000E+00, 7.228E-03, 4.538E-05, 6.275E-05, 0.000E+00, 1.104E+02, 6.835E+01, 5.000E-03, 1.738E-04, 1.933E+02, 2.829E-03, 6.784E-01
21/10/2019,12:00,9,2.793,3.293,6.880,.761,.237, 1.017E+03, 7.314E+01, 2.408E-03, 3.469E-16, 3.615E+00, 4.519E+01, 2.258E+01, 1.635E+01, 7.243E+00, 1.395E+01, 1.219E+00, 3.014E-01, 1.000E-01, 2.060E-01, 1.000E+00, 5.133E-01, 6.049E-01, 1.000E-02, 1.000E+00, 1.000E+00, 5.133E-03, 3.227E-05, 3.803E-05, 0.000E+00, 1.564E+02, 6.835E+01, 5.000E-03, 1.236E-04, 1.952E+02, 2.684E-03, 6.321E-01
21/10/2019,13:00,9,2.793,3.293,6.724,.791,.206, 1.017E+03, 7.682E+01, 2.408E-03, 3.469E-16, 2.387E+00, 3.315E+01, 1.723E+01, 1.199E+01, 7.243E+00, 1.395E+01, 1.274E+00, 3.013E-01, 1.000E-01, 1.629E-01, 1.000E+00, 4.086E-01, 5.076E-01, 1.000E-02, 1.000E+00, 1.000E+00, 4.086E-03, 2.567E-05, 3.189E-05, 0.000E+00, 1.564E+02, 6.835E+01, 5.000E-03, 9.833E-05, 1.961E+02, 2.677E-03, 6.705E-01
21/10/2019,14:00,9,2.793,3.293,6.568,.820,.175, 1.016E+03, 8.201E+01, 2.408E-03, 3.469E-16, 8.643E-01, 1.664E+01, 9.117E+00, 6.008E+00, 7.243E+00, 1.395E+01, 1.371E+00, 3.013E-01, 1.000E-01, 9.952E-02, 1.000E+00, 2.283E-01, 3.127E-01, 1.000E-02, 1.000E+00, 1.000E+00, 2.283E-03, 1.433E-05, 1.964E-05, 0.000E+00, 1.564E+02, 6.835E+01, 5.000E-03, 5.490E-05, 1.978E+02, 2.665E-03, 6.878E-01
21/10/2019,15:00,9,2.793,3.293,6.411,.850,.145, 1.016E+03, 8.833E+01, 2.682E-02, 3.469E-16, 1.540E-03, 2.442E+00, 9.015E-01, 8.751E-01,-4.820E+00, 3.895E+00, 1.502E+00, 1.985E-01, 1.000E-01, 2.091E-02, 1.000E+00, 3.537E-02, 3.640E-02, 1.000E-02, 1.000E+00, 1.000E+00, 3.537E-04, 2.220E-06, 2.284E-06, 0.000E+00, 1.937E+02, 6.835E+01, 5.934E-03, 8.503E-06, 1.683E+02, 2.860E-03, 6.730E-01
21/10/2019,16:00,9,2.793,3.293,6.334,.872,.123, 1.015E+03, 9.539E+01, 2.682E-02, 3.469E-16, 0.000E+00, 0.000E+00, 0.000E+00, 0.000E+00,-4.820E+00, 3.895E+00, 1.558E+00, 1.985E-01, 1.000E-01,-9.990E+02, 1.000E+00,-9.990E+02, 0.000E+00, 0.000E+00, 0.000E+00, 1.000E+00, 0.000E+00, 0.000E+00, 0.000E+00, 0.000E+00, 1.937E+02, 6.835E+01, 9.149E-03, 0.000E+00, 1.093E+02, 3.441E-03, 7.266E-01
21/10/2019,17:00,9,2.793,3.293,6.256,.894,.101, 1.015E+03, 1.028E+02, 2.682E-02, 3.469E-16, 0.000E+00, 0.000E+00, 0.000E+00, 0.000E+00,-4.820E+00, 3.895E+00, 1.640E+00, 1.986E-01, 1.000E-01,-9.990E+02, 1.000E+00,-9.990E+02, 0.000E+00, 0.000E+00, 0.000E+00, 1.000E+00, 0.000E+00, 0.000E+00, 0.000E+00, 0.000E+00, 1.937E+02, 6.835E+01, 1.223E-02, 0.000E+00, 8.177E+01, 3.801E-03, 8.104E-01
21/10/2019,18:00,9,2.793,3.293,6.178,.916,.080, 1.015E+03, 1.103E+02, 8.982E-02, 3.469E-16, 0.000E+00, 0.000E+00, 0.000E+00, 0.000E+00,-7.403E+00, 6.237E+00, 1.743E+00, 2.615E-01, 1.000E-01,-9.990E+02, 1.000E+00,-9.990E+02, 0.000E+00, 0.000E+00, 0.000E+00, 1.000E+00, 0.000E+00, 0.000E+00, 0.000E+00, 0.000E+00, 1.854E+02, 6.835E+01, 1.514E-02, 0.000E+00, 6.605E+01, 4.055E-03, 9.527E-01
21/10/2019,19:00,9,2.793,3.293,6.311,.927,.070, 1.014E+03, 1.173E+02, 8.982E-02, 3.469E-16, 0.000E+00, 0.000E+00, 0.000E+00, 0.000E+00,-7.403E+00, 6.237E+00, 2.022E+00, 2.616E-01, 1.091E-01,-9.990E+02, 1.000E+00,-9.990E+02, 0.000E+00, 0.000E+00, 0.000E+00, 1.000E+00, 0.000E+00, 0.000E+00, 0.000E+00, 0.000E+00, 1.700E+02, 6.267E+01, 1.733E-02, 0.000E+00, 5.769E+01, 4.479E-03, 9.452E-01
21/10/2019,20:00,9,2.793,3.293,6.443,.938,.060, 1.014E+03, 1.234E+02, 8.982E-02, 3.469E-16, 0.000E+00, 0.000E+00, 0.000E+00, 0.000E+00,-7.403E+00, 6.237E+00, 2.376E+00, 2.617E-01, 1.282E-01,-9.990E+02, 1.000E+00,-9.990E+02, 0.000E+00, 0.000E+00, 0.000E+00, 1.000E+00, 0.000E+00, 0.000E+00, 0.000E+00, 0.000E+00, 1.446E+02, 5.332E+01, 1.985E-02, 0.000E+00, 5.039E+01, 5.230E-03, 7.782E-01
21/10/2019,21:00,9,2.793,3.293,6.575,.949,.050, 1.013E+03, 1.281E+02, 1.404E-03, 3.469E-16, 0.000E+00, 0.000E+00, 0.000E+00, 0.000E+00,-2.802E+01, 1.240E+01, 2.778E+00, 4.650E-01, 1.545E-01,-9.990E+02, 1.000E+00,-9.990E+02, 0.000E+00, 0.000E+00, 0.000E+00, 1.000E+00, 0.000E+00, 0.000E+00, 0.000E+00, 0.000E+00, 1.164E+02, 4.425E+01, 2.273E-02, 0.000E+00, 4.400E+01, 6.229E-03, 6.052E-01
21/10/2019,22:00,9,2.793,3.293,6.654,.940,.059, 1.012E+03, 1.307E+02, 1.404E-03, 3.469E-16, 0.000E+00, 0.000E+00, 0.000E+00, 0.000E+00,-2.802E+01, 1.240E+01, 3.236E+00, 4.653E-01, 1.799E-01,-9.990E+02, 1.000E+00,-9.990E+02, 0.000E+00, 0.000E+00, 0.000E+00, 1.000E+00, 0.000E+00, 0.000E+00, 0.000E+00, 0.000E+00, 9.995E+01, 3.799E+01, 1.817E-02, 0.000E+00, 5.503E+01, 6.448E-03, 5.044E-01
21/10/2019,23:00,9,2.793,3.293,6.732,.930,.068, 1.012E+03, 1.309E+02, 1.404E-03, 3.469E-16, 0.000E+00, 0.000E+00, 0.000E+00, 0.000E+00,-2.802E+01, 1.240E+01, 3.694E+00, 4.655E-01, 2.054E-01,-9.990E+02, 1.000E+00,-9.990E+02, 0.000E+00, 0.000E+00, 0.000E+00, 1.000E+00, 0.000E+00, 0.000E+00, 0.000E+00, 0.000E+00, 8.754E+01, 3.327E+01, 1.954E-02, 0.000E+00, 5.118E+01, 7.203E-03, 4.729E-01
22/10/2019,00:00,9,2.782,3.282,6.810,.921,.078, 1.011E+03, 1.286E+02, 1.682E-02, 3.469E-16, 0.000E+00, 0.000E+00, 0.000E+00, 0.000E+00,-2.317E+01, 2.089E+01, 4.153E+00, 6.530E-01, 2.417E-01,-9.990E+02, 1.000E+00,-9.990E+02, 0.000E+00, 0.000E+00, 0.000E+00, 1.000E+00, 0.000E+00, 0.000E+00, 0.000E+00, 0.000E+00, 7.107E+01, 2.828E+01, 1.562E-02, 0.000E+00, 6.401E+01, 7.237E-03, 6.060E-01
22/10/2019,01:00,9,2.782,3.282,6.749,.922,.077, 1.010E+03, 1.242E+02, 1.682E-02, 3.469E-16, 0.000E+00, 0.000E+00, 0.000E+00, 0.000E+00,-2.317E+01, 2.089E+01, 4.369E+00, 6.532E-01, 2.543E-01,-9.990E+02, 1.000E+00,-9.990E+02, 0.000E+00, 0.000E+00, 0.000E+00, 1.000E+00, 0.000E+00, 0.000E+00, 0.000E+00, 0.000E+00, 6.756E+01, 2.688E+01, 1.567E-02, 0.000E+00, 6.380E+01, 7.446E-03, 7.251E-01
22/10/2019,02:00,9,2.782,3.282,6.688,.922,.077, 1.009E+03, 1.183E+02, 1.682E-02, 3.469E-16, 0.000E+00, 0.000E+00, 0.000E+00, 0.000E+00,-2.317E+01, 2.089E+01, 4.587E+00, 6.534E-01, 2.670E-01,-9.990E+02, 1.000E+00,-9.990E+02, 0.000E+00, 0.000E+00, 0.000E+00, 1.000E+00, 0.000E+00, 0.000E+00, 0.000E+00, 0.000E+00, 6.435E+01, 2.560E+01, 1.572E-02, 0.000E+00, 6.360E+01, 7.648E-03, 6.762E-01
22/10/2019,03:00,9,2.782,3.282,6.627,.922,.076, 1.008E+03, 1.114E+02, 1.062E-03, 3.469E-16, 0.000E+00, 0.000E+00, 0.000E+00, 0.000E+00,-2.177E+01, 1.597E+01, 4.806E+00, 7.266E-01, 2.815E-01,-9.990E+02, 1.000E+00,-9.990E+02, 0.000E+00, 0.000E+00, 0.000E+00, 1.000E+00, 0.000E+00, 0.000E+00, 0.000E+00, 0.000E+00, 6.064E+01, 2.428E+01, 1.578E-02, 0.000E+00, 6.339E+01, 7.872E-03, 6.453E-01
22/10/2019,04:00,9,2.782,3.282,6.467,.916,.081, 1.007E+03, 1.040E+02, 1.062E-03, 3.469E-16, 0.000E+00, 0.000E+00, 0.000E+00, 0.000E+00,-2.177E+01, 1.597E+01, 4.947E+00, 7.267E-01, 2.898E-01,-9.990E+02, 1.000E+00,-9.990E+02, 0.000E+00, 0.000E+00, 0.000E+00, 1.000E+00, 0.000E+00, 0.000E+00, 0.000E+00, 0.000E+00, 5.892E+01, 2.359E+01, 1.379E-02, 0.000E+00, 7.249E+01, 7.444E-03, 5.619E-01
22/10/2019,05:00,9,2.782,3.282,6.307,.910,.086, 1.007E+03, 9.658E+01, 1.062E-03, 3.469E-16, 0.000E+00, 0.000E+00, 0.000E+00, 0.000E+00,-2.177E+01, 1.597E+01, 5.088E+00, 7.267E-01, 2.980E-01,-9.990E+02, 1.000E+00,-9.990E+02, 0.000E+00, 0.000E+00, 0.000E+00, 1.000E+00, 0.000E+00, 0.000E+00, 0.000E+00, 0.000E+00, 5.729E+01, 2.294E+01, 1.207E-02, 0.000E+00, 8.288E+01, 6.993E-03, 4.754E-01
22/10/2019,06:00,9,2.782,3.282,6.148,.904,.091, 1.006E+03, 8.948E+01, 7.050E-03, 3.469E-16, 3.751E-09, 1.488E+00, 0.000E+00, 0.000E+00, 2.239E+00, 2.134E+01, 5.229E+00, 9.382E-01, 3.107E-01,-9.990E+02, 1.000E+00,-9.990E+02, 0.000E+00, 0.000E+00, 0.000E+00, 1.000E+00, 0.000E+00, 0.000E+00, 0.000E+00, 0.000E+00, 5.413E+01, 2.200E+01, 1.315E-02, 0.000E+00, 7.606E+01, 7.482E-03, 4.463E-01
22/10/2019,07:00,9,2.782,3.282,6.831,.871,.128, 1.006E+03, 8.306E+01, 7.050E-03, 3.469E-16, 5.736E+00, 2.412E+01, 3.271E+01, 8.959E+00, 2.239E+00, 2.134E+01, 6.529E+00, 9.396E-01, 3.880E-01, 8.681E-02, 1.000E+00, 3.457E-01, 7.396E-01, 1.000E-02, 1.000E+00, 1.000E+00, 3.457E-03, 2.173E-05, 4.648E-05, 0.000E+00, 4.335E+01, 1.762E+01, 8.249E-03, 8.288E-05, 1.200E+02, 6.019E-03, 4.887E-01
22/10/2019,08:00,9,2.782,3.282,7.513,.838,.168, 1.005E+03, 7.773E+01, 7.050E-03, 3.469E-16, 1.947E+01, 4.842E+01, 6.413E+01, 1.831E+01, 2.239E+00, 2.134E+01, 7.855E+00, 9.409E-01, 4.668E-01, 1.526E-01, 1.000E+00, 5.900E-01, 9.285E-01, 1.000E-02, 1.000E+00, 1.000E+00, 5.900E-03, 3.717E-05, 5.850E-05, 0.000E+00, 3.604E+01, 1.464E+01, 5.000E-03, 1.418E-04, 1.945E+02, 4.295E-03, 5.073E-01
22/10/2019,09:00,9,2.782,3.282,8.196,.806,.212, 1.005E+03, 7.385E+01, 1.168E-04, 3.469E-16, 4.041E+01, 6.614E+01, 9.816E+01, 2.553E+01, 2.698E+01, 3.739E+01, 9.195E+00, 1.208E+00, 5.477E-01, 1.986E-01, 1.000E+00, 7.161E-01, 9.824E-01, 1.000E-02, 1.000E+00, 1.000E+00, 7.161E-03, 4.523E-05, 6.204E-05, 0.000E+00, 3.056E+01, 1.248E+01, 5.000E-03, 1.725E-04, 1.933E+02, 4.425E-03, 5.831E-01
22/10/2019,10:00,9,2.782,3.282,8.994,.772,.262, 1.004E+03, 7.175E+01, 1.168E-04, 3.469E-16, 4.900E+01, 7.482E+01, 1.072E+02, 2.895E+01, 2.698E+01, 3.739E+01, 8.846E+00, 1.210E+00, 5.269E-01, 2.225E-01, 1.000E+00, 7.609E-01, 9.878E-01, 1.000E-02, 1.000E+00, 1.000E+00, 7.609E-03, 4.820E-05, 6.257E-05, 0.000E+00, 3.177E+01, 1.297E+01, 5.000E-03, 1.839E-04, 1.929E+02, 4.408E-03, 6.444E-01
22/10/2019,11:00,9,2.782,3.282,9.793,.738,.318, 1.004E+03, 7.162E+01, 1.168E-04, 3.469E-16, 4.953E+01, 7.533E+01, 1.077E+02, 2.915E+01, 2.698E+01, 3.739E+01, 8.497E+00, 1.212E+00, 5.062E-01, 2.239E-01, 1.000E+00, 7.633E-01, 9.881E-01, 1.000E-02, 1.000E+00, 1.000E+00, 7.633E-03, 4.849E-05, 6.276E-05, 0.000E+00, 3.307E+01, 1.350E+01, 5.000E-03, 1.850E-04, 1.929E+02, 4.382E-03, 7.587E-01
22/10/2019,12:00,9,2.782,3.282,10.591,.705,.378, 1.003E+03, 7.349E+01, 1.168E-04, 3.469E-16, 3.058E+01, 6.731E+01, 7.932E+01, 2.552E+01,-3.837E+01, 4.019E+01, 8.149E+00, 1.097E+00, 4.805E-01, 2.028E-01, 1.000E+00, 7.131E-01, 9.617E-01, 1.000E-02, 1.000E+00, 1.000E+00, 7.131E-03, 4.542E-05, 6.126E-05, 0.000E+00, 3.529E+01, 1.422E+01, 5.000E-03, 1.733E-04, 1.933E+02, 4.337E-03, 7.819E-01
22/10/2019,13:00,9,2.782,3.282,10.591,.693,.393, 1.003E+03, 7.717E+01, 1.168E-04, 3.469E-16, 1.996E+01, 5.072E+01, 6.408E+01, 1.915E+01,-3.837E+01, 4.019E+01, 7.870E+00, 1.097E+00, 4.641E-01, 1.594E-01, 1.000E+00, 6.062E-01, 9.283E-01, 1.000E-02, 1.000E+00, 1.000E+00, 6.062E-03, 3.861E-05, 5.913E-05, 0.000E+00, 3.654E+01, 1.473E+01, 5.000E-03, 1.473E-04, 1.943E+02, 4.294E-03, 7.014E-01
22/10/2019,14:00,9,2.782,3.282,10.591,.681,.408, 1.003E+03, 8.235E+01, 1.168E-04, 3.469E-16, 6.900E+00, 2.699E+01, 3.596E+01, 1.005E+01,-3.837E+01, 4.019E+01, 7.611E+00, 1.097E+00, 4.488E-01, 9.573E-02, 1.000E+00, 3.800E-01, 7.721E-01, 1.000E-02, 1.000E+00, 1.000E+00, 3.800E-03, 2.421E-05, 4.918E-05, 0.000E+00, 3.779E+01, 1.523E+01, 5.000E-03, 9.234E-05, 1.964E+02, 4.232E-03, 5.745E-01
22/10/2019,15:00,9,2.782,3.282,10.590,.670,.423, 1.003E+03, 8.866E+01, 1.168E-04, 3.469E-16, 5.732E-03, 5.629E+00, 2.146E+00, 2.023E+00,-8.498E+01, 1.228E+01, 7.373E+00, 9.611E-01, 4.278E-01, 1.686E-02, 1.000E+00, 7.993E-02, 8.447E-02, 1.000E-02, 1.000E+00, 1.000E+00, 7.993E-04, 5.091E-06, 5.380E-06, 0.000E+00, 4.029E+01, 1.598E+01, 5.000E-03, 1.942E-05, 1.992E+02, 4.147E-03, 4.561E-01
22/10/2019,16:00,9,2.782,3.282,10.045,.699,.372, 1.003E+03, 9.571E+01, 1.168E-04, 3.469E-16, 0.000E+00, 0.000E+00, 0.000E+00, 0.000E+00,-8.498E+01, 1.228E+01, 6.796E+00, 9.600E-01, 3.943E-01,-9.990E+02, 1.000E+00,-9.990E+02, 0.000E+00, 0.000E+00, 0.000E+00, 1.000E+00, 0.000E+00, 0.000E+00, 0.000E+00, 0.000E+00, 4.372E+01, 1.734E+01, 5.000E-03, 0.000E+00, 2.000E+02, 4.074E-03, 3.789E-01
22/10/2019,17:00,9,2.782,3.282,9.499,.728,.324, 1.003E+03, 1.031E+02, 1.168E-04, 3.469E-16, 0.000E+00, 0.000E+00, 0.000E+00, 0.000E+00,-8.498E+01, 1.228E+01, 6.229E+00, 9.589E-01, 3.613E-01,-9.990E+02, 1.000E+00,-9.990E+02, 0.000E+00, 0.000E+00, 0.000E+00, 1.000E+00, 0.000E+00, 0.000E+00, 0.000E+00, 0.000E+00, 4.770E+01, 1.892E+01, 5.000E-03, 0.000E+00, 2.000E+02, 4.006E-03, 3.412E-01
22/10/2019,18:00,9,2.782,3.282,8.953,.757,.279, 1.004E+03, 1.106E+02, 0.000E+00, 3.469E-16, 0.000E+00, 0.000E+00, 0.000E+00, 0.000E+00,-7.482E+01, 7.501E+00, 5.673E+00, 7.314E-01, 3.218E-01,-9.990E+02, 1.000E+00,-9.990E+02, 0.000E+00, 0.000E+00, 0.000E+00, 1.000E+00, 0.000E+00, 0.000E+00, 0.000E+00, 0.000E+00, 5.480E+01, 2.124E+01, 5.000E-03, 0.000E+00, 2.000E+02, 3.909E-03, 3.215E-01
22/10/2019,19:00,9,2.782,3.282,8.708,.768,.262, 1.004E+03, 1.176E+02, 0.000E+00, 3.469E-16, 0.000E+00, 0.000E+00, 0.000E+00, 0.000E+00,-7.482E+01, 7.501E+00, 5.423E+00, 7.309E-01, 3.075E-01,-9.990E+02, 1.000E+00,-9.990E+02, 0.000E+00, 0.000E+00, 0.000E+00, 1.000E+00, 0.000E+00, 0.000E+00, 0.000E+00, 0.000E+00, 5.734E+01, 2.223E+01, 5.000E-03, 0.000E+00, 2.000E+02, 3.869E-03, 3.456E-01
22/10/2019,20:00,9,2.782,3.282,8.463,.779,.245, 1.005E+03, 1.238E+02, 0.000E+00, 3.469E-16, 0.000E+00, 0.000E+00, 0.000E+00, 0.000E+00,-7.482E+01, 7.501E+00, 5.173E+00, 7.305E-01, 2.933E-01,-9.990E+02, 1.000E+00,-9.990E+02, 0.000E+00, 0.000E+00, 0.000E+00, 1.000E+00, 0.000E+00, 0.000E+00, 0.000E+00, 0.000E+00, 6.011E+01, 2.330E+01, 5.000E-03, 0.000E+00, 2.000E+02, 3.828E-03, 3.786E-01
22/10/2019,21:00,9,2.782,3.282,8.218,.790,.229, 1.005E+03, 1.284E+02, 1.168E-04, 3.469E-16, 0.000E+00, 0.000E+00, 0.000E+00, 0.000E+00,-6.259E+01, 5.297E+00, 4.923E+00, 5.792E-01, 2.709E-01,-9.990E+02, 1.000E+00,-9.990E+02, 0.000E+00, 0.000E+00, 0.000E+00, 1.000E+00, 0.000E+00, 0.000E+00, 0.000E+00, 0.000E+00, 6.709E+01, 2.523E+01, 5.000E-03, 0.000E+00, 2.000E+02, 3.752E-03, 3.888E-01
22/10/2019,22:00,9,2.782,3.282,8.002,.810,.204, 1.005E+03, 1.311E+02, 1.168E-04, 3.469E-16, 0.000E+00, 0.000E+00, 0.000E+00, 0.000E+00,-6.259E+01, 5.297E+00, 4.582E+00, 5.788E-01, 2.521E-01,-9.990E+02, 1.000E+00,-9.990E+02, 0.000E+00, 0.000E+00, 0.000E+00, 1.000E+00, 0.000E+00, 0.000E+00, 0.000E+00, 0.000E+00, 7.210E+01, 2.711E+01, 5.000E-03, 0.000E+00, 2.000E+02, 3.683E-03, 3.390E-01
22/10/2019,23:00,9,2.782,3.282,7.787,.830,.180, 1.006E+03, 1.313E+02, 1.168E-04, 3.469E-16, 0.000E+00, 0.000E+00, 0.000E+00, 0.000E+00,-6.259E+01, 5.297E+00, 4.241E+00, 5.785E-01, 2.333E-01,-9.990E+02, 1.000E+00,-9.990E+02, 0.000E+00, 0.000E+00, 0.000E+00, 1.000E+00, 0.000E+00, 0.000E+00, 0.000E+00, 0.000E+00, 7.792E+01, 2.930E+01, 5.000E-03, 0.000E+00, 2.000E+02, 3.607E-03, 3.047E-01
23/10/2019,00:00,9,2.771,3.271,7.571,.850,.156, 1.006E+03, 1.290E+02, 1.099E-04, 3.469E-16, 0.000E+00, 0.000E+00, 0.000E+00, 0.000E+00,-5.263E+01, 9.872E-01, 3.900E+00, 4.144E-01, 1.960E-01,-9.990E+02, 1.000E+00,-9.990E+02, 0.000E+00, 0.000E+00, 0.000E+00, 1.000E+00, 0.000E+00, 0.000E+00, 0.000E+00, 0.000E+00, 1.016E+02, 3.488E+01, 6.968E-03, 0.000E+00, 1.435E+02, 4.232E-03, 2.725E-01
23/10/2019,01:00,9,2.771,3.271,7.178,.884,.118, 1.007E+03, 1.246E+02, 1.099E-04, 3.469E-16, 0.000E+00, 0.000E+00, 0.000E+00, 0.000E+00,-5.263E+01, 9.872E-01, 3.658E+00, 4.140E-01, 1.837E-01,-9.990E+02, 1.000E+00,-9.990E+02, 0.000E+00, 0.000E+00, 0.000E+00, 1.000E+00, 0.000E+00, 0.000E+00, 0.000E+00, 0.000E+00, 1.084E+02, 3.721E+01, 1.090E-02, 0.000E+00, 9.175E+01, 5.243E-03, 2.462E-01
23/10/2019,02:00,9,2.771,3.271,6.784,.917,.082, 1.007E+03, 1.186E+02, 1.099E-04, 3.469E-16, 0.000E+00, 0.000E+00, 0.000E+00, 0.000E+00,-5.263E+01, 9.872E-01, 3.420E+00, 4.137E-01, 1.717E-01,-9.990E+02, 1.000E+00,-9.990E+02, 0.000E+00, 0.000E+00, 0.000E+00, 1.000E+00, 0.000E+00, 0.000E+00, 0.000E+00, 0.000E+00, 1.160E+02, 3.981E+01, 1.843E-02, 0.000E+00, 5.426E+01, 6.244E-03, 1.656E-01
23/10/2019,03:00,9,2.771,3.271,6.391,.950,.048, 1.007E+03, 1.117E+02, 1.099E-04, 3.469E-16, 0.000E+00, 0.000E+00, 0.000E+00, 0.000E+00,-3.767E+01,-7.547E+00, 3.188E+00, 3.251E-01, 1.491E-01,-9.990E+02, 1.000E+00,-9.990E+02, 0.000E+00, 0.000E+00, 0.000E+00, 1.000E+00, 0.000E+00, 0.000E+00, 0.000E+00, 0.000E+00, 1.434E+02, 4.584E+01, 3.334E-02, 0.000E+00, 3.000E+01, 6.542E-03, 1.390E-01
23/10/2019,04:00,9,2.771,3.271,6.266,.958,.040, 1.007E+03, 1.043E+02, 1.099E-04, 3.469E-16, 0.000E+00, 0.000E+00, 0.000E+00, 0.000E+00,-3.767E+01,-7.547E+00, 3.187E+00, 3.250E-01, 1.491E-01,-9.990E+02, 1.000E+00,-9.990E+02, 0.000E+00, 0.000E+00, 0.000E+00, 1.000E+00, 0.000E+00, 0.000E+00, 0.000E+00, 0.000E+00, 1.435E+02, 4.586E+01, 3.357E-02, 0.000E+00, 2.979E+01, 6.549E-03, 1.644E-01
23/10/2019,05:00,9,2.771,3.271,6.141,.966,.032, 1.007E+03, 9.687E+01, 1.099E-04, 3.469E-16, 0.000E+00, 0.000E+00, 0.000E+00, 0.000E+00,-3.767E+01,-7.547E+00, 3.220E+00, 3.249E-01, 1.506E-01,-9.990E+02, 1.000E+00,-9.990E+02, 0.000E+00, 0.000E+00, 0.000E+00, 1.000E+00, 0.000E+00, 0.000E+00, 0.000E+00, 0.000E+00, 1.420E+02, 4.539E+01, 3.613E-02, 0.000E+00, 2.768E+01, 6.697E-03, 2.288E-01
23/10/2019,06:00,9,2.771,3.271,6.016,.974,.025, 1.007E+03, 8.977E+01, 1.056E-03, 3.469E-16, 3.356E-21, 4.198E-01, 0.000E+00, 0.000E+00,-1.241E+00, 1.704E+01, 3.287E+00, 5.025E-01, 1.947E-01,-9.990E+02, 1.000E+00,-9.990E+02, 0.000E+00, 0.000E+00, 0.000E+00, 1.000E+00, 0.000E+00, 0.000E+00, 0.000E+00, 0.000E+00, 8.667E+01, 3.510E+01, 3.889E-02, 0.000E+00, 2.571E+01, 8.500E-03, 2.889E-01
23/10/2019,07:00,9,2.771,3.271,7.616,.921,.083, 1.007E+03, 8.337E+01, 1.056E-03, 3.469E-16, 1.462E+00, 1.643E+01, 1.233E+01, 5.998E+00,-1.241E+00, 1.704E+01, 3.736E+00, 5.038E-01, 2.214E-01, 8.333E-02, 1.000E+00, 2.336E-01, 3.978E-01, 1.000E-02, 1.000E+00, 1.000E+00, 2.336E-03, 1.472E-05, 2.508E-05, 0.000E+00, 7.624E+01, 3.088E+01, 1.751E-02, 5.594E-05, 5.694E+01, 7.257E-03, 4.390E-01
23/10/2019,08:00,9,2.771,3.271,9.216,.869,.153, 1.008E+03, 7.805E+01, 1.056E-03, 3.469E-16, 5.307E+00, 3.669E+01, 2.629E+01, 1.347E+01,-1.241E+00, 1.704E+01, 4.211E+00, 5.051E-01, 2.495E-01, 1.493E-01, 1.000E+00, 4.606E-01, 6.609E-01, 1.000E-02, 1.000E+00, 1.000E+00, 4.606E-03, 2.920E-05, 4.189E-05, 0.000E+00, 6.764E+01, 2.740E+01, 6.957E-03, 1.109E-04, 1.415E+02, 4.690E-03, 5.228E-01
23/10/2019,09:00,9,2.771,3.271,10.816,.816,.239, 1.008E+03, 7.418E+01, 5.171E-04, 3.469E-16, 5.350E+01, 6.186E+01, 1.228E+02, 2.464E+01,-4.380E+00, 2.145E+01, 4.704E+00, 6.005E-01, 2.780E-01, 1.955E-01, 1.000E+00, 7.068E-01, 9.936E-01, 1.000E-02, 1.000E+00, 1.000E+00, 7.068E-03, 4.506E-05, 6.334E-05, 0.000E+00, 6.087E+01, 2.459E+01, 5.000E-03, 1.712E-04, 1.934E+02, 3.879E-03, 7.044E-01
23/10/2019,10:00,9,2.771,3.271,10.886,.816,.241, 1.008E+03, 7.209E+01, 5.171E-04, 3.469E-16, 6.518E+01, 6.932E+01, 1.337E+02, 2.775E+01,-4.380E+00, 2.145E+01, 4.497E+00, 6.007E-01, 2.658E-01, 2.195E-01, 1.000E+00, 7.498E-01, 9.959E-01, 1.000E-02, 1.000E+00, 1.000E+00, 7.498E-03, 4.781E-05, 6.350E-05, 0.000E+00, 6.367E+01, 2.572E+01, 5.000E-03, 1.817E-04, 1.930E+02, 3.841E-03, 6.880E-01
23/10/2019,11:00,9,2.771,3.271,10.955,.816,.242, 1.008E+03, 7.197E+01, 5.171E-04, 3.469E-16, 6.586E+01, 6.974E+01, 1.343E+02, 2.792E+01,-4.380E+00, 2.145E+01, 4.297E+00, 6.008E-01, 2.540E-01, 2.208E-01, 1.000E+00, 7.520E-01, 9.960E-01, 1.000E-02, 1.000E+00, 1.000E+00, 7.520E-03, 4.796E-05, 6.352E-05, 0.000E+00, 6.662E+01, 2.691E+01, 5.000E-03, 1.822E-04, 1.930E+02, 3.796E-03, 6.519E-01
23/10/2019,12:00,9,2.771,3.271,11.025,.815,.243, 1.008E+03, 7.384E+01, 0.000E+00, 3.469E-16, 8.381E+01, 5.561E+01, 1.742E+02, 2.370E+01,-1.909E+01, 2.421E+01, 4.106E+00, 6.830E-01, 2.403E-01, 1.995E-01, 1.000E+00, 6.978E-01, 9.992E-01, 1.000E-02, 1.000E+00, 1.000E+00, 6.978E-03, 4.452E-05, 6.374E-05, 0.000E+00, 7.110E+01, 2.844E+01, 5.000E-03, 1.692E-04, 1.935E+02, 3.731E-03, 6.745E-01
23/10/2019,13:00,9,2.771,3.271,11.045,.789,.279, 1.008E+03, 7.751E+01, 0.000E+00, 3.469E-16, 5.385E+01, 4.579E+01, 1.435E+02, 1.900E+01,-1.909E+01, 2.421E+01, 4.123E+00, 6.830E-01, 2.413E-01, 1.558E-01, 1.000E+00, 6.132E-01, 9.973E-01, 1.000E-02, 1.000E+00, 1.000E+00, 6.132E-03, 3.912E-05, 6.362E-05, 0.000E+00, 7.080E+01, 2.833E+01, 5.000E-03, 1.487E-04, 1.942E+02, 3.725E-03, 7.447E-01
23/10/2019,14:00,9,2.771,3.271,11.065,.762,.314, 1.008E+03, 8.268E+01, 0.000E+00, 3.469E-16, 1.751E+01, 2.883E+01, 8.003E+01, 1.128E+01,-1.909E+01, 2.421E+01, 4.142E+00, 6.830E-01, 2.424E-01, 9.194E-02, 1.000E+00, 4.255E-01, 9.628E-01, 1.000E-02, 1.000E+00, 1.000E+00, 4.255E-03, 2.715E-05, 6.143E-05, 0.000E+00, 7.048E+01, 2.820E+01, 5.000E-03, 1.032E-04, 1.960E+02, 3.705E-03, 7.523E-01
23/10/2019,15:00,9,2.771,3.271,11.085,.736,.350, 1.008E+03, 8.898E+01, 0.000E+00, 3.469E-16, 3.406E-04, 4.268E+00, 1.548E+00, 1.538E+00,-6.912E+01, 6.629E+00, 4.163E+00, 5.615E-01, 2.256E-01, 1.283E-02, 1.000E+00, 6.131E-02, 6.167E-02, 1.000E-02, 1.000E+00, 1.000E+00, 6.131E-04, 3.912E-06, 3.935E-06, 0.000E+00, 8.180E+01, 3.030E+01, 5.000E-03, 1.486E-05, 1.994E+02, 3.579E-03, 7.563E-01
23/10/2019,16:00,9,2.771,3.271,10.339,.772,.288, 1.008E+03, 9.603E+01, 0.000E+00, 3.469E-16, 0.000E+00, 0.000E+00, 0.000E+00, 0.000E+00,-6.912E+01, 6.629E+00, 4.253E+00, 5.607E-01, 2.304E-01,-9.990E+02, 1.000E+00,-9.990E+02, 0.000E+00, 0.000E+00, 0.000E+00, 1.000E+00, 0.000E+00, 0.000E+00, 0.000E+00, 0.000E+00, 8.012E+01, 2.967E+01, 5.000E-03, 0.000E+00, 2.000E+02, 3.593E-03, 7.790E-01
23/10/2019,17:00,9,2.771,3.271,9.594,.807,.231, 1.008E+03, 1.035E+02, 0.000E+00, 3.469E-16, 0.000E+00, 0.000E+00, 0.000E+00, 0.000E+00,-6.912E+01, 6.629E+00, 4.353E+00, 5.599E-01, 2.357E-01,-9.990E+02, 1.000E+00,-9.990E+02, 0.000E+00, 0.000E+00, 0.000E+00, 1.000E+00, 0.000E+00, 0.000E+00, 0.000E+00, 0.000E+00, 7.834E+01, 2.900E+01, 5.000E-03, 0.000E+00, 2.000E+02, 3.616E-03, 7.509E-01
23/10/2019,18:00,9,2.771,3.271,8.848,.843,.178, 1.008E+03, 1.109E+02, 1.099E-04, 3.469E-16, 0.000E+00, 0.000E+00, 0.000E+00, 0.000E+00,-6.848E+01, 2.237E+00, 4.460E+00, 5.799E-01, 2.438E-01,-9.990E+02, 1.000E+00,-9.990E+02, 0.000E+00, 0.000E+00, 0.000E+00, 1.000E+00, 0.000E+00, 0.000E+00, 0.000E+00, 0.000E+00, 7.501E+01, 2.803E+01, 5.000E-03, 0.000E+00, 2.000E+02, 3.650E-03, 7.464E-01
23/10/2019,19:00,9,2.771,3.271,8.522,.863,.152, 1.008E+03, 1.179E+02, 1.099E-04, 3.469E-16, 0.000E+00, 0.000E+00, 0.000E+00, 0.000E+00,-6.848E+01, 2.237E+00, 4.322E+00, 5.796E-01, 2.363E-01,-9.990E+02, 1.000E+00,-9.990E+02, 0.000E+00, 0.000E+00, 0.000E+00, 1.000E+00, 0.000E+00, 0.000E+00, 0.000E+00, 0.000E+00, 7.743E+01, 2.893E+01, 7.145E-03, 0.000E+00, 1.399E+02, 4.624E-03, 7.705E-01
23/10/2019,20:00,9,2.771,3.271,8.196,.883,.127, 1.008E+03, 1.241E+02, 1.099E-04, 3.469E-16, 0.000E+00, 0.000E+00, 0.000E+00, 0.000E+00,-6.848E+01, 2.237E+00, 4.184E+00, 5.792E-01, 2.287E-01,-9.990E+02, 1.000E+00,-9.990E+02, 0.000E+00, 0.000E+00, 0.000E+00, 1.000E+00, 0.000E+00, 0.000E+00, 0.000E+00, 0.000E+00, 8.000E+01, 2.989E+01, 9.638E-03, 0.000E+00, 1.038E+02, 5.476E-03, 7.518E-01
23/10/2019,21:00,9,2.771,3.271,7.870,.903,.103, 1.008E+03, 1.288E+02, 1.099E-04, 3.469E-16, 0.000E+00, 0.000E+00, 0.000E+00, 0.000E+00,-5.610E+01, 1.846E-01, 4.046E+00, 5.274E-01, 2.197E-01,-9.990E+02, 1.000E+00,-9.990E+02, 0.000E+00, 0.000E+00, 0.000E+00, 1.000E+00, 0.000E+00, 0.000E+00, 0.000E+00, 0.000E+00, 8.386E+01, 3.112E+01, 1.301E-02, 0.000E+00, 7.688E+01, 6.288E-03, 5.882E-01
23/10/2019,22:00,9,2.771,3.271,7.674,.909,.096, 1.008E+03, 1.314E+02, 1.099E-04, 3.469E-16, 0.000E+00, 0.000E+00, 0.000E+00, 0.000E+00,-5.610E+01, 1.846E-01, 4.132E+00, 5.272E-01, 2.243E-01,-9.990E+02, 1.000E+00,-9.990E+02, 0.000E+00, 0.000E+00, 0.000E+00, 1.000E+00, 0.000E+00, 0.000E+00, 0.000E+00, 0.000E+00, 8.212E+01, 3.047E+01, 1.312E-02, 0.000E+00, 7.621E+01, 6.384E-03, 6.228E-01
23/10/2019,23:00,9,2.771,3.271,7.479,.915,.088, 1.008E+03, 1.316E+02, 1.099E-04, 3.469E-16, 0.000E+00, 0.000E+00, 0.000E+00, 0.000E+00,-5.610E+01, 1.846E-01, 4.242E+00, 5.270E-01, 2.302E-01,-9.990E+02, 1.000E+00,-9.990E+02, 0.000E+00, 0.000E+00, 0.000E+00, 1.000E+00, 0.000E+00, 0.000E+00, 0.000E+00, 0.000E+00, 8.002E+01, 2.969E+01, 1.415E-02, 0.000E+00, 7.069E+01, 6.709E-03, 6.763E-01
24/10/2019,00:00,9,2.760,3.260,7.283,.921,.081, 1.008E+03, 1.293E+02, 9.159E-04, 3.469E-16, 0.000E+00, 0.000E+00, 0.000E+00, 0.000E+00,-2.910E+01, 6.361E+00, 4.373E+00, 6.287E-01, 2.524E-01,-9.990E+02, 1.000E+00,-9.990E+02, 0.000E+00, 0.000E+00, 0.000E+00, 1.000E+00, 0.000E+00, 0.000E+00, 0.000E+00, 0.000E+00, 6.862E+01, 2.708E+01, 1.647E-02, 0.000E+00, 6.071E+01, 7.588E-03, 7.383E-01
24/10/2019,01:00,9,2.760,3.260,7.906,.907,.099, 1.008E+03, 1.249E+02, 9.159E-04, 3.469E-16, 0.000E+00, 0.000E+00, 0.000E+00, 0.000E+00,-2.910E+01, 6.361E+00, 4.481E+00, 6.295E-01, 2.587E-01,-9.990E+02, 1.000E+00,-9.990E+02, 0.000E+00, 0.000E+00, 0.000E+00, 1.000E+00, 0.000E+00, 0.000E+00, 0.000E+00, 0.000E+00, 6.694E+01, 2.642E+01, 1.203E-02, 0.000E+00, 8.314E+01, 6.558E-03, 7.143E-01
24/10/2019,02:00,9,2.760,3.260,8.528,.894,.119, 1.008E+03, 1.189E+02, 9.159E-04, 3.469E-16, 0.000E+00, 0.000E+00, 0.000E+00, 0.000E+00,-2.910E+01, 6.361E+00, 4.589E+00, 6.303E-01, 2.650E-01,-9.990E+02, 1.000E+00,-9.990E+02, 0.000E+00, 0.000E+00, 0.000E+00, 1.000E+00, 0.000E+00, 0.000E+00, 0.000E+00, 0.000E+00, 6.535E+01, 2.579E+01, 9.407E-03, 0.000E+00, 1.063E+02, 5.747E-03, 7.777E-01
24/10/2019,03:00,9,2.760,3.260,9.150,.880,.140, 1.008E+03, 1.120E+02, 2.549E-04, 3.469E-16, 0.000E+00, 0.000E+00, 0.000E+00, 0.000E+00,-1.934E+01, 5.184E+00, 4.698E+00, 7.104E-01, 2.754E-01,-9.990E+02, 1.000E+00,-9.990E+02, 0.000E+00, 0.000E+00, 0.000E+00, 1.000E+00, 0.000E+00, 0.000E+00, 0.000E+00, 0.000E+00, 6.196E+01, 2.482E+01, 6.901E-03, 0.000E+00, 1.449E+02, 4.762E-03, 7.176E-01
24/10/2019,04:00,9,2.760,3.260,9.007,.884,.134, 1.008E+03, 1.046E+02, 2.549E-04, 3.469E-16, 0.000E+00, 0.000E+00, 0.000E+00, 0.000E+00,-1.934E+01, 5.184E+00, 4.613E+00, 7.102E-01, 2.704E-01,-9.990E+02, 1.000E+00,-9.990E+02, 0.000E+00, 0.000E+00, 0.000E+00, 1.000E+00, 0.000E+00, 0.000E+00, 0.000E+00, 0.000E+00, 6.310E+01, 2.528E+01, 8.004E-03, 0.000E+00, 1.249E+02, 5.230E-03, 6.761E-01
24/10/2019,05:00,9,2.760,3.260,8.864,.888,.128, 1.007E+03, 9.716E+01, 2.549E-04, 3.469E-16, 0.000E+00, 0.000E+00, 0.000E+00, 0.000E+00,-1.934E+01, 5.184E+00, 4.528E+00, 7.101E-01, 2.654E-01,-9.990E+02, 1.000E+00,-9.990E+02, 0.000E+00, 0.000E+00, 0.000E+00, 1.000E+00, 0.000E+00, 0.000E+00, 0.000E+00, 0.000E+00, 6.428E+01, 2.575E+01, 8.048E-03, 0.000E+00, 1.243E+02, 5.215E-03, 6.965E-01
24/10/2019,06:00,9,2.760,3.260,8.720,.891,.122, 1.007E+03, 9.006E+01, 4.221E-03, 3.469E-16, 0.000E+00, 0.000E+00, 0.000E+00, 0.000E+00,-3.602E+00, 1.600E+01, 4.444E+00, 7.686E-01, 2.634E-01,-9.990E+02, 1.000E+00,-9.990E+02, 0.000E+00, 0.000E+00, 0.000E+00, 1.000E+00, 0.000E+00, 0.000E+00, 0.000E+00, 0.000E+00, 6.404E+01, 2.595E+01, 9.335E-03, 0.000E+00, 1.071E+02, 5.712E-03, 6.824E-01
24/10/2019,07:00,9,2.760,3.260,9.179,.859,.165, 1.008E+03, 8.368E+01, 4.221E-03, 3.469E-16, 1.212E+01, 2.523E+01, 6.476E+01, 9.746E+00,-3.602E+00, 1.600E+01, 5.035E+00, 7.692E-01, 2.984E-01, 7.983E-02, 1.000E+00, 3.782E-01, 9.303E-01, 1.000E-02, 1.000E+00, 1.000E+00, 3.782E-03, 2.397E-05, 5.896E-05, 0.000E+00, 5.653E+01, 2.290E+01, 5.180E-03, 9.070E-05, 1.897E+02, 4.005E-03, 6.663E-01
24/10/2019,08:00,9,2.760,3.260,9.638,.826,.209, 1.008E+03, 7.837E+01, 4.221E-03, 3.469E-16, 4.730E+01, 4.333E+01, 1.352E+02, 1.789E+01,-3.602E+00, 1.600E+01, 5.651E+00, 7.697E-01, 3.350E-01, 1.459E-01, 1.000E+00, 5.903E-01, 9.962E-01, 1.000E-02, 1.000E+00, 1.000E+00, 5.903E-03, 3.747E-05, 6.324E-05, 0.000E+00, 5.036E+01, 2.041E+01, 5.000E-03, 1.418E-04, 1.945E+02, 4.034E-03, 7.826E-01
24/10/2019,09:00,9,2.760,3.260,10.097,.793,.257, 1.008E+03, 7.452E+01, 0.000E+00, 3.469E-16, 7.958E+01, 5.494E+01, 1.724E+02, 2.337E+01, 4.603E+01, 4.032E+01, 6.285E+00, 7.380E-01, 3.806E-01, 1.924E-01, 1.000E+00, 6.910E-01, 9.992E-01, 1.000E-02, 1.000E+00, 1.000E+00, 6.910E-03, 4.394E-05, 6.353E-05, 0.000E+00, 4.260E+01, 1.796E+01, 5.000E-03, 1.663E-04, 1.936E+02, 4.160E-03, 8.278E-01
24/10/2019,10:00,9,2.760,3.260,10.614,.786,.275, 1.008E+03, 7.243E+01, 0.000E+00, 3.469E-16, 9.743E+01, 5.995E+01, 1.872E+02, 2.583E+01, 4.603E+01, 4.032E+01, 6.016E+00, 7.388E-01, 3.643E-01, 2.164E-01, 1.000E+00, 7.290E-01, 9.995E-01, 1.000E-02, 1.000E+00, 1.000E+00, 7.290E-03, 4.644E-05, 6.367E-05, 0.000E+00, 4.451E+01, 1.877E+01, 5.000E-03, 1.758E-04, 1.932E+02, 4.130E-03, 8.401E-01
24/10/2019,11:00,9,2.760,3.260,11.130,.778,.294, 1.007E+03, 7.232E+01, 0.000E+00, 3.469E-16, 9.844E+01, 6.021E+01, 1.880E+02, 2.595E+01, 4.603E+01, 4.032E+01, 5.819E+00, 7.396E-01, 3.523E-01, 2.178E-01, 1.000E+00, 7.309E-01, 9.996E-01, 1.000E-02, 1.000E+00, 1.000E+00, 7.309E-03, 4.665E-05, 6.379E-05, 0.000E+00, 4.602E+01, 1.940E+01, 5.000E-03, 1.765E-04, 1.932E+02, 4.102E-03, 7.270E-01
24/10/2019,12:00,9,2.760,3.260,11.647,.771,.315, 1.007E+03, 7.418E+01, 0.000E+00, 3.469E-16, 3.544E+01, 6.481E+01, 8.999E+01, 2.498E+01,-4.655E+00, 1.937E+01, 5.703E+00, 6.319E-01, 3.372E-01, 1.963E-01, 1.000E+00, 7.075E-01, 9.753E-01, 1.000E-02, 1.000E+00, 1.000E+00, 7.075E-03, 4.523E-05, 6.235E-05, 0.000E+00, 5.016E+01, 2.027E+01, 5.000E-03, 1.712E-04, 1.934E+02, 4.057E-03, 8.654E-01
24/10/2019,13:00,9,2.760,3.260,11.297,.810,.255, 1.007E+03, 7.785E+01, 0.000E+00, 3.469E-16, 2.243E+01, 4.850E+01, 7.187E+01, 1.858E+01,-4.655E+00, 1.937E+01, 4.931E+00, 6.316E-01, 2.915E-01, 1.523E-01, 1.000E+00, 5.973E-01, 9.480E-01, 1.000E-02, 1.000E+00, 1.000E+00, 5.973E-03, 3.814E-05, 6.053E-05, 0.000E+00, 5.802E+01, 2.345E+01, 5.000E-03, 1.443E-04, 1.944E+02, 3.909E-03, 8.044E-01
24/10/2019,14:00,9,2.760,3.260,10.948,.850,.197, 1.007E+03, 8.301E+01, 0.000E+00, 3.469E-16, 6.856E+00, 2.512E+01, 3.760E+01, 9.429E+00,-4.655E+00, 1.937E+01, 4.218E+00, 6.313E-01, 2.494E-01, 8.818E-02, 1.000E+00, 3.625E-01, 7.870E-01, 1.000E-02, 1.000E+00, 1.000E+00, 3.625E-03, 2.312E-05, 5.019E-05, 0.000E+00, 6.783E+01, 2.741E+01, 5.000E-03, 8.750E-05, 1.966E+02, 3.726E-03, 7.397E-01
24/10/2019,15:00,9,2.760,3.260,10.599,.889,.142, 1.006E+03, 8.930E+01, 7.852E-04, 3.469E-16, 1.403E-06, 2.467E+00, 0.000E+00, 0.000E+00,-3.489E+01,-1.937E-03, 3.598E+00, 4.369E-01, 1.938E-01,-9.990E+02, 1.000E+00,-9.990E+02, 0.000E+00, 0.000E+00, 0.000E+00, 1.000E+00, 0.000E+00, 0.000E+00, 0.000E+00, 0.000E+00, 9.585E+01, 3.528E+01, 9.536E-03, 0.000E+00, 1.049E+02, 5.049E-03, 6.187E-01
24/10/2019,16:00,9,2.760,3.260,10.299,.913,.110, 1.006E+03, 9.635E+01, 7.852E-04, 3.469E-16, 0.000E+00, 0.000E+00, 0.000E+00, 0.000E+00,-3.489E+01,-1.937E-03, 3.577E+00, 4.367E-01, 1.926E-01,-9.990E+02, 1.000E+00,-9.990E+02, 0.000E+00, 0.000E+00, 0.000E+00, 1.000E+00, 0.000E+00, 0.000E+00, 0.000E+00, 0.000E+00, 9.645E+01, 3.549E+01, 2.168E-02, 0.000E+00, 4.612E+01, 7.149E-03, 4.774E-01
24/10/2019,17:00,9,2.760,3.260,9.998,.937,.078, 1.006E+03, 1.038E+02, 7.852E-04, 3.469E-16, 0.000E+00, 0.000E+00, 0.000E+00, 0.000E+00,-3.489E+01,-1.937E-03, 3.557E+00, 4.366E-01, 1.915E-01,-9.990E+02, 1.000E+00,-9.990E+02, 0.000E+00, 0.000E+00, 0.000E+00, 1.000E+00, 0.000E+00, 0.000E+00, 0.000E+00, 0.000E+00, 9.701E+01, 3.570E+01, 8.525E-02, 0.000E+00, 1.173E+01, 9.431E-03, 1.876E-01
24/10/2019,18:00,9,2.760,3.260,9.698,.960,.048, 1.005E+03, 1.112E+02, 2.238E-03, 3.469E-16, 0.000E+00, 0.000E+00, 0.000E+00, 0.000E+00,-1.329E+01, 1.472E-01, 3.539E+00, 5.475E-01, 2.061E-01,-9.990E+02, 1.000E+00,-9.990E+02, 0.000E+00, 0.000E+00, 0.000E+00, 1.000E+00, 0.000E+00, 0.000E+00, 0.000E+00, 0.000E+00, 8.333E+01, 3.317E+01, 9.729E-02, 0.000E+00, 1.028E+01, 1.028E-02, 1.257E-01
24/10/2019,19:00,9,2.760,3.260,9.738,.969,.038, 1.005E+03, 1.183E+02, 2.238E-03, 3.469E-16, 0.000E+00, 0.000E+00, 0.000E+00, 0.000E+00,-1.329E+01, 1.472E-01, 3.806E+00, 5.477E-01, 2.217E-01,-9.990E+02, 1.000E+00,-9.990E+02, 0.000E+00, 0.000E+00, 0.000E+00, 1.000E+00, 0.000E+00, 0.000E+00, 0.000E+00, 0.000E+00, 7.748E+01, 3.084E+01, 6.622E-02, 0.000E+00, 1.510E+01, 1.042E-02, 6.079E-02
24/10/2019,20:00,9,2.760,3.260,9.778,.978,.027, 1.004E+03, 1.244E+02, 2.238E-03, 3.469E-16, 0.000E+00, 0.000E+00, 0.000E+00, 0.000E+00,-1.329E+01, 1.472E-01, 4.077E+00, 5.479E-01, 2.374E-01,-9.990E+02, 1.000E+00,-9.990E+02, 0.000E+00, 0.000E+00, 0.000E+00, 1.000E+00, 0.000E+00, 0.000E+00, 0.000E+00, 0.000E+00, 7.233E+01, 2.879E+01, 7.629E-02, 0.000E+00, 1.311E+01, 1.128E-02, 2.458E-02
24/10/2019,21:00,9,2.760,3.260,9.818,.986,.017, 1.003E+03, 1.291E+02, 2.537E-02, 3.469E-16, 0.000E+00, 0.000E+00, 0.000E+00, 0.000E+00,-1.483E+01, 1.174E+00, 4.351E+00, 6.974E-01, 2.556E-01,-9.990E+02, 1.000E+00,-9.990E+02, 0.000E+00, 0.000E+00, 0.000E+00, 1.000E+00, 0.000E+00, 0.000E+00, 0.000E+00, 0.000E+00, 6.658E+01, 2.674E+01, 7.539E-02, 0.000E+00, 1.327E+01, 1.200E-02, 1.297E-02
24/10/2019,22:00,9,2.760,3.260,9.909,.979,.026, 1.003E+03, 1.318E+02, 2.537E-02, 3.469E-16, 0.000E+00, 0.000E+00, 0.000E+00, 0.000E+00,-1.483E+01, 1.174E+00, 4.514E+00, 6.978E-01, 2.652E-01,-9.990E+02, 1.000E+00,-9.990E+02, 0.000E+00, 0.000E+00, 0.000E+00, 1.000E+00, 0.000E+00, 0.000E+00, 0.000E+00, 0.000E+00, 6.416E+01, 2.577E+01, 3.809E-02, 0.000E+00, 2.625E+01, 1.066E-02, 2.012E-02
24/10/2019,23:00,9,2.760,3.260,10.000,.971,.035, 1.002E+03, 1.320E+02, 2.537E-02, 3.469E-16, 0.000E+00, 0.000E+00, 0.000E+00, 0.000E+00,-1.483E+01, 1.174E+00, 4.684E+00, 6.982E-01, 2.752E-01,-9.990E+02, 1.000E+00,-9.990E+02, 0.000E+00, 0.000E+00, 0.000E+00, 1.000E+00, 0.000E+00, 0.000E+00, 0.000E+00, 0.000E+00, 6.184E+01, 2.484E+01, 3.517E-02, 0.000E+00, 2.843E+01, 1.069E-02, 2.593E-02
25/10/2019,00:00,9,2.749,3.249,10.092,.964,.044, 1.001E+03, 1.296E+02, 4.361E-02, 3.469E-16, 0.000E+00, 0.000E+00, 0.000E+00, 0.000E+00,-2.890E+01, 1.089E+01, 4.859E+00, 7.090E-01, 2.829E-01,-9.990E+02, 1.000E+00,-9.990E+02, 0.000E+00, 0.000E+00, 0.000E+00, 1.000E+00, 0.000E+00, 0.000E+00, 0.000E+00, 0.000E+00, 6.071E+01, 2.416E+01, 3.040E-02, 0.000E+00, 3.290E+01, 1.039E-02, 2.612E-02
25/10/2019,01:00,9,2.749,3.249,10.384,.962,.048, 1.000E+03, 1.252E+02, 4.361E-02, 3.469E-16, 0.000E+00, 0.000E+00, 0.000E+00, 0.000E+00,-2.890E+01, 1.089E+01, 4.686E+00, 7.096E-01, 2.728E-01,-9.990E+02, 1.000E+00,-9.990E+02, 0.000E+00, 0.000E+00, 0.000E+00, 1.000E+00, 0.000E+00, 0.000E+00, 0.000E+00, 0.000E+00, 6.295E+01, 2.505E+01, 3.011E-02, 0.000E+00, 3.321E+01, 1.011E-02, 2.147E-02
25/10/2019,02:00,9,2.749,3.249,10.677,.961,.051, 9.993E+02, 1.192E+02, 4.361E-02, 3.469E-16, 0.000E+00, 0.000E+00, 0.000E+00, 0.000E+00,-2.890E+01, 1.089E+01, 4.549E+00, 7.103E-01, 2.649E-01,-9.990E+02, 1.000E+00,-9.990E+02, 0.000E+00, 0.000E+00, 0.000E+00, 1.000E+00, 0.000E+00, 0.000E+00, 0.000E+00, 0.000E+00, 6.484E+01, 2.581E+01, 2.763E-02, 0.000E+00, 3.619E+01, 9.626E-03, 4.027E-02
25/10/2019,03:00,9,2.749,3.249,10.969,.959,.054, 9.985E+02, 1.123E+02, 4.572E-03, 3.469E-16, 0.000E+00, 0.000E+00, 0.000E+00, 0.000E+00,-2.411E+01, 9.919E+00, 4.452E+00, 6.313E-01, 2.582E-01,-9.990E+02, 1.000E+00,-9.990E+02, 0.000E+00, 0.000E+00, 0.000E+00, 1.000E+00, 0.000E+00, 0.000E+00, 0.000E+00, 0.000E+00, 6.675E+01, 2.647E+01, 2.563E-02, 0.000E+00, 3.902E+01, 9.220E-03, 3.109E-02
25/10/2019,04:00,9,2.749,3.249,10.911,.954,.060, 9.980E+02, 1.049E+02, 4.572E-03, 3.469E-16, 0.000E+00, 0.000E+00, 0.000E+00, 0.000E+00,-2.411E+01, 9.919E+00, 4.406E+00, 6.314E-01, 2.556E-01,-9.990E+02, 1.000E+00,-9.990E+02, 0.000E+00, 0.000E+00, 0.000E+00, 1.000E+00, 0.000E+00, 0.000E+00, 0.000E+00, 0.000E+00, 6.743E+01, 2.674E+01, 2.567E-02, 0.000E+00, 3.895E+01, 9.165E-03, 3.800E-02
25/10/2019,05:00,9,2.749,3.249,10.852,.950,.065, 9.976E+02, 9.744E+01, 4.572E-03, 3.469E-16, 0.000E+00, 0.000E+00, 0.000E+00, 0.000E+00,-2.411E+01, 9.919E+00, 4.361E+00, 6.314E-01, 2.530E-01,-9.990E+02, 1.000E+00,-9.990E+02, 0.000E+00, 0.000E+00, 0.000E+00, 1.000E+00, 0.000E+00, 0.000E+00, 0.000E+00, 0.000E+00, 6.813E+01, 2.702E+01, 2.230E-02, 0.000E+00, 4.485E+01, 8.640E-03, 4.780E-02
25/10/2019,06:00,9,2.749,3.249,10.794,.945,.071, 9.971E+02, 9.035E+01, 5.427E-03, 3.469E-16, 0.000E+00, 0.000E+00, 0.000E+00, 0.000E+00,-1.347E+01, 1.771E+01, 4.316E+00, 7.376E-01, 2.542E-01,-9.990E+02, 1.000E+00,-9.990E+02, 0.000E+00, 0.000E+00, 0.000E+00, 1.000E+00, 0.000E+00, 0.000E+00, 0.000E+00, 0.000E+00, 6.679E+01, 2.689E+01, 2.069E-02, 0.000E+00, 4.834E+01, 8.418E-03, 9.006E-02
25/10/2019,07:00,9,2.749,3.249,11.256,.923,.103, 9.967E+02, 8.398E+01, 5.427E-03, 3.469E-16, 6.956E-01, 1.256E+01, 7.903E+00, 4.588E+00,-1.347E+01, 1.771E+01, 5.044E+00, 7.384E-01, 2.971E-01, 7.633E-02, 1.000E+00, 1.800E-01, 2.775E-01, 1.000E-02, 1.000E+00, 1.000E+00, 1.800E-03, 1.149E-05, 1.772E-05, 0.000E+00, 5.714E+01, 2.300E+01, 1.420E-02, 4.332E-05, 7.020E+01, 7.664E-03, 1.868E-01
25/10/2019,08:00,9,2.749,3.249,11.719,.902,.136, 9.962E+02, 7.869E+01, 5.427E-03, 3.469E-16, 2.917E+00, 3.038E+01, 1.859E+01, 1.115E+01,-1.347E+01, 1.771E+01, 5.778E+00, 7.391E-01, 3.403E-01, 1.426E-01, 1.000E+00, 3.916E-01, 5.344E-01, 1.000E-02, 1.000E+00, 1.000E+00, 3.916E-03, 2.504E-05, 3.418E-05, 0.000E+00, 4.988E+01, 2.008E+01, 1.053E-02, 9.440E-05, 9.410E+01, 6.815E-03, 4.758E-01
25/10/2019,09:00,9,2.749,3.249,12.181,.880,.171, 9.958E+02, 7.485E+01, 2.108E-02, 3.469E-16, 7.805E+01, 5.444E+01, 1.725E+02, 2.320E+01,-1.395E+01, 4.544E+01, 6.515E+00, 1.066E+00, 3.858E-01, 1.892E-01, 1.000E+00, 6.876E-01, 9.992E-01, 2.575E-02, 1.000E+00, 1.000E+00, 1.771E-02, 1.134E-04, 1.648E-04, 0.000E+00, 4.377E+01, 1.772E+01, 6.275E-03, 4.275E-04, 1.492E+02, 5.113E-03, 7.675E-01
25/10/2019,10:00,9,2.749,3.249,12.439,.803,.285, 9.956E+02, 7.278E+01, 2.108E-02, 3.469E-16, 9.594E+01, 5.955E+01, 1.877E+02, 2.571E+01,-1.395E+01, 4.544E+01, 6.983E+00, 1.067E+00, 4.136E-01, 2.134E-01, 1.000E+00, 7.267E-01, 9.996E-01, 6.175E-02, 1.000E+00, 1.000E+00, 4.487E-02, 2.877E-04, 3.957E-04, 0.000E+00, 4.083E+01, 1.653E+01, 5.000E-03, 1.084E-03, 1.644E+02, 4.816E-03, 1.195E+00
25/10/2019,11:00,9,2.749,3.249,12.697,.727,.403, 9.954E+02, 7.266E+01, 2.108E-02, 3.469E-16, 9.693E+01, 5.980E+01, 1.885E+02, 2.583E+01,-1.395E+01, 4.544E+01, 7.627E+00, 1.067E+00, 4.517E-01, 2.147E-01, 1.000E+00, 7.285E-01, 9.996E-01, 9.707E-02, 1.000E+00, 1.000E+00, 7.071E-02, 4.538E-04, 6.226E-04, 0.000E+00, 3.738E+01, 1.513E+01, 5.000E-03, 1.710E-03, 1.490E+02, 5.301E-03, 1.779E+00
25/10/2019,12:00,9,2.749,3.249,12.954,.650,.525, 9.952E+02, 7.452E+01, 7.845E-07, 3.469E-16, 8.101E+01, 5.539E+01, 1.755E+02, 2.366E+01,-5.500E+01, 4.286E+01, 8.406E+00, 1.150E+00, 4.948E-01, 1.930E-01, 1.000E+00, 6.949E-01, 9.993E-01, 1.317E-01, 1.000E+00, 1.000E+00, 9.153E-02, 5.879E-04, 8.453E-04, 0.000E+00, 3.433E+01, 1.381E+01, 5.000E-03, 2.216E-03, 1.386E+02, 5.721E-03, 1.380E+00
25/10/2019,13:00,9,2.749,3.249,12.299,.646,.508, 9.957E+02, 7.818E+01, 7.845E-07, 3.469E-16, 5.055E+01, 4.500E+01, 1.421E+02, 1.869E+01,-5.500E+01, 4.286E+01, 7.919E+00, 1.148E+00, 4.661E-01, 1.488E-01, 1.000E+00, 6.050E-01, 9.971E-01, 4.223E-02, 1.000E+00, 1.000E+00, 2.555E-02, 1.637E-04, 2.699E-04, 0.000E+00, 3.645E+01, 1.466E+01, 5.000E-03, 6.172E-04, 1.780E+02, 4.620E-03, 6.989E-01
25/10/2019,14:00,9,2.749,3.249,11.643,.642,.492, 9.963E+02, 8.334E+01, 7.845E-07, 3.469E-16, 1.451E+01, 2.717E+01, 7.313E+01, 1.060E+01,-5.500E+01, 4.286E+01, 7.445E+00, 1.147E+00, 4.382E-01, 8.442E-02, 1.000E+00, 4.037E-01, 9.506E-01, 1.000E-02, 1.000E+00, 1.000E+00, 4.037E-03, 2.581E-05, 6.077E-05, 0.000E+00, 3.877E+01, 1.560E+01, 5.000E-03, 9.728E-05, 1.962E+02, 4.218E-03, 5.188E-01
25/10/2019,15:00,9,2.749,3.249,10.988,.638,.476, 9.968E+02, 8.962E+01, 4.768E-04, 3.469E-16, 5.044E-12, 1.595E+00, 0.000E+00, 0.000E+00,-9.017E+01, 1.586E+01, 6.987E+00, 9.242E-01, 4.035E-01,-9.990E+02, 1.000E+00,-9.990E+02, 0.000E+00, 0.000E+00, 0.000E+00, 1.000E+00, 0.000E+00, 0.000E+00, 0.000E+00, 0.000E+00, 4.291E+01, 1.694E+01, 5.000E-03, 0.000E+00, 2.000E+02, 4.091E-03, 4.320E-01
25/10/2019,16:00,9,2.749,3.249,10.315,.648,.443, 9.977E+02, 9.666E+01, 4.768E-04, 3.469E-16, 0.000E+00, 0.000E+00, 0.000E+00, 0.000E+00,-9.017E+01, 1.586E+01, 6.583E+00, 9.227E-01, 3.802E-01,-9.990E+02, 1.000E+00,-9.990E+02, 0.000E+00, 0.000E+00, 0.000E+00, 1.000E+00, 0.000E+00, 0.000E+00, 0.000E+00, 0.000E+00, 4.555E+01, 1.798E+01, 5.000E-03, 0.000E+00, 2.000E+02, 4.045E-03, 3.623E-01
25/10/2019,17:00,9,2.749,3.249,9.643,.658,.411, 9.985E+02, 1.041E+02, 4.768E-04, 3.469E-16, 0.000E+00, 0.000E+00, 0.000E+00, 0.000E+00,-9.017E+01, 1.586E+01, 6.206E+00, 9.212E-01, 3.584E-01,-9.990E+02, 1.000E+00,-9.990E+02, 0.000E+00, 0.000E+00, 0.000E+00, 1.000E+00, 0.000E+00, 0.000E+00, 0.000E+00, 0.000E+00, 4.833E+01, 1.907E+01, 5.000E-03, 0.000E+00, 2.000E+02, 3.999E-03, 3.084E-01
25/10/2019,18:00,9,2.749,3.249,8.970,.668,.382, 9.994E+02, 1.115E+02, 7.845E-07, 3.469E-16, 0.000E+00, 0.000E+00, 0.000E+00, 0.000E+00,-8.014E+01, 1.407E+01, 5.861E+00, 8.006E-01, 3.351E-01,-9.990E+02, 1.000E+00,-9.990E+02, 0.000E+00, 0.000E+00, 0.000E+00, 1.000E+00, 0.000E+00, 0.000E+00, 0.000E+00, 0.000E+00, 5.218E+01, 2.040E+01, 5.000E-03, 0.000E+00, 2.000E+02, 3.943E-03, 2.766E-01
25/10/2019,19:00,9,2.749,3.249,8.488,.675,.362, 1.000E+03, 1.186E+02, 7.845E-07, 3.469E-16, 0.000E+00, 0.000E+00, 0.000E+00, 0.000E+00,-8.014E+01, 1.407E+01, 5.751E+00, 7.997E-01, 3.288E-01,-9.990E+02, 1.000E+00,-9.990E+02, 0.000E+00, 0.000E+00, 0.000E+00, 1.000E+00, 0.000E+00, 0.000E+00, 0.000E+00, 0.000E+00, 5.319E+01, 2.079E+01, 5.000E-03, 0.000E+00, 2.000E+02, 3.928E-03, 2.632E-01
25/10/2019,20:00,9,2.749,3.249,8.006,.681,.342, 1.001E+03, 1.248E+02, 7.845E-07, 3.469E-16, 0.000E+00, 0.000E+00, 0.000E+00, 0.000E+00,-8.014E+01, 1.407E+01, 5.642E+00, 7.987E-01, 3.225E-01,-9.990E+02, 1.000E+00,-9.990E+02, 0.000E+00, 0.000E+00, 0.000E+00, 1.000E+00, 0.000E+00, 0.000E+00, 0.000E+00, 0.000E+00, 5.424E+01, 2.119E+01, 5.000E-03, 0.000E+00, 2.000E+02, 3.911E-03, 2.669E-01
25/10/2019,21:00,9,2.749,3.249,7.524,.688,.324, 1.001E+03, 1.295E+02, 7.845E-07, 3.469E-16, 0.000E+00, 0.000E+00, 0.000E+00, 0.000E+00,-7.076E+01, 1.386E+01, 5.533E+00, 7.388E-01, 3.149E-01,-9.990E+02, 1.000E+00,-9.990E+02, 0.000E+00, 0.000E+00, 0.000E+00, 1.000E+00, 0.000E+00, 0.000E+00, 0.000E+00, 0.000E+00, 5.578E+01, 2.170E+01, 5.000E-03, 0.000E+00, 2.000E+02, 3.890E-03, 2.790E-01
25/10/2019,22:00,9,2.749,3.249,7.228,.659,.348, 1.002E+03, 1.321E+02, 7.845E-07, 3.469E-16, 0.000E+00, 0.000E+00, 0.000E+00, 0.000E+00,-7.076E+01, 1.386E+01, 5.274E+00, 7.382E-01, 3.002E-01,-9.990E+02, 1.000E+00,-9.990E+02, 0.000E+00, 0.000E+00, 0.000E+00, 1.000E+00, 0.000E+00, 0.000E+00, 0.000E+00, 0.000E+00, 5.853E+01, 2.277E+01, 5.000E-03, 0.000E+00, 2.000E+02, 3.848E-03, 3.175E-01
25/10/2019,23:00,9,2.749,3.249,6.932,.629,.371, 1.002E+03, 1.323E+02, 7.845E-07, 3.469E-16, 0.000E+00, 0.000E+00, 0.000E+00, 0.000E+00,-7.076E+01, 1.386E+01, 5.020E+00, 7.376E-01, 2.857E-01,-9.990E+02, 1.000E+00,-9.990E+02, 0.000E+00, 0.000E+00, 0.000E+00, 1.000E+00, 0.000E+00, 0.000E+00, 0.000E+00, 0.000E+00, 6.150E+01, 2.392E+01, 5.000E-03, 0.000E+00, 2.000E+02, 3.804E-03, 3.339E-01
26/10/2019,00:00,9,2.738,3.238,6.636,.599,.392, 1.003E+03, 1.300E+02, 6.592E-03, 3.469E-16, 0.000E+00, 0.000E+00, 0.000E+00, 0.000E+00,-4.318E+01, 1.352E+01, 4.771E+00, 5.637E-01, 2.674E-01,-9.990E+02, 1.000E+00,-9.990E+02, 0.000E+00, 0.000E+00, 0.000E+00, 1.000E+00, 0.000E+00, 0.000E+00, 0.000E+00, 0.000E+00, 6.671E+01, 2.556E+01, 5.000E-03, 0.000E+00, 2.000E+02, 3.742E-03, 3.278E-01
26/10/2019,01:00,9,2.738,3.238,6.673,.626,.366, 1.002E+03, 1.255E+02, 6.592E-03, 3.469E-16, 0.000E+00, 0.000E+00, 0.000E+00, 0.000E+00,-4.318E+01, 1.352E+01, 4.416E+00, 5.639E-01, 2.475E-01,-9.990E+02, 1.000E+00,-9.990E+02, 0.000E+00, 0.000E+00, 0.000E+00, 1.000E+00, 0.000E+00, 0.000E+00, 0.000E+00, 0.000E+00, 7.207E+01, 2.762E+01, 5.000E-03, 0.000E+00, 2.000E+02, 3.667E-03, 3.296E-01
26/10/2019,02:00,9,2.738,3.238,6.710,.654,.340, 1.002E+03, 1.195E+02, 6.592E-03, 3.469E-16, 0.000E+00, 0.000E+00, 0.000E+00, 0.000E+00,-4.318E+01, 1.352E+01, 4.097E+00, 5.641E-01, 2.297E-01,-9.990E+02, 1.000E+00,-9.990E+02, 0.000E+00, 0.000E+00, 0.000E+00, 1.000E+00, 0.000E+00, 0.000E+00, 0.000E+00, 0.000E+00, 7.767E+01, 2.976E+01, 5.000E-03, 0.000E+00, 2.000E+02, 3.593E-03, 3.361E-01
26/10/2019,03:00,9,2.738,3.238,6.748,.682,.313, 1.001E+03, 1.125E+02, 1.446E+00, 3.469E-16, 0.000E+00, 0.000E+00, 0.000E+00, 0.000E+00,-2.936E+01, 4.359E+01, 3.824E+00, 4.059E-01, 2.049E-01,-9.990E+02, 1.000E+00,-9.990E+02, 0.000E+00, 0.000E+00, 0.000E+00, 1.000E+00, 0.000E+00, 0.000E+00, 0.000E+00, 0.000E+00, 9.110E+01, 3.336E+01, 5.000E-03, 0.000E+00, 2.000E+02, 3.470E-03, 3.421E-01
26/10/2019,04:00,9,2.738,3.238,5.961,.786,.200, 1.000E+03, 1.051E+02, 1.446E+00, 3.469E-16, 0.000E+00, 0.000E+00, 0.000E+00, 0.000E+00,-2.936E+01, 4.359E+01, 2.831E+00, 4.056E-01, 1.516E-01,-9.990E+02, 1.000E+00,-9.990E+02, 0.000E+00, 0.000E+00, 0.000E+00, 1.000E+00, 0.000E+00, 0.000E+00, 0.000E+00, 0.000E+00, 1.232E+02, 4.509E+01, 5.000E-03, 0.000E+00, 2.000E+02, 3.133E-03, 2.605E-01
26/10/2019,05:00,9,2.738,3.238,5.174,.889,.098, 9.990E+02, 9.772E+01, 1.446E+00, 3.469E-16, 0.000E+00, 0.000E+00, 0.000E+00, 0.000E+00,-2.936E+01, 4.359E+01, 2.228E+00, 4.053E-01, 1.193E-01,-9.990E+02, 1.000E+00,-9.990E+02, 0.000E+00, 0.000E+00, 0.000E+00, 1.000E+00, 0.000E+00, 0.000E+00, 0.000E+00, 0.000E+00, 1.566E+02, 5.731E+01, 1.136E-02, 0.000E+00, 8.805E+01, 4.175E-03, 2.779E-01
26/10/2019,06:00,9,2.738,3.238,4.387,.993,.006, 9.978E+02, 9.064E+01, 2.034E+00, 3.469E-16, 0.000E+00, 0.000E+00, 0.000E+00, 0.000E+00,-6.856E-02, 5.189E+01, 2.339E+00, 4.350E-01, 1.389E-01,-9.990E+02, 1.000E+00,-9.990E+02, 0.000E+00, 0.000E+00, 0.000E+00, 1.000E+00, 0.000E+00, 0.000E+00, 0.000E+00, 0.000E+00, 1.212E+02, 4.920E+01, 5.809E-02, 0.000E+00, 1.721E+01, 6.847E-03, 3.363E-01
26/10/2019,07:00,9,2.738,3.238,4.088,.994,.005, 9.967E+02, 8.428E+01, 2.034E+00, 3.469E-16, 1.161E-01, 8.176E+00, 3.561E+00, 2.978E+00,-6.856E-02, 5.189E+01, 1.549E+00, 4.350E-01, 1.000E-01, 7.282E-02, 1.000E+00, 1.168E-01, 1.362E-01, 1.000E-02, 1.000E+00, 1.000E+00, 1.168E-03, 7.270E-06, 8.478E-06, 0.000E+00, 1.684E+02, 6.835E+01, 5.963E-02, 2.729E-05, 1.676E+01, 5.109E-03, 3.539E-01
26/10/2019,08:00,9,2.738,3.238,3.789,.995,.004, 9.955E+02, 7.900E+01, 2.034E+00, 3.469E-16, 5.319E-01, 2.111E+01, 9.093E+00, 7.699E+00,-6.856E-02, 5.189E+01, 2.263E+00, 4.350E-01, 1.343E-01, 1.393E-01, 1.000E+00, 2.771E-01, 3.120E-01, 1.000E-02, 1.000E+00, 1.000E+00, 2.771E-03, 1.722E-05, 1.940E-05, 0.000E+00, 1.254E+02, 5.088E+01, 5.682E-02, 6.467E-05, 1.758E+01, 6.631E-03, 3.827E-01
26/10/2019,09:00,9,2.738,3.238,3.490,.996,.003, 9.944E+02, 7.517E+01, 1.759E-01, 3.469E-16, 2.206E+00, 3.652E+01, 1.769E+01, 1.338E+01,-3.521E-01, 5.399E+01, 3.692E+00, 4.880E-01, 2.191E-01, 1.860E-01, 1.000E+00, 4.406E-01, 5.168E-01, 1.000E-02, 1.000E+00, 1.000E+00, 4.406E-03, 2.736E-05, 3.210E-05, 0.000E+00, 7.690E+01, 3.120E+01, 5.859E-02, 1.027E-04, 1.704E+01, 1.013E-02, 3.585E-01
26/10/2019,10:00,9,2.738,3.238,3.675,.980,.016, 9.949E+02, 7.311E+01, 1.759E-01, 3.469E-16, 2.725E+00, 4.288E+01, 2.040E+01, 1.571E+01,-3.521E-01, 5.399E+01, 3.148E+00, 4.881E-01, 1.869E-01, 2.103E-01, 1.000E+00, 4.952E-01, 5.678E-01, 1.000E-02, 1.000E+00, 1.000E+00, 4.952E-03, 3.078E-05, 3.529E-05, 0.000E+00, 9.018E+01, 3.658E+01, 4.000E-02, 1.155E-04, 2.493E+01, 8.284E-03, 4.734E-01
26/10/2019,11:00,9,2.738,3.238,3.860,.963,.030, 9.953E+02, 7.300E+01, 1.759E-01, 3.469E-16, 2.751E+00, 4.321E+01, 2.053E+01, 1.583E+01,-3.521E-01, 5.399E+01, 2.887E+00, 4.881E-01, 1.714E-01, 2.116E-01, 1.000E+00, 4.979E-01, 5.702E-01, 1.000E-02, 1.000E+00, 1.000E+00, 4.979E-03, 3.096E-05, 3.546E-05, 0.000E+00, 9.833E+01, 3.989E+01, 3.404E-02, 1.162E-04, 2.927E+01, 7.478E-03, 5.033E-01
26/10/2019,12:00,9,2.738,3.238,4.045,.947,.043, 9.958E+02, 7.486E+01, 1.975E-03, 3.469E-16, 1.568E+00, 3.492E+01, 1.577E+01, 1.277E+01,-7.234E+00, 2.954E+01, 2.984E+00, 3.258E-01, 1.684E-01, 1.898E-01, 1.000E+00, 4.215E-01, 4.772E-01, 1.000E-02, 1.000E+00, 1.000E+00, 4.215E-03, 2.623E-05, 2.969E-05, 0.000E+00, 1.052E+02, 4.058E+01, 2.514E-02, 9.847E-05, 3.962E+01, 6.833E-03, 4.911E-01
26/10/2019,13:00,9,2.738,3.238,4.229,.952,.040, 9.963E+02, 7.852E+01, 1.975E-03, 3.469E-16, 9.619E-01, 2.432E+01, 1.130E+01, 8.887E+00,-7.234E+00, 2.954E+01, 2.385E+00, 3.258E-01, 1.347E-01, 1.453E-01, 1.000E+00, 3.157E-01, 3.718E-01, 1.000E-02, 1.000E+00, 1.000E+00, 3.157E-03, 1.966E-05, 2.315E-05, 0.000E+00, 1.315E+02, 5.076E+01, 2.853E-02, 7.380E-05, 3.496E+01, 5.936E-03, 4.643E-01
26/10/2019,14:00,9,2.738,3.238,4.412,.957,.036, 9.967E+02, 8.366E+01, 1.975E-03, 3.469E-16, 2.560E-01, 1.039E+01, 4.951E+00, 3.791E+00,-7.234E+00, 2.954E+01, 2.276E+00, 3.258E-01, 1.285E-01, 8.069E-02, 1.000E+00, 1.476E-01, 1.842E-01, 1.000E-02, 1.000E+00, 1.000E+00, 1.476E-03, 9.197E-06, 1.148E-05, 0.000E+00, 1.379E+02, 5.321E+01, 2.808E-02, 3.453E-05, 3.557E+01, 5.698E-03, 4.313E-01
26/10/2019,15:00,9,2.738,3.238,4.596,.963,.032, 9.972E+02, 8.993E+01, 0.000E+00, 3.469E-16, 8.213E-68, 2.212E-01, 0.000E+00, 0.000E+00,-2.320E+01, 9.094E+00, 2.714E+00, 3.317E-01, 1.392E-01,-9.990E+02, 1.000E+00,-9.990E+02, 0.000E+00, 0.000E+00, 0.000E+00, 1.000E+00, 0.000E+00, 0.000E+00, 0.000E+00, 0.000E+00, 1.400E+02, 4.910E+01, 3.191E-02, 0.000E+00, 3.134E+01, 6.186E-03, 4.488E-01
26/10/2019,16:00,9,2.738,3.238,4.486,.963,.031, 9.976E+02, 9.696E+01, 0.000E+00, 3.469E-16, 0.000E+00, 0.000E+00, 0.000E+00, 0.000E+00,-2.320E+01, 9.094E+00, 2.692E+00, 3.315E-01, 1.381E-01,-9.990E+02, 1.000E+00,-9.990E+02, 0.000E+00, 0.000E+00, 0.000E+00, 1.000E+00, 0.000E+00, 0.000E+00, 0.000E+00, 0.000E+00, 1.412E+02, 4.951E+01, 3.476E-02, 0.000E+00, 2.877E+01, 6.243E-03, 4.315E-01
26/10/2019,17:00,9,2.738,3.238,4.375,.964,.030, 9.979E+02, 1.044E+02, 0.000E+00, 3.469E-16, 0.000E+00, 0.000E+00, 0.000E+00, 0.000E+00,-2.320E+01, 9.094E+00, 2.686E+00, 3.314E-01, 1.377E-01,-9.990E+02, 1.000E+00,-9.990E+02, 0.000E+00, 0.000E+00, 0.000E+00, 1.000E+00, 0.000E+00, 0.000E+00, 0.000E+00, 0.000E+00, 1.416E+02, 4.963E+01, 3.509E-02, 0.000E+00, 2.850E+01, 6.240E-03, 4.114E-01
26/10/2019,18:00,9,2.738,3.238,4.265,.965,.029, 9.983E+02, 1.118E+02, 0.000E+00, 3.469E-16, 0.000E+00, 0.000E+00, 0.000E+00, 0.000E+00,-2.517E+01, 7.322E-02, 2.695E+00, 2.910E-01, 1.277E-01,-9.990E+02, 1.000E+00,-9.990E+02, 0.000E+00, 0.000E+00, 0.000E+00, 1.000E+00, 0.000E+00, 0.000E+00, 0.000E+00, 0.000E+00, 1.652E+02, 5.352E+01, 3.542E-02, 0.000E+00, 2.823E+01, 5.832E-03, 3.045E-01
26/10/2019,19:00,9,2.738,3.238,3.826,.968,.026, 9.983E+02, 1.189E+02, 0.000E+00, 3.469E-16, 0.000E+00, 0.000E+00, 0.000E+00, 0.000E+00,-2.517E+01, 7.322E-02, 2.665E+00, 2.908E-01, 1.262E-01,-9.990E+02, 1.000E+00,-9.990E+02, 0.000E+00, 0.000E+00, 0.000E+00, 1.000E+00, 0.000E+00, 0.000E+00, 0.000E+00, 0.000E+00, 1.673E+02, 5.416E+01, 3.688E-02, 0.000E+00, 2.711E+01, 5.812E-03, 3.049E-01
26/10/2019,20:00,9,2.738,3.238,3.386,.971,.023, 9.983E+02, 1.251E+02, 0.000E+00, 3.469E-16, 0.000E+00, 0.000E+00, 0.000E+00, 0.000E+00,-2.517E+01, 7.322E-02, 2.634E+00, 2.906E-01, 1.247E-01,-9.990E+02, 1.000E+00,-9.990E+02, 0.000E+00, 0.000E+00, 0.000E+00, 1.000E+00, 0.000E+00, 0.000E+00, 0.000E+00, 0.000E+00, 1.694E+02, 5.481E+01, 4.453E-02, 0.000E+00, 2.246E+01, 5.912E-03, 3.032E-01
26/10/2019,21:00,9,2.738,3.238,2.946,.973,.020, 9.983E+02, 1.298E+02, 0.000E+00, 3.469E-16, 0.000E+00, 0.000E+00, 0.000E+00, 0.000E+00,-1.550E+01,-2.088E+00, 2.604E+00, 2.056E-01, 1.072E-01,-9.990E+02, 1.000E+00,-9.990E+02, 0.000E+00, 0.000E+00, 0.000E+00, 1.000E+00, 0.000E+00, 0.000E+00, 0.000E+00, 0.000E+00, 2.265E+02, 6.374E+01, 4.690E-02, 0.000E+00, 2.132E+01, 5.137E-03, 2.708E-01
26/10/2019,22:00,9,2.738,3.238,2.636,.974,.019, 9.980E+02, 1.325E+02, 0.000E+00, 3.469E-16, 0.000E+00, 0.000E+00, 0.000E+00, 0.000E+00,-1.550E+01,-2.088E+00, 2.447E+00, 2.055E-01, 1.007E-01,-9.990E+02, 1.000E+00,-9.990E+02, 0.000E+00, 0.000E+00, 0.000E+00, 1.000E+00, 0.000E+00, 0.000E+00, 0.000E+00, 0.000E+00, 2.412E+02, 6.786E+01, 4.527E-02, 0.000E+00, 2.209E+01, 4.839E-03, 2.865E-01
26/10/2019,23:00,9,2.738,3.238,2.325,.975,.018, 9.977E+02, 1.326E+02, 0.000E+00, 3.469E-16, 0.000E+00, 0.000E+00, 0.000E+00, 0.000E+00,-1.550E+01,-2.088E+00, 2.292E+00, 2.055E-01, 1.000E-01,-9.990E+02, 1.000E+00,-9.990E+02, 0.000E+00, 0.000E+00, 0.000E+00, 1.000E+00, 0.000E+00, 0.000E+00, 0.000E+00, 0.000E+00, 2.431E+02, 6.835E+01, 4.742E-02, 0.000E+00, 2.109E+01, 4.831E-03, 3.099E-01
27/10/2019,00:00,9,2.727,3.227,2.015,.976,.017, 9.974E+02, 1.303E+02, 1.440E-02, 3.469E-16, 0.000E+00, 0.000E+00, 0.000E+00, 0.000E+00,-2.512E+00, 4.654E-03, 2.139E+00, 1.000E-01, 1.000E-01,-9.990E+02, 1.000E+00,-9.990E+02, 0.000E+00, 0.000E+00, 0.000E+00, 1.000E+00, 0.000E+00, 0.000E+00, 0.000E+00, 0.000E+00, 2.734E+02, 6.835E+01, 4.996E-02, 0.000E+00, 2.002E+01, 4.791E-03, 3.362E-01
27/10/2019,01:00,9,2.727,3.227,2.211,.976,.017, 9.967E+02, 1.258E+02, 1.440E-02, 3.469E-16, 0.000E+00, 0.000E+00, 0.000E+00, 0.000E+00,-2.512E+00, 4.654E-03, 1.734E+00, 1.000E-01, 1.000E-01,-9.990E+02, 1.000E+00,-9.990E+02, 0.000E+00, 0.000E+00, 0.000E+00, 1.000E+00, 0.000E+00, 0.000E+00, 0.000E+00, 0.000E+00, 2.735E+02, 6.835E+01, 4.830E-02, 0.000E+00, 2.070E+01, 4.775E-03, 3.749E-01
27/10/2019,02:00,9,2.727,3.227,2.407,.976,.018, 9.960E+02, 1.198E+02, 1.440E-02, 3.469E-16, 0.000E+00, 0.000E+00, 0.000E+00, 0.000E+00,-2.512E+00, 4.654E-03, 1.331E+00, 1.000E-01, 1.000E-01,-9.990E+02, 1.000E+00,-9.990E+02, 0.000E+00, 0.000E+00, 0.000E+00, 1.000E+00, 0.000E+00, 0.000E+00, 0.000E+00, 0.000E+00, 2.736E+02, 6.835E+01, 4.682E-02, 0.000E+00, 2.136E+01, 4.760E-03, 4.289E-01
27/10/2019,03:00,9,2.727,3.227,2.602,.975,.018, 9.954E+02, 1.128E+02, 9.555E-02, 3.469E-16, 0.000E+00, 0.000E+00, 0.000E+00, 0.000E+00,-8.125E-01, 2.439E+00, 9.306E-01, 1.037E-01, 1.000E-01,-9.990E+02, 1.000E+00,-9.990E+02, 0.000E+00, 0.000E+00, 0.000E+00, 1.000E+00, 0.000E+00, 0.000E+00, 0.000E+00, 0.000E+00, 1.989E+02, 6.835E+01, 4.549E-02, 0.000E+00, 2.198E+01, 4.907E-03, 5.178E-01
27/10/2019,04:00,9,2.727,3.227,2.670,.980,.015, 9.948E+02, 1.054E+02, 9.555E-02, 3.469E-16, 0.000E+00, 0.000E+00, 0.000E+00, 0.000E+00,-8.125E-01, 2.439E+00, 9.359E-01, 1.038E-01, 1.000E-01,-9.990E+02, 1.000E+00,-9.990E+02, 0.000E+00, 0.000E+00, 0.000E+00, 1.000E+00, 0.000E+00, 0.000E+00, 0.000E+00, 0.000E+00, 1.988E+02, 6.835E+01, 5.198E-02, 0.000E+00, 1.924E+01, 4.974E-03, 5.295E-01
27/10/2019,05:00,9,2.727,3.227,2.738,.985,.011, 9.942E+02, 9.800E+01, 9.555E-02, 3.469E-16, 0.000E+00, 0.000E+00, 0.000E+00, 0.000E+00,-8.125E-01, 2.439E+00, 1.213E+00, 1.038E-01, 1.000E-01,-9.990E+02, 1.000E+00,-9.990E+02, 0.000E+00, 0.000E+00, 0.000E+00, 1.000E+00, 0.000E+00, 0.000E+00, 0.000E+00, 0.000E+00, 1.988E+02, 6.835E+01, 5.560E-02, 0.000E+00, 1.799E+01, 5.005E-03, 5.204E-01
27/10/2019,06:00,9,2.727,3.227,2.805,.990,.007, 9.935E+02, 9.093E+01, 4.769E-01, 3.469E-16, 0.000E+00, 0.000E+00, 0.000E+00, 0.000E+00, 9.756E-01, 2.227E+01, 1.628E+00, 3.389E-01, 1.000E-01,-9.990E+02, 1.000E+00,-9.990E+02, 0.000E+00, 0.000E+00, 0.000E+00, 1.000E+00, 0.000E+00, 0.000E+00, 0.000E+00, 0.000E+00, 1.668E+02, 6.835E+01, 6.356E-02, 0.000E+00, 1.573E+01, 5.140E-03, 5.403E-01
27/10/2019,07:00,9,2.727,3.227,2.704,.992,.006, 9.936E+02, 8.458E+01, 4.769E-01, 3.469E-16, 1.667E-01, 8.271E+00, 3.906E+00, 3.024E+00, 9.756E-01, 2.227E+01, 1.877E+00, 3.388E-01, 1.120E-01, 6.929E-02, 1.000E+00, 1.191E-01, 1.484E-01, 1.000E-02, 1.000E+00, 1.000E+00, 1.191E-03, 7.378E-06, 9.192E-06, 0.000E+00, 1.489E+02, 6.102E+01, 6.444E-02, 2.759E-05, 1.551E+01, 5.710E-03, 4.875E-01
27/10/2019,08:00,9,2.727,3.227,2.602,.995,.004, 9.938E+02, 7.931E+01, 4.769E-01, 3.469E-16, 8.394E-01, 2.206E+01, 1.035E+01, 8.082E+00, 9.756E-01, 2.227E+01, 2.126E+00, 3.388E-01, 1.269E-01, 1.359E-01, 1.000E+00, 2.915E-01, 3.466E-01, 1.000E-02, 1.000E+00, 1.000E+00, 2.915E-03, 1.804E-05, 2.145E-05, 0.000E+00, 1.314E+02, 5.387E+01, 6.536E-02, 6.746E-05, 1.528E+01, 6.402E-03, 4.641E-01
27/10/2019,09:00,9,2.727,3.227,2.501,.997,.002, 9.939E+02, 7.550E+01, 1.302E-01, 3.469E-16, 2.337E+01, 5.810E+01, 6.890E+01, 2.223E+01, 8.644E+00, 5.835E+01, 2.376E+00, 4.818E-01, 1.431E-01, 1.829E-01, 1.000E+00, 6.618E-01, 9.412E-01, 1.000E-02, 1.000E+00, 1.000E+00, 6.618E-03, 4.095E-05, 5.824E-05, 0.000E+00, 1.145E+02, 4.778E+01, 1.000E-01, 1.531E-04, 9.985E+00, 7.421E-03, 4.713E-01
27/10/2019,10:00,9,2.727,3.227,2.707,.978,.017, 9.945E+02, 7.345E+01, 1.302E-01, 3.469E-16, 2.902E+01, 6.729E+01, 7.673E+01, 2.580E+01, 8.644E+00, 5.835E+01, 2.846E+00, 4.818E-01, 1.714E-01, 2.072E-01, 1.000E+00, 7.168E-01, 9.574E-01, 1.000E-02, 1.000E+00, 1.000E+00, 7.168E-03, 4.439E-05, 5.929E-05, 0.000E+00, 9.561E+01, 3.988E+01, 9.650E-02, 1.660E-04, 1.035E+01, 8.734E-03, 4.461E-01
27/10/2019,11:00,9,2.727,3.227,2.914,.958,.032, 9.952E+02, 7.334E+01, 1.302E-01, 3.469E-16, 2.930E+01, 6.774E+01, 7.708E+01, 2.597E+01, 8.644E+00, 5.835E+01, 3.387E+00, 4.818E-01, 2.039E-01, 2.085E-01, 1.000E+00, 7.193E-01, 9.580E-01, 1.000E-02, 1.000E+00, 1.000E+00, 7.193E-03, 4.457E-05, 5.937E-05, 0.000E+00, 8.034E+01, 3.351E+01, 4.125E-02, 1.667E-04, 2.414E+01, 8.956E-03, 3.905E-01
27/10/2019,12:00,9,2.727,3.227,3.120,.938,.047, 9.958E+02, 7.520E+01, 1.495E-03, 3.469E-16, 7.509E+01, 5.353E+01, 1.698E+02, 2.289E+01,-1.556E+01, 3.906E+01, 3.970E+00, 4.566E-01, 2.265E-01, 1.865E-01, 1.000E+00, 6.825E-01, 9.991E-01, 1.000E-02, 1.000E+00, 1.000E+00, 6.825E-03, 4.233E-05, 6.196E-05, 0.000E+00, 7.734E+01, 3.017E+01, 2.592E-02, 1.583E-04, 3.834E+01, 8.502E-03, 4.437E-01
27/10/2019,13:00,9,2.727,3.227,3.489,.908,.072, 9.967E+02, 7.884E+01, 1.495E-03, 3.469E-16, 4.524E+01, 4.286E+01, 1.347E+02, 1.778E+01,-1.556E+01, 3.906E+01, 3.373E+00, 4.567E-01, 1.925E-01, 1.418E-01, 1.000E+00, 5.865E-01, 9.961E-01, 1.000E-02, 1.000E+00, 1.000E+00, 5.865E-03, 3.642E-05, 6.186E-05, 0.000E+00, 9.102E+01, 3.551E+01, 1.620E-02, 1.362E-04, 6.122E+01, 6.472E-03, 5.351E-01
27/10/2019,14:00,9,2.727,3.227,3.858,.877,.099, 9.977E+02, 8.398E+01, 1.495E-03, 3.469E-16, 1.107E+01, 2.468E+01, 6.233E+01, 9.573E+00,-1.556E+01, 3.906E+01, 2.777E+00, 4.568E-01, 1.585E-01, 7.698E-02, 1.000E+00, 3.715E-01, 9.230E-01, 1.000E-02, 1.000E+00, 1.000E+00, 3.715E-03, 2.310E-05, 5.740E-05, 0.000E+00, 1.105E+02, 4.313E+01, 1.016E-02, 8.637E-05, 9.756E+01, 4.742E-03, 6.022E-01
27/10/2019,15:00,9,2.727,3.227,4.227,.846,.127, 9.986E+02, 9.024E+01, 1.357E-03, 3.469E-16, 0.000E+00, 0.000E+00, 0.000E+00, 0.000E+00,-2.187E+01, 1.520E+00, 2.181E+00, 2.347E-01, 1.000E-01,-9.990E+02, 1.000E+00,-9.990E+02, 0.000E+00, 0.000E+00, 0.000E+00, 1.000E+00, 0.000E+00, 0.000E+00, 0.000E+00, 0.000E+00, 2.390E+02, 6.835E+01, 6.400E-03, 0.000E+00, 1.562E+02, 2.926E-03, 6.346E-01
27/10/2019,16:00,9,2.727,3.227,3.309,.883,.091, 9.994E+02, 9.727E+01, 1.357E-03, 3.469E-16, 0.000E+00, 0.000E+00, 0.000E+00, 0.000E+00,-2.187E+01, 1.520E+00, 2.242E+00, 2.342E-01, 1.000E-01,-9.990E+02, 1.000E+00,-9.990E+02, 0.000E+00, 0.000E+00, 0.000E+00, 1.000E+00, 0.000E+00, 0.000E+00, 0.000E+00, 0.000E+00, 2.394E+02, 6.835E+01, 1.242E-02, 0.000E+00, 8.054E+01, 3.758E-03, 5.966E-01
27/10/2019,17:00,9,2.727,3.227,2.391,.919,.059, 1.000E+03, 1.047E+02, 1.357E-03, 3.469E-16, 0.000E+00, 0.000E+00, 0.000E+00, 0.000E+00,-2.187E+01, 1.520E+00, 2.452E+00, 2.338E-01, 1.023E-01,-9.990E+02, 1.000E+00,-9.990E+02, 0.000E+00, 0.000E+00, 0.000E+00, 1.000E+00, 0.000E+00, 0.000E+00, 0.000E+00, 0.000E+00, 2.344E+02, 6.683E+01, 2.151E-02, 0.000E+00, 4.650E+01, 4.387E-03, 5.533E-01
27/10/2019,18:00,9,2.727,3.227,1.472,.956,.030, 1.001E+03, 1.121E+02, 0.000E+00, 3.469E-16, 0.000E+00, 0.000E+00, 0.000E+00, 0.000E+00,-2.510E+01, 1.344E+00, 2.780E+00, 2.648E-01, 1.237E-01,-9.990E+02, 1.000E+00,-9.990E+02, 0.000E+00, 0.000E+00, 0.000E+00, 1.000E+00, 0.000E+00, 0.000E+00, 0.000E+00, 0.000E+00, 1.816E+02, 5.525E+01, 4.526E-02, 0.000E+00, 2.210E+01, 5.849E-03, 4.607E-01
27/10/2019,19:00,9,2.727,3.227,.921,.951,.032, 1.001E+03, 1.192E+02, 0.000E+00, 3.469E-16, 0.000E+00, 0.000E+00, 0.000E+00, 0.000E+00,-2.510E+01, 1.344E+00, 2.754E+00, 2.645E-01, 1.225E-01,-9.990E+02, 1.000E+00,-9.990E+02, 0.000E+00, 0.000E+00, 0.000E+00, 1.000E+00, 0.000E+00, 0.000E+00, 0.000E+00, 0.000E+00, 1.836E+02, 5.581E+01, 5.674E-02, 0.000E+00, 1.762E+01, 5.952E-03, 3.728E-01
27/10/2019,20:00,9,2.727,3.227,.370,.946,.034, 1.002E+03, 1.254E+02, 0.000E+00, 3.469E-16, 0.000E+00, 0.000E+00, 0.000E+00, 0.000E+00,-2.510E+01, 1.344E+00, 2.730E+00, 2.642E-01, 1.213E-01,-9.990E+02, 1.000E+00,-9.990E+02, 0.000E+00, 0.000E+00, 0.000E+00, 1.000E+00, 0.000E+00, 0.000E+00, 0.000E+00, 0.000E+00, 1.855E+02, 5.634E+01, 5.660E-02, 0.000E+00, 1.767E+01, 5.899E-03, 3.772E-01
27/10/2019,21:00,9,2.727,3.227,-.181,.940,.036, 1.002E+03, 1.301E+02, 0.000E+00, 3.469E-16, 0.000E+00, 0.000E+00, 0.000E+00, 0.000E+00,-2.905E+01, 2.752E+00, 2.708E+00, 2.670E-01, 1.168E-01,-9.990E+02, 1.000E+00,-9.990E+02, 0.000E+00, 0.000E+00, 0.000E+00, 1.000E+00, 0.000E+00, 0.000E+00, 0.000E+00, 0.000E+00, 1.986E+02, 5.853E+01, 1.000E-02, 0.000E+00, 1.000E+02, 3.871E-03, 3.570E-01
27/10/2019,22:00,9,2.727,3.227,-.535,.938,.036, 1.002E+03, 1.328E+02, 0.000E+00, 3.469E-16, 0.000E+00, 0.000E+00, 0.000E+00, 0.000E+00,-2.905E+01, 2.752E+00, 2.744E+00, 2.668E-01, 1.183E-01,-9.990E+02, 1.000E+00,-9.990E+02, 0.000E+00, 0.000E+00, 0.000E+00, 1.000E+00, 0.000E+00, 0.000E+00, 0.000E+00, 0.000E+00, 1.962E+02, 5.780E+01, 1.000E-02, 0.000E+00, 1.000E+02, 3.901E-03, 3.951E-01
27/10/2019,23:00,9,2.727,3.227,-.889,.936,.037, 1.003E+03, 1.330E+02, 0.000E+00, 3.469E-16, 0.000E+00, 0.000E+00, 0.000E+00, 0.000E+00,-2.905E+01, 2.752E+00, 2.802E+00, 2.666E-01, 1.207E-01,-9.990E+02, 1.000E+00,-9.990E+02, 0.000E+00, 0.000E+00, 0.000E+00, 1.000E+00, 0.000E+00, 0.000E+00, 0.000E+00, 0.000E+00, 1.924E+02, 5.664E+01, 1.000E-02, 0.000E+00, 1.000E+02, 3.949E-03, 3.913E-01
28/10/2019,00:00,9,2.715,3.215,-1.243,.934,.037, 1.003E+03, 1.306E+02, 0.000E+00, 3.469E-16, 0.000E+00, 0.000E+00, 0.000E+00, 0.000E+00,-2.933E+01, 1.055E+00, 2.880E+00, 3.042E-01, 1.360E-01,-9.990E+02, 1.000E+00,-9.990E+02, 0.000E+00, 0.000E+00, 0.000E+00, 1.000E+00, 0.000E+00, 0.000E+00, 0.000E+00, 0.000E+00, 1.556E+02, 5.024E+01, 9.525E-03, 0.000E+00, 1.050E+02, 4.175E-03, 4.030E-01
28/10/2019,01:00,9,2.715,3.215,-1.044,.941,.034, 1.004E+03, 1.261E+02, 0.000E+00, 3.469E-16, 0.000E+00, 0.000E+00, 0.000E+00, 0.000E+00,-2.933E+01, 1.055E+00, 2.862E+00, 3.042E-01, 1.352E-01,-9.990E+02, 1.000E+00,-9.990E+02, 0.000E+00, 0.000E+00, 0.000E+00, 1.000E+00, 0.000E+00, 0.000E+00, 0.000E+00, 0.000E+00, 1.565E+02, 5.055E+01, 9.911E-03, 0.000E+00, 1.009E+02, 4.234E-03, 4.197E-01
28/10/2019,02:00,9,2.715,3.215,-.846,.948,.030, 1.004E+03, 1.201E+02, 0.000E+00, 3.469E-16, 0.000E+00, 0.000E+00, 0.000E+00, 0.000E+00,-2.933E+01, 1.055E+00, 2.881E+00, 3.042E-01, 1.361E-01,-9.990E+02, 1.000E+00,-9.990E+02, 0.000E+00, 0.000E+00, 0.000E+00, 1.000E+00, 0.000E+00, 0.000E+00, 0.000E+00, 0.000E+00, 1.555E+02, 5.022E+01, 1.000E-02, 0.000E+00, 1.000E+02, 4.265E-03, 4.001E-01
28/10/2019,03:00,9,2.715,3.215,-.647,.955,.026, 1.005E+03, 1.131E+02, 0.000E+00, 3.469E-16, 0.000E+00, 0.000E+00, 0.000E+00, 0.000E+00,-3.383E+01, 2.569E+00, 2.934E+00, 3.423E-01, 1.442E-01,-9.990E+02, 1.000E+00,-9.990E+02, 0.000E+00, 0.000E+00, 0.000E+00, 1.000E+00, 0.000E+00, 0.000E+00, 0.000E+00, 0.000E+00, 1.410E+02, 4.739E+01, 1.000E-02, 0.000E+00, 1.000E+02, 4.418E-03, 3.405E-01
28/10/2019,04:00,9,2.715,3.215,-.496,.955,.026, 1.005E+03, 1.057E+02, 0.000E+00, 3.469E-16, 0.000E+00, 0.000E+00, 0.000E+00, 0.000E+00,-3.383E+01, 2.569E+00, 3.017E+00, 3.423E-01, 1.483E-01,-9.990E+02, 1.000E+00,-9.990E+02, 0.000E+00, 0.000E+00, 0.000E+00, 1.000E+00, 0.000E+00, 0.000E+00, 0.000E+00, 0.000E+00, 1.371E+02, 4.608E+01, 1.000E-02, 0.000E+00, 1.000E+02, 4.488E-03, 3.219E-01
28/10/2019,05:00,9,2.715,3.215,-.345,.955,.027, 1.006E+03, 9.828E+01, 0.000E+00, 3.469E-16, 0.000E+00, 0.000E+00, 0.000E+00, 0.000E+00,-3.383E+01, 2.569E+00, 3.116E+00, 3.423E-01, 1.532E-01,-9.990E+02, 1.000E+00,-9.990E+02, 0.000E+00, 0.000E+00, 0.000E+00, 1.000E+00, 0.000E+00, 0.000E+00, 0.000E+00, 0.000E+00, 1.327E+02, 4.461E+01, 1.000E-02, 0.000E+00, 1.000E+02, 4.568E-03, 3.448E-01
28/10/2019,06:00,9,2.715,3.215,-.194,.955,.027, 1.006E+03, 9.122E+01, 0.000E+00, 3.469E-16, 0.000E+00, 0.000E+00, 0.000E+00, 0.000E+00,-1.792E+00, 2.162E+01, 3.228E+00, 4.460E-01, 1.908E-01,-9.990E+02, 1.000E+00,-9.990E+02, 0.000E+00, 0.000E+00, 0.000E+00, 1.000E+00, 0.000E+00, 0.000E+00, 0.000E+00, 0.000E+00, 8.869E+01, 3.583E+01, 1.000E-02, 0.000E+00, 1.000E+02, 5.159E-03, 3.824E-01
28/10/2019,07:00,9,2.715,3.215,.744,.908,.059, 1.007E+03, 8.488E+01, 0.000E+00, 3.469E-16, 6.832E+00, 2.118E+01, 4.637E+01, 8.108E+00,-1.792E+00, 2.162E+01, 3.264E+00, 4.466E-01, 1.929E-01, 6.576E-02, 1.000E+00, 3.209E-01, 8.515E-01, 1.000E-02, 1.000E+00, 1.000E+00, 3.209E-03, 1.973E-05, 5.235E-05, 0.000E+00, 8.771E+01, 3.543E+01, 2.733E-02, 7.348E-05, 3.650E+01, 7.733E-03, 3.403E-01
28/10/2019,08:00,9,2.715,3.215,1.682,.860,.096, 1.008E+03, 7.963E+01, 0.000E+00, 3.469E-16, 3.889E+01, 4.042E+01, 1.246E+02, 1.666E+01,-1.792E+00, 2.162E+01, 3.307E+00, 4.472E-01, 1.954E-01, 1.326E-01, 1.000E+00, 5.621E-01, 9.941E-01, 1.000E-02, 1.000E+00, 1.000E+00, 5.621E-03, 3.468E-05, 6.133E-05, 0.000E+00, 8.657E+01, 3.497E+01, 1.195E-02, 1.291E-04, 8.279E+01, 5.734E-03, 3.781E-01
28/10/2019,09:00,9,2.715,3.215,2.620,.813,.138, 1.008E+03, 7.582E+01, 0.000E+00, 3.469E-16, 6.928E+01, 5.199E+01, 1.636E+02, 2.216E+01, 5.805E+01, 4.844E+01, 3.357E+00, 5.737E-01, 2.082E-01, 1.797E-01, 1.000E+00, 6.700E-01, 9.988E-01, 1.000E-02, 1.000E+00, 1.000E+00, 6.700E-03, 4.148E-05, 6.183E-05, 0.000E+00, 7.443E+01, 3.283E+01, 5.000E-03, 1.545E-04, 1.940E+02, 3.583E-03, 4.148E-01
28/10/2019,10:00,9,2.715,3.215,3.240,.766,.181, 1.009E+03, 7.378E+01, 0.000E+00, 3.469E-16, 8.668E+01, 5.736E+01, 1.799E+02, 2.478E+01, 5.805E+01, 4.844E+01, 3.363E+00, 5.742E-01, 2.086E-01, 2.042E-01, 1.000E+00, 7.126E-01, 9.994E-01, 1.000E-02, 1.000E+00, 1.000E+00, 7.126E-03, 4.422E-05, 6.201E-05, 0.000E+00, 7.431E+01, 3.277E+01, 5.000E-03, 1.646E-04, 1.936E+02, 3.590E-03, 4.170E-01
28/10/2019,11:00,9,2.715,3.215,3.859,.718,.227, 1.009E+03, 7.368E+01, 0.000E+00, 3.469E-16, 8.754E+01, 5.762E+01, 1.806E+02, 2.490E+01, 5.805E+01, 4.844E+01, 3.370E+00, 5.747E-01, 2.089E-01, 2.054E-01, 1.000E+00, 7.145E-01, 9.994E-01, 1.000E-02, 1.000E+00, 1.000E+00, 7.145E-03, 4.443E-05, 6.215E-05, 0.000E+00, 7.419E+01, 3.271E+01, 5.000E-03, 1.655E-04, 1.936E+02, 3.592E-03, 4.131E-01
28/10/2019,12:00,9,2.715,3.215,4.479,.671,.277, 1.010E+03, 7.553E+01, 0.000E+00, 3.469E-16, 7.160E+01, 5.273E+01, 1.658E+02, 2.251E+01,-1.666E+01, 2.814E+01, 3.376E+00, 5.637E-01, 1.960E-01, 1.833E-01, 1.000E+00, 6.763E-01, 9.989E-01, 1.000E-02, 1.000E+00, 1.000E+00, 6.763E-03, 4.215E-05, 6.226E-05, 0.000E+00, 8.784E+01, 3.487E+01, 5.000E-03, 1.569E-04, 1.939E+02, 3.504E-03, 3.929E-01
28/10/2019,13:00,9,2.715,3.215,3.636,.696,.241, 1.010E+03, 7.917E+01, 0.000E+00, 3.469E-16, 4.221E+01, 4.187E+01, 1.296E+02, 1.734E+01,-1.666E+01, 2.814E+01, 3.308E+00, 5.627E-01, 1.921E-01, 1.384E-01, 1.000E+00, 5.770E-01, 9.952E-01, 1.000E-02, 1.000E+00, 1.000E+00, 5.770E-03, 3.585E-05, 6.183E-05, 0.000E+00, 8.967E+01, 3.559E+01, 5.000E-03, 1.335E-04, 1.948E+02, 3.470E-03, 3.898E-01
28/10/2019,14:00,9,2.715,3.215,2.794,.721,.208, 1.011E+03, 8.429E+01, 0.000E+00, 3.469E-16, 9.327E+00, 2.347E+01, 5.594E+01, 9.073E+00,-1.666E+01, 2.814E+01, 3.242E+00, 5.617E-01, 1.882E-01, 7.329E-02, 1.000E+00, 3.546E-01, 8.998E-01, 1.000E-02, 1.000E+00, 1.000E+00, 3.546E-03, 2.196E-05, 5.574E-05, 0.000E+00, 9.152E+01, 3.632E+01, 5.000E-03, 8.179E-05, 1.968E+02, 3.424E-03, 3.948E-01
28/10/2019,15:00,9,2.715,3.215,1.951,.746,.178, 1.011E+03, 9.054E+01, 0.000E+00, 3.469E-16, 0.000E+00, 0.000E+00, 0.000E+00, 0.000E+00,-4.187E+01, 4.514E+00, 3.178E+00, 3.063E-01, 1.391E-01,-9.990E+02, 1.000E+00,-9.990E+02, 0.000E+00, 0.000E+00, 0.000E+00, 1.000E+00, 0.000E+00, 0.000E+00, 0.000E+00, 0.000E+00, 1.643E+02, 4.915E+01, 5.000E-03, 0.000E+00, 2.000E+02, 3.006E-03, 3.884E-01
28/10/2019,16:00,9,2.715,3.215,1.428,.776,.152, 1.012E+03, 9.756E+01, 0.000E+00, 3.469E-16, 0.000E+00, 0.000E+00, 0.000E+00, 0.000E+00,-4.187E+01, 4.514E+00, 3.102E+00, 3.059E-01, 1.356E-01,-9.990E+02, 1.000E+00,-9.990E+02, 0.000E+00, 0.000E+00, 0.000E+00, 1.000E+00, 0.000E+00, 0.000E+00, 0.000E+00, 0.000E+00, 1.686E+02, 5.040E+01, 5.000E-03, 0.000E+00, 2.000E+02, 2.975E-03, 3.449E-01
28/10/2019,17:00,9,2.715,3.215,.905,.806,.127, 1.012E+03, 1.050E+02, 0.000E+00, 3.469E-16, 0.000E+00, 0.000E+00, 0.000E+00, 0.000E+00,-4.187E+01, 4.514E+00, 3.100E+00, 3.056E-01, 1.355E-01,-9.990E+02, 1.000E+00,-9.990E+02, 0.000E+00, 0.000E+00, 0.000E+00, 1.000E+00, 0.000E+00, 0.000E+00, 0.000E+00, 0.000E+00, 1.690E+02, 5.046E+01, 6.198E-03, 0.000E+00, 1.614E+02, 3.360E-03, 3.110E-01
28/10/2019,18:00,9,2.715,3.215,.382,.836,.103, 1.013E+03, 1.124E+02, 0.000E+00, 3.469E-16, 0.000E+00, 0.000E+00, 0.000E+00, 0.000E+00,-3.642E+01, 2.150E+00, 3.174E+00, 2.656E-01, 1.277E-01,-9.990E+02, 1.000E+00,-9.990E+02, 0.000E+00, 0.000E+00, 0.000E+00, 1.000E+00, 0.000E+00, 0.000E+00, 0.000E+00, 0.000E+00, 1.946E+02, 5.352E+01, 1.262E-02, 0.000E+00, 7.924E+01, 4.441E-03, 3.117E-01
28/10/2019,19:00,9,2.715,3.215,-.025,.849,.092, 1.013E+03, 1.195E+02, 0.000E+00, 3.469E-16, 0.000E+00, 0.000E+00, 0.000E+00, 0.000E+00,-3.642E+01, 2.150E+00, 3.097E+00, 2.653E-01, 1.245E-01,-9.990E+02, 1.000E+00,-9.990E+02, 0.000E+00, 0.000E+00, 0.000E+00, 1.000E+00, 0.000E+00, 0.000E+00, 0.000E+00, 0.000E+00, 1.997E+02, 5.489E+01, 1.000E-02, 0.000E+00, 1.000E+02, 4.005E-03, 3.503E-01
28/10/2019,20:00,9,2.715,3.215,-.431,.863,.081, 1.013E+03, 1.257E+02, 0.000E+00, 3.469E-16, 0.000E+00, 0.000E+00, 0.000E+00, 0.000E+00,-3.642E+01, 2.150E+00, 3.044E+00, 2.651E-01, 1.223E-01,-9.990E+02, 1.000E+00,-9.990E+02, 0.000E+00, 0.000E+00, 0.000E+00, 1.000E+00, 0.000E+00, 0.000E+00, 0.000E+00, 0.000E+00, 2.035E+02, 5.589E+01, 1.000E-02, 0.000E+00, 1.000E+02, 3.961E-03, 3.888E-01
28/10/2019,21:00,9,2.715,3.215,-.838,.877,.071, 1.013E+03, 1.305E+02, 0.000E+00, 3.469E-16, 0.000E+00, 0.000E+00, 0.000E+00, 0.000E+00,-3.753E+01, 2.756E+00, 3.014E+00, 3.454E-01, 1.464E-01,-9.990E+02, 1.000E+00,-9.990E+02, 0.000E+00, 0.000E+00, 0.000E+00, 1.000E+00, 0.000E+00, 0.000E+00, 0.000E+00, 0.000E+00, 1.406E+02, 4.669E+01, 1.000E-02, 0.000E+00, 1.000E+02, 4.452E-03, 3.767E-01
28/10/2019,22:00,9,2.715,3.215,-.775,.875,.072, 1.013E+03, 1.331E+02, 0.000E+00, 3.469E-16, 0.000E+00, 0.000E+00, 0.000E+00, 0.000E+00,-3.753E+01, 2.756E+00, 3.095E+00, 3.454E-01, 1.503E-01,-9.990E+02, 1.000E+00,-9.990E+02, 0.000E+00, 0.000E+00, 0.000E+00, 1.000E+00, 0.000E+00, 0.000E+00, 0.000E+00, 0.000E+00, 1.369E+02, 4.547E+01, 1.000E-02, 0.000E+00, 1.000E+02, 4.518E-03, 3.725E-01
28/10/2019,23:00,9,2.715,3.215,-.712,.874,.073, 1.013E+03, 1.333E+02, 0.000E+00, 3.469E-16, 0.000E+00, 0.000E+00, 0.000E+00, 0.000E+00,-3.753E+01, 2.756E+00, 3.183E+00, 3.454E-01, 1.546E-01,-9.990E+02, 1.000E+00,-9.990E+02, 0.000E+00, 0.000E+00, 0.000E+00, 1.000E+00, 0.000E+00, 0.000E+00, 0.000E+00, 0.000E+00, 1.332E+02, 4.421E+01, 1.000E-02, 0.000E+00, 1.000E+02, 4.587E-03, 4.065E-01
29/10/2019,00:00,9,2.704,3.204,-.649,.873,.074, 1.013E+03, 1.309E+02, 0.000E+00, 3.469E-16, 0.000E+00, 0.000E+00, 0.000E+00, 0.000E+00,-5.236E+01, 2.661E+00, 3.277E+00, 4.393E-01, 1.691E-01,-9.990E+02, 1.000E+00,-9.990E+02, 0.000E+00, 0.000E+00, 0.000E+00, 1.000E+00, 0.000E+00, 0.000E+00, 0.000E+00, 0.000E+00, 1.146E+02, 4.043E+01, 1.000E-02, 0.000E+00, 1.000E+02, 4.825E-03, 3.979E-01
29/10/2019,01:00,9,2.704,3.204,-.292,.875,.075, 1.014E+03, 1.264E+02, 0.000E+00, 3.469E-16, 0.000E+00, 0.000E+00, 0.000E+00, 0.000E+00,-5.236E+01, 2.661E+00, 3.400E+00, 4.394E-01, 1.755E-01,-9.990E+02, 1.000E+00,-9.990E+02, 0.000E+00, 0.000E+00, 0.000E+00, 1.000E+00, 0.000E+00, 0.000E+00, 0.000E+00, 0.000E+00, 1.104E+02, 3.896E+01, 1.000E-02, 0.000E+00, 1.000E+02, 4.918E-03, 3.114E-01
29/10/2019,02:00,9,2.704,3.204,.065,.877,.076, 1.014E+03, 1.204E+02, 0.000E+00, 3.469E-16, 0.000E+00, 0.000E+00, 0.000E+00, 0.000E+00,-5.236E+01, 2.661E+00, 3.632E+00, 4.396E-01, 1.875E-01,-9.990E+02, 1.000E+00,-9.990E+02, 0.000E+00, 0.000E+00, 0.000E+00, 1.000E+00, 0.000E+00, 0.000E+00, 0.000E+00, 0.000E+00, 1.033E+02, 3.646E+01, 2.478E-02, 0.000E+00, 4.035E+01, 7.295E-03, 2.213E-01
29/10/2019,03:00,9,2.704,3.204,.422,.879,.076, 1.015E+03, 1.134E+02, 0.000E+00, 3.469E-16, 0.000E+00, 0.000E+00, 0.000E+00, 0.000E+00,-5.609E+01, 2.493E+00, 3.954E+00, 5.027E-01, 2.120E-01,-9.990E+02, 1.000E+00,-9.990E+02, 0.000E+00, 0.000E+00, 0.000E+00, 1.000E+00, 0.000E+00, 0.000E+00, 0.000E+00, 0.000E+00, 8.800E+01, 3.225E+01, 2.031E-02, 0.000E+00, 4.923E+01, 7.437E-03, 1.831E-01
29/10/2019,04:00,9,2.704,3.204,.152,.886,.071, 1.015E+03, 1.060E+02, 0.000E+00, 3.469E-16, 0.000E+00, 0.000E+00, 0.000E+00, 0.000E+00,-5.609E+01, 2.493E+00, 3.866E+00, 5.023E-01, 2.072E-01,-9.990E+02, 1.000E+00,-9.990E+02, 0.000E+00, 0.000E+00, 0.000E+00, 1.000E+00, 0.000E+00, 0.000E+00, 0.000E+00, 0.000E+00, 9.003E+01, 3.299E+01, 2.704E-02, 0.000E+00, 3.698E+01, 8.054E-03, 1.984E-01
29/10/2019,05:00,9,2.704,3.204,-.118,.893,.065, 1.016E+03, 9.856E+01, 0.000E+00, 3.469E-16, 0.000E+00, 0.000E+00, 0.000E+00, 0.000E+00,-5.609E+01, 2.493E+00, 3.782E+00, 5.020E-01, 2.027E-01,-9.990E+02, 1.000E+00,-9.990E+02, 0.000E+00, 0.000E+00, 0.000E+00, 1.000E+00, 0.000E+00, 0.000E+00, 0.000E+00, 0.000E+00, 9.205E+01, 3.372E+01, 1.000E-02, 0.000E+00, 1.000E+02, 5.288E-03, 2.482E-01
29/10/2019,06:00,9,2.704,3.204,-.387,.900,.059, 1.016E+03, 9.150E+01, 0.000E+00, 3.469E-16, 0.000E+00, 0.000E+00, 0.000E+00, 0.000E+00,-1.127E+00, 1.251E+01, 3.703E+00, 4.554E-01, 2.193E-01,-9.990E+02, 1.000E+00,-9.990E+02, 0.000E+00, 0.000E+00, 0.000E+00, 1.000E+00, 0.000E+00, 0.000E+00, 0.000E+00, 0.000E+00, 7.700E+01, 3.117E+01, 1.000E-02, 0.000E+00, 1.000E+02, 5.506E-03, 3.051E-01
29/10/2019,07:00,9,2.704,3.204,.667,.847,.098, 1.016E+03, 8.517E+01, 0.000E+00, 3.469E-16, 5.560E+00, 2.001E+01, 4.068E+01, 7.633E+00,-1.127E+00, 1.251E+01, 3.548E+00, 4.563E-01, 2.101E-01, 6.223E-02, 1.000E+00, 3.032E-01, 8.123E-01, 1.000E-02, 1.000E+00, 1.000E+00, 3.032E-03, 1.864E-05, 4.993E-05, 0.000E+00, 8.036E+01, 3.253E+01, 1.288E-02, 6.912E-05, 7.721E+01, 6.157E-03, 3.421E-01
29/10/2019,08:00,9,2.704,3.204,1.722,.793,.143, 1.017E+03, 7.993E+01, 0.000E+00, 3.469E-16, 3.625E+01, 3.941E+01, 1.199E+02, 1.622E+01,-1.127E+00, 1.251E+01, 3.450E+00, 4.571E-01, 2.043E-01, 1.292E-01, 1.000E+00, 5.522E-01, 9.928E-01, 1.000E-02, 1.000E+00, 1.000E+00, 5.522E-03, 3.407E-05, 6.126E-05, 0.000E+00, 8.263E+01, 3.345E+01, 5.000E-03, 1.264E-04, 1.951E+02, 3.538E-03, 3.921E-01
29/10/2019,09:00,9,2.704,3.204,2.776,.740,.194, 1.017E+03, 7.614E+01, 0.000E+00, 3.469E-16, 6.617E+01, 5.114E+01, 1.599E+02, 2.178E+01, 4.480E+01, 4.664E+01, 3.415E+00, 6.804E-01, 2.076E-01, 1.765E-01, 1.000E+00, 6.635E-01, 9.986E-01, 1.000E-02, 1.000E+00, 1.000E+00, 6.635E-03, 4.110E-05, 6.186E-05, 0.000E+00, 7.754E+01, 3.293E+01, 5.000E-03, 1.524E-04, 1.941E+02, 3.573E-03, 4.386E-01
29/10/2019,10:00,9,2.704,3.204,3.773,.683,.254, 1.017E+03, 7.411E+01, 0.000E+00, 3.469E-16, 8.340E+01, 5.659E+01, 1.767E+02, 2.443E+01, 4.480E+01, 4.664E+01, 3.987E+00, 6.816E-01, 2.423E-01, 2.011E-01, 1.000E+00, 7.074E-01, 9.993E-01, 1.000E-02, 1.000E+00, 1.000E+00, 7.074E-03, 4.398E-05, 6.212E-05, 0.000E+00, 6.643E+01, 2.821E+01, 5.000E-03, 1.631E-04, 1.937E+02, 3.743E-03, 4.179E-01
29/10/2019,11:00,9,2.704,3.204,4.770,.626,.321, 1.017E+03, 7.401E+01, 0.000E+00, 3.469E-16, 8.425E+01, 5.684E+01, 1.774E+02, 2.456E+01, 4.480E+01, 4.664E+01, 4.720E+00, 6.829E-01, 2.868E-01, 2.023E-01, 1.000E+00, 7.093E-01, 9.993E-01, 1.000E-02, 1.000E+00, 1.000E+00, 7.093E-03, 4.425E-05, 6.235E-05, 0.000E+00, 5.614E+01, 2.383E+01, 5.000E-03, 1.641E-04, 1.936E+02, 3.910E-03, 3.843E-01
29/10/2019,12:00,9,2.704,3.204,5.768,.569,.397, 1.017E+03, 7.585E+01, 2.342E-02, 3.469E-16, 6.797E+01, 5.149E+01, 1.610E+02, 2.197E+01,-4.025E+01, 3.787E+01, 5.549E+00, 7.476E-01, 3.220E-01, 1.800E-01, 1.000E+00, 6.676E-01, 9.987E-01, 1.000E-02, 1.000E+00, 1.000E+00, 6.676E-03, 4.180E-05, 6.253E-05, 0.000E+00, 5.351E+01, 2.123E+01, 5.000E-03, 1.550E-04, 1.940E+02, 4.005E-03, 3.499E-01
29/10/2019,13:00,9,2.704,3.204,5.372,.590,.367, 1.017E+03, 7.948E+01, 2.342E-02, 3.469E-16, 3.922E+01, 4.056E+01, 1.242E+02, 1.677E+01,-4.025E+01, 3.787E+01, 5.195E+00, 7.470E-01, 3.015E-01, 1.349E-01, 1.000E+00, 5.652E-01, 9.940E-01, 1.000E-02, 1.000E+00, 1.000E+00, 5.652E-03, 3.534E-05, 6.215E-05, 0.000E+00, 5.716E+01, 2.267E+01, 5.000E-03, 1.310E-04, 1.949E+02, 3.931E-03, 3.551E-01
29/10/2019,14:00,9,2.704,3.204,4.976,.611,.339, 1.018E+03, 8.460E+01, 2.342E-02, 3.469E-16, 7.774E+00, 2.210E+01, 4.980E+01, 8.516E+00,-4.025E+01, 3.787E+01, 4.865E+00, 7.463E-01, 2.823E-01, 6.962E-02, 1.000E+00, 3.356E-01, 8.711E-01, 1.000E-02, 1.000E+00, 1.000E+00, 3.356E-03, 2.095E-05, 5.439E-05, 0.000E+00, 6.105E+01, 2.421E+01, 5.000E-03, 7.770E-05, 1.969E+02, 3.839E-03, 3.762E-01
29/10/2019,15:00,9,2.704,3.204,4.581,.633,.311, 1.018E+03, 9.084E+01, 0.000E+00, 3.469E-16, 0.000E+00, 0.000E+00, 0.000E+00, 0.000E+00,-6.713E+01, 1.206E+01, 4.563E+00, 5.773E-01, 2.498E-01,-9.990E+02, 1.000E+00,-9.990E+02, 0.000E+00, 0.000E+00, 0.000E+00, 1.000E+00, 0.000E+00, 0.000E+00, 0.000E+00, 0.000E+00, 7.312E+01, 2.736E+01, 5.000E-03, 0.000E+00, 2.000E+02, 3.674E-03, 3.984E-01
29/10/2019,16:00,9,2.704,3.204,3.762,.662,.270, 1.019E+03, 9.786E+01, 0.000E+00, 3.469E-16, 0.000E+00, 0.000E+00, 0.000E+00, 0.000E+00,-6.713E+01, 1.206E+01, 4.339E+00, 5.763E-01, 2.374E-01,-9.990E+02, 1.000E+00,-9.990E+02, 0.000E+00, 0.000E+00, 0.000E+00, 1.000E+00, 0.000E+00, 0.000E+00, 0.000E+00, 0.000E+00, 7.696E+01, 2.879E+01, 5.000E-03, 0.000E+00, 2.000E+02, 3.624E-03, 3.856E-01
29/10/2019,17:00,9,2.704,3.204,2.944,.692,.232, 1.020E+03, 1.053E+02, 0.000E+00, 3.469E-16, 0.000E+00, 0.000E+00, 0.000E+00, 0.000E+00,-6.713E+01, 1.206E+01, 4.116E+00, 5.752E-01, 2.251E-01,-9.990E+02, 1.000E+00,-9.990E+02, 0.000E+00, 0.000E+00, 0.000E+00, 1.000E+00, 0.000E+00, 0.000E+00, 0.000E+00, 0.000E+00, 8.120E+01, 3.036E+01, 5.000E-03, 0.000E+00, 2.000E+02, 3.570E-03, 3.678E-01
29/10/2019,18:00,9,2.704,3.204,2.126,.722,.198, 1.020E+03, 1.127E+02, 0.000E+00, 3.469E-16, 0.000E+00, 0.000E+00, 0.000E+00, 0.000E+00,-5.632E+01, 5.700E+00, 3.894E+00, 3.979E-01, 1.900E-01,-9.990E+02, 1.000E+00,-9.990E+02, 0.000E+00, 0.000E+00, 0.000E+00, 1.000E+00, 0.000E+00, 0.000E+00, 0.000E+00, 0.000E+00, 1.078E+02, 3.597E+01, 5.000E-03, 0.000E+00, 2.000E+02, 3.379E-03, 3.613E-01
29/10/2019,19:00,9,2.704,3.204,1.306,.749,.169, 1.021E+03, 1.198E+02, 0.000E+00, 3.469E-16, 0.000E+00, 0.000E+00, 0.000E+00, 0.000E+00,-5.632E+01, 5.700E+00, 3.641E+00, 3.972E-01, 1.775E-01,-9.990E+02, 1.000E+00,-9.990E+02, 0.000E+00, 0.000E+00, 0.000E+00, 1.000E+00, 0.000E+00, 0.000E+00, 0.000E+00, 0.000E+00, 1.155E+02, 3.850E+01, 5.000E-03, 0.000E+00, 2.000E+02, 3.303E-03, 3.668E-01
29/10/2019,20:00,9,2.704,3.204,.486,.776,.142, 1.021E+03, 1.260E+02, 0.000E+00, 3.469E-16, 0.000E+00, 0.000E+00, 0.000E+00, 0.000E+00,-5.632E+01, 5.700E+00, 3.414E+00, 3.965E-01, 1.663E-01,-9.990E+02, 1.000E+00,-9.990E+02, 0.000E+00, 0.000E+00, 0.000E+00, 1.000E+00, 0.000E+00, 0.000E+00, 0.000E+00, 0.000E+00, 1.234E+02, 4.109E+01, 9.428E-03, 0.000E+00, 1.061E+02, 4.636E-03, 3.684E-01
29/10/2019,21:00,9,2.704,3.204,-.334,.804,.117, 1.022E+03, 1.308E+02, 0.000E+00, 3.469E-16, 0.000E+00, 0.000E+00, 0.000E+00, 0.000E+00,-3.151E+01, 3.167E+00, 3.219E+00, 2.721E-01, 1.386E-01,-9.990E+02, 1.000E+00,-9.990E+02, 0.000E+00, 0.000E+00, 0.000E+00, 1.000E+00, 0.000E+00, 0.000E+00, 0.000E+00, 0.000E+00, 1.675E+02, 4.931E+01, 1.000E-02, 0.000E+00, 1.000E+02, 4.285E-03, 3.073E-01
29/10/2019,22:00,9,2.704,3.204,-.692,.826,.101, 1.022E+03, 1.335E+02, 0.000E+00, 3.469E-16, 0.000E+00, 0.000E+00, 0.000E+00, 0.000E+00,-3.151E+01, 3.167E+00, 3.017E+00, 2.719E-01, 1.298E-01,-9.990E+02, 1.000E+00,-9.990E+02, 0.000E+00, 0.000E+00, 0.000E+00, 1.000E+00, 0.000E+00, 0.000E+00, 0.000E+00, 0.000E+00, 1.789E+02, 5.264E+01, 1.000E-02, 0.000E+00, 1.000E+02, 4.125E-03, 2.435E-01
29/10/2019,23:00,9,2.704,3.204,-1.049,.849,.085, 1.022E+03, 1.336E+02, 0.000E+00, 3.469E-16, 0.000E+00, 0.000E+00, 0.000E+00, 0.000E+00,-3.151E+01, 3.167E+00, 2.849E+00, 2.717E-01, 1.225E-01,-9.990E+02, 1.000E+00,-9.990E+02, 0.000E+00, 0.000E+00, 0.000E+00, 1.000E+00, 0.000E+00, 0.000E+00, 0.000E+00, 0.000E+00, 1.897E+02, 5.578E+01, 9.903E-03, 0.000E+00, 1.010E+02, 3.970E-03, 2.324E-01
30/10/2019,00:00,9,2.693,3.193,-1.406,.872,.071, 1.023E+03, 1.312E+02, 0.000E+00, 3.469E-16, 0.000E+00, 0.000E+00, 0.000E+00, 0.000E+00,-2.001E+01, 7.894E-01, 2.721E+00, 2.204E-01, 1.112E-01,-9.990E+02, 1.000E+00,-9.990E+02, 0.000E+00, 0.000E+00, 0.000E+00, 1.000E+00, 0.000E+00, 0.000E+00, 0.000E+00, 0.000E+00, 2.199E+02, 6.145E+01, 9.220E-03, 0.000E+00, 1.085E+02, 3.627E-03, 2.726E-01
30/10/2019,01:00,9,2.693,3.193,-1.685,.878,.066, 1.023E+03, 1.267E+02, 0.000E+00, 3.469E-16, 0.000E+00, 0.000E+00, 0.000E+00, 0.000E+00,-2.001E+01, 7.894E-01, 2.424E+00, 2.203E-01, 1.000E-01,-9.990E+02, 1.000E+00,-9.990E+02, 0.000E+00, 0.000E+00, 0.000E+00, 1.000E+00, 0.000E+00, 0.000E+00, 0.000E+00, 0.000E+00, 2.448E+02, 6.835E+01, 8.720E-03, 0.000E+00, 1.147E+02, 3.325E-03, 3.182E-01
30/10/2019,02:00,9,2.693,3.193,-1.964,.885,.061, 1.023E+03, 1.206E+02, 0.000E+00, 3.469E-16, 0.000E+00, 0.000E+00, 0.000E+00, 0.000E+00,-2.001E+01, 7.894E-01, 2.218E+00, 2.201E-01, 1.000E-01,-9.990E+02, 1.000E+00,-9.990E+02, 0.000E+00, 0.000E+00, 0.000E+00, 1.000E+00, 0.000E+00, 0.000E+00, 0.000E+00, 0.000E+00, 2.449E+02, 6.835E+01, 8.247E-03, 0.000E+00, 1.213E+02, 3.254E-03, 3.506E-01
30/10/2019,03:00,9,2.693,3.193,-2.243,.892,.056, 1.023E+03, 1.137E+02, 1.167E-02, 3.469E-16, 0.000E+00, 0.000E+00, 0.000E+00, 0.000E+00,-1.137E+01, 2.835E+00, 2.128E+00, 2.003E-01, 1.000E-01,-9.990E+02, 1.000E+00,-9.990E+02, 0.000E+00, 0.000E+00, 0.000E+00, 1.000E+00, 0.000E+00, 0.000E+00, 0.000E+00, 0.000E+00, 2.260E+02, 6.835E+01, 7.799E-03, 0.000E+00, 1.282E+02, 3.200E-03, 3.814E-01
30/10/2019,04:00,9,2.693,3.193,-1.918,.861,.074, 1.023E+03, 1.063E+02, 1.167E-02, 3.469E-16, 0.000E+00, 0.000E+00, 0.000E+00, 0.000E+00,-1.137E+01, 2.835E+00, 1.988E+00, 2.005E-01, 1.000E-01,-9.990E+02, 1.000E+00,-9.990E+02, 0.000E+00, 0.000E+00, 0.000E+00, 1.000E+00, 0.000E+00, 0.000E+00, 0.000E+00, 0.000E+00, 2.259E+02, 6.835E+01, 8.323E-03, 0.000E+00, 1.201E+02, 3.285E-03, 4.251E-01
30/10/2019,05:00,9,2.693,3.193,-1.592,.830,.092, 1.022E+03, 9.884E+01, 1.167E-02, 3.469E-16, 0.000E+00, 0.000E+00, 0.000E+00, 0.000E+00,-1.137E+01, 2.835E+00, 2.042E+00, 2.006E-01, 1.000E-01,-9.990E+02, 1.000E+00,-9.990E+02, 0.000E+00, 0.000E+00, 0.000E+00, 1.000E+00, 0.000E+00, 0.000E+00, 0.000E+00, 0.000E+00, 2.258E+02, 6.835E+01, 8.883E-03, 0.000E+00, 1.126E+02, 3.368E-03, 5.629E-01
30/10/2019,06:00,9,2.693,3.193,-1.267,.800,.111, 1.022E+03, 9.179E+01, 8.179E-03, 3.469E-16, 0.000E+00, 0.000E+00, 0.000E+00, 0.000E+00, 4.575E+00, 1.333E+01, 2.276E+00, 3.868E-01, 1.370E-01,-9.990E+02, 1.000E+00,-9.990E+02, 0.000E+00, 0.000E+00, 0.000E+00, 1.000E+00, 0.000E+00, 0.000E+00, 0.000E+00, 0.000E+00, 1.196E+02, 4.988E+01, 9.480E-03, 0.000E+00, 1.055E+02, 4.242E-03, 8.214E-01
30/10/2019,07:00,9,2.693,3.193,-.267,.792,.124, 1.022E+03, 8.547E+01, 8.179E-03, 3.469E-16, 4.468E+00, 1.882E+01, 3.543E+01, 7.162E+00, 4.575E+00, 1.333E+01, 2.446E+00, 3.876E-01, 1.473E-01, 5.868E-02, 1.000E+00, 2.852E-01, 7.672E-01, 1.000E-02, 1.000E+00, 1.000E+00, 2.852E-03, 1.747E-05, 4.700E-05, 0.000E+00, 1.113E+02, 4.642E+01, 1.000E-02, 6.453E-05, 9.936E+01, 4.534E-03, 8.665E-01
30/10/2019,08:00,9,2.693,3.193,.734,.785,.139, 1.022E+03, 8.024E+01, 8.179E-03, 3.469E-16, 3.383E+01, 3.839E+01, 1.156E+02, 1.578E+01, 4.575E+00, 1.333E+01, 2.632E+00, 3.883E-01, 1.584E-01, 1.258E-01, 1.000E+00, 5.421E-01, 9.914E-01, 1.000E-02, 1.000E+00, 1.000E+00, 5.421E-03, 3.333E-05, 6.095E-05, 0.000E+00, 1.035E+02, 4.314E+01, 5.000E-03, 1.231E-04, 1.952E+02, 3.248E-03, 9.189E-01
30/10/2019,09:00,9,2.693,3.193,1.735,.777,.154, 1.022E+03, 7.646E+01, 0.000E+00, 3.469E-16, 6.330E+01, 5.025E+01, 1.566E+02, 2.139E+01, 5.170E+01, 3.491E+01, 2.830E+00, 4.786E-01, 1.783E-01, 1.733E-01, 1.000E+00, 6.568E-01, 9.984E-01, 1.000E-02, 1.000E+00, 1.000E+00, 6.568E-03, 4.053E-05, 6.161E-05, 0.000E+00, 8.450E+01, 3.834E+01, 5.000E-03, 1.497E-04, 1.942E+02, 3.412E-03, 1.013E+00
30/10/2019,10:00,9,2.693,3.193,2.698,.743,.190, 1.021E+03, 7.443E+01, 0.000E+00, 3.469E-16, 8.038E+01, 5.578E+01, 1.738E+02, 2.409E+01, 5.170E+01, 3.491E+01, 2.809E+00, 4.796E-01, 1.769E-01, 1.980E-01, 1.000E+00, 7.020E-01, 9.992E-01, 1.000E-02, 1.000E+00, 1.000E+00, 7.020E-03, 4.347E-05, 6.188E-05, 0.000E+00, 8.520E+01, 3.864E+01, 5.000E-03, 1.606E-04, 1.938E+02, 3.407E-03, 7.851E-01
30/10/2019,11:00,9,2.693,3.193,3.661,.709,.231, 1.021E+03, 7.433E+01, 0.000E+00, 3.469E-16, 8.124E+01, 5.603E+01, 1.746E+02, 2.421E+01, 5.170E+01, 3.491E+01, 2.795E+00, 4.805E-01, 1.760E-01, 1.992E-01, 1.000E+00, 7.040E-01, 9.992E-01, 1.000E-02, 1.000E+00, 1.000E+00, 7.040E-03, 4.375E-05, 6.209E-05, 0.000E+00, 8.568E+01, 3.885E+01, 5.000E-03, 1.616E-04, 1.937E+02, 3.402E-03, 7.484E-01
30/10/2019,12:00,9,2.693,3.193,4.624,.675,.276, 1.020E+03, 7.618E+01, 0.000E+00, 3.469E-16, 4.820E+01, 5.227E+01, 1.223E+02, 2.143E+01,-3.069E+01, 5.845E+00, 2.789E+00, 3.414E-01, 1.395E-01, 1.768E-01, 1.000E+00, 6.579E-01, 9.935E-01, 1.000E-02, 1.000E+00, 1.000E+00, 6.579E-03, 4.102E-05, 6.195E-05, 0.000E+00, 1.433E+02, 4.900E+01, 5.000E-03, 1.515E-04, 1.941E+02, 3.082E-03, 7.664E-01
30/10/2019,13:00,9,2.693,3.193,3.378,.711,.225, 1.020E+03, 7.980E+01, 0.000E+00, 3.469E-16, 2.723E+01, 3.902E+01, 9.255E+01, 1.568E+01,-3.069E+01, 5.845E+00, 3.041E+00, 3.407E-01, 1.519E-01, 1.315E-01, 1.000E+00, 5.413E-01, 9.778E-01, 1.000E-02, 1.000E+00, 1.000E+00, 5.413E-03, 3.360E-05, 6.070E-05, 0.000E+00, 1.317E+02, 4.499E+01, 5.000E-03, 1.241E-04, 1.952E+02, 3.176E-03, 8.076E-01
30/10/2019,14:00,9,2.693,3.193,2.131,.746,.181, 1.020E+03, 8.490E+01, 0.000E+00, 3.469E-16, 4.810E+00, 1.898E+01, 3.430E+01, 7.235E+00,-3.069E+01, 5.845E+00, 3.301E+00, 3.400E-01, 1.648E-01, 6.599E-02, 1.000E+00, 2.903E-01, 7.561E-01, 1.000E-02, 1.000E+00, 1.000E+00, 2.903E-03, 1.794E-05, 4.672E-05, 0.000E+00, 1.216E+02, 4.148E+01, 5.000E-03, 6.626E-05, 1.974E+02, 3.249E-03, 8.468E-01
30/10/2019,15:00,9,2.693,3.193,.885,.781,.143, 1.019E+03, 9.114E+01, 0.000E+00, 3.469E-16, 0.000E+00, 0.000E+00, 0.000E+00, 0.000E+00,-5.395E+01,-1.141E+00, 3.568E+00, 3.713E-01, 1.687E-01,-9.990E+02, 1.000E+00,-9.990E+02, 0.000E+00, 0.000E+00, 0.000E+00, 1.000E+00, 0.000E+00, 0.000E+00, 0.000E+00, 0.000E+00, 1.254E+02, 4.052E+01, 5.000E-03, 0.000E+00, 2.000E+02, 3.242E-03, 9.258E-01
30/10/2019,16:00,9,2.693,3.193,.556,.843,.100, 1.019E+03, 9.814E+01, 0.000E+00, 3.469E-16, 0.000E+00, 0.000E+00, 0.000E+00, 0.000E+00,-5.395E+01,-1.141E+00, 3.487E+00, 3.712E-01, 1.648E-01,-9.990E+02, 1.000E+00,-9.990E+02, 0.000E+00, 0.000E+00, 0.000E+00, 1.000E+00, 0.000E+00, 0.000E+00, 0.000E+00, 0.000E+00, 1.284E+02, 4.147E+01, 1.247E-02, 0.000E+00, 8.016E+01, 5.231E-03, 9.106E-01
30/10/2019,17:00,9,2.693,3.193,.227,.905,.059, 1.018E+03, 1.056E+02, 0.000E+00, 3.469E-16, 0.000E+00, 0.000E+00, 0.000E+00, 0.000E+00,-5.395E+01,-1.141E+00, 3.408E+00, 3.710E-01, 1.610E-01,-9.990E+02, 1.000E+00,-9.990E+02, 0.000E+00, 0.000E+00, 0.000E+00, 1.000E+00, 0.000E+00, 0.000E+00, 0.000E+00, 0.000E+00, 1.314E+02, 4.245E+01, 3.720E-02, 0.000E+00, 2.688E+01, 7.116E-03, 7.373E-01
30/10/2019,18:00,9,2.693,3.193,-.102,.967,.020, 1.018E+03, 1.130E+02, 0.000E+00, 3.469E-16, 0.000E+00, 0.000E+00, 0.000E+00, 0.000E+00,-4.034E+01,-1.197E+01, 3.330E+00, 3.554E-01, 1.623E-01,-9.990E+02, 1.000E+00,-9.990E+02, 0.000E+00, 0.000E+00, 0.000E+00, 1.000E+00, 0.000E+00, 0.000E+00, 0.000E+00, 0.000E+00, 1.264E+02, 4.212E+01, 1.000E-02, 0.000E+00, 1.000E+02, 4.708E-03, 5.297E-01
30/10/2019,19:00,9,2.693,3.193,-.242,.968,.019, 1.017E+03, 1.201E+02, 0.000E+00, 3.469E-16, 0.000E+00, 0.000E+00, 0.000E+00, 0.000E+00,-4.034E+01,-1.197E+01, 3.236E+00, 3.554E-01, 1.577E-01,-9.990E+02, 1.000E+00,-9.990E+02, 0.000E+00, 0.000E+00, 0.000E+00, 1.000E+00, 0.000E+00, 0.000E+00, 0.000E+00, 0.000E+00, 1.302E+02, 4.335E+01, 1.000E-02, 0.000E+00, 1.000E+02, 4.636E-03, 5.815E-01
30/10/2019,20:00,9,2.693,3.193,-.381,.970,.018, 1.017E+03, 1.263E+02, 0.000E+00, 3.469E-16, 0.000E+00, 0.000E+00, 0.000E+00, 0.000E+00,-4.034E+01,-1.197E+01, 3.143E+00, 3.554E-01, 1.531E-01,-9.990E+02, 1.000E+00,-9.990E+02, 0.000E+00, 0.000E+00, 0.000E+00, 1.000E+00, 0.000E+00, 0.000E+00, 0.000E+00, 0.000E+00, 1.340E+02, 4.464E+01, 1.000E-02, 0.000E+00, 1.000E+02, 4.564E-03, 4.955E-01
30/10/2019,21:00,9,2.693,3.193,-.520,.972,.017, 1.017E+03, 1.311E+02, 0.000E+00, 3.469E-16, 0.000E+00, 0.000E+00, 0.000E+00, 0.000E+00,-3.891E+01,-6.963E+00, 3.052E+00, 3.516E-01, 1.488E-01,-9.990E+02, 1.000E+00,-9.990E+02, 0.000E+00, 0.000E+00, 0.000E+00, 1.000E+00, 0.000E+00, 0.000E+00, 0.000E+00, 0.000E+00, 1.378E+02, 4.593E+01, 1.000E-02, 0.000E+00, 1.000E+02, 4.493E-03, 4.098E-01
30/10/2019,22:00,9,2.693,3.193,-.850,.962,.022, 1.016E+03, 1.338E+02, 0.000E+00, 3.469E-16, 0.000E+00, 0.000E+00, 0.000E+00, 0.000E+00,-3.891E+01,-6.963E+00, 3.108E+00, 3.514E-01, 1.515E-01,-9.990E+02, 1.000E+00,-9.990E+02, 0.000E+00, 0.000E+00, 0.000E+00, 1.000E+00, 0.000E+00, 0.000E+00, 0.000E+00, 0.000E+00, 1.354E+02, 4.512E+01, 1.000E-02, 0.000E+00, 1.000E+02, 4.537E-03, 3.527E-01
30/10/2019,23:00,9,2.693,3.193,-1.180,.953,.026, 1.016E+03, 1.339E+02, 0.000E+00, 3.469E-16, 0.000E+00, 0.000E+00, 0.000E+00, 0.000E+00,-3.891E+01,-6.963E+00, 3.165E+00, 3.513E-01, 1.542E-01,-9.990E+02, 1.000E+00,-9.990E+02, 0.000E+00, 0.000E+00, 0.000E+00, 1.000E+00, 0.000E+00, 0.000E+00, 0.000E+00, 0.000E+00, 1.331E+02, 4.433E+01, 9.647E-03, 0.000E+00, 1.037E+02, 4.506E-03, 2.825E-01
31/10/2019,00:00,9,2.682,3.182,-1.509,.943,.031, 1.015E+03, 1.315E+02, 7.972E-06, 3.469E-16, 0.000E+00, 0.000E+00, 0.000E+00, 0.000E+00,-3.923E+01, 4.988E+00, 3.223E+00, 3.929E-01, 1.653E-01,-9.990E+02, 1.000E+00,-9.990E+02, 0.000E+00, 0.000E+00, 0.000E+00, 1.000E+00, 0.000E+00, 0.000E+00, 0.000E+00, 0.000E+00, 1.179E+02, 4.134E+01, 9.032E-03, 0.000E+00, 1.107E+02, 4.536E-03, 2.682E-01
31/10/2019,01:00,9,2.682,3.182,-1.356,.926,.041, 1.015E+03, 1.270E+02, 7.972E-06, 3.469E-16, 0.000E+00, 0.000E+00, 0.000E+00, 0.000E+00,-3.923E+01, 4.988E+00, 3.241E+00, 3.931E-01, 1.663E-01,-9.990E+02, 1.000E+00,-9.990E+02, 0.000E+00, 0.000E+00, 0.000E+00, 1.000E+00, 0.000E+00, 0.000E+00, 0.000E+00, 0.000E+00, 1.172E+02, 4.110E+01, 9.312E-03, 0.000E+00, 1.074E+02, 4.619E-03, 2.779E-01
31/10/2019,02:00,9,2.682,3.182,-1.203,.909,.051, 1.014E+03, 1.209E+02, 7.972E-06, 3.469E-16, 0.000E+00, 0.000E+00, 0.000E+00, 0.000E+00,-3.923E+01, 4.988E+00, 3.274E+00, 3.934E-01, 1.680E-01,-9.990E+02, 1.000E+00,-9.990E+02, 0.000E+00, 0.000E+00, 0.000E+00, 1.000E+00, 0.000E+00, 0.000E+00, 0.000E+00, 0.000E+00, 1.160E+02, 4.069E+01, 9.602E-03, 0.000E+00, 1.041E+02, 4.714E-03, 3.042E-01
31/10/2019,03:00,9,2.682,3.182,-1.050,.891,.061, 1.013E+03, 1.139E+02, 7.972E-06, 3.469E-16, 0.000E+00, 0.000E+00, 0.000E+00, 0.000E+00,-3.715E+01, 4.509E+00, 3.320E+00, 3.708E-01, 1.674E-01,-9.990E+02, 1.000E+00,-9.990E+02, 0.000E+00, 0.000E+00, 0.000E+00, 1.000E+00, 0.000E+00, 0.000E+00, 0.000E+00, 0.000E+00, 1.185E+02, 4.084E+01, 9.900E-03, 0.000E+00, 1.010E+02, 4.771E-03, 3.202E-01
31/10/2019,04:00,9,2.682,3.182,-.895,.888,.064, 1.013E+03, 1.065E+02, 7.972E-06, 3.469E-16, 0.000E+00, 0.000E+00, 0.000E+00, 0.000E+00,-3.715E+01, 4.509E+00, 3.210E+00, 3.709E-01, 1.618E-01,-9.990E+02, 1.000E+00,-9.990E+02, 0.000E+00, 0.000E+00, 0.000E+00, 1.000E+00, 0.000E+00, 0.000E+00, 0.000E+00, 0.000E+00, 1.225E+02, 4.223E+01, 1.000E-02, 0.000E+00, 1.000E+02, 4.710E-03, 3.202E-01
31/10/2019,05:00,9,2.682,3.182,-.739,.884,.067, 1.013E+03, 9.911E+01, 7.972E-06, 3.469E-16, 0.000E+00, 0.000E+00, 0.000E+00, 0.000E+00,-3.715E+01, 4.509E+00, 3.139E+00, 3.711E-01, 1.583E-01,-9.990E+02, 1.000E+00,-9.990E+02, 0.000E+00, 0.000E+00, 0.000E+00, 1.000E+00, 0.000E+00, 0.000E+00, 0.000E+00, 0.000E+00, 1.253E+02, 4.318E+01, 1.000E-02, 0.000E+00, 1.000E+02, 4.655E-03, 3.637E-01
31/10/2019,06:00,9,2.682,3.182,-.584,.881,.070, 1.013E+03, 9.207E+01, 7.972E-06, 3.469E-16, 0.000E+00, 0.000E+00, 0.000E+00, 0.000E+00,-1.413E+01, 1.352E+01, 3.109E+00, 3.679E-01, 1.727E-01,-9.990E+02, 1.000E+00,-9.990E+02, 0.000E+00, 0.000E+00, 0.000E+00, 1.000E+00, 0.000E+00, 0.000E+00, 0.000E+00, 0.000E+00, 1.043E+02, 3.958E+01, 1.000E-02, 0.000E+00, 1.000E+02, 4.896E-03, 4.012E-01
31/10/2019,07:00,9,2.682,3.182,.704,.838,.104, 1.013E+03, 8.576E+01, 7.972E-06, 3.469E-16, 3.633E+00, 1.764E+01, 3.127E+01, 6.701E+00,-1.413E+01, 1.352E+01, 2.898E+00, 3.688E-01, 1.610E-01, 5.513E-02, 1.000E+00, 2.675E-01, 7.237E-01, 1.000E-02, 1.000E+00, 1.000E+00, 2.675E-03, 1.645E-05, 4.449E-05, 0.000E+00, 1.118E+02, 4.246E+01, 1.020E-02, 6.049E-05, 9.747E+01, 4.778E-03, 4.931E-01
31/10/2019,08:00,9,2.682,3.182,1.993,.794,.145, 1.013E+03, 8.054E+01, 7.972E-06, 3.469E-16, 3.196E+01, 3.733E+01, 1.126E+02, 1.535E+01,-1.413E+01, 1.352E+01, 2.717E+00, 3.696E-01, 1.510E-01, 1.225E-01, 1.000E+00, 5.320E-01, 9.903E-01, 1.000E-02, 1.000E+00, 1.000E+00, 5.320E-03, 3.286E-05, 6.116E-05, 0.000E+00, 1.191E+02, 4.527E+01, 5.000E-03, 1.209E-04, 1.953E+02, 3.180E-03, 6.420E-01
31/10/2019,09:00,9,2.682,3.182,3.281,.751,.192, 1.014E+03, 7.677E+01, 7.972E-06, 3.469E-16, 6.113E+01, 4.932E+01, 1.546E+02, 2.102E+01, 1.716E+01, 3.747E+01, 2.573E+00, 3.995E-01, 1.589E-01, 1.701E-01, 1.000E+00, 6.501E-01, 9.983E-01, 1.000E-02, 1.000E+00, 1.000E+00, 6.501E-03, 4.034E-05, 6.195E-05, 0.000E+00, 9.834E+01, 4.303E+01, 5.000E-03, 1.484E-04, 1.942E+02, 3.269E-03, 7.743E-01
31/10/2019,10:00,9,2.682,3.182,4.253,.727,.226, 1.014E+03, 7.475E+01, 7.972E-06, 3.469E-16, 7.807E+01, 5.491E+01, 1.722E+02, 2.375E+01, 1.716E+01, 3.747E+01, 2.511E+00, 4.002E-01, 1.550E-01, 1.949E-01, 1.000E+00, 6.967E-01, 9.992E-01, 1.000E-02, 1.000E+00, 1.000E+00, 6.967E-03, 4.338E-05, 6.222E-05, 0.000E+00, 1.008E+02, 4.410E+01, 5.000E-03, 1.596E-04, 1.938E+02, 3.244E-03, 7.404E-01
31/10/2019,11:00,9,2.682,3.182,5.224,.703,.264, 1.014E+03, 7.465E+01, 7.972E-06, 3.469E-16, 7.889E+01, 5.516E+01, 1.729E+02, 2.387E+01, 1.716E+01, 3.747E+01, 2.449E+00, 4.009E-01, 1.512E-01, 1.961E-01, 1.000E+00, 6.987E-01, 9.992E-01, 1.000E-02, 1.000E+00, 1.000E+00, 6.987E-03, 4.366E-05, 6.244E-05, 0.000E+00, 1.034E+02, 4.522E+01, 5.000E-03, 1.606E-04, 1.938E+02, 3.214E-03, 6.493E-01
31/10/2019,12:00,9,2.682,3.182,6.196,.678,.305, 1.014E+03, 7.649E+01, 7.972E-06, 3.469E-16, 6.342E+01, 5.012E+01, 1.572E+02, 2.141E+01,-2.765E+01, 1.951E+01, 2.387E+00, 3.019E-01, 1.138E-01, 1.736E-01, 1.000E+00, 6.571E-01, 9.984E-01, 1.000E-02, 1.000E+00, 1.000E+00, 6.571E-03, 4.121E-05, 6.261E-05, 0.000E+00, 1.843E+02, 6.006E+01, 5.000E-03, 1.516E-04, 1.941E+02, 2.819E-03, 5.712E-01
31/10/2019,13:00,9,2.682,3.182,5.090,.721,.245, 1.014E+03, 8.011E+01, 7.972E-06, 3.469E-16, 3.509E+01, 3.882E+01, 1.182E+02, 1.604E+01,-2.765E+01, 1.951E+01, 2.686E+00, 3.013E-01, 1.279E-01, 1.281E-01, 1.000E+00, 5.482E-01, 9.922E-01, 1.000E-02, 1.000E+00, 1.000E+00, 5.482E-03, 3.424E-05, 6.198E-05, 0.000E+00, 1.641E+02, 5.344E+01, 5.000E-03, 1.259E-04, 1.951E+02, 2.958E-03, 5.478E-01
31/10/2019,14:00,9,2.682,3.182,3.984,.764,.192, 1.014E+03, 8.520E+01, 7.972E-06, 3.469E-16, 5.487E+00, 1.989E+01, 4.043E+01, 7.631E+00,-2.765E+01, 1.951E+01, 3.037E+00, 3.007E-01, 1.445E-01, 6.238E-02, 1.000E+00, 3.031E-01, 8.104E-01, 1.000E-02, 1.000E+00, 1.000E+00, 3.031E-03, 1.886E-05, 5.042E-05, 0.000E+00, 1.455E+02, 4.731E+01, 5.000E-03, 6.936E-05, 1.973E+02, 3.088E-03, 5.411E-01
31/10/2019,15:00,9,2.682,3.182,2.878,.807,.145, 1.014E+03, 9.143E+01, 7.972E-06, 3.469E-16, 0.000E+00, 0.000E+00, 0.000E+00, 0.000E+00,-4.881E+01, 1.381E+00, 3.425E+00, 2.868E-01, 1.351E-01,-9.990E+02, 1.000E+00,-9.990E+02, 0.000E+00, 0.000E+00, 0.000E+00, 1.000E+00, 0.000E+00, 0.000E+00, 0.000E+00, 0.000E+00, 1.876E+02, 5.060E+01, 5.000E-03, 0.000E+00, 2.000E+02, 2.956E-03, 5.451E-01
31/10/2019,16:00,9,2.682,3.182,2.121,.827,.123, 1.014E+03, 9.843E+01, 7.972E-06, 3.469E-16, 0.000E+00, 0.000E+00, 0.000E+00, 0.000E+00,-4.881E+01, 1.381E+00, 3.344E+00, 2.863E-01, 1.317E-01,-9.990E+02, 1.000E+00,-9.990E+02, 0.000E+00, 0.000E+00, 0.000E+00, 1.000E+00, 0.000E+00, 0.000E+00, 0.000E+00, 0.000E+00, 1.927E+02, 5.190E+01, 6.212E-03, 0.000E+00, 1.610E+02, 3.302E-03, 5.823E-01
31/10/2019,17:00,9,2.682,3.182,1.363,.847,.103, 1.015E+03, 1.058E+02, 7.972E-06, 3.469E-16, 0.000E+00, 0.000E+00, 0.000E+00, 0.000E+00,-4.881E+01, 1.381E+00, 3.270E+00, 2.859E-01, 1.286E-01,-9.990E+02, 1.000E+00,-9.990E+02, 0.000E+00, 0.000E+00, 0.000E+00, 1.000E+00, 0.000E+00, 0.000E+00, 0.000E+00, 0.000E+00, 1.977E+02, 5.315E+01, 9.651E-03, 0.000E+00, 1.036E+02, 4.017E-03, 5.960E-01
31/10/2019,18:00,9,2.682,3.182,.605,.867,.085, 1.015E+03, 1.133E+02, 7.972E-06, 3.469E-16, 0.000E+00, 0.000E+00, 0.000E+00, 0.000E+00,-3.855E+01, 2.910E-01, 3.203E+00, 2.611E-01, 1.244E-01,-9.990E+02, 1.000E+00,-9.990E+02, 0.000E+00, 0.000E+00, 0.000E+00, 1.000E+00, 0.000E+00, 0.000E+00, 0.000E+00, 0.000E+00, 2.069E+02, 5.493E+01, 1.627E-02, 0.000E+00, 6.147E+01, 4.718E-03, 5.587E-01
31/10/2019,19:00,9,2.682,3.182,.280,.870,.081, 1.015E+03, 1.204E+02, 7.972E-06, 3.469E-16, 0.000E+00, 0.000E+00, 0.000E+00, 0.000E+00,-3.855E+01, 2.910E-01, 3.141E+00, 2.609E-01, 1.220E-01,-9.990E+02, 1.000E+00,-9.990E+02, 0.000E+00, 0.000E+00, 0.000E+00, 1.000E+00, 0.000E+00, 0.000E+00, 0.000E+00, 0.000E+00, 2.112E+02, 5.605E+01, 2.179E-02, 0.000E+00, 4.588E+01, 5.014E-03, 5.007E-01
31/10/2019,20:00,9,2.682,3.182,-.044,.874,.077, 1.015E+03, 1.266E+02, 7.972E-06, 3.469E-16, 0.000E+00, 0.000E+00, 0.000E+00, 0.000E+00,-3.855E+01, 2.910E-01, 3.086E+00, 2.608E-01, 1.197E-01,-9.990E+02, 1.000E+00,-9.990E+02, 0.000E+00, 0.000E+00, 0.000E+00, 1.000E+00, 0.000E+00, 0.000E+00, 0.000E+00, 0.000E+00, 2.153E+02, 5.709E+01, 1.000E-02, 0.000E+00, 1.000E+02, 3.900E-03, 4.474E-01
31/10/2019,21:00,9,2.682,3.182,-.369,.877,.073, 1.014E+03, 1.314E+02, 7.972E-06, 3.469E-16, 0.000E+00, 0.000E+00, 0.000E+00, 0.000E+00,-3.347E+01,-1.231E+00, 3.037E+00, 2.529E-01, 1.198E-01,-9.990E+02, 1.000E+00,-9.990E+02, 0.000E+00, 0.000E+00, 0.000E+00, 1.000E+00, 0.000E+00, 0.000E+00, 0.000E+00, 0.000E+00, 2.116E+02, 5.705E+01, 1.000E-02, 0.000E+00, 1.000E+02, 3.907E-03, 4.685E-01
31/10/2019,22:00,9,2.682,3.182,-.599,.885,.067, 1.014E+03, 1.341E+02, 7.972E-06, 3.469E-16, 0.000E+00, 0.000E+00, 0.000E+00, 0.000E+00,-3.347E+01,-1.231E+00, 2.969E+00, 2.528E-01, 1.171E-01,-9.990E+02, 1.000E+00,-9.990E+02, 0.000E+00, 0.000E+00, 0.000E+00, 1.000E+00, 0.000E+00, 0.000E+00, 0.000E+00, 0.000E+00, 2.166E+02, 5.838E+01, 1.000E-02, 0.000E+00, 1.000E+02, 3.852E-03, 4.375E-01
31/10/2019,23:00,9,2.682,3.182,-.829,.893,.061, 1.014E+03, 1.343E+02, 7.972E-06, 3.469E-16, 0.000E+00, 0.000E+00, 0.000E+00, 0.000E+00,-3.347E+01,-1.231E+00, 2.903E+00, 2.527E-01, 1.144E-01,-9.990E+02, 1.000E+00,-9.990E+02, 0.000E+00, 0.000E+00, 0.000E+00, 1.000E+00, 0.000E+00, 0.000E+00, 0.000E+00, 0.000E+00, 2.217E+02, 5.974E+01, 1.000E-02, 0.000E+00, 1.000E+02, 3.797E-03, 4.179E-01
01/11/2019,00:00,9,2.671,3.171,-1.059,.902,.056, 1.014E+03, 1.319E+02, 2.053E-05, 3.469E-16, 0.000E+00, 0.000E+00, 0.000E+00, 0.000E+00,-1.442E+01,-2.555E+00, 2.838E+00, 1.749E-01, 1.017E-01,-9.990E+02, 1.000E+00,-9.990E+02, 0.000E+00, 0.000E+00, 0.000E+00, 1.000E+00, 0.000E+00, 0.000E+00, 0.000E+00, 0.000E+00, 2.746E+02, 6.723E+01, 9.882E-03, 0.000E+00, 1.012E+02, 3.480E-03, 4.183E-01
01/11/2019,01:00,9,2.671,3.171,-1.194,.908,.052, 1.014E+03, 1.273E+02, 2.053E-05, 3.469E-16, 0.000E+00, 0.000E+00, 0.000E+00, 0.000E+00,-1.442E+01,-2.555E+00, 2.617E+00, 1.749E-01, 1.000E-01,-9.990E+02, 1.000E+00,-9.990E+02, 0.000E+00, 0.000E+00, 0.000E+00, 1.000E+00, 0.000E+00, 0.000E+00, 0.000E+00, 0.000E+00, 2.792E+02, 6.835E+01, 9.619E-03, 0.000E+00, 1.040E+02, 3.410E-03, 4.347E-01
01/11/2019,02:00,9,2.671,3.171,-1.329,.914,.048, 1.013E+03, 1.212E+02, 2.053E-05, 3.469E-16, 0.000E+00, 0.000E+00, 0.000E+00, 0.000E+00,-1.442E+01,-2.555E+00, 2.396E+00, 1.749E-01, 1.000E-01,-9.990E+02, 1.000E+00,-9.990E+02, 0.000E+00, 0.000E+00, 0.000E+00, 1.000E+00, 0.000E+00, 0.000E+00, 0.000E+00, 0.000E+00, 2.793E+02, 6.835E+01, 9.363E-03, 0.000E+00, 1.068E+02, 3.378E-03, 4.581E-01
01/11/2019,03:00,9,2.671,3.171,-1.464,.920,.044, 1.013E+03, 1.142E+02, 2.053E-05, 3.469E-16, 0.000E+00, 0.000E+00, 0.000E+00, 0.000E+00,-6.998E+00,-1.038E+00, 2.176E+00, 1.238E-01, 1.000E-01,-9.990E+02, 1.000E+00,-9.990E+02, 0.000E+00, 0.000E+00, 0.000E+00, 1.000E+00, 0.000E+00, 0.000E+00, 0.000E+00, 0.000E+00, 3.203E+02, 6.835E+01, 9.114E-03, 0.000E+00, 1.097E+02, 3.303E-03, 4.849E-01
01/11/2019,04:00,9,2.671,3.171,-1.636,.926,.040, 1.013E+03, 1.068E+02, 2.053E-05, 3.469E-16, 0.000E+00, 0.000E+00, 0.000E+00, 0.000E+00,-6.998E+00,-1.038E+00, 1.854E+00, 1.238E-01, 1.000E-01,-9.990E+02, 1.000E+00,-9.990E+02, 0.000E+00, 0.000E+00, 0.000E+00, 1.000E+00, 0.000E+00, 0.000E+00, 0.000E+00, 0.000E+00, 3.204E+02, 6.835E+01, 8.806E-03, 0.000E+00, 1.136E+02, 3.261E-03, 5.265E-01
01/11/2019,05:00,9,2.671,3.171,-1.808,.932,.037, 1.012E+03, 9.938E+01, 2.053E-05, 3.469E-16, 0.000E+00, 0.000E+00, 0.000E+00, 0.000E+00,-6.998E+00,-1.038E+00, 1.733E+00, 1.238E-01, 1.000E-01,-9.990E+02, 1.000E+00,-9.990E+02, 0.000E+00, 0.000E+00, 0.000E+00, 1.000E+00, 0.000E+00, 0.000E+00, 0.000E+00, 0.000E+00, 3.205E+02, 6.835E+01, 8.508E-03, 0.000E+00, 1.175E+02, 3.219E-03, 6.007E-01
01/11/2019,06:00,9,2.671,3.171,-1.979,.938,.033, 1.012E+03, 9.235E+01, 2.053E-05, 3.469E-16, 0.000E+00, 0.000E+00, 0.000E+00, 0.000E+00, 7.886E+00, 7.624E+00, 1.853E+00, 2.224E-01, 1.190E-01,-9.990E+02, 1.000E+00,-9.990E+02, 0.000E+00, 0.000E+00, 0.000E+00, 1.000E+00, 0.000E+00, 0.000E+00, 0.000E+00, 0.000E+00, 1.221E+02, 5.743E+01, 8.221E-03, 0.000E+00, 1.216E+02, 3.721E-03, 7.373E-01
01/11/2019,07:00,9,2.671,3.171,-.860,.903,.056, 1.012E+03, 8.605E+01, 2.053E-05, 3.469E-16, 1.945E+00, 1.433E+01, 1.953E+01, 5.407E+00, 7.886E+00, 7.624E+00, 1.664E+00, 2.229E-01, 1.069E-01, 5.158E-02, 1.000E+00, 2.176E-01, 5.520E-01, 1.000E-02, 1.000E+00, 1.000E+00, 2.176E-03, 1.330E-05, 3.374E-05, 0.000E+00, 1.361E+02, 6.395E+01, 1.000E-02, 4.872E-05, 9.952E+01, 3.797E-03, 8.886E-01
01/11/2019,08:00,9,2.671,3.171,.260,.868,.082, 1.011E+03, 8.084E+01, 2.053E-05, 3.469E-16, 2.056E+01, 3.531E+01, 7.869E+01, 1.408E+01, 7.886E+00, 7.624E+00, 1.498E+00, 2.234E-01, 1.000E-01, 1.191E-01, 1.000E+00, 5.017E-01, 9.607E-01, 1.000E-02, 1.000E+00, 1.000E+00, 5.017E-03, 3.079E-05, 5.897E-05, 0.000E+00, 1.455E+02, 6.835E+01, 1.910E-02, 1.128E-04, 5.204E+01, 4.402E-03, 1.117E+00
01/11/2019,09:00,9,2.671,3.171,1.379,.832,.113, 1.011E+03, 7.709E+01, 2.053E-05, 3.469E-16, 2.005E+01, 5.100E+01, 6.466E+01, 1.980E+01, 2.773E+01, 2.526E+01, 1.360E+00, 2.876E-01, 1.000E-01, 1.669E-01, 1.000E+00, 6.193E-01, 9.300E-01, 1.000E-02, 1.000E+00, 1.000E+00, 6.193E-03, 3.817E-05, 5.732E-05, 0.000E+00, 1.384E+02, 6.835E+01, 7.718E-03, 1.398E-04, 1.273E+02, 3.330E-03, 1.411E+00
01/11/2019,10:00,9,2.671,3.171,2.251,.814,.134, 1.010E+03, 7.507E+01, 2.053E-05, 3.469E-16, 2.581E+01, 6.018E+01, 7.350E+01, 2.342E+01, 2.773E+01, 2.526E+01, 1.443E+00, 2.882E-01, 1.000E-01, 1.919E-01, 1.000E+00, 6.823E-01, 9.514E-01, 1.000E-02, 1.000E+00, 1.000E+00, 6.823E-03, 4.218E-05, 5.882E-05, 0.000E+00, 1.385E+02, 6.835E+01, 5.269E-03, 1.545E-04, 1.844E+02, 2.798E-03, 1.368E+00
01/11/2019,11:00,9,2.671,3.171,3.122,.796,.156, 1.010E+03, 7.497E+01, 2.053E-05, 3.469E-16, 2.610E+01, 6.062E+01, 7.392E+01, 2.359E+01, 2.773E+01, 2.526E+01, 1.553E+00, 2.887E-01, 1.025E-01, 1.930E-01, 1.000E+00, 6.850E-01, 9.522E-01, 1.000E-02, 1.000E+00, 1.000E+00, 6.850E-03, 4.248E-05, 5.905E-05, 0.000E+00, 1.352E+02, 6.670E+01, 5.000E-03, 1.556E-04, 1.940E+02, 2.756E-03, 1.487E+00
01/11/2019,12:00,9,2.671,3.171,3.994,.777,.181, 1.009E+03, 7.681E+01, 2.053E-05, 3.469E-16, 1.362E+01, 4.905E+01, 4.861E+01, 1.877E+01,-1.802E+01,-8.116E-01, 1.683E+00, 2.727E-01, 1.000E-01, 1.704E-01, 1.000E+00, 5.936E-01, 8.645E-01, 1.000E-02, 1.000E+00, 1.000E+00, 5.936E-03, 3.693E-05, 5.379E-05, 0.000E+00, 2.051E+02, 6.835E+01, 5.000E-03, 1.353E-04, 1.947E+02, 2.652E-03, 1.643E+00
01/11/2019,13:00,9,2.671,3.171,2.598,.840,.118, 1.009E+03, 8.041E+01, 2.053E-05, 3.469E-16, 7.375E+00, 3.289E+01, 3.467E+01, 1.253E+01,-1.802E+01,-8.116E-01, 2.084E+00, 2.721E-01, 1.015E-01, 1.247E-01, 1.000E+00, 4.472E-01, 7.597E-01, 1.000E-02, 1.000E+00, 1.000E+00, 4.472E-03, 2.768E-05, 4.703E-05, 0.000E+00, 2.024E+02, 6.737E+01, 7.106E-03, 1.014E-04, 1.387E+02, 3.139E-03, 1.807E+00
01/11/2019,14:00,9,2.671,3.171,1.202,.904,.064, 1.008E+03, 8.550E+01, 2.053E-05, 3.469E-16, 1.008E+00, 1.219E+01, 1.098E+01, 4.564E+00,-1.802E+01,-8.116E-01, 2.500E+00, 2.715E-01, 1.216E-01, 5.880E-02, 1.000E+00, 1.825E-01, 3.635E-01, 1.000E-02, 1.000E+00, 1.000E+00, 1.825E-03, 1.124E-05, 2.239E-05, 0.000E+00, 1.691E+02, 5.623E+01, 2.195E-02, 4.117E-05, 4.547E+01, 5.114E-03, 1.802E+00
01/11/2019,15:00,9,2.671,3.171,-.194,.967,.020, 1.007E+03, 9.171E+01, 2.053E-05, 3.469E-16, 0.000E+00, 0.000E+00, 0.000E+00, 0.000E+00,-1.002E+01,-3.007E+00, 2.925E+00, 2.932E-01, 1.582E-01,-9.990E+02, 1.000E+00,-9.990E+02, 0.000E+00, 0.000E+00, 0.000E+00, 1.000E+00, 0.000E+00, 0.000E+00, 0.000E+00, 0.000E+00, 1.168E+02, 4.319E+01, 1.000E-02, 0.000E+00, 1.000E+02, 4.672E-03, 1.450E+00
01/11/2019,16:00,9,2.671,3.171,.019,.976,.015, 1.007E+03, 9.870E+01, 2.053E-05, 3.469E-16, 0.000E+00, 0.000E+00, 0.000E+00, 0.000E+00,-1.002E+01,-3.007E+00, 2.641E+00, 2.934E-01, 1.429E-01,-9.990E+02, 1.000E+00,-9.990E+02, 0.000E+00, 0.000E+00, 0.000E+00, 1.000E+00, 0.000E+00, 0.000E+00, 0.000E+00, 0.000E+00, 1.294E+02, 4.784E+01, 9.881E-02, 0.000E+00, 1.012E+01, 7.329E-03, 1.202E+00
01/11/2019,17:00,9,2.671,3.171,.233,.985,.009, 1.006E+03, 1.061E+02, 2.053E-05, 3.469E-16, 0.000E+00, 0.000E+00, 0.000E+00, 0.000E+00,-1.002E+01,-3.007E+00, 2.364E+00, 2.936E-01, 1.279E-01,-9.990E+02, 1.000E+00,-9.990E+02, 0.000E+00, 0.000E+00, 0.000E+00, 1.000E+00, 0.000E+00, 0.000E+00, 0.000E+00, 0.000E+00, 1.444E+02, 5.343E+01, 9.972E-02, 0.000E+00, 1.003E+01, 6.618E-03, 8.311E-01
01/11/2019,18:00,9,2.671,3.171,.447,.994,.004, 1.006E+03, 1.136E+02, 2.053E-05, 3.469E-16, 0.000E+00, 0.000E+00, 0.000E+00, 0.000E+00,-8.870E+00,-3.997E+00, 2.099E+00, 2.422E-01, 1.080E-01,-9.990E+02, 1.000E+00,-9.990E+02, 0.000E+00, 0.000E+00, 0.000E+00, 1.000E+00, 0.000E+00, 0.000E+00, 0.000E+00, 0.000E+00, 1.798E+02, 6.326E+01, 1.000E-01, 0.000E+00, 1.000E+01, 5.622E-03, 6.868E-01
01/11/2019,19:00,9,2.671,3.171,.794,.994,.004, 1.005E+03, 1.207E+02, 2.053E-05, 3.469E-16, 0.000E+00, 0.000E+00, 0.000E+00, 0.000E+00,-8.870E+00,-3.997E+00, 2.145E+00, 2.424E-01, 1.104E-01,-9.990E+02, 1.000E+00,-9.990E+02, 0.000E+00, 0.000E+00, 0.000E+00, 1.000E+00, 0.000E+00, 0.000E+00, 0.000E+00, 0.000E+00, 1.758E+02, 6.189E+01, 8.993E-02, 0.000E+00, 1.112E+01, 5.703E-03, 5.858E-01
01/11/2019,20:00,9,2.671,3.171,1.142,.994,.004, 1.004E+03, 1.269E+02, 2.053E-05, 3.469E-16, 0.000E+00, 0.000E+00, 0.000E+00, 0.000E+00,-8.870E+00,-3.997E+00, 2.204E+00, 2.427E-01, 1.135E-01,-9.990E+02, 1.000E+00,-9.990E+02, 0.000E+00, 0.000E+00, 0.000E+00, 1.000E+00, 0.000E+00, 0.000E+00, 0.000E+00, 0.000E+00, 1.710E+02, 6.021E+01, 8.072E-02, 0.000E+00, 1.239E+01, 5.809E-03, 4.863E-01
01/11/2019,21:00,9,2.671,3.171,1.490,.995,.004, 1.003E+03, 1.317E+02, 2.053E-05, 3.469E-16, 0.000E+00, 0.000E+00, 0.000E+00, 0.000E+00,-1.232E+01,-7.881E+00, 2.276E+00, 2.756E-01, 1.180E-01,-9.990E+02, 1.000E+00,-9.990E+02, 0.000E+00, 0.000E+00, 0.000E+00, 1.000E+00, 0.000E+00, 0.000E+00, 0.000E+00, 0.000E+00, 1.634E+02, 5.792E+01, 7.394E-02, 0.000E+00, 1.352E+01, 5.985E-03, 3.681E-01
01/11/2019,22:00,9,2.671,3.171,1.435,.995,.004, 1.003E+03, 1.344E+02, 2.053E-05, 3.469E-16, 0.000E+00, 0.000E+00, 0.000E+00, 0.000E+00,-1.232E+01,-7.881E+00, 2.283E+00, 2.757E-01, 1.184E-01,-9.990E+02, 1.000E+00,-9.990E+02, 0.000E+00, 0.000E+00, 0.000E+00, 1.000E+00, 0.000E+00, 0.000E+00, 0.000E+00, 0.000E+00, 1.629E+02, 5.773E+01, 7.489E-02, 0.000E+00, 1.335E+01, 6.009E-03, 2.809E-01
01/11/2019,23:00,9,2.671,3.171,1.380,.995,.004, 1.002E+03, 1.346E+02, 2.053E-05, 3.469E-16, 0.000E+00, 0.000E+00, 0.000E+00, 0.000E+00,-1.232E+01,-7.881E+00, 2.316E+00, 2.758E-01, 1.201E-01,-9.990E+02, 1.000E+00,-9.990E+02, 0.000E+00, 0.000E+00, 0.000E+00, 1.000E+00, 0.000E+00, 0.000E+00, 0.000E+00, 0.000E+00, 1.605E+02, 5.691E+01, 8.192E-02, 0.000E+00, 1.221E+01, 6.131E-03, 1.318E-01
02/11/2019,00:00,9,2.660,3.160,1.325,.995,.004, 1.001E+03, 1.322E+02, 0.000E+00, 3.469E-16, 0.000E+00, 0.000E+00, 0.000E+00, 0.000E+00,-2.120E+01,-6.037E+00, 2.374E+00, 2.170E-01, 1.000E-01,-9.990E+02, 1.000E+00,-9.990E+02, 0.000E+00, 0.000E+00, 0.000E+00, 1.000E+00, 0.000E+00, 0.000E+00, 0.000E+00, 0.000E+00, 2.549E+02, 6.835E+01, 1.000E-01, 0.000E+00, 1.000E+01, 5.076E-03, 3.344E-02
02/11/2019,01:00,9,2.660,3.160,1.257,.983,.011, 9.996E+02, 1.276E+02, 0.000E+00, 3.469E-16, 0.000E+00, 0.000E+00, 0.000E+00, 0.000E+00,-2.120E+01,-6.037E+00, 2.397E+00, 2.171E-01, 1.000E-01,-9.990E+02, 1.000E+00,-9.990E+02, 0.000E+00, 0.000E+00, 0.000E+00, 1.000E+00, 0.000E+00, 0.000E+00, 0.000E+00, 0.000E+00, 2.548E+02, 6.835E+01, 1.000E-01, 0.000E+00, 1.000E+01, 5.076E-03, 3.065E-02
02/11/2019,02:00,9,2.660,3.160,1.189,.972,.019, 9.984E+02, 1.215E+02, 0.000E+00, 3.469E-16, 0.000E+00, 0.000E+00, 0.000E+00, 0.000E+00,-2.120E+01,-6.037E+00, 2.459E+00, 2.172E-01, 1.000E-01,-9.990E+02, 1.000E+00,-9.990E+02, 0.000E+00, 0.000E+00, 0.000E+00, 1.000E+00, 0.000E+00, 0.000E+00, 0.000E+00, 0.000E+00, 2.548E+02, 6.835E+01, 1.000E-01, 0.000E+00, 1.000E+01, 5.076E-03, 3.726E-02
02/11/2019,03:00,9,2.660,3.160,1.121,.960,.026, 9.972E+02, 1.145E+02, 0.000E+00, 3.469E-16, 0.000E+00, 0.000E+00, 0.000E+00, 0.000E+00,-2.508E+01,-4.533E+00, 2.556E+00, 2.404E-01, 1.048E-01,-9.990E+02, 1.000E+00,-9.990E+02, 0.000E+00, 0.000E+00, 0.000E+00, 1.000E+00, 0.000E+00, 0.000E+00, 0.000E+00, 0.000E+00, 2.326E+02, 6.521E+01, 1.000E-01, 0.000E+00, 1.000E+01, 5.336E-03, 9.916E-02
02/11/2019,04:00,9,2.660,3.160,1.581,.961,.027, 9.962E+02, 1.071E+02, 0.000E+00, 3.469E-16, 0.000E+00, 0.000E+00, 0.000E+00, 0.000E+00,-2.508E+01,-4.533E+00, 2.608E+00, 2.408E-01, 1.070E-01,-9.990E+02, 1.000E+00,-9.990E+02, 0.000E+00, 0.000E+00, 0.000E+00, 1.000E+00, 0.000E+00, 0.000E+00, 0.000E+00, 0.000E+00, 2.276E+02, 6.387E+01, 6.923E-02, 0.000E+00, 1.444E+01, 5.314E-03, 3.041E-01
02/11/2019,05:00,9,2.660,3.160,2.041,.962,.027, 9.952E+02, 9.966E+01, 0.000E+00, 3.469E-16, 0.000E+00, 0.000E+00, 0.000E+00, 0.000E+00,-2.508E+01,-4.533E+00, 2.659E+00, 2.411E-01, 1.092E-01,-9.990E+02, 1.000E+00,-9.990E+02, 0.000E+00, 0.000E+00, 0.000E+00, 1.000E+00, 0.000E+00, 0.000E+00, 0.000E+00, 0.000E+00, 2.228E+02, 6.258E+01, 5.025E-02, 0.000E+00, 1.990E+01, 5.260E-03, 4.468E-01
02/11/2019,06:00,9,2.660,3.160,2.501,.963,.027, 9.942E+02, 9.263E+01, 4.296E-04, 3.469E-16, 0.000E+00, 0.000E+00, 0.000E+00, 0.000E+00,-1.979E+01,-2.077E+00, 2.710E+00, 2.384E-01, 1.180E-01,-9.990E+02, 1.000E+00,-9.990E+02, 0.000E+00, 0.000E+00, 0.000E+00, 1.000E+00, 0.000E+00, 0.000E+00, 0.000E+00, 0.000E+00, 1.946E+02, 5.792E+01, 5.037E-02, 0.000E+00, 1.985E+01, 5.671E-03, 5.367E-01
02/11/2019,07:00,9,2.660,3.160,3.085,.945,.042, 9.936E+02, 8.634E+01, 4.296E-04, 3.469E-16, 1.000E+00, 1.179E+01, 1.226E+01, 4.430E+00,-1.979E+01,-2.077E+00, 2.471E+00, 2.387E-01, 1.077E-01, 4.803E-02, 1.000E+00, 1.776E-01, 3.960E-01, 1.000E-02, 1.000E+00, 1.000E+00, 1.776E-03, 1.101E-05, 2.456E-05, 0.000E+00, 2.131E+02, 6.348E+01, 3.780E-02, 4.017E-05, 2.643E+01, 5.053E-03, 6.333E-01
02/11/2019,08:00,9,2.660,3.160,3.669,.927,.058, 9.930E+02, 8.114E+01, 4.296E-04, 3.469E-16, 1.271E+01, 3.379E+01, 5.445E+01, 1.317E+01,-1.979E+01,-2.077E+00, 2.247E+00, 2.390E-01, 1.000E-01, 1.157E-01, 1.000E+00, 4.732E-01, 8.935E-01, 1.000E-02, 1.000E+00, 1.000E+00, 4.732E-03, 2.941E-05, 5.552E-05, 0.000E+00, 2.292E+02, 6.835E+01, 3.351E-02, 1.073E-04, 2.975E+01, 4.665E-03, 7.060E-01
02/11/2019,09:00,9,2.660,3.160,4.253,.910,.075, 9.923E+02, 7.739E+01, 3.144E-03, 3.469E-16, 2.308E+01, 5.058E+01, 7.272E+01, 1.985E+01,-2.366E+00, 7.540E+00, 2.045E+00, 2.105E-01, 1.142E-01, 1.637E-01, 1.000E+00, 6.221E-01, 9.498E-01, 1.000E-02, 1.000E+00, 1.000E+00, 6.221E-03, 3.874E-05, 5.915E-05, 0.000E+00, 1.567E+02, 5.984E+01, 2.778E-02, 1.413E-04, 3.581E+01, 5.172E-03, 7.675E-01
02/11/2019,10:00,9,2.660,3.160,4.681,.900,.086, 9.916E+02, 7.538E+01, 3.144E-03, 3.469E-16, 2.987E+01, 5.966E+01, 8.267E+01, 2.349E+01,-2.366E+00, 7.540E+00, 1.726E+00, 2.107E-01, 1.000E-01, 1.888E-01, 1.000E+00, 6.849E-01, 9.666E-01, 1.000E-02, 1.000E+00, 1.000E+00, 6.849E-03, 4.272E-05, 6.029E-05, 0.000E+00, 1.790E+02, 6.835E+01, 2.710E-02, 1.558E-04, 3.669E+01, 4.616E-03, 7.680E-01
02/11/2019,11:00,9,2.660,3.160,5.108,.889,.097, 9.908E+02, 7.529E+01, 3.144E-03, 3.469E-16, 3.022E+01, 6.009E+01, 8.314E+01, 2.366E+01,-2.366E+00, 7.540E+00, 1.545E+00, 2.109E-01, 1.000E-01, 1.899E-01, 1.000E+00, 6.877E-01, 9.673E-01, 1.000E-02, 1.000E+00, 1.000E+00, 6.877E-03, 4.296E-05, 6.042E-05, 0.000E+00, 1.790E+02, 6.835E+01, 3.091E-02, 1.567E-04, 3.218E+01, 4.714E-03, 7.178E-01
02/11/2019,12:00,9,2.660,3.160,5.535,.879,.109, 9.901E+02, 7.712E+01, 9.080E-03, 3.469E-16, 3.690E+01, 5.109E+01, 1.034E+02, 2.068E+01,-9.266E+00, 2.268E+00, 1.551E+00, 1.965E-01, 1.000E-01, 1.672E-01, 1.000E+00, 6.418E-01, 9.858E-01, 1.000E-02, 1.000E+00, 1.000E+00, 6.418E-03, 4.015E-05, 6.167E-05, 0.000E+00, 2.198E+02, 6.835E+01, 2.810E-02, 1.465E-04, 3.540E+01, 4.563E-03, 7.605E-01
02/11/2019,13:00,9,2.660,3.160,4.814,.914,.074, 9.898E+02, 8.071E+01, 9.080E-03, 3.469E-16, 1.961E+01, 3.621E+01, 7.516E+01, 1.440E+01,-9.266E+00, 2.268E+00, 1.569E+00, 1.963E-01, 1.000E-01, 1.213E-01, 1.000E+00, 5.086E-01, 9.546E-01, 1.000E-02, 1.000E+00, 1.000E+00, 5.086E-03, 3.174E-05, 5.956E-05, 0.000E+00, 2.200E+02, 6.835E+01, 4.492E-02, 1.158E-04, 2.220E+01, 4.855E-03, 8.436E-01
02/11/2019,14:00,9,2.660,3.160,4.093,.949,.042, 9.896E+02, 8.579E+01, 9.080E-03, 3.469E-16, 2.341E+00, 1.507E+01, 2.164E+01, 5.716E+00,-9.266E+00, 2.268E+00, 1.902E+00, 1.960E-01, 1.000E-01, 5.526E-02, 1.000E+00, 2.305E-01, 5.894E-01, 1.000E-02, 1.000E+00, 1.000E+00, 2.305E-03, 1.435E-05, 3.668E-05, 0.000E+00, 2.202E+02, 6.835E+01, 5.389E-02, 5.233E-05, 1.854E+01, 4.943E-03, 9.192E-01
02/11/2019,15:00,9,2.660,3.160,3.372,.983,.013, 9.893E+02, 9.199E+01, 0.000E+00, 3.469E-16, 0.000E+00, 0.000E+00, 0.000E+00, 0.000E+00,-2.060E+01,-4.797E+00, 2.424E+00, 3.192E-01, 1.243E-01,-9.990E+02, 1.000E+00,-9.990E+02, 0.000E+00, 0.000E+00, 0.000E+00, 1.000E+00, 0.000E+00, 0.000E+00, 0.000E+00, 0.000E+00, 1.570E+02, 5.501E+01, 7.548E-02, 0.000E+00, 1.325E+01, 6.279E-03, 8.895E-01
02/11/2019,16:00,9,2.660,3.160,3.130,.984,.012, 9.893E+02, 9.898E+01, 0.000E+00, 3.469E-16, 0.000E+00, 0.000E+00, 0.000E+00, 0.000E+00,-2.060E+01,-4.797E+00, 2.618E+00, 3.191E-01, 1.342E-01,-9.990E+02, 1.000E+00,-9.990E+02, 0.000E+00, 0.000E+00, 0.000E+00, 1.000E+00, 0.000E+00, 0.000E+00, 0.000E+00, 0.000E+00, 1.454E+02, 5.095E+01, 6.166E-02, 0.000E+00, 1.622E+01, 6.603E-03, 7.555E-01
02/11/2019,17:00,9,2.660,3.160,2.888,.985,.011, 9.894E+02, 1.064E+02, 0.000E+00, 3.469E-16, 0.000E+00, 0.000E+00, 0.000E+00, 0.000E+00,-2.060E+01,-4.797E+00, 2.821E+00, 3.190E-01, 1.446E-01,-9.990E+02, 1.000E+00,-9.990E+02, 0.000E+00, 0.000E+00, 0.000E+00, 1.000E+00, 0.000E+00, 0.000E+00, 0.000E+00, 0.000E+00, 1.350E+02, 4.728E+01, 5.450E-02, 0.000E+00, 1.835E+01, 6.951E-03, 5.459E-01
02/11/2019,18:00,9,2.660,3.160,2.646,.986,.010, 9.894E+02, 1.138E+02, 4.296E-04, 3.469E-16, 0.000E+00, 0.000E+00, 0.000E+00, 0.000E+00,-2.045E+01,-1.560E+00, 3.032E+00, 3.533E-01, 1.613E-01,-9.990E+02, 1.000E+00,-9.990E+02, 0.000E+00, 0.000E+00, 0.000E+00, 1.000E+00, 0.000E+00, 0.000E+00, 0.000E+00, 0.000E+00, 1.165E+02, 4.237E+01, 6.079E-02, 0.000E+00, 1.645E+01, 7.781E-03, 3.323E-01
02/11/2019,19:00,9,2.660,3.160,2.316,.985,.011, 9.895E+02, 1.209E+02, 4.296E-04, 3.469E-16, 0.000E+00, 0.000E+00, 0.000E+00, 0.000E+00,-2.045E+01,-1.560E+00, 2.970E+00, 3.530E-01, 1.580E-01,-9.990E+02, 1.000E+00,-9.990E+02, 0.000E+00, 0.000E+00, 0.000E+00, 1.000E+00, 0.000E+00, 0.000E+00, 0.000E+00, 0.000E+00, 1.190E+02, 4.327E+01, 8.037E-02, 0.000E+00, 1.244E+01, 7.882E-03, 2.211E-01
02/11/2019,20:00,9,2.660,3.160,1.985,.984,.011, 9.897E+02, 1.272E+02, 4.296E-04, 3.469E-16, 0.000E+00, 0.000E+00, 0.000E+00, 0.000E+00,-2.045E+01,-1.560E+00, 2.911E+00, 3.528E-01, 1.548E-01,-9.990E+02, 1.000E+00,-9.990E+02, 0.000E+00, 0.000E+00, 0.000E+00, 1.000E+00, 0.000E+00, 0.000E+00, 0.000E+00, 0.000E+00, 1.214E+02, 4.414E+01, 1.000E-01, 0.000E+00, 1.000E+01, 7.889E-03, 6.914E-02
02/11/2019,21:00,9,2.660,3.160,1.655,.983,.012, 9.899E+02, 1.320E+02, 1.447E-03, 3.469E-16, 0.000E+00, 0.000E+00, 0.000E+00, 0.000E+00,-2.628E+01, 3.195E+00, 2.856E+00, 3.631E-01, 1.491E-01,-9.990E+02, 1.000E+00,-9.990E+02, 0.000E+00, 0.000E+00, 0.000E+00, 1.000E+00, 0.000E+00, 0.000E+00, 0.000E+00, 0.000E+00, 1.284E+02, 4.583E+01, 1.000E-01, 0.000E+00, 1.000E+01, 7.608E-03, 6.665E-02
02/11/2019,22:00,9,2.660,3.160,1.488,.978,.015, 9.900E+02, 1.347E+02, 1.447E-03, 3.469E-16, 0.000E+00, 0.000E+00, 0.000E+00, 0.000E+00,-2.628E+01, 3.195E+00, 2.866E+00, 3.630E-01, 1.496E-01,-9.990E+02, 1.000E+00,-9.990E+02, 0.000E+00, 0.000E+00, 0.000E+00, 1.000E+00, 0.000E+00, 0.000E+00, 0.000E+00, 0.000E+00, 1.280E+02, 4.569E+01, 1.000E-01, 0.000E+00, 1.000E+01, 7.630E-03, 9.774E-02
02/11/2019,23:00,9,2.660,3.160,1.321,.973,.018, 9.901E+02, 1.349E+02, 1.447E-03, 3.469E-16, 0.000E+00, 0.000E+00, 0.000E+00, 0.000E+00,-2.628E+01, 3.195E+00, 2.875E+00, 3.628E-01, 1.501E-01,-9.990E+02, 1.000E+00,-9.990E+02, 0.000E+00, 0.000E+00, 0.000E+00, 1.000E+00, 0.000E+00, 0.000E+00, 0.000E+00, 0.000E+00, 1.276E+02, 4.554E+01, 1.000E-01, 0.000E+00, 1.000E+01, 7.653E-03, 1.634E-01
03/11/2019,00:00,9,2.649,3.149,1.154,.968,.021, 9.902E+02, 1.325E+02, 0.000E+00, 3.469E-16, 0.000E+00, 0.000E+00, 0.000E+00, 0.000E+00,-2.181E+01, 1.725E+00, 2.885E+00, 3.196E-01, 1.468E-01,-9.990E+02, 1.000E+00,-9.990E+02, 0.000E+00, 0.000E+00, 0.000E+00, 1.000E+00, 0.000E+00, 0.000E+00, 0.000E+00, 0.000E+00, 1.339E+02, 4.656E+01, 1.000E-01, 0.000E+00, 1.000E+01, 7.480E-03, 1.291E-01
03/11/2019,01:00,9,2.649,3.149,1.006,.971,.019, 9.901E+02, 1.279E+02, 0.000E+00, 3.469E-16, 0.000E+00, 0.000E+00, 0.000E+00, 0.000E+00,-2.181E+01, 1.725E+00, 2.910E+00, 3.196E-01, 1.481E-01,-9.990E+02, 1.000E+00,-9.990E+02, 0.000E+00, 0.000E+00, 0.000E+00, 1.000E+00, 0.000E+00, 0.000E+00, 0.000E+00, 0.000E+00, 1.327E+02, 4.617E+01, 1.000E-01, 0.000E+00, 1.000E+01, 7.539E-03, 1.144E-01
03/11/2019,02:00,9,2.649,3.149,.858,.973,.017, 9.900E+02, 1.218E+02, 0.000E+00, 3.469E-16, 0.000E+00, 0.000E+00, 0.000E+00, 0.000E+00,-2.181E+01, 1.725E+00, 2.948E+00, 3.195E-01, 1.500E-01,-9.990E+02, 1.000E+00,-9.990E+02, 0.000E+00, 0.000E+00, 0.000E+00, 1.000E+00, 0.000E+00, 0.000E+00, 0.000E+00, 0.000E+00, 1.310E+02, 4.557E+01, 1.000E-01, 0.000E+00, 1.000E+01, 7.630E-03, 1.169E-01
03/11/2019,03:00,9,2.649,3.149,.710,.976,.015, 9.899E+02, 1.148E+02, 0.000E+00, 3.469E-16, 0.000E+00, 0.000E+00, 0.000E+00, 0.000E+00,-3.195E+01, 4.554E-01, 3.000E+00, 3.374E-01, 1.475E-01,-9.990E+02, 1.000E+00,-9.990E+02, 0.000E+00, 0.000E+00, 0.000E+00, 1.000E+00, 0.000E+00, 0.000E+00, 0.000E+00, 0.000E+00, 1.380E+02, 4.635E+01, 1.000E-01, 0.000E+00, 1.000E+01, 7.486E-03, 1.202E-01
03/11/2019,04:00,9,2.649,3.149,.358,.971,.018, 9.903E+02, 1.073E+02, 0.000E+00, 3.469E-16, 0.000E+00, 0.000E+00, 0.000E+00, 0.000E+00,-3.195E+01, 4.554E-01, 2.946E+00, 3.371E-01, 1.447E-01,-9.990E+02, 1.000E+00,-9.990E+02, 0.000E+00, 0.000E+00, 0.000E+00, 1.000E+00, 0.000E+00, 0.000E+00, 0.000E+00, 0.000E+00, 1.406E+02, 4.722E+01, 1.000E-01, 0.000E+00, 1.000E+01, 7.359E-03, 1.682E-01
03/11/2019,05:00,9,2.649,3.149,.005,.965,.021, 9.907E+02, 9.992E+01, 0.000E+00, 3.469E-16, 0.000E+00, 0.000E+00, 0.000E+00, 0.000E+00,-3.195E+01, 4.554E-01, 2.895E+00, 3.369E-01, 1.422E-01,-9.990E+02, 1.000E+00,-9.990E+02, 0.000E+00, 0.000E+00, 0.000E+00, 1.000E+00, 0.000E+00, 0.000E+00, 0.000E+00, 0.000E+00, 1.432E+02, 4.807E+01, 1.000E-01, 0.000E+00, 1.000E+01, 7.238E-03, 1.652E-01
03/11/2019,06:00,9,2.649,3.149,-.348,.960,.024, 9.912E+02, 9.290E+01, 0.000E+00, 3.469E-16, 0.000E+00, 0.000E+00, 0.000E+00, 0.000E+00,-2.036E+01, 2.035E+01, 2.847E+00, 3.321E-01, 1.485E-01,-9.990E+02, 1.000E+00,-9.990E+02, 0.000E+00, 0.000E+00, 0.000E+00, 1.000E+00, 0.000E+00, 0.000E+00, 0.000E+00, 0.000E+00, 1.292E+02, 4.604E+01, 1.000E-02, 0.000E+00, 1.000E+02, 4.505E-03, 2.372E-01
03/11/2019,07:00,9,2.649,3.149,.726,.931,.044, 9.916E+02, 8.662E+01, 0.000E+00, 3.469E-16, 3.645E-01, 8.579E+00, 6.305E+00, 3.212E+00,-2.036E+01, 2.035E+01, 2.647E+00, 3.327E-01, 1.381E-01, 4.448E-02, 1.000E+00, 1.284E-01, 2.284E-01, 1.000E-02, 1.000E+00, 1.000E+00, 1.284E-03, 7.894E-06, 1.405E-05, 0.000E+00, 1.387E+02, 4.949E+01, 4.221E-02, 2.868E-05, 2.367E+01, 6.459E-03, 3.182E-01
03/11/2019,08:00,9,2.649,3.149,1.801,.903,.068, 9.920E+02, 8.144E+01, 0.000E+00, 3.469E-16, 5.898E+00, 2.855E+01, 3.073E+01, 1.092E+01,-2.036E+01, 2.035E+01, 2.446E+00, 3.333E-01, 1.277E-01, 1.124E-01, 1.000E+00, 4.017E-01, 7.174E-01, 1.000E-02, 1.000E+00, 1.000E+00, 4.017E-03, 2.480E-05, 4.428E-05, 0.000E+00, 1.499E+02, 5.351E+01, 2.066E-02, 9.007E-05, 4.820E+01, 5.264E-03, 4.425E-01
03/11/2019,09:00,9,2.649,3.149,2.875,.875,.094, 9.924E+02, 7.770E+01, 3.489E-04, 3.469E-16, 5.456E+01, 4.644E+01, 1.479E+02, 1.985E+01,-2.218E+00, 4.048E+01, 2.246E+00, 4.479E-01, 1.326E-01, 1.606E-01, 1.000E+00, 6.286E-01, 9.977E-01, 1.000E-02, 1.000E+00, 1.000E+00, 6.286E-03, 3.895E-05, 6.182E-05, 0.000E+00, 1.278E+02, 5.156E+01, 1.051E-02, 1.415E-04, 9.392E+01, 4.367E-03, 5.949E-01
03/11/2019,10:00,9,2.649,3.149,3.303,.854,.113, 9.928E+02, 7.569E+01, 3.489E-04, 3.469E-16, 7.113E+01, 5.223E+01, 1.666E+02, 2.268E+01,-2.218E+00, 4.048E+01, 2.606E+00, 4.482E-01, 1.538E-01, 1.857E-01, 1.000E+00, 6.794E-01, 9.989E-01, 1.000E-02, 1.000E+00, 1.000E+00, 6.794E-03, 4.216E-05, 6.200E-05, 0.000E+00, 1.101E+02, 4.443E+01, 7.496E-03, 1.532E-04, 1.307E+02, 4.046E-03, 7.092E-01
03/11/2019,11:00,9,2.649,3.149,3.732,.834,.133, 9.932E+02, 7.560E+01, 3.489E-04, 3.469E-16, 7.191E+01, 5.249E+01, 1.674E+02, 2.280E+01,-2.218E+00, 4.048E+01, 3.088E+00, 4.484E-01, 1.823E-01, 1.869E-01, 1.000E+00, 6.815E-01, 9.990E-01, 1.000E-02, 1.000E+00, 1.000E+00, 6.815E-03, 4.236E-05, 6.209E-05, 0.000E+00, 9.294E+01, 3.750E+01, 5.382E-03, 1.539E-04, 1.806E+02, 3.586E-03, 6.930E-01
03/11/2019,12:00,9,2.649,3.149,4.161,.813,.154, 9.936E+02, 7.742E+01, 0.000E+00, 3.469E-16, 3.905E+01, 4.883E+01, 1.097E+02, 2.000E+01,-2.575E+01, 2.509E+01, 3.643E+00, 5.250E-01, 2.072E-01, 1.640E-01, 1.000E+00, 6.310E-01, 9.890E-01, 1.000E-02, 1.000E+00, 1.000E+00, 6.310E-03, 3.928E-05, 6.157E-05, 0.000E+00, 8.489E+01, 3.300E+01, 5.000E-03, 1.427E-04, 1.945E+02, 3.556E-03, 5.984E-01
03/11/2019,13:00,9,2.649,3.149,3.346,.802,.154, 9.941E+02, 8.101E+01, 0.000E+00, 3.469E-16, 2.018E+01, 3.471E+01, 7.849E+01, 1.392E+01,-2.575E+01, 2.509E+01, 3.616E+00, 5.241E-01, 2.056E-01, 1.180E-01, 1.000E+00, 4.978E-01, 9.604E-01, 1.000E-02, 1.000E+00, 1.000E+00, 4.978E-03, 3.090E-05, 5.961E-05, 0.000E+00, 8.553E+01, 3.324E+01, 5.000E-03, 1.122E-04, 1.956E+02, 3.534E-03, 5.699E-01
03/11/2019,14:00,9,2.649,3.149,2.531,.791,.153, 9.946E+02, 8.607E+01, 0.000E+00, 3.469E-16, 1.997E+00, 1.427E+01, 1.999E+01, 5.418E+00,-2.575E+01, 2.509E+01, 3.592E+00, 5.232E-01, 2.042E-01, 5.175E-02, 1.000E+00, 2.184E-01, 5.605E-01, 1.000E-02, 1.000E+00, 1.000E+00, 2.184E-03, 1.352E-05, 3.469E-05, 0.000E+00, 8.614E+01, 3.347E+01, 5.000E-03, 4.911E-05, 1.981E+02, 3.496E-03, 5.219E-01
03/11/2019,15:00,9,2.649,3.149,1.716,.780,.152, 9.952E+02, 9.227E+01, 0.000E+00, 3.469E-16, 0.000E+00, 0.000E+00, 0.000E+00, 0.000E+00,-3.857E+01, 6.756E+00, 3.571E+00, 4.120E-01, 1.865E-01,-9.990E+02, 1.000E+00,-9.990E+02, 0.000E+00, 0.000E+00, 0.000E+00, 1.000E+00, 0.000E+00, 0.000E+00, 0.000E+00, 0.000E+00, 1.027E+02, 3.666E+01, 5.000E-03, 0.000E+00, 2.000E+02, 3.366E-03, 4.564E-01
03/11/2019,16:00,9,2.649,3.149,1.419,.784,.146, 9.954E+02, 9.924E+01, 0.000E+00, 3.469E-16, 0.000E+00, 0.000E+00, 0.000E+00, 0.000E+00,-3.857E+01, 6.756E+00, 3.434E+00, 4.117E-01, 1.793E-01,-9.990E+02, 1.000E+00,-9.990E+02, 0.000E+00, 0.000E+00, 0.000E+00, 1.000E+00, 0.000E+00, 0.000E+00, 0.000E+00, 0.000E+00, 1.068E+02, 3.812E+01, 5.000E-03, 0.000E+00, 2.000E+02, 3.322E-03, 4.080E-01
03/11/2019,17:00,9,2.649,3.149,1.122,.789,.140, 9.957E+02, 1.066E+02, 0.000E+00, 3.469E-16, 0.000E+00, 0.000E+00, 0.000E+00, 0.000E+00,-3.857E+01, 6.756E+00, 3.299E+00, 4.115E-01, 1.722E-01,-9.990E+02, 1.000E+00,-9.990E+02, 0.000E+00, 0.000E+00, 0.000E+00, 1.000E+00, 0.000E+00, 0.000E+00, 0.000E+00, 0.000E+00, 1.113E+02, 3.970E+01, 5.000E-03, 0.000E+00, 2.000E+02, 3.277E-03, 3.681E-01
03/11/2019,18:00,9,2.649,3.149,.825,.793,.134, 9.960E+02, 1.141E+02, 0.000E+00, 3.469E-16, 0.000E+00, 0.000E+00, 0.000E+00, 0.000E+00,-3.737E+01, 4.350E+00, 3.165E+00, 3.598E-01, 1.567E-01,-9.990E+02, 1.000E+00,-9.990E+02, 0.000E+00, 0.000E+00, 0.000E+00, 1.000E+00, 0.000E+00, 0.000E+00, 0.000E+00, 0.000E+00, 1.289E+02, 4.362E+01, 5.518E-03, 0.000E+00, 1.812E+02, 3.362E-03, 3.445E-01
03/11/2019,19:00,9,2.649,3.149,.487,.805,.123, 9.963E+02, 1.212E+02, 0.000E+00, 3.469E-16, 0.000E+00, 0.000E+00, 0.000E+00, 0.000E+00,-3.737E+01, 4.350E+00, 3.165E+00, 3.595E-01, 1.567E-01,-9.990E+02, 1.000E+00,-9.990E+02, 0.000E+00, 0.000E+00, 0.000E+00, 1.000E+00, 0.000E+00, 0.000E+00, 0.000E+00, 0.000E+00, 1.290E+02, 4.363E+01, 7.255E-03, 0.000E+00, 1.378E+02, 3.936E-03, 3.175E-01
03/11/2019,20:00,9,2.649,3.149,.149,.818,.113, 9.965E+02, 1.275E+02, 0.000E+00, 3.469E-16, 0.000E+00, 0.000E+00, 0.000E+00, 0.000E+00,-3.737E+01, 4.350E+00, 3.172E+00, 3.593E-01, 1.569E-01,-9.990E+02, 1.000E+00,-9.990E+02, 0.000E+00, 0.000E+00, 0.000E+00, 1.000E+00, 0.000E+00, 0.000E+00, 0.000E+00, 0.000E+00, 1.288E+02, 4.356E+01, 9.966E-03, 0.000E+00, 1.003E+02, 4.622E-03, 2.937E-01
03/11/2019,21:00,9,2.649,3.149,-.189,.830,.103, 9.967E+02, 1.323E+02, 0.000E+00, 3.469E-16, 0.000E+00, 0.000E+00, 0.000E+00, 0.000E+00,-3.084E+01, 4.738E+00, 3.185E+00, 4.040E-01, 1.694E-01,-9.990E+02, 1.000E+00,-9.990E+02, 0.000E+00, 0.000E+00, 0.000E+00, 1.000E+00, 0.000E+00, 0.000E+00, 0.000E+00, 0.000E+00, 1.109E+02, 4.034E+01, 1.000E-02, 0.000E+00, 1.000E+02, 4.838E-03, 2.857E-01
03/11/2019,22:00,9,2.649,3.149,.070,.820,.111, 9.968E+02, 1.350E+02, 0.000E+00, 3.469E-16, 0.000E+00, 0.000E+00, 0.000E+00, 0.000E+00,-3.084E+01, 4.738E+00, 3.225E+00, 4.042E-01, 1.716E-01,-9.990E+02, 1.000E+00,-9.990E+02, 0.000E+00, 0.000E+00, 0.000E+00, 1.000E+00, 0.000E+00, 0.000E+00, 0.000E+00, 0.000E+00, 1.095E+02, 3.983E+01, 1.048E-02, 0.000E+00, 9.544E+01, 4.980E-03, 2.795E-01
03/11/2019,23:00,9,2.649,3.149,.329,.809,.119, 9.969E+02, 1.352E+02, 0.000E+00, 3.469E-16, 0.000E+00, 0.000E+00, 0.000E+00, 0.000E+00,-3.084E+01, 4.738E+00, 3.271E+00, 4.043E-01, 1.741E-01,-9.990E+02, 1.000E+00,-9.990E+02, 0.000E+00, 0.000E+00, 0.000E+00, 1.000E+00, 0.000E+00, 0.000E+00, 0.000E+00, 0.000E+00, 1.079E+02, 3.926E+01, 7.817E-03, 0.000E+00, 1.279E+02, 4.314E-03, 2.755E-01
04/11/2019,00:00,9,2.638,3.138,.588,.799,.128, 9.969E+02, 1.328E+02, 0.000E+00, 3.469E-16, 0.000E+00, 0.000E+00, 0.000E+00, 0.000E+00,-4.790E+01, 3.658E+00, 3.322E+00, 4.397E-01, 1.731E-01,-9.990E+02, 1.000E+00,-9.990E+02, 0.000E+00, 0.000E+00, 0.000E+00, 1.000E+00, 0.000E+00, 0.000E+00, 0.000E+00, 0.000E+00, 1.109E+02, 3.950E+01, 6.025E-03, 0.000E+00, 1.660E+02, 3.695E-03, 2.750E-01
04/11/2019,01:00,9,2.638,3.138,.319,.821,.112, 9.970E+02, 1.282E+02, 0.000E+00, 3.469E-16, 0.000E+00, 0.000E+00, 0.000E+00, 0.000E+00,-4.790E+01, 3.658E+00, 3.400E+00, 4.395E-01, 1.771E-01,-9.990E+02, 1.000E+00,-9.990E+02, 0.000E+00, 0.000E+00, 0.000E+00, 1.000E+00, 0.000E+00, 0.000E+00, 0.000E+00, 0.000E+00, 1.084E+02, 3.860E+01, 1.046E-02, 0.000E+00, 9.562E+01, 5.052E-03, 2.673E-01
04/11/2019,02:00,9,2.638,3.138,.049,.843,.096, 9.970E+02, 1.220E+02, 0.000E+00, 3.469E-16, 0.000E+00, 0.000E+00, 0.000E+00, 0.000E+00,-4.790E+01, 3.658E+00, 3.477E+00, 4.392E-01, 1.811E-01,-9.990E+02, 1.000E+00,-9.990E+02, 0.000E+00, 0.000E+00, 0.000E+00, 1.000E+00, 0.000E+00, 0.000E+00, 0.000E+00, 0.000E+00, 1.060E+02, 3.774E+01, 1.761E-02, 0.000E+00, 5.678E+01, 6.377E-03, 2.461E-01
04/11/2019,03:00,9,2.638,3.138,-.220,.865,.081, 9.971E+02, 1.150E+02, 0.000E+00, 3.469E-16, 0.000E+00, 0.000E+00, 0.000E+00, 0.000E+00,-5.792E+01, 1.384E+00, 3.555E+00, 4.191E-01, 1.766E-01,-9.990E+02, 1.000E+00,-9.990E+02, 0.000E+00, 0.000E+00, 0.000E+00, 1.000E+00, 0.000E+00, 0.000E+00, 0.000E+00, 0.000E+00, 1.140E+02, 3.870E+01, 1.000E-02, 0.000E+00, 1.000E+02, 4.925E-03, 2.348E-01
04/11/2019,04:00,9,2.638,3.138,-.297,.863,.082, 9.974E+02, 1.076E+02, 0.000E+00, 3.469E-16, 0.000E+00, 0.000E+00, 0.000E+00, 0.000E+00,-5.792E+01, 1.384E+00, 3.604E+00, 4.190E-01, 1.790E-01,-9.990E+02, 1.000E+00,-9.990E+02, 0.000E+00, 0.000E+00, 0.000E+00, 1.000E+00, 0.000E+00, 0.000E+00, 0.000E+00, 0.000E+00, 1.124E+02, 3.818E+01, 1.000E-02, 0.000E+00, 1.000E+02, 4.959E-03, 2.466E-01
04/11/2019,05:00,9,2.638,3.138,-.373,.861,.083, 9.976E+02, 1.002E+02, 0.000E+00, 3.469E-16, 0.000E+00, 0.000E+00, 0.000E+00, 0.000E+00,-5.792E+01, 1.384E+00, 3.657E+00, 4.189E-01, 1.817E-01,-9.990E+02, 1.000E+00,-9.990E+02, 0.000E+00, 0.000E+00, 0.000E+00, 1.000E+00, 0.000E+00, 0.000E+00, 0.000E+00, 0.000E+00, 1.108E+02, 3.762E+01, 1.000E-02, 0.000E+00, 1.000E+02, 4.995E-03, 2.822E-01
04/11/2019,06:00,9,2.638,3.138,-.449,.859,.084, 9.979E+02, 9.318E+01, 0.000E+00, 3.469E-16, 0.000E+00, 0.000E+00, 0.000E+00, 0.000E+00,-2.754E+01, 1.158E+01, 3.715E+00, 4.699E-01, 2.070E-01,-9.990E+02, 1.000E+00,-9.990E+02, 0.000E+00, 0.000E+00, 0.000E+00, 1.000E+00, 0.000E+00, 0.000E+00, 0.000E+00, 0.000E+00, 8.670E+01, 3.302E+01, 1.000E-02, 0.000E+00, 1.000E+02, 5.349E-03, 3.557E-01
04/11/2019,07:00,9,2.638,3.138,.554,.810,.121, 9.980E+02, 8.691E+01, 0.000E+00, 3.469E-16, 1.107E+00, 1.293E+01, 1.514E+01, 4.886E+00,-2.754E+01, 1.158E+01, 3.706E+00, 4.708E-01, 2.066E-01, 4.093E-02, 1.000E+00, 1.936E-01, 4.635E-01, 1.000E-02, 1.000E+00, 1.000E+00, 1.936E-03, 1.189E-05, 2.848E-05, 0.000E+00, 8.686E+01, 3.309E+01, 7.610E-03, 4.303E-05, 1.307E+02, 4.591E-03, 4.083E-01
04/11/2019,08:00,9,2.638,3.138,1.558,.761,.164, 9.982E+02, 8.173E+01, 0.000E+00, 3.469E-16, 2.429E+01, 3.312E+01, 9.804E+01, 1.359E+01,-2.754E+01, 1.158E+01, 3.697E+00, 4.716E-01, 2.062E-01, 1.090E-01, 1.000E+00, 4.886E-01, 9.823E-01, 1.000E-02, 1.000E+00, 1.000E+00, 4.886E-03, 3.013E-05, 6.058E-05, 0.000E+00, 8.700E+01, 3.316E+01, 5.000E-03, 1.090E-04, 1.957E+02, 3.533E-03, 4.648E-01
04/11/2019,09:00,9,2.638,3.138,2.562,.712,.212, 9.983E+02, 7.800E+01, 0.000E+00, 3.469E-16, 5.191E+01, 4.559E+01, 1.443E+02, 1.948E+01, 1.753E+01, 4.286E+01, 3.689E+00, 6.704E-01, 2.215E-01, 1.574E-01, 1.000E+00, 6.214E-01, 9.974E-01, 1.000E-02, 1.000E+00, 1.000E+00, 6.214E-03, 3.846E-05, 6.173E-05, 0.000E+00, 7.445E+01, 3.086E+01, 5.000E-03, 1.391E-04, 1.946E+02, 3.633E-03, 4.785E-01
04/11/2019,10:00,9,2.638,3.138,2.998,.670,.250, 9.984E+02, 7.600E+01, 0.000E+00, 3.469E-16, 6.833E+01, 5.146E+01, 1.635E+02, 2.234E+01, 1.753E+01, 4.286E+01, 3.963E+00, 6.709E-01, 2.379E-01, 1.827E-01, 1.000E+00, 6.737E-01, 9.988E-01, 1.000E-02, 1.000E+00, 1.000E+00, 6.737E-03, 4.176E-05, 6.192E-05, 0.000E+00, 6.931E+01, 2.873E+01, 5.000E-03, 1.511E-04, 1.941E+02, 3.714E-03, 4.245E-01
04/11/2019,11:00,9,2.638,3.138,3.433,.629,.290, 9.984E+02, 7.590E+01, 0.000E+00, 3.469E-16, 6.913E+01, 5.172E+01, 1.644E+02, 2.247E+01, 1.753E+01, 4.286E+01, 4.240E+00, 6.714E-01, 2.545E-01, 1.839E-01, 1.000E+00, 6.759E-01, 9.988E-01, 1.000E-02, 1.000E+00, 1.000E+00, 6.759E-03, 4.197E-05, 6.202E-05, 0.000E+00, 6.479E+01, 2.686E+01, 5.000E-03, 1.518E-04, 1.941E+02, 3.784E-03, 3.926E-01
04/11/2019,12:00,9,2.638,3.138,3.869,.587,.333, 9.985E+02, 7.772E+01, 0.000E+00, 3.469E-16, 5.413E+01, 4.643E+01, 1.471E+02, 1.989E+01,-5.078E+01, 1.773E+01, 4.521E+00, 5.481E-01, 2.494E-01, 1.609E-01, 1.000E+00, 6.293E-01, 9.976E-01, 1.000E-02, 1.000E+00, 1.000E+00, 6.293E-03, 3.913E-05, 6.204E-05, 0.000E+00, 7.267E+01, 2.741E+01, 5.000E-03, 1.416E-04, 1.945E+02, 3.749E-03, 3.844E-01
04/11/2019,13:00,9,2.638,3.138,2.627,.663,.249, 9.987E+02, 8.130E+01, 0.000E+00, 3.469E-16, 2.719E+01, 3.467E+01, 1.042E+02, 1.430E+01,-5.078E+01, 1.773E+01, 4.340E+00, 5.469E-01, 2.393E-01, 1.147E-01, 1.000E+00, 5.068E-01, 9.862E-01, 1.000E-02, 1.000E+00, 1.000E+00, 5.068E-03, 3.138E-05, 6.106E-05, 0.000E+00, 7.577E+01, 2.856E+01, 5.000E-03, 1.135E-04, 1.956E+02, 3.692E-03, 4.079E-01
04/11/2019,14:00,9,2.638,3.138,1.384,.739,.176, 9.989E+02, 8.635E+01, 0.000E+00, 3.469E-16, 2.177E+00, 1.523E+01, 2.289E+01, 5.800E+00,-5.078E+01, 1.773E+01, 4.168E+00, 5.456E-01, 2.297E-01, 4.828E-02, 1.000E+00, 2.314E-01, 6.100E-01, 1.000E-02, 1.000E+00, 1.000E+00, 2.314E-03, 1.426E-05, 3.759E-05, 0.000E+00, 7.897E+01, 2.975E+01, 5.000E-03, 5.160E-05, 1.980E+02, 3.618E-03, 4.375E-01
04/11/2019,15:00,9,2.638,3.138,.141,.815,.114, 9.991E+02, 9.254E+01, 0.000E+00, 3.469E-16, 0.000E+00, 0.000E+00, 0.000E+00, 0.000E+00,-6.764E+01, 6.998E-01, 4.007E+00, 4.514E-01, 2.012E-01,-9.990E+02, 1.000E+00,-9.990E+02, 0.000E+00, 0.000E+00, 0.000E+00, 1.000E+00, 0.000E+00, 0.000E+00, 0.000E+00, 0.000E+00, 9.892E+01, 3.396E+01, 1.361E-02, 0.000E+00, 7.346E+01, 6.105E-03, 4.720E-01
04/11/2019,16:00,9,2.638,3.138,-.233,.848,.091, 9.992E+02, 9.951E+01, 0.000E+00, 3.469E-16, 0.000E+00, 0.000E+00, 0.000E+00, 0.000E+00,-6.764E+01, 6.998E-01, 3.888E+00, 4.510E-01, 1.952E-01,-9.990E+02, 1.000E+00,-9.990E+02, 0.000E+00, 0.000E+00, 0.000E+00, 1.000E+00, 0.000E+00, 0.000E+00, 0.000E+00, 0.000E+00, 1.020E+02, 3.501E+01, 1.000E-02, 0.000E+00, 1.000E+02, 5.178E-03, 4.534E-01
04/11/2019,17:00,9,2.638,3.138,-.608,.881,.069, 9.994E+02, 1.069E+02, 0.000E+00, 3.469E-16, 0.000E+00, 0.000E+00, 0.000E+00, 0.000E+00,-6.764E+01, 6.998E-01, 3.771E+00, 4.507E-01, 1.893E-01,-9.990E+02, 1.000E+00,-9.990E+02, 0.000E+00, 0.000E+00, 0.000E+00, 1.000E+00, 0.000E+00, 0.000E+00, 0.000E+00, 0.000E+00, 1.052E+02, 3.611E+01, 1.000E-02, 0.000E+00, 1.000E+02, 5.101E-03, 4.065E-01
04/11/2019,18:00,9,2.638,3.138,-.982,.915,.049, 9.995E+02, 1.144E+02, 0.000E+00, 3.469E-16, 0.000E+00, 0.000E+00, 0.000E+00, 0.000E+00,-6.061E+01,-3.683E-01, 3.655E+00, 4.363E-01, 1.838E-01,-9.990E+02, 1.000E+00,-9.990E+02, 0.000E+00, 0.000E+00, 0.000E+00, 1.000E+00, 0.000E+00, 0.000E+00, 0.000E+00, 0.000E+00, 1.082E+02, 3.719E+01, 1.000E-02, 0.000E+00, 1.000E+02, 5.027E-03, 3.677E-01
04/11/2019,19:00,9,2.638,3.138,-.905,.911,.051, 9.995E+02, 1.215E+02, 0.000E+00, 3.469E-16, 0.000E+00, 0.000E+00, 0.000E+00, 0.000E+00,-6.061E+01,-3.683E-01, 3.748E+00, 4.364E-01, 1.885E-01,-9.990E+02, 1.000E+00,-9.990E+02, 0.000E+00, 0.000E+00, 0.000E+00, 1.000E+00, 0.000E+00, 0.000E+00, 0.000E+00, 0.000E+00, 1.055E+02, 3.626E+01, 1.000E-02, 0.000E+00, 1.000E+02, 5.091E-03, 3.290E-01
04/11/2019,20:00,9,2.638,3.138,-.828,.908,.053, 9.996E+02, 1.278E+02, 0.000E+00, 3.469E-16, 0.000E+00, 0.000E+00, 0.000E+00, 0.000E+00,-6.061E+01,-3.683E-01, 3.846E+00, 4.364E-01, 1.935E-01,-9.990E+02, 1.000E+00,-9.990E+02, 0.000E+00, 0.000E+00, 0.000E+00, 1.000E+00, 0.000E+00, 0.000E+00, 0.000E+00, 0.000E+00, 1.028E+02, 3.533E+01, 1.000E-02, 0.000E+00, 1.000E+02, 5.155E-03, 2.937E-01
04/11/2019,21:00,9,2.638,3.138,-.752,.905,.055, 9.996E+02, 1.326E+02, 0.000E+00, 3.469E-16, 0.000E+00, 0.000E+00, 0.000E+00, 0.000E+00,-6.625E+01,-1.226E+00, 3.949E+00, 5.020E-01, 2.076E-01,-9.990E+02, 1.000E+00,-9.990E+02, 0.000E+00, 0.000E+00, 0.000E+00, 1.000E+00, 0.000E+00, 0.000E+00, 0.000E+00, 0.000E+00, 9.164E+01, 3.293E+01, 1.000E-02, 0.000E+00, 1.000E+02, 5.342E-03, 2.623E-01
04/11/2019,22:00,9,2.638,3.138,-.940,.915,.048, 9.995E+02, 1.353E+02, 0.000E+00, 3.469E-16, 0.000E+00, 0.000E+00, 0.000E+00, 0.000E+00,-6.625E+01,-1.226E+00, 3.937E+00, 5.018E-01, 2.069E-01,-9.990E+02, 1.000E+00,-9.990E+02, 0.000E+00, 0.000E+00, 0.000E+00, 1.000E+00, 0.000E+00, 0.000E+00, 0.000E+00, 0.000E+00, 9.194E+01, 3.303E+01, 1.000E-02, 0.000E+00, 1.000E+02, 5.334E-03, 2.340E-01
04/11/2019,23:00,9,2.638,3.138,-1.128,.926,.042, 9.995E+02, 1.355E+02, 0.000E+00, 3.469E-16, 0.000E+00, 0.000E+00, 0.000E+00, 0.000E+00,-6.625E+01,-1.226E+00, 3.925E+00, 5.017E-01, 2.063E-01,-9.990E+02, 1.000E+00,-9.990E+02, 0.000E+00, 0.000E+00, 0.000E+00, 1.000E+00, 0.000E+00, 0.000E+00, 0.000E+00, 0.000E+00, 9.223E+01, 3.313E+01, 9.748E-03, 0.000E+00, 1.026E+02, 5.254E-03, 1.831E-01
05/11/2019,00:00,9,2.627,3.127,-1.315,.937,.035, 9.994E+02, 1.331E+02, 0.000E+00, 3.469E-16, 0.000E+00, 0.000E+00, 0.000E+00, 0.000E+00,-6.361E+01,-2.068E-02, 3.915E+00, 5.744E-01, 2.146E-01,-9.990E+02, 1.000E+00,-9.990E+02, 0.000E+00, 0.000E+00, 0.000E+00, 1.000E+00, 0.000E+00, 0.000E+00, 0.000E+00, 0.000E+00, 8.497E+01, 3.184E+01, 9.389E-03, 0.000E+00, 1.065E+02, 5.249E-03, 1.514E-01
05/11/2019,01:00,9,2.627,3.127,-1.045,.934,.037, 9.993E+02, 1.284E+02, 0.000E+00, 3.469E-16, 0.000E+00, 0.000E+00, 0.000E+00, 0.000E+00,-6.361E+01,-2.068E-02, 4.048E+00, 5.747E-01, 2.220E-01,-9.990E+02, 1.000E+00,-9.990E+02, 0.000E+00, 0.000E+00, 0.000E+00, 1.000E+00, 0.000E+00, 0.000E+00, 0.000E+00, 0.000E+00, 8.215E+01, 3.079E+01, 9.910E-03, 0.000E+00, 1.009E+02, 5.491E-03, 1.108E-01
05/11/2019,02:00,9,2.627,3.127,-.775,.931,.040, 9.993E+02, 1.223E+02, 0.000E+00, 3.469E-16, 0.000E+00, 0.000E+00, 0.000E+00, 0.000E+00,-6.361E+01,-2.068E-02, 4.188E+00, 5.750E-01, 2.297E-01,-9.990E+02, 1.000E+00,-9.990E+02, 0.000E+00, 0.000E+00, 0.000E+00, 1.000E+00, 0.000E+00, 0.000E+00, 0.000E+00, 0.000E+00, 7.938E+01, 2.976E+01, 1.000E-02, 0.000E+00, 1.000E+02, 5.603E-03, 1.320E-01
05/11/2019,03:00,9,2.627,3.127,-.504,.928,.043, 9.992E+02, 1.153E+02, 0.000E+00, 3.469E-16, 0.000E+00, 0.000E+00, 0.000E+00, 0.000E+00,-5.115E+01, 3.731E+00, 4.335E+00, 6.219E-01, 2.446E-01,-9.990E+02, 1.000E+00,-9.990E+02, 0.000E+00, 0.000E+00, 0.000E+00, 1.000E+00, 0.000E+00, 0.000E+00, 0.000E+00, 0.000E+00, 7.248E+01, 2.795E+01, 1.000E-02, 0.000E+00, 1.000E+02, 5.763E-03, 1.274E-01
05/11/2019,04:00,9,2.627,3.127,-.410,.916,.050, 9.992E+02, 1.079E+02, 0.000E+00, 3.469E-16, 0.000E+00, 0.000E+00, 0.000E+00, 0.000E+00,-5.115E+01, 3.731E+00, 4.451E+00, 6.220E-01, 2.511E-01,-9.990E+02, 1.000E+00,-9.990E+02, 0.000E+00, 0.000E+00, 0.000E+00, 1.000E+00, 0.000E+00, 0.000E+00, 0.000E+00, 0.000E+00, 7.059E+01, 2.722E+01, 1.000E-02, 0.000E+00, 1.000E+02, 5.827E-03, 1.365E-01
05/11/2019,05:00,9,2.627,3.127,-.316,.905,.057, 9.992E+02, 1.005E+02, 0.000E+00, 3.469E-16, 0.000E+00, 0.000E+00, 0.000E+00, 0.000E+00,-5.115E+01, 3.731E+00, 4.567E+00, 6.221E-01, 2.577E-01,-9.990E+02, 1.000E+00,-9.990E+02, 0.000E+00, 0.000E+00, 0.000E+00, 1.000E+00, 0.000E+00, 0.000E+00, 0.000E+00, 0.000E+00, 6.878E+01, 2.653E+01, 1.000E-02, 0.000E+00, 1.000E+02, 5.890E-03, 1.530E-01
05/11/2019,06:00,9,2.627,3.127,-.221,.893,.064, 9.992E+02, 9.345E+01, 0.000E+00, 3.469E-16, 0.000E+00, 0.000E+00, 0.000E+00, 0.000E+00,-1.411E+01, 1.149E+01, 4.684E+00, 7.653E-01, 2.761E-01,-9.990E+02, 1.000E+00,-9.990E+02, 0.000E+00, 0.000E+00, 0.000E+00, 1.000E+00, 0.000E+00, 0.000E+00, 0.000E+00, 0.000E+00, 6.147E+01, 2.476E+01, 1.000E-02, 0.000E+00, 1.000E+02, 6.065E-03, 1.916E-01
05/11/2019,07:00,9,2.627,3.127,.294,.851,.093, 9.993E+02, 8.719E+01, 0.000E+00, 3.469E-16, 6.718E-01, 1.104E+01, 1.101E+01, 4.169E+00,-1.411E+01, 1.149E+01, 4.973E+00, 7.660E-01, 2.930E-01, 3.738E-02, 1.000E+00, 1.653E-01, 3.642E-01, 1.000E-02, 1.000E+00, 1.000E+00, 1.653E-03, 1.015E-05, 2.236E-05, 0.000E+00, 5.790E+01, 2.332E+01, 1.895E-02, 3.655E-05, 5.266E+01, 8.789E-03, 2.272E-01
05/11/2019,08:00,9,2.627,3.127,.810,.810,.123, 9.994E+02, 8.202E+01, 0.000E+00, 3.469E-16, 2.098E+01, 3.009E+01, 8.790E+01, 1.233E+01,-1.411E+01, 1.149E+01, 5.262E+00, 7.667E-01, 3.101E-01, 1.057E-01, 1.000E+00, 4.586E-01, 9.731E-01, 1.000E-02, 1.000E+00, 1.000E+00, 4.586E-03, 2.820E-05, 5.985E-05, 0.000E+00, 5.472E+01, 2.204E+01, 6.907E-03, 1.016E-04, 1.427E+02, 4.989E-03, 2.909E-01
05/11/2019,09:00,9,2.627,3.127,1.326,.768,.156, 9.995E+02, 7.830E+01, 0.000E+00, 3.469E-16, 4.949E+01, 4.467E+01, 1.411E+02, 1.908E+01, 3.401E+01, 2.514E+01, 5.552E+00, 8.372E-01, 3.333E-01, 1.542E-01, 1.000E+00, 6.137E-01, 9.970E-01, 1.000E-02, 1.000E+00, 1.000E+00, 6.137E-03, 3.781E-05, 6.143E-05, 0.000E+00, 4.948E+01, 2.051E+01, 5.000E-03, 1.362E-04, 1.947E+02, 4.028E-03, 3.168E-01
05/11/2019,10:00,9,2.627,3.127,1.503,.753,.168, 9.996E+02, 7.630E+01, 0.000E+00, 3.469E-16, 6.575E+01, 5.061E+01, 1.608E+02, 2.198E+01, 3.401E+01, 2.514E+01, 5.431E+00, 8.374E-01, 3.260E-01, 1.796E-01, 1.000E+00, 6.676E-01, 9.987E-01, 1.000E-02, 1.000E+00, 1.000E+00, 6.676E-03, 4.116E-05, 6.157E-05, 0.000E+00, 5.059E+01, 2.097E+01, 5.000E-03, 1.483E-04, 1.942E+02, 4.016E-03, 3.333E-01
05/11/2019,11:00,9,2.627,3.127,1.681,.738,.181, 9.996E+02, 7.620E+01, 0.000E+00, 3.469E-16, 6.655E+01, 5.089E+01, 1.616E+02, 2.211E+01, 3.401E+01, 2.514E+01, 5.312E+00, 8.377E-01, 3.188E-01, 1.808E-01, 1.000E+00, 6.699E-01, 9.987E-01, 1.000E-02, 1.000E+00, 1.000E+00, 6.699E-03, 4.133E-05, 6.162E-05, 0.000E+00, 5.172E+01, 2.144E+01, 5.000E-03, 1.489E-04, 1.942E+02, 3.996E-03, 3.443E-01
05/11/2019,12:00,9,2.627,3.127,1.858,.722,.194, 9.996E+02, 7.802E+01, 0.000E+00, 3.469E-16, 5.169E+01, 4.552E+01, 1.440E+02, 1.949E+01,-3.727E+01, 3.453E+00, 5.197E+00, 7.112E-01, 3.009E-01, 1.578E-01, 1.000E+00, 6.218E-01, 9.973E-01, 1.000E-02, 1.000E+00, 1.000E+00, 6.218E-03, 3.839E-05, 6.157E-05, 0.000E+00, 5.739E+01, 2.272E+01, 5.000E-03, 1.383E-04, 1.946E+02, 3.933E-03, 3.498E-01
05/11/2019,13:00,9,2.627,3.127,1.111,.775,.149, 9.996E+02, 8.158E+01, 0.000E+00, 3.469E-16, 2.522E+01, 3.364E+01, 1.000E+02, 1.387E+01,-3.727E+01, 3.453E+00, 5.001E+00, 7.102E-01, 2.896E-01, 1.114E-01, 1.000E+00, 4.958E-01, 9.837E-01, 1.000E-02, 1.000E+00, 1.000E+00, 4.958E-03, 3.053E-05, 6.056E-05, 0.000E+00, 5.965E+01, 2.361E+01, 5.000E-03, 1.100E-04, 1.957E+02, 3.881E-03, 3.597E-01
05/11/2019,14:00,9,2.627,3.127,.365,.828,.108, 9.996E+02, 8.662E+01, 0.000E+00, 3.469E-16, 1.592E+00, 1.409E+01, 1.888E+01, 5.362E+00,-3.727E+01, 3.453E+00, 4.811E+00, 7.093E-01, 2.785E-01, 4.484E-02, 1.000E+00, 2.132E-01, 5.400E-01, 1.000E-02, 1.000E+00, 1.000E+00, 2.132E-03, 1.309E-05, 3.316E-05, 0.000E+00, 6.202E+01, 2.454E+01, 1.022E-02, 4.716E-05, 9.739E+01, 6.181E-03, 3.769E-01
05/11/2019,15:00,9,2.627,3.127,-.382,.880,.071, 9.996E+02, 9.280E+01, 0.000E+00, 3.469E-16, 0.000E+00, 0.000E+00, 0.000E+00, 0.000E+00,-7.191E+01,-1.540E+00, 4.626E+00, 6.006E-01, 2.539E-01,-9.990E+02, 1.000E+00,-9.990E+02, 0.000E+00, 0.000E+00, 0.000E+00, 1.000E+00, 0.000E+00, 0.000E+00, 0.000E+00, 0.000E+00, 7.178E+01, 2.692E+01, 1.000E-02, 0.000E+00, 1.000E+02, 5.848E-03, 3.582E-01
05/11/2019,16:00,9,2.627,3.127,-.445,.894,.063, 9.996E+02, 9.976E+01, 0.000E+00, 3.469E-16, 0.000E+00, 0.000E+00, 0.000E+00, 0.000E+00,-7.191E+01,-1.540E+00, 4.518E+00, 6.005E-01, 2.479E-01,-9.990E+02, 1.000E+00,-9.990E+02, 0.000E+00, 0.000E+00, 0.000E+00, 1.000E+00, 0.000E+00, 0.000E+00, 0.000E+00, 0.000E+00, 7.350E+01, 2.757E+01, 1.000E-02, 0.000E+00, 1.000E+02, 5.790E-03, 3.262E-01
05/11/2019,17:00,9,2.627,3.127,-.507,.908,.054, 9.996E+02, 1.072E+02, 0.000E+00, 3.469E-16, 0.000E+00, 0.000E+00, 0.000E+00, 0.000E+00,-7.191E+01,-1.540E+00, 4.410E+00, 6.005E-01, 2.420E-01,-9.990E+02, 1.000E+00,-9.990E+02, 0.000E+00, 0.000E+00, 0.000E+00, 1.000E+00, 0.000E+00, 0.000E+00, 0.000E+00, 0.000E+00, 7.531E+01, 2.825E+01, 1.000E-02, 0.000E+00, 1.000E+02, 5.731E-03, 2.716E-01
05/11/2019,18:00,9,2.627,3.127,-.570,.922,.046, 9.997E+02, 1.146E+02, 0.000E+00, 3.469E-16, 0.000E+00, 0.000E+00, 0.000E+00, 0.000E+00,-7.059E+01,-1.019E+00, 4.302E+00, 5.021E-01, 2.245E-01,-9.990E+02, 1.000E+00,-9.990E+02, 0.000E+00, 0.000E+00, 0.000E+00, 1.000E+00, 0.000E+00, 0.000E+00, 0.000E+00, 0.000E+00, 8.536E+01, 3.045E+01, 1.000E-02, 0.000E+00, 1.000E+02, 5.535E-03, 2.331E-01
05/11/2019,19:00,9,2.627,3.127,-.692,.909,.053, 9.999E+02, 1.217E+02, 0.000E+00, 3.469E-16, 0.000E+00, 0.000E+00, 0.000E+00, 0.000E+00,-7.059E+01,-1.019E+00, 4.166E+00, 5.020E-01, 2.174E-01,-9.990E+02, 1.000E+00,-9.990E+02, 0.000E+00, 0.000E+00, 0.000E+00, 1.000E+00, 0.000E+00, 0.000E+00, 0.000E+00, 0.000E+00, 8.817E+01, 3.144E+01, 1.000E-02, 0.000E+00, 1.000E+02, 5.455E-03, 2.199E-01
05/11/2019,20:00,9,2.627,3.127,-.815,.897,.059, 1.000E+03, 1.280E+02, 0.000E+00, 3.469E-16, 0.000E+00, 0.000E+00, 0.000E+00, 0.000E+00,-7.059E+01,-1.019E+00, 4.033E+00, 5.018E-01, 2.104E-01,-9.990E+02, 1.000E+00,-9.990E+02, 0.000E+00, 0.000E+00, 0.000E+00, 1.000E+00, 0.000E+00, 0.000E+00, 0.000E+00, 0.000E+00, 9.108E+01, 3.248E+01, 1.000E-02, 0.000E+00, 1.000E+02, 5.374E-03, 2.255E-01
05/11/2019,21:00,9,2.627,3.127,-.938,.884,.066, 1.000E+03, 1.329E+02, 0.000E+00, 3.469E-16, 0.000E+00, 0.000E+00, 0.000E+00, 0.000E+00,-6.479E+01, 3.180E-01, 3.904E+00, 4.586E-01, 1.988E-01,-9.990E+02, 1.000E+00,-9.990E+02, 0.000E+00, 0.000E+00, 0.000E+00, 1.000E+00, 0.000E+00, 0.000E+00, 0.000E+00, 0.000E+00, 9.878E+01, 3.438E+01, 1.000E-02, 0.000E+00, 1.000E+02, 5.227E-03, 2.442E-01
05/11/2019,22:00,9,2.627,3.127,-1.121,.895,.059, 1.000E+03, 1.356E+02, 0.000E+00, 3.469E-16, 0.000E+00, 0.000E+00, 0.000E+00, 0.000E+00,-6.479E+01, 3.180E-01, 3.870E+00, 4.585E-01, 1.970E-01,-9.990E+02, 1.000E+00,-9.990E+02, 0.000E+00, 0.000E+00, 0.000E+00, 1.000E+00, 0.000E+00, 0.000E+00, 0.000E+00, 0.000E+00, 9.968E+01, 3.469E+01, 9.760E-03, 0.000E+00, 1.025E+02, 5.139E-03, 2.500E-01
05/11/2019,23:00,9,2.627,3.127,-1.304,.907,.052, 1.000E+03, 1.358E+02, 0.000E+00, 3.469E-16, 0.000E+00, 0.000E+00, 0.000E+00, 0.000E+00,-6.479E+01, 3.180E-01, 3.840E+00, 4.583E-01, 1.955E-01,-9.990E+02, 1.000E+00,-9.990E+02, 0.000E+00, 0.000E+00, 0.000E+00, 1.000E+00, 0.000E+00, 0.000E+00, 0.000E+00, 0.000E+00, 1.005E+02, 3.497E+01, 9.409E-03, 0.000E+00, 1.063E+02, 5.021E-03, 2.806E-01
06/11/2019,00:00,9,2.616,3.116,-1.488,.918,.045, 1.000E+03, 1.333E+02, 0.000E+00, 3.469E-16, 0.000E+00, 0.000E+00, 0.000E+00, 0.000E+00,-5.133E+01, 2.613E-01, 3.814E+00, 4.031E-01, 1.897E-01,-9.990E+02, 1.000E+00,-9.990E+02, 0.000E+00, 0.000E+00, 0.000E+00, 1.000E+00, 0.000E+00, 0.000E+00, 0.000E+00, 0.000E+00, 1.060E+02, 3.603E+01, 9.071E-03, 0.000E+00, 1.102E+02, 4.850E-03, 2.909E-01
06/11/2019,01:00,9,2.616,3.116,-1.598,.916,.046, 1.000E+03, 1.287E+02, 0.000E+00, 3.469E-16, 0.000E+00, 0.000E+00, 0.000E+00, 0.000E+00,-5.133E+01, 2.613E-01, 3.659E+00, 4.030E-01, 1.820E-01,-9.990E+02, 1.000E+00,-9.990E+02, 0.000E+00, 0.000E+00, 0.000E+00, 1.000E+00, 0.000E+00, 0.000E+00, 0.000E+00, 0.000E+00, 1.105E+02, 3.756E+01, 8.873E-03, 0.000E+00, 1.127E+02, 4.701E-03, 2.947E-01
06/11/2019,02:00,9,2.616,3.116,-1.708,.914,.046, 1.000E+03, 1.226E+02, 0.000E+00, 3.469E-16, 0.000E+00, 0.000E+00, 0.000E+00, 0.000E+00,-5.133E+01, 2.613E-01, 3.507E+00, 4.030E-01, 1.744E-01,-9.990E+02, 1.000E+00,-9.990E+02, 0.000E+00, 0.000E+00, 0.000E+00, 1.000E+00, 0.000E+00, 0.000E+00, 0.000E+00, 0.000E+00, 1.153E+02, 3.920E+01, 8.680E-03, 0.000E+00, 1.152E+02, 4.554E-03, 2.993E-01
06/11/2019,03:00,9,2.616,3.116,-1.818,.912,.047, 1.000E+03, 1.155E+02, 0.000E+00, 3.469E-16, 0.000E+00, 0.000E+00, 0.000E+00, 0.000E+00,-4.506E+01, 4.761E-01, 3.359E+00, 3.847E-01, 1.668E-01,-9.990E+02, 1.000E+00,-9.990E+02, 0.000E+00, 0.000E+00, 0.000E+00, 1.000E+00, 0.000E+00, 0.000E+00, 0.000E+00, 0.000E+00, 1.208E+02, 4.099E+01, 8.491E-03, 0.000E+00, 1.178E+02, 4.407E-03, 2.998E-01
06/11/2019,04:00,9,2.616,3.116,-1.859,.910,.048, 1.000E+03, 1.081E+02, 0.000E+00, 3.469E-16, 0.000E+00, 0.000E+00, 0.000E+00, 0.000E+00,-4.506E+01, 4.761E-01, 3.368E+00, 3.846E-01, 1.672E-01,-9.990E+02, 1.000E+00,-9.990E+02, 0.000E+00, 0.000E+00, 0.000E+00, 1.000E+00, 0.000E+00, 0.000E+00, 0.000E+00, 0.000E+00, 1.204E+02, 4.087E+01, 8.422E-03, 0.000E+00, 1.187E+02, 4.394E-03, 2.967E-01
06/11/2019,05:00,9,2.616,3.116,-1.900,.909,.049, 1.000E+03, 1.007E+02, 0.000E+00, 3.469E-16, 0.000E+00, 0.000E+00, 0.000E+00, 0.000E+00,-4.506E+01, 4.761E-01, 3.382E+00, 3.846E-01, 1.679E-01,-9.990E+02, 1.000E+00,-9.990E+02, 0.000E+00, 0.000E+00, 0.000E+00, 1.000E+00, 0.000E+00, 0.000E+00, 0.000E+00, 0.000E+00, 1.199E+02, 4.070E+01, 8.353E-03, 0.000E+00, 1.197E+02, 4.384E-03, 3.056E-01
06/11/2019,06:00,9,2.616,3.116,-1.941,.907,.049, 1.000E+03, 9.372E+01, 0.000E+00, 3.469E-16, 0.000E+00, 0.000E+00, 0.000E+00, 0.000E+00,-2.129E+01, 7.030E+00, 3.402E+00, 4.150E-01, 1.881E-01,-9.990E+02, 1.000E+00,-9.990E+02, 0.000E+00, 0.000E+00, 0.000E+00, 1.000E+00, 0.000E+00, 0.000E+00, 0.000E+00, 0.000E+00, 9.609E+01, 3.633E+01, 8.285E-03, 0.000E+00, 1.207E+02, 4.620E-03, 3.430E-01
06/11/2019,07:00,9,2.616,3.116,-1.038,.858,.081, 1.000E+03, 8.746E+01, 0.000E+00, 3.469E-16, 4.449E-02, 4.761E+00, 2.292E+00, 1.789E+00,-2.129E+01, 7.030E+00, 3.243E+00, 4.157E-01, 1.795E-01, 3.384E-02, 1.000E+00, 7.158E-02, 8.995E-02, 1.000E-02, 1.000E+00, 1.000E+00, 7.158E-04, 4.373E-06, 5.495E-06, 0.000E+00, 1.007E+02, 3.809E+01, 9.924E-03, 1.568E-05, 1.006E+02, 4.976E-03, 4.247E-01
06/11/2019,08:00,9,2.616,3.116,-.135,.809,.116, 1.000E+03, 8.231E+01, 0.000E+00, 3.469E-16, 2.132E+00, 2.029E+01, 1.569E+01, 7.725E+00,-2.129E+01, 7.030E+00, 3.085E+00, 4.164E-01, 1.708E-01, 1.023E-01, 1.000E+00, 2.930E-01, 4.755E-01, 1.000E-02, 1.000E+00, 1.000E+00, 2.930E-03, 1.796E-05, 2.914E-05, 0.000E+00, 1.058E+02, 4.003E+01, 1.000E-02, 6.442E-05, 9.936E+01, 4.882E-03, 4.899E-01
06/11/2019,09:00,9,2.616,3.116,.768,.760,.155, 1.000E+03, 7.859E+01, 0.000E+00, 3.469E-16, 1.324E+01, 4.292E+01, 5.021E+01, 1.675E+01, 7.006E+00, 2.280E+01, 2.928E+00, 5.018E-01, 1.756E-01, 1.511E-01, 1.000E+00, 5.545E-01, 8.732E-01, 1.000E-02, 1.000E+00, 1.000E+00, 5.545E-03, 3.410E-05, 5.370E-05, 0.000E+00, 9.396E+01, 3.892E+01, 5.000E-03, 1.223E-04, 1.952E+02, 3.368E-03, 5.543E-01
06/11/2019,10:00,9,2.616,3.116,1.137,.736,.175, 1.000E+03, 7.660E+01, 0.000E+00, 3.469E-16, 1.776E+01, 5.207E+01, 5.869E+01, 2.037E+01, 7.006E+00, 2.280E+01, 3.025E+00, 5.022E-01, 1.815E-01, 1.766E-01, 1.000E+00, 6.279E-01, 9.105E-01, 1.000E-02, 1.000E+00, 1.000E+00, 6.279E-03, 3.866E-05, 5.607E-05, 0.000E+00, 9.093E+01, 3.766E+01, 5.000E-03, 1.387E-04, 1.946E+02, 3.413E-03, 5.420E-01
06/11/2019,11:00,9,2.616,3.116,1.506,.713,.196, 1.000E+03, 7.650E+01, 0.000E+00, 3.469E-16, 1.799E+01, 5.252E+01, 5.908E+01, 2.054E+01, 7.006E+00, 2.280E+01, 3.126E+00, 5.025E-01, 1.875E-01, 1.778E-01, 1.000E+00, 6.312E-01, 9.120E-01, 1.000E-02, 1.000E+00, 1.000E+00, 6.312E-03, 3.892E-05, 5.623E-05, 0.000E+00, 8.801E+01, 3.645E+01, 5.000E-03, 1.396E-04, 1.946E+02, 3.450E-03, 5.311E-01
06/11/2019,12:00,9,2.616,3.116,1.875,.689,.217, 1.000E+03, 7.831E+01, 0.000E+00, 3.469E-16, 3.093E+00, 3.169E+01, 1.967E+01, 1.204E+01,-3.774E+01, 3.172E+00, 3.229E+00, 4.454E-01, 1.734E-01, 1.547E-01, 1.000E+00, 4.160E-01, 5.547E-01, 1.000E-02, 1.000E+00, 1.000E+00, 4.160E-03, 2.568E-05, 3.425E-05, 0.000E+00, 1.074E+02, 3.941E+01, 5.000E-03, 9.212E-05, 1.964E+02, 3.327E-03, 5.234E-01
06/11/2019,13:00,9,2.616,3.116,.783,.739,.168, 1.000E+03, 8.186E+01, 0.000E+00, 3.469E-16, 1.463E+00, 1.926E+01, 1.247E+01, 7.302E+00,-3.774E+01, 3.172E+00, 3.291E+00, 4.445E-01, 1.766E-01, 1.082E-01, 1.000E+00, 2.748E-01, 4.013E-01, 1.000E-02, 1.000E+00, 1.000E+00, 2.748E-03, 1.690E-05, 2.468E-05, 0.000E+00, 1.055E+02, 3.870E+01, 5.000E-03, 6.061E-05, 1.976E+02, 3.335E-03, 5.403E-01
06/11/2019,14:00,9,2.616,3.116,-.310,.790,.126, 1.000E+03, 8.689E+01, 0.000E+00, 3.469E-16, 7.008E-02, 5.149E+00, 2.583E+00, 1.936E+00,-3.774E+01, 3.172E+00, 3.361E+00, 4.436E-01, 1.803E-01, 4.145E-02, 1.000E+00, 7.756E-02, 1.008E-01, 1.000E-02, 1.000E+00, 1.000E+00, 7.756E-04, 4.750E-06, 6.173E-06, 0.000E+00, 1.034E+02, 3.791E+01, 1.000E-02, 1.704E-05, 9.983E+01, 4.999E-03, 5.525E-01
06/11/2019,15:00,9,2.616,3.116,-1.403,.840,.088, 1.000E+03, 9.306E+01, 0.000E+00, 3.469E-16, 0.000E+00, 0.000E+00, 0.000E+00, 0.000E+00,-4.859E+01, 2.027E-01, 3.439E+00, 3.505E-01, 1.596E-01,-9.990E+02, 1.000E+00,-9.990E+02, 0.000E+00, 0.000E+00, 0.000E+00, 1.000E+00, 0.000E+00, 0.000E+00, 0.000E+00, 0.000E+00, 1.350E+02, 4.283E+01, 9.226E-03, 0.000E+00, 1.084E+02, 4.479E-03, 5.707E-01
06/11/2019,16:00,9,2.616,3.116,-1.711,.865,.073, 1.001E+03, 1.000E+02, 0.000E+00, 3.469E-16, 0.000E+00, 0.000E+00, 0.000E+00, 0.000E+00,-4.859E+01, 2.027E-01, 3.324E+00, 3.502E-01, 1.542E-01,-9.990E+02, 1.000E+00,-9.990E+02, 0.000E+00, 0.000E+00, 0.000E+00, 1.000E+00, 0.000E+00, 0.000E+00, 0.000E+00, 0.000E+00, 1.397E+02, 4.432E+01, 8.675E-03, 0.000E+00, 1.153E+02, 4.271E-03, 5.689E-01
06/11/2019,17:00,9,2.616,3.116,-2.019,.890,.058, 1.001E+03, 1.074E+02, 0.000E+00, 3.469E-16, 0.000E+00, 0.000E+00, 0.000E+00, 0.000E+00,-4.859E+01, 2.027E-01, 3.212E+00, 3.500E-01, 1.490E-01,-9.990E+02, 1.000E+00,-9.990E+02, 0.000E+00, 0.000E+00, 0.000E+00, 1.000E+00, 0.000E+00, 0.000E+00, 0.000E+00, 0.000E+00, 1.447E+02, 4.588E+01, 8.157E-03, 0.000E+00, 1.226E+02, 4.070E-03, 5.165E-01
06/11/2019,18:00,9,2.616,3.116,-2.327,.915,.044, 1.001E+03, 1.149E+02, 0.000E+00, 3.469E-16, 0.000E+00, 0.000E+00, 0.000E+00, 0.000E+00,-3.266E+01,-2.874E+00, 3.102E+00, 2.599E-01, 1.261E-01,-9.990E+02, 1.000E+00,-9.990E+02, 0.000E+00, 0.000E+00, 0.000E+00, 1.000E+00, 0.000E+00, 0.000E+00, 0.000E+00, 0.000E+00, 1.949E+02, 5.419E+01, 7.670E-03, 0.000E+00, 1.304E+02, 3.598E-03, 4.622E-01
06/11/2019,19:00,9,2.616,3.116,-2.416,.906,.048, 1.001E+03, 1.220E+02, 0.000E+00, 3.469E-16, 0.000E+00, 0.000E+00, 0.000E+00, 0.000E+00,-3.266E+01,-2.874E+00, 3.002E+00, 2.598E-01, 1.221E-01,-9.990E+02, 1.000E+00,-9.990E+02, 0.000E+00, 0.000E+00, 0.000E+00, 1.000E+00, 0.000E+00, 0.000E+00, 0.000E+00, 0.000E+00, 2.015E+02, 5.600E+01, 7.534E-03, 0.000E+00, 1.327E+02, 3.506E-03, 4.377E-01
06/11/2019,20:00,9,2.616,3.116,-2.505,.897,.053, 1.001E+03, 1.283E+02, 0.000E+00, 3.469E-16, 0.000E+00, 0.000E+00, 0.000E+00, 0.000E+00,-3.266E+01,-2.874E+00, 2.903E+00, 2.597E-01, 1.180E-01,-9.990E+02, 1.000E+00,-9.990E+02, 0.000E+00, 0.000E+00, 0.000E+00, 1.000E+00, 0.000E+00, 0.000E+00, 0.000E+00, 0.000E+00, 2.085E+02, 5.792E+01, 7.400E-03, 0.000E+00, 1.351E+02, 3.414E-03, 4.266E-01
06/11/2019,21:00,9,2.616,3.116,-2.595,.887,.057, 1.002E+03, 1.332E+02, 0.000E+00, 3.469E-16, 0.000E+00, 0.000E+00, 0.000E+00, 0.000E+00,-2.284E+01,-1.897E+00, 2.804E+00, 2.063E-01, 1.014E-01,-9.990E+02, 1.000E+00,-9.990E+02, 0.000E+00, 0.000E+00, 0.000E+00, 1.000E+00, 0.000E+00, 0.000E+00, 0.000E+00, 0.000E+00, 2.729E+02, 6.743E+01, 7.269E-03, 0.000E+00, 1.376E+02, 3.086E-03, 4.461E-01
06/11/2019,22:00,9,2.616,3.116,-2.719,.882,.059, 1.002E+03, 1.359E+02, 0.000E+00, 3.469E-16, 0.000E+00, 0.000E+00, 0.000E+00, 0.000E+00,-2.284E+01,-1.897E+00, 2.765E+00, 2.063E-01, 1.000E-01,-9.990E+02, 1.000E+00,-9.990E+02, 0.000E+00, 0.000E+00, 0.000E+00, 1.000E+00, 0.000E+00, 0.000E+00, 0.000E+00, 0.000E+00, 2.767E+02, 6.835E+01, 7.091E-03, 0.000E+00, 1.410E+02, 3.030E-03, 4.785E-01
06/11/2019,23:00,9,2.616,3.116,-2.843,.877,.061, 1.002E+03, 1.361E+02, 0.000E+00, 3.469E-16, 0.000E+00, 0.000E+00, 0.000E+00, 0.000E+00,-2.284E+01,-1.897E+00, 2.731E+00, 2.062E-01, 1.000E-01,-9.990E+02, 1.000E+00,-9.990E+02, 0.000E+00, 0.000E+00, 0.000E+00, 1.000E+00, 0.000E+00, 0.000E+00, 0.000E+00, 0.000E+00, 2.768E+02, 6.835E+01, 6.916E-03, 0.000E+00, 1.446E+02, 2.998E-03, 5.068E-01
07/11/2019,00:00,9,2.605,3.105,-2.968,.872,.063, 1.002E+03, 1.336E+02, 0.000E+00, 3.469E-16, 0.000E+00, 0.000E+00, 0.000E+00, 0.000E+00,-2.926E+01,-1.901E+00, 2.703E+00, 2.549E-01, 1.117E-01,-9.990E+02, 1.000E+00,-9.990E+02, 0.000E+00, 0.000E+00, 0.000E+00, 1.000E+00, 0.000E+00, 0.000E+00, 0.000E+00, 0.000E+00, 2.166E+02, 6.119E+01, 6.747E-03, 0.000E+00, 1.482E+02, 3.179E-03, 5.373E-01
07/11/2019,01:00,9,2.605,3.105,-2.823,.889,.055, 1.002E+03, 1.290E+02, 0.000E+00, 3.469E-16, 0.000E+00, 0.000E+00, 0.000E+00, 0.000E+00,-2.926E+01,-1.901E+00, 2.730E+00, 2.549E-01, 1.129E-01,-9.990E+02, 1.000E+00,-9.990E+02, 0.000E+00, 0.000E+00, 0.000E+00, 1.000E+00, 0.000E+00, 0.000E+00, 0.000E+00, 0.000E+00, 2.144E+02, 6.057E+01, 6.944E-03, 0.000E+00, 1.440E+02, 3.240E-03, 5.291E-01
07/11/2019,02:00,9,2.605,3.105,-2.679,.906,.047, 1.002E+03, 1.229E+02, 0.000E+00, 3.469E-16, 0.000E+00, 0.000E+00, 0.000E+00, 0.000E+00,-2.926E+01,-1.901E+00, 2.772E+00, 2.550E-01, 1.146E-01,-9.990E+02, 1.000E+00,-9.990E+02, 0.000E+00, 0.000E+00, 0.000E+00, 1.000E+00, 0.000E+00, 0.000E+00, 0.000E+00, 0.000E+00, 2.110E+02, 5.963E+01, 7.147E-03, 0.000E+00, 1.399E+02, 3.311E-03, 5.065E-01
07/11/2019,03:00,9,2.605,3.105,-2.535,.923,.039, 1.002E+03, 1.158E+02, 4.271E-03, 3.469E-16, 0.000E+00, 0.000E+00, 0.000E+00, 0.000E+00,-1.395E+01, 3.214E+00, 2.829E+00, 3.276E-01, 1.530E-01,-9.990E+02, 1.000E+00,-9.990E+02, 0.000E+00, 0.000E+00, 0.000E+00, 1.000E+00, 0.000E+00, 0.000E+00, 0.000E+00, 0.000E+00, 1.209E+02, 4.468E+01, 7.357E-03, 0.000E+00, 1.359E+02, 3.938E-03, 4.745E-01
07/11/2019,04:00,9,2.605,3.105,-1.831,.913,.046, 1.002E+03, 1.084E+02, 4.271E-03, 3.469E-16, 0.000E+00, 0.000E+00, 0.000E+00, 0.000E+00,-1.395E+01, 3.214E+00, 2.761E+00, 3.280E-01, 1.494E-01,-9.990E+02, 1.000E+00,-9.990E+02, 0.000E+00, 0.000E+00, 0.000E+00, 1.000E+00, 0.000E+00, 0.000E+00, 0.000E+00, 0.000E+00, 1.237E+02, 4.576E+01, 8.469E-03, 0.000E+00, 1.181E+02, 4.185E-03, 4.092E-01
07/11/2019,05:00,9,2.605,3.105,-1.127,.904,.054, 1.003E+03, 1.010E+02, 4.271E-03, 3.469E-16, 0.000E+00, 0.000E+00, 0.000E+00, 0.000E+00,-1.395E+01, 3.214E+00, 2.693E+00, 3.284E-01, 1.458E-01,-9.990E+02, 1.000E+00,-9.990E+02, 0.000E+00, 0.000E+00, 0.000E+00, 1.000E+00, 0.000E+00, 0.000E+00, 0.000E+00, 0.000E+00, 1.268E+02, 4.689E+01, 9.749E-03, 0.000E+00, 1.026E+02, 4.417E-03, 3.604E-01
07/11/2019,06:00,9,2.605,3.105,-.423,.894,.063, 1.003E+03, 9.398E+01, 3.500E-02, 3.469E-16, 0.000E+00, 0.000E+00, 0.000E+00, 0.000E+00,-2.718E+00, 2.648E+00, 2.626E+00, 3.365E-01, 1.533E-01,-9.990E+02, 1.000E+00,-9.990E+02, 0.000E+00, 0.000E+00, 0.000E+00, 1.000E+00, 0.000E+00, 0.000E+00, 0.000E+00, 0.000E+00, 1.118E+02, 4.459E+01, 1.000E-02, 0.000E+00, 1.000E+02, 4.610E-03, 3.747E-01
07/11/2019,07:00,9,2.605,3.105,-.017,.892,.066, 1.003E+03, 8.774E+01, 3.500E-02, 2.543E-04, 1.154E-02, 3.355E+00, 1.410E+00, 1.263E+00,-2.718E+00, 2.648E+00, 2.572E+00, 3.366E-01, 1.501E-01, 3.030E-02, 1.000E+00, 5.081E-02, 5.633E-02, 1.000E-02, 1.000E+00, 1.000E+00, 5.081E-04, 3.115E-06, 3.454E-06, 0.000E+00, 1.141E+02, 4.553E+01, 9.950E-03, 1.113E-05, 1.004E+02, 4.550E-03, 2.845E-01
07/11/2019,08:00,9,2.605,3.105,.390,.891,.068, 1.004E+03, 8.259E+01, 3.500E-02, 5.087E-04, 9.443E-01, 1.595E+01, 9.714E+00, 6.052E+00,-2.718E+00, 2.648E+00, 2.518E+00, 3.368E-01, 1.470E-01, 9.901E-02, 1.000E+00, 2.311E-01, 3.294E-01, 1.000E-02, 1.000E+00, 1.000E+00, 2.311E-03, 1.419E-05, 2.022E-05, 0.000E+00, 1.166E+02, 4.651E+01, 7.212E-02, 5.070E-05, 1.386E+01, 7.363E-03, 1.759E-01
07/11/2019,09:00,9,2.605,3.105,.797,.890,.071, 1.004E+03, 7.888E+01, 6.048E-02, 7.630E-04, 4.647E+00, 3.345E+01, 2.486E+01, 1.281E+01, 1.405E+00, 2.693E+00, 2.464E+00, 3.100E-01, 1.476E-01, 1.479E-01, 1.000E+00, 4.438E-01, 6.403E-01, 1.000E-02, 1.000E+00, 1.000E+00, 4.438E-03, 2.729E-05, 3.938E-05, 0.000E+00, 1.121E+02, 4.631E+01, 4.506E-02, 9.748E-05, 2.214E+01, 6.983E-03, 2.052E-01
07/11/2019,10:00,9,2.605,3.105,.930,.894,.069, 1.004E+03, 7.689E+01, 6.048E-02, 7.630E-04, 6.300E+00, 4.137E+01, 2.976E+01, 1.587E+01, 1.405E+00, 2.693E+00, 2.385E+00, 3.101E-01, 1.429E-01, 1.736E-01, 1.000E+00, 5.186E-01, 7.059E-01, 1.000E-02, 1.000E+00, 1.000E+00, 5.186E-03, 3.191E-05, 4.343E-05, 0.000E+00, 1.158E+02, 4.783E+01, 3.966E-02, 1.140E-04, 2.514E+01, 6.659E-03, 2.427E-01
07/11/2019,11:00,9,2.605,3.105,1.063,.899,.067, 1.004E+03, 7.679E+01, 6.048E-02, 7.630E-04, 6.384E+00, 4.177E+01, 2.999E+01, 1.602E+01, 1.405E+00, 2.693E+00, 2.308E+00, 3.101E-01, 1.383E-01, 1.749E-01, 1.000E+00, 5.221E-01, 7.087E-01, 1.000E-02, 1.000E+00, 1.000E+00, 5.221E-03, 3.214E-05, 4.363E-05, 0.000E+00, 1.197E+02, 4.943E+01, 3.540E-02, 1.148E-04, 2.816E+01, 6.354E-03, 2.860E-01
07/11/2019,12:00,9,2.605,3.105,1.196,.904,.064, 1.005E+03, 7.859E+01, 5.081E-02, 7.630E-04, 5.594E+00, 3.574E+01, 2.786E+01, 1.372E+01,-1.536E+01, 4.279E-01, 2.232E+00, 3.005E-01, 1.163E-01, 1.517E-01, 1.000E+00, 4.693E-01, 6.821E-01, 1.000E-02, 1.000E+00, 1.000E+00, 4.693E-03, 2.890E-05, 4.201E-05, 0.000E+00, 1.649E+02, 5.876E+01, 3.642E-02, 1.032E-04, 2.738E+01, 5.462E-03, 3.281E-01
07/11/2019,13:00,9,2.605,3.105,.830,.918,.053, 1.005E+03, 8.214E+01, 5.081E-02, 1.272E-03, 2.557E+00, 2.165E+01, 1.763E+01, 8.279E+00,-1.536E+01, 4.279E-01, 2.294E+00, 3.003E-01, 1.195E-01, 1.050E-01, 1.000E+00, 3.124E-01, 5.156E-01, 1.000E-02, 1.000E+00, 1.000E+00, 3.124E-03, 1.922E-05, 3.172E-05, 0.000E+00, 1.606E+02, 5.720E+01, 4.210E-02, 6.864E-05, 2.371E+01, 5.704E-03, 3.966E-01
07/11/2019,14:00,9,2.605,3.105,.464,.931,.044, 1.005E+03, 8.716E+01, 5.081E-02, 1.780E-03, 8.785E-02, 5.669E+00, 3.024E+00, 2.139E+00,-1.536E+01, 4.279E-01, 2.355E+00, 3.001E-01, 1.227E-01, 3.811E-02, 1.000E+00, 8.545E-02, 1.169E-01, 1.000E-02, 1.000E+00, 1.000E+00, 8.545E-04, 5.249E-06, 7.183E-06, 0.000E+00, 1.565E+02, 5.571E+01, 5.732E-02, 1.875E-05, 1.744E+01, 6.057E-03, 4.536E-01
07/11/2019,15:00,9,2.605,3.105,.098,.945,.034, 1.005E+03, 9.331E+01, 2.472E-02, 2.289E-03, 0.000E+00, 0.000E+00, 0.000E+00, 0.000E+00,-1.730E+01,-2.846E-01, 2.418E+00, 2.401E-01, 1.098E-01,-9.990E+02, 1.000E+00,-9.990E+02, 0.000E+00, 0.000E+00, 0.000E+00, 1.000E+00, 0.000E+00, 0.000E+00, 0.000E+00, 0.000E+00, 2.006E+02, 6.226E+01, 7.703E-02, 0.000E+00, 1.298E+01, 5.544E-03, 4.890E-01
07/11/2019,16:00,9,2.605,3.105,-.031,.950,.031, 1.005E+03, 1.003E+02, 2.472E-02, 2.289E-03, 0.000E+00, 0.000E+00, 0.000E+00, 0.000E+00,-1.730E+01,-2.846E-01, 2.353E+00, 2.400E-01, 1.068E-01,-9.990E+02, 1.000E+00,-9.990E+02, 0.000E+00, 0.000E+00, 0.000E+00, 1.000E+00, 0.000E+00, 0.000E+00, 0.000E+00, 0.000E+00, 2.062E+02, 6.399E+01, 9.546E-03, 0.000E+00, 1.048E+02, 3.613E-03, 5.119E-01
07/11/2019,17:00,9,2.605,3.105,-.159,.955,.027, 1.006E+03, 1.076E+02, 2.472E-02, 2.289E-03, 0.000E+00, 0.000E+00, 0.000E+00, 0.000E+00,-1.730E+01,-2.846E-01, 2.291E+00, 2.399E-01, 1.040E-01,-9.990E+02, 1.000E+00,-9.990E+02, 0.000E+00, 0.000E+00, 0.000E+00, 1.000E+00, 0.000E+00, 0.000E+00, 0.000E+00, 0.000E+00, 2.119E+02, 6.575E+01, 9.482E-03, 0.000E+00, 1.055E+02, 3.543E-03, 5.041E-01
07/11/2019,18:00,9,2.605,3.105,-.288,.960,.024, 1.006E+03, 1.151E+02, 2.714E-02, 2.289E-03, 0.000E+00, 0.000E+00, 0.000E+00, 0.000E+00,-1.470E+01,-7.139E-01, 2.231E+00, 2.247E-01, 1.004E-01,-9.990E+02, 1.000E+00,-9.990E+02, 0.000E+00, 0.000E+00, 0.000E+00, 1.000E+00, 0.000E+00, 0.000E+00, 0.000E+00, 0.000E+00, 2.211E+02, 6.805E+01, 9.425E-03, 0.000E+00, 1.061E+02, 3.457E-03, 4.728E-01
07/11/2019,19:00,9,2.605,3.105,-.292,.959,.024, 1.006E+03, 1.222E+02, 2.714E-02, 2.289E-03, 0.000E+00, 0.000E+00, 0.000E+00, 0.000E+00,-1.470E+01,-7.139E-01, 2.182E+00, 2.247E-01, 1.000E-01,-9.990E+02, 1.000E+00,-9.990E+02, 0.000E+00, 0.000E+00, 0.000E+00, 1.000E+00, 0.000E+00, 0.000E+00, 0.000E+00, 0.000E+00, 2.221E+02, 6.835E+01, 9.424E-03, 0.000E+00, 1.061E+02, 3.447E-03, 4.270E-01
07/11/2019,20:00,9,2.605,3.105,-.297,.959,.025, 1.006E+03, 1.286E+02, 2.714E-02, 2.289E-03, 0.000E+00, 0.000E+00, 0.000E+00, 0.000E+00,-1.470E+01,-7.139E-01, 2.134E+00, 2.246E-01, 1.000E-01,-9.990E+02, 1.000E+00,-9.990E+02, 0.000E+00, 0.000E+00, 0.000E+00, 1.000E+00, 0.000E+00, 0.000E+00, 0.000E+00, 0.000E+00, 2.221E+02, 6.835E+01, 9.422E-03, 0.000E+00, 1.061E+02, 3.447E-03, 3.985E-01
07/11/2019,21:00,9,2.605,3.105,-.301,.958,.025, 1.007E+03, 1.334E+02, 6.087E-03, 2.289E-03, 0.000E+00, 0.000E+00, 0.000E+00, 0.000E+00,-1.264E+01,-3.345E+00, 2.087E+00, 1.719E-01, 1.000E-01,-9.990E+02, 1.000E+00,-9.990E+02, 0.000E+00, 0.000E+00, 0.000E+00, 1.000E+00, 0.000E+00, 0.000E+00, 0.000E+00, 0.000E+00, 2.715E+02, 6.835E+01, 9.420E-03, 0.000E+00, 1.062E+02, 3.393E-03, 4.004E-01
07/11/2019,22:00,9,2.605,3.105,-.415,.960,.024, 1.007E+03, 1.362E+02, 6.087E-03, 2.289E-03, 0.000E+00, 0.000E+00, 0.000E+00, 0.000E+00,-1.264E+01,-3.345E+00, 2.023E+00, 1.718E-01, 1.000E-01,-9.990E+02, 1.000E+00,-9.990E+02, 0.000E+00, 0.000E+00, 0.000E+00, 1.000E+00, 0.000E+00, 0.000E+00, 0.000E+00, 0.000E+00, 2.716E+02, 6.835E+01, 9.375E-03, 0.000E+00, 1.067E+02, 3.387E-03, 4.423E-01
07/11/2019,23:00,9,2.605,3.105,-.529,.962,.022, 1.007E+03, 1.364E+02, 6.087E-03, 2.289E-03, 0.000E+00, 0.000E+00, 0.000E+00, 0.000E+00,-1.264E+01,-3.345E+00, 1.977E+00, 1.718E-01, 1.000E-01,-9.990E+02, 1.000E+00,-9.990E+02, 0.000E+00, 0.000E+00, 0.000E+00, 1.000E+00, 0.000E+00, 0.000E+00, 0.000E+00, 0.000E+00, 2.716E+02, 6.835E+01, 9.334E-03, 0.000E+00, 1.071E+02, 3.382E-03, 4.964E-01
08/11/2019,00:00,9,2.594,3.094,-.643,.964,.021, 1.007E+03, 1.339E+02, 4.067E-03, 2.289E-03, 0.000E+00, 0.000E+00, 0.000E+00, 0.000E+00,-1.373E+01,-3.020E+00, 1.951E+00, 1.663E-01, 1.000E-01,-9.990E+02, 1.000E+00,-9.990E+02, 0.000E+00, 0.000E+00, 0.000E+00, 1.000E+00, 0.000E+00, 0.000E+00, 0.000E+00, 0.000E+00, 2.920E+02, 6.835E+01, 9.297E-03, 0.000E+00, 1.076E+02, 3.356E-03, 5.741E-01
08/11/2019,01:00,9,2.594,3.094,-.643,.961,.023, 1.007E+03, 1.293E+02, 4.067E-03, 2.035E-03, 0.000E+00, 0.000E+00, 0.000E+00, 0.000E+00,-1.373E+01,-3.020E+00, 2.096E+00, 1.663E-01, 1.000E-01,-9.990E+02, 1.000E+00,-9.990E+02, 0.000E+00, 0.000E+00, 0.000E+00, 1.000E+00, 0.000E+00, 0.000E+00, 0.000E+00, 0.000E+00, 2.920E+02, 6.835E+01, 9.375E-03, 0.000E+00, 1.067E+02, 3.366E-03, 6.319E-01
08/11/2019,02:00,9,2.594,3.094,-.644,.957,.025, 1.008E+03, 1.231E+02, 4.067E-03, 1.780E-03, 0.000E+00, 0.000E+00, 0.000E+00, 0.000E+00,-1.373E+01,-3.020E+00, 2.242E+00, 1.663E-01, 1.000E-01,-9.990E+02, 1.000E+00,-9.990E+02, 0.000E+00, 0.000E+00, 0.000E+00, 1.000E+00, 0.000E+00, 0.000E+00, 0.000E+00, 0.000E+00, 2.920E+02, 6.835E+01, 9.453E-03, 0.000E+00, 1.058E+02, 3.376E-03, 6.164E-01
08/11/2019,03:00,9,2.594,3.094,-.645,.954,.027, 1.008E+03, 1.161E+02, 0.000E+00, 1.526E-03, 0.000E+00, 0.000E+00, 0.000E+00, 0.000E+00,-2.038E+01,-2.371E+00, 2.387E+00, 2.161E-01, 1.000E-01,-9.990E+02, 1.000E+00,-9.990E+02, 0.000E+00, 0.000E+00, 0.000E+00, 1.000E+00, 0.000E+00, 0.000E+00, 0.000E+00, 0.000E+00, 2.520E+02, 6.835E+01, 9.531E-03, 0.000E+00, 1.049E+02, 3.429E-03, 5.511E-01
08/11/2019,04:00,9,2.594,3.094,-.455,.952,.028, 1.008E+03, 1.086E+02, 0.000E+00, 1.526E-03, 0.000E+00, 0.000E+00, 0.000E+00, 0.000E+00,-2.038E+01,-2.371E+00, 2.462E+00, 2.161E-01, 1.000E-01,-9.990E+02, 1.000E+00,-9.990E+02, 0.000E+00, 0.000E+00, 0.000E+00, 1.000E+00, 0.000E+00, 0.000E+00, 0.000E+00, 0.000E+00, 2.519E+02, 6.835E+01, 9.574E-03, 0.000E+00, 1.045E+02, 3.434E-03, 4.559E-01
08/11/2019,05:00,9,2.594,3.094,-.266,.950,.030, 1.008E+03, 1.012E+02, 0.000E+00, 1.526E-03, 0.000E+00, 0.000E+00, 0.000E+00, 0.000E+00,-2.038E+01,-2.371E+00, 2.553E+00, 2.162E-01, 1.014E-01,-9.990E+02, 1.000E+00,-9.990E+02, 0.000E+00, 0.000E+00, 0.000E+00, 1.000E+00, 0.000E+00, 0.000E+00, 0.000E+00, 0.000E+00, 2.484E+02, 6.743E+01, 9.623E-03, 0.000E+00, 1.039E+02, 3.471E-03, 3.911E-01
08/11/2019,06:00,9,2.594,3.094,-.076,.948,.031, 1.008E+03, 9.425E+01, 7.128E-05, 1.526E-03, 0.000E+00, 0.000E+00, 0.000E+00, 0.000E+00,-2.196E+01, 2.262E+00, 2.658E+00, 2.710E-01, 1.242E-01,-9.990E+02, 1.000E+00,-9.990E+02, 0.000E+00, 0.000E+00, 0.000E+00, 1.000E+00, 0.000E+00, 0.000E+00, 0.000E+00, 0.000E+00, 1.723E+02, 5.504E+01, 9.682E-03, 0.000E+00, 1.033E+02, 3.987E-03, 3.891E-01
08/11/2019,07:00,9,2.594,3.094,.412,.922,.049, 1.009E+03, 8.801E+01, 7.128E-05, 1.526E-03, 2.503E-02, 4.913E+00, 2.216E+00, 1.856E+00,-2.196E+01, 2.262E+00, 2.594E+00, 2.712E-01, 1.213E-01, 2.678E-02, 1.000E+00, 7.386E-02, 8.713E-02, 1.000E-02, 1.000E+00, 1.000E+00, 7.386E-04, 4.536E-06, 5.351E-06, 0.000E+00, 1.764E+02, 5.636E+01, 5.180E-02, 1.613E-05, 1.930E+01, 5.870E-03, 4.112E-01
08/11/2019,08:00,9,2.594,3.094,.899,.897,.067, 1.009E+03, 8.287E+01, 7.128E-05, 1.526E-03, 4.081E+00, 2.274E+01, 2.524E+01, 8.795E+00,-2.196E+01, 2.262E+00, 2.532E+00, 2.714E-01, 1.185E-01, 9.570E-02, 1.000E+00, 3.363E-01, 6.459E-01, 1.000E-02, 1.000E+00, 1.000E+00, 3.363E-03, 2.069E-05, 3.973E-05, 0.000E+00, 1.805E+02, 5.771E+01, 2.671E-02, 7.358E-05, 3.734E+01, 5.209E-03, 4.715E-01
08/11/2019,09:00,9,2.594,3.094,1.387,.871,.087, 1.009E+03, 7.917E+01, 4.246E-02, 1.526E-03, 7.880E+00, 3.700E+01, 3.531E+01, 1.435E+01,-1.653E+01, 9.367E+00, 2.473E+00, 3.277E-01, 1.317E-01, 1.448E-01, 1.000E+00, 4.921E-01, 7.660E-01, 1.000E-02, 1.000E+00, 1.000E+00, 4.921E-03, 3.033E-05, 4.721E-05, 0.000E+00, 1.426E+02, 5.190E+01, 1.687E-02, 1.079E-04, 5.889E+01, 5.098E-03, 5.555E-01
08/11/2019,10:00,9,2.594,3.094,1.608,.872,.088, 1.009E+03, 7.718E+01, 4.246E-02, 1.526E-03, 1.081E+01, 4.574E+01, 4.213E+01, 1.777E+01,-1.653E+01, 9.367E+00, 2.709E+00, 3.279E-01, 1.443E-01, 1.706E-01, 1.000E+00, 5.706E-01, 8.232E-01, 1.000E-02, 1.000E+00, 1.000E+00, 5.706E-03, 3.519E-05, 5.078E-05, 0.000E+00, 1.302E+02, 4.738E+01, 1.503E-02, 1.252E-04, 6.597E+01, 5.228E-03, 5.389E-01
08/11/2019,11:00,9,2.594,3.094,1.829,.873,.088, 1.009E+03, 7.708E+01, 4.246E-02, 1.526E-03, 1.096E+01, 4.619E+01, 4.247E+01, 1.795E+01,-1.653E+01, 9.367E+00, 2.949E+00, 3.280E-01, 1.571E-01, 1.719E-01, 1.000E+00, 5.742E-01, 8.256E-01, 1.000E-02, 1.000E+00, 1.000E+00, 5.742E-03, 3.545E-05, 5.097E-05, 0.000E+00, 1.195E+02, 4.352E+01, 1.443E-02, 1.261E-04, 6.869E+01, 5.441E-03, 4.917E-01
08/11/2019,12:00,9,2.594,3.094,2.049,.875,.089, 1.009E+03, 7.887E+01, 1.205E+00, 1.526E-03, 2.376E+01, 4.418E+01, 7.939E+01, 1.783E+01,-4.624E+01, 1.432E+01, 3.192E+00, 4.646E-01, 1.703E-01, 1.487E-01, 1.000E+00, 5.854E-01, 9.618E-01, 1.000E-02, 1.000E+00, 1.000E+00, 5.854E-03, 3.617E-05, 5.942E-05, 0.000E+00, 1.101E+02, 4.014E+01, 1.391E-02, 1.286E-04, 7.122E+01, 5.639E-03, 4.825E-01
08/11/2019,13:00,9,2.594,3.094,1.739,.916,.058, 1.009E+03, 8.241E+01, 1.205E+00, 3.815E-03, 1.048E+01, 2.862E+01, 5.102E+01, 1.135E+01,-4.624E+01, 1.432E+01, 3.459E+00, 4.644E-01, 1.845E-01, 1.019E-01, 1.000E+00, 4.243E-01, 8.774E-01, 1.000E-02, 1.000E+00, 1.000E+00, 4.243E-03, 2.618E-05, 5.414E-05, 0.000E+00, 1.016E+02, 3.704E+01, 2.460E-02, 9.312E-05, 4.050E+01, 7.222E-03, 3.705E-01
08/11/2019,14:00,9,2.594,3.094,1.428,.957,.029, 1.008E+03, 8.741E+01, 1.205E+00, 6.104E-03, 2.442E-01, 8.521E+00, 5.936E+00, 3.230E+00,-4.624E+01, 1.432E+01, 3.757E+00, 4.643E-01, 2.004E-01, 3.480E-02, 1.000E+00, 1.276E-01, 2.166E-01, 1.000E-02, 1.000E+00, 1.000E+00, 1.276E-03, 7.866E-06, 1.335E-05, 0.000E+00, 9.355E+01, 3.411E+01, 4.262E-02, 2.798E-05, 2.345E+01, 8.800E-03, 3.797E-01
08/11/2019,15:00,9,2.594,3.094,1.117,.998,.002, 1.008E+03, 9.356E+01, 1.928E+00, 8.393E-03, 0.000E+00, 0.000E+00, 0.000E+00, 0.000E+00,-2.887E+01,-5.028E+00, 4.081E+00, 5.765E-01, 2.337E-01,-9.990E+02, 1.000E+00,-9.990E+02, 0.000E+00, 0.000E+00, 0.000E+00, 1.000E+00, 0.000E+00, 0.000E+00, 0.000E+00, 0.000E+00, 7.472E+01, 2.925E+01, 5.192E-02, 0.000E+00, 1.926E+01, 1.041E-02, 3.113E-01
08/11/2019,16:00,9,2.594,3.094,1.045,.998,.001, 1.007E+03, 1.005E+02, 1.928E+00, 1.170E-02, 0.000E+00, 0.000E+00, 0.000E+00, 0.000E+00,-2.887E+01,-5.028E+00, 4.007E+00, 5.765E-01, 2.295E-01,-9.990E+02, 1.000E+00,-9.990E+02, 0.000E+00, 0.000E+00, 0.000E+00, 1.000E+00, 0.000E+00, 0.000E+00, 0.000E+00, 0.000E+00, 7.609E+01, 2.979E+01, 3.298E-02, 0.000E+00, 3.032E+01, 9.211E-03, 2.267E-01
08/11/2019,17:00,9,2.594,3.094,.974,.999,.001, 1.007E+03, 1.079E+02, 1.928E+00, 1.501E-02, 0.000E+00, 0.000E+00, 0.000E+00, 0.000E+00,-2.887E+01,-5.028E+00, 4.109E+00, 5.766E-01, 2.353E-01,-9.990E+02, 1.000E+00,-9.990E+02, 0.000E+00, 0.000E+00, 0.000E+00, 1.000E+00, 0.000E+00, 0.000E+00, 0.000E+00, 0.000E+00, 7.421E+01, 2.905E+01, 1.392E-02, 0.000E+00, 7.185E+01, 6.750E-03, 1.790E-01
08/11/2019,18:00,9,2.594,3.094,.902,1.000,.000, 1.007E+03, 1.153E+02, 1.600E-01, 1.831E-02, 0.000E+00, 0.000E+00, 0.000E+00, 0.000E+00,-2.394E+01,-1.074E+00, 4.374E+00, 5.277E-01, 2.498E-01,-9.990E+02, 1.000E+00,-9.990E+02, 0.000E+00, 0.000E+00, 0.000E+00, 1.000E+00, 0.000E+00, 0.000E+00, 0.000E+00, 0.000E+00, 7.012E+01, 2.737E+01, 1.301E-02, 0.000E+00, 7.687E+01, 6.722E-03, 1.312E-01
08/11/2019,19:00,9,2.594,3.094,.894,.999,.000, 1.007E+03, 1.225E+02, 1.600E-01, 1.806E-02, 0.000E+00, 0.000E+00, 0.000E+00, 0.000E+00,-2.394E+01,-1.074E+00, 3.984E+00, 5.276E-01, 2.275E-01,-9.990E+02, 1.000E+00,-9.990E+02, 0.000E+00, 0.000E+00, 0.000E+00, 1.000E+00, 0.000E+00, 0.000E+00, 0.000E+00, 0.000E+00, 7.697E+01, 3.004E+01, 1.291E-02, 0.000E+00, 7.744E+01, 6.395E-03, 1.264E-01
08/11/2019,20:00,9,2.594,3.094,.886,.999,.001, 1.007E+03, 1.288E+02, 1.600E-01, 1.780E-02, 0.000E+00, 0.000E+00, 0.000E+00, 0.000E+00,-2.394E+01,-1.074E+00, 3.596E+00, 5.276E-01, 2.054E-01,-9.990E+02, 1.000E+00,-9.990E+02, 0.000E+00, 0.000E+00, 0.000E+00, 1.000E+00, 0.000E+00, 0.000E+00, 0.000E+00, 0.000E+00, 8.528E+01, 3.328E+01, 1.282E-02, 0.000E+00, 7.801E+01, 6.044E-03, 1.102E-01
08/11/2019,21:00,9,2.594,3.094,.877,.999,.001, 1.008E+03, 1.337E+02, 2.630E-03, 1.755E-02, 0.000E+00, 0.000E+00, 0.000E+00, 0.000E+00,-1.891E+01,-5.584E+00, 3.210E+00, 3.292E-01, 1.687E-01,-9.990E+02, 1.000E+00,-9.990E+02, 0.000E+00, 0.000E+00, 0.000E+00, 1.000E+00, 0.000E+00, 0.000E+00, 0.000E+00, 0.000E+00, 1.128E+02, 4.052E+01, 1.273E-02, 0.000E+00, 7.858E+01, 5.380E-03, 1.057E-01
08/11/2019,22:00,9,2.594,3.094,.952,.999,.001, 1.008E+03, 1.365E+02, 2.630E-03, 1.729E-02, 0.000E+00, 0.000E+00, 0.000E+00, 0.000E+00,-1.891E+01,-5.584E+00, 3.021E+00, 3.293E-01, 1.587E-01,-9.990E+02, 1.000E+00,-9.990E+02, 0.000E+00, 0.000E+00, 0.000E+00, 1.000E+00, 0.000E+00, 0.000E+00, 0.000E+00, 0.000E+00, 1.199E+02, 4.306E+01, 1.364E-02, 0.000E+00, 7.334E+01, 5.337E-03, 1.097E-01
08/11/2019,23:00,9,2.594,3.094,1.027,.999,.001, 1.008E+03, 1.367E+02, 2.630E-03, 1.704E-02, 0.000E+00, 0.000E+00, 0.000E+00, 0.000E+00,-1.891E+01,-5.584E+00, 2.858E+00, 3.293E-01, 1.502E-01,-9.990E+02, 1.000E+00,-9.990E+02, 0.000E+00, 0.000E+00, 0.000E+00, 1.000E+00, 0.000E+00, 0.000E+00, 0.000E+00, 0.000E+00, 1.267E+02, 4.551E+01, 1.429E-02, 0.000E+00, 7.000E+01, 5.249E-03, 1.130E-01
09/11/2019,00:00,9,2.582,3.082,1.102,.999,.001, 1.008E+03, 1.342E+02, 4.169E-03, 1.679E-02, 0.000E+00, 0.000E+00, 0.000E+00, 0.000E+00,-2.314E+01,-3.960E+00, 2.726E+00, 3.685E-01, 1.454E-01,-9.990E+02, 1.000E+00,-9.990E+02, 0.000E+00, 0.000E+00, 0.000E+00, 1.000E+00, 0.000E+00, 0.000E+00, 0.000E+00, 0.000E+00, 1.290E+02, 4.703E+01, 1.429E-02, 0.000E+00, 7.000E+01, 5.145E-03, 1.109E-01
09/11/2019,01:00,9,2.582,3.082,1.181,.997,.002, 1.008E+03, 1.295E+02, 4.169E-03, 1.577E-02, 0.000E+00, 0.000E+00, 0.000E+00, 0.000E+00,-2.314E+01,-3.960E+00, 2.815E+00, 3.685E-01, 1.501E-01,-9.990E+02, 1.000E+00,-9.990E+02, 0.000E+00, 0.000E+00, 0.000E+00, 1.000E+00, 0.000E+00, 0.000E+00, 0.000E+00, 0.000E+00, 1.249E+02, 4.552E+01, 1.429E-02, 0.000E+00, 7.000E+01, 5.253E-03, 1.185E-01
09/11/2019,02:00,9,2.582,3.082,1.261,.995,.003, 1.008E+03, 1.234E+02, 4.169E-03, 1.475E-02, 0.000E+00, 0.000E+00, 0.000E+00, 0.000E+00,-2.314E+01,-3.960E+00, 2.931E+00, 3.686E-01, 1.563E-01,-9.990E+02, 1.000E+00,-9.990E+02, 0.000E+00, 0.000E+00, 0.000E+00, 1.000E+00, 0.000E+00, 0.000E+00, 0.000E+00, 0.000E+00, 1.200E+02, 4.373E+01, 1.550E-02, 0.000E+00, 6.453E+01, 5.550E-03, 9.712E-02
09/11/2019,03:00,9,2.582,3.082,1.340,.993,.005, 1.008E+03, 1.163E+02, 1.377E-03, 1.373E-02, 0.000E+00, 0.000E+00, 0.000E+00, 0.000E+00,-2.680E+01,-3.991E+00, 3.068E+00, 3.544E-01, 1.587E-01,-9.990E+02, 1.000E+00,-9.990E+02, 0.000E+00, 0.000E+00, 0.000E+00, 1.000E+00, 0.000E+00, 0.000E+00, 0.000E+00, 0.000E+00, 1.218E+02, 4.306E+01, 2.132E-02, 0.000E+00, 4.689E+01, 6.207E-03, 8.079E-02
09/11/2019,04:00,9,2.582,3.082,1.312,.992,.005, 1.008E+03, 1.089E+02, 1.377E-03, 1.348E-02, 0.000E+00, 0.000E+00, 0.000E+00, 0.000E+00,-2.680E+01,-3.991E+00, 3.080E+00, 3.544E-01, 1.594E-01,-9.990E+02, 1.000E+00,-9.990E+02, 0.000E+00, 0.000E+00, 0.000E+00, 1.000E+00, 0.000E+00, 0.000E+00, 0.000E+00, 0.000E+00, 1.213E+02, 4.289E+01, 2.278E-02, 0.000E+00, 4.389E+01, 6.343E-03, 6.932E-02
09/11/2019,05:00,9,2.582,3.082,1.284,.992,.006, 1.007E+03, 1.015E+02, 1.377E-03, 1.323E-02, 0.000E+00, 0.000E+00, 0.000E+00, 0.000E+00,-2.680E+01,-3.991E+00, 3.093E+00, 3.544E-01, 1.600E-01,-9.990E+02, 1.000E+00,-9.990E+02, 0.000E+00, 0.000E+00, 0.000E+00, 1.000E+00, 0.000E+00, 0.000E+00, 0.000E+00, 0.000E+00, 1.208E+02, 4.272E+01, 2.424E-02, 0.000E+00, 4.126E+01, 6.470E-03, 7.593E-02
09/11/2019,06:00,9,2.582,3.082,1.256,.991,.006, 1.007E+03, 9.451E+01, 2.770E-03, 1.297E-02, 0.000E+00, 0.000E+00, 0.000E+00, 0.000E+00,-2.652E+01, 8.238E+00, 3.106E+00, 4.474E-01, 1.719E-01,-9.990E+02, 1.000E+00,-9.990E+02, 0.000E+00, 0.000E+00, 0.000E+00, 1.000E+00, 0.000E+00, 0.000E+00, 0.000E+00, 0.000E+00, 1.051E+02, 3.976E+01, 2.570E-02, 0.000E+00, 3.892E+01, 6.960E-03, 1.164E-01
09/11/2019,07:00,9,2.582,3.082,1.522,.981,.013, 1.007E+03, 8.828E+01, 2.770E-03, 1.297E-02, 4.690E-03, 3.297E+00, 1.327E+00, 1.249E+00,-2.652E+01, 8.238E+00, 3.295E+00, 4.476E-01, 1.824E-01, 2.326E-02, 1.000E+00, 5.013E-02, 5.310E-02, 1.000E-02, 1.000E+00, 1.000E+00, 5.013E-04, 3.091E-06, 3.274E-06, 0.000E+00, 9.902E+01, 3.747E+01, 2.389E-02, 1.095E-05, 4.184E+01, 7.114E-03, 1.478E-01
09/11/2019,08:00,9,2.582,3.082,1.789,.972,.020, 1.007E+03, 8.315E+01, 2.770E-03, 1.297E-02, 1.825E+00, 1.787E+01, 1.451E+01, 6.861E+00,-2.652E+01, 8.238E+00, 3.484E+00, 4.478E-01, 1.929E-01, 9.240E-02, 1.000E+00, 2.647E-01, 4.495E-01, 1.000E-02, 1.000E+00, 1.000E+00, 2.647E-03, 1.634E-05, 2.774E-05, 0.000E+00, 9.361E+01, 3.543E+01, 2.112E-02, 5.785E-05, 4.722E+01, 7.114E-03, 1.759E-01
09/11/2019,09:00,9,2.582,3.082,2.055,.962,.027, 1.007E+03, 7.945E+01, 2.193E-01, 1.297E-02, 1.175E+00, 2.317E+01, 1.204E+01, 8.830E+00,-2.435E+01, 2.298E+01, 3.674E+00, 5.564E-01, 2.109E-01, 1.417E-01, 1.000E+00, 3.167E-01, 3.906E-01, 1.000E-02, 1.000E+00, 1.000E+00, 3.167E-03, 1.957E-05, 2.413E-05, 0.000E+00, 8.261E+01, 3.241E+01, 1.959E-02, 6.930E-05, 5.087E+01, 7.354E-03, 1.908E-01
09/11/2019,10:00,9,2.582,3.082,1.827,.972,.020, 1.007E+03, 7.746E+01, 2.193E-01, 1.272E-02, 1.631E+00, 2.926E+01, 1.491E+01, 1.116E+01,-2.435E+01, 2.298E+01, 3.825E+00, 5.562E-01, 2.195E-01, 1.676E-01, 1.000E+00, 3.831E-01, 4.585E-01, 1.000E-02, 1.000E+00, 1.000E+00, 3.831E-03, 2.365E-05, 2.830E-05, 0.000E+00, 7.937E+01, 3.114E+01, 2.192E-02, 8.376E-05, 4.545E+01, 7.860E-03, 2.250E-01
09/11/2019,11:00,9,2.582,3.082,1.599,.982,.013, 1.007E+03, 7.736E+01, 2.193E-01, 1.246E-02, 1.656E+00, 2.959E+01, 1.506E+01, 1.128E+01,-2.435E+01, 2.298E+01, 3.975E+00, 5.561E-01, 2.282E-01, 1.690E-01, 1.000E+00, 3.865E-01, 4.618E-01, 1.000E-02, 1.000E+00, 1.000E+00, 3.865E-03, 2.384E-05, 2.848E-05, 0.000E+00, 7.637E+01, 2.996E+01, 2.408E-02, 8.442E-05, 4.138E+01, 8.329E-03, 2.707E-01
09/11/2019,12:00,9,2.582,3.082,1.371,.991,.006, 1.006E+03, 7.915E+01, 1.274E-01, 1.221E-02, 8.548E-01, 2.242E+01, 1.080E+01, 8.527E+00,-3.276E+01, 3.203E+01, 4.126E+00, 6.332E-01, 2.375E-01, 1.457E-01, 1.000E+00, 3.050E-01, 3.586E-01, 1.000E-02, 1.000E+00, 1.000E+00, 3.050E-03, 1.879E-05, 2.210E-05, 0.000E+00, 7.315E+01, 2.878E+01, 2.798E-02, 6.656E-05, 3.566E+01, 8.991E-03, 2.547E-01
09/11/2019,13:00,9,2.582,3.082,1.538,.979,.014, 1.006E+03, 8.267E+01, 1.274E-01, 8.647E-03, 3.640E-01, 1.280E+01, 6.289E+00, 4.863E+00,-3.276E+01, 3.203E+01, 4.274E+00, 6.334E-01, 2.460E-01, 9.879E-02, 1.000E+00, 1.859E-01, 2.279E-01, 1.000E-02, 1.000E+00, 1.000E+00, 1.859E-03, 1.146E-05, 1.405E-05, 0.000E+00, 7.061E+01, 2.778E+01, 3.530E-02, 4.059E-05, 2.830E+01, 9.877E-03, 2.825E-01
09/11/2019,14:00,9,2.582,3.082,1.705,.967,.023, 1.006E+03, 8.767E+01, 1.274E-01, 5.087E-03, 5.400E-03, 2.758E+00, 1.111E+00, 1.044E+00,-3.276E+01, 3.203E+01, 4.429E+00, 6.337E-01, 2.549E-01, 3.155E-02, 1.000E+00, 4.213E-02, 4.465E-02, 1.000E-02, 1.000E+00, 1.000E+00, 4.213E-04, 2.599E-06, 2.755E-06, 0.000E+00, 6.814E+01, 2.681E+01, 4.022E-02, 9.206E-06, 2.485E+01, 1.050E-02, 2.714E-01
09/11/2019,15:00,9,2.582,3.082,1.871,.955,.032, 1.006E+03, 9.380E+01, 3.641E-01, 1.526E-03, 0.000E+00, 0.000E+00, 0.000E+00, 0.000E+00,-3.543E+01, 2.613E+01, 4.589E+00, 6.357E-01, 2.636E-01,-9.990E+02, 1.000E+00,-9.990E+02, 0.000E+00, 0.000E+00, 0.000E+00, 1.000E+00, 0.000E+00, 0.000E+00, 0.000E+00, 0.000E+00, 6.604E+01, 2.593E+01, 4.181E-02, 0.000E+00, 2.392E+01, 1.087E-02, 2.322E-01
09/11/2019,16:00,9,2.582,3.082,1.763,.969,.021, 1.006E+03, 1.007E+02, 3.641E-01, 1.526E-03, 0.000E+00, 0.000E+00, 0.000E+00, 0.000E+00,-3.543E+01, 2.613E+01, 4.537E+00, 6.356E-01, 2.606E-01,-9.990E+02, 1.000E+00,-9.990E+02, 0.000E+00, 0.000E+00, 0.000E+00, 1.000E+00, 0.000E+00, 0.000E+00, 0.000E+00, 0.000E+00, 6.680E+01, 2.623E+01, 4.901E-02, 0.000E+00, 2.041E+01, 1.120E-02, 1.947E-01
09/11/2019,17:00,9,2.582,3.082,1.655,.984,.011, 1.006E+03, 1.081E+02, 3.641E-01, 1.526E-03, 0.000E+00, 0.000E+00, 0.000E+00, 0.000E+00,-3.543E+01, 2.613E+01, 4.488E+00, 6.355E-01, 2.578E-01,-9.990E+02, 1.000E+00,-9.990E+02, 0.000E+00, 0.000E+00, 0.000E+00, 1.000E+00, 0.000E+00, 0.000E+00, 0.000E+00, 0.000E+00, 6.754E+01, 2.652E+01, 7.131E-02, 0.000E+00, 1.402E+01, 1.195E-02, 1.476E-01
09/11/2019,18:00,9,2.582,3.082,1.546,.998,.001, 1.006E+03, 1.156E+02, 4.348E-01, 1.526E-03, 0.000E+00, 0.000E+00, 0.000E+00, 0.000E+00,-2.774E+01, 2.166E+01, 4.441E+00, 7.020E-01, 2.587E-01,-9.990E+02, 1.000E+00,-9.990E+02, 0.000E+00, 0.000E+00, 0.000E+00, 1.000E+00, 0.000E+00, 0.000E+00, 0.000E+00, 0.000E+00, 6.638E+01, 2.643E+01, 9.126E-02, 0.000E+00, 1.096E+01, 1.246E-02, 1.074E-01
09/11/2019,19:00,9,2.582,3.082,1.443,.998,.002, 1.006E+03, 1.227E+02, 4.348E-01, 1.526E-03, 0.000E+00, 0.000E+00, 0.000E+00, 0.000E+00,-2.774E+01, 2.166E+01, 4.780E+00, 7.019E-01, 2.784E-01,-9.990E+02, 1.000E+00,-9.990E+02, 0.000E+00, 0.000E+00, 0.000E+00, 1.000E+00, 0.000E+00, 0.000E+00, 0.000E+00, 0.000E+00, 6.168E+01, 2.455E+01, 9.126E-02, 0.000E+00, 1.096E+01, 1.327E-02, 9.040E-02
09/11/2019,20:00,9,2.582,3.082,1.339,.997,.002, 1.006E+03, 1.291E+02, 4.348E-01, 1.526E-03, 0.000E+00, 0.000E+00, 0.000E+00, 0.000E+00,-2.774E+01, 2.166E+01, 5.125E+00, 7.017E-01, 2.985E-01,-9.990E+02, 1.000E+00,-9.990E+02, 0.000E+00, 0.000E+00, 0.000E+00, 1.000E+00, 0.000E+00, 0.000E+00, 0.000E+00, 0.000E+00, 5.752E+01, 2.290E+01, 9.126E-02, 0.000E+00, 1.096E+01, 1.408E-02, 5.348E-02
09/11/2019,21:00,9,2.582,3.082,1.236,.997,.002, 1.006E+03, 1.340E+02, 2.640E-01, 1.526E-03, 0.000E+00, 0.000E+00, 0.000E+00, 0.000E+00,-3.483E+01, 3.761E+01, 5.476E+00, 8.356E-01, 3.205E-01,-9.990E+02, 1.000E+00,-9.990E+02, 0.000E+00, 0.000E+00, 0.000E+00, 1.000E+00, 0.000E+00, 0.000E+00, 0.000E+00, 0.000E+00, 5.330E+01, 2.133E+01, 9.126E-02, 0.000E+00, 1.096E+01, 1.495E-02, 5.223E-02
09/11/2019,22:00,9,2.582,3.082,1.082,.988,.008, 1.006E+03, 1.368E+02, 2.640E-01, 2.035E-03, 0.000E+00, 0.000E+00, 0.000E+00, 0.000E+00,-3.483E+01, 3.761E+01, 5.642E+00, 8.354E-01, 3.303E-01,-9.990E+02, 1.000E+00,-9.990E+02, 0.000E+00, 0.000E+00, 0.000E+00, 1.000E+00, 0.000E+00, 0.000E+00, 0.000E+00, 0.000E+00, 5.173E+01, 2.070E+01, 8.834E-02, 0.000E+00, 1.132E+01, 1.525E-02, 4.766E-02
09/11/2019,23:00,9,2.582,3.082,.928,.979,.014, 1.006E+03, 1.370E+02, 2.640E-01, 2.543E-03, 0.000E+00, 0.000E+00, 0.000E+00, 0.000E+00,-3.483E+01, 3.761E+01, 5.810E+00, 8.351E-01, 3.400E-01,-9.990E+02, 1.000E+00,-9.990E+02, 0.000E+00, 0.000E+00, 0.000E+00, 1.000E+00, 0.000E+00, 0.000E+00, 0.000E+00, 0.000E+00, 5.024E+01, 2.010E+01, 8.527E-02, 0.000E+00, 1.173E+01, 1.552E-02, 5.214E-02
10/11/2019,00:00,9,2.571,3.071,.774,.970,.019, 1.006E+03, 1.345E+02, 6.676E-02, 3.052E-03, 0.000E+00, 0.000E+00, 0.000E+00, 0.000E+00,-3.633E+01, 3.351E+01, 5.978E+00, 8.266E-01, 3.495E-01,-9.990E+02, 1.000E+00,-9.990E+02, 0.000E+00, 0.000E+00, 0.000E+00, 1.000E+00, 0.000E+00, 0.000E+00, 0.000E+00, 0.000E+00, 4.894E+01, 1.956E+01, 7.677E-02, 0.000E+00, 1.303E+01, 1.555E-02, 5.828E-02
10/11/2019,01:00,9,2.571,3.071,.880,.968,.021, 1.006E+03, 1.298E+02, 6.676E-02, 3.561E-03, 0.000E+00, 0.000E+00, 0.000E+00, 0.000E+00,-3.633E+01, 3.351E+01, 6.067E+00, 8.269E-01, 3.547E-01,-9.990E+02, 1.000E+00,-9.990E+02, 0.000E+00, 0.000E+00, 0.000E+00, 1.000E+00, 0.000E+00, 0.000E+00, 0.000E+00, 0.000E+00, 4.822E+01, 1.927E+01, 7.721E-02, 0.000E+00, 1.295E+01, 1.575E-02, 4.897E-02
10/11/2019,02:00,9,2.571,3.071,.986,.967,.022, 1.005E+03, 1.236E+02, 6.676E-02, 4.069E-03, 0.000E+00, 0.000E+00, 0.000E+00, 0.000E+00,-3.633E+01, 3.351E+01, 6.157E+00, 8.271E-01, 3.600E-01,-9.990E+02, 1.000E+00,-9.990E+02, 0.000E+00, 0.000E+00, 0.000E+00, 1.000E+00, 0.000E+00, 0.000E+00, 0.000E+00, 0.000E+00, 4.751E+01, 1.899E+01, 7.235E-02, 0.000E+00, 1.382E+01, 1.572E-02, 4.121E-02
10/11/2019,03:00,9,2.571,3.071,1.092,.965,.023, 1.005E+03, 1.166E+02, 2.944E-02, 4.578E-03, 0.000E+00, 0.000E+00, 0.000E+00, 0.000E+00,-4.148E+01, 4.622E+01, 6.248E+00, 9.420E-01, 3.666E-01,-9.990E+02, 1.000E+00,-9.990E+02, 0.000E+00, 0.000E+00, 0.000E+00, 1.000E+00, 0.000E+00, 0.000E+00, 0.000E+00, 0.000E+00, 4.649E+01, 1.864E+01, 6.768E-02, 0.000E+00, 1.478E+01, 1.571E-02, 3.887E-02
10/11/2019,04:00,9,2.571,3.071,.927,.954,.030, 1.005E+03, 1.091E+02, 2.944E-02, 4.578E-03, 0.000E+00, 0.000E+00, 0.000E+00, 0.000E+00,-4.148E+01, 4.622E+01, 6.260E+00, 9.417E-01, 3.673E-01,-9.990E+02, 1.000E+00,-9.990E+02, 0.000E+00, 0.000E+00, 0.000E+00, 1.000E+00, 0.000E+00, 0.000E+00, 0.000E+00, 0.000E+00, 4.640E+01, 1.861E+01, 5.749E-02, 0.000E+00, 1.739E+01, 1.511E-02, 5.356E-02
10/11/2019,05:00,9,2.571,3.071,.763,.944,.036, 1.005E+03, 1.017E+02, 2.944E-02, 4.578E-03, 0.000E+00, 0.000E+00, 0.000E+00, 0.000E+00,-4.148E+01, 4.622E+01, 6.272E+00, 9.414E-01, 3.680E-01,-9.990E+02, 1.000E+00,-9.990E+02, 0.000E+00, 0.000E+00, 0.000E+00, 1.000E+00, 0.000E+00, 0.000E+00, 0.000E+00, 0.000E+00, 4.631E+01, 1.857E+01, 4.886E-02, 0.000E+00, 2.047E+01, 1.446E-02, 7.267E-02
10/11/2019,06:00,9,2.571,3.071,.598,.933,.043, 1.005E+03, 9.477E+01, 4.027E-02, 4.578E-03, 0.000E+00, 0.000E+00, 0.000E+00, 0.000E+00,-2.892E+01, 3.617E+01, 6.284E+00, 8.543E-01, 3.690E-01,-9.990E+02, 1.000E+00,-9.990E+02, 0.000E+00, 0.000E+00, 0.000E+00, 1.000E+00, 0.000E+00, 0.000E+00, 0.000E+00, 0.000E+00, 4.615E+01, 1.852E+01, 4.185E-02, 0.000E+00, 2.389E+01, 1.380E-02, 9.806E-02
10/11/2019,07:00,9,2.571,3.071,.595,.914,.055, 1.006E+03, 8.855E+01, 4.027E-02, 4.832E-03, 2.207E-04, 1.680E+00, 6.420E-01, 6.377E-01,-2.892E+01, 3.617E+01, 5.936E+00, 8.541E-01, 3.486E-01, 1.975E-02, 1.000E+00, 2.589E-02, 2.606E-02, 1.000E-02, 1.000E+00, 1.000E+00, 2.589E-04, 1.591E-06, 1.602E-06, 0.000E+00, 4.885E+01, 1.961E+01, 2.962E-02, 5.610E-06, 3.376E+01, 1.174E-02, 1.265E-01
10/11/2019,08:00,9,2.571,3.071,.591,.896,.067, 1.006E+03, 8.342E+01, 4.027E-02, 5.087E-03, 2.777E-01, 1.092E+01, 5.372E+00, 4.161E+00,-2.892E+01, 3.617E+01, 5.596E+00, 8.540E-01, 3.286E-01, 8.911E-02, 1.000E+00, 1.609E-01, 1.983E-01, 1.000E-02, 1.000E+00, 1.000E+00, 1.609E-03, 9.890E-06, 1.218E-05, 0.000E+00, 5.182E+01, 2.080E+01, 2.134E-02, 3.487E-05, 4.678E+01, 9.872E-03, 1.654E-01
10/11/2019,09:00,9,2.571,3.071,.588,.877,.079, 1.007E+03, 7.973E+01, 2.314E-02, 5.341E-03, 7.663E-01, 2.076E+01, 1.007E+01, 7.921E+00, 1.505E+01, 2.220E+01, 5.267E+00, 7.362E-01, 3.150E-01, 1.386E-01, 1.000E+00, 2.865E-01, 3.391E-01, 1.000E-02, 1.000E+00, 1.000E+00, 2.865E-03, 1.761E-05, 2.084E-05, 0.000E+00, 5.271E+01, 2.170E+01, 1.673E-02, 6.208E-05, 5.955E+01, 8.599E-03, 1.931E-01
10/11/2019,10:00,9,2.571,3.071,.218,.860,.087, 1.007E+03, 7.775E+01, 2.314E-02, 5.341E-03, 1.075E+00, 2.643E+01, 1.262E+01, 1.009E+01, 1.505E+01, 2.220E+01, 5.072E+00, 7.356E-01, 3.034E-01, 1.647E-01, 1.000E+00, 3.503E-01, 4.049E-01, 1.000E-02, 1.000E+00, 1.000E+00, 3.503E-03, 2.150E-05, 2.485E-05, 0.000E+00, 5.473E+01, 2.253E+01, 1.644E-02, 7.581E-05, 6.055E+01, 8.370E-03, 2.073E-01
10/11/2019,11:00,9,2.571,3.071,-.153,.843,.095, 1.007E+03, 7.764E+01, 2.314E-02, 5.341E-03, 1.092E+00, 2.674E+01, 1.275E+01, 1.020E+01, 1.505E+01, 2.220E+01, 4.959E+00, 7.350E-01, 2.966E-01, 1.661E-01, 1.000E+00, 3.536E-01, 4.082E-01, 1.000E-02, 1.000E+00, 1.000E+00, 3.536E-03, 2.167E-05, 2.502E-05, 0.000E+00, 5.597E+01, 2.304E+01, 8.799E-03, 7.641E-05, 1.127E+02, 5.783E-03, 2.246E-01
10/11/2019,12:00,9,2.571,3.071,-.523,.827,.102, 1.008E+03, 7.942E+01, 1.885E-01, 5.341E-03, 2.070E+01, 4.179E+01, 7.323E+01, 1.688E+01, 6.631E+00, 1.766E+01, 4.934E+00, 7.452E-01, 2.939E-01, 1.427E-01, 1.000E+00, 5.649E-01, 9.508E-01, 1.000E-02, 1.000E+00, 1.000E+00, 5.649E-03, 3.457E-05, 5.819E-05, 0.000E+00, 5.693E+01, 2.326E+01, 8.451E-03, 1.219E-04, 1.166E+02, 5.634E-03, 2.309E-01
10/11/2019,13:00,9,2.571,3.071,-1.109,.827,.098, 1.008E+03, 8.293E+01, 1.885E-01, 8.393E-03, 8.467E+00, 2.622E+01, 4.479E+01, 1.040E+01, 6.631E+00, 1.766E+01, 4.872E+00, 7.442E-01, 2.903E-01, 9.574E-02, 1.000E+00, 3.952E-01, 8.415E-01, 1.000E-02, 1.000E+00, 1.000E+00, 3.952E-03, 2.413E-05, 5.139E-05, 0.000E+00, 5.765E+01, 2.355E+01, 5.097E-03, 8.509E-05, 1.930E+02, 3.928E-03, 2.260E-01
10/11/2019,14:00,9,2.571,3.071,-1.695,.827,.094, 1.008E+03, 8.791E+01, 1.885E-01, 1.144E-02, 7.146E-02, 6.733E+00, 3.541E+00, 2.561E+00, 6.631E+00, 1.766E+01, 4.813E+00, 7.433E-01, 2.868E-01, 2.835E-02, 1.000E+00, 1.010E-01, 1.355E-01, 1.000E-02, 1.000E+00, 1.000E+00, 1.010E-03, 6.153E-06, 8.259E-06, 0.000E+00, 5.835E+01, 2.384E+01, 3.139E-03, 2.170E-05, 3.164E+02, 2.640E-03, 2.108E-01
10/11/2019,15:00,9,2.571,3.071,-2.281,.826,.090, 1.009E+03, 9.404E+01, 4.127E-03, 1.450E-02, 0.000E+00, 0.000E+00, 0.000E+00, 0.000E+00, 2.110E+00, 9.717E+00, 4.757E+00, 6.076E-01, 2.830E-01,-9.990E+02, 1.000E+00,-9.990E+02, 0.000E+00, 0.000E+00, 0.000E+00, 1.000E+00, 0.000E+00, 0.000E+00, 0.000E+00, 0.000E+00, 5.927E+01, 2.415E+01, 1.625E-03, 0.000E+00, 6.154E+02, 1.474E-03, 1.895E-01
10/11/2019,16:00,9,2.571,3.071,-2.265,.824,.091, 1.009E+03, 1.010E+02, 4.127E-03, 1.450E-02, 0.000E+00, 0.000E+00, 0.000E+00, 0.000E+00, 2.110E+00, 9.717E+00, 4.400E+00, 6.075E-01, 2.618E-01,-9.990E+02, 1.000E+00,-9.990E+02, 0.000E+00, 0.000E+00, 0.000E+00, 1.000E+00, 0.000E+00, 0.000E+00, 0.000E+00, 0.000E+00, 6.408E+01, 2.611E+01, 1.626E-03, 0.000E+00, 6.151E+02, 1.463E-03, 1.726E-01
10/11/2019,17:00,9,2.571,3.071,-2.249,.821,.093, 1.010E+03, 1.083E+02, 4.127E-03, 1.450E-02, 0.000E+00, 0.000E+00, 0.000E+00, 0.000E+00, 2.110E+00, 9.717E+00, 4.052E+00, 6.074E-01, 2.411E-01,-9.990E+02, 1.000E+00,-9.990E+02, 0.000E+00, 0.000E+00, 0.000E+00, 1.000E+00, 0.000E+00, 0.000E+00, 0.000E+00, 0.000E+00, 6.959E+01, 2.835E+01, 1.627E-03, 0.000E+00, 6.148E+02, 1.451E-03, 1.516E-01
10/11/2019,18:00,9,2.571,3.071,-2.234,.818,.095, 1.010E+03, 1.158E+02, 2.657E-03, 1.450E-02, 0.000E+00, 0.000E+00, 0.000E+00, 0.000E+00, 2.396E+00, 7.296E+00, 3.715E+00, 5.207E-01, 2.213E-01,-9.990E+02, 1.000E+00,-9.990E+02, 0.000E+00, 0.000E+00, 0.000E+00, 1.000E+00, 0.000E+00, 0.000E+00, 0.000E+00, 0.000E+00, 7.558E+01, 3.088E+01, 1.627E-03, 0.000E+00, 6.145E+02, 1.438E-03, 1.294E-01
10/11/2019,19:00,9,2.571,3.071,-2.420,.822,.091, 1.010E+03, 1.230E+02, 2.657E-03, 1.450E-02, 0.000E+00, 0.000E+00, 0.000E+00, 0.000E+00, 2.396E+00, 7.296E+00, 3.635E+00, 5.205E-01, 2.166E-01,-9.990E+02, 1.000E+00,-9.990E+02, 0.000E+00, 0.000E+00, 0.000E+00, 1.000E+00, 0.000E+00, 0.000E+00, 0.000E+00, 0.000E+00, 7.723E+01, 3.156E+01, 1.618E-03, 0.000E+00, 6.179E+02, 1.428E-03, 1.038E-01
10/11/2019,20:00,9,2.571,3.071,-2.606,.825,.088, 1.010E+03, 1.293E+02, 2.657E-03, 1.450E-02, 0.000E+00, 0.000E+00, 0.000E+00, 0.000E+00, 2.396E+00, 7.296E+00, 3.557E+00, 5.203E-01, 2.119E-01,-9.990E+02, 1.000E+00,-9.990E+02, 0.000E+00, 0.000E+00, 0.000E+00, 1.000E+00, 0.000E+00, 0.000E+00, 0.000E+00, 0.000E+00, 7.893E+01, 3.225E+01, 1.610E-03, 0.000E+00, 6.212E+02, 1.417E-03, 8.961E-02
10/11/2019,21:00,9,2.571,3.071,-2.793,.829,.085, 1.010E+03, 1.342E+02, 1.873E-03, 1.450E-02, 0.000E+00, 0.000E+00, 0.000E+00, 0.000E+00, 8.027E+00, 6.613E+00, 3.479E+00, 4.349E-01, 2.101E-01,-9.990E+02, 1.000E+00,-9.990E+02, 0.000E+00, 0.000E+00, 0.000E+00, 1.000E+00, 0.000E+00, 0.000E+00, 0.000E+00, 0.000E+00, 7.754E+01, 3.253E+01, 1.602E-03, 0.000E+00, 6.244E+02, 1.410E-03, 7.869E-02
10/11/2019,22:00,9,2.571,3.071,-2.762,.829,.085, 1.010E+03, 1.370E+02, 1.873E-03, 1.450E-02, 0.000E+00, 0.000E+00, 0.000E+00, 0.000E+00, 8.027E+00, 6.613E+00, 3.131E+00, 4.349E-01, 1.891E-01,-9.990E+02, 1.000E+00,-9.990E+02, 0.000E+00, 0.000E+00, 0.000E+00, 1.000E+00, 0.000E+00, 0.000E+00, 0.000E+00, 0.000E+00, 8.617E+01, 3.615E+01, 1.603E-03, 0.000E+00, 6.239E+02, 1.392E-03, 7.391E-02
10/11/2019,23:00,9,2.571,3.071,-2.731,.828,.086, 1.011E+03, 1.372E+02, 1.873E-03, 1.450E-02, 0.000E+00, 0.000E+00, 0.000E+00, 0.000E+00, 8.027E+00, 6.613E+00, 2.786E+00, 4.349E-01, 1.682E-01,-9.990E+02, 1.000E+00,-9.990E+02, 0.000E+00, 0.000E+00, 0.000E+00, 1.000E+00, 0.000E+00, 0.000E+00, 0.000E+00, 0.000E+00, 9.684E+01, 4.063E+01, 1.604E-03, 0.000E+00, 6.233E+02, 1.371E-03, 7.560E-02
11/11/2019,00:00,9,2.560,3.060,-2.700,.828,.086, 1.011E+03, 1.348E+02, 6.039E-04, 1.450E-02, 0.000E+00, 0.000E+00, 0.000E+00, 0.000E+00,-2.456E+00, 3.062E+00, 2.445E+00, 2.956E-01, 1.419E-01,-9.990E+02, 1.000E+00,-9.990E+02, 0.000E+00, 0.000E+00, 0.000E+00, 1.000E+00, 0.000E+00, 0.000E+00, 0.000E+00, 0.000E+00, 1.214E+02, 4.817E+01, 1.606E-03, 0.000E+00, 6.228E+02, 1.335E-03, 7.575E-02
11/11/2019,01:00,9,2.560,3.060,-2.727,.846,.077, 1.010E+03, 1.301E+02, 6.039E-04, 2.035E-02, 0.000E+00, 0.000E+00, 0.000E+00, 0.000E+00,-2.456E+00, 3.062E+00, 2.256E+00, 2.957E-01, 1.309E-01,-9.990E+02, 1.000E+00,-9.990E+02, 0.000E+00, 0.000E+00, 0.000E+00, 1.000E+00, 0.000E+00, 0.000E+00, 0.000E+00, 0.000E+00, 1.316E+02, 5.220E+01, 1.429E-03, 0.000E+00, 7.000E+02, 1.195E-03, 7.437E-02
11/11/2019,02:00,9,2.560,3.060,-2.755,.864,.068, 1.010E+03, 1.239E+02, 6.039E-04, 2.620E-02, 0.000E+00, 0.000E+00, 0.000E+00, 0.000E+00,-2.456E+00, 3.062E+00, 2.085E+00, 2.957E-01, 1.210E-01,-9.990E+02, 1.000E+00,-9.990E+02, 0.000E+00, 0.000E+00, 0.000E+00, 1.000E+00, 0.000E+00, 0.000E+00, 0.000E+00, 0.000E+00, 1.424E+02, 5.648E+01, 1.429E-03, 0.000E+00, 7.000E+02, 1.179E-03, 7.213E-02
11/11/2019,03:00,9,2.560,3.060,-2.782,.882,.059, 1.010E+03, 1.168E+02, 0.000E+00, 3.205E-02, 0.000E+00, 0.000E+00, 0.000E+00, 0.000E+00,-2.341E+00, 1.356E+00, 1.937E+00, 2.234E-01, 1.094E-01,-9.990E+02, 1.000E+00,-9.990E+02, 0.000E+00, 0.000E+00, 0.000E+00, 1.000E+00, 0.000E+00, 0.000E+00, 0.000E+00, 0.000E+00, 1.618E+02, 6.246E+01, 1.429E-03, 0.000E+00, 7.000E+02, 1.157E-03, 7.627E-02
11/11/2019,04:00,9,2.560,3.060,-2.715,.890,.055, 1.010E+03, 1.094E+02, 0.000E+00, 3.205E-02, 0.000E+00, 0.000E+00, 0.000E+00, 0.000E+00,-2.341E+00, 1.356E+00, 1.733E+00, 2.234E-01, 1.000E-01,-9.990E+02, 1.000E+00,-9.990E+02, 0.000E+00, 0.000E+00, 0.000E+00, 1.000E+00, 0.000E+00, 0.000E+00, 0.000E+00, 0.000E+00, 1.770E+02, 6.835E+01, 1.429E-03, 0.000E+00, 7.000E+02, 1.137E-03, 9.156E-02
11/11/2019,05:00,9,2.560,3.060,-2.648,.898,.051, 1.009E+03, 1.020E+02, 0.000E+00, 3.205E-02, 0.000E+00, 0.000E+00, 0.000E+00, 0.000E+00,-2.341E+00, 1.356E+00, 1.756E+00, 2.235E-01, 1.000E-01,-9.990E+02, 1.000E+00,-9.990E+02, 0.000E+00, 0.000E+00, 0.000E+00, 1.000E+00, 0.000E+00, 0.000E+00, 0.000E+00, 0.000E+00, 1.770E+02, 6.835E+01, 1.429E-03, 0.000E+00, 7.000E+02, 1.137E-03, 1.366E-01
11/11/2019,06:00,9,2.560,3.060,-2.581,.907,.047, 1.009E+03, 9.503E+01, 0.000E+00, 3.205E-02, 0.000E+00, 0.000E+00, 0.000E+00, 0.000E+00, 3.874E+00, 1.473E+00, 1.999E+00, 2.342E-01, 1.239E-01,-9.990E+02, 1.000E+00,-9.990E+02, 0.000E+00, 0.000E+00, 0.000E+00, 1.000E+00, 0.000E+00, 0.000E+00, 0.000E+00, 0.000E+00, 1.252E+02, 5.516E+01, 1.429E-03, 0.000E+00, 7.000E+02, 1.186E-03, 2.296E-01
11/11/2019,07:00,9,2.560,3.060,-1.803,.875,.067, 1.009E+03, 8.881E+01, 0.000E+00, 3.205E-02, 2.698E-04, 2.474E+00, 9.485E-01, 9.420E-01, 3.874E+00, 1.473E+00, 1.786E+00, 2.345E-01, 1.107E-01, 1.625E-02, 1.000E+00, 3.801E-02, 3.826E-02, 1.000E-02, 1.000E+00, 1.000E+00, 3.801E-04, 2.315E-06, 2.331E-06, 0.000E+00, 1.402E+02, 6.176E+01, 1.429E-03, 8.129E-06, 6.960E+02, 1.168E-03, 3.394E-01
11/11/2019,08:00,9,2.560,3.060,-1.024,.843,.089, 1.009E+03, 8.369E+01, 0.000E+00, 3.205E-02, 1.870E+00, 1.704E+01, 1.509E+01, 6.586E+00, 3.874E+00, 1.473E+00, 1.589E+00, 2.349E-01, 1.000E-01, 8.585E-02, 1.000E+00, 2.566E-01, 4.625E-01, 1.000E-02, 1.000E+00, 1.000E+00, 2.566E-03, 1.568E-05, 2.825E-05, 0.000E+00, 1.552E+02, 6.835E+01, 1.429E-03, 5.504E-05, 6.740E+02, 1.175E-03, 4.327E-01
11/11/2019,09:00,9,2.560,3.060,-.245,.811,.113, 1.009E+03, 8.000E+01, 4.354E-03, 3.205E-02, 2.317E+01, 3.899E+01, 8.275E+01, 1.600E+01, 7.461E+00, 5.750E+00, 1.415E+00, 2.806E-01, 1.000E-01, 1.355E-01, 1.000E+00, 5.478E-01, 9.667E-01, 1.000E-02, 1.000E+00, 1.000E+00, 5.478E-03, 3.356E-05, 5.923E-05, 0.000E+00, 1.541E+02, 6.835E+01, 6.363E-03, 1.178E-04, 1.543E+02, 3.018E-03, 4.976E-01
11/11/2019,10:00,9,2.560,3.060,.113,.806,.120, 1.008E+03, 7.802E+01, 4.354E-03, 3.205E-02, 3.297E+01, 4.708E+01, 9.894E+01, 1.951E+01, 7.461E+00, 5.750E+00, 1.730E+00, 2.808E-01, 1.076E-01, 1.618E-01, 1.000E+00, 6.215E-01, 9.829E-01, 1.000E-02, 1.000E+00, 1.000E+00, 6.215E-03, 3.813E-05, 6.030E-05, 0.000E+00, 1.432E+02, 6.352E+01, 7.570E-03, 1.339E-04, 1.298E+02, 3.398E-03, 4.774E-01
11/11/2019,11:00,9,2.560,3.060,.471,.800,.126, 1.008E+03, 7.791E+01, 4.354E-03, 3.205E-02, 3.355E+01, 4.753E+01, 9.980E+01, 1.971E+01, 7.461E+00, 5.750E+00, 2.094E+00, 2.811E-01, 1.302E-01, 1.633E-01, 1.000E+00, 6.253E-01, 9.835E-01, 1.000E-02, 1.000E+00, 1.000E+00, 6.253E-03, 3.841E-05, 6.041E-05, 0.000E+00, 1.183E+02, 5.248E+01, 9.342E-03, 1.348E-04, 1.055E+02, 4.142E-03, 4.523E-01
11/11/2019,12:00,9,2.560,3.060,.829,.795,.133, 1.008E+03, 7.968E+01, 9.073E-02, 3.205E-02, 1.638E+01, 4.015E+01, 6.181E+01, 1.610E+01,-1.641E+01, 4.967E+00, 2.485E+00, 4.299E-01, 1.405E-01, 1.398E-01, 1.000E+00, 5.453E-01, 9.213E-01, 1.000E-02, 1.000E+00, 1.000E+00, 5.453E-03, 3.354E-05, 5.666E-05, 0.000E+00, 1.259E+02, 4.866E+01, 1.220E-02, 1.178E-04, 8.120E+01, 4.781E-03, 5.364E-01
11/11/2019,13:00,9,2.560,3.060,.920,.820,.118, 1.007E+03, 8.318E+01, 9.073E-02, 3.103E-02, 6.439E+00, 2.437E+01, 3.673E+01, 9.617E+00,-1.641E+01, 4.967E+00, 2.717E+00, 4.301E-01, 1.536E-01, 9.274E-02, 1.000E+00, 3.687E-01, 7.793E-01, 1.000E-02, 1.000E+00, 1.000E+00, 3.687E-03, 2.268E-05, 4.795E-05, 0.000E+00, 1.152E+02, 4.451E+01, 1.323E-02, 7.963E-05, 7.515E+01, 5.203E-03, 6.147E-01
11/11/2019,14:00,9,2.560,3.060,1.011,.844,.102, 1.007E+03, 8.815E+01, 9.073E-02, 3.001E-02, 2.757E-02, 5.576E+00, 2.552E+00, 2.125E+00,-1.641E+01, 4.967E+00, 3.026E+00, 4.303E-01, 1.711E-01, 2.519E-02, 1.000E+00, 8.409E-02, 9.965E-02, 1.000E-02, 1.000E+00, 1.000E+00, 8.409E-04, 5.175E-06, 6.133E-06, 0.000E+00, 1.034E+02, 3.996E+01, 1.429E-02, 1.817E-05, 6.991E+01, 5.714E-03, 5.808E-01
11/11/2019,15:00,9,2.560,3.060,1.102,.869,.087, 1.006E+03, 9.426E+01, 5.474E-03, 2.899E-02, 0.000E+00, 0.000E+00, 0.000E+00, 0.000E+00,-3.108E+01, 8.302E-01, 3.392E+00, 3.734E-01, 1.757E-01,-9.990E+02, 1.000E+00,-9.990E+02, 0.000E+00, 0.000E+00, 0.000E+00, 1.000E+00, 0.000E+00, 0.000E+00, 0.000E+00, 0.000E+00, 1.099E+02, 3.891E+01, 1.429E-02, 0.000E+00, 7.000E+01, 5.774E-03, 5.993E-01
11/11/2019,16:00,9,2.560,3.060,1.107,.891,.072, 1.006E+03, 1.012E+02, 5.474E-03, 2.899E-02, 0.000E+00, 0.000E+00, 0.000E+00, 0.000E+00,-3.108E+01, 8.302E-01, 3.127E+00, 3.735E-01, 1.619E-01,-9.990E+02, 1.000E+00,-9.990E+02, 0.000E+00, 0.000E+00, 0.000E+00, 1.000E+00, 0.000E+00, 0.000E+00, 0.000E+00, 0.000E+00, 1.193E+02, 4.222E+01, 1.429E-02, 0.000E+00, 7.000E+01, 5.496E-03, 6.555E-01
11/11/2019,17:00,9,2.560,3.060,1.112,.912,.058, 1.006E+03, 1.086E+02, 5.474E-03, 2.899E-02, 0.000E+00, 0.000E+00, 0.000E+00, 0.000E+00,-3.108E+01, 8.302E-01, 2.999E+00, 3.735E-01, 1.553E-01,-9.990E+02, 1.000E+00,-9.990E+02, 0.000E+00, 0.000E+00, 0.000E+00, 1.000E+00, 0.000E+00, 0.000E+00, 0.000E+00, 0.000E+00, 1.244E+02, 4.402E+01, 1.429E-02, 0.000E+00, 7.000E+01, 5.355E-03, 6.113E-01
11/11/2019,18:00,9,2.560,3.060,1.117,.934,.044, 1.006E+03, 1.160E+02, 1.282E-01, 2.899E-02, 0.000E+00, 0.000E+00, 0.000E+00, 0.000E+00,-2.825E+01,-1.437E+00, 3.025E+00, 3.277E-01, 1.500E-01,-9.990E+02, 1.000E+00,-9.990E+02, 0.000E+00, 0.000E+00, 0.000E+00, 1.000E+00, 0.000E+00, 0.000E+00, 0.000E+00, 0.000E+00, 1.345E+02, 4.558E+01, 1.429E-02, 0.000E+00, 7.000E+01, 5.225E-03, 4.402E-01
11/11/2019,19:00,9,2.560,3.060,1.307,.941,.040, 1.006E+03, 1.232E+02, 1.282E-01, 2.874E-02, 0.000E+00, 0.000E+00, 0.000E+00, 0.000E+00,-2.825E+01,-1.437E+00, 2.995E+00, 3.278E-01, 1.485E-01,-9.990E+02, 1.000E+00,-9.990E+02, 0.000E+00, 0.000E+00, 0.000E+00, 1.000E+00, 0.000E+00, 0.000E+00, 0.000E+00, 0.000E+00, 1.358E+02, 4.602E+01, 1.429E-02, 0.000E+00, 7.000E+01, 5.193E-03, 1.878E-01
11/11/2019,20:00,9,2.560,3.060,1.497,.947,.036, 1.006E+03, 1.295E+02, 1.282E-01, 2.848E-02, 0.000E+00, 0.000E+00, 0.000E+00, 0.000E+00,-2.825E+01,-1.437E+00, 2.971E+00, 3.279E-01, 1.473E-01,-9.990E+02, 1.000E+00,-9.990E+02, 0.000E+00, 0.000E+00, 0.000E+00, 1.000E+00, 0.000E+00, 0.000E+00, 0.000E+00, 0.000E+00, 1.369E+02, 4.639E+01, 1.429E-02, 0.000E+00, 7.000E+01, 5.166E-03, 7.672E-02
11/11/2019,21:00,9,2.560,3.060,1.688,.954,.032, 1.006E+03, 1.345E+02, 5.604E-02, 2.823E-02, 0.000E+00, 0.000E+00, 0.000E+00, 0.000E+00,-4.124E+01,-1.046E+01, 2.950E+00, 3.762E-01, 1.471E-01,-9.990E+02, 1.000E+00,-9.990E+02, 0.000E+00, 0.000E+00, 0.000E+00, 1.000E+00, 0.000E+00, 0.000E+00, 0.000E+00, 0.000E+00, 1.363E+02, 4.646E+01, 1.429E-02, 0.000E+00, 7.000E+01, 5.164E-03, 4.617E-02
11/11/2019,22:00,9,2.560,3.060,1.489,.963,.025, 1.006E+03, 1.373E+02, 5.604E-02, 2.798E-02, 0.000E+00, 0.000E+00, 0.000E+00, 0.000E+00,-4.124E+01,-1.046E+01, 3.161E+00, 3.760E-01, 1.576E-01,-9.990E+02, 1.000E+00,-9.990E+02, 0.000E+00, 0.000E+00, 0.000E+00, 1.000E+00, 0.000E+00, 0.000E+00, 0.000E+00, 0.000E+00, 1.272E+02, 4.336E+01, 1.429E-02, 0.000E+00, 7.000E+01, 5.393E-03, 4.783E-02
11/11/2019,23:00,9,2.560,3.060,1.291,.971,.019, 1.006E+03, 1.375E+02, 5.604E-02, 2.772E-02, 0.000E+00, 0.000E+00, 0.000E+00, 0.000E+00,-4.124E+01,-1.046E+01, 3.415E+00, 3.759E-01, 1.703E-01,-9.990E+02, 1.000E+00,-9.990E+02, 0.000E+00, 0.000E+00, 0.000E+00, 1.000E+00, 0.000E+00, 0.000E+00, 0.000E+00, 0.000E+00, 1.178E+02, 4.014E+01, 1.429E-02, 0.000E+00, 7.000E+01, 5.654E-03, 5.958E-02
12/11/2019,00:00,9,2.549,3.049,1.093,.979,.014, 1.006E+03, 1.350E+02, 1.434E-03, 2.747E-02, 0.000E+00, 0.000E+00, 0.000E+00, 0.000E+00,-5.113E+01,-1.701E+01, 3.704E+00, 3.605E-01, 1.734E-01,-9.990E+02, 1.000E+00,-9.990E+02, 0.000E+00, 0.000E+00, 0.000E+00, 1.000E+00, 0.000E+00, 0.000E+00, 0.000E+00, 0.000E+00, 1.232E+02, 3.943E+01, 1.429E-02, 0.000E+00, 7.000E+01, 5.693E-03, 5.702E-02
12/11/2019,01:00,9,2.549,3.049,.903,.978,.014, 1.006E+03, 1.303E+02, 1.434E-03, 3.128E-02, 0.000E+00, 0.000E+00, 0.000E+00, 0.000E+00,-5.113E+01,-1.701E+01, 3.580E+00, 3.604E-01, 1.675E-01,-9.990E+02, 1.000E+00,-9.990E+02, 0.000E+00, 0.000E+00, 0.000E+00, 1.000E+00, 0.000E+00, 0.000E+00, 0.000E+00, 0.000E+00, 1.275E+02, 4.080E+01, 1.303E-02, 0.000E+00, 7.677E+01, 5.373E-03, 5.830E-02
12/11/2019,02:00,9,2.549,3.049,.714,.977,.015, 1.006E+03, 1.241E+02, 1.434E-03, 3.510E-02, 0.000E+00, 0.000E+00, 0.000E+00, 0.000E+00,-5.113E+01,-1.701E+01, 3.502E+00, 3.602E-01, 1.638E-01,-9.990E+02, 1.000E+00,-9.990E+02, 0.000E+00, 0.000E+00, 0.000E+00, 1.000E+00, 0.000E+00, 0.000E+00, 0.000E+00, 0.000E+00, 1.304E+02, 4.172E+01, 1.110E-02, 0.000E+00, 9.005E+01, 4.954E-03, 2.053E-02
12/11/2019,03:00,9,2.549,3.049,.524,.976,.015, 1.006E+03, 1.171E+02, 9.775E-04, 3.891E-02, 0.000E+00, 0.000E+00, 0.000E+00, 0.000E+00,-4.889E+01,-9.644E+00, 3.472E+00, 3.967E-01, 1.729E-01,-9.990E+02, 1.000E+00,-9.990E+02, 0.000E+00, 0.000E+00, 0.000E+00, 1.000E+00, 0.000E+00, 0.000E+00, 0.000E+00, 0.000E+00, 1.162E+02, 3.954E+01, 9.677E-03, 0.000E+00, 1.033E+02, 4.793E-03, 2.101E-02
12/11/2019,04:00,9,2.549,3.049,.694,.976,.015, 1.006E+03, 1.096E+02, 9.775E-04, 3.866E-02, 0.000E+00, 0.000E+00, 0.000E+00, 0.000E+00,-4.889E+01,-9.644E+00, 3.466E+00, 3.969E-01, 1.726E-01,-9.990E+02, 1.000E+00,-9.990E+02, 0.000E+00, 0.000E+00, 0.000E+00, 1.000E+00, 0.000E+00, 0.000E+00, 0.000E+00, 0.000E+00, 1.163E+02, 3.961E+01, 1.094E-02, 0.000E+00, 9.143E+01, 5.079E-03, 1.327E-02
12/11/2019,05:00,9,2.549,3.049,.864,.976,.016, 1.006E+03, 1.022E+02, 9.775E-04, 3.840E-02, 0.000E+00, 0.000E+00, 0.000E+00, 0.000E+00,-4.889E+01,-9.644E+00, 3.488E+00, 3.970E-01, 1.737E-01,-9.990E+02, 1.000E+00,-9.990E+02, 0.000E+00, 0.000E+00, 0.000E+00, 1.000E+00, 0.000E+00, 0.000E+00, 0.000E+00, 0.000E+00, 1.156E+02, 3.934E+01, 1.257E-02, 0.000E+00, 7.953E+01, 5.427E-03, 1.170E-02
12/11/2019,06:00,9,2.549,3.049,1.034,.976,.016, 1.006E+03, 9.528E+01, 5.184E-05, 3.815E-02, 0.000E+00, 0.000E+00, 0.000E+00, 0.000E+00,-4.942E+01,-8.596E-01, 3.539E+00, 4.439E-01, 1.845E-01,-9.990E+02, 1.000E+00,-9.990E+02, 0.000E+00, 0.000E+00, 0.000E+00, 1.000E+00, 0.000E+00, 0.000E+00, 0.000E+00, 0.000E+00, 1.040E+02, 3.705E+01, 1.429E-02, 0.000E+00, 7.000E+01, 5.946E-03, 4.715E-02
12/11/2019,07:00,9,2.549,3.049,1.668,.956,.030, 1.006E+03, 8.907E+01, 5.184E-05, 3.764E-02, 2.734E-05, 2.220E+00, 0.000E+00, 0.000E+00,-4.942E+01,-8.596E-01, 3.605E+00, 4.445E-01, 1.881E-01,-9.990E+02, 1.000E+00,-9.990E+02, 0.000E+00, 0.000E+00, 0.000E+00, 1.000E+00, 0.000E+00, 0.000E+00, 0.000E+00, 0.000E+00, 1.019E+02, 3.635E+01, 1.429E-02, 0.000E+00, 7.000E+01, 6.012E-03, 1.081E-01
12/11/2019,08:00,9,2.549,3.049,2.302,.936,.046, 1.006E+03, 8.396E+01, 5.184E-05, 3.713E-02, 2.462E+00, 1.791E+01, 1.866E+01, 6.971E+00,-4.942E+01,-8.596E-01, 3.673E+00, 4.450E-01, 1.917E-01, 8.260E-02, 1.000E+00, 2.730E-01, 5.359E-01, 1.000E-02, 1.000E+00, 1.000E+00, 2.730E-03, 1.688E-05, 3.314E-05, 0.000E+00, 9.998E+01, 3.566E+01, 1.429E-02, 5.900E-05, 6.971E+01, 6.090E-03, 2.259E-01
12/11/2019,09:00,9,2.549,3.049,2.937,.916,.063, 1.006E+03, 8.027E+01, 2.548E-01, 3.662E-02, 1.749E+01, 3.799E+01, 6.713E+01, 1.538E+01,-4.320E+01, 9.885E+00, 3.742E+00, 4.654E-01, 2.010E-01, 1.325E-01, 1.000E+00, 5.308E-01, 9.368E-01, 1.000E-02, 1.000E+00, 1.000E+00, 5.308E-03, 3.290E-05, 5.806E-05, 0.000E+00, 9.261E+01, 3.401E+01, 1.429E-02, 1.150E-04, 6.944E+01, 6.277E-03, 1.677E-01
12/11/2019,10:00,9,2.549,3.049,2.892,.927,.055, 1.005E+03, 7.829E+01, 2.548E-01, 3.611E-02, 2.521E+01, 4.678E+01, 8.120E+01, 1.908E+01,-4.320E+01, 9.885E+00, 3.704E+00, 4.655E-01, 1.990E-01, 1.589E-01, 1.000E+00, 6.107E-01, 9.645E-01, 1.000E-02, 1.000E+00, 1.000E+00, 6.107E-03, 3.784E-05, 5.977E-05, 0.000E+00, 9.355E+01, 3.435E+01, 1.429E-02, 1.323E-04, 6.936E+01, 6.245E-03, 1.763E-01
12/11/2019,11:00,9,2.549,3.049,2.847,.938,.047, 1.004E+03, 7.818E+01, 2.548E-01, 3.561E-02, 2.569E+01, 4.730E+01, 8.199E+01, 1.930E+01,-4.320E+01, 9.885E+00, 3.720E+00, 4.656E-01, 1.998E-01, 1.604E-01, 1.000E+00, 6.149E-01, 9.657E-01, 1.000E-02, 1.000E+00, 1.000E+00, 6.149E-03, 3.810E-05, 5.983E-05, 0.000E+00, 9.315E+01, 3.420E+01, 1.429E-02, 1.332E-04, 6.935E+01, 6.260E-03, 2.393E-01
12/11/2019,12:00,9,2.549,3.049,2.803,.949,.038, 1.004E+03, 7.994E+01, 5.834E-01, 3.510E-02, 4.426E-01, 1.858E+01, 8.384E+00, 7.118E+00,-6.575E+01, 2.750E+01, 3.789E+00, 6.215E-01, 2.108E-01, 1.370E-01, 1.000E+00, 2.590E-01, 2.917E-01, 1.000E-02, 1.000E+00, 1.000E+00, 2.590E-03, 1.604E-05, 1.807E-05, 0.000E+00, 8.529E+01, 3.243E+01, 1.429E-02, 5.608E-05, 6.973E+01, 6.446E-03, 3.078E-01
12/11/2019,13:00,9,2.549,3.049,3.192,.963,.028, 1.003E+03, 8.343E+01, 5.834E-01, 3.052E-02, 1.671E-01, 1.001E+01, 4.560E+00, 3.830E+00,-6.575E+01, 2.750E+01, 4.282E+00, 6.222E-01, 2.382E-01, 8.979E-02, 1.000E+00, 1.480E-01, 1.710E-01, 1.000E-02, 1.000E+00, 1.000E+00, 1.480E-03, 9.183E-06, 1.061E-05, 0.000E+00, 7.544E+01, 2.869E+01, 1.429E-02, 3.210E-05, 6.984E+01, 6.877E-03, 3.437E-01
12/11/2019,14:00,9,2.549,3.049,3.582,.978,.018, 1.002E+03, 8.839E+01, 5.834E-01, 2.594E-02, 3.075E-04, 1.696E+00, 6.531E-01, 6.477E-01,-6.575E+01, 2.750E+01, 4.785E+00, 6.230E-01, 2.663E-01, 2.210E-02, 1.000E+00, 2.629E-02, 2.651E-02, 1.000E-02, 1.000E+00, 1.000E+00, 2.629E-04, 1.633E-06, 1.647E-06, 0.000E+00, 6.749E+01, 2.567E+01, 1.429E-02, 5.710E-06, 6.997E+01, 7.268E-03, 2.935E-01
12/11/2019,15:00,9,2.549,3.049,3.972,.992,.006, 1.001E+03, 9.449E+01, 9.209E-01, 2.136E-02, 0.000E+00, 0.000E+00, 0.000E+00, 0.000E+00,-5.984E+01, 1.347E+01, 5.295E+00, 5.915E-01, 2.935E-01,-9.990E+02, 1.000E+00,-9.990E+02, 0.000E+00, 0.000E+00, 0.000E+00, 1.000E+00, 0.000E+00, 0.000E+00, 0.000E+00, 0.000E+00, 6.148E+01, 2.329E+01, 1.429E-02, 0.000E+00, 7.000E+01, 7.612E-03, 3.366E-01
12/11/2019,16:00,9,2.549,3.049,4.208,.986,.011, 1.001E+03, 1.014E+02, 9.209E-01, 2.035E-02, 0.000E+00, 0.000E+00, 0.000E+00, 0.000E+00,-5.984E+01, 1.347E+01, 4.513E+00, 5.918E-01, 2.502E-01,-9.990E+02, 1.000E+00,-9.990E+02, 0.000E+00, 0.000E+00, 0.000E+00, 1.000E+00, 0.000E+00, 0.000E+00, 0.000E+00, 0.000E+00, 7.212E+01, 2.732E+01, 1.429E-02, 0.000E+00, 7.000E+01, 7.043E-03, 3.063E-01
12/11/2019,17:00,9,2.549,3.049,4.445,.981,.016, 1.000E+03, 1.088E+02, 9.209E-01, 1.933E-02, 0.000E+00, 0.000E+00, 0.000E+00, 0.000E+00,-5.984E+01, 1.347E+01, 3.973E+00, 5.921E-01, 2.202E-01,-9.990E+02, 1.000E+00,-9.990E+02, 0.000E+00, 0.000E+00, 0.000E+00, 1.000E+00, 0.000E+00, 0.000E+00, 0.000E+00, 0.000E+00, 8.192E+01, 3.104E+01, 1.429E-02, 0.000E+00, 7.000E+01, 6.589E-03, 2.157E-01
12/11/2019,18:00,9,2.549,3.049,4.682,.975,.021, 1.000E+03, 1.162E+02, 1.258E-02, 1.831E-02, 0.000E+00, 0.000E+00, 0.000E+00, 0.000E+00,-5.329E+01,-3.100E+00, 3.779E+00, 5.015E-01, 2.032E-01,-9.990E+02, 1.000E+00,-9.990E+02, 0.000E+00, 0.000E+00, 0.000E+00, 1.000E+00, 0.000E+00, 0.000E+00, 0.000E+00, 0.000E+00, 9.155E+01, 3.365E+01, 1.429E-02, 0.000E+00, 7.000E+01, 6.293E-03, 1.005E-01
12/11/2019,19:00,9,2.549,3.049,3.913,.980,.016, 1.000E+03, 1.234E+02, 1.258E-02, 1.780E-02, 0.000E+00, 0.000E+00, 0.000E+00, 0.000E+00,-5.329E+01,-3.100E+00, 3.674E+00, 5.007E-01, 1.974E-01,-9.990E+02, 1.000E+00,-9.990E+02, 0.000E+00, 0.000E+00, 0.000E+00, 1.000E+00, 0.000E+00, 0.000E+00, 0.000E+00, 0.000E+00, 9.424E+01, 3.462E+01, 1.429E-02, 0.000E+00, 7.000E+01, 6.193E-03, 5.672E-02
12/11/2019,20:00,9,2.549,3.049,3.144,.985,.012, 1.001E+03, 1.298E+02, 1.258E-02, 1.729E-02, 0.000E+00, 0.000E+00, 0.000E+00, 0.000E+00,-5.329E+01,-3.100E+00, 3.610E+00, 4.999E-01, 1.940E-01,-9.990E+02, 1.000E+00,-9.990E+02, 0.000E+00, 0.000E+00, 0.000E+00, 1.000E+00, 0.000E+00, 0.000E+00, 0.000E+00, 0.000E+00, 9.597E+01, 3.524E+01, 1.429E-02, 0.000E+00, 7.000E+01, 6.130E-03, 7.107E-02
12/11/2019,21:00,9,2.549,3.049,2.375,.990,.007, 1.001E+03, 1.347E+02, 5.184E-05, 1.679E-02, 0.000E+00, 0.000E+00, 0.000E+00, 0.000E+00,-4.741E+01,-1.299E+01, 3.591E+00, 4.243E-01, 1.849E-01,-9.990E+02, 1.000E+00,-9.990E+02, 0.000E+00, 0.000E+00, 0.000E+00, 1.000E+00, 0.000E+00, 0.000E+00, 0.000E+00, 0.000E+00, 1.051E+02, 3.697E+01, 1.429E-02, 0.000E+00, 7.000E+01, 5.949E-03, 2.505E-02
12/11/2019,22:00,9,2.549,3.049,1.914,.993,.005, 1.002E+03, 1.376E+02, 5.184E-05, 1.679E-02, 0.000E+00, 0.000E+00, 0.000E+00, 0.000E+00,-4.741E+01,-1.299E+01, 3.464E+00, 4.239E-01, 1.783E-01,-9.990E+02, 1.000E+00,-9.990E+02, 0.000E+00, 0.000E+00, 0.000E+00, 1.000E+00, 0.000E+00, 0.000E+00, 0.000E+00, 0.000E+00, 1.090E+02, 3.834E+01, 1.429E-02, 0.000E+00, 7.000E+01, 5.823E-03, 1.218E-02
12/11/2019,23:00,9,2.549,3.049,1.454,.995,.003, 1.002E+03, 1.378E+02, 5.184E-05, 1.679E-02, 0.000E+00, 0.000E+00, 0.000E+00, 0.000E+00,-4.741E+01,-1.299E+01, 3.345E+00, 4.235E-01, 1.721E-01,-9.990E+02, 1.000E+00,-9.990E+02, 0.000E+00, 0.000E+00, 0.000E+00, 1.000E+00, 0.000E+00, 0.000E+00, 0.000E+00, 0.000E+00, 1.129E+02, 3.972E+01, 1.429E-02, 0.000E+00, 7.000E+01, 5.701E-03, 1.008E-02
13/11/2019,00:00,9,2.538,3.038,.993,.998,.001, 1.002E+03, 1.353E+02, 9.607E-05, 1.679E-02, 0.000E+00, 0.000E+00, 0.000E+00, 0.000E+00,-3.222E+01,-9.821E+00, 3.233E+00, 3.422E-01, 1.602E-01,-9.990E+02, 1.000E+00,-9.990E+02, 0.000E+00, 0.000E+00, 0.000E+00, 1.000E+00, 0.000E+00, 0.000E+00, 0.000E+00, 0.000E+00, 1.260E+02, 4.267E+01, 1.419E-02, 0.000E+00, 7.046E+01, 5.431E-03, 2.222E-02
13/11/2019,01:00,9,2.538,3.038,.943,.998,.001, 1.002E+03, 1.306E+02, 9.607E-05, 1.907E-02, 0.000E+00, 0.000E+00, 0.000E+00, 0.000E+00,-3.222E+01,-9.821E+00, 3.104E+00, 3.422E-01, 1.538E-01,-9.990E+02, 1.000E+00,-9.990E+02, 0.000E+00, 0.000E+00, 0.000E+00, 1.000E+00, 0.000E+00, 0.000E+00, 0.000E+00, 0.000E+00, 1.312E+02, 4.444E+01, 1.351E-02, 0.000E+00, 7.400E+01, 5.198E-03, 3.120E-02
13/11/2019,02:00,9,2.538,3.038,.892,.998,.001, 1.002E+03, 1.244E+02, 9.607E-05, 2.136E-02, 0.000E+00, 0.000E+00, 0.000E+00, 0.000E+00,-3.222E+01,-9.821E+00, 2.999E+00, 3.422E-01, 1.486E-01,-9.990E+02, 1.000E+00,-9.990E+02, 0.000E+00, 0.000E+00, 0.000E+00, 1.000E+00, 0.000E+00, 0.000E+00, 0.000E+00, 0.000E+00, 1.358E+02, 4.600E+01, 1.290E-02, 0.000E+00, 7.755E+01, 4.998E-03, 1.104E-02
13/11/2019,03:00,9,2.538,3.038,.842,.999,.001, 1.001E+03, 1.173E+02, 9.607E-05, 2.365E-02, 0.000E+00, 0.000E+00, 0.000E+00, 0.000E+00,-2.091E+01,-8.076E+00, 2.921E+00, 2.340E-01, 1.236E-01,-9.990E+02, 1.000E+00,-9.990E+02, 0.000E+00, 0.000E+00, 0.000E+00, 1.000E+00, 0.000E+00, 0.000E+00, 0.000E+00, 0.000E+00, 1.913E+02, 5.532E+01, 1.233E-02, 0.000E+00, 8.109E+01, 4.328E-03, 1.122E-02
13/11/2019,04:00,9,2.538,3.038,.633,.999,.001, 1.001E+03, 1.099E+02, 9.607E-05, 2.365E-02, 0.000E+00, 0.000E+00, 0.000E+00, 0.000E+00,-2.091E+01,-8.076E+00, 2.666E+00, 2.339E-01, 1.128E-01,-9.990E+02, 1.000E+00,-9.990E+02, 0.000E+00, 0.000E+00, 0.000E+00, 1.000E+00, 0.000E+00, 0.000E+00, 0.000E+00, 0.000E+00, 2.097E+02, 6.062E+01, 1.045E-02, 0.000E+00, 9.569E+01, 3.846E-03, 1.279E-02
13/11/2019,05:00,9,2.538,3.038,.424,.999,.001, 1.001E+03, 1.025E+02, 9.607E-05, 2.365E-02, 0.000E+00, 0.000E+00, 0.000E+00, 0.000E+00,-2.091E+01,-8.076E+00, 2.454E+00, 2.338E-01, 1.038E-01,-9.990E+02, 1.000E+00,-9.990E+02, 0.000E+00, 0.000E+00, 0.000E+00, 1.000E+00, 0.000E+00, 0.000E+00, 0.000E+00, 0.000E+00, 2.280E+02, 6.588E+01, 9.067E-03, 0.000E+00, 1.103E+02, 3.462E-03, 2.311E-02
13/11/2019,06:00,9,2.538,3.038,.216,.999,.001, 1.001E+03, 9.553E+01, 2.250E-03, 2.365E-02, 0.000E+00, 0.000E+00, 0.000E+00, 0.000E+00,-1.163E+01,-1.170E+00, 2.295E+00, 1.978E-01, 1.000E-01,-9.990E+02, 1.000E+00,-9.990E+02, 0.000E+00, 0.000E+00, 0.000E+00, 1.000E+00, 0.000E+00, 0.000E+00, 0.000E+00, 0.000E+00, 2.310E+02, 6.835E+01, 8.007E-03, 0.000E+00, 1.249E+02, 3.229E-03, 1.121E-01
13/11/2019,07:00,9,2.538,3.038,.859,.991,.006, 1.001E+03, 8.932E+01, 2.250E-03, 2.365E-02, 1.391E-07, 1.233E+00, 0.000E+00, 0.000E+00,-1.163E+01,-1.170E+00, 2.028E+00, 1.980E-01, 1.000E-01,-9.990E+02, 1.000E+00,-9.990E+02, 0.000E+00, 0.000E+00, 0.000E+00, 1.000E+00, 0.000E+00, 0.000E+00, 0.000E+00, 0.000E+00, 2.308E+02, 6.835E+01, 1.252E-02, 0.000E+00, 7.990E+01, 3.778E-03, 2.715E-01
13/11/2019,08:00,9,2.538,3.038,1.501,.983,.012, 1.001E+03, 8.422E+01, 2.250E-03, 2.365E-02, 1.023E+00, 1.361E+01, 1.035E+01, 5.267E+00,-1.163E+01,-1.170E+00, 1.762E+00, 1.982E-01, 1.000E-01, 7.938E-02, 1.000E+00, 2.068E-01, 3.466E-01, 1.000E-02, 1.000E+00, 1.000E+00, 2.068E-03, 1.275E-05, 2.137E-05, 0.000E+00, 2.306E+02, 6.835E+01, 1.429E-02, 4.439E-05, 6.978E+01, 3.929E-03, 5.198E-01
13/11/2019,09:00,9,2.538,3.038,2.144,.975,.018, 1.001E+03, 8.054E+01, 1.000E-02, 2.365E-02, 8.475E+00, 3.351E+01, 3.904E+01, 1.326E+01,-2.147E-01, 6.940E+00, 1.499E+00, 1.338E-01, 1.000E-01, 1.295E-01, 1.000E+00, 4.695E-01, 7.993E-01, 1.000E-02, 1.000E+00, 1.000E+00, 4.695E-03, 2.901E-05, 4.939E-05, 0.000E+00, 1.721E+02, 6.835E+01, 1.429E-02, 1.010E-04, 6.951E+01, 4.019E-03, 8.294E-01
13/11/2019,10:00,9,2.538,3.038,2.625,.976,.018, 1.001E+03, 7.856E+01, 1.000E-02, 2.340E-02, 1.238E+01, 4.254E+01, 4.809E+01, 1.689E+01,-2.147E-01, 6.940E+00, 1.369E+00, 1.340E-01, 1.000E-01, 1.561E-01, 1.000E+00, 5.572E-01, 8.617E-01, 1.000E-02, 1.000E+00, 1.000E+00, 5.572E-03, 3.449E-05, 5.334E-05, 0.000E+00, 1.721E+02, 6.835E+01, 1.429E-02, 1.201E-04, 6.942E+01, 4.020E-03, 9.471E-01
13/11/2019,11:00,9,2.538,3.038,3.106,.977,.017, 1.001E+03, 7.844E+01, 1.000E-02, 2.314E-02, 1.263E+01, 4.309E+01, 4.862E+01, 1.712E+01,-2.147E-01, 6.940E+00, 1.267E+00, 1.341E-01, 1.000E-01, 1.577E-01, 1.000E+00, 5.620E-01, 8.646E-01, 1.000E-02, 1.000E+00, 1.000E+00, 5.620E-03, 3.486E-05, 5.362E-05, 0.000E+00, 1.721E+02, 6.835E+01, 1.429E-02, 1.213E-04, 6.941E+01, 4.021E-03, 9.235E-01
13/11/2019,12:00,9,2.538,3.038,3.587,.979,.017, 1.000E+03, 8.019E+01, 5.761E-02, 2.289E-02, 1.379E+00, 2.242E+01, 1.270E+01, 8.656E+00,-5.145E+00,-3.603E-01, 1.199E+00, 1.166E-01, 1.000E-01, 1.342E-01, 1.000E+00, 3.140E-01, 4.069E-01, 1.000E-02, 1.000E+00, 1.000E+00, 3.140E-03, 1.950E-05, 2.528E-05, 0.000E+00, 3.039E+02, 6.835E+01, 1.429E-02, 6.789E-05, 6.967E+01, 3.828E-03, 7.626E-01
13/11/2019,13:00,9,2.538,3.038,3.478,.985,.012, 1.000E+03, 8.367E+01, 5.761E-02, 2.060E-02, 4.976E-01, 1.198E+01, 6.871E+00, 4.615E+00,-5.145E+00,-3.603E-01, 1.317E+00, 1.166E-01, 1.000E-01, 8.689E-02, 1.000E+00, 1.793E-01, 2.462E-01, 1.000E-02, 1.000E+00, 1.000E+00, 1.793E-03, 1.113E-05, 1.529E-05, 0.000E+00, 3.039E+02, 6.835E+01, 1.429E-02, 3.875E-05, 6.981E+01, 3.826E-03, 8.513E-01
13/11/2019,14:00,9,2.538,3.038,3.369,.992,.006, 9.996E+02, 8.861E+01, 5.761E-02, 1.831E-02, 3.009E-04, 1.881E+00, 7.268E-01, 7.206E-01,-5.145E+00,-3.603E-01, 1.534E+00, 1.166E-01, 1.000E-01, 1.905E-02, 1.000E+00, 2.921E-02, 2.945E-02, 1.000E-02, 1.000E+00, 1.000E+00, 2.921E-04, 1.813E-06, 1.828E-06, 0.000E+00, 3.040E+02, 6.835E+01, 1.429E-02, 6.310E-06, 6.997E+01, 3.824E-03, 9.693E-01
13/11/2019,15:00,9,2.538,3.038,3.260,.998,.001, 9.993E+02, 9.471E+01, 1.173E-03, 1.602E-02, 0.000E+00, 0.000E+00, 0.000E+00, 0.000E+00,-3.006E+00,-1.025E+00, 1.815E+00, 1.000E-01, 1.000E-01,-9.990E+02, 1.000E+00,-9.990E+02, 0.000E+00, 0.000E+00, 0.000E+00, 1.000E+00, 0.000E+00, 0.000E+00, 0.000E+00, 0.000E+00, 2.939E+02, 6.835E+01, 1.429E-02, 0.000E+00, 7.000E+01, 3.837E-03, 1.138E+00
13/11/2019,16:00,9,2.538,3.038,2.984,.998,.001, 9.995E+02, 1.016E+02, 1.173E-03, 1.602E-02, 0.000E+00, 0.000E+00, 0.000E+00, 0.000E+00,-3.006E+00,-1.025E+00, 1.512E+00, 1.000E-01, 1.000E-01,-9.990E+02, 1.000E+00,-9.990E+02, 0.000E+00, 0.000E+00, 0.000E+00, 1.000E+00, 0.000E+00, 0.000E+00, 0.000E+00, 0.000E+00, 2.938E+02, 6.835E+01, 1.429E-02, 0.000E+00, 7.000E+01, 3.837E-03, 1.213E+00
13/11/2019,17:00,9,2.538,3.038,2.708,.998,.001, 9.998E+02, 1.090E+02, 1.173E-03, 1.602E-02, 0.000E+00, 0.000E+00, 0.000E+00, 0.000E+00,-3.006E+00,-1.025E+00, 1.213E+00, 1.000E-01, 1.000E-01,-9.990E+02, 1.000E+00,-9.990E+02, 0.000E+00, 0.000E+00, 0.000E+00, 1.000E+00, 0.000E+00, 0.000E+00, 0.000E+00, 0.000E+00, 2.938E+02, 6.835E+01, 1.429E-02, 0.000E+00, 7.000E+01, 3.837E-03, 1.164E+00
13/11/2019,18:00,9,2.538,3.038,2.432,.998,.002, 1.000E+03, 1.164E+02, 4.404E-03, 1.602E-02, 0.000E+00, 0.000E+00, 0.000E+00, 0.000E+00,-1.125E+00,-8.587E-01, 9.227E-01, 1.000E-01, 1.000E-01,-9.990E+02, 1.000E+00,-9.990E+02, 0.000E+00, 0.000E+00, 0.000E+00, 1.000E+00, 0.000E+00, 0.000E+00, 0.000E+00, 0.000E+00, 2.153E+02, 6.835E+01, 1.429E-02, 0.000E+00, 7.000E+01, 3.948E-03, 1.086E+00
13/11/2019,19:00,9,2.538,3.038,2.329,.999,.001, 1.000E+03, 1.236E+02, 4.404E-03, 1.577E-02, 0.000E+00, 0.000E+00, 0.000E+00, 0.000E+00,-1.125E+00,-8.587E-01, 7.566E-01, 1.000E-01, 1.000E-01,-9.990E+02, 1.000E+00,-9.990E+02, 0.000E+00, 0.000E+00, 0.000E+00, 1.000E+00, 0.000E+00, 0.000E+00, 0.000E+00, 0.000E+00, 2.153E+02, 6.835E+01, 1.429E-02, 0.000E+00, 7.000E+01, 3.948E-03, 9.831E-01
13/11/2019,20:00,9,2.538,3.038,2.226,.999,.001, 1.000E+03, 1.300E+02, 4.404E-03, 1.551E-02, 0.000E+00, 0.000E+00, 0.000E+00, 0.000E+00,-1.125E+00,-8.587E-01, 8.543E-01, 1.000E-01, 1.000E-01,-9.990E+02, 1.000E+00,-9.990E+02, 0.000E+00, 0.000E+00, 0.000E+00, 1.000E+00, 0.000E+00, 0.000E+00, 0.000E+00, 0.000E+00, 2.153E+02, 6.835E+01, 1.429E-02, 0.000E+00, 7.000E+01, 3.948E-03, 9.803E-01
13/11/2019,21:00,9,2.538,3.038,2.123,1.000,.000, 1.000E+03, 1.350E+02, 1.927E-02, 1.526E-02, 0.000E+00, 0.000E+00, 0.000E+00, 0.000E+00,-1.125E+00,-8.587E-01, 1.150E+00, 1.000E-01, 1.000E-01,-9.990E+02, 1.000E+00,-9.990E+02, 0.000E+00, 0.000E+00, 0.000E+00, 1.000E+00, 0.000E+00, 0.000E+00, 0.000E+00, 0.000E+00, 2.153E+02, 6.835E+01, 1.429E-02, 0.000E+00, 7.000E+01, 3.948E-03, 1.048E+00
13/11/2019,22:00,9,2.538,3.038,1.910,1.000,.000, 1.001E+03, 1.378E+02, 1.927E-02, 1.526E-02, 0.000E+00, 0.000E+00, 0.000E+00, 0.000E+00,-1.125E+00,-8.587E-01, 5.510E-01, 1.000E-01, 1.000E-01,-9.990E+02, 1.000E+00,-9.990E+02, 0.000E+00, 0.000E+00, 0.000E+00, 1.000E+00, 0.000E+00, 0.000E+00, 0.000E+00, 0.000E+00, 2.153E+02, 6.835E+01, 1.429E-02, 0.000E+00, 7.000E+01, 3.948E-03, 9.594E-01
13/11/2019,23:00,9,2.538,3.038,1.697,1.000,.000, 1.001E+03, 1.380E+02, 1.927E-02, 1.526E-02, 0.000E+00, 0.000E+00, 0.000E+00, 0.000E+00,-1.125E+00,-8.587E-01, 4.705E-01, 1.000E-01, 1.000E-01,-9.990E+02, 1.000E+00,-9.990E+02, 0.000E+00, 0.000E+00, 0.000E+00, 1.000E+00, 0.000E+00, 0.000E+00, 0.000E+00, 0.000E+00, 2.153E+02, 6.835E+01, 1.429E-02, 0.000E+00, 7.000E+01, 3.948E-03, 8.990E-01
14/11/2019,00:00,9,2.527,3.027,1.484,1.000,.000, 1.001E+03, 1.355E+02, 6.474E-02, 1.526E-02, 0.000E+00, 0.000E+00, 0.000E+00, 0.000E+00,-1.196E+01,-2.700E+00, 1.038E+00, 2.197E-01, 1.000E-01,-9.990E+02, 1.000E+00,-9.990E+02, 0.000E+00, 0.000E+00, 0.000E+00, 1.000E+00, 0.000E+00, 0.000E+00, 0.000E+00, 0.000E+00, 2.154E+02, 6.835E+01, 1.429E-02, 0.000E+00, 7.000E+01, 3.947E-03, 7.744E-01
14/11/2019,01:00,9,2.527,3.027,1.722,1.000,.000, 1.001E+03, 1.309E+02, 6.474E-02, 1.577E-02, 0.000E+00, 0.000E+00, 0.000E+00, 0.000E+00,-1.196E+01,-2.700E+00, 1.390E+00, 2.198E-01, 1.000E-01,-9.990E+02, 1.000E+00,-9.990E+02, 0.000E+00, 0.000E+00, 0.000E+00, 1.000E+00, 0.000E+00, 0.000E+00, 0.000E+00, 0.000E+00, 2.153E+02, 6.835E+01, 1.429E-02, 0.000E+00, 7.000E+01, 3.947E-03, 5.965E-01
14/11/2019,02:00,9,2.527,3.027,1.961,1.000,.000, 1.001E+03, 1.246E+02, 6.474E-02, 1.628E-02, 0.000E+00, 0.000E+00, 0.000E+00, 0.000E+00,-1.196E+01,-2.700E+00, 1.776E+00, 2.199E-01, 1.000E-01,-9.990E+02, 1.000E+00,-9.990E+02, 0.000E+00, 0.000E+00, 0.000E+00, 1.000E+00, 0.000E+00, 0.000E+00, 0.000E+00, 0.000E+00, 2.153E+02, 6.835E+01, 1.429E-02, 0.000E+00, 7.000E+01, 3.948E-03, 4.900E-01
14/11/2019,03:00,9,2.527,3.027,2.199,.999,.000, 1.000E+03, 1.176E+02, 9.880E-02, 1.679E-02, 0.000E+00, 0.000E+00, 0.000E+00, 0.000E+00,-7.841E+00,-1.078E+00, 2.177E+00, 2.216E-01, 1.097E-01,-9.990E+02, 1.000E+00,-9.990E+02, 0.000E+00, 0.000E+00, 0.000E+00, 1.000E+00, 0.000E+00, 0.000E+00, 0.000E+00, 0.000E+00, 1.809E+02, 6.230E+01, 1.429E-02, 0.000E+00, 7.000E+01, 4.243E-03, 4.258E-01
14/11/2019,04:00,9,2.527,3.027,2.212,.999,.000, 1.001E+03, 1.101E+02, 9.880E-02, 1.653E-02, 0.000E+00, 0.000E+00, 0.000E+00, 0.000E+00,-7.841E+00,-1.078E+00, 2.031E+00, 2.215E-01, 1.023E-01,-9.990E+02, 1.000E+00,-9.990E+02, 0.000E+00, 0.000E+00, 0.000E+00, 1.000E+00, 0.000E+00, 0.000E+00, 0.000E+00, 0.000E+00, 1.939E+02, 6.679E+01, 1.429E-02, 0.000E+00, 7.000E+01, 4.039E-03, 2.165E-01
14/11/2019,05:00,9,2.527,3.027,2.226,.999,.000, 1.001E+03, 1.027E+02, 9.880E-02, 1.628E-02, 0.000E+00, 0.000E+00, 0.000E+00, 0.000E+00,-7.841E+00,-1.078E+00, 1.993E+00, 2.215E-01, 1.004E-01,-9.990E+02, 1.000E+00,-9.990E+02, 0.000E+00, 0.000E+00, 0.000E+00, 1.000E+00, 0.000E+00, 0.000E+00, 0.000E+00, 0.000E+00, 1.976E+02, 6.806E+01, 1.429E-02, 0.000E+00, 7.000E+01, 3.984E-03, 6.702E-02
14/11/2019,06:00,9,2.527,3.027,2.239,.999,.000, 1.001E+03, 9.578E+01, 1.194E-01, 1.602E-02, 0.000E+00, 0.000E+00, 0.000E+00, 0.000E+00,-5.404E+00, 6.017E+00, 2.069E+00, 3.042E-01, 1.173E-01,-9.990E+02, 1.000E+00,-9.990E+02, 0.000E+00, 0.000E+00, 0.000E+00, 1.000E+00, 0.000E+00, 0.000E+00, 0.000E+00, 0.000E+00, 1.503E+02, 5.827E+01, 1.429E-02, 0.000E+00, 7.000E+01, 4.480E-03, 4.407E-02
14/11/2019,07:00,9,2.527,3.027,2.343,.999,.001, 1.002E+03, 8.958E+01, 1.194E-01, 1.577E-02, 9.841E-13, 4.440E-01, 0.000E+00, 0.000E+00,-5.404E+00, 6.017E+00, 2.071E+00, 3.042E-01, 1.174E-01,-9.990E+02, 1.000E+00,-9.990E+02, 0.000E+00, 0.000E+00, 0.000E+00, 1.000E+00, 0.000E+00, 0.000E+00, 0.000E+00, 0.000E+00, 1.502E+02, 5.821E+01, 1.429E-02, 0.000E+00, 7.000E+01, 4.484E-03, 3.133E-02
14/11/2019,08:00,9,2.527,3.027,2.448,.998,.001, 1.002E+03, 8.448E+01, 1.194E-01, 1.551E-02, 1.040E-01, 7.746E+00, 3.521E+00, 2.981E+00,-5.404E+00, 6.017E+00, 2.140E+00, 3.042E-01, 1.213E-01, 7.619E-02, 1.000E+00, 1.169E-01, 1.348E-01, 1.000E-02, 1.000E+00, 1.000E+00, 1.169E-03, 7.231E-06, 8.342E-06, 0.000E+00, 1.454E+02, 5.634E+01, 1.429E-02, 2.506E-05, 6.988E+01, 4.587E-03, 3.501E-02
14/11/2019,09:00,9,2.527,3.027,2.552,.998,.001, 1.003E+03, 8.080E+01, 1.363E-01, 1.526E-02, 6.129E-01, 1.781E+01, 8.790E+00, 6.873E+00,-8.711E-01, 1.650E+01, 2.269E+00, 3.005E-01, 1.337E-01, 1.265E-01, 1.000E+00, 2.535E-01, 3.034E-01, 1.000E-02, 1.000E+00, 1.000E+00, 2.535E-03, 1.569E-05, 1.878E-05, 0.000E+00, 1.269E+02, 5.112E+01, 1.429E-02, 5.436E-05, 6.973E+01, 4.910E-03, 7.535E-02
14/11/2019,10:00,9,2.527,3.027,2.561,.998,.002, 1.003E+03, 7.882E+01, 1.363E-01, 1.501E-02, 9.082E-01, 2.338E+01, 1.137E+01, 9.026E+00,-8.711E-01, 1.650E+01, 2.140E+00, 3.004E-01, 1.261E-01, 1.533E-01, 1.000E+00, 3.198E-01, 3.735E-01, 1.000E-02, 1.000E+00, 1.000E+00, 3.198E-03, 1.980E-05, 2.312E-05, 0.000E+00, 1.346E+02, 5.421E+01, 1.429E-02, 6.860E-05, 6.967E+01, 4.724E-03, 8.494E-02
14/11/2019,11:00,9,2.527,3.027,2.570,.998,.002, 1.004E+03, 7.869E+01, 1.363E-01, 1.475E-02, 9.269E-01, 2.373E+01, 1.152E+01, 9.161E+00,-8.711E-01, 1.650E+01, 2.057E+00, 3.003E-01, 1.212E-01, 1.549E-01, 1.000E+00, 3.238E-01, 3.775E-01, 1.000E-02, 1.000E+00, 1.000E+00, 3.238E-03, 2.004E-05, 2.337E-05, 0.000E+00, 1.400E+02, 5.640E+01, 1.550E-02, 6.945E-05, 6.424E+01, 4.717E-03, 1.394E-01
14/11/2019,12:00,9,2.527,3.027,2.580,.998,.002, 1.005E+03, 8.044E+01, 1.570E-01, 1.450E-02, 3.225E+01, 3.680E+01, 1.128E+02, 1.576E+01,-7.967E+00, 9.078E+00, 2.026E+00, 2.850E-01, 1.109E-01, 1.314E-01, 1.000E+00, 5.445E-01, 9.903E-01, 1.000E-02, 1.000E+00, 1.000E+00, 5.445E-03, 3.370E-05, 6.130E-05, 0.000E+00, 1.647E+02, 6.163E+01, 1.695E-02, 1.168E-04, 5.858E+01, 4.522E-03, 6.459E-02
14/11/2019,13:00,9,2.527,3.027,2.210,.997,.002, 1.006E+03, 8.390E+01, 1.570E-01, 1.424E-02, 1.103E+01, 2.443E+01, 6.191E+01, 9.972E+00,-7.967E+00, 9.078E+00, 2.035E+00, 2.847E-01, 1.114E-01, 8.405E-02, 1.000E+00, 3.856E-01, 9.216E-01, 1.000E-02, 1.000E+00, 1.000E+00, 3.856E-03, 2.384E-05, 5.697E-05, 0.000E+00, 1.640E+02, 6.137E+01, 1.841E-02, 8.261E-05, 5.407E+01, 4.631E-03, 1.048E-02
14/11/2019,14:00,9,2.527,3.027,1.841,.996,.003, 1.007E+03, 8.884E+01, 1.570E-01, 1.399E-02, 1.387E-03, 4.760E+00, 1.863E+00, 1.829E+00,-7.967E+00, 9.078E+00, 2.073E+00, 2.844E-01, 1.134E-01, 1.607E-02, 1.000E+00, 7.247E-02, 7.375E-02, 1.000E-02, 1.000E+00, 1.000E+00, 7.247E-04, 4.474E-06, 4.553E-06, 0.000E+00, 1.611E+02, 6.026E+01, 1.987E-02, 1.550E-05, 5.029E+01, 4.779E-03, 1.104E-02
14/11/2019,15:00,9,2.527,3.027,1.472,.995,.004, 1.008E+03, 9.492E+01, 8.076E-04, 1.373E-02, 0.000E+00, 0.000E+00, 0.000E+00, 0.000E+00,-1.442E+01,-9.221E-01, 2.137E+00, 2.219E-01, 1.000E-01,-9.990E+02, 1.000E+00,-9.990E+02, 0.000E+00, 0.000E+00, 0.000E+00, 1.000E+00, 0.000E+00, 0.000E+00, 0.000E+00, 0.000E+00, 2.230E+02, 6.835E+01, 2.132E-02, 0.000E+00, 4.689E+01, 4.330E-03, 3.619E-02
14/11/2019,16:00,9,2.527,3.027,1.325,.989,.008, 1.009E+03, 1.018E+02, 8.076E-04, 1.373E-02, 0.000E+00, 0.000E+00, 0.000E+00, 0.000E+00,-1.442E+01,-9.221E-01, 2.023E+00, 2.217E-01, 1.000E-01,-9.990E+02, 1.000E+00,-9.990E+02, 0.000E+00, 0.000E+00, 0.000E+00, 1.000E+00, 0.000E+00, 0.000E+00, 0.000E+00, 0.000E+00, 2.230E+02, 6.835E+01, 2.132E-02, 0.000E+00, 4.689E+01, 4.330E-03, 8.220E-02
14/11/2019,17:00,9,2.527,3.027,1.179,.983,.011, 1.010E+03, 1.092E+02, 8.076E-04, 1.373E-02, 0.000E+00, 0.000E+00, 0.000E+00, 0.000E+00,-1.442E+01,-9.221E-01, 1.942E+00, 2.216E-01, 1.000E-01,-9.990E+02, 1.000E+00,-9.990E+02, 0.000E+00, 0.000E+00, 0.000E+00, 1.000E+00, 0.000E+00, 0.000E+00, 0.000E+00, 0.000E+00, 2.231E+02, 6.835E+01, 2.132E-02, 0.000E+00, 4.689E+01, 4.330E-03, 4.966E-02
14/11/2019,18:00,9,2.527,3.027,1.032,.977,.015, 1.011E+03, 1.166E+02, 4.650E-05, 1.373E-02, 0.000E+00, 0.000E+00, 0.000E+00, 0.000E+00,-1.047E+01, 4.774E-01, 1.898E+00, 1.781E-01, 1.000E-01,-9.990E+02, 1.000E+00,-9.990E+02, 0.000E+00, 0.000E+00, 0.000E+00, 1.000E+00, 0.000E+00, 0.000E+00, 0.000E+00, 0.000E+00, 2.448E+02, 6.835E+01, 2.132E-02, 0.000E+00, 4.689E+01, 4.293E-03, 3.409E-02
14/11/2019,19:00,9,2.527,3.027,1.000,.977,.015, 1.012E+03, 1.238E+02, 4.650E-05, 1.373E-02, 0.000E+00, 0.000E+00, 0.000E+00, 0.000E+00,-1.047E+01, 4.774E-01, 1.902E+00, 1.780E-01, 1.000E-01,-9.990E+02, 1.000E+00,-9.990E+02, 0.000E+00, 0.000E+00, 0.000E+00, 1.000E+00, 0.000E+00, 0.000E+00, 0.000E+00, 0.000E+00, 2.449E+02, 6.835E+01, 2.132E-02, 0.000E+00, 4.690E+01, 4.292E-03, 2.352E-02
14/11/2019,20:00,9,2.527,3.027,.968,.978,.014, 1.013E+03, 1.302E+02, 4.650E-05, 1.373E-02, 0.000E+00, 0.000E+00, 0.000E+00, 0.000E+00,-1.047E+01, 4.774E-01, 1.982E+00, 1.779E-01, 1.000E-01,-9.990E+02, 1.000E+00,-9.990E+02, 0.000E+00, 0.000E+00, 0.000E+00, 1.000E+00, 0.000E+00, 0.000E+00, 0.000E+00, 0.000E+00, 2.449E+02, 6.835E+01, 2.091E-02, 0.000E+00, 4.782E+01, 4.276E-03, 2.392E-02
14/11/2019,21:00,9,2.527,3.027,.936,.979,.014, 1.014E+03, 1.352E+02, 4.650E-05, 1.373E-02, 0.000E+00, 0.000E+00, 0.000E+00, 0.000E+00,-1.475E+01,-1.952E+00, 2.130E+00, 1.897E-01, 1.000E-01,-9.990E+02, 1.000E+00,-9.990E+02, 0.000E+00, 0.000E+00, 0.000E+00, 1.000E+00, 0.000E+00, 0.000E+00, 0.000E+00, 0.000E+00, 2.572E+02, 6.835E+01, 2.053E-02, 0.000E+00, 4.871E+01, 4.239E-03, 4.607E-02
14/11/2019,22:00,9,2.527,3.027,.899,.985,.010, 1.015E+03, 1.381E+02, 4.650E-05, 1.373E-02, 0.000E+00, 0.000E+00, 0.000E+00, 0.000E+00,-1.475E+01,-1.952E+00, 2.163E+00, 1.896E-01, 1.000E-01,-9.990E+02, 1.000E+00,-9.990E+02, 0.000E+00, 0.000E+00, 0.000E+00, 1.000E+00, 0.000E+00, 0.000E+00, 0.000E+00, 0.000E+00, 2.573E+02, 6.835E+01, 2.013E-02, 0.000E+00, 4.969E+01, 4.221E-03, 1.258E-01
14/11/2019,23:00,9,2.527,3.027,.863,.991,.006, 1.015E+03, 1.383E+02, 4.650E-05, 1.373E-02, 0.000E+00, 0.000E+00, 0.000E+00, 0.000E+00,-1.475E+01,-1.952E+00, 2.198E+00, 1.895E-01, 1.000E-01,-9.990E+02, 1.000E+00,-9.990E+02, 0.000E+00, 0.000E+00, 0.000E+00, 1.000E+00, 0.000E+00, 0.000E+00, 0.000E+00, 0.000E+00, 2.574E+02, 6.835E+01, 1.975E-02, 0.000E+00, 5.064E+01, 4.204E-03, 1.863E-01
15/11/2019,00:00,9,2.516,3.016,.827,.997,.002, 1.016E+03, 1.358E+02, 5.409E-05, 1.373E-02, 0.000E+00, 0.000E+00, 0.000E+00, 0.000E+00,-7.935E+00,-1.355E+00, 2.234E+00, 1.148E-01, 1.000E-01,-9.990E+02, 1.000E+00,-9.990E+02, 0.000E+00, 0.000E+00, 0.000E+00, 1.000E+00, 0.000E+00, 0.000E+00, 0.000E+00, 0.000E+00, 3.837E+02, 6.835E+01, 1.939E-02, 0.000E+00, 5.157E+01, 3.992E-03, 2.189E-01
15/11/2019,01:00,9,2.516,3.016,1.036,.997,.002, 1.017E+03, 1.311E+02, 5.409E-05, 1.246E-02, 0.000E+00, 0.000E+00, 0.000E+00, 0.000E+00,-7.935E+00,-1.355E+00, 2.009E+00, 1.148E-01, 1.000E-01,-9.990E+02, 1.000E+00,-9.990E+02, 0.000E+00, 0.000E+00, 0.000E+00, 1.000E+00, 0.000E+00, 0.000E+00, 0.000E+00, 0.000E+00, 3.835E+02, 6.835E+01, 2.861E-02, 0.000E+00, 3.495E+01, 4.276E-03, 2.560E-01
15/11/2019,02:00,9,2.516,3.016,1.245,.997,.002, 1.017E+03, 1.249E+02, 5.409E-05, 1.119E-02, 0.000E+00, 0.000E+00, 0.000E+00, 0.000E+00,-7.935E+00,-1.355E+00, 1.915E+00, 1.148E-01, 1.000E-01,-9.990E+02, 1.000E+00,-9.990E+02, 0.000E+00, 0.000E+00, 0.000E+00, 1.000E+00, 0.000E+00, 0.000E+00, 0.000E+00, 0.000E+00, 3.833E+02, 6.835E+01, 3.589E-02, 0.000E+00, 2.786E+01, 4.410E-03, 4.228E-01
15/11/2019,03:00,9,2.516,3.016,1.453,.997,.002, 1.018E+03, 1.178E+02, 5.409E-05, 9.919E-03, 0.000E+00, 0.000E+00, 0.000E+00, 0.000E+00,-1.696E+01,-7.336E+00, 1.969E+00, 1.953E-01, 1.000E-01,-9.990E+02, 1.000E+00,-9.990E+02, 0.000E+00, 0.000E+00, 0.000E+00, 1.000E+00, 0.000E+00, 0.000E+00, 0.000E+00, 0.000E+00, 2.616E+02, 6.835E+01, 3.877E-02, 0.000E+00, 2.579E+01, 4.686E-03, 6.927E-01
15/11/2019,04:00,9,2.516,3.016,1.201,.997,.002, 1.018E+03, 1.104E+02, 5.409E-05, 9.919E-03, 0.000E+00, 0.000E+00, 0.000E+00, 0.000E+00,-1.696E+01,-7.336E+00, 2.005E+00, 1.952E-01, 1.000E-01,-9.990E+02, 1.000E+00,-9.990E+02, 0.000E+00, 0.000E+00, 0.000E+00, 1.000E+00, 0.000E+00, 0.000E+00, 0.000E+00, 0.000E+00, 2.618E+02, 6.835E+01, 3.838E-02, 0.000E+00, 2.606E+01, 4.680E-03, 7.398E-01
15/11/2019,05:00,9,2.516,3.016,.948,.998,.002, 1.019E+03, 1.030E+02, 5.409E-05, 9.919E-03, 0.000E+00, 0.000E+00, 0.000E+00, 0.000E+00,-1.696E+01,-7.336E+00, 2.042E+00, 1.951E-01, 1.000E-01,-9.990E+02, 1.000E+00,-9.990E+02, 0.000E+00, 0.000E+00, 0.000E+00, 1.000E+00, 0.000E+00, 0.000E+00, 0.000E+00, 0.000E+00, 2.619E+02, 6.835E+01, 4.011E-02, 0.000E+00, 2.493E+01, 4.704E-03, 6.958E-01
15/11/2019,06:00,9,2.516,3.016,.695,.998,.001, 1.019E+03, 9.602E+01, 5.409E-05, 9.919E-03, 0.000E+00, 0.000E+00, 0.000E+00, 0.000E+00,-3.254E+00, 3.438E+00, 2.081E+00, 1.123E-01, 1.000E-01,-9.990E+02, 1.000E+00,-9.990E+02, 0.000E+00, 0.000E+00, 0.000E+00, 1.000E+00, 0.000E+00, 0.000E+00, 0.000E+00, 0.000E+00, 2.624E+02, 6.835E+01, 4.097E-02, 0.000E+00, 2.441E+01, 4.715E-03, 7.311E-01
15/11/2019,07:00,9,2.516,3.016,1.237,.991,.006, 1.020E+03, 8.982E+01, 5.409E-05, 9.919E-03, 5.983E-27, 6.998E-01, 0.000E+00, 0.000E+00,-3.254E+00, 3.438E+00, 1.604E+00, 1.124E-01, 1.000E-01,-9.990E+02, 1.000E+00,-9.990E+02, 0.000E+00, 0.000E+00, 0.000E+00, 1.000E+00, 0.000E+00, 0.000E+00, 0.000E+00, 0.000E+00, 2.622E+02, 6.835E+01, 4.038E-02, 0.000E+00, 2.476E+01, 4.707E-03, 9.135E-01
15/11/2019,08:00,9,2.516,3.016,1.779,.985,.011, 1.020E+03, 8.473E+01, 5.409E-05, 9.919E-03, 6.914E+00, 2.078E+01, 4.601E+01, 8.379E+00,-3.254E+00, 3.438E+00, 1.136E+00, 1.124E-01, 1.000E-01, 7.302E-02, 1.000E+00, 3.323E-01, 8.493E-01, 1.000E-02, 1.000E+00, 1.000E+00, 3.323E-03, 2.051E-05, 5.242E-05, 0.000E+00, 2.619E+02, 6.835E+01, 3.140E-02, 7.075E-05, 3.178E+01, 4.557E-03, 1.191E+00
15/11/2019,09:00,9,2.516,3.016,2.322,.978,.016, 1.021E+03, 8.106E+01, 5.409E-05, 9.919E-03, 5.749E+00, 2.933E+01, 3.008E+01, 1.159E+01, 5.470E+00, 1.513E+01, 6.932E-01, 1.258E-01, 1.000E-01, 1.235E-01, 1.000E+00, 4.201E-01, 7.098E-01, 1.000E-02, 1.000E+00, 1.000E+00, 4.201E-03, 2.598E-05, 4.390E-05, 0.000E+00, 1.242E+02, 6.835E+01, 2.674E-02, 8.963E-05, 3.728E+01, 4.885E-03, 1.430E+00
15/11/2019,10:00,9,2.516,3.016,2.751,.977,.017, 1.021E+03, 7.907E+01, 5.409E-05, 9.664E-03, 8.695E+00, 3.802E+01, 3.801E+01, 1.508E+01, 5.470E+00, 1.513E+01, 5.663E-01, 1.259E-01, 1.000E-01, 1.505E-01, 1.000E+00, 5.115E-01, 7.906E-01, 1.000E-02, 1.000E+00, 1.000E+00, 5.115E-03, 3.168E-05, 4.897E-05, 0.000E+00, 1.242E+02, 6.835E+01, 2.626E-02, 1.093E-04, 3.792E+01, 4.869E-03, 1.436E+00
15/11/2019,11:00,9,2.516,3.016,3.180,.977,.018, 1.021E+03, 7.894E+01, 5.409E-05, 9.410E-03, 8.898E+00, 3.860E+01, 3.850E+01, 1.531E+01, 5.470E+00, 1.513E+01, 4.818E-01, 1.260E-01, 1.000E-01, 1.522E-01, 1.000E+00, 5.170E-01, 7.948E-01, 1.000E-02, 1.000E+00, 1.000E+00, 5.170E-03, 3.207E-05, 4.930E-05, 0.000E+00, 1.243E+02, 6.835E+01, 2.590E-02, 1.107E-04, 3.845E+01, 4.856E-03, 1.502E+00
15/11/2019,12:00,9,2.516,3.016,3.610,.976,.019, 1.021E+03, 8.068E+01, 5.409E-05, 9.156E-03, 2.659E+01, 3.398E+01, 9.650E+01, 1.443E+01,-8.652E+00,-3.112E+00, 4.634E-01, 1.349E-01, 1.000E-01, 1.287E-01, 1.000E+00, 5.164E-01, 9.811E-01, 1.000E-02, 1.000E+00, 1.000E+00, 5.164E-03, 3.208E-05, 6.096E-05, 0.000E+00, 3.124E+02, 6.835E+01, 2.561E-02, 1.107E-04, 3.887E+01, 4.325E-03, 1.535E+00
15/11/2019,13:00,9,2.516,3.016,2.955,.982,.013, 1.021E+03, 8.413E+01, 5.409E-05, 9.410E-03, 8.558E+00, 2.191E+01, 5.076E+01, 8.902E+00,-8.652E+00,-3.112E+00, 1.105E+00, 1.347E-01, 1.000E-01, 8.127E-02, 1.000E+00, 3.529E-01, 8.760E-01, 1.000E-02, 1.000E+00, 1.000E+00, 3.529E-03, 2.187E-05, 5.430E-05, 0.000E+00, 3.129E+02, 6.835E+01, 2.904E-02, 7.546E-05, 3.435E+01, 4.411E-03, 1.690E+00
15/11/2019,14:00,9,2.516,3.016,2.301,.988,.008, 1.021E+03, 8.905E+01, 5.409E-05, 9.664E-03, 1.084E-04, 3.555E+00, 0.000E+00, 0.000E+00,-8.652E+00,-3.112E+00, 1.777E+00, 1.346E-01, 1.000E-01,-9.990E+02, 1.000E+00,-9.990E+02, 0.000E+00, 0.000E+00, 0.000E+00, 1.000E+00, 0.000E+00, 0.000E+00, 0.000E+00, 0.000E+00, 3.134E+02, 6.835E+01, 3.022E-02, 0.000E+00, 3.309E+01, 4.434E-03, 1.262E+00
15/11/2019,15:00,9,2.516,3.016,1.646,.995,.004, 1.022E+03, 9.512E+01, 5.409E-05, 9.919E-03, 0.000E+00, 0.000E+00, 0.000E+00, 0.000E+00,-1.854E+01,-1.022E+01, 2.456E+00, 2.484E-01, 1.128E-01,-9.990E+02, 1.000E+00,-9.990E+02, 0.000E+00, 0.000E+00, 0.000E+00, 1.000E+00, 0.000E+00, 0.000E+00, 0.000E+00, 0.000E+00, 1.930E+02, 6.060E+01, 3.978E-02, 0.000E+00, 2.514E+01, 5.323E-03, 5.929E-01
15/11/2019,16:00,9,2.516,3.016,1.219,.994,.004, 1.021E+03, 1.020E+02, 5.409E-05, 9.919E-03, 0.000E+00, 0.000E+00, 0.000E+00, 0.000E+00,-1.854E+01,-1.022E+01, 2.428E+00, 2.483E-01, 1.115E-01,-9.990E+02, 1.000E+00,-9.990E+02, 0.000E+00, 0.000E+00, 0.000E+00, 1.000E+00, 0.000E+00, 0.000E+00, 0.000E+00, 0.000E+00, 1.955E+02, 6.133E+01, 3.824E-02, 0.000E+00, 2.615E+01, 5.240E-03, 3.013E-01
15/11/2019,17:00,9,2.516,3.016,.793,.993,.004, 1.021E+03, 1.094E+02, 5.409E-05, 9.919E-03, 0.000E+00, 0.000E+00, 0.000E+00, 0.000E+00,-1.854E+01,-1.022E+01, 2.468E+00, 2.481E-01, 1.132E-01,-9.990E+02, 1.000E+00,-9.990E+02, 0.000E+00, 0.000E+00, 0.000E+00, 1.000E+00, 0.000E+00, 0.000E+00, 0.000E+00, 0.000E+00, 1.925E+02, 6.038E+01, 4.059E-02, 0.000E+00, 2.464E+01, 5.354E-03, 1.570E-01
15/11/2019,18:00,9,2.516,3.016,.366,.993,.005, 1.021E+03, 1.168E+02, 5.409E-05, 9.919E-03, 0.000E+00, 0.000E+00, 0.000E+00, 0.000E+00,-1.467E+01,-6.156E+00, 2.572E+00, 2.999E-01, 1.349E-01,-9.990E+02, 1.000E+00,-9.990E+02, 0.000E+00, 0.000E+00, 0.000E+00, 1.000E+00, 0.000E+00, 0.000E+00, 0.000E+00, 0.000E+00, 1.413E+02, 5.066E+01, 3.950E-02, 0.000E+00, 2.531E+01, 6.270E-03, 1.280E-01
15/11/2019,19:00,9,2.516,3.016,.521,.991,.006, 1.021E+03, 1.240E+02, 5.409E-05, 9.919E-03, 0.000E+00, 0.000E+00, 0.000E+00, 0.000E+00,-1.467E+01,-6.156E+00, 2.600E+00, 3.000E-01, 1.364E-01,-9.990E+02, 1.000E+00,-9.990E+02, 0.000E+00, 0.000E+00, 0.000E+00, 1.000E+00, 0.000E+00, 0.000E+00, 0.000E+00, 0.000E+00, 1.397E+02, 5.011E+01, 4.011E-02, 0.000E+00, 2.493E+01, 6.344E-03, 3.476E-02
15/11/2019,20:00,9,2.516,3.016,.677,.988,.007, 1.020E+03, 1.304E+02, 5.409E-05, 9.919E-03, 0.000E+00, 0.000E+00, 0.000E+00, 0.000E+00,-1.467E+01,-6.156E+00, 2.632E+00, 3.001E-01, 1.381E-01,-9.990E+02, 1.000E+00,-9.990E+02, 0.000E+00, 0.000E+00, 0.000E+00, 1.000E+00, 0.000E+00, 0.000E+00, 0.000E+00, 0.000E+00, 1.379E+02, 4.948E+01, 4.087E-02, 0.000E+00, 2.447E+01, 6.430E-03, 8.932E-03
15/11/2019,21:00,9,2.516,3.016,.833,.986,.009, 1.020E+03, 1.354E+02, 1.736E-03, 9.919E-03, 0.000E+00, 0.000E+00, 0.000E+00, 0.000E+00,-1.647E+01,-1.941E+00, 2.669E+00, 2.991E-01, 1.379E-01,-9.990E+02, 1.000E+00,-9.990E+02, 0.000E+00, 0.000E+00, 0.000E+00, 1.000E+00, 0.000E+00, 0.000E+00, 0.000E+00, 0.000E+00, 1.404E+02, 4.957E+01, 4.182E-02, 0.000E+00, 2.391E+01, 6.435E-03, 8.510E-03
15/11/2019,22:00,9,2.516,3.016,1.236,.989,.008, 1.020E+03, 1.383E+02, 1.736E-03, 9.664E-03, 0.000E+00, 0.000E+00, 0.000E+00, 0.000E+00,-1.647E+01,-1.941E+00, 2.725E+00, 2.994E-01, 1.408E-01,-9.990E+02, 1.000E+00,-9.990E+02, 0.000E+00, 0.000E+00, 0.000E+00, 1.000E+00, 0.000E+00, 0.000E+00, 0.000E+00, 0.000E+00, 1.374E+02, 4.854E+01, 4.464E-02, 0.000E+00, 2.240E+01, 6.616E-03, 4.385E-02
15/11/2019,23:00,9,2.516,3.016,1.639,.991,.006, 1.019E+03, 1.385E+02, 1.736E-03, 9.410E-03, 0.000E+00, 0.000E+00, 0.000E+00, 0.000E+00,-1.647E+01,-1.941E+00, 2.813E+00, 2.997E-01, 1.454E-01,-9.990E+02, 1.000E+00,-9.990E+02, 0.000E+00, 0.000E+00, 0.000E+00, 1.000E+00, 0.000E+00, 0.000E+00, 0.000E+00, 0.000E+00, 1.330E+02, 4.700E+01, 4.609E-02, 0.000E+00, 2.170E+01, 6.833E-03, 1.357E-02
16/11/2019,00:00,9,2.505,3.005,2.042,.994,.004, 1.018E+03, 1.361E+02, 2.187E-04, 9.156E-03, 0.000E+00, 0.000E+00, 0.000E+00, 0.000E+00,-3.261E+01,-6.919E+00, 2.931E+00, 3.376E-01, 1.443E-01,-9.990E+02, 1.000E+00,-9.990E+02, 0.000E+00, 0.000E+00, 0.000E+00, 1.000E+00, 0.000E+00, 0.000E+00, 0.000E+00, 0.000E+00, 1.407E+02, 4.737E+01, 4.755E-02, 0.000E+00, 2.103E+01, 6.790E-03, 5.653E-02
16/11/2019,01:00,9,2.505,3.005,2.037,.987,.009, 1.018E+03, 1.314E+02, 2.187E-04, 6.358E-03, 0.000E+00, 0.000E+00, 0.000E+00, 0.000E+00,-3.261E+01,-6.919E+00, 3.020E+00, 3.377E-01, 1.487E-01,-9.990E+02, 1.000E+00,-9.990E+02, 0.000E+00, 0.000E+00, 0.000E+00, 1.000E+00, 0.000E+00, 0.000E+00, 0.000E+00, 0.000E+00, 1.365E+02, 4.596E+01, 6.358E-02, 0.000E+00, 1.573E+01, 7.235E-03, 1.676E-02
16/11/2019,02:00,9,2.505,3.005,2.033,.980,.014, 1.017E+03, 1.251E+02, 2.187E-04, 3.561E-03, 0.000E+00, 0.000E+00, 0.000E+00, 0.000E+00,-3.261E+01,-6.919E+00, 3.110E+00, 3.378E-01, 1.532E-01,-9.990E+02, 1.000E+00,-9.990E+02, 0.000E+00, 0.000E+00, 0.000E+00, 1.000E+00, 0.000E+00, 0.000E+00, 0.000E+00, 0.000E+00, 1.326E+02, 4.463E+01, 7.960E-02, 0.000E+00, 1.256E+01, 7.604E-03, 9.832E-03
16/11/2019,03:00,9,2.505,3.005,2.028,.972,.019, 1.016E+03, 1.180E+02, 2.154E-02, 7.630E-04, 0.000E+00, 0.000E+00, 0.000E+00, 0.000E+00,-2.925E+01, 1.258E+01, 3.200E+00, 4.991E-01, 1.797E-01,-9.990E+02, 1.000E+00,-9.990E+02, 0.000E+00, 0.000E+00, 0.000E+00, 1.000E+00, 0.000E+00, 0.000E+00, 0.000E+00, 0.000E+00, 9.905E+01, 3.803E+01, 9.563E-02, 0.000E+00, 1.046E+01, 9.047E-03, 9.186E-03
16/11/2019,04:00,9,2.505,3.005,2.317,.971,.021, 1.016E+03, 1.106E+02, 2.154E-02, 7.630E-04, 0.000E+00, 0.000E+00, 0.000E+00, 0.000E+00,-2.925E+01, 1.258E+01, 3.516E+00, 4.994E-01, 1.975E-01,-9.990E+02, 1.000E+00,-9.990E+02, 0.000E+00, 0.000E+00, 0.000E+00, 1.000E+00, 0.000E+00, 0.000E+00, 0.000E+00, 0.000E+00, 9.012E+01, 3.461E+01, 9.563E-02, 0.000E+00, 1.046E+01, 9.850E-03, 3.749E-02
16/11/2019,05:00,9,2.505,3.005,2.606,.969,.023, 1.016E+03, 1.032E+02, 2.154E-02, 7.630E-04, 0.000E+00, 0.000E+00, 0.000E+00, 0.000E+00,-2.925E+01, 1.258E+01, 3.849E+00, 4.997E-01, 2.163E-01,-9.990E+02, 1.000E+00,-9.990E+02, 0.000E+00, 0.000E+00, 0.000E+00, 1.000E+00, 0.000E+00, 0.000E+00, 0.000E+00, 0.000E+00, 8.231E+01, 3.161E+01, 9.563E-02, 0.000E+00, 1.046E+01, 1.068E-02, 2.022E-02
16/11/2019,06:00,9,2.505,3.005,2.895,.967,.025, 1.015E+03, 9.626E+01, 1.348E-01, 7.630E-04, 0.000E+00, 0.000E+00, 0.000E+00, 0.000E+00,-2.365E+01, 2.254E+01, 4.196E+00, 6.197E-01, 2.433E-01,-9.990E+02, 1.000E+00,-9.990E+02, 0.000E+00, 0.000E+00, 0.000E+00, 1.000E+00, 0.000E+00, 0.000E+00, 0.000E+00, 0.000E+00, 7.089E+01, 2.810E+01, 9.563E-02, 0.000E+00, 1.046E+01, 1.188E-02, 9.199E-03
16/11/2019,07:00,9,2.505,3.005,2.830,.969,.024, 1.015E+03, 9.007E+01, 1.348E-01, 7.630E-04, 0.000E+00, 0.000E+00, 0.000E+00, 0.000E+00,-2.365E+01, 2.254E+01, 4.115E+00, 6.198E-01, 2.386E-01,-9.990E+02, 1.000E+00,-9.990E+02, 0.000E+00, 0.000E+00, 0.000E+00, 1.000E+00, 0.000E+00, 0.000E+00, 0.000E+00, 0.000E+00, 7.228E+01, 2.865E+01, 9.563E-02, 0.000E+00, 1.046E+01, 1.168E-02, 6.940E-03
16/11/2019,08:00,9,2.505,3.005,2.766,.970,.022, 1.014E+03, 8.498E+01, 1.348E-01, 7.630E-04, 7.619E-02, 6.700E+00, 3.028E+00, 2.593E+00,-2.365E+01, 2.254E+01, 4.038E+00, 6.198E-01, 2.342E-01, 6.988E-02, 1.000E+00, 1.023E-01, 1.171E-01, 1.000E-02, 1.000E+00, 1.000E+00, 1.023E-03, 6.335E-06, 7.254E-06, 0.000E+00, 7.364E+01, 2.919E+01, 9.563E-02, 2.176E-05, 1.045E+01, 1.149E-02, 7.406E-03
16/11/2019,09:00,9,2.505,3.005,2.701,.972,.021, 1.014E+03, 8.131E+01, 3.928E-02, 7.630E-04, 5.347E-01, 1.633E+01, 8.107E+00, 6.338E+00,-1.174E+01, 1.742E+01, 3.968E+00, 5.341E-01, 2.313E-01, 1.206E-01, 1.000E+00, 2.360E-01, 2.835E-01, 1.000E-02, 1.000E+00, 1.000E+00, 2.360E-03, 1.461E-05, 1.756E-05, 0.000E+00, 7.416E+01, 2.955E+01, 9.563E-02, 5.020E-05, 1.045E+01, 1.137E-02, 1.222E-02
16/11/2019,10:00,9,2.505,3.005,3.011,.972,.021, 1.013E+03, 7.932E+01, 3.928E-02, 7.630E-04, 8.220E-01, 2.184E+01, 1.070E+01, 8.481E+00,-1.174E+01, 1.742E+01, 3.883E+00, 5.345E-01, 2.264E-01, 1.478E-01, 1.000E+00, 3.036E-01, 3.560E-01, 1.000E-02, 1.000E+00, 1.000E+00, 3.036E-03, 1.882E-05, 2.207E-05, 0.000E+00, 7.578E+01, 3.020E+01, 9.563E-02, 6.465E-05, 1.045E+01, 1.116E-02, 9.433E-03
16/11/2019,11:00,9,2.505,3.005,3.321,.972,.022, 1.013E+03, 7.919E+01, 3.928E-02, 7.630E-04, 8.432E-01, 2.224E+01, 1.088E+01, 8.634E+00,-1.174E+01, 1.742E+01, 3.799E+00, 5.350E-01, 2.215E-01, 1.496E-01, 1.000E+00, 3.082E-01, 3.608E-01, 1.000E-02, 1.000E+00, 1.000E+00, 3.082E-03, 1.913E-05, 2.239E-05, 0.000E+00, 7.746E+01, 3.087E+01, 9.563E-02, 6.570E-05, 1.045E+01, 1.094E-02, 9.544E-03
16/11/2019,12:00,9,2.505,3.005,3.630,.972,.022, 1.012E+03, 8.091E+01, 1.427E-01, 7.630E-04, 5.905E-01, 1.742E+01, 8.632E+00, 6.763E+00,-3.211E+01, 1.679E+01, 3.715E+00, 5.657E-01, 2.115E-01, 1.261E-01, 1.000E+00, 2.499E-01, 2.989E-01, 1.000E-02, 1.000E+00, 1.000E+00, 2.499E-03, 1.553E-05, 1.857E-05, 0.000E+00, 8.308E+01, 3.232E+01, 9.563E-02, 5.333E-05, 1.045E+01, 1.048E-02, 4.275E-02
16/11/2019,13:00,9,2.505,3.005,4.052,.973,.022, 1.011E+03, 8.435E+01, 1.427E-01, 5.087E-04, 1.813E-01, 8.702E+00, 4.294E+00, 3.372E+00,-3.211E+01, 1.679E+01, 3.720E+00, 5.663E-01, 2.118E-01, 7.855E-02, 1.000E+00, 1.321E-01, 1.619E-01, 1.000E-02, 1.000E+00, 1.000E+00, 1.321E-03, 8.218E-06, 1.007E-05, 0.000E+00, 8.296E+01, 3.228E+01, 9.709E-02, 2.823E-05, 1.030E+01, 1.051E-02, 8.976E-03
16/11/2019,14:00,9,2.505,3.005,4.473,.975,.021, 1.011E+03, 8.926E+01, 1.427E-01, 2.543E-04, 9.279E-08, 8.508E-01, 0.000E+00, 0.000E+00,-3.211E+01, 1.679E+01, 3.862E+00, 5.669E-01, 2.199E-01,-9.990E+02, 1.000E+00,-9.990E+02, 0.000E+00, 0.000E+00, 0.000E+00, 1.000E+00, 0.000E+00, 0.000E+00, 0.000E+00, 0.000E+00, 7.989E+01, 3.109E+01, 9.854E-02, 0.000E+00, 1.015E+01, 1.089E-02, 6.379E-02
16/11/2019,15:00,9,2.505,3.005,4.895,.976,.021, 1.010E+03, 9.532E+01, 5.555E-01, 3.469E-16, 0.000E+00, 0.000E+00, 0.000E+00, 0.000E+00,-3.887E+01, 2.278E+01, 4.127E+00, 6.063E-01, 2.351E-01,-9.990E+02, 1.000E+00,-9.990E+02, 0.000E+00, 0.000E+00, 0.000E+00, 1.000E+00, 0.000E+00, 0.000E+00, 0.000E+00, 0.000E+00, 7.469E+01, 2.908E+01, 1.000E-01, 0.000E+00, 1.000E+01, 1.157E-02, 1.078E-01
16/11/2019,16:00,9,2.505,3.005,4.801,.983,.015, 1.009E+03, 1.022E+02, 5.555E-01, 3.469E-16, 0.000E+00, 0.000E+00, 0.000E+00, 0.000E+00,-3.887E+01, 2.278E+01, 4.307E+00, 6.064E-01, 2.453E-01,-9.990E+02, 1.000E+00,-9.990E+02, 0.000E+00, 0.000E+00, 0.000E+00, 1.000E+00, 0.000E+00, 0.000E+00, 0.000E+00, 0.000E+00, 7.158E+01, 2.787E+01, 1.000E-01, 0.000E+00, 1.000E+01, 1.201E-02, 1.195E-01
16/11/2019,17:00,9,2.505,3.005,4.707,.990,.009, 1.008E+03, 1.095E+02, 5.555E-01, 3.469E-16, 0.000E+00, 0.000E+00, 0.000E+00, 0.000E+00,-3.887E+01, 2.278E+01, 4.496E+00, 6.066E-01, 2.561E-01,-9.990E+02, 1.000E+00,-9.990E+02, 0.000E+00, 0.000E+00, 0.000E+00, 1.000E+00, 0.000E+00, 0.000E+00, 0.000E+00, 0.000E+00, 6.856E+01, 2.669E+01, 1.000E-01, 0.000E+00, 1.000E+01, 1.248E-02, 8.391E-02
16/11/2019,18:00,9,2.505,3.005,4.614,.997,.003, 1.007E+03, 1.170E+02, 1.084E+00, 3.469E-16, 0.000E+00, 0.000E+00, 0.000E+00, 0.000E+00,-4.293E+01, 1.865E+01, 4.695E+00, 6.263E-01, 2.674E-01,-9.990E+02, 1.000E+00,-9.990E+02, 0.000E+00, 0.000E+00, 0.000E+00, 1.000E+00, 0.000E+00, 0.000E+00, 0.000E+00, 0.000E+00, 6.568E+01, 2.557E+01, 1.000E-01, 0.000E+00, 1.000E+01, 1.295E-02, 8.375E-02
16/11/2019,19:00,9,2.505,3.005,4.983,.997,.003, 1.007E+03, 1.242E+02, 1.084E+00, 3.469E-16, 0.000E+00, 0.000E+00, 0.000E+00, 0.000E+00,-4.293E+01, 1.865E+01, 4.676E+00, 6.269E-01, 2.663E-01,-9.990E+02, 1.000E+00,-9.990E+02, 0.000E+00, 0.000E+00, 0.000E+00, 1.000E+00, 0.000E+00, 0.000E+00, 0.000E+00, 0.000E+00, 6.594E+01, 2.567E+01, 1.000E-01, 0.000E+00, 1.000E+01, 1.291E-02, 6.335E-02
16/11/2019,20:00,9,2.505,3.005,5.352,.997,.002, 1.006E+03, 1.306E+02, 1.084E+00, 3.469E-16, 0.000E+00, 0.000E+00, 0.000E+00, 0.000E+00,-4.293E+01, 1.865E+01, 4.688E+00, 6.276E-01, 2.670E-01,-9.990E+02, 1.000E+00,-9.990E+02, 0.000E+00, 0.000E+00, 0.000E+00, 1.000E+00, 0.000E+00, 0.000E+00, 0.000E+00, 0.000E+00, 6.575E+01, 2.560E+01, 1.000E-01, 0.000E+00, 1.000E+01, 1.294E-02, 9.367E-02
16/11/2019,21:00,9,2.505,3.005,5.721,.998,.002, 1.005E+03, 1.357E+02, 4.753E-01, 3.469E-16, 0.000E+00, 0.000E+00, 0.000E+00, 0.000E+00,-4.040E+01, 9.208E+00, 4.731E+00, 5.951E-01, 2.683E-01,-9.990E+02, 1.000E+00,-9.990E+02, 0.000E+00, 0.000E+00, 0.000E+00, 1.000E+00, 0.000E+00, 0.000E+00, 0.000E+00, 0.000E+00, 6.572E+01, 2.548E+01, 1.000E-01, 0.000E+00, 1.000E+01, 1.299E-02, 7.857E-02
16/11/2019,22:00,9,2.505,3.005,6.062,.998,.002, 1.004E+03, 1.386E+02, 4.753E-01, 3.469E-16, 0.000E+00, 0.000E+00, 0.000E+00, 0.000E+00,-4.040E+01, 9.208E+00, 4.496E+00, 5.957E-01, 2.550E-01,-9.990E+02, 1.000E+00,-9.990E+02, 0.000E+00, 0.000E+00, 0.000E+00, 1.000E+00, 0.000E+00, 0.000E+00, 0.000E+00, 0.000E+00, 6.914E+01, 2.680E+01, 9.530E-02, 0.000E+00, 1.049E+01, 1.235E-02, 8.624E-02
16/11/2019,23:00,9,2.505,3.005,6.404,.998,.002, 1.004E+03, 1.388E+02, 4.753E-01, 3.469E-16, 0.000E+00, 0.000E+00, 0.000E+00, 0.000E+00,-4.040E+01, 9.208E+00, 4.280E+00, 5.963E-01, 2.428E-01,-9.990E+02, 1.000E+00,-9.990E+02, 0.000E+00, 0.000E+00, 0.000E+00, 1.000E+00, 0.000E+00, 0.000E+00, 0.000E+00, 0.000E+00, 7.262E+01, 2.815E+01, 8.655E-02, 0.000E+00, 1.155E+01, 1.169E-02, 9.415E-02
17/11/2019,00:00,9,2.494,2.994,6.745,.998,.002, 1.003E+03, 1.363E+02, 6.113E-02, 3.469E-16, 0.000E+00, 0.000E+00, 0.000E+00, 0.000E+00,-3.045E+01, 4.946E-01, 4.085E+00, 4.869E-01, 2.278E-01,-9.990E+02, 1.000E+00,-9.990E+02, 0.000E+00, 0.000E+00, 0.000E+00, 1.000E+00, 0.000E+00, 0.000E+00, 0.000E+00, 0.000E+00, 7.874E+01, 3.001E+01, 9.904E-02, 0.000E+00, 1.010E+01, 1.122E-02, 8.963E-02
17/11/2019,01:00,9,2.494,2.994,6.887,.998,.002, 1.003E+03, 1.316E+02, 6.113E-02, 2.543E-04, 0.000E+00, 0.000E+00, 0.000E+00, 0.000E+00,-3.045E+01, 4.946E-01, 3.766E+00, 4.871E-01, 2.100E-01,-9.990E+02, 1.000E+00,-9.990E+02, 0.000E+00, 0.000E+00, 0.000E+00, 1.000E+00, 0.000E+00, 0.000E+00, 0.000E+00, 0.000E+00, 8.540E+01, 3.255E+01, 9.854E-02, 0.000E+00, 1.015E+01, 1.043E-02, 9.670E-02
17/11/2019,02:00,9,2.494,2.994,7.029,.998,.002, 1.002E+03, 1.254E+02, 6.113E-02, 5.087E-04, 0.000E+00, 0.000E+00, 0.000E+00, 0.000E+00,-3.045E+01, 4.946E-01, 3.796E+00, 4.873E-01, 2.117E-01,-9.990E+02, 1.000E+00,-9.990E+02, 0.000E+00, 0.000E+00, 0.000E+00, 1.000E+00, 0.000E+00, 0.000E+00, 0.000E+00, 0.000E+00, 8.471E+01, 3.229E+01, 9.709E-02, 0.000E+00, 1.030E+01, 1.049E-02, 8.505E-02
17/11/2019,03:00,9,2.494,2.994,7.170,.997,.003, 1.002E+03, 1.183E+02, 1.666E-02, 7.630E-04, 0.000E+00, 0.000E+00, 0.000E+00, 0.000E+00,-3.637E+01, 1.873E+01, 4.167E+00, 6.271E-01, 2.388E-01,-9.990E+02, 1.000E+00,-9.990E+02, 0.000E+00, 0.000E+00, 0.000E+00, 1.000E+00, 0.000E+00, 0.000E+00, 0.000E+00, 0.000E+00, 7.308E+01, 2.862E+01, 9.563E-02, 0.000E+00, 1.046E+01, 1.168E-02, 4.620E-02
17/11/2019,04:00,9,2.494,2.994,6.796,.989,.010, 1.003E+03, 1.108E+02, 1.666E-02, 7.630E-04, 0.000E+00, 0.000E+00, 0.000E+00, 0.000E+00,-3.637E+01, 1.873E+01, 4.083E+00, 6.265E-01, 2.339E-01,-9.990E+02, 1.000E+00,-9.990E+02, 0.000E+00, 0.000E+00, 0.000E+00, 1.000E+00, 0.000E+00, 0.000E+00, 0.000E+00, 0.000E+00, 7.461E+01, 2.922E+01, 9.563E-02, 0.000E+00, 1.046E+01, 1.147E-02, 2.474E-02
17/11/2019,05:00,9,2.494,2.994,6.422,.982,.018, 1.003E+03, 1.034E+02, 1.666E-02, 7.630E-04, 0.000E+00, 0.000E+00, 0.000E+00, 0.000E+00,-3.637E+01, 1.873E+01, 4.017E+00, 6.259E-01, 2.302E-01,-9.990E+02, 1.000E+00,-9.990E+02, 0.000E+00, 0.000E+00, 0.000E+00, 1.000E+00, 0.000E+00, 0.000E+00, 0.000E+00, 0.000E+00, 7.583E+01, 2.970E+01, 9.563E-02, 0.000E+00, 1.046E+01, 1.130E-02, 6.273E-02
17/11/2019,06:00,9,2.494,2.994,6.047,.974,.025, 1.004E+03, 9.650E+01, 2.022E-01, 7.630E-04, 0.000E+00, 0.000E+00, 0.000E+00, 0.000E+00,-3.120E+01, 1.760E+01, 3.973E+00, 5.267E-01, 2.242E-01,-9.990E+02, 1.000E+00,-9.990E+02, 0.000E+00, 0.000E+00, 0.000E+00, 1.000E+00, 0.000E+00, 0.000E+00, 0.000E+00, 0.000E+00, 7.907E+01, 3.049E+01, 9.563E-02, 0.000E+00, 1.046E+01, 1.103E-02, 2.053E-02
17/11/2019,07:00,9,2.494,2.994,6.160,.981,.018, 1.004E+03, 9.031E+01, 2.022E-01, 5.087E-04, 0.000E+00, 0.000E+00, 0.000E+00, 0.000E+00,-3.120E+01, 1.760E+01, 3.978E+00, 5.266E-01, 2.244E-01,-9.990E+02, 1.000E+00,-9.990E+02, 0.000E+00, 0.000E+00, 0.000E+00, 1.000E+00, 0.000E+00, 0.000E+00, 0.000E+00, 0.000E+00, 7.897E+01, 3.045E+01, 9.709E-02, 0.000E+00, 1.030E+01, 1.106E-02, 3.132E-02
17/11/2019,08:00,9,2.494,2.994,6.272,.989,.010, 1.005E+03, 8.522E+01, 2.022E-01, 2.543E-04, 6.641E-02, 6.260E+00, 2.829E+00, 2.430E+00,-3.120E+01, 1.760E+01, 4.050E+00, 5.265E-01, 2.285E-01, 6.677E-02, 1.000E+00, 9.609E-02, 1.098E-01, 1.000E-02, 1.000E+00, 1.000E+00, 9.609E-04, 6.028E-06, 6.889E-06, 0.000E+00, 7.756E+01, 2.991E+01, 9.854E-02, 2.061E-05, 1.015E+01, 1.126E-02, 5.814E-02
17/11/2019,09:00,9,2.494,2.994,6.385,.997,.003, 1.006E+03, 8.155E+01, 7.917E-02, 3.469E-16, 2.256E+00, 2.217E+01, 1.639E+01, 8.708E+00,-2.666E+01, 2.725E+01, 4.187E+00, 5.769E-01, 2.404E-01, 1.178E-01, 1.000E+00, 3.233E-01, 4.903E-01, 1.000E-02, 1.000E+00, 1.000E+00, 3.233E-03, 2.029E-05, 3.077E-05, 0.000E+00, 7.243E+01, 2.843E+01, 8.664E-02, 6.939E-05, 1.153E+01, 1.160E-02, 2.000E-01
17/11/2019,10:00,9,2.494,2.994,6.642,.988,.012, 1.007E+03, 7.957E+01, 7.917E-02, 3.469E-16, 3.518E+00, 2.959E+01, 2.136E+01, 1.164E+01,-2.666E+01, 2.725E+01, 4.093E+00, 5.769E-01, 2.351E-01, 1.451E-01, 1.000E+00, 4.101E-01, 5.846E-01, 1.000E-02, 1.000E+00, 1.000E+00, 4.101E-03, 2.576E-05, 3.672E-05, 0.000E+00, 7.407E+01, 2.908E+01, 6.353E-02, 8.808E-05, 1.572E+01, 1.086E-02, 2.304E-01
17/11/2019,11:00,9,2.494,2.994,6.900,.979,.021, 1.007E+03, 7.943E+01, 7.917E-02, 3.469E-16, 3.611E+00, 3.012E+01, 2.169E+01, 1.185E+01,-2.666E+01, 2.725E+01, 4.070E+00, 5.769E-01, 2.338E-01, 1.470E-01, 1.000E+00, 4.159E-01, 5.902E-01, 1.000E-02, 1.000E+00, 1.000E+00, 4.159E-03, 2.614E-05, 3.711E-05, 0.000E+00, 7.449E+01, 2.924E+01, 4.317E-02, 8.941E-05, 2.312E+01, 1.001E-02, 2.648E-01
17/11/2019,12:00,9,2.494,2.994,7.157,.970,.031, 1.008E+03, 8.114E+01, 5.673E-02, 3.469E-16, 7.854E+00, 3.120E+01, 3.799E+01, 1.249E+01,-2.988E+01, 1.260E+01, 4.118E+00, 5.085E-01, 2.317E-01, 1.235E-01, 1.000E+00, 4.498E-01, 7.904E-01, 1.000E-02, 1.000E+00, 1.000E+00, 4.498E-03, 2.831E-05, 4.974E-05, 0.000E+00, 7.674E+01, 2.951E+01, 3.169E-02, 9.680E-05, 3.146E+01, 9.166E-03, 2.483E-01
17/11/2019,13:00,9,2.494,2.994,7.047,.973,.027, 1.009E+03, 8.457E+01, 5.673E-02, 3.469E-16, 2.274E+00, 1.657E+01, 1.856E+01, 6.546E+00,-2.988E+01, 1.260E+01, 3.957E+00, 5.082E-01, 2.226E-01, 7.589E-02, 1.000E+00, 2.587E-01, 5.340E-01, 1.000E-02, 1.000E+00, 1.000E+00, 2.587E-03, 1.627E-05, 3.359E-05, 0.000E+00, 7.988E+01, 3.071E+01, 3.675E-02, 5.564E-05, 2.717E+01, 9.262E-03, 2.546E-01
17/11/2019,14:00,9,2.494,2.994,6.936,.977,.023, 1.010E+03, 8.947E+01, 5.673E-02, 3.469E-16, 4.141E-09, 1.385E+00, 0.000E+00, 0.000E+00,-2.988E+01, 1.260E+01, 3.795E+00, 5.079E-01, 2.135E-01,-9.990E+02, 1.000E+00,-9.990E+02, 0.000E+00, 0.000E+00, 0.000E+00, 1.000E+00, 0.000E+00, 0.000E+00, 0.000E+00, 0.000E+00, 8.329E+01, 3.202E+01, 3.423E-02, 0.000E+00, 2.921E+01, 8.814E-03, 2.810E-01
17/11/2019,15:00,9,2.494,2.994,6.826,.980,.019, 1.011E+03, 9.551E+01, 1.234E-03, 3.469E-16, 0.000E+00, 0.000E+00, 0.000E+00, 0.000E+00,-3.215E+01, 6.055E+00, 3.634E+00, 4.379E-01, 1.973E-01,-9.990E+02, 1.000E+00,-9.990E+02, 0.000E+00, 0.000E+00, 0.000E+00, 1.000E+00, 0.000E+00, 0.000E+00, 0.000E+00, 0.000E+00, 9.335E+01, 3.464E+01, 3.972E-02, 0.000E+00, 2.518E+01, 8.574E-03, 2.896E-01
17/11/2019,16:00,9,2.494,2.994,6.731,.979,.020, 1.012E+03, 1.024E+02, 1.234E-03, 3.469E-16, 0.000E+00, 0.000E+00, 0.000E+00, 0.000E+00,-3.215E+01, 6.055E+00, 3.465E+00, 4.376E-01, 1.881E-01,-9.990E+02, 1.000E+00,-9.990E+02, 0.000E+00, 0.000E+00, 0.000E+00, 1.000E+00, 0.000E+00, 0.000E+00, 0.000E+00, 0.000E+00, 9.791E+01, 3.633E+01, 3.460E-02, 0.000E+00, 2.890E+01, 8.012E-03, 3.030E-01
17/11/2019,17:00,9,2.494,2.994,6.636,.978,.021, 1.013E+03, 1.097E+02, 1.234E-03, 3.469E-16, 0.000E+00, 0.000E+00, 0.000E+00, 0.000E+00,-3.215E+01, 6.055E+00, 3.296E+00, 4.374E-01, 1.790E-01,-9.990E+02, 1.000E+00,-9.990E+02, 0.000E+00, 0.000E+00, 0.000E+00, 1.000E+00, 0.000E+00, 0.000E+00, 0.000E+00, 0.000E+00, 1.029E+02, 3.820E+01, 3.478E-02, 0.000E+00, 2.876E+01, 7.717E-03, 3.125E-01
17/11/2019,18:00,9,2.494,2.994,6.541,.977,.022, 1.013E+03, 1.172E+02, 1.234E-03, 3.469E-16, 0.000E+00, 0.000E+00, 0.000E+00, 0.000E+00,-2.082E+01, 5.439E+00, 3.128E+00, 3.355E-01, 1.637E-01,-9.990E+02, 1.000E+00,-9.990E+02, 0.000E+00, 0.000E+00, 0.000E+00, 1.000E+00, 0.000E+00, 0.000E+00, 0.000E+00, 0.000E+00, 1.167E+02, 4.176E+01, 3.774E-02, 0.000E+00, 2.650E+01, 7.293E-03, 3.186E-01
17/11/2019,19:00,9,2.494,2.994,6.365,.977,.022, 1.014E+03, 1.244E+02, 1.234E-03, 3.469E-16, 0.000E+00, 0.000E+00, 0.000E+00, 0.000E+00,-2.082E+01, 5.439E+00, 2.868E+00, 3.353E-01, 1.501E-01,-9.990E+02, 1.000E+00,-9.990E+02, 0.000E+00, 0.000E+00, 0.000E+00, 1.000E+00, 0.000E+00, 0.000E+00, 0.000E+00, 0.000E+00, 1.273E+02, 4.554E+01, 3.811E-02, 0.000E+00, 2.624E+01, 6.808E-03, 3.189E-01
17/11/2019,20:00,9,2.494,2.994,6.189,.978,.021, 1.015E+03, 1.308E+02, 1.234E-03, 3.469E-16, 0.000E+00, 0.000E+00, 0.000E+00, 0.000E+00,-2.082E+01, 5.439E+00, 2.609E+00, 3.351E-01, 1.365E-01,-9.990E+02, 1.000E+00,-9.990E+02, 0.000E+00, 0.000E+00, 0.000E+00, 1.000E+00, 0.000E+00, 0.000E+00, 0.000E+00, 0.000E+00, 1.400E+02, 5.007E+01, 4.487E-02, 0.000E+00, 2.228E+01, 6.454E-03, 2.212E-01
17/11/2019,21:00,9,2.494,2.994,6.013,.979,.020, 1.015E+03, 1.359E+02, 0.000E+00, 3.469E-16, 0.000E+00, 0.000E+00, 0.000E+00, 0.000E+00,-1.071E+01,-1.026E+00, 2.350E+00, 1.820E-01, 1.000E-01,-9.990E+02, 1.000E+00,-9.990E+02, 0.000E+00, 0.000E+00, 0.000E+00, 1.000E+00, 0.000E+00, 0.000E+00, 0.000E+00, 0.000E+00, 2.414E+02, 6.835E+01, 4.534E-02, 0.000E+00, 2.205E+01, 4.812E-03, 2.071E-01
17/11/2019,22:00,9,2.494,2.994,5.169,.984,.014, 1.015E+03, 1.388E+02, 0.000E+00, 3.469E-16, 0.000E+00, 0.000E+00, 0.000E+00, 0.000E+00,-1.071E+01,-1.026E+00, 2.098E+00, 1.817E-01, 1.000E-01,-9.990E+02, 1.000E+00,-9.990E+02, 0.000E+00, 0.000E+00, 0.000E+00, 1.000E+00, 0.000E+00, 0.000E+00, 0.000E+00, 0.000E+00, 2.417E+02, 6.835E+01, 5.526E-02, 0.000E+00, 1.810E+01, 4.905E-03, 2.436E-01
17/11/2019,23:00,9,2.494,2.994,4.325,.990,.009, 1.016E+03, 1.390E+02, 0.000E+00, 3.469E-16, 0.000E+00, 0.000E+00, 0.000E+00, 0.000E+00,-1.071E+01,-1.026E+00, 1.847E+00, 1.814E-01, 1.000E-01,-9.990E+02, 1.000E+00,-9.990E+02, 0.000E+00, 0.000E+00, 0.000E+00, 1.000E+00, 0.000E+00, 0.000E+00, 0.000E+00, 0.000E+00, 2.420E+02, 6.835E+01, 5.466E-02, 0.000E+00, 1.829E+01, 4.900E-03, 2.046E-01
18/11/2019,00:00,9,2.483,2.983,3.480,.995,.004, 1.016E+03, 1.366E+02, 0.000E+00, 3.469E-16, 0.000E+00, 0.000E+00, 0.000E+00, 0.000E+00,-4.531E+00,-7.989E-01, 1.596E+00, 1.805E-01, 1.000E-01,-9.990E+02, 1.000E+00,-9.990E+02, 0.000E+00, 0.000E+00, 0.000E+00, 1.000E+00, 0.000E+00, 0.000E+00, 0.000E+00, 0.000E+00, 2.000E+02, 6.835E+01, 6.837E-02, 0.000E+00, 1.463E+01, 5.088E-03, 2.221E-01
18/11/2019,01:00,9,2.483,2.983,4.044,.996,.004, 1.016E+03, 1.318E+02, 0.000E+00, 3.469E-16, 0.000E+00, 0.000E+00, 0.000E+00, 0.000E+00,-4.531E+00,-7.989E-01, 1.071E+00, 1.807E-01, 1.000E-01,-9.990E+02, 1.000E+00,-9.990E+02, 0.000E+00, 0.000E+00, 0.000E+00, 1.000E+00, 0.000E+00, 0.000E+00, 0.000E+00, 0.000E+00, 1.999E+02, 6.835E+01, 5.988E-02, 0.000E+00, 1.670E+01, 5.035E-03, 2.723E-01
18/11/2019,02:00,9,2.483,2.983,4.607,.996,.003, 1.016E+03, 1.256E+02, 0.000E+00, 3.469E-16, 0.000E+00, 0.000E+00, 0.000E+00, 0.000E+00,-4.531E+00,-7.989E-01, 9.711E-01, 1.809E-01, 1.000E-01,-9.990E+02, 1.000E+00,-9.990E+02, 0.000E+00, 0.000E+00, 0.000E+00, 1.000E+00, 0.000E+00, 0.000E+00, 0.000E+00, 0.000E+00, 1.998E+02, 6.835E+01, 5.705E-02, 0.000E+00, 1.753E+01, 5.015E-03, 3.705E-01
18/11/2019,03:00,9,2.483,2.983,5.171,.996,.003, 1.016E+03, 1.185E+02, 0.000E+00, 3.469E-16, 0.000E+00, 0.000E+00, 0.000E+00, 0.000E+00,-4.012E+00,-2.163E+00, 1.390E+00, 2.333E-01, 1.000E-01,-9.990E+02, 1.000E+00,-9.990E+02, 0.000E+00, 0.000E+00, 0.000E+00, 1.000E+00, 0.000E+00, 0.000E+00, 0.000E+00, 0.000E+00, 1.813E+02, 6.835E+01, 5.064E-02, 0.000E+00, 1.975E+01, 5.002E-03, 4.379E-01
18/11/2019,04:00,9,2.483,2.983,5.021,.996,.003, 1.016E+03, 1.111E+02, 0.000E+00, 3.469E-16, 0.000E+00, 0.000E+00, 0.000E+00, 0.000E+00,-4.012E+00,-2.163E+00, 1.618E+00, 2.332E-01, 1.000E-01,-9.990E+02, 1.000E+00,-9.990E+02, 0.000E+00, 0.000E+00, 0.000E+00, 1.000E+00, 0.000E+00, 0.000E+00, 0.000E+00, 0.000E+00, 1.814E+02, 6.835E+01, 5.527E-02, 0.000E+00, 1.809E+01, 5.044E-03, 3.689E-01
18/11/2019,05:00,9,2.483,2.983,4.870,.996,.003, 1.016E+03, 1.037E+02, 0.000E+00, 3.469E-16, 0.000E+00, 0.000E+00, 0.000E+00, 0.000E+00,-4.012E+00,-2.163E+00, 2.056E+00, 2.332E-01, 1.133E-01,-9.990E+02, 1.000E+00,-9.990E+02, 0.000E+00, 0.000E+00, 0.000E+00, 1.000E+00, 0.000E+00, 0.000E+00, 0.000E+00, 0.000E+00, 1.600E+02, 6.030E+01, 5.589E-02, 0.000E+00, 1.789E+01, 5.655E-03, 2.917E-01
18/11/2019,06:00,9,2.483,2.983,4.720,.996,.003, 1.016E+03, 9.673E+01, 0.000E+00, 3.469E-16, 0.000E+00, 0.000E+00, 0.000E+00, 0.000E+00,-1.257E+01, 7.988E+00, 2.600E+00, 4.136E-01, 1.480E-01,-9.990E+02, 1.000E+00,-9.990E+02, 0.000E+00, 0.000E+00, 0.000E+00, 1.000E+00, 0.000E+00, 0.000E+00, 0.000E+00, 0.000E+00, 1.187E+02, 4.618E+01, 4.850E-02, 0.000E+00, 2.062E+01, 7.043E-03, 2.455E-01
18/11/2019,07:00,9,2.483,2.983,5.062,.989,.010, 1.016E+03, 9.055E+01, 0.000E+00, 3.469E-16, 0.000E+00, 0.000E+00, 0.000E+00, 0.000E+00,-1.257E+01, 7.988E+00, 2.996E+00, 4.138E-01, 1.706E-01,-9.990E+02, 1.000E+00,-9.990E+02, 0.000E+00, 0.000E+00, 0.000E+00, 1.000E+00, 0.000E+00, 0.000E+00, 0.000E+00, 0.000E+00, 1.030E+02, 4.007E+01, 4.424E-02, 0.000E+00, 2.260E+01, 7.818E-03, 1.781E-01
18/11/2019,08:00,9,2.483,2.983,5.405,.981,.017, 1.016E+03, 8.547E+01, 0.000E+00, 3.469E-16, 2.916E+00, 1.640E+01, 2.498E+01, 6.536E+00,-1.257E+01, 7.988E+00, 3.468E+00, 4.141E-01, 1.974E-01, 6.369E-02, 1.000E+00, 2.616E-01, 6.420E-01, 1.000E-02, 1.000E+00, 1.000E+00, 2.616E-03, 1.636E-05, 4.015E-05, 0.000E+00, 8.896E+01, 3.462E+01, 5.870E-02, 5.569E-05, 1.702E+01, 9.259E-03, 1.769E-01
18/11/2019,09:00,9,2.483,2.983,5.747,.973,.025, 1.016E+03, 8.180E+01, 3.282E-03, 3.469E-16, 9.425E+00, 3.021E+01, 4.526E+01, 1.223E+01,-2.190E+01, 2.660E+01, 3.988E+00, 5.543E-01, 2.296E-01, 1.149E-01, 1.000E+00, 4.470E-01, 8.446E-01, 1.000E-02, 1.000E+00, 1.000E+00, 4.470E-03, 2.798E-05, 5.288E-05, 0.000E+00, 7.562E+01, 2.977E+01, 8.511E-02, 9.527E-05, 1.174E+01, 1.113E-02, 1.134E-01
18/11/2019,10:00,9,2.483,2.983,6.079,.970,.028, 1.016E+03, 7.981E+01, 3.282E-03, 3.469E-16, 1.505E+01, 3.927E+01, 5.853E+01, 1.602E+01,-2.190E+01, 2.660E+01, 4.000E+00, 5.548E-01, 2.304E-01, 1.424E-01, 1.000E+00, 5.434E-01, 9.100E-01, 1.000E-02, 1.000E+00, 1.000E+00, 5.434E-03, 3.406E-05, 5.704E-05, 0.000E+00, 7.537E+01, 2.967E+01, 1.000E-01, 1.160E-04, 9.988E+00, 1.138E-02, 5.609E-02
18/11/2019,11:00,9,2.483,2.983,6.411,.967,.032, 1.015E+03, 7.966E+01, 3.282E-03, 3.469E-16, 1.551E+01, 3.996E+01, 5.949E+01, 1.631E+01,-2.190E+01, 2.660E+01, 4.018E+00, 5.554E-01, 2.314E-01, 1.445E-01, 1.000E+00, 5.500E-01, 9.134E-01, 1.000E-02, 1.000E+00, 1.000E+00, 5.500E-03, 3.452E-05, 5.733E-05, 0.000E+00, 7.504E+01, 2.954E+01, 8.927E-02, 1.175E-04, 1.119E+01, 1.127E-02, 1.391E-01
18/11/2019,12:00,9,2.483,2.983,6.744,.964,.036, 1.014E+03, 8.136E+01, 1.259E-02, 3.469E-16, 3.164E-01, 1.486E+01, 6.847E+00, 5.793E+00,-2.300E+01, 1.964E+01, 4.040E+00, 5.877E-01, 2.335E-01, 1.210E-01, 1.000E+00, 2.161E-01, 2.454E-01, 1.000E-02, 1.000E+00, 1.000E+00, 2.161E-03, 1.358E-05, 1.542E-05, 0.000E+00, 7.412E+01, 2.928E+01, 1.000E-01, 4.622E-05, 9.995E+00, 1.152E-02, 9.487E-02
18/11/2019,13:00,9,2.483,2.983,6.463,.963,.036, 1.014E+03, 8.478E+01, 1.259E-02, 3.469E-16, 8.593E-02, 7.090E+00, 3.233E+00, 2.761E+00,-2.300E+01, 1.964E+01, 4.118E+00, 5.875E-01, 2.380E-01, 7.329E-02, 1.000E+00, 1.086E-01, 1.245E-01, 1.000E-02, 1.000E+00, 1.000E+00, 1.086E-03, 6.816E-06, 7.815E-06, 0.000E+00, 7.271E+01, 2.872E+01, 1.000E-01, 2.321E-05, 9.998E+00, 1.171E-02, 1.672E-01
18/11/2019,14:00,9,2.483,2.983,6.182,.962,.036, 1.014E+03, 8.966E+01, 1.259E-02, 3.469E-16, 1.037E-15, 3.543E-01, 0.000E+00, 0.000E+00,-2.300E+01, 1.964E+01, 4.197E+00, 5.873E-01, 2.426E-01,-9.990E+02, 1.000E+00,-9.990E+02, 0.000E+00, 0.000E+00, 0.000E+00, 1.000E+00, 0.000E+00, 0.000E+00, 0.000E+00, 0.000E+00, 7.134E+01, 2.818E+01, 1.000E-01, 0.000E+00, 1.000E+01, 1.191E-02, 5.777E-02
18/11/2019,15:00,9,2.483,2.983,5.901,.961,.037, 1.013E+03, 9.570E+01, 6.448E-02, 3.469E-16, 0.000E+00, 0.000E+00, 0.000E+00, 0.000E+00,-2.493E+01, 1.521E+01, 4.278E+00, 6.067E-01, 2.473E-01,-9.990E+02, 1.000E+00,-9.990E+02, 0.000E+00, 0.000E+00, 0.000E+00, 1.000E+00, 0.000E+00, 0.000E+00, 0.000E+00, 0.000E+00, 6.993E+01, 2.764E+01, 6.269E-02, 0.000E+00, 1.595E+01, 1.130E-02, 1.111E-01
18/11/2019,16:00,9,2.483,2.983,6.027,.963,.035, 1.013E+03, 1.026E+02, 6.448E-02, 3.469E-16, 0.000E+00, 0.000E+00, 0.000E+00, 0.000E+00,-2.493E+01, 1.521E+01, 4.197E+00, 6.070E-01, 2.426E-01,-9.990E+02, 1.000E+00,-9.990E+02, 0.000E+00, 0.000E+00, 0.000E+00, 1.000E+00, 0.000E+00, 0.000E+00, 0.000E+00, 0.000E+00, 7.128E+01, 2.817E+01, 6.717E-02, 0.000E+00, 1.489E+01, 1.126E-02, 7.729E-02
18/11/2019,17:00,9,2.483,2.983,6.154,.965,.033, 1.012E+03, 1.099E+02, 6.448E-02, 3.469E-16, 0.000E+00, 0.000E+00, 0.000E+00, 0.000E+00,-2.493E+01, 1.521E+01, 4.122E+00, 6.073E-01, 2.383E-01,-9.990E+02, 1.000E+00,-9.990E+02, 0.000E+00, 0.000E+00, 0.000E+00, 1.000E+00, 0.000E+00, 0.000E+00, 0.000E+00, 0.000E+00, 7.257E+01, 2.868E+01, 6.667E-02, 0.000E+00, 1.500E+01, 1.108E-02, 5.404E-02
18/11/2019,18:00,9,2.483,2.983,6.281,.968,.031, 1.012E+03, 1.174E+02, 4.599E-02, 3.469E-16, 0.000E+00, 0.000E+00, 0.000E+00, 0.000E+00,-2.779E+01, 1.183E+01, 4.055E+00, 5.313E-01, 2.304E-01,-9.990E+02, 1.000E+00,-9.990E+02, 0.000E+00, 0.000E+00, 0.000E+00, 1.000E+00, 0.000E+00, 0.000E+00, 0.000E+00, 0.000E+00, 7.640E+01, 2.967E+01, 4.870E-02, 0.000E+00, 2.053E+01, 1.015E-02, 5.781E-02
18/11/2019,19:00,9,2.483,2.983,6.492,.966,.032, 1.011E+03, 1.246E+02, 4.599E-02, 3.469E-16, 0.000E+00, 0.000E+00, 0.000E+00, 0.000E+00,-2.779E+01, 1.183E+01, 3.860E+00, 5.316E-01, 2.193E-01,-9.990E+02, 1.000E+00,-9.990E+02, 0.000E+00, 0.000E+00, 0.000E+00, 1.000E+00, 0.000E+00, 0.000E+00, 0.000E+00, 0.000E+00, 8.025E+01, 3.117E+01, 3.542E-02, 0.000E+00, 2.823E+01, 9.078E-03, 1.142E-01
18/11/2019,20:00,9,2.483,2.983,6.702,.965,.034, 1.011E+03, 1.310E+02, 4.599E-02, 3.469E-16, 0.000E+00, 0.000E+00, 0.000E+00, 0.000E+00,-2.779E+01, 1.183E+01, 3.675E+00, 5.319E-01, 2.088E-01,-9.990E+02, 1.000E+00,-9.990E+02, 0.000E+00, 0.000E+00, 0.000E+00, 1.000E+00, 0.000E+00, 0.000E+00, 0.000E+00, 0.000E+00, 8.428E+01, 3.273E+01, 3.502E-02, 0.000E+00, 2.856E+01, 8.726E-03, 9.407E-02
18/11/2019,21:00,9,2.483,2.983,6.913,.964,.036, 1.010E+03, 1.361E+02, 5.887E-02, 3.469E-16, 0.000E+00, 0.000E+00, 0.000E+00, 0.000E+00,-3.020E+01, 8.519E+00, 3.502E+00, 4.911E-01, 1.957E-01,-9.990E+02, 1.000E+00,-9.990E+02, 0.000E+00, 0.000E+00, 0.000E+00, 1.000E+00, 0.000E+00, 0.000E+00, 0.000E+00, 0.000E+00, 9.140E+01, 3.492E+01, 3.739E-02, 0.000E+00, 2.674E+01, 8.427E-03, 8.867E-02
18/11/2019,22:00,9,2.483,2.983,6.998,.968,.032, 1.010E+03, 1.390E+02, 5.887E-02, 3.469E-16, 0.000E+00, 0.000E+00, 0.000E+00, 0.000E+00,-3.020E+01, 8.519E+00, 3.558E+00, 4.912E-01, 1.989E-01,-9.990E+02, 1.000E+00,-9.990E+02, 0.000E+00, 0.000E+00, 0.000E+00, 1.000E+00, 0.000E+00, 0.000E+00, 0.000E+00, 0.000E+00, 8.995E+01, 3.437E+01, 4.340E-02, 0.000E+00, 2.304E+01, 8.809E-03, 7.077E-02
18/11/2019,23:00,9,2.483,2.983,7.083,.971,.029, 1.010E+03, 1.393E+02, 5.887E-02, 3.469E-16, 0.000E+00, 0.000E+00, 0.000E+00, 0.000E+00,-3.020E+01, 8.519E+00, 3.615E+00, 4.914E-01, 2.021E-01,-9.990E+02, 1.000E+00,-9.990E+02, 0.000E+00, 0.000E+00, 0.000E+00, 1.000E+00, 0.000E+00, 0.000E+00, 0.000E+00, 0.000E+00, 8.852E+01, 3.382E+01, 5.812E-02, 0.000E+00, 1.721E+01, 9.412E-03, 4.692E-02
19/11/2019,00:00,9,2.472,2.972,7.168,.975,.026, 1.009E+03, 1.368E+02, 4.597E-02, 3.469E-16, 0.000E+00, 0.000E+00, 0.000E+00, 0.000E+00,-2.577E+01, 7.594E+00, 3.674E+00, 5.044E-01, 2.080E-01,-9.990E+02, 1.000E+00,-9.990E+02, 0.000E+00, 0.000E+00, 0.000E+00, 1.000E+00, 0.000E+00, 0.000E+00, 0.000E+00, 0.000E+00, 8.496E+01, 3.287E+01, 5.360E-02, 0.000E+00, 1.866E+01, 9.516E-03, 4.827E-02
19/11/2019,01:00,9,2.472,2.972,7.202,.977,.024, 1.009E+03, 1.321E+02, 4.597E-02, 3.469E-16, 0.000E+00, 0.000E+00, 0.000E+00, 0.000E+00,-2.577E+01, 7.594E+00, 3.789E+00, 5.046E-01, 2.145E-01,-9.990E+02, 1.000E+00,-9.990E+02, 0.000E+00, 0.000E+00, 0.000E+00, 1.000E+00, 0.000E+00, 0.000E+00, 0.000E+00, 0.000E+00, 8.236E+01, 3.187E+01, 6.238E-02, 0.000E+00, 1.603E+01, 1.002E-02, 4.310E-02
19/11/2019,02:00,9,2.472,2.972,7.236,.978,.022, 1.008E+03, 1.258E+02, 4.597E-02, 3.469E-16, 0.000E+00, 0.000E+00, 0.000E+00, 0.000E+00,-2.577E+01, 7.594E+00, 3.906E+00, 5.047E-01, 2.211E-01,-9.990E+02, 1.000E+00,-9.990E+02, 0.000E+00, 0.000E+00, 0.000E+00, 1.000E+00, 0.000E+00, 0.000E+00, 0.000E+00, 0.000E+00, 7.989E+01, 3.091E+01, 1.000E-01, 0.000E+00, 1.000E+01, 1.095E-02, 3.240E-02
19/11/2019,03:00,9,2.472,2.972,7.271,.980,.020, 1.008E+03, 1.187E+02, 7.243E-02, 3.469E-16, 0.000E+00, 0.000E+00, 0.000E+00, 0.000E+00,-2.866E+01, 1.223E+01, 4.025E+00, 5.771E-01, 2.306E-01,-9.990E+02, 1.000E+00,-9.990E+02, 0.000E+00, 0.000E+00, 0.000E+00, 1.000E+00, 0.000E+00, 0.000E+00, 0.000E+00, 0.000E+00, 7.570E+01, 2.964E+01, 1.000E-01, 0.000E+00, 1.000E+01, 1.138E-02, 2.440E-02
19/11/2019,04:00,9,2.472,2.972,7.300,.979,.021, 1.008E+03, 1.113E+02, 7.243E-02, 3.469E-16, 0.000E+00, 0.000E+00, 0.000E+00, 0.000E+00,-2.866E+01, 1.223E+01, 4.138E+00, 5.772E-01, 2.371E-01,-9.990E+02, 1.000E+00,-9.990E+02, 0.000E+00, 0.000E+00, 0.000E+00, 1.000E+00, 0.000E+00, 0.000E+00, 0.000E+00, 0.000E+00, 7.363E+01, 2.883E+01, 1.000E-01, 0.000E+00, 1.000E+01, 1.166E-02, 2.259E-02
19/11/2019,05:00,9,2.472,2.972,7.329,.978,.022, 1.007E+03, 1.039E+02, 7.243E-02, 3.469E-16, 0.000E+00, 0.000E+00, 0.000E+00, 0.000E+00,-2.866E+01, 1.223E+01, 4.266E+00, 5.773E-01, 2.444E-01,-9.990E+02, 1.000E+00,-9.990E+02, 0.000E+00, 0.000E+00, 0.000E+00, 1.000E+00, 0.000E+00, 0.000E+00, 0.000E+00, 0.000E+00, 7.141E+01, 2.796E+01, 1.000E-01, 0.000E+00, 1.000E+01, 1.198E-02, 2.561E-02
19/11/2019,06:00,9,2.472,2.972,7.358,.977,.023, 1.007E+03, 9.696E+01, 6.602E-01, 3.469E-16, 0.000E+00, 0.000E+00, 0.000E+00, 0.000E+00,-3.513E+01, 2.119E+01, 4.410E+00, 6.312E-01, 2.532E-01,-9.990E+02, 1.000E+00,-9.990E+02, 0.000E+00, 0.000E+00, 0.000E+00, 1.000E+00, 0.000E+00, 0.000E+00, 0.000E+00, 0.000E+00, 6.879E+01, 2.700E+01, 1.000E-01, 0.000E+00, 1.000E+01, 1.236E-02, 3.418E-02
19/11/2019,07:00,9,2.472,2.972,7.409,.984,.016, 1.007E+03, 9.078E+01, 6.602E-01, 3.469E-16, 0.000E+00, 0.000E+00, 0.000E+00, 0.000E+00,-3.513E+01, 2.119E+01, 4.397E+00, 6.312E-01, 2.525E-01,-9.990E+02, 1.000E+00,-9.990E+02, 0.000E+00, 0.000E+00, 0.000E+00, 1.000E+00, 0.000E+00, 0.000E+00, 0.000E+00, 0.000E+00, 6.898E+01, 2.707E+01, 6.599E-02, 0.000E+00, 1.515E+01, 1.159E-02, 1.361E-01
19/11/2019,08:00,9,2.472,2.972,7.460,.991,.010, 1.007E+03, 8.570E+01, 6.602E-01, 3.469E-16, 7.764E-02, 5.905E+00, 2.824E+00, 2.306E+00,-3.513E+01, 2.119E+01, 4.426E+00, 6.313E-01, 2.542E-01, 6.065E-02, 1.000E+00, 9.166E-02, 1.097E-01, 1.000E-02, 1.000E+00, 1.000E+00, 9.166E-04, 5.774E-06, 6.908E-06, 0.000E+00, 6.852E+01, 2.689E+01, 6.514E-02, 1.957E-05, 1.535E+01, 1.163E-02, 1.979E-01
19/11/2019,09:00,9,2.472,2.972,7.510,.997,.003, 1.007E+03, 8.203E+01, 9.263E-02, 3.469E-16, 4.510E+00, 2.529E+01, 2.636E+01, 1.009E+01,-3.113E+01, 4.262E+01, 4.496E+00, 6.882E-01, 2.609E-01, 1.121E-01, 1.000E+00, 3.759E-01, 6.619E-01, 1.000E-02, 1.000E+00, 1.000E+00, 3.759E-03, 2.368E-05, 4.170E-05, 0.000E+00, 6.605E+01, 2.620E+01, 7.576E-02, 8.027E-05, 1.319E+01, 1.221E-02, 2.210E-01
19/11/2019,10:00,9,2.472,2.972,7.275,.981,.020, 1.008E+03, 8.004E+01, 9.263E-02, 3.469E-16, 7.319E+00, 3.390E+01, 3.475E+01, 1.358E+01,-3.113E+01, 4.262E+01, 4.498E+00, 6.877E-01, 2.610E-01, 1.398E-01, 1.000E+00, 4.745E-01, 7.605E-01, 1.000E-02, 1.000E+00, 1.000E+00, 4.745E-03, 2.987E-05, 4.787E-05, 0.000E+00, 6.602E+01, 2.619E+01, 1.000E-01, 1.013E-04, 9.990E+00, 1.271E-02, 1.986E-01
19/11/2019,11:00,9,2.472,2.972,7.040,.964,.036, 1.008E+03, 7.989E+01, 9.263E-02, 3.469E-16, 7.551E+00, 3.458E+01, 3.536E+01, 1.386E+01,-3.113E+01, 4.262E+01, 4.691E+00, 6.872E-01, 2.722E-01, 1.420E-01, 1.000E+00, 4.816E-01, 7.664E-01, 1.000E-02, 1.000E+00, 1.000E+00, 4.816E-03, 3.030E-05, 4.821E-05, 0.000E+00, 6.331E+01, 2.511E+01, 9.323E-02, 1.027E-04, 1.071E+01, 1.306E-02, 2.110E-01
19/11/2019,12:00,9,2.472,2.972,6.805,.947,.052, 1.009E+03, 8.158E+01, 1.027E-02, 3.469E-16, 2.597E+00, 2.293E+01, 1.794E+01, 9.074E+00,-5.840E+01, 3.965E+01, 5.053E+00, 6.683E-01, 2.864E-01, 1.185E-01, 1.000E+00, 3.364E-01, 5.219E-01, 1.000E-02, 1.000E+00, 1.000E+00, 3.364E-03, 2.114E-05, 3.280E-05, 0.000E+00, 6.162E+01, 2.387E+01, 1.000E-01, 7.166E-05, 9.993E+00, 1.374E-02, 1.383E-01
19/11/2019,13:00,9,2.472,2.972,6.455,.918,.079, 1.009E+03, 8.498E+01, 1.027E-02, 3.469E-16, 6.630E-01, 1.115E+01, 8.174E+00, 4.382E+00,-5.840E+01, 3.965E+01, 4.830E+00, 6.678E-01, 2.737E-01, 7.076E-02, 1.000E+00, 1.735E-01, 2.855E-01, 1.000E-02, 1.000E+00, 1.000E+00, 1.735E-03, 1.089E-05, 1.792E-05, 0.000E+00, 6.448E+01, 2.497E+01, 1.000E-01, 3.690E-05, 9.996E+00, 1.322E-02, 1.386E-01
19/11/2019,14:00,9,2.472,2.972,6.104,.890,.104, 1.009E+03, 8.985E+01, 1.027E-02, 3.469E-16, 1.925E-32, 2.703E-01, 0.000E+00, 0.000E+00,-5.840E+01, 3.965E+01, 4.674E+00, 6.673E-01, 2.648E-01,-9.990E+02, 1.000E+00,-9.990E+02, 0.000E+00, 0.000E+00, 0.000E+00, 1.000E+00, 0.000E+00, 0.000E+00, 0.000E+00, 0.000E+00, 6.664E+01, 2.581E+01, 1.000E-01, 0.000E+00, 1.000E+01, 1.284E-02, 1.498E-01
19/11/2019,15:00,9,2.472,2.972,5.754,.861,.128, 1.010E+03, 9.587E+01, 8.400E-02, 3.469E-16, 0.000E+00, 0.000E+00, 0.000E+00, 0.000E+00,-3.888E+01, 2.294E+01, 4.592E+00, 5.919E-01, 2.607E-01,-9.990E+02, 1.000E+00,-9.990E+02, 0.000E+00, 0.000E+00, 0.000E+00, 1.000E+00, 0.000E+00, 0.000E+00, 0.000E+00, 0.000E+00, 6.755E+01, 2.622E+01, 3.264E-02, 0.000E+00, 3.064E+01, 1.004E-02, 3.007E-01
19/11/2019,16:00,9,2.472,2.972,5.757,.872,.118, 1.010E+03, 1.027E+02, 8.400E-02, 3.469E-16, 0.000E+00, 0.000E+00, 0.000E+00, 0.000E+00,-3.888E+01, 2.294E+01, 4.347E+00, 5.919E-01, 2.468E-01,-9.990E+02, 1.000E+00,-9.990E+02, 0.000E+00, 0.000E+00, 0.000E+00, 1.000E+00, 0.000E+00, 0.000E+00, 0.000E+00, 0.000E+00, 7.136E+01, 2.770E+01, 3.229E-02, 0.000E+00, 3.097E+01, 9.636E-03, 3.720E-01
19/11/2019,17:00,9,2.472,2.972,5.761,.883,.107, 1.010E+03, 1.101E+02, 8.400E-02, 3.469E-16, 0.000E+00, 0.000E+00, 0.000E+00, 0.000E+00,-3.888E+01, 2.294E+01, 4.101E+00, 5.919E-01, 2.329E-01,-9.990E+02, 1.000E+00,-9.990E+02, 0.000E+00, 0.000E+00, 0.000E+00, 1.000E+00, 0.000E+00, 0.000E+00, 0.000E+00, 0.000E+00, 7.563E+01, 2.935E+01, 8.017E-02, 0.000E+00, 1.247E+01, 1.116E-02, 3.032E-01
19/11/2019,18:00,9,2.472,2.972,5.764,.895,.097, 1.010E+03, 1.175E+02, 9.755E-02, 3.469E-16, 0.000E+00, 0.000E+00, 0.000E+00, 0.000E+00,-2.515E+01, 1.225E+01, 3.856E+00, 4.127E-01, 2.106E-01,-9.990E+02, 1.000E+00,-9.990E+02, 0.000E+00, 0.000E+00, 0.000E+00, 1.000E+00, 0.000E+00, 0.000E+00, 0.000E+00, 0.000E+00, 8.698E+01, 3.246E+01, 1.000E-01, 0.000E+00, 1.000E+01, 1.045E-02, 2.203E-01
19/11/2019,19:00,9,2.472,2.972,5.743,.913,.080, 1.010E+03, 1.248E+02, 9.755E-02, 3.469E-16, 0.000E+00, 0.000E+00, 0.000E+00, 0.000E+00,-2.515E+01, 1.225E+01, 3.230E+00, 4.126E-01, 1.764E-01,-9.990E+02, 1.000E+00,-9.990E+02, 0.000E+00, 0.000E+00, 0.000E+00, 1.000E+00, 0.000E+00, 0.000E+00, 0.000E+00, 0.000E+00, 1.038E+02, 3.875E+01, 1.000E-01, 0.000E+00, 1.000E+01, 8.909E-03, 1.647E-01
19/11/2019,20:00,9,2.472,2.972,5.722,.931,.063, 1.011E+03, 1.312E+02, 9.755E-02, 3.469E-16, 0.000E+00, 0.000E+00, 0.000E+00, 0.000E+00,-2.515E+01, 1.225E+01, 2.605E+00, 4.126E-01, 1.422E-01,-9.990E+02, 1.000E+00,-9.990E+02, 0.000E+00, 0.000E+00, 0.000E+00, 1.000E+00, 0.000E+00, 0.000E+00, 0.000E+00, 0.000E+00, 1.288E+02, 4.806E+01, 1.000E-01, 0.000E+00, 1.000E+01, 7.311E-03, 1.350E-01
19/11/2019,21:00,9,2.472,2.972,5.701,.949,.047, 1.011E+03, 1.363E+02, 2.565E-02, 3.469E-16, 0.000E+00, 0.000E+00, 0.000E+00, 0.000E+00,-1.446E+01, 2.355E+00, 1.981E+00, 2.345E-01, 1.000E-01,-9.990E+02, 1.000E+00,-9.990E+02, 0.000E+00, 0.000E+00, 0.000E+00, 1.000E+00, 0.000E+00, 0.000E+00, 0.000E+00, 0.000E+00, 2.146E+02, 6.835E+01, 1.000E-01, 0.000E+00, 1.000E+01, 5.174E-03, 1.273E-01
19/11/2019,22:00,9,2.472,2.972,5.485,.958,.038, 1.012E+03, 1.392E+02, 2.565E-02, 3.469E-16, 0.000E+00, 0.000E+00, 0.000E+00, 0.000E+00,-1.446E+01, 2.355E+00, 1.989E+00, 2.343E-01, 1.000E-01,-9.990E+02, 1.000E+00,-9.990E+02, 0.000E+00, 0.000E+00, 0.000E+00, 1.000E+00, 0.000E+00, 0.000E+00, 0.000E+00, 0.000E+00, 2.147E+02, 6.835E+01, 1.000E-01, 0.000E+00, 1.000E+01, 5.174E-03, 1.295E-01
19/11/2019,23:00,9,2.472,2.972,5.269,.967,.029, 1.013E+03, 1.395E+02, 2.565E-02, 3.469E-16, 0.000E+00, 0.000E+00, 0.000E+00, 0.000E+00,-1.446E+01, 2.355E+00, 2.220E+00, 2.341E-01, 1.034E-01,-9.990E+02, 1.000E+00,-9.990E+02, 0.000E+00, 0.000E+00, 0.000E+00, 1.000E+00, 0.000E+00, 0.000E+00, 0.000E+00, 0.000E+00, 2.078E+02, 6.612E+01, 1.000E-01, 0.000E+00, 1.000E+01, 5.339E-03, 3.189E-02
20/11/2019,00:00,9,2.461,2.961,5.052,.976,.021, 1.014E+03, 1.370E+02, 3.099E-03, 3.469E-16, 0.000E+00, 0.000E+00, 0.000E+00, 0.000E+00,-1.366E+01, 6.929E+00, 2.617E+00, 3.593E-01, 1.450E-01,-9.990E+02, 1.000E+00,-9.990E+02, 0.000E+00, 0.000E+00, 0.000E+00, 1.000E+00, 0.000E+00, 0.000E+00, 0.000E+00, 0.000E+00, 1.245E+02, 4.714E+01, 1.000E-01, 0.000E+00, 1.000E+01, 7.452E-03, 4.878E-02
20/11/2019,01:00,9,2.461,2.961,5.144,.974,.023, 1.014E+03, 1.323E+02, 3.099E-03, 3.469E-16, 0.000E+00, 0.000E+00, 0.000E+00, 0.000E+00,-1.366E+01, 6.929E+00, 2.688E+00, 3.592E-01, 1.489E-01,-9.990E+02, 1.000E+00,-9.990E+02, 0.000E+00, 0.000E+00, 0.000E+00, 1.000E+00, 0.000E+00, 0.000E+00, 0.000E+00, 0.000E+00, 1.212E+02, 4.590E+01, 1.000E-01, 0.000E+00, 1.000E+01, 7.637E-03, 5.758E-02
20/11/2019,02:00,9,2.461,2.961,5.235,.972,.024, 1.015E+03, 1.261E+02, 3.099E-03, 3.469E-16, 0.000E+00, 0.000E+00, 0.000E+00, 0.000E+00,-1.366E+01, 6.929E+00, 2.764E+00, 3.591E-01, 1.532E-01,-9.990E+02, 1.000E+00,-9.990E+02, 0.000E+00, 0.000E+00, 0.000E+00, 1.000E+00, 0.000E+00, 0.000E+00, 0.000E+00, 0.000E+00, 1.178E+02, 4.463E+01, 1.000E-01, 0.000E+00, 1.000E+01, 7.837E-03, 4.604E-02
20/11/2019,03:00,9,2.461,2.961,5.326,.970,.026, 1.016E+03, 1.189E+02, 1.821E-03, 3.469E-16, 0.000E+00, 0.000E+00, 0.000E+00, 0.000E+00,-1.477E+01, 1.972E+00, 2.846E+00, 3.068E-01, 1.503E-01,-9.990E+02, 1.000E+00,-9.990E+02, 0.000E+00, 0.000E+00, 0.000E+00, 1.000E+00, 0.000E+00, 0.000E+00, 0.000E+00, 0.000E+00, 1.260E+02, 4.548E+01, 1.000E-01, 0.000E+00, 1.000E+01, 7.671E-03, 3.401E-02
20/11/2019,04:00,9,2.461,2.961,4.826,.975,.022, 1.017E+03, 1.115E+02, 1.821E-03, 3.469E-16, 0.000E+00, 0.000E+00, 0.000E+00, 0.000E+00,-1.477E+01, 1.972E+00, 2.583E+00, 3.064E-01, 1.363E-01,-9.990E+02, 1.000E+00,-9.990E+02, 0.000E+00, 0.000E+00, 0.000E+00, 1.000E+00, 0.000E+00, 0.000E+00, 0.000E+00, 0.000E+00, 1.390E+02, 5.014E+01, 1.000E-01, 0.000E+00, 1.000E+01, 7.007E-03, 2.584E-02
20/11/2019,05:00,9,2.461,2.961,4.325,.979,.017, 1.018E+03, 1.041E+02, 1.821E-03, 3.469E-16, 0.000E+00, 0.000E+00, 0.000E+00, 0.000E+00,-1.477E+01, 1.972E+00, 2.319E+00, 3.060E-01, 1.224E-01,-9.990E+02, 1.000E+00,-9.990E+02, 0.000E+00, 0.000E+00, 0.000E+00, 1.000E+00, 0.000E+00, 0.000E+00, 0.000E+00, 0.000E+00, 1.548E+02, 5.585E+01, 1.000E-01, 0.000E+00, 1.000E+01, 6.336E-03, 7.254E-02
20/11/2019,06:00,9,2.461,2.961,3.824,.984,.013, 1.018E+03, 9.719E+01, 1.091E-03, 3.469E-16, 0.000E+00, 0.000E+00, 0.000E+00, 0.000E+00,-3.293E+00, 8.448E-01, 2.057E+00, 1.316E-01, 1.000E-01,-9.990E+02, 1.000E+00,-9.990E+02, 0.000E+00, 0.000E+00, 0.000E+00, 1.000E+00, 0.000E+00, 0.000E+00, 0.000E+00, 0.000E+00, 2.275E+02, 6.835E+01, 1.000E-01, 0.000E+00, 1.000E+01, 5.143E-03, 2.397E-02
20/11/2019,07:00,9,2.461,2.961,4.249,.976,.020, 1.019E+03, 9.101E+01, 1.091E-03, 3.469E-16, 0.000E+00, 0.000E+00, 0.000E+00, 0.000E+00,-3.293E+00, 8.448E-01, 1.540E+00, 1.317E-01, 1.000E-01,-9.990E+02, 1.000E+00,-9.990E+02, 0.000E+00, 0.000E+00, 0.000E+00, 1.000E+00, 0.000E+00, 0.000E+00, 0.000E+00, 0.000E+00, 2.274E+02, 6.835E+01, 1.000E-01, 0.000E+00, 1.000E+01, 5.143E-03, 1.126E-01
20/11/2019,08:00,9,2.461,2.961,4.675,.969,.027, 1.020E+03, 8.593E+01, 1.091E-03, 3.469E-16, 2.116E+00, 1.478E+01, 2.081E+01, 5.895E+00,-3.293E+00, 8.448E-01, 1.094E+00, 1.317E-01, 1.000E-01, 5.765E-02, 1.000E+00, 2.361E-01, 5.752E-01, 1.000E-02, 1.000E+00, 1.000E+00, 2.361E-03, 1.472E-05, 3.587E-05, 0.000E+00, 2.273E+02, 6.835E+01, 6.826E-02, 4.968E-05, 1.464E+01, 5.023E-03, 1.539E-01
20/11/2019,09:00,9,2.461,2.961,5.100,.961,.034, 1.021E+03, 8.227E+01, 2.369E-03, 3.469E-16, 6.489E+00, 2.687E+01, 3.495E+01, 1.085E+01, 2.150E+00, 5.317E+00, 8.402E-01, 1.365E-01, 1.000E-01, 1.094E-01, 1.000E+00, 4.039E-01, 7.625E-01, 1.000E-02, 1.000E+00, 1.000E+00, 4.039E-03, 2.523E-05, 4.763E-05, 0.000E+00, 1.432E+02, 6.835E+01, 3.865E-02, 8.513E-05, 2.581E+01, 4.992E-03, 4.500E-01
20/11/2019,10:00,9,2.461,2.961,5.516,.959,.037, 1.021E+03, 8.027E+01, 2.369E-03, 3.469E-16, 1.080E+01, 3.586E+01, 4.652E+01, 1.457E+01, 2.150E+00, 5.317E+00, 8.011E-01, 1.366E-01, 1.000E-01, 1.373E-01, 1.000E+00, 5.058E-01, 8.524E-01, 1.000E-02, 1.000E+00, 1.000E+00, 5.058E-03, 3.164E-05, 5.333E-05, 0.000E+00, 1.433E+02, 6.835E+01, 3.016E-02, 1.068E-04, 3.304E+01, 4.818E-03, 7.658E-01
20/11/2019,11:00,9,2.461,2.961,5.933,.958,.039, 1.022E+03, 8.011E+01, 2.369E-03, 3.469E-16, 1.118E+01, 3.660E+01, 4.740E+01, 1.487E+01, 2.150E+00, 5.317E+00, 8.622E-01, 1.367E-01, 1.000E-01, 1.396E-01, 1.000E+00, 5.135E-01, 8.577E-01, 1.000E-02, 1.000E+00, 1.000E+00, 5.135E-03, 3.217E-05, 5.373E-05, 0.000E+00, 1.433E+02, 6.835E+01, 2.721E-02, 1.085E-04, 3.661E+01, 4.736E-03, 9.992E-01
20/11/2019,12:00,9,2.461,2.961,6.349,.956,.042, 1.022E+03, 8.179E+01, 3.281E-03, 3.469E-16, 4.659E-01, 1.499E+01, 7.515E+00, 5.884E+00,-2.088E+00, 4.009E+00, 1.005E+00, 2.050E-01, 1.000E-01, 1.161E-01, 1.000E+00, 2.209E-01, 2.659E-01, 1.000E-02, 1.000E+00, 1.000E+00, 2.209E-03, 1.386E-05, 1.668E-05, 0.000E+00, 1.783E+02, 6.835E+01, 2.655E-02, 4.676E-05, 3.760E+01, 4.598E-03, 1.090E+00
20/11/2019,13:00,9,2.461,2.961,6.166,.968,.031, 1.022E+03, 8.518E+01, 3.281E-03, 3.469E-16, 1.097E-01, 6.893E+00, 3.354E+00, 2.701E+00,-2.088E+00, 4.009E+00, 1.263E+00, 2.049E-01, 1.000E-01, 6.830E-02, 1.000E+00, 1.068E-01, 1.289E-01, 1.000E-02, 1.000E+00, 1.000E+00, 1.068E-03, 6.695E-06, 8.079E-06, 0.000E+00, 1.783E+02, 6.835E+01, 3.095E-02, 2.259E-05, 3.229E+01, 4.713E-03, 1.141E+00
20/11/2019,14:00,9,2.461,2.961,5.984,.979,.020, 1.023E+03, 9.004E+01, 3.281E-03, 3.469E-16, 0.000E+00, 0.000E+00, 0.000E+00, 0.000E+00,-2.088E+00, 4.009E+00, 1.522E+00, 2.048E-01, 1.000E-01,-9.990E+02, 1.000E+00,-9.990E+02, 0.000E+00, 0.000E+00, 0.000E+00, 1.000E+00, 0.000E+00, 0.000E+00, 0.000E+00, 0.000E+00, 1.783E+02, 6.835E+01, 3.609E-02, 0.000E+00, 2.771E+01, 4.817E-03, 1.110E+00
20/11/2019,15:00,9,2.461,2.961,5.802,.990,.009, 1.023E+03, 9.605E+01, 0.000E+00, 3.469E-16, 0.000E+00, 0.000E+00, 0.000E+00, 0.000E+00,-1.313E+01,-3.375E+00, 1.781E+00, 2.392E-01, 1.000E-01,-9.990E+02, 1.000E+00,-9.990E+02, 0.000E+00, 0.000E+00, 0.000E+00, 1.000E+00, 0.000E+00, 0.000E+00, 0.000E+00, 0.000E+00, 2.075E+02, 6.835E+01, 4.857E-02, 0.000E+00, 2.059E+01, 4.921E-03, 1.077E+00
20/11/2019,16:00,9,2.461,2.961,5.781,.989,.010, 1.024E+03, 1.029E+02, 0.000E+00, 3.469E-16, 0.000E+00, 0.000E+00, 0.000E+00, 0.000E+00,-1.313E+01,-3.375E+00, 1.999E+00, 2.391E-01, 1.000E-01,-9.990E+02, 1.000E+00,-9.990E+02, 0.000E+00, 0.000E+00, 0.000E+00, 1.000E+00, 0.000E+00, 0.000E+00, 0.000E+00, 0.000E+00, 2.075E+02, 6.835E+01, 4.215E-02, 0.000E+00, 2.372E+01, 4.847E-03, 9.783E-01
20/11/2019,17:00,9,2.461,2.961,5.760,.988,.011, 1.024E+03, 1.102E+02, 0.000E+00, 3.469E-16, 0.000E+00, 0.000E+00, 0.000E+00, 0.000E+00,-1.313E+01,-3.375E+00, 2.218E+00, 2.391E-01, 1.069E-01,-9.990E+02, 1.000E+00,-9.990E+02, 0.000E+00, 0.000E+00, 0.000E+00, 1.000E+00, 0.000E+00, 0.000E+00, 0.000E+00, 0.000E+00, 1.942E+02, 6.396E+01, 4.920E-02, 0.000E+00, 2.032E+01, 5.230E-03, 6.847E-01
20/11/2019,18:00,9,2.461,2.961,5.739,.987,.012, 1.024E+03, 1.177E+02, 7.264E-04, 3.469E-16, 0.000E+00, 0.000E+00, 0.000E+00, 0.000E+00,-2.116E+01,-7.118E+00, 2.436E+00, 3.297E-01, 1.266E-01,-9.990E+02, 1.000E+00,-9.990E+02, 0.000E+00, 0.000E+00, 0.000E+00, 1.000E+00, 0.000E+00, 0.000E+00, 0.000E+00, 0.000E+00, 1.520E+02, 5.399E+01, 5.320E-02, 0.000E+00, 1.880E+01, 6.175E-03, 4.465E-01
20/11/2019,19:00,9,2.461,2.961,5.641,.990,.009, 1.024E+03, 1.249E+02, 7.264E-04, 3.469E-16, 0.000E+00, 0.000E+00, 0.000E+00, 0.000E+00,-2.116E+01,-7.118E+00, 2.597E+00, 3.296E-01, 1.349E-01,-9.990E+02, 1.000E+00,-9.990E+02, 0.000E+00, 0.000E+00, 0.000E+00, 1.000E+00, 0.000E+00, 0.000E+00, 0.000E+00, 0.000E+00, 1.426E+02, 5.065E+01, 5.779E-02, 0.000E+00, 1.730E+01, 6.597E-03, 2.463E-01
20/11/2019,20:00,9,2.461,2.961,5.543,.992,.007, 1.024E+03, 1.314E+02, 7.264E-04, 3.469E-16, 0.000E+00, 0.000E+00, 0.000E+00, 0.000E+00,-2.116E+01,-7.118E+00, 2.787E+00, 3.296E-01, 1.448E-01,-9.990E+02, 1.000E+00,-9.990E+02, 0.000E+00, 0.000E+00, 0.000E+00, 1.000E+00, 0.000E+00, 0.000E+00, 0.000E+00, 0.000E+00, 1.329E+02, 4.720E+01, 1.000E-01, 0.000E+00, 1.000E+01, 7.400E-03, 4.766E-02
20/11/2019,21:00,9,2.461,2.961,5.446,.995,.005, 1.024E+03, 1.365E+02, 1.605E-02, 3.469E-16, 0.000E+00, 0.000E+00, 0.000E+00, 0.000E+00,-8.116E+00,-1.626E+00, 3.000E+00, 4.230E-01, 1.737E-01,-9.990E+02, 1.000E+00,-9.990E+02, 0.000E+00, 0.000E+00, 0.000E+00, 1.000E+00, 0.000E+00, 0.000E+00, 0.000E+00, 0.000E+00, 9.945E+01, 3.935E+01, 1.000E-01, 0.000E+00, 1.000E+01, 8.829E-03, 1.983E-02
20/11/2019,22:00,9,2.461,2.961,5.614,.994,.005, 1.024E+03, 1.394E+02, 1.605E-02, 3.469E-16, 0.000E+00, 0.000E+00, 0.000E+00, 0.000E+00,-8.116E+00,-1.626E+00, 3.076E+00, 4.231E-01, 1.781E-01,-9.990E+02, 1.000E+00,-9.990E+02, 0.000E+00, 0.000E+00, 0.000E+00, 1.000E+00, 0.000E+00, 0.000E+00, 0.000E+00, 0.000E+00, 9.701E+01, 3.839E+01, 1.000E-01, 0.000E+00, 1.000E+01, 9.030E-03, 8.990E-03
20/11/2019,23:00,9,2.461,2.961,5.783,.993,.006, 1.024E+03, 1.397E+02, 1.605E-02, 3.469E-16, 0.000E+00, 0.000E+00, 0.000E+00, 0.000E+00,-8.116E+00,-1.626E+00, 3.155E+00, 4.233E-01, 1.826E-01,-9.990E+02, 1.000E+00,-9.990E+02, 0.000E+00, 0.000E+00, 0.000E+00, 1.000E+00, 0.000E+00, 0.000E+00, 0.000E+00, 0.000E+00, 9.458E+01, 3.743E+01, 1.000E-01, 0.000E+00, 1.000E+01, 9.240E-03, 9.641E-03
21/11/2019,00:00,9,2.449,2.949,5.952,.993,.007, 1.024E+03, 1.373E+02, 2.107E-02, 3.469E-16, 0.000E+00, 0.000E+00, 0.000E+00, 0.000E+00,-1.276E+01, 4.768E+00, 3.236E+00, 4.803E-01, 1.870E-01,-9.990E+02, 1.000E+00,-9.990E+02, 0.000E+00, 0.000E+00, 0.000E+00, 1.000E+00, 0.000E+00, 0.000E+00, 0.000E+00, 0.000E+00, 9.254E+01, 3.655E+01, 1.000E-01, 0.000E+00, 1.000E+01, 9.440E-03, 1.042E-02
21/11/2019,01:00,9,2.449,2.949,5.934,.991,.009, 1.024E+03, 1.325E+02, 2.107E-02, 3.469E-16, 0.000E+00, 0.000E+00, 0.000E+00, 0.000E+00,-1.276E+01, 4.768E+00, 3.292E+00, 4.803E-01, 1.902E-01,-9.990E+02, 1.000E+00,-9.990E+02, 0.000E+00, 0.000E+00, 0.000E+00, 1.000E+00, 0.000E+00, 0.000E+00, 0.000E+00, 0.000E+00, 9.099E+01, 3.594E+01, 1.000E-01, 0.000E+00, 1.000E+01, 9.585E-03, 8.014E-03
21/11/2019,02:00,9,2.449,2.949,5.915,.988,.011, 1.024E+03, 1.263E+02, 2.107E-02, 3.469E-16, 0.000E+00, 0.000E+00, 0.000E+00, 0.000E+00,-1.276E+01, 4.768E+00, 3.348E+00, 4.804E-01, 1.935E-01,-9.990E+02, 1.000E+00,-9.990E+02, 0.000E+00, 0.000E+00, 0.000E+00, 1.000E+00, 0.000E+00, 0.000E+00, 0.000E+00, 0.000E+00, 8.945E+01, 3.533E+01, 1.000E-01, 0.000E+00, 1.000E+01, 9.734E-03, 7.330E-03
21/11/2019,03:00,9,2.449,2.949,5.897,.986,.013, 1.023E+03, 1.192E+02, 1.878E-02, 3.469E-16, 0.000E+00, 0.000E+00, 0.000E+00, 0.000E+00,-1.642E+01, 1.059E+01, 3.406E+00, 4.788E-01, 1.952E-01,-9.990E+02, 1.000E+00,-9.990E+02, 0.000E+00, 0.000E+00, 0.000E+00, 1.000E+00, 0.000E+00, 0.000E+00, 0.000E+00, 0.000E+00, 8.936E+01, 3.501E+01, 1.000E-01, 0.000E+00, 1.000E+01, 9.808E-03, 9.312E-03
21/11/2019,04:00,9,2.449,2.949,5.849,.982,.017, 1.023E+03, 1.117E+02, 1.878E-02, 3.469E-16, 0.000E+00, 0.000E+00, 0.000E+00, 0.000E+00,-1.642E+01, 1.059E+01, 3.443E+00, 4.788E-01, 1.973E-01,-9.990E+02, 1.000E+00,-9.990E+02, 0.000E+00, 0.000E+00, 0.000E+00, 1.000E+00, 0.000E+00, 0.000E+00, 0.000E+00, 0.000E+00, 8.841E+01, 3.464E+01, 1.000E-01, 0.000E+00, 1.000E+01, 9.903E-03, 1.293E-02
21/11/2019,05:00,9,2.449,2.949,5.800,.978,.021, 1.023E+03, 1.043E+02, 1.878E-02, 3.469E-16, 0.000E+00, 0.000E+00, 0.000E+00, 0.000E+00,-1.642E+01, 1.059E+01, 3.484E+00, 4.788E-01, 1.997E-01,-9.990E+02, 1.000E+00,-9.990E+02, 0.000E+00, 0.000E+00, 0.000E+00, 1.000E+00, 0.000E+00, 0.000E+00, 0.000E+00, 0.000E+00, 8.738E+01, 3.423E+01, 1.000E-01, 0.000E+00, 1.000E+01, 1.001E-02, 2.181E-02
21/11/2019,06:00,9,2.449,2.949,5.752,.974,.024, 1.023E+03, 9.741E+01, 2.111E-02, 3.469E-16, 0.000E+00, 0.000E+00, 0.000E+00, 0.000E+00,-2.123E+01, 1.665E+01, 3.528E+00, 4.928E-01, 2.009E-01,-9.990E+02, 1.000E+00,-9.990E+02, 0.000E+00, 0.000E+00, 0.000E+00, 1.000E+00, 0.000E+00, 0.000E+00, 0.000E+00, 0.000E+00, 8.740E+01, 3.402E+01, 9.919E-02, 0.000E+00, 1.008E+01, 1.005E-02, 3.525E-02
21/11/2019,07:00,9,2.449,2.949,5.990,.966,.032, 1.023E+03, 9.124E+01, 2.111E-02, 3.469E-16, 0.000E+00, 0.000E+00, 0.000E+00, 0.000E+00,-2.123E+01, 1.665E+01, 3.509E+00, 4.930E-01, 1.998E-01,-9.990E+02, 1.000E+00,-9.990E+02, 0.000E+00, 0.000E+00, 0.000E+00, 1.000E+00, 0.000E+00, 0.000E+00, 0.000E+00, 0.000E+00, 8.787E+01, 3.420E+01, 1.000E-01, 0.000E+00, 1.000E+01, 1.001E-02, 3.190E-02
21/11/2019,08:00,9,2.449,2.949,6.229,.958,.040, 1.023E+03, 8.616E+01, 2.111E-02, 3.469E-16, 4.962E-02, 5.036E+00, 2.348E+00, 1.978E+00,-2.123E+01, 1.665E+01, 3.500E+00, 4.932E-01, 1.993E-01, 5.469E-02, 1.000E+00, 7.888E-02, 9.206E-02, 1.000E-02, 1.000E+00, 1.000E+00, 7.888E-04, 4.947E-06, 5.774E-06, 0.000E+00, 8.808E+01, 3.429E+01, 1.000E-01, 1.662E-05, 9.998E+00, 9.989E-03, 2.747E-02
21/11/2019,09:00,9,2.449,2.949,6.468,.950,.048, 1.023E+03, 8.249E+01, 2.250E-02, 3.469E-16, 7.194E+00, 2.680E+01, 3.841E+01, 1.089E+01,-1.712E+01, 2.880E+01, 3.501E+00, 4.978E-01, 2.012E-01, 1.067E-01, 1.000E+00, 4.072E-01, 7.940E-01, 1.000E-02, 1.000E+00, 1.000E+00, 4.072E-03, 2.556E-05, 4.984E-05, 0.000E+00, 8.650E+01, 3.397E+01, 3.584E-02, 8.585E-05, 2.784E+01, 8.543E-03, 1.560E-01
21/11/2019,10:00,9,2.449,2.949,6.525,.935,.063, 1.023E+03, 8.049E+01, 2.250E-02, 3.469E-16, 1.226E+01, 3.582E+01, 5.179E+01, 1.467E+01,-1.712E+01, 2.880E+01, 3.515E+00, 4.979E-01, 2.020E-01, 1.348E-01, 1.000E+00, 5.107E-01, 8.812E-01, 1.000E-02, 1.000E+00, 1.000E+00, 5.107E-03, 3.207E-05, 5.532E-05, 0.000E+00, 8.616E+01, 3.384E+01, 2.487E-02, 1.077E-04, 4.004E+01, 7.758E-03, 2.294E-01
21/11/2019,11:00,9,2.449,2.949,6.583,.920,.078, 1.022E+03, 8.032E+01, 2.250E-02, 3.469E-16, 1.273E+01, 3.661E+01, 5.287E+01, 1.500E+01,-1.712E+01, 2.880E+01, 3.534E+00, 4.980E-01, 2.031E-01, 1.372E-01, 1.000E+00, 5.188E-01, 8.863E-01, 1.000E-02, 1.000E+00, 1.000E+00, 5.188E-03, 3.258E-05, 5.566E-05, 0.000E+00, 8.570E+01, 3.366E+01, 1.725E-02, 1.094E-04, 5.760E+01, 6.850E-03, 2.620E-01
21/11/2019,12:00,9,2.449,2.949,6.640,.905,.093, 1.022E+03, 8.199E+01, 2.000E-02, 3.469E-16, 1.656E+00, 1.957E+01, 1.370E+01, 7.762E+00,-2.518E+01, 2.356E+01, 3.558E+00, 4.916E-01, 2.010E-01, 1.137E-01, 1.000E+00, 2.912E-01, 4.308E-01, 1.000E-02, 1.000E+00, 1.000E+00, 2.912E-03, 1.829E-05, 2.706E-05, 0.000E+00, 8.808E+01, 3.401E+01, 1.381E-02, 6.144E-05, 7.209E+01, 6.191E-03, 2.770E-01
21/11/2019,13:00,9,2.449,2.949,6.331,.903,.093, 1.022E+03, 8.537E+01, 2.000E-02, 3.469E-16, 3.627E-01, 9.058E+00, 5.819E+00, 3.572E+00,-2.518E+01, 2.356E+01, 3.545E+00, 4.914E-01, 2.002E-01, 6.591E-02, 1.000E+00, 1.417E-01, 2.128E-01, 1.000E-02, 1.000E+00, 1.000E+00, 1.417E-03, 8.888E-06, 1.335E-05, 0.000E+00, 8.842E+01, 3.414E+01, 1.405E-02, 2.985E-05, 7.104E+01, 6.218E-03, 2.370E-01
21/11/2019,14:00,9,2.449,2.949,6.022,.902,.092, 1.022E+03, 9.021E+01, 2.000E-02, 3.469E-16, 0.000E+00, 0.000E+00, 0.000E+00, 0.000E+00,-2.518E+01, 2.356E+01, 3.553E+00, 4.911E-01, 2.007E-01,-9.990E+02, 1.000E+00,-9.990E+02, 0.000E+00, 0.000E+00, 0.000E+00, 1.000E+00, 0.000E+00, 0.000E+00, 0.000E+00, 0.000E+00, 8.822E+01, 3.406E+01, 1.430E-02, 0.000E+00, 6.992E+01, 6.270E-03, 2.570E-01
21/11/2019,15:00,9,2.449,2.949,5.713,.900,.091, 1.022E+03, 9.621E+01, 3.046E-02, 3.469E-16, 0.000E+00, 0.000E+00, 0.000E+00, 0.000E+00,-2.385E+01, 1.534E+01, 3.584E+00, 5.059E-01, 2.037E-01,-9.990E+02, 1.000E+00,-9.990E+02, 0.000E+00, 0.000E+00, 0.000E+00, 1.000E+00, 0.000E+00, 0.000E+00, 0.000E+00, 0.000E+00, 8.633E+01, 3.355E+01, 1.458E-02, 0.000E+00, 6.860E+01, 6.378E-03, 2.887E-01
21/11/2019,16:00,9,2.449,2.949,5.779,.907,.086, 1.022E+03, 1.030E+02, 3.046E-02, 3.469E-16, 0.000E+00, 0.000E+00, 0.000E+00, 0.000E+00,-2.385E+01, 1.534E+01, 3.580E+00, 5.060E-01, 2.036E-01,-9.990E+02, 1.000E+00,-9.990E+02, 0.000E+00, 0.000E+00, 0.000E+00, 1.000E+00, 0.000E+00, 0.000E+00, 0.000E+00, 0.000E+00, 8.640E+01, 3.358E+01, 1.567E-02, 0.000E+00, 6.380E+01, 6.576E-03, 2.587E-01
21/11/2019,17:00,9,2.449,2.949,5.844,.913,.081, 1.022E+03, 1.104E+02, 3.046E-02, 3.469E-16, 0.000E+00, 0.000E+00, 0.000E+00, 0.000E+00,-2.385E+01, 1.534E+01, 3.600E+00, 5.061E-01, 2.047E-01,-9.990E+02, 1.000E+00,-9.990E+02, 0.000E+00, 0.000E+00, 0.000E+00, 1.000E+00, 0.000E+00, 0.000E+00, 0.000E+00, 0.000E+00, 8.593E+01, 3.339E+01, 2.642E-02, 0.000E+00, 3.785E+01, 7.960E-03, 1.565E-01
21/11/2019,18:00,9,2.449,2.949,5.910,.919,.075, 1.021E+03, 1.178E+02, 1.200E-02, 3.469E-16, 0.000E+00, 0.000E+00, 0.000E+00, 0.000E+00,-2.135E+01, 1.122E+01, 3.642E+00, 5.058E-01, 2.080E-01,-9.990E+02, 1.000E+00,-9.990E+02, 0.000E+00, 0.000E+00, 0.000E+00, 1.000E+00, 0.000E+00, 0.000E+00, 0.000E+00, 0.000E+00, 8.419E+01, 3.286E+01, 1.000E-01, 0.000E+00, 1.000E+01, 1.038E-02, 7.472E-02
21/11/2019,19:00,9,2.449,2.949,5.956,.915,.079, 1.021E+03, 1.251E+02, 1.200E-02, 3.469E-16, 0.000E+00, 0.000E+00, 0.000E+00, 0.000E+00,-2.135E+01, 1.122E+01, 3.608E+00, 5.059E-01, 2.060E-01,-9.990E+02, 1.000E+00,-9.990E+02, 0.000E+00, 0.000E+00, 0.000E+00, 1.000E+00, 0.000E+00, 0.000E+00, 0.000E+00, 0.000E+00, 8.499E+01, 3.318E+01, 1.000E-01, 0.000E+00, 1.000E+01, 1.029E-02, 5.079E-02
21/11/2019,20:00,9,2.449,2.949,6.003,.911,.083, 1.021E+03, 1.316E+02, 1.200E-02, 3.469E-16, 0.000E+00, 0.000E+00, 0.000E+00, 0.000E+00,-2.135E+01, 1.122E+01, 3.574E+00, 5.059E-01, 2.041E-01,-9.990E+02, 1.000E+00,-9.990E+02, 0.000E+00, 0.000E+00, 0.000E+00, 1.000E+00, 0.000E+00, 0.000E+00, 0.000E+00, 0.000E+00, 8.579E+01, 3.349E+01, 1.000E-01, 0.000E+00, 1.000E+01, 1.020E-02, 4.673E-02
21/11/2019,21:00,9,2.449,2.949,6.050,.907,.087, 1.021E+03, 1.367E+02, 1.509E-02, 3.469E-16, 0.000E+00, 0.000E+00, 0.000E+00, 0.000E+00,-1.908E+01, 9.994E+00, 3.541E+00, 4.988E-01, 2.027E-01,-9.990E+02, 1.000E+00,-9.990E+02, 0.000E+00, 0.000E+00, 0.000E+00, 1.000E+00, 0.000E+00, 0.000E+00, 0.000E+00, 0.000E+00, 8.615E+01, 3.372E+01, 1.000E-01, 0.000E+00, 1.000E+01, 1.015E-02, 2.520E-02
21/11/2019,22:00,9,2.449,2.949,5.989,.901,.092, 1.021E+03, 1.397E+02, 1.509E-02, 3.469E-16, 0.000E+00, 0.000E+00, 0.000E+00, 0.000E+00,-1.908E+01, 9.994E+00, 3.544E+00, 4.987E-01, 2.029E-01,-9.990E+02, 1.000E+00,-9.990E+02, 0.000E+00, 0.000E+00, 0.000E+00, 1.000E+00, 0.000E+00, 0.000E+00, 0.000E+00, 0.000E+00, 8.608E+01, 3.369E+01, 1.000E-01, 0.000E+00, 1.000E+01, 1.015E-02, 1.995E-02
21/11/2019,23:00,9,2.449,2.949,5.929,.895,.097, 1.021E+03, 1.399E+02, 1.509E-02, 3.469E-16, 0.000E+00, 0.000E+00, 0.000E+00, 0.000E+00,-1.908E+01, 9.994E+00, 3.547E+00, 4.987E-01, 2.031E-01,-9.990E+02, 1.000E+00,-9.990E+02, 0.000E+00, 0.000E+00, 0.000E+00, 1.000E+00, 0.000E+00, 0.000E+00, 0.000E+00, 0.000E+00, 8.600E+01, 3.366E+01, 1.000E-01, 0.000E+00, 1.000E+01, 1.016E-02, 2.682E-02
22/11/2019,00:00,9,2.438,2.938,5.868,.890,.102, 1.021E+03, 1.375E+02, 4.358E-02, 3.469E-16, 0.000E+00, 0.000E+00, 0.000E+00, 0.000E+00,-1.964E+01, 1.318E+01, 3.551E+00, 5.178E-01, 2.039E-01,-9.990E+02, 1.000E+00,-9.990E+02, 0.000E+00, 0.000E+00, 0.000E+00, 1.000E+00, 0.000E+00, 0.000E+00, 0.000E+00, 0.000E+00, 8.541E+01, 3.352E+01, 1.000E-01, 0.000E+00, 1.000E+01, 1.020E-02, 3.840E-02
22/11/2019,01:00,9,2.438,2.938,5.739,.896,.096, 1.020E+03, 1.327E+02, 4.358E-02, 3.469E-16, 0.000E+00, 0.000E+00, 0.000E+00, 0.000E+00,-1.964E+01, 1.318E+01, 3.614E+00, 5.178E-01, 2.075E-01,-9.990E+02, 1.000E+00,-9.990E+02, 0.000E+00, 0.000E+00, 0.000E+00, 1.000E+00, 0.000E+00, 0.000E+00, 0.000E+00, 0.000E+00, 8.394E+01, 3.294E+01, 1.000E-01, 0.000E+00, 1.000E+01, 1.036E-02, 3.142E-02
22/11/2019,02:00,9,2.438,2.938,5.611,.902,.090, 1.020E+03, 1.265E+02, 4.358E-02, 3.469E-16, 0.000E+00, 0.000E+00, 0.000E+00, 0.000E+00,-1.964E+01, 1.318E+01, 3.677E+00, 5.178E-01, 2.112E-01,-9.990E+02, 1.000E+00,-9.990E+02, 0.000E+00, 0.000E+00, 0.000E+00, 1.000E+00, 0.000E+00, 0.000E+00, 0.000E+00, 0.000E+00, 8.248E+01, 3.237E+01, 1.000E-01, 0.000E+00, 1.000E+01, 1.053E-02, 2.718E-02
22/11/2019,03:00,9,2.438,2.938,5.482,.907,.084, 1.019E+03, 1.194E+02, 2.541E-02, 3.469E-16, 0.000E+00, 0.000E+00, 0.000E+00, 0.000E+00,-1.984E+01, 1.610E+01, 3.743E+00, 5.570E-01, 2.163E-01,-9.990E+02, 1.000E+00,-9.990E+02, 0.000E+00, 0.000E+00, 0.000E+00, 1.000E+00, 0.000E+00, 0.000E+00, 0.000E+00, 0.000E+00, 8.003E+01, 3.161E+01, 1.000E-01, 0.000E+00, 1.000E+01, 1.076E-02, 2.797E-02
22/11/2019,04:00,9,2.438,2.938,5.421,.901,.089, 1.019E+03, 1.119E+02, 2.541E-02, 3.469E-16, 0.000E+00, 0.000E+00, 0.000E+00, 0.000E+00,-1.984E+01, 1.610E+01, 3.822E+00, 5.570E-01, 2.209E-01,-9.990E+02, 1.000E+00,-9.990E+02, 0.000E+00, 0.000E+00, 0.000E+00, 1.000E+00, 0.000E+00, 0.000E+00, 0.000E+00, 0.000E+00, 7.836E+01, 3.095E+01, 1.000E-01, 0.000E+00, 1.000E+01, 1.096E-02, 3.242E-02
22/11/2019,05:00,9,2.438,2.938,5.359,.894,.095, 1.019E+03, 1.046E+02, 2.541E-02, 3.469E-16, 0.000E+00, 0.000E+00, 0.000E+00, 0.000E+00,-1.984E+01, 1.610E+01, 3.902E+00, 5.570E-01, 2.255E-01,-9.990E+02, 1.000E+00,-9.990E+02, 0.000E+00, 0.000E+00, 0.000E+00, 1.000E+00, 0.000E+00, 0.000E+00, 0.000E+00, 0.000E+00, 7.677E+01, 3.032E+01, 1.000E-01, 0.000E+00, 1.000E+01, 1.116E-02, 6.149E-02
22/11/2019,06:00,9,2.438,2.938,5.298,.887,.101, 1.019E+03, 9.763E+01, 1.966E-03, 3.469E-16, 0.000E+00, 0.000E+00, 0.000E+00, 0.000E+00,-1.415E+01, 1.436E+01, 3.982E+00, 6.236E-01, 2.332E-01,-9.990E+02, 1.000E+00,-9.990E+02, 0.000E+00, 0.000E+00, 0.000E+00, 1.000E+00, 0.000E+00, 0.000E+00, 0.000E+00, 0.000E+00, 7.323E+01, 2.932E+01, 1.000E-01, 0.000E+00, 1.000E+01, 1.151E-02, 9.271E-02
22/11/2019,07:00,9,2.438,2.938,5.245,.866,.119, 1.019E+03, 9.146E+01, 1.966E-03, 3.469E-16, 0.000E+00, 0.000E+00, 0.000E+00, 0.000E+00,-1.415E+01, 1.436E+01, 4.081E+00, 6.235E-01, 2.390E-01,-9.990E+02, 1.000E+00,-9.990E+02, 0.000E+00, 0.000E+00, 0.000E+00, 1.000E+00, 0.000E+00, 0.000E+00, 0.000E+00, 0.000E+00, 7.145E+01, 2.860E+01, 1.000E-01, 0.000E+00, 1.000E+01, 1.177E-02, 1.143E-01
22/11/2019,08:00,9,2.438,2.938,5.193,.846,.136, 1.019E+03, 8.638E+01, 1.966E-03, 3.469E-16, 1.499E-01, 6.550E+00, 3.773E+00, 2.585E+00,-1.415E+01, 1.436E+01, 4.181E+00, 6.234E-01, 2.449E-01, 5.177E-02, 1.000E+00, 1.031E-01, 1.437E-01, 1.000E-02, 1.000E+00, 1.000E+00, 1.031E-03, 6.441E-06, 8.981E-06, 0.000E+00, 6.974E+01, 2.792E+01, 4.355E-02, 2.154E-05, 2.295E+01, 1.040E-02, 1.342E-01
22/11/2019,09:00,9,2.438,2.938,5.140,.825,.154, 1.019E+03, 8.271E+01, 2.067E-01, 3.469E-16, 4.928E+00, 2.418E+01, 2.920E+01, 9.770E+00,-8.613E+00, 2.746E+01, 4.282E+00, 6.536E-01, 2.524E-01, 1.040E-01, 1.000E+00, 3.692E-01, 6.991E-01, 1.000E-02, 1.000E+00, 1.000E+00, 3.692E-03, 2.307E-05, 4.367E-05, 0.000E+00, 6.721E+01, 2.708E+01, 2.417E-02, 7.713E-05, 4.124E+01, 8.913E-03, 1.583E-01
22/11/2019,10:00,9,2.438,2.938,4.766,.845,.133, 1.019E+03, 8.071E+01, 2.067E-01, 3.469E-16, 8.593E+00, 3.304E+01, 4.005E+01, 1.343E+01,-8.613E+00, 2.746E+01, 4.175E+00, 6.533E-01, 2.461E-01, 1.324E-01, 1.000E+00, 4.752E-01, 8.074E-01, 1.000E-02, 1.000E+00, 1.000E+00, 4.752E-03, 2.964E-05, 5.037E-05, 0.000E+00, 6.892E+01, 2.777E+01, 3.307E-02, 9.912E-05, 3.015E+01, 9.718E-03, 1.819E-01
22/11/2019,11:00,9,2.438,2.938,4.392,.864,.114, 1.019E+03, 8.053E+01, 2.067E-01, 3.469E-16, 8.953E+00, 3.385E+01, 4.098E+01, 1.377E+01,-8.613E+00, 2.746E+01, 4.070E+00, 6.530E-01, 2.399E-01, 1.349E-01, 1.000E+00, 4.840E-01, 8.146E-01, 1.000E-02, 1.000E+00, 1.000E+00, 4.840E-03, 3.015E-05, 5.076E-05, 0.000E+00, 7.071E+01, 2.849E+01, 5.708E-02, 1.008E-04, 1.749E+01, 1.085E-02, 1.833E-01
22/11/2019,12:00,9,2.438,2.938,4.018,.883,.095, 1.018E+03, 8.219E+01, 1.115E-01, 3.469E-16, 8.177E-01, 1.610E+01, 9.383E+00, 6.375E+00,-2.399E+01, 3.645E+01, 3.964E+00, 5.445E-01, 2.272E-01, 1.115E-01, 1.000E+00, 2.406E-01, 3.202E-01, 1.000E-02, 1.000E+00, 1.000E+00, 2.406E-03, 1.497E-05, 1.992E-05, 0.000E+00, 7.677E+01, 3.008E+01, 8.477E-02, 5.006E-05, 1.179E+01, 1.101E-02, 2.030E-01
22/11/2019,13:00,9,2.438,2.938,3.897,.897,.083, 1.018E+03, 8.555E+01, 1.115E-01, 3.469E-16, 1.664E-01, 7.184E+00, 3.908E+00, 2.835E+00,-2.399E+01, 3.645E+01, 3.901E+00, 5.444E-01, 2.236E-01, 6.359E-02, 1.000E+00, 1.125E-01, 1.485E-01, 1.000E-02, 1.000E+00, 1.000E+00, 1.125E-03, 6.997E-06, 9.235E-06, 0.000E+00, 7.802E+01, 3.057E+01, 1.000E-01, 2.340E-05, 9.998E+00, 1.108E-02, 2.197E-01
22/11/2019,14:00,9,2.438,2.938,3.776,.912,.071, 1.018E+03, 9.038E+01, 1.115E-01, 3.469E-16, 0.000E+00, 0.000E+00, 0.000E+00, 0.000E+00,-2.399E+01, 3.645E+01, 3.840E+00, 5.443E-01, 2.201E-01,-9.990E+02, 1.000E+00,-9.990E+02, 0.000E+00, 0.000E+00, 0.000E+00, 1.000E+00, 0.000E+00, 0.000E+00, 0.000E+00, 0.000E+00, 7.927E+01, 3.106E+01, 1.000E-01, 0.000E+00, 1.000E+01, 1.092E-02, 2.374E-01
22/11/2019,15:00,9,2.438,2.938,3.656,.926,.059, 1.018E+03, 9.637E+01, 1.445E-01, 3.469E-16, 0.000E+00, 0.000E+00, 0.000E+00, 0.000E+00,-2.550E+01, 3.129E+01, 3.781E+00, 5.285E-01, 2.155E-01,-9.990E+02, 1.000E+00,-9.990E+02, 0.000E+00, 0.000E+00, 0.000E+00, 1.000E+00, 0.000E+00, 0.000E+00, 0.000E+00, 0.000E+00, 8.142E+01, 3.172E+01, 1.000E-01, 0.000E+00, 1.000E+01, 1.071E-02, 2.377E-01
22/11/2019,16:00,9,2.438,2.938,3.690,.929,.057, 1.018E+03, 1.032E+02, 1.445E-01, 3.469E-16, 0.000E+00, 0.000E+00, 0.000E+00, 0.000E+00,-2.550E+01, 3.129E+01, 3.699E+00, 5.285E-01, 2.108E-01,-9.990E+02, 1.000E+00,-9.990E+02, 0.000E+00, 0.000E+00, 0.000E+00, 1.000E+00, 0.000E+00, 0.000E+00, 0.000E+00, 0.000E+00, 8.322E+01, 3.242E+01, 1.000E-01, 0.000E+00, 1.000E+01, 1.050E-02, 2.181E-01
22/11/2019,17:00,9,2.438,2.938,3.725,.932,.054, 1.018E+03, 1.105E+02, 1.445E-01, 3.469E-16, 0.000E+00, 0.000E+00, 0.000E+00, 0.000E+00,-2.550E+01, 3.129E+01, 3.623E+00, 5.285E-01, 2.065E-01,-9.990E+02, 1.000E+00,-9.990E+02, 0.000E+00, 0.000E+00, 0.000E+00, 1.000E+00, 0.000E+00, 0.000E+00, 0.000E+00, 0.000E+00, 8.497E+01, 3.310E+01, 1.000E-01, 0.000E+00, 1.000E+01, 1.031E-02, 1.818E-01
22/11/2019,18:00,9,2.438,2.938,3.760,.935,.052, 1.018E+03, 1.180E+02, 2.809E-01, 3.469E-16, 0.000E+00, 0.000E+00, 0.000E+00, 0.000E+00,-2.577E+01, 2.728E+01, 3.552E+00, 4.633E-01, 1.984E-01,-9.990E+02, 1.000E+00,-9.990E+02, 0.000E+00, 0.000E+00, 0.000E+00, 1.000E+00, 0.000E+00, 0.000E+00, 0.000E+00, 0.000E+00, 9.020E+01, 3.445E+01, 1.000E-01, 0.000E+00, 1.000E+01, 9.932E-03, 1.378E-01
22/11/2019,19:00,9,2.438,2.938,3.782,.949,.041, 1.018E+03, 1.252E+02, 2.809E-01, 3.469E-16, 0.000E+00, 0.000E+00, 0.000E+00, 0.000E+00,-2.577E+01, 2.728E+01, 3.437E+00, 4.633E-01, 1.920E-01,-9.990E+02, 1.000E+00,-9.990E+02, 0.000E+00, 0.000E+00, 0.000E+00, 1.000E+00, 0.000E+00, 0.000E+00, 0.000E+00, 0.000E+00, 9.322E+01, 3.560E+01, 1.000E-01, 0.000E+00, 1.000E+01, 9.641E-03, 1.129E-01
22/11/2019,20:00,9,2.438,2.938,3.803,.963,.030, 1.019E+03, 1.317E+02, 2.809E-01, 3.469E-16, 0.000E+00, 0.000E+00, 0.000E+00, 0.000E+00,-2.577E+01, 2.728E+01, 3.322E+00, 4.633E-01, 1.856E-01,-9.990E+02, 1.000E+00,-9.990E+02, 0.000E+00, 0.000E+00, 0.000E+00, 1.000E+00, 0.000E+00, 0.000E+00, 0.000E+00, 0.000E+00, 9.642E+01, 3.682E+01, 1.000E-01, 0.000E+00, 1.000E+01, 9.351E-03, 9.320E-02
22/11/2019,21:00,9,2.438,2.938,3.824,.977,.019, 1.019E+03, 1.368E+02, 1.422E-01, 3.469E-16, 0.000E+00, 0.000E+00, 0.000E+00, 0.000E+00,-2.203E+01, 2.137E+01, 3.209E+00, 4.409E-01, 1.794E-01,-9.990E+02, 1.000E+00,-9.990E+02, 0.000E+00, 0.000E+00, 0.000E+00, 1.000E+00, 0.000E+00, 0.000E+00, 0.000E+00, 0.000E+00, 9.972E+01, 3.810E+01, 1.000E-01, 0.000E+00, 1.000E+01, 9.065E-03, 8.848E-02
22/11/2019,22:00,9,2.438,2.938,3.920,.976,.020, 1.019E+03, 1.399E+02, 1.422E-01, 3.469E-16, 0.000E+00, 0.000E+00, 0.000E+00, 0.000E+00,-2.203E+01, 2.137E+01, 3.234E+00, 4.410E-01, 1.808E-01,-9.990E+02, 1.000E+00,-9.990E+02, 0.000E+00, 0.000E+00, 0.000E+00, 1.000E+00, 0.000E+00, 0.000E+00, 0.000E+00, 0.000E+00, 9.896E+01, 3.781E+01, 1.000E-01, 0.000E+00, 1.000E+01, 9.129E-03, 7.825E-02
22/11/2019,23:00,9,2.438,2.938,4.015,.974,.021, 1.019E+03, 1.402E+02, 1.422E-01, 3.469E-16, 0.000E+00, 0.000E+00, 0.000E+00, 0.000E+00,-2.203E+01, 2.137E+01, 3.259E+00, 4.411E-01, 1.822E-01,-9.990E+02, 1.000E+00,-9.990E+02, 0.000E+00, 0.000E+00, 0.000E+00, 1.000E+00, 0.000E+00, 0.000E+00, 0.000E+00, 0.000E+00, 9.820E+01, 3.752E+01, 1.000E-01, 0.000E+00, 1.000E+01, 9.193E-03, 7.707E-02
23/11/2019,00:00,9,2.427,2.927,4.110,.973,.022, 1.019E+03, 1.377E+02, 8.060E-02, 3.469E-16, 0.000E+00, 0.000E+00, 0.000E+00, 0.000E+00,-2.052E+01, 1.962E+01, 3.284E+00, 4.452E-01, 1.846E-01,-9.990E+02, 1.000E+00,-9.990E+02, 0.000E+00, 0.000E+00, 0.000E+00, 1.000E+00, 0.000E+00, 0.000E+00, 0.000E+00, 0.000E+00, 9.637E+01, 3.703E+01, 1.000E-01, 0.000E+00, 1.000E+01, 9.308E-03, 6.321E-02
23/11/2019,01:00,9,2.427,2.927,4.078,.963,.031, 1.019E+03, 1.330E+02, 8.060E-02, 3.469E-16, 0.000E+00, 0.000E+00, 0.000E+00, 0.000E+00,-2.052E+01, 1.962E+01, 3.237E+00, 4.452E-01, 1.820E-01,-9.990E+02, 1.000E+00,-9.990E+02, 0.000E+00, 0.000E+00, 0.000E+00, 1.000E+00, 0.000E+00, 0.000E+00, 0.000E+00, 0.000E+00, 9.776E+01, 3.757E+01, 1.000E-01, 0.000E+00, 1.000E+01, 9.188E-03, 7.784E-02
23/11/2019,02:00,9,2.427,2.927,4.045,.953,.039, 1.019E+03, 1.267E+02, 8.060E-02, 3.469E-16, 0.000E+00, 0.000E+00, 0.000E+00, 0.000E+00,-2.052E+01, 1.962E+01, 3.193E+00, 4.452E-01, 1.795E-01,-9.990E+02, 1.000E+00,-9.990E+02, 0.000E+00, 0.000E+00, 0.000E+00, 1.000E+00, 0.000E+00, 0.000E+00, 0.000E+00, 0.000E+00, 9.910E+01, 3.808E+01, 1.000E-01, 0.000E+00, 1.000E+01, 9.075E-03, 1.058E-01
23/11/2019,03:00,9,2.427,2.927,4.013,.943,.047, 1.018E+03, 1.196E+02, 1.777E-01, 3.469E-16, 0.000E+00, 0.000E+00, 0.000E+00, 0.000E+00,-1.696E+01, 1.771E+01, 3.153E+00, 3.701E-01, 1.732E-01,-9.990E+02, 1.000E+00,-9.990E+02, 0.000E+00, 0.000E+00, 0.000E+00, 1.000E+00, 0.000E+00, 0.000E+00, 0.000E+00, 0.000E+00, 1.051E+02, 3.947E+01, 1.000E-01, 0.000E+00, 1.000E+01, 8.765E-03, 1.160E-01
23/11/2019,04:00,9,2.427,2.927,3.982,.953,.038, 1.018E+03, 1.121E+02, 1.777E-01, 3.469E-16, 0.000E+00, 0.000E+00, 0.000E+00, 0.000E+00,-1.696E+01, 1.771E+01, 3.005E+00, 3.700E-01, 1.650E-01,-9.990E+02, 1.000E+00,-9.990E+02, 0.000E+00, 0.000E+00, 0.000E+00, 1.000E+00, 0.000E+00, 0.000E+00, 0.000E+00, 0.000E+00, 1.103E+02, 4.141E+01, 1.000E-01, 0.000E+00, 1.000E+01, 8.389E-03, 1.034E-01
23/11/2019,05:00,9,2.427,2.927,3.951,.964,.030, 1.019E+03, 1.048E+02, 1.777E-01, 3.469E-16, 0.000E+00, 0.000E+00, 0.000E+00, 0.000E+00,-1.696E+01, 1.771E+01, 2.873E+00, 3.700E-01, 1.578E-01,-9.990E+02, 1.000E+00,-9.990E+02, 0.000E+00, 0.000E+00, 0.000E+00, 1.000E+00, 0.000E+00, 0.000E+00, 0.000E+00, 0.000E+00, 1.154E+02, 4.332E+01, 1.000E-01, 0.000E+00, 1.000E+01, 8.049E-03, 9.897E-02
23/11/2019,06:00,9,2.427,2.927,3.920,.974,.021, 1.019E+03, 9.784E+01, 3.888E-02, 3.469E-16, 0.000E+00, 0.000E+00, 0.000E+00, 0.000E+00,-1.379E+01, 1.733E+01, 2.759E+00, 3.717E-01, 1.538E-01,-9.990E+02, 1.000E+00,-9.990E+02, 0.000E+00, 0.000E+00, 0.000E+00, 1.000E+00, 0.000E+00, 0.000E+00, 0.000E+00, 0.000E+00, 1.166E+02, 4.444E+01, 1.000E-01, 0.000E+00, 1.000E+01, 7.873E-03, 1.102E-01
23/11/2019,07:00,9,2.427,2.927,4.081,.971,.024, 1.019E+03, 9.167E+01, 3.888E-02, 3.469E-16, 0.000E+00, 0.000E+00, 0.000E+00, 0.000E+00,-1.379E+01, 1.733E+01, 2.759E+00, 3.718E-01, 1.538E-01,-9.990E+02, 1.000E+00,-9.990E+02, 0.000E+00, 0.000E+00, 0.000E+00, 1.000E+00, 0.000E+00, 0.000E+00, 0.000E+00, 0.000E+00, 1.166E+02, 4.444E+01, 1.000E-01, 0.000E+00, 1.000E+01, 7.874E-03, 1.535E-01
23/11/2019,08:00,9,2.427,2.927,4.242,.968,.027, 1.019E+03, 8.660E+01, 3.888E-02, 3.469E-16, 4.513E-02, 4.676E+00, 2.227E+00, 1.847E+00,-1.379E+01, 1.733E+01, 2.763E+00, 3.718E-01, 1.540E-01, 4.889E-02, 1.000E+00, 7.386E-02, 8.754E-02, 1.000E-02, 1.000E+00, 1.000E+00, 7.386E-04, 4.600E-06, 5.452E-06, 0.000E+00, 1.164E+02, 4.437E+01, 1.000E-01, 1.531E-05, 9.998E+00, 7.884E-03, 1.915E-01
23/11/2019,09:00,9,2.427,2.927,4.403,.964,.030, 1.020E+03, 8.293E+01, 3.964E-02, 3.469E-16, 8.230E-01, 1.481E+01, 9.228E+00, 5.886E+00,-6.938E+00, 2.202E+01, 2.770E+00, 3.763E-01, 1.595E-01, 1.014E-01, 1.000E+00, 2.252E-01, 3.158E-01, 1.000E-02, 1.000E+00, 1.000E+00, 2.252E-03, 1.403E-05, 1.968E-05, 0.000E+00, 1.089E+02, 4.286E+01, 1.000E-01, 4.671E-05, 9.995E+00, 8.161E-03, 2.491E-01
23/11/2019,10:00,9,2.427,2.927,4.451,.963,.031, 1.020E+03, 8.092E+01, 3.964E-02, 3.469E-16, 1.471E+00, 2.114E+01, 1.308E+01, 8.417E+00,-6.938E+00, 2.202E+01, 2.665E+00, 3.763E-01, 1.534E-01, 1.300E-01, 1.000E+00, 3.087E-01, 4.160E-01, 1.000E-02, 1.000E+00, 1.000E+00, 3.087E-03, 1.923E-05, 2.593E-05, 0.000E+00, 1.132E+02, 4.455E+01, 1.000E-01, 6.403E-05, 9.994E+00, 7.876E-03, 2.832E-01
23/11/2019,11:00,9,2.427,2.927,4.499,.962,.032, 1.019E+03, 8.073E+01, 3.964E-02, 3.469E-16, 1.538E+00, 2.176E+01, 1.344E+01, 8.664E+00,-6.938E+00, 2.202E+01, 2.560E+00, 3.764E-01, 1.474E-01, 1.326E-01, 1.000E+00, 3.163E-01, 4.246E-01, 1.000E-02, 1.000E+00, 1.000E+00, 3.163E-03, 1.972E-05, 2.647E-05, 0.000E+00, 1.178E+02, 4.637E+01, 1.000E-01, 6.563E-05, 9.993E+00, 7.591E-03, 3.014E-01
23/11/2019,12:00,9,2.427,2.927,4.546,.960,.034, 1.019E+03, 8.238E+01, 1.926E-02, 3.469E-16, 3.926E-01, 1.346E+01, 6.812E+00, 5.332E+00,-8.810E+00, 1.573E+01, 2.457E+00, 3.091E-01, 1.361E-01, 1.093E-01, 1.000E+00, 2.021E-01, 2.443E-01, 1.000E-02, 1.000E+00, 1.000E+00, 2.021E-03, 1.260E-05, 1.523E-05, 0.000E+00, 1.327E+02, 5.023E+01, 1.000E-01, 4.193E-05, 9.996E+00, 7.025E-03, 3.068E-01
23/11/2019,13:00,9,2.427,2.927,4.220,.963,.030, 1.019E+03, 8.573E+01, 1.926E-02, 3.469E-16, 7.359E-02, 5.823E+00, 2.795E+00, 2.301E+00,-8.810E+00, 1.573E+01, 2.322E+00, 3.090E-01, 1.286E-01, 6.135E-02, 1.000E+00, 9.143E-02, 1.086E-01, 1.000E-02, 1.000E+00, 1.000E+00, 9.143E-04, 5.693E-06, 6.763E-06, 0.000E+00, 1.405E+02, 5.317E+01, 1.000E-01, 1.895E-05, 9.998E+00, 6.663E-03, 3.187E-01
23/11/2019,14:00,9,2.427,2.927,3.895,.966,.027, 1.020E+03, 9.054E+01, 1.926E-02, 3.469E-16, 0.000E+00, 0.000E+00, 0.000E+00, 0.000E+00,-8.810E+00, 1.573E+01, 2.191E+00, 3.088E-01, 1.213E-01,-9.990E+02, 1.000E+00,-9.990E+02, 0.000E+00, 0.000E+00, 0.000E+00, 1.000E+00, 0.000E+00, 0.000E+00, 0.000E+00, 0.000E+00, 1.489E+02, 5.634E+01, 1.000E-01, 0.000E+00, 1.000E+01, 6.312E-03, 3.374E-01
23/11/2019,15:00,9,2.427,2.927,3.569,.969,.024, 1.020E+03, 9.652E+01, 2.135E-02, 3.469E-16, 0.000E+00, 0.000E+00, 0.000E+00, 0.000E+00,-8.455E+00, 1.090E+01, 2.067E+00, 2.718E-01, 1.114E-01,-9.990E+02, 1.000E+00,-9.990E+02, 0.000E+00, 0.000E+00, 0.000E+00, 1.000E+00, 0.000E+00, 0.000E+00, 0.000E+00, 0.000E+00, 1.666E+02, 6.137E+01, 1.000E-01, 0.000E+00, 1.000E+01, 5.810E-03, 3.471E-01
23/11/2019,16:00,9,2.427,2.927,3.483,.969,.024, 1.020E+03, 1.033E+02, 2.135E-02, 3.469E-16, 0.000E+00, 0.000E+00, 0.000E+00, 0.000E+00,-8.455E+00, 1.090E+01, 2.034E+00, 2.718E-01, 1.096E-01,-9.990E+02, 1.000E+00,-9.990E+02, 0.000E+00, 0.000E+00, 0.000E+00, 1.000E+00, 0.000E+00, 0.000E+00, 0.000E+00, 0.000E+00, 1.694E+02, 6.238E+01, 1.000E-01, 0.000E+00, 1.000E+01, 5.721E-03, 3.374E-01
23/11/2019,17:00,9,2.427,2.927,3.398,.968,.025, 1.020E+03, 1.106E+02, 2.135E-02, 3.469E-16, 0.000E+00, 0.000E+00, 0.000E+00, 0.000E+00,-8.455E+00, 1.090E+01, 2.001E+00, 2.717E-01, 1.078E-01,-9.990E+02, 1.000E+00,-9.990E+02, 0.000E+00, 0.000E+00, 0.000E+00, 1.000E+00, 0.000E+00, 0.000E+00, 0.000E+00, 0.000E+00, 1.722E+02, 6.341E+01, 1.000E-01, 0.000E+00, 1.000E+01, 5.634E-03, 2.547E-01
23/11/2019,18:00,9,2.427,2.927,3.312,.968,.025, 1.020E+03, 1.181E+02, 1.564E-02, 3.469E-16, 0.000E+00, 0.000E+00, 0.000E+00, 0.000E+00,-7.958E+00, 9.378E+00, 1.969E+00, 2.475E-01, 1.037E-01,-9.990E+02, 1.000E+00,-9.990E+02, 0.000E+00, 0.000E+00, 0.000E+00, 1.000E+00, 0.000E+00, 0.000E+00, 0.000E+00, 0.000E+00, 1.831E+02, 6.591E+01, 1.000E-01, 0.000E+00, 1.000E+01, 5.420E-03, 2.153E-01
23/11/2019,19:00,9,2.427,2.927,3.205,.968,.024, 1.020E+03, 1.254E+02, 1.564E-02, 3.469E-16, 0.000E+00, 0.000E+00, 0.000E+00, 0.000E+00,-7.958E+00, 9.378E+00, 1.950E+00, 2.475E-01, 1.027E-01,-9.990E+02, 1.000E+00,-9.990E+02, 0.000E+00, 0.000E+00, 0.000E+00, 1.000E+00, 0.000E+00, 0.000E+00, 0.000E+00, 0.000E+00, 1.848E+02, 6.655E+01, 1.000E-01, 0.000E+00, 1.000E+01, 5.371E-03, 1.865E-01
23/11/2019,20:00,9,2.427,2.927,3.098,.969,.024, 1.020E+03, 1.319E+02, 1.564E-02, 3.469E-16, 0.000E+00, 0.000E+00, 0.000E+00, 0.000E+00,-7.958E+00, 9.378E+00, 1.933E+00, 2.474E-01, 1.018E-01,-9.990E+02, 1.000E+00,-9.990E+02, 0.000E+00, 0.000E+00, 0.000E+00, 1.000E+00, 0.000E+00, 0.000E+00, 0.000E+00, 0.000E+00, 1.865E+02, 6.713E+01, 1.000E-01, 0.000E+00, 1.000E+01, 5.327E-03, 1.689E-01
23/11/2019,21:00,9,2.427,2.927,2.991,.969,.023, 1.020E+03, 1.370E+02, 7.292E-03, 3.469E-16, 0.000E+00, 0.000E+00, 0.000E+00, 0.000E+00,-5.837E+00, 8.173E+00, 1.919E+00, 2.275E-01, 1.017E-01,-9.990E+02, 1.000E+00,-9.990E+02, 0.000E+00, 0.000E+00, 0.000E+00, 1.000E+00, 0.000E+00, 0.000E+00, 0.000E+00, 0.000E+00, 1.855E+02, 6.720E+01, 1.000E-01, 0.000E+00, 1.000E+01, 5.325E-03, 1.658E-01
23/11/2019,22:00,9,2.427,2.927,2.913,.969,.023, 1.020E+03, 1.400E+02, 7.292E-03, 3.469E-16, 0.000E+00, 0.000E+00, 0.000E+00, 0.000E+00,-5.837E+00, 8.173E+00, 1.753E+00, 2.275E-01, 1.000E-01,-9.990E+02, 1.000E+00,-9.990E+02, 0.000E+00, 0.000E+00, 0.000E+00, 1.000E+00, 0.000E+00, 0.000E+00, 0.000E+00, 0.000E+00, 1.887E+02, 6.835E+01, 1.000E-01, 0.000E+00, 1.000E+01, 5.240E-03, 1.608E-01
23/11/2019,23:00,9,2.427,2.927,2.836,.969,.023, 1.020E+03, 1.404E+02, 7.292E-03, 3.469E-16, 0.000E+00, 0.000E+00, 0.000E+00, 0.000E+00,-5.837E+00, 8.173E+00, 1.594E+00, 2.275E-01, 1.000E-01,-9.990E+02, 1.000E+00,-9.990E+02, 0.000E+00, 0.000E+00, 0.000E+00, 1.000E+00, 0.000E+00, 0.000E+00, 0.000E+00, 0.000E+00, 1.887E+02, 6.835E+01, 1.000E-01, 0.000E+00, 1.000E+01, 5.240E-03, 1.485E-01
24/11/2019,00:00,9,2.416,2.916,2.758,.969,.023, 1.020E+03, 1.379E+02, 4.794E-03, 3.469E-16, 0.000E+00, 0.000E+00, 0.000E+00, 0.000E+00,-4.396E+00, 8.068E+00, 1.444E+00, 2.300E-01, 1.000E-01,-9.990E+02, 1.000E+00,-9.990E+02, 0.000E+00, 0.000E+00, 0.000E+00, 1.000E+00, 0.000E+00, 0.000E+00, 0.000E+00, 0.000E+00, 1.831E+02, 6.835E+01, 1.000E-01, 0.000E+00, 1.000E+01, 5.254E-03, 1.565E-01
24/11/2019,01:00,9,2.416,2.916,2.739,.969,.023, 1.020E+03, 1.332E+02, 4.794E-03, 3.469E-16, 0.000E+00, 0.000E+00, 0.000E+00, 0.000E+00,-4.396E+00, 8.068E+00, 1.540E+00, 2.300E-01, 1.000E-01,-9.990E+02, 1.000E+00,-9.990E+02, 0.000E+00, 0.000E+00, 0.000E+00, 1.000E+00, 0.000E+00, 0.000E+00, 0.000E+00, 0.000E+00, 1.831E+02, 6.835E+01, 1.000E-01, 0.000E+00, 1.000E+01, 5.254E-03, 1.482E-01
24/11/2019,02:00,9,2.416,2.916,2.719,.969,.023, 1.020E+03, 1.269E+02, 4.794E-03, 3.469E-16, 0.000E+00, 0.000E+00, 0.000E+00, 0.000E+00,-4.396E+00, 8.068E+00, 1.638E+00, 2.301E-01, 1.000E-01,-9.990E+02, 1.000E+00,-9.990E+02, 0.000E+00, 0.000E+00, 0.000E+00, 1.000E+00, 0.000E+00, 0.000E+00, 0.000E+00, 0.000E+00, 1.831E+02, 6.835E+01, 1.000E-01, 0.000E+00, 1.000E+01, 5.254E-03, 1.396E-01
24/11/2019,03:00,9,2.416,2.916,2.700,.969,.023, 1.019E+03, 1.198E+02, 5.558E-03, 3.469E-16, 0.000E+00, 0.000E+00, 0.000E+00, 0.000E+00,-4.341E+00, 6.041E+00, 1.737E+00, 1.849E-01, 1.000E-01,-9.990E+02, 1.000E+00,-9.990E+02, 0.000E+00, 0.000E+00, 0.000E+00, 1.000E+00, 0.000E+00, 0.000E+00, 0.000E+00, 0.000E+00, 1.965E+02, 6.835E+01, 1.000E-01, 0.000E+00, 1.000E+01, 5.220E-03, 1.326E-01
24/11/2019,04:00,9,2.416,2.916,2.601,.970,.022, 1.020E+03, 1.123E+02, 5.558E-03, 3.469E-16, 0.000E+00, 0.000E+00, 0.000E+00, 0.000E+00,-4.341E+00, 6.041E+00, 1.678E+00, 1.849E-01, 1.000E-01,-9.990E+02, 1.000E+00,-9.990E+02, 0.000E+00, 0.000E+00, 0.000E+00, 1.000E+00, 0.000E+00, 0.000E+00, 0.000E+00, 0.000E+00, 1.965E+02, 6.835E+01, 1.000E-01, 0.000E+00, 1.000E+01, 5.220E-03, 1.519E-01
24/11/2019,05:00,9,2.416,2.916,2.502,.971,.021, 1.020E+03, 1.050E+02, 5.558E-03, 3.469E-16, 0.000E+00, 0.000E+00, 0.000E+00, 0.000E+00,-4.341E+00, 6.041E+00, 1.619E+00, 1.848E-01, 1.000E-01,-9.990E+02, 1.000E+00,-9.990E+02, 0.000E+00, 0.000E+00, 0.000E+00, 1.000E+00, 0.000E+00, 0.000E+00, 0.000E+00, 0.000E+00, 1.965E+02, 6.835E+01, 1.000E-01, 0.000E+00, 1.000E+01, 5.220E-03, 1.789E-01
24/11/2019,06:00,9,2.416,2.916,2.403,.972,.020, 1.020E+03, 9.805E+01, 7.850E-03, 3.469E-16, 0.000E+00, 0.000E+00, 0.000E+00, 0.000E+00,-4.458E+00, 6.700E+00, 1.562E+00, 1.958E-01, 1.000E-01,-9.990E+02, 1.000E+00,-9.990E+02, 0.000E+00, 0.000E+00, 0.000E+00, 1.000E+00, 0.000E+00, 0.000E+00, 0.000E+00, 0.000E+00, 1.927E+02, 6.835E+01, 1.000E-01, 0.000E+00, 1.000E+01, 5.229E-03, 2.332E-01
24/11/2019,07:00,9,2.416,2.916,2.423,.965,.025, 1.020E+03, 9.188E+01, 7.850E-03, 3.469E-16, 0.000E+00, 0.000E+00, 0.000E+00, 0.000E+00,-4.458E+00, 6.700E+00, 1.559E+00, 1.958E-01, 1.000E-01,-9.990E+02, 1.000E+00,-9.990E+02, 0.000E+00, 0.000E+00, 0.000E+00, 1.000E+00, 0.000E+00, 0.000E+00, 0.000E+00, 0.000E+00, 1.927E+02, 6.835E+01, 1.000E-01, 0.000E+00, 1.000E+01, 5.229E-03, 2.381E-01
24/11/2019,08:00,9,2.416,2.916,2.443,.959,.030, 1.020E+03, 8.681E+01, 7.850E-03, 3.469E-16, 9.788E-01, 1.192E+01, 1.356E+01, 4.770E+00,-4.458E+00, 6.700E+00, 1.567E+00, 1.958E-01, 1.000E-01, 4.606E-02, 1.000E+00, 1.896E-01, 4.276E-01, 1.000E-02, 1.000E+00, 1.000E+00, 1.896E-03, 1.173E-05, 2.645E-05, 0.000E+00, 1.927E+02, 6.835E+01, 1.000E-01, 3.887E-05, 9.996E+00, 5.230E-03, 3.148E-01
24/11/2019,09:00,9,2.416,2.916,2.463,.952,.035, 1.020E+03, 8.314E+01, 5.159E-04, 3.469E-16, 9.693E+00, 2.588E+01, 5.132E+01, 1.076E+01, 8.282E+00, 2.666E+01, 1.586E+00, 2.847E-01, 1.000E-01, 9.890E-02, 1.000E+00, 4.091E-01, 8.789E-01, 1.000E-02, 1.000E+00, 1.000E+00, 4.091E-03, 2.531E-05, 5.438E-05, 0.000E+00, 1.536E+02, 6.835E+01, 7.510E-02, 8.386E-05, 1.330E+01, 5.257E-03, 4.585E-01
24/11/2019,10:00,9,2.416,2.916,2.622,.907,.069, 1.020E+03, 8.112E+01, 5.159E-04, 3.469E-16, 1.780E+01, 3.428E+01, 7.216E+01, 1.448E+01, 8.282E+00, 2.666E+01, 1.686E+00, 2.848E-01, 1.051E-01, 1.277E-01, 1.000E+00, 5.126E-01, 9.486E-01, 1.000E-02, 1.000E+00, 1.000E+00, 5.126E-03, 3.173E-05, 5.873E-05, 0.000E+00, 1.462E+02, 6.506E+01, 4.187E-02, 1.051E-04, 2.382E+01, 5.202E-03, 5.039E-01
24/11/2019,11:00,9,2.416,2.916,2.782,.861,.104, 1.020E+03, 8.093E+01, 5.159E-04, 3.469E-16, 1.868E+01, 3.511E+01, 7.407E+01, 1.485E+01, 8.282E+00, 2.666E+01, 1.801E+00, 2.849E-01, 1.123E-01, 1.305E-01, 1.000E+00, 5.217E-01, 9.525E-01, 1.000E-02, 1.000E+00, 1.000E+00, 5.217E-03, 3.232E-05, 5.900E-05, 0.000E+00, 1.368E+02, 6.089E+01, 2.697E-02, 1.071E-04, 3.693E+01, 5.140E-03, 4.834E-01
24/11/2019,12:00,9,2.416,2.916,2.941,.816,.139, 1.019E+03, 8.256E+01, 4.235E-04, 3.469E-16, 5.922E+00, 2.558E+01, 3.331E+01, 1.043E+01,-3.334E+00, 7.726E+00, 1.929E+00, 1.948E-01, 1.033E-01, 1.071E-01, 1.000E+00, 3.915E-01, 7.459E-01, 1.000E-02, 1.000E+00, 1.000E+00, 3.915E-03, 2.426E-05, 4.623E-05, 0.000E+00, 1.809E+02, 6.619E+01, 1.396E-02, 8.039E-05, 7.122E+01, 4.062E-03, 4.963E-01
24/11/2019,13:00,9,2.416,2.916,2.865,.847,.115, 1.019E+03, 8.590E+01, 4.235E-04, 3.469E-16, 1.020E+00, 1.212E+01, 1.199E+01, 4.851E+00,-3.334E+00, 7.726E+00, 1.736E+00, 1.948E-01, 1.000E-01, 5.919E-02, 1.000E+00, 1.932E-01, 3.892E-01, 1.000E-02, 1.000E+00, 1.000E+00, 1.932E-03, 1.197E-05, 2.412E-05, 0.000E+00, 1.868E+02, 6.835E+01, 2.164E-02, 3.967E-05, 4.612E+01, 4.409E-03, 5.270E-01
24/11/2019,14:00,9,2.416,2.916,2.788,.877,.091, 1.019E+03, 9.070E+01, 4.235E-04, 3.469E-16, 0.000E+00, 0.000E+00, 0.000E+00, 0.000E+00,-3.334E+00, 7.726E+00, 1.542E+00, 1.948E-01, 1.000E-01,-9.990E+02, 1.000E+00,-9.990E+02, 0.000E+00, 0.000E+00, 0.000E+00, 1.000E+00, 0.000E+00, 0.000E+00, 0.000E+00, 0.000E+00, 1.868E+02, 6.835E+01, 2.879E-02, 0.000E+00, 3.474E+01, 4.642E-03, 5.710E-01
24/11/2019,15:00,9,2.416,2.916,2.712,.908,.068, 1.019E+03, 9.666E+01, 2.136E-03, 3.469E-16, 0.000E+00, 0.000E+00, 0.000E+00, 0.000E+00,-4.093E+00, 4.023E+00, 1.348E+00, 1.357E-01, 1.000E-01,-9.990E+02, 1.000E+00,-9.990E+02, 0.000E+00, 0.000E+00, 0.000E+00, 1.000E+00, 0.000E+00, 0.000E+00, 0.000E+00, 0.000E+00, 2.355E+02, 6.835E+01, 3.830E-02, 0.000E+00, 2.611E+01, 4.733E-03, 6.029E-01
24/11/2019,16:00,9,2.416,2.916,2.551,.916,.061, 1.019E+03, 1.035E+02, 2.136E-03, 3.469E-16, 0.000E+00, 0.000E+00, 0.000E+00, 0.000E+00,-4.093E+00, 4.023E+00, 1.474E+00, 1.357E-01, 1.000E-01,-9.990E+02, 1.000E+00,-9.990E+02, 0.000E+00, 0.000E+00, 0.000E+00, 1.000E+00, 0.000E+00, 0.000E+00, 0.000E+00, 0.000E+00, 2.355E+02, 6.835E+01, 4.519E-02, 0.000E+00, 2.213E+01, 4.823E-03, 6.202E-01
24/11/2019,17:00,9,2.416,2.916,2.391,.924,.055, 1.019E+03, 1.108E+02, 2.136E-03, 3.469E-16, 0.000E+00, 0.000E+00, 0.000E+00, 0.000E+00,-4.093E+00, 4.023E+00, 1.599E+00, 1.356E-01, 1.000E-01,-9.990E+02, 1.000E+00,-9.990E+02, 0.000E+00, 0.000E+00, 0.000E+00, 1.000E+00, 0.000E+00, 0.000E+00, 0.000E+00, 0.000E+00, 2.356E+02, 6.835E+01, 5.340E-02, 0.000E+00, 1.873E+01, 4.904E-03, 5.745E-01
24/11/2019,18:00,9,2.416,2.916,2.231,.932,.049, 1.019E+03, 1.183E+02, 7.239E-03, 3.469E-16, 0.000E+00, 0.000E+00, 0.000E+00, 0.000E+00,-4.203E+00, 4.557E+00, 1.725E+00, 1.659E-01, 1.000E-01,-9.990E+02, 1.000E+00,-9.990E+02, 0.000E+00, 0.000E+00, 0.000E+00, 1.000E+00, 0.000E+00, 0.000E+00, 0.000E+00, 0.000E+00, 2.061E+02, 6.835E+01, 6.822E-02, 0.000E+00, 1.466E+01, 5.073E-03, 4.899E-01
24/11/2019,19:00,9,2.416,2.916,2.189,.930,.050, 1.018E+03, 1.255E+02, 7.239E-03, 3.469E-16, 0.000E+00, 0.000E+00, 0.000E+00, 0.000E+00,-4.203E+00, 4.557E+00, 1.540E+00, 1.659E-01, 1.000E-01,-9.990E+02, 1.000E+00,-9.990E+02, 0.000E+00, 0.000E+00, 0.000E+00, 1.000E+00, 0.000E+00, 0.000E+00, 0.000E+00, 0.000E+00, 2.061E+02, 6.835E+01, 6.430E-02, 0.000E+00, 1.555E+01, 5.050E-03, 4.212E-01
24/11/2019,20:00,9,2.416,2.916,2.146,.928,.052, 1.018E+03, 1.320E+02, 7.239E-03, 3.469E-16, 0.000E+00, 0.000E+00, 0.000E+00, 0.000E+00,-4.203E+00, 4.557E+00, 1.385E+00, 1.659E-01, 1.000E-01,-9.990E+02, 1.000E+00,-9.990E+02, 0.000E+00, 0.000E+00, 0.000E+00, 1.000E+00, 0.000E+00, 0.000E+00, 0.000E+00, 0.000E+00, 2.061E+02, 6.835E+01, 7.549E-02, 0.000E+00, 1.325E+01, 5.109E-03, 3.522E-01
24/11/2019,21:00,9,2.416,2.916,2.104,.925,.053, 1.018E+03, 1.372E+02, 4.947E-03, 3.469E-16, 0.000E+00, 0.000E+00, 0.000E+00, 0.000E+00,-4.306E+00, 4.748E+00, 1.270E+00, 1.652E-01, 1.000E-01,-9.990E+02, 1.000E+00,-9.990E+02, 0.000E+00, 0.000E+00, 0.000E+00, 1.000E+00, 0.000E+00, 0.000E+00, 0.000E+00, 0.000E+00, 2.075E+02, 6.835E+01, 1.000E-01, 0.000E+00, 1.000E+01, 5.192E-03, 2.746E-01
24/11/2019,22:00,9,2.416,2.916,2.005,.927,.052, 1.018E+03, 1.402E+02, 4.947E-03, 3.469E-16, 0.000E+00, 0.000E+00, 0.000E+00, 0.000E+00,-4.306E+00, 4.748E+00, 1.343E+00, 1.652E-01, 1.000E-01,-9.990E+02, 1.000E+00,-9.990E+02, 0.000E+00, 0.000E+00, 0.000E+00, 1.000E+00, 0.000E+00, 0.000E+00, 0.000E+00, 0.000E+00, 2.075E+02, 6.835E+01, 1.000E-01, 0.000E+00, 1.000E+01, 5.192E-03, 2.156E-01
24/11/2019,23:00,9,2.416,2.916,1.907,.928,.051, 1.018E+03, 1.406E+02, 4.947E-03, 3.469E-16, 0.000E+00, 0.000E+00, 0.000E+00, 0.000E+00,-4.306E+00, 4.748E+00, 1.422E+00, 1.652E-01, 1.000E-01,-9.990E+02, 1.000E+00,-9.990E+02, 0.000E+00, 0.000E+00, 0.000E+00, 1.000E+00, 0.000E+00, 0.000E+00, 0.000E+00, 0.000E+00, 2.075E+02, 6.835E+01, 1.000E-01, 0.000E+00, 1.000E+01, 5.192E-03, 1.626E-01
25/11/2019,00:00,9,2.405,2.905,1.809,.929,.049, 1.018E+03, 1.381E+02, 2.958E-03, 3.469E-16, 0.000E+00, 0.000E+00, 0.000E+00, 0.000E+00,-4.955E+00, 3.021E+00, 1.506E+00, 1.719E-01, 1.000E-01,-9.990E+02, 1.000E+00,-9.990E+02, 0.000E+00, 0.000E+00, 0.000E+00, 1.000E+00, 0.000E+00, 0.000E+00, 0.000E+00, 0.000E+00, 2.084E+02, 6.835E+01, 1.000E-01, 0.000E+00, 1.000E+01, 5.190E-03, 1.321E-01
25/11/2019,01:00,9,2.405,2.905,1.843,.933,.046, 1.017E+03, 1.334E+02, 2.958E-03, 3.469E-16, 0.000E+00, 0.000E+00, 0.000E+00, 0.000E+00,-4.955E+00, 3.021E+00, 1.574E+00, 1.720E-01, 1.000E-01,-9.990E+02, 1.000E+00,-9.990E+02, 0.000E+00, 0.000E+00, 0.000E+00, 1.000E+00, 0.000E+00, 0.000E+00, 0.000E+00, 0.000E+00, 2.083E+02, 6.835E+01, 1.000E-01, 0.000E+00, 1.000E+01, 5.190E-03, 1.189E-01
25/11/2019,02:00,9,2.405,2.905,1.878,.938,.044, 1.017E+03, 1.271E+02, 2.958E-03, 3.469E-16, 0.000E+00, 0.000E+00, 0.000E+00, 0.000E+00,-4.955E+00, 3.021E+00, 1.672E+00, 1.720E-01, 1.000E-01,-9.990E+02, 1.000E+00,-9.990E+02, 0.000E+00, 0.000E+00, 0.000E+00, 1.000E+00, 0.000E+00, 0.000E+00, 0.000E+00, 0.000E+00, 2.083E+02, 6.835E+01, 1.000E-01, 0.000E+00, 1.000E+01, 5.190E-03, 1.047E-01
25/11/2019,03:00,9,2.405,2.905,1.913,.942,.041, 1.016E+03, 1.200E+02, 0.000E+00, 3.469E-16, 0.000E+00, 0.000E+00, 0.000E+00, 0.000E+00,-5.531E+00, 4.580E+00, 1.794E+00, 1.573E-01, 1.000E-01,-9.990E+02, 1.000E+00,-9.990E+02, 0.000E+00, 0.000E+00, 0.000E+00, 1.000E+00, 0.000E+00, 0.000E+00, 0.000E+00, 0.000E+00, 2.267E+02, 6.835E+01, 1.000E-01, 0.000E+00, 1.000E+01, 5.145E-03, 9.354E-02
25/11/2019,04:00,9,2.405,2.905,1.824,.935,.045, 1.016E+03, 1.126E+02, 0.000E+00, 3.469E-16, 0.000E+00, 0.000E+00, 0.000E+00, 0.000E+00,-5.531E+00, 4.580E+00, 1.662E+00, 1.573E-01, 1.000E-01,-9.990E+02, 1.000E+00,-9.990E+02, 0.000E+00, 0.000E+00, 0.000E+00, 1.000E+00, 0.000E+00, 0.000E+00, 0.000E+00, 0.000E+00, 2.267E+02, 6.835E+01, 1.000E-01, 0.000E+00, 1.000E+01, 5.144E-03, 1.181E-01
25/11/2019,05:00,9,2.405,2.905,1.736,.928,.050, 1.016E+03, 1.052E+02, 0.000E+00, 3.469E-16, 0.000E+00, 0.000E+00, 0.000E+00, 0.000E+00,-5.531E+00, 4.580E+00, 1.544E+00, 1.573E-01, 1.000E-01,-9.990E+02, 1.000E+00,-9.990E+02, 0.000E+00, 0.000E+00, 0.000E+00, 1.000E+00, 0.000E+00, 0.000E+00, 0.000E+00, 0.000E+00, 2.268E+02, 6.835E+01, 1.000E-01, 0.000E+00, 1.000E+01, 5.144E-03, 1.373E-01
25/11/2019,06:00,9,2.405,2.905,1.648,.921,.054, 1.016E+03, 9.825E+01, 1.179E-02, 3.469E-16, 0.000E+00, 0.000E+00, 0.000E+00, 0.000E+00,-2.786E+00, 7.147E+00, 1.442E+00, 1.805E-01, 1.000E-01,-9.990E+02, 1.000E+00,-9.990E+02, 0.000E+00, 0.000E+00, 0.000E+00, 1.000E+00, 0.000E+00, 0.000E+00, 0.000E+00, 0.000E+00, 1.878E+02, 6.835E+01, 1.000E-01, 0.000E+00, 1.000E+01, 5.242E-03, 1.775E-01
25/11/2019,07:00,9,2.405,2.905,1.777,.910,.062, 1.016E+03, 9.209E+01, 1.179E-02, 3.469E-16, 0.000E+00, 0.000E+00, 0.000E+00, 0.000E+00,-2.786E+00, 7.147E+00, 1.691E+00, 1.806E-01, 1.000E-01,-9.990E+02, 1.000E+00,-9.990E+02, 0.000E+00, 0.000E+00, 0.000E+00, 1.000E+00, 0.000E+00, 0.000E+00, 0.000E+00, 0.000E+00, 1.878E+02, 6.835E+01, 1.000E-01, 0.000E+00, 1.000E+01, 5.242E-03, 2.067E-01
25/11/2019,08:00,9,2.405,2.905,1.906,.899,.071, 1.016E+03, 8.702E+01, 1.179E-02, 3.469E-16, 2.485E-01, 8.006E+00, 5.578E+00, 3.191E+00,-2.786E+00, 7.147E+00, 1.946E+00, 1.806E-01, 1.036E-01, 4.328E-02, 1.000E+00, 1.266E-01, 2.050E-01, 1.000E-02, 1.000E+00, 1.000E+00, 1.266E-03, 7.815E-06, 1.266E-05, 0.000E+00, 1.812E+02, 6.597E+01, 1.000E-01, 2.577E-05, 9.997E+00, 5.421E-03, 2.470E-01
25/11/2019,09:00,9,2.405,2.905,2.035,.888,.079, 1.016E+03, 8.334E+01, 1.358E-03, 3.469E-16, 4.104E-01, 1.195E+01, 6.533E+00, 4.763E+00, 6.143E+00, 1.684E+01, 2.204E+00, 3.501E-01, 1.340E-01, 9.641E-02, 1.000E+00, 1.835E-01, 2.356E-01, 1.000E-02, 1.000E+00, 1.000E+00, 1.835E-03, 1.133E-05, 1.456E-05, 0.000E+00, 1.201E+02, 5.102E+01, 1.000E-01, 3.738E-05, 9.996E+00, 6.996E-03, 3.077E-01
25/11/2019,10:00,9,2.405,2.905,2.057,.880,.085, 1.015E+03, 8.132E+01, 1.358E-03, 3.469E-16, 7.738E-01, 1.754E+01, 9.566E+00, 7.002E+00, 6.143E+00, 1.684E+01, 2.129E+00, 3.502E-01, 1.294E-01, 1.254E-01, 1.000E+00, 2.596E-01, 3.253E-01, 1.000E-02, 1.000E+00, 1.000E+00, 2.596E-03, 1.604E-05, 2.010E-05, 0.000E+00, 1.243E+02, 5.282E+01, 1.000E-01, 5.290E-05, 9.995E+00, 6.773E-03, 2.294E-01
25/11/2019,11:00,9,2.405,2.905,2.079,.873,.090, 1.015E+03, 8.112E+01, 1.358E-03, 3.469E-16, 8.153E-01, 1.815E+01, 9.883E+00, 7.243E+00, 6.143E+00, 1.684E+01, 2.090E+00, 3.502E-01, 1.270E-01, 1.284E-01, 1.000E+00, 2.674E-01, 3.340E-01, 1.000E-02, 1.000E+00, 1.000E+00, 2.674E-03, 1.652E-05, 2.064E-05, 0.000E+00, 1.267E+02, 5.381E+01, 1.000E-01, 5.450E-05, 9.995E+00, 6.657E-03, 1.895E-01
25/11/2019,12:00,9,2.405,2.905,2.101,.865,.096, 1.014E+03, 8.274E+01, 3.255E-03, 3.469E-16, 1.566E+00, 1.788E+01, 1.337E+01, 7.178E+00,-1.791E+00, 8.825E+00, 2.088E+00, 2.281E-01, 1.196E-01, 1.051E-01, 1.000E+00, 2.732E-01, 4.230E-01, 1.000E-02, 1.000E+00, 1.000E+00, 2.732E-03, 1.688E-05, 2.614E-05, 0.000E+00, 1.459E+02, 5.714E+01, 1.000E-01, 5.568E-05, 9.994E+00, 6.247E-03, 1.882E-01
25/11/2019,13:00,9,2.405,2.905,2.019,.885,.081, 1.014E+03, 8.606E+01, 3.255E-03, 3.469E-16, 2.482E-01, 7.692E+00, 4.874E+00, 3.067E+00,-1.791E+00, 8.825E+00, 1.845E+00, 2.281E-01, 1.057E-01, 5.710E-02, 1.000E+00, 1.221E-01, 1.816E-01, 1.000E-02, 1.000E+00, 1.000E+00, 1.221E-03, 7.543E-06, 1.122E-05, 0.000E+00, 1.652E+02, 6.469E+01, 1.000E-01, 2.488E-05, 9.998E+00, 5.558E-03, 2.087E-01
25/11/2019,14:00,9,2.405,2.905,1.937,.906,.066, 1.014E+03, 9.085E+01, 3.255E-03, 3.469E-16, 0.000E+00, 0.000E+00, 0.000E+00, 0.000E+00,-1.791E+00, 8.825E+00, 1.621E+00, 2.281E-01, 1.000E-01,-9.990E+02, 1.000E+00,-9.990E+02, 0.000E+00, 0.000E+00, 0.000E+00, 1.000E+00, 0.000E+00, 0.000E+00, 0.000E+00, 0.000E+00, 1.746E+02, 6.835E+01, 1.000E-01, 0.000E+00, 1.000E+01, 5.276E-03, 2.217E-01
25/11/2019,15:00,9,2.405,2.905,1.855,.926,.051, 1.014E+03, 9.680E+01, 6.813E-03, 3.469E-16, 0.000E+00, 0.000E+00, 0.000E+00, 0.000E+00,-3.242E+00, 3.584E+00, 1.425E+00, 1.680E-01, 1.000E-01,-9.990E+02, 1.000E+00,-9.990E+02, 0.000E+00, 0.000E+00, 0.000E+00, 1.000E+00, 0.000E+00, 0.000E+00, 0.000E+00, 0.000E+00, 1.965E+02, 6.835E+01, 1.000E-01, 0.000E+00, 1.000E+01, 5.220E-03, 2.413E-01
25/11/2019,16:00,9,2.405,2.905,1.735,.937,.044, 1.014E+03, 1.036E+02, 6.813E-03, 3.469E-16, 0.000E+00, 0.000E+00, 0.000E+00, 0.000E+00,-3.242E+00, 3.584E+00, 1.401E+00, 1.680E-01, 1.000E-01,-9.990E+02, 1.000E+00,-9.990E+02, 0.000E+00, 0.000E+00, 0.000E+00, 1.000E+00, 0.000E+00, 0.000E+00, 0.000E+00, 0.000E+00, 1.965E+02, 6.835E+01, 1.000E-01, 0.000E+00, 1.000E+01, 5.220E-03, 2.451E-01
25/11/2019,17:00,9,2.405,2.905,1.616,.947,.036, 1.013E+03, 1.109E+02, 6.813E-03, 3.469E-16, 0.000E+00, 0.000E+00, 0.000E+00, 0.000E+00,-3.242E+00, 3.584E+00, 1.381E+00, 1.680E-01, 1.000E-01,-9.990E+02, 1.000E+00,-9.990E+02, 0.000E+00, 0.000E+00, 0.000E+00, 1.000E+00, 0.000E+00, 0.000E+00, 0.000E+00, 0.000E+00, 1.965E+02, 6.835E+01, 1.000E-01, 0.000E+00, 1.000E+01, 5.220E-03, 2.129E-01
25/11/2019,18:00,9,2.405,2.905,1.497,.958,.029, 1.013E+03, 1.184E+02, 6.813E-03, 3.469E-16, 0.000E+00, 0.000E+00, 0.000E+00, 0.000E+00,-2.296E+00, 3.173E+00, 1.365E+00, 1.588E-01, 1.000E-01,-9.990E+02, 1.000E+00,-9.990E+02, 0.000E+00, 0.000E+00, 0.000E+00, 1.000E+00, 0.000E+00, 0.000E+00, 0.000E+00, 0.000E+00, 1.920E+02, 6.835E+01, 1.000E-01, 0.000E+00, 1.000E+01, 5.231E-03, 1.651E-01
25/11/2019,19:00,9,2.405,2.905,1.522,.958,.028, 1.013E+03, 1.256E+02, 6.813E-03, 3.469E-16, 0.000E+00, 0.000E+00, 0.000E+00, 0.000E+00,-2.296E+00, 3.173E+00, 1.305E+00, 1.588E-01, 1.000E-01,-9.990E+02, 1.000E+00,-9.990E+02, 0.000E+00, 0.000E+00, 0.000E+00, 1.000E+00, 0.000E+00, 0.000E+00, 0.000E+00, 0.000E+00, 1.920E+02, 6.835E+01, 1.000E-01, 0.000E+00, 1.000E+01, 5.231E-03, 1.165E-01
25/11/2019,20:00,9,2.405,2.905,1.548,.959,.028, 1.012E+03, 1.322E+02, 6.813E-03, 3.469E-16, 0.000E+00, 0.000E+00, 0.000E+00, 0.000E+00,-2.296E+00, 3.173E+00, 1.246E+00, 1.588E-01, 1.000E-01,-9.990E+02, 1.000E+00,-9.990E+02, 0.000E+00, 0.000E+00, 0.000E+00, 1.000E+00, 0.000E+00, 0.000E+00, 0.000E+00, 0.000E+00, 1.920E+02, 6.835E+01, 1.000E-01, 0.000E+00, 1.000E+01, 5.231E-03, 8.151E-02
25/11/2019,21:00,9,2.405,2.905,1.573,.960,.027, 1.012E+03, 1.373E+02, 5.331E-03, 3.469E-16, 0.000E+00, 0.000E+00, 0.000E+00, 0.000E+00,-1.791E+00, 3.281E+00, 1.190E+00, 1.681E-01, 1.000E-01,-9.990E+02, 1.000E+00,-9.990E+02, 0.000E+00, 0.000E+00, 0.000E+00, 1.000E+00, 0.000E+00, 0.000E+00, 0.000E+00, 0.000E+00, 1.839E+02, 6.835E+01, 1.000E-01, 0.000E+00, 1.000E+01, 5.252E-03, 6.405E-02
25/11/2019,22:00,9,2.405,2.905,1.701,.957,.030, 1.012E+03, 1.404E+02, 5.331E-03, 3.469E-16, 0.000E+00, 0.000E+00, 0.000E+00, 0.000E+00,-1.791E+00, 3.281E+00, 1.245E+00, 1.682E-01, 1.000E-01,-9.990E+02, 1.000E+00,-9.990E+02, 0.000E+00, 0.000E+00, 0.000E+00, 1.000E+00, 0.000E+00, 0.000E+00, 0.000E+00, 0.000E+00, 1.839E+02, 6.835E+01, 1.000E-01, 0.000E+00, 1.000E+01, 5.252E-03, 4.527E-02
25/11/2019,23:00,9,2.405,2.905,1.828,.954,.032, 1.011E+03, 1.408E+02, 5.331E-03, 3.469E-16, 0.000E+00, 0.000E+00, 0.000E+00, 0.000E+00,-1.791E+00, 3.281E+00, 1.303E+00, 1.682E-01, 1.000E-01,-9.990E+02, 1.000E+00,-9.990E+02, 0.000E+00, 0.000E+00, 0.000E+00, 1.000E+00, 0.000E+00, 0.000E+00, 0.000E+00, 0.000E+00, 1.839E+02, 6.835E+01, 1.000E-01, 0.000E+00, 1.000E+01, 5.252E-03, 3.066E-02
26/11/2019,00:00,9,2.394,2.894,1.956,.951,.035, 1.011E+03, 1.383E+02, 1.149E-01, 3.469E-16, 0.000E+00, 0.000E+00, 0.000E+00, 0.000E+00,-7.437E-01, 4.103E+00, 1.365E+00, 1.946E-01, 1.000E-01,-9.990E+02, 1.000E+00,-9.990E+02, 0.000E+00, 0.000E+00, 0.000E+00, 1.000E+00, 0.000E+00, 0.000E+00, 0.000E+00, 0.000E+00, 1.725E+02, 6.835E+01, 1.000E-01, 0.000E+00, 1.000E+01, 5.281E-03, 2.800E-02
26/11/2019,01:00,9,2.394,2.894,1.925,.964,.025, 1.010E+03, 1.336E+02, 1.149E-01, 2.543E-04, 0.000E+00, 0.000E+00, 0.000E+00, 0.000E+00,-7.437E-01, 4.103E+00, 1.477E+00, 1.947E-01, 1.000E-01,-9.990E+02, 1.000E+00,-9.990E+02, 0.000E+00, 0.000E+00, 0.000E+00, 1.000E+00, 0.000E+00, 0.000E+00, 0.000E+00, 0.000E+00, 1.725E+02, 6.835E+01, 9.854E-02, 0.000E+00, 1.015E+01, 5.277E-03, 2.317E-02
26/11/2019,02:00,9,2.394,2.894,1.893,.978,.015, 1.010E+03, 1.273E+02, 1.149E-01, 5.087E-04, 0.000E+00, 0.000E+00, 0.000E+00, 0.000E+00,-7.437E-01, 4.103E+00, 1.615E+00, 1.947E-01, 1.000E-01,-9.990E+02, 1.000E+00,-9.990E+02, 0.000E+00, 0.000E+00, 0.000E+00, 1.000E+00, 0.000E+00, 0.000E+00, 0.000E+00, 0.000E+00, 1.725E+02, 6.835E+01, 9.709E-02, 0.000E+00, 1.030E+01, 5.273E-03, 2.039E-02
26/11/2019,03:00,9,2.394,2.894,1.861,.992,.006, 1.009E+03, 1.202E+02, 6.713E-02, 7.630E-04, 0.000E+00, 0.000E+00, 0.000E+00, 0.000E+00,-2.322E+00, 5.054E+00, 1.772E+00, 2.654E-01, 1.021E-01,-9.990E+02, 1.000E+00,-9.990E+02, 0.000E+00, 0.000E+00, 0.000E+00, 1.000E+00, 0.000E+00, 0.000E+00, 0.000E+00, 0.000E+00, 1.699E+02, 6.693E+01, 9.563E-02, 0.000E+00, 1.046E+01, 5.371E-03, 1.391E-02
26/11/2019,04:00,9,2.394,2.894,1.992,.988,.008, 1.008E+03, 1.127E+02, 6.713E-02, 7.630E-04, 0.000E+00, 0.000E+00, 0.000E+00, 0.000E+00,-2.322E+00, 5.054E+00, 1.849E+00, 2.655E-01, 1.066E-01,-9.990E+02, 1.000E+00,-9.990E+02, 0.000E+00, 0.000E+00, 0.000E+00, 1.000E+00, 0.000E+00, 0.000E+00, 0.000E+00, 0.000E+00, 1.628E+02, 6.413E+01, 9.563E-02, 0.000E+00, 1.046E+01, 5.592E-03, 1.034E-02
26/11/2019,05:00,9,2.394,2.894,2.123,.985,.011, 1.008E+03, 1.054E+02, 6.713E-02, 7.630E-04, 0.000E+00, 0.000E+00, 0.000E+00, 0.000E+00,-2.322E+00, 5.054E+00, 1.927E+00, 2.657E-01, 1.110E-01,-9.990E+02, 1.000E+00,-9.990E+02, 0.000E+00, 0.000E+00, 0.000E+00, 1.000E+00, 0.000E+00, 0.000E+00, 0.000E+00, 0.000E+00, 1.562E+02, 6.156E+01, 9.563E-02, 0.000E+00, 1.046E+01, 5.812E-03, 6.802E-03
26/11/2019,06:00,9,2.394,2.894,2.254,.982,.013, 1.007E+03, 9.845E+01, 7.840E-02, 7.630E-04, 0.000E+00, 0.000E+00, 0.000E+00, 0.000E+00,-5.221E+00, 6.299E+00, 2.004E+00, 2.359E-01, 1.084E-01,-9.990E+02, 1.000E+00,-9.990E+02, 0.000E+00, 0.000E+00, 0.000E+00, 1.000E+00, 0.000E+00, 0.000E+00, 0.000E+00, 0.000E+00, 1.705E+02, 6.305E+01, 9.563E-02, 0.000E+00, 1.046E+01, 5.652E-03, 5.272E-03
26/11/2019,07:00,9,2.394,2.894,2.428,.981,.014, 1.007E+03, 9.229E+01, 7.840E-02, 7.630E-04, 0.000E+00, 0.000E+00, 0.000E+00, 0.000E+00,-5.221E+00, 6.299E+00, 1.988E+00, 2.361E-01, 1.075E-01,-9.990E+02, 1.000E+00,-9.990E+02, 0.000E+00, 0.000E+00, 0.000E+00, 1.000E+00, 0.000E+00, 0.000E+00, 0.000E+00, 0.000E+00, 1.718E+02, 6.356E+01, 9.563E-02, 0.000E+00, 1.046E+01, 5.609E-03, 6.676E-03
26/11/2019,08:00,9,2.394,2.894,2.602,.981,.014, 1.006E+03, 8.722E+01, 7.840E-02, 7.630E-04, 7.954E-03, 3.066E+00, 1.303E+00, 1.221E+00,-5.221E+00, 6.299E+00, 1.972E+00, 2.362E-01, 1.067E-01, 4.055E-02, 1.000E+00, 4.910E-02, 5.217E-02, 1.000E-02, 1.000E+00, 1.000E+00, 4.910E-04, 3.040E-06, 3.230E-06, 0.000E+00, 1.731E+02, 6.404E+01, 9.563E-02, 9.979E-06, 1.046E+01, 5.569E-03, 5.557E-02
26/11/2019,09:00,9,2.394,2.894,2.776,.981,.014, 1.006E+03, 8.354E+01, 2.148E-01, 7.630E-04, 1.589E-01, 9.739E+00, 4.591E+00, 3.885E+00,-3.707E+00, 1.133E+01, 1.958E+00, 2.555E-01, 1.102E-01, 9.398E-02, 1.000E+00, 1.500E-01, 1.721E-01, 1.000E-02, 1.000E+00, 1.000E+00, 1.500E-03, 9.289E-06, 1.066E-05, 0.000E+00, 1.611E+02, 6.200E+01, 9.563E-02, 3.050E-05, 1.045E+01, 5.762E-03, 1.890E-01
26/11/2019,10:00,9,2.394,2.894,3.016,.987,.010, 1.005E+03, 8.152E+01, 2.148E-01, 7.630E-04, 3.074E-01, 1.454E+01, 6.847E+00, 5.805E+00,-3.707E+00, 1.133E+01, 1.818E+00, 2.557E-01, 1.024E-01, 1.232E-01, 1.000E+00, 2.165E-01, 2.454E-01, 1.000E-02, 1.000E+00, 1.000E+00, 2.165E-03, 1.342E-05, 1.522E-05, 0.000E+00, 1.734E+02, 6.675E+01, 9.563E-02, 4.406E-05, 1.045E+01, 5.375E-03, 3.011E-01
26/11/2019,11:00,9,2.394,2.894,3.255,.993,.006, 1.005E+03, 8.130E+01, 2.148E-01, 7.630E-04, 3.252E-01, 1.509E+01, 7.098E+00, 6.023E+00,-3.707E+00, 1.133E+01, 1.745E+00, 2.559E-01, 1.000E-01, 1.263E-01, 1.000E+00, 2.237E-01, 2.532E-01, 1.000E-02, 1.000E+00, 1.000E+00, 2.237E-03, 1.388E-05, 1.571E-05, 0.000E+00, 1.776E+02, 6.835E+01, 9.563E-02, 4.557E-05, 1.045E+01, 5.256E-03, 3.718E-01
26/11/2019,12:00,9,2.394,2.894,3.495,.999,.001, 1.004E+03, 8.291E+01, 1.759E-01, 7.630E-04, 3.367E-01, 1.220E+01, 6.239E+00, 4.875E+00,-7.034E+00, 2.767E+00, 1.745E+00, 2.138E-01, 1.000E-01, 1.031E-01, 1.000E+00, 1.863E-01, 2.263E-01, 1.000E-02, 1.000E+00, 1.000E+00, 1.863E-03, 1.157E-05, 1.406E-05, 0.000E+00, 1.983E+02, 6.835E+01, 8.226E-02, 3.798E-05, 1.215E+01, 5.157E-03, 4.477E-01
26/11/2019,13:00,9,2.394,2.894,3.509,.999,.001, 1.004E+03, 8.622E+01, 1.759E-01, 5.087E-04, 4.930E-02, 4.965E+00, 2.353E+00, 1.979E+00,-7.034E+00, 2.767E+00, 1.688E+00, 2.139E-01, 1.000E-01, 5.510E-02, 1.000E+00, 7.894E-02, 9.223E-02, 1.000E-02, 1.000E+00, 1.000E+00, 7.894E-04, 4.903E-06, 5.728E-06, 0.000E+00, 1.982E+02, 6.835E+01, 6.633E-02, 1.610E-05, 1.507E+01, 5.081E-03, 5.139E-01
26/11/2019,14:00,9,2.394,2.894,3.523,.999,.001, 1.004E+03, 9.099E+01, 1.759E-01, 2.543E-04, 0.000E+00, 0.000E+00, 0.000E+00, 0.000E+00,-7.034E+00, 2.767E+00, 1.631E+00, 2.139E-01, 1.000E-01,-9.990E+02, 1.000E+00,-9.990E+02, 0.000E+00, 0.000E+00, 0.000E+00, 1.000E+00, 0.000E+00, 0.000E+00, 0.000E+00, 0.000E+00, 1.982E+02, 6.835E+01, 7.247E-02, 0.000E+00, 1.380E+01, 5.114E-03, 5.326E-01
26/11/2019,15:00,9,2.394,2.894,3.538,.999,.001, 1.003E+03, 9.693E+01, 1.999E-01, 3.469E-16, 0.000E+00, 0.000E+00, 0.000E+00, 0.000E+00,-5.014E+00,-2.565E-01, 1.574E+00, 1.349E-01, 1.000E-01,-9.990E+02, 1.000E+00,-9.990E+02, 0.000E+00, 0.000E+00, 0.000E+00, 1.000E+00, 0.000E+00, 0.000E+00, 0.000E+00, 0.000E+00, 2.533E+02, 6.835E+01, 7.921E-02, 0.000E+00, 1.262E+01, 5.013E-03, 5.307E-01
26/11/2019,16:00,9,2.394,2.894,3.480,.999,.001, 1.003E+03, 1.037E+02, 1.999E-01, 3.469E-16, 0.000E+00, 0.000E+00, 0.000E+00, 0.000E+00,-5.014E+00,-2.565E-01, 1.502E+00, 1.349E-01, 1.000E-01,-9.990E+02, 1.000E+00,-9.990E+02, 0.000E+00, 0.000E+00, 0.000E+00, 1.000E+00, 0.000E+00, 0.000E+00, 0.000E+00, 0.000E+00, 2.533E+02, 6.835E+01, 7.970E-02, 0.000E+00, 1.255E+01, 5.015E-03, 5.197E-01
26/11/2019,17:00,9,2.394,2.894,3.421,.999,.001, 1.002E+03, 1.110E+02, 1.999E-01, 3.469E-16, 0.000E+00, 0.000E+00, 0.000E+00, 0.000E+00,-5.014E+00,-2.565E-01, 1.430E+00, 1.349E-01, 1.000E-01,-9.990E+02, 1.000E+00,-9.990E+02, 0.000E+00, 0.000E+00, 0.000E+00, 1.000E+00, 0.000E+00, 0.000E+00, 0.000E+00, 0.000E+00, 2.533E+02, 6.835E+01, 8.020E-02, 0.000E+00, 1.247E+01, 5.017E-03, 4.797E-01
26/11/2019,18:00,9,2.394,2.894,3.363,.999,.001, 1.002E+03, 1.185E+02, 1.676E-01, 3.469E-16, 0.000E+00, 0.000E+00, 0.000E+00, 0.000E+00,-1.693E+00,-1.546E-01, 1.359E+00, 1.000E-01, 1.000E-01,-9.990E+02, 1.000E+00,-9.990E+02, 0.000E+00, 0.000E+00, 0.000E+00, 1.000E+00, 0.000E+00, 0.000E+00, 0.000E+00, 0.000E+00, 2.389E+02, 6.835E+01, 8.072E-02, 0.000E+00, 1.239E+01, 5.053E-03, 4.554E-01
26/11/2019,19:00,9,2.394,2.894,3.355,.999,.001, 1.002E+03, 1.258E+02, 1.676E-01, 3.469E-16, 0.000E+00, 0.000E+00, 0.000E+00, 0.000E+00,-1.693E+00,-1.546E-01, 1.040E+00, 1.000E-01, 1.000E-01,-9.990E+02, 1.000E+00,-9.990E+02, 0.000E+00, 0.000E+00, 0.000E+00, 1.000E+00, 0.000E+00, 0.000E+00, 0.000E+00, 0.000E+00, 2.389E+02, 6.835E+01, 7.483E-02, 0.000E+00, 1.336E+01, 5.028E-03, 4.472E-01
26/11/2019,20:00,9,2.394,2.894,3.347,.998,.002, 1.002E+03, 1.323E+02, 1.676E-01, 3.469E-16, 0.000E+00, 0.000E+00, 0.000E+00, 0.000E+00,-1.693E+00,-1.546E-01, 7.309E-01, 1.000E-01, 1.000E-01,-9.990E+02, 1.000E+00,-9.990E+02, 0.000E+00, 0.000E+00, 0.000E+00, 1.000E+00, 0.000E+00, 0.000E+00, 0.000E+00, 0.000E+00, 2.389E+02, 6.835E+01, 7.490E-02, 0.000E+00, 1.335E+01, 5.029E-03, 4.562E-01
26/11/2019,21:00,9,2.394,2.894,3.339,.997,.002, 1.001E+03, 1.375E+02, 7.696E-01, 3.469E-16, 0.000E+00, 0.000E+00, 0.000E+00, 0.000E+00,-1.108E+00,-1.093E-01, 4.530E-01, 1.000E-01, 1.000E-01,-9.990E+02, 1.000E+00,-9.990E+02, 0.000E+00, 0.000E+00, 0.000E+00, 1.000E+00, 0.000E+00, 0.000E+00, 0.000E+00, 0.000E+00, 2.145E+02, 6.835E+01, 7.497E-02, 0.000E+00, 1.334E+01, 5.087E-03, 4.800E-01
26/11/2019,22:00,9,2.394,2.894,3.322,.998,.001, 1.001E+03, 1.406E+02, 7.696E-01, 3.469E-16, 0.000E+00, 0.000E+00, 0.000E+00, 0.000E+00,-1.108E+00,-1.093E-01, 2.556E-01, 1.000E-01, 1.000E-01,-9.990E+02, 1.000E+00,-9.990E+02, 0.000E+00, 0.000E+00, 0.000E+00, 1.000E+00, 0.000E+00, 0.000E+00, 0.000E+00, 0.000E+00, 2.145E+02, 6.835E+01, 7.511E-02, 0.000E+00, 1.331E+01, 5.087E-03, 4.012E-01
26/11/2019,23:00,9,2.394,2.894,3.305,.999,.001, 1.001E+03, 1.410E+02, 7.696E-01, 3.469E-16, 0.000E+00, 0.000E+00, 0.000E+00, 0.000E+00,-1.108E+00,-1.093E-01, 7.561E-01, 1.000E-01, 1.000E-01,-9.990E+02, 1.000E+00,-9.990E+02, 0.000E+00, 0.000E+00, 0.000E+00, 1.000E+00, 0.000E+00, 0.000E+00, 0.000E+00, 0.000E+00, 2.146E+02, 6.835E+01, 8.125E-02, 0.000E+00, 1.231E+01, 5.113E-03, 3.485E-01
27/11/2019,00:00,9,2.383,2.883,3.288,1.000,.000, 1.000E+03, 1.385E+02, 1.106E+00, 3.469E-16, 0.000E+00, 0.000E+00, 0.000E+00, 0.000E+00,-5.047E+00, 3.010E+00, 1.313E+00, 2.286E-01, 1.000E-01,-9.990E+02, 1.000E+00,-9.990E+02, 0.000E+00, 0.000E+00, 0.000E+00, 1.000E+00, 0.000E+00, 0.000E+00, 0.000E+00, 0.000E+00, 1.860E+02, 6.835E+01, 8.140E-02, 0.000E+00, 1.228E+01, 5.184E-03, 2.866E-01
27/11/2019,01:00,9,2.383,2.883,3.325,1.000,.000, 9.997E+02, 1.338E+02, 1.106E+00, 3.469E-16, 0.000E+00, 0.000E+00, 0.000E+00, 0.000E+00,-5.047E+00, 3.010E+00, 1.697E+00, 2.287E-01, 1.000E-01,-9.990E+02, 1.000E+00,-9.990E+02, 0.000E+00, 0.000E+00, 0.000E+00, 1.000E+00, 0.000E+00, 0.000E+00, 0.000E+00, 0.000E+00, 1.860E+02, 6.835E+01, 8.106E-02, 0.000E+00, 1.234E+01, 5.183E-03, 1.900E-01
27/11/2019,02:00,9,2.383,2.883,3.362,.999,.001, 9.989E+02, 1.275E+02, 1.106E+00, 3.469E-16, 0.000E+00, 0.000E+00, 0.000E+00, 0.000E+00,-5.047E+00, 3.010E+00, 2.086E+00, 2.288E-01, 1.122E-01,-9.990E+02, 1.000E+00,-9.990E+02, 0.000E+00, 0.000E+00, 0.000E+00, 1.000E+00, 0.000E+00, 0.000E+00, 0.000E+00, 0.000E+00, 1.658E+02, 6.095E+01, 8.073E-02, 0.000E+00, 1.239E+01, 5.767E-03, 1.422E-01
27/11/2019,03:00,9,2.383,2.883,3.399,.999,.001, 9.982E+02, 1.204E+02, 7.947E-01, 3.469E-16, 0.000E+00, 0.000E+00, 0.000E+00, 0.000E+00,-6.859E+00, 7.875E+00, 2.476E+00, 3.411E-01, 1.410E-01,-9.990E+02, 1.000E+00,-9.990E+02, 0.000E+00, 0.000E+00, 0.000E+00, 1.000E+00, 0.000E+00, 0.000E+00, 0.000E+00, 0.000E+00, 1.245E+02, 4.847E+01, 8.040E-02, 0.000E+00, 1.244E+01, 7.152E-03, 1.285E-01
27/11/2019,04:00,9,2.383,2.883,3.396,.999,.001, 9.978E+02, 1.129E+02, 7.947E-01, 3.469E-16, 0.000E+00, 0.000E+00, 0.000E+00, 0.000E+00,-6.859E+00, 7.875E+00, 2.469E+00, 3.411E-01, 1.406E-01,-9.990E+02, 1.000E+00,-9.990E+02, 0.000E+00, 0.000E+00, 0.000E+00, 1.000E+00, 0.000E+00, 0.000E+00, 0.000E+00, 0.000E+00, 1.249E+02, 4.861E+01, 8.684E-02, 0.000E+00, 1.152E+01, 7.180E-03, 1.190E-01
27/11/2019,05:00,9,2.383,2.883,3.392,.999,.001, 9.974E+02, 1.056E+02, 7.947E-01, 3.469E-16, 0.000E+00, 0.000E+00, 0.000E+00, 0.000E+00,-6.859E+00, 7.875E+00, 2.462E+00, 3.412E-01, 1.402E-01,-9.990E+02, 1.000E+00,-9.990E+02, 0.000E+00, 0.000E+00, 0.000E+00, 1.000E+00, 0.000E+00, 0.000E+00, 0.000E+00, 0.000E+00, 1.253E+02, 4.876E+01, 8.687E-02, 0.000E+00, 1.151E+01, 7.161E-03, 1.207E-01
27/11/2019,06:00,9,2.383,2.883,3.389,.999,.000, 9.970E+02, 9.865E+01, 1.521E-01, 3.469E-16, 0.000E+00, 0.000E+00, 0.000E+00, 0.000E+00,-4.272E+00, 8.473E+00, 2.455E+00, 3.145E-01, 1.410E-01,-9.990E+02, 1.000E+00,-9.990E+02, 0.000E+00, 0.000E+00, 0.000E+00, 1.000E+00, 0.000E+00, 0.000E+00, 0.000E+00, 0.000E+00, 1.235E+02, 4.849E+01, 8.049E-02, 0.000E+00, 1.242E+01, 7.155E-03, 1.256E-01
27/11/2019,07:00,9,2.383,2.883,3.319,.995,.004, 9.969E+02, 9.249E+01, 1.521E-01, 3.469E-16, 0.000E+00, 0.000E+00, 0.000E+00, 0.000E+00,-4.272E+00, 8.473E+00, 2.476E+00, 3.145E-01, 1.422E-01,-9.990E+02, 1.000E+00,-9.990E+02, 0.000E+00, 0.000E+00, 0.000E+00, 1.000E+00, 0.000E+00, 0.000E+00, 0.000E+00, 0.000E+00, 1.224E+02, 4.807E+01, 7.513E-02, 0.000E+00, 1.331E+01, 7.166E-03, 1.814E-01
27/11/2019,08:00,9,2.383,2.883,3.249,.991,.007, 9.969E+02, 8.741E+01, 1.521E-01, 3.469E-16, 2.421E-02, 3.899E+00, 1.826E+00, 1.558E+00,-4.272E+00, 8.473E+00, 2.538E+00, 3.145E-01, 1.458E-01, 3.787E-02, 1.000E+00, 6.245E-02, 7.236E-02, 1.000E-02, 1.000E+00, 1.000E+00, 6.245E-04, 3.875E-06, 4.490E-06, 0.000E+00, 1.195E+02, 4.689E+01, 7.014E-02, 1.266E-05, 1.425E+01, 7.278E-03, 2.305E-01
27/11/2019,09:00,9,2.383,2.883,3.179,.986,.011, 9.968E+02, 8.373E+01, 2.671E-02, 3.469E-16, 1.489E-01, 9.355E+00, 4.425E+00, 3.743E+00, 1.912E+00, 2.423E+01, 2.638E+00, 3.333E-01, 1.582E-01, 9.162E-02, 1.000E+00, 1.449E-01, 1.664E-01, 1.000E-02, 1.000E+00, 1.000E+00, 1.449E-03, 8.986E-06, 1.032E-05, 0.000E+00, 1.045E+02, 4.322E+01, 5.678E-02, 2.936E-05, 1.760E+01, 7.659E-03, 2.579E-01
27/11/2019,10:00,9,2.383,2.883,3.099,.980,.015, 9.967E+02, 8.170E+01, 2.671E-02, 3.469E-16, 2.957E-01, 1.414E+01, 6.687E+00, 5.662E+00, 1.912E+00, 2.423E+01, 2.348E+00, 3.332E-01, 1.408E-01, 1.211E-01, 1.000E+00, 2.117E-01, 2.404E-01, 1.000E-02, 1.000E+00, 1.000E+00, 2.117E-03, 1.313E-05, 1.491E-05, 0.000E+00, 1.173E+02, 4.854E+01, 4.602E-02, 4.291E-05, 2.171E+01, 6.730E-03, 2.874E-01
27/11/2019,11:00,9,2.383,2.883,3.019,.974,.020, 9.967E+02, 8.147E+01, 2.671E-02, 3.469E-16, 3.141E-01, 1.471E+01, 6.948E+00, 5.889E+00, 1.912E+00, 2.423E+01, 2.124E+00, 3.332E-01, 1.273E-01, 1.244E-01, 1.000E+00, 2.193E-01, 2.486E-01, 1.000E-02, 1.000E+00, 1.000E+00, 2.193E-03, 1.359E-05, 1.541E-05, 0.000E+00, 1.298E+02, 5.368E+01, 4.648E-02, 4.442E-05, 2.150E+01, 6.181E-03, 3.078E-01
27/11/2019,12:00,9,2.383,2.883,2.939,.968,.024, 9.966E+02, 8.307E+01, 1.809E-02, 3.469E-16, 1.930E-01, 1.085E+01, 5.144E+00, 4.344E+00,-2.842E+00, 1.057E+01, 1.986E+00, 2.753E-01, 1.141E-01, 1.012E-01, 1.000E+00, 1.664E-01, 1.907E-01, 1.000E-02, 1.000E+00, 1.000E+00, 1.664E-03, 1.031E-05, 1.182E-05, 0.000E+00, 1.526E+02, 5.990E+01, 4.069E-02, 3.369E-05, 2.455E+01, 5.499E-03, 3.082E-01
27/11/2019,13:00,9,2.383,2.883,3.061,.970,.023, 9.962E+02, 8.637E+01, 1.809E-02, 3.469E-16, 2.595E-02, 4.301E+00, 1.923E+00, 1.718E+00,-2.842E+00, 1.057E+01, 2.088E+00, 2.754E-01, 1.199E-01, 5.318E-02, 1.000E+00, 6.865E-02, 7.605E-02, 1.000E-02, 1.000E+00, 1.000E+00, 6.865E-04, 4.257E-06, 4.716E-06, 0.000E+00, 1.451E+02, 5.700E+01, 4.624E-02, 1.391E-05, 2.162E+01, 5.838E-03, 3.201E-01
27/11/2019,14:00,9,2.383,2.883,3.182,.973,.021, 9.957E+02, 9.113E+01, 1.809E-02, 3.469E-16, 0.000E+00, 0.000E+00, 0.000E+00, 0.000E+00,-2.842E+00, 1.057E+01, 2.190E+00, 2.756E-01, 1.258E-01,-9.990E+02, 1.000E+00,-9.990E+02, 0.000E+00, 0.000E+00, 0.000E+00, 1.000E+00, 0.000E+00, 0.000E+00, 0.000E+00, 0.000E+00, 1.384E+02, 5.433E+01, 4.557E-02, 0.000E+00, 2.194E+01, 6.074E-03, 3.457E-01
27/11/2019,15:00,9,2.383,2.883,3.304,.976,.019, 9.953E+02, 9.705E+01, 1.413E-02, 3.469E-16, 0.000E+00, 0.000E+00, 0.000E+00, 0.000E+00,-2.442E+00, 9.423E+00, 2.293E+00, 2.629E-01, 1.318E-01,-9.990E+02, 1.000E+00,-9.990E+02, 0.000E+00, 0.000E+00, 0.000E+00, 1.000E+00, 0.000E+00, 0.000E+00, 0.000E+00, 0.000E+00, 1.321E+02, 5.187E+01, 4.493E-02, 0.000E+00, 2.225E+01, 6.310E-03, 3.482E-01
27/11/2019,16:00,9,2.383,2.883,3.167,.978,.017, 9.951E+02, 1.038E+02, 1.413E-02, 3.469E-16, 0.000E+00, 0.000E+00, 0.000E+00, 0.000E+00,-2.442E+00, 9.423E+00, 2.170E+00, 2.628E-01, 1.247E-01,-9.990E+02, 1.000E+00,-9.990E+02, 0.000E+00, 0.000E+00, 0.000E+00, 1.000E+00, 0.000E+00, 0.000E+00, 0.000E+00, 0.000E+00, 1.395E+02, 5.481E+01, 4.565E-02, 0.000E+00, 2.190E+01, 6.031E-03, 3.028E-01
27/11/2019,17:00,9,2.383,2.883,3.029,.981,.014, 9.949E+02, 1.111E+02, 1.413E-02, 3.469E-16, 0.000E+00, 0.000E+00, 0.000E+00, 0.000E+00,-2.442E+00, 9.423E+00, 2.065E+00, 2.628E-01, 1.187E-01,-9.990E+02, 1.000E+00,-9.990E+02, 0.000E+00, 0.000E+00, 0.000E+00, 1.000E+00, 0.000E+00, 0.000E+00, 0.000E+00, 0.000E+00, 1.466E+02, 5.760E+01, 7.276E-02, 0.000E+00, 1.374E+01, 6.060E-03, 2.310E-01
27/11/2019,18:00,9,2.383,2.883,2.891,.984,.012, 9.946E+02, 1.186E+02, 7.483E-03, 3.469E-16, 0.000E+00, 0.000E+00, 0.000E+00, 0.000E+00,-2.013E+00, 7.808E+00, 1.979E+00, 2.365E-01, 1.133E-01,-9.990E+02, 1.000E+00,-9.990E+02, 0.000E+00, 0.000E+00, 0.000E+00, 1.000E+00, 0.000E+00, 0.000E+00, 0.000E+00, 0.000E+00, 1.543E+02, 6.035E+01, 1.000E-01, 0.000E+00, 1.000E+01, 5.934E-03, 1.534E-01
27/11/2019,19:00,9,2.383,2.883,2.871,.984,.012, 9.943E+02, 1.259E+02, 7.483E-03, 3.469E-16, 0.000E+00, 0.000E+00, 0.000E+00, 0.000E+00,-2.013E+00, 7.808E+00, 1.888E+00, 2.366E-01, 1.081E-01,-9.990E+02, 1.000E+00,-9.990E+02, 0.000E+00, 0.000E+00, 0.000E+00, 1.000E+00, 0.000E+00, 0.000E+00, 0.000E+00, 0.000E+00, 1.617E+02, 6.326E+01, 1.000E-01, 0.000E+00, 1.000E+01, 5.676E-03, 1.001E-01
27/11/2019,20:00,9,2.383,2.883,2.851,.984,.012, 9.939E+02, 1.324E+02, 7.483E-03, 3.469E-16, 0.000E+00, 0.000E+00, 0.000E+00, 0.000E+00,-2.013E+00, 7.808E+00, 1.896E+00, 2.366E-01, 1.085E-01,-9.990E+02, 1.000E+00,-9.990E+02, 0.000E+00, 0.000E+00, 0.000E+00, 1.000E+00, 0.000E+00, 0.000E+00, 0.000E+00, 0.000E+00, 1.611E+02, 6.300E+01, 1.000E-01, 0.000E+00, 1.000E+01, 5.698E-03, 1.066E-01
27/11/2019,21:00,9,2.383,2.883,2.830,.984,.012, 9.936E+02, 1.376E+02, 5.385E-02, 3.469E-16, 0.000E+00, 0.000E+00, 0.000E+00, 0.000E+00,-3.416E+00, 8.705E+00, 2.001E+00, 2.922E-01, 1.149E-01,-9.990E+02, 1.000E+00,-9.990E+02, 0.000E+00, 0.000E+00, 0.000E+00, 1.000E+00, 0.000E+00, 0.000E+00, 0.000E+00, 0.000E+00, 1.515E+02, 5.947E+01, 5.929E-02, 0.000E+00, 1.687E+01, 5.779E-03, 1.761E-01
27/11/2019,22:00,9,2.383,2.883,2.791,.983,.012, 9.930E+02, 1.408E+02, 5.385E-02, 3.469E-16, 0.000E+00, 0.000E+00, 0.000E+00, 0.000E+00,-3.416E+00, 8.705E+00, 2.095E+00, 2.922E-01, 1.203E-01,-9.990E+02, 1.000E+00,-9.990E+02, 0.000E+00, 0.000E+00, 0.000E+00, 1.000E+00, 0.000E+00, 0.000E+00, 0.000E+00, 0.000E+00, 1.447E+02, 5.680E+01, 5.520E-02, 0.000E+00, 1.811E+01, 5.978E-03, 2.036E-01
27/11/2019,23:00,9,2.383,2.883,2.751,.983,.013, 9.925E+02, 1.411E+02, 5.385E-02, 3.469E-16, 0.000E+00, 0.000E+00, 0.000E+00, 0.000E+00,-3.416E+00, 8.705E+00, 2.215E+00, 2.923E-01, 1.272E-01,-9.990E+02, 1.000E+00,-9.990E+02, 0.000E+00, 0.000E+00, 0.000E+00, 1.000E+00, 0.000E+00, 0.000E+00, 0.000E+00, 0.000E+00, 1.369E+02, 5.373E+01, 5.550E-02, 0.000E+00, 1.802E+01, 6.285E-03, 1.760E-01
28/11/2019,00:00,9,2.372,2.872,2.712,.983,.013, 9.919E+02, 1.387E+02, 6.650E-01, 3.469E-16, 0.000E+00, 0.000E+00, 0.000E+00, 0.000E+00,-6.801E+00, 1.283E+01, 2.357E+00, 3.988E-01, 1.363E-01,-9.990E+02, 1.000E+00,-9.990E+02, 0.000E+00, 0.000E+00, 0.000E+00, 1.000E+00, 0.000E+00, 0.000E+00, 0.000E+00, 0.000E+00, 1.268E+02, 5.015E+01, 6.024E-02, 0.000E+00, 1.660E+01, 6.748E-03, 1.417E-01
28/11/2019,01:00,9,2.372,2.872,2.699,.988,.009, 9.910E+02, 1.340E+02, 6.650E-01, 3.469E-16, 0.000E+00, 0.000E+00, 0.000E+00, 0.000E+00,-6.801E+00, 1.283E+01, 2.634E+00, 3.990E-01, 1.524E-01,-9.990E+02, 1.000E+00,-9.990E+02, 0.000E+00, 0.000E+00, 0.000E+00, 1.000E+00, 0.000E+00, 0.000E+00, 0.000E+00, 0.000E+00, 1.135E+02, 4.486E+01, 6.035E-02, 0.000E+00, 1.657E+01, 7.445E-03, 1.082E-01
28/11/2019,02:00,9,2.372,2.872,2.686,.993,.005, 9.902E+02, 1.277E+02, 6.650E-01, 3.469E-16, 0.000E+00, 0.000E+00, 0.000E+00, 0.000E+00,-6.801E+00, 1.283E+01, 2.912E+00, 3.992E-01, 1.684E-01,-9.990E+02, 1.000E+00,-9.990E+02, 0.000E+00, 0.000E+00, 0.000E+00, 1.000E+00, 0.000E+00, 0.000E+00, 0.000E+00, 0.000E+00, 1.026E+02, 4.058E+01, 6.974E-02, 0.000E+00, 1.434E+01, 8.275E-03, 1.016E-01
28/11/2019,03:00,9,2.372,2.872,2.674,.999,.001, 9.893E+02, 1.206E+02, 9.152E-01, 3.469E-16, 0.000E+00, 0.000E+00, 0.000E+00, 0.000E+00,-6.174E+00, 1.142E+01, 3.190E+00, 4.140E-01, 1.854E-01,-9.990E+02, 1.000E+00,-9.990E+02, 0.000E+00, 0.000E+00, 0.000E+00, 1.000E+00, 0.000E+00, 0.000E+00, 0.000E+00, 0.000E+00, 9.280E+01, 3.687E+01, 6.986E-02, 0.000E+00, 1.432E+01, 9.006E-03, 9.683E-02
28/11/2019,04:00,9,2.372,2.872,2.725,.999,.001, 9.884E+02, 1.131E+02, 9.152E-01, 3.469E-16, 0.000E+00, 0.000E+00, 0.000E+00, 0.000E+00,-6.174E+00, 1.142E+01, 3.059E+00, 4.142E-01, 1.778E-01,-9.990E+02, 1.000E+00,-9.990E+02, 0.000E+00, 0.000E+00, 0.000E+00, 1.000E+00, 0.000E+00, 0.000E+00, 0.000E+00, 0.000E+00, 9.676E+01, 3.845E+01, 7.489E-02, 0.000E+00, 1.335E+01, 8.756E-03, 8.718E-02
28/11/2019,05:00,9,2.372,2.872,2.777,.999,.001, 9.875E+02, 1.058E+02, 9.152E-01, 3.469E-16, 0.000E+00, 0.000E+00, 0.000E+00, 0.000E+00,-6.174E+00, 1.142E+01, 2.928E+00, 4.145E-01, 1.702E-01,-9.990E+02, 1.000E+00,-9.990E+02, 0.000E+00, 0.000E+00, 0.000E+00, 1.000E+00, 0.000E+00, 0.000E+00, 0.000E+00, 0.000E+00, 1.011E+02, 4.016E+01, 7.437E-02, 0.000E+00, 1.345E+01, 8.418E-03, 1.087E-01
28/11/2019,06:00,9,2.372,2.872,2.829,.999,.000, 9.866E+02, 9.884E+01, 6.049E-01, 3.469E-16, 0.000E+00, 0.000E+00, 0.000E+00, 0.000E+00,-4.196E+00, 7.707E+00, 2.798E+00, 3.292E-01, 1.614E-01,-9.990E+02, 1.000E+00,-9.990E+02, 0.000E+00, 0.000E+00, 0.000E+00, 1.000E+00, 0.000E+00, 0.000E+00, 0.000E+00, 0.000E+00, 1.074E+02, 4.235E+01, 7.386E-02, 0.000E+00, 1.354E+01, 8.019E-03, 1.453E-01
28/11/2019,07:00,9,2.372,2.872,2.899,.999,.001, 9.859E+02, 9.268E+01, 6.049E-01, 3.469E-16, 0.000E+00, 0.000E+00, 0.000E+00, 0.000E+00,-4.196E+00, 7.707E+00, 2.616E+00, 3.293E-01, 1.509E-01,-9.990E+02, 1.000E+00,-9.990E+02, 0.000E+00, 0.000E+00, 0.000E+00, 1.000E+00, 0.000E+00, 0.000E+00, 0.000E+00, 0.000E+00, 1.149E+02, 4.529E+01, 8.532E-02, 0.000E+00, 1.172E+01, 7.656E-03, 1.928E-01
28/11/2019,08:00,9,2.372,2.872,2.969,.999,.001, 9.853E+02, 8.760E+01, 6.049E-01, 3.469E-16, 4.081E-03, 2.587E+00, 1.085E+00, 1.036E+00,-4.196E+00, 7.707E+00, 2.480E+00, 3.295E-01, 1.431E-01, 3.525E-02, 1.000E+00, 4.179E-02, 4.365E-02, 1.000E-02, 1.000E+00, 1.000E+00, 4.179E-04, 2.590E-06, 2.705E-06, 0.000E+00, 1.211E+02, 4.777E+01, 8.457E-02, 8.426E-06, 1.182E+01, 7.287E-03, 2.276E-01
28/11/2019,09:00,9,2.372,2.872,3.039,.998,.001, 9.847E+02, 8.392E+01, 4.785E-02, 3.469E-16, 1.402E-01, 9.001E+00, 4.274E+00, 3.612E+00,-3.282E-03, 1.459E+01, 2.398E+00, 3.101E-01, 1.424E-01, 8.932E-02, 1.000E+00, 1.401E-01, 1.612E-01, 1.000E-02, 1.000E+00, 1.000E+00, 1.401E-03, 8.687E-06, 9.995E-06, 0.000E+00, 1.182E+02, 4.799E+01, 7.192E-02, 2.826E-05, 1.390E+01, 7.166E-03, 2.609E-01
28/11/2019,10:00,9,2.372,2.872,3.028,.993,.005, 9.841E+02, 8.188E+01, 4.785E-02, 3.469E-16, 2.861E-01, 1.379E+01, 6.549E+00, 5.536E+00,-3.282E-03, 1.459E+01, 2.320E+00, 3.101E-01, 1.378E-01, 1.191E-01, 1.000E+00, 2.075E-01, 2.361E-01, 1.000E-02, 1.000E+00, 1.000E+00, 2.075E-03, 1.286E-05, 1.464E-05, 0.000E+00, 1.222E+02, 4.960E+01, 6.670E-02, 4.184E-05, 1.498E+01, 6.904E-03, 3.243E-01
28/11/2019,11:00,9,2.372,2.872,3.018,.988,.009, 9.836E+02, 8.164E+01, 4.785E-02, 3.469E-16, 3.054E-01, 1.438E+01, 6.825E+00, 5.774E+00,-3.282E-03, 1.459E+01, 2.256E+00, 3.102E-01, 1.340E-01, 1.225E-01, 1.000E+00, 2.155E-01, 2.448E-01, 1.000E-02, 1.000E+00, 1.000E+00, 2.155E-03, 1.336E-05, 1.517E-05, 0.000E+00, 1.256E+02, 5.101E+01, 5.789E-02, 4.345E-05, 1.726E+01, 6.631E-03, 3.669E-01
28/11/2019,12:00,9,2.372,2.872,3.007,.982,.013, 9.830E+02, 8.323E+01, 4.540E-02, 3.469E-16, 3.101E-01, 1.153E+01, 5.947E+00, 4.633E+00,-2.035E+00, 1.494E+01, 2.207E+00, 3.401E-01, 1.294E-01, 9.944E-02, 1.000E+00, 1.778E-01, 2.170E-01, 1.000E-02, 1.000E+00, 1.000E+00, 1.778E-03, 1.102E-05, 1.345E-05, 0.000E+00, 1.318E+02, 5.282E+01, 5.797E-02, 3.586E-05, 1.724E+01, 6.423E-03, 3.933E-01
28/11/2019,13:00,9,2.372,2.872,2.908,.983,.013, 9.827E+02, 8.651E+01, 4.540E-02, 3.469E-16, 3.851E-02, 4.499E+00, 2.120E+00, 1.804E+00,-2.035E+00, 1.494E+01, 2.553E+00, 3.401E-01, 1.497E-01, 5.135E-02, 1.000E+00, 7.211E-02, 8.349E-02, 1.000E-02, 1.000E+00, 1.000E+00, 7.211E-04, 4.469E-06, 5.174E-06, 0.000E+00, 1.140E+02, 4.567E+01, 5.436E-02, 1.454E-05, 1.839E+01, 7.241E-03, 3.886E-01
28/11/2019,14:00,9,2.372,2.872,2.810,.984,.012, 9.824E+02, 9.125E+01, 4.540E-02, 3.469E-16, 0.000E+00, 0.000E+00, 0.000E+00, 0.000E+00,-2.035E+00, 1.494E+01, 2.900E+00, 3.400E-01, 1.700E-01,-9.990E+02, 1.000E+00,-9.990E+02, 0.000E+00, 0.000E+00, 0.000E+00, 1.000E+00, 0.000E+00, 0.000E+00, 0.000E+00, 0.000E+00, 1.003E+02, 4.020E+01, 5.507E-02, 0.000E+00, 1.816E+01, 8.095E-03, 3.982E-01
28/11/2019,15:00,9,2.372,2.872,2.711,.985,.011, 9.821E+02, 9.717E+01, 4.065E-01, 3.469E-16, 0.000E+00, 0.000E+00, 0.000E+00, 0.000E+00,-8.011E+00, 2.052E+01, 3.248E+00, 5.280E-01, 1.903E-01,-9.990E+02, 1.000E+00,-9.990E+02, 0.000E+00, 0.000E+00, 0.000E+00, 1.000E+00, 0.000E+00, 0.000E+00, 0.000E+00, 0.000E+00, 8.969E+01, 3.592E+01, 5.580E-02, 0.000E+00, 1.792E+01, 8.922E-03, 4.019E-01
28/11/2019,16:00,9,2.372,2.872,2.523,.989,.008, 9.819E+02, 1.039E+02, 4.065E-01, 3.469E-16, 0.000E+00, 0.000E+00, 0.000E+00, 0.000E+00,-8.011E+00, 2.052E+01, 3.562E+00, 5.279E-01, 2.087E-01,-9.990E+02, 1.000E+00,-9.990E+02, 0.000E+00, 0.000E+00, 0.000E+00, 1.000E+00, 0.000E+00, 0.000E+00, 0.000E+00, 0.000E+00, 8.179E+01, 3.276E+01, 5.731E-02, 0.000E+00, 1.745E+01, 9.679E-03, 3.062E-01
28/11/2019,17:00,9,2.372,2.872,2.335,.993,.005, 9.817E+02, 1.112E+02, 4.065E-01, 3.469E-16, 0.000E+00, 0.000E+00, 0.000E+00, 0.000E+00,-8.011E+00, 2.052E+01, 3.878E+00, 5.277E-01, 2.272E-01,-9.990E+02, 1.000E+00,-9.990E+02, 0.000E+00, 0.000E+00, 0.000E+00, 1.000E+00, 0.000E+00, 0.000E+00, 0.000E+00, 0.000E+00, 7.514E+01, 3.009E+01, 7.344E-02, 0.000E+00, 1.362E+01, 1.081E-02, 1.913E-01
28/11/2019,18:00,9,2.372,2.872,2.147,.998,.002, 9.815E+02, 1.187E+02, 1.099E+00, 3.469E-16, 0.000E+00, 0.000E+00, 0.000E+00, 0.000E+00,-5.050E+00, 2.423E+01, 4.195E+00, 6.468E-01, 2.480E-01,-9.990E+02, 1.000E+00,-9.990E+02, 0.000E+00, 0.000E+00, 0.000E+00, 1.000E+00, 0.000E+00, 0.000E+00, 0.000E+00, 0.000E+00, 6.821E+01, 2.756E+01, 8.828E-02, 0.000E+00, 1.133E+01, 1.197E-02, 1.254E-01
28/11/2019,19:00,9,2.372,2.872,1.734,.996,.003, 9.815E+02, 1.260E+02, 1.099E+00, 2.798E-03, 0.000E+00, 0.000E+00, 0.000E+00, 0.000E+00,-5.050E+00, 2.423E+01, 4.469E+00, 6.463E-01, 2.642E-01,-9.990E+02, 1.000E+00,-9.990E+02, 0.000E+00, 0.000E+00, 0.000E+00, 1.000E+00, 0.000E+00, 0.000E+00, 0.000E+00, 0.000E+00, 6.403E+01, 2.587E+01, 8.397E-02, 0.000E+00, 1.191E+01, 1.255E-02, 8.900E-02
28/11/2019,20:00,9,2.372,2.872,1.320,.994,.004, 9.814E+02, 1.325E+02, 1.099E+00, 5.595E-03, 0.000E+00, 0.000E+00, 0.000E+00, 0.000E+00,-5.050E+00, 2.423E+01, 4.756E+00, 6.459E-01, 2.812E-01,-9.990E+02, 1.000E+00,-9.990E+02, 0.000E+00, 0.000E+00, 0.000E+00, 1.000E+00, 0.000E+00, 0.000E+00, 0.000E+00, 0.000E+00, 6.017E+01, 2.431E+01, 6.795E-02, 0.000E+00, 1.472E+01, 1.276E-02, 6.853E-02
28/11/2019,21:00,9,2.372,2.872,.907,.992,.005, 9.813E+02, 1.378E+02, 8.798E-01, 8.393E-03, 0.000E+00, 0.000E+00, 0.000E+00, 0.000E+00,-1.446E+01, 3.970E+01, 5.054E+00, 7.752E-01, 2.978E-01,-9.990E+02, 1.000E+00,-9.990E+02, 0.000E+00, 0.000E+00, 0.000E+00, 1.000E+00, 0.000E+00, 0.000E+00, 0.000E+00, 0.000E+00, 5.697E+01, 2.295E+01, 5.124E-02, 0.000E+00, 1.952E+01, 1.256E-02, 6.318E-02
28/11/2019,22:00,9,2.372,2.872,.394,.975,.016, 9.817E+02, 1.409E+02, 8.798E-01, 1.246E-02, 0.000E+00, 0.000E+00, 0.000E+00, 0.000E+00,-1.446E+01, 3.970E+01, 5.088E+00, 7.743E-01, 2.999E-01,-9.990E+02, 1.000E+00,-9.990E+02, 0.000E+00, 0.000E+00, 0.000E+00, 1.000E+00, 0.000E+00, 0.000E+00, 0.000E+00, 0.000E+00, 5.659E+01, 2.280E+01, 2.412E-02, 0.000E+00, 4.146E+01, 9.883E-03, 5.900E-02
28/11/2019,23:00,9,2.372,2.872,-.119,.957,.026, 9.820E+02, 1.413E+02, 8.798E-01, 1.653E-02, 0.000E+00, 0.000E+00, 0.000E+00, 0.000E+00,-1.446E+01, 3.970E+01, 5.146E+00, 7.735E-01, 3.032E-01,-9.990E+02, 1.000E+00,-9.990E+02, 0.000E+00, 0.000E+00, 0.000E+00, 1.000E+00, 0.000E+00, 0.000E+00, 0.000E+00, 0.000E+00, 5.596E+01, 2.254E+01, 6.741E-03, 0.000E+00, 1.484E+02, 4.821E-03, 6.733E-02
29/11/2019,00:00,9,2.361,2.861,-.632,.940,.035, 9.823E+02, 1.389E+02, 1.559E+00, 2.060E-02, 0.000E+00, 0.000E+00, 0.000E+00, 0.000E+00,-1.254E+01, 3.292E+01, 5.225E+00, 8.158E-01, 3.085E-01,-9.990E+02, 1.000E+00,-9.990E+02, 0.000E+00, 0.000E+00, 0.000E+00, 1.000E+00, 0.000E+00, 0.000E+00, 0.000E+00, 0.000E+00, 5.489E+01, 2.215E+01, 5.427E-03, 0.000E+00, 1.843E+02, 4.127E-03, 5.991E-02
29/11/2019,01:00,9,2.361,2.861,-.940,.930,.040, 9.826E+02, 1.342E+02, 1.559E+00, 3.001E-02, 0.000E+00, 0.000E+00, 0.000E+00, 0.000E+00,-1.254E+01, 3.292E+01, 5.368E+00, 8.153E-01, 3.170E-01,-9.990E+02, 1.000E+00,-9.990E+02, 0.000E+00, 0.000E+00, 0.000E+00, 1.000E+00, 0.000E+00, 0.000E+00, 0.000E+00, 0.000E+00, 5.343E+01, 2.157E+01, 4.858E-03, 0.000E+00, 2.058E+02, 3.812E-03, 6.718E-02
29/11/2019,02:00,9,2.361,2.861,-1.248,.919,.045, 9.829E+02, 1.279E+02, 1.559E+00, 3.942E-02, 0.000E+00, 0.000E+00, 0.000E+00, 0.000E+00,-1.254E+01, 3.292E+01, 5.511E+00, 8.147E-01, 3.254E-01,-9.990E+02, 1.000E+00,-9.990E+02, 0.000E+00, 0.000E+00, 0.000E+00, 1.000E+00, 0.000E+00, 0.000E+00, 0.000E+00, 0.000E+00, 5.204E+01, 2.101E+01, 1.429E-03, 0.000E+00, 7.000E+02, 1.324E-03, 6.876E-02
29/11/2019,03:00,9,2.361,2.861,-1.557,.909,.050, 9.831E+02, 1.208E+02, 9.018E-01, 4.883E-02, 0.000E+00, 0.000E+00, 0.000E+00, 0.000E+00,-1.208E+01, 2.330E+01, 5.655E+00, 8.191E-01, 3.340E-01,-9.990E+02, 1.000E+00,-9.990E+02, 0.000E+00, 0.000E+00, 0.000E+00, 1.000E+00, 0.000E+00, 0.000E+00, 0.000E+00, 0.000E+00, 5.069E+01, 2.046E+01, 1.429E-03, 0.000E+00, 7.000E+02, 1.327E-03, 6.019E-02
29/11/2019,04:00,9,2.361,2.861,-1.753,.898,.055, 9.836E+02, 1.133E+02, 9.018E-01, 5.315E-02, 0.000E+00, 0.000E+00, 0.000E+00, 0.000E+00,-1.208E+01, 2.330E+01, 5.550E+00, 8.186E-01, 3.278E-01,-9.990E+02, 1.000E+00,-9.990E+02, 0.000E+00, 0.000E+00, 0.000E+00, 1.000E+00, 0.000E+00, 0.000E+00, 0.000E+00, 0.000E+00, 5.164E+01, 2.085E+01, 1.429E-03, 0.000E+00, 7.000E+02, 1.325E-03, 6.958E-02
29/11/2019,05:00,9,2.361,2.861,-1.949,.888,.060, 9.841E+02, 1.060E+02, 9.018E-01, 5.748E-02, 0.000E+00, 0.000E+00, 0.000E+00, 0.000E+00,-1.208E+01, 2.330E+01, 5.462E+00, 8.181E-01, 3.226E-01,-9.990E+02, 1.000E+00,-9.990E+02, 0.000E+00, 0.000E+00, 0.000E+00, 1.000E+00, 0.000E+00, 0.000E+00, 0.000E+00, 0.000E+00, 5.248E+01, 2.119E+01, 1.429E-03, 0.000E+00, 7.000E+02, 1.324E-03, 8.673E-02
29/11/2019,06:00,9,2.361,2.861,-2.145,.877,.064, 9.847E+02, 9.903E+01, 1.980E-01, 6.180E-02, 0.000E+00, 0.000E+00, 0.000E+00, 0.000E+00,-2.107E+01, 2.622E+01, 5.392E+00, 8.018E-01, 3.170E-01,-9.990E+02, 1.000E+00,-9.990E+02, 0.000E+00, 0.000E+00, 0.000E+00, 1.000E+00, 0.000E+00, 0.000E+00, 0.000E+00, 0.000E+00, 5.367E+01, 2.156E+01, 1.429E-03, 0.000E+00, 7.000E+02, 1.322E-03, 1.311E-01
29/11/2019,07:00,9,2.361,2.861,-1.982,.845,.082, 9.852E+02, 9.287E+01, 1.980E-01, 6.256E-02, 0.000E+00, 0.000E+00, 0.000E+00, 0.000E+00,-2.107E+01, 2.622E+01, 5.300E+00, 8.018E-01, 3.116E-01,-9.990E+02, 1.000E+00,-9.990E+02, 0.000E+00, 0.000E+00, 0.000E+00, 1.000E+00, 0.000E+00, 0.000E+00, 0.000E+00, 0.000E+00, 5.459E+01, 2.194E+01, 1.429E-03, 0.000E+00, 7.000E+02, 1.320E-03, 1.812E-01
29/11/2019,08:00,9,2.361,2.861,-1.819,.812,.100, 9.858E+02, 8.779E+01, 1.980E-01, 6.333E-02, 1.646E-02, 3.700E+00, 1.700E+00, 1.487E+00,-2.107E+01, 2.622E+01, 5.211E+00, 8.018E-01, 3.064E-01, 3.268E-02, 1.000E+00, 5.959E-02, 6.754E-02, 1.000E-02, 1.000E+00, 1.000E+00, 5.959E-04, 3.630E-06, 4.114E-06, 0.000E+00, 5.552E+01, 2.231E+01, 1.429E-03, 1.175E-05, 6.943E+02, 1.328E-03, 2.283E-01
29/11/2019,09:00,9,2.361,2.861,-1.657,.780,.119, 9.863E+02, 8.410E+01, 1.651E-03, 6.409E-02, 1.069E+01, 2.423E+01, 6.232E+01, 1.031E+01,-2.311E+01, 3.101E+01, 5.125E+00, 7.603E-01, 3.004E-01, 8.708E-02, 1.000E+00, 3.960E-01, 9.229E-01, 1.000E-02, 1.000E+00, 1.000E+00, 3.960E-03, 2.414E-05, 5.625E-05, 0.000E+00, 5.679E+01, 2.275E+01, 1.429E-03, 7.813E-05, 6.637E+02, 1.382E-03, 2.617E-01
29/11/2019,10:00,9,2.361,2.861,-1.801,.781,.117, 9.868E+02, 8.205E+01, 1.651E-03, 6.409E-02, 2.253E+01, 3.193E+01, 9.548E+01, 1.401E+01,-2.311E+01, 3.101E+01, 4.947E+00, 7.599E-01, 2.900E-01, 1.171E-01, 1.000E+00, 5.015E-01, 9.803E-01, 1.000E-02, 1.000E+00, 1.000E+00, 5.015E-03, 3.055E-05, 5.971E-05, 0.000E+00, 5.883E+01, 2.357E+01, 1.429E-03, 9.890E-05, 6.547E+02, 1.396E-03, 3.056E-01
29/11/2019,11:00,9,2.361,2.861,-1.946,.782,.116, 9.873E+02, 8.181E+01, 1.651E-03, 6.409E-02, 2.414E+01, 3.283E+01, 9.913E+01, 1.445E+01,-2.311E+01, 3.101E+01, 4.786E+00, 7.595E-01, 2.806E-01, 1.207E-01, 1.000E+00, 5.127E-01, 9.830E-01, 1.000E-02, 1.000E+00, 1.000E+00, 5.127E-03, 3.121E-05, 5.985E-05, 0.000E+00, 6.081E+01, 2.436E+01, 1.429E-03, 1.011E-04, 6.538E+02, 1.393E-03, 3.391E-01
29/11/2019,12:00,9,2.361,2.861,-2.090,.783,.114, 9.877E+02, 8.338E+01, 4.009E-04, 6.409E-02, 1.449E+01, 2.702E+01, 7.444E+01, 1.163E+01,-4.838E+01, 1.163E+01, 4.643E+00, 5.357E-01, 2.556E-01, 9.772E-02, 1.000E+00, 4.362E-01, 9.532E-01, 1.000E-02, 1.000E+00, 1.000E+00, 4.362E-03, 2.654E-05, 5.800E-05, 0.000E+00, 7.107E+01, 2.674E+01, 1.429E-03, 8.593E-05, 6.603E+02, 1.368E-03, 2.898E-01
29/11/2019,13:00,9,2.361,2.861,-2.551,.791,.106, 9.888E+02, 8.664E+01, 4.009E-04, 5.163E-02, 1.608E+00, 1.402E+01, 1.946E+01, 5.721E+00,-4.838E+01, 1.163E+01, 4.352E+00, 5.350E-01, 2.395E-01, 4.961E-02, 1.000E+00, 2.266E-01, 5.508E-01, 1.000E-02, 1.000E+00, 1.000E+00, 2.266E-03, 1.376E-05, 3.346E-05, 0.000E+00, 7.586E+01, 2.854E+01, 1.429E-03, 4.456E-05, 6.788E+02, 1.326E-03, 2.361E-01
29/11/2019,14:00,9,2.361,2.861,-3.012,.799,.099, 9.898E+02, 9.138E+01, 4.009E-04, 3.917E-02, 0.000E+00, 0.000E+00, 0.000E+00, 0.000E+00,-4.838E+01, 1.163E+01, 4.119E+00, 5.343E-01, 2.267E-01,-9.990E+02, 1.000E+00,-9.990E+02, 0.000E+00, 0.000E+00, 0.000E+00, 1.000E+00, 0.000E+00, 0.000E+00, 0.000E+00, 0.000E+00, 8.019E+01, 3.016E+01, 1.429E-03, 0.000E+00, 7.000E+02, 1.283E-03, 2.100E-01
29/11/2019,15:00,9,2.361,2.861,-3.473,.807,.091, 9.908E+02, 9.728E+01, 0.000E+00, 2.670E-02, 0.000E+00, 0.000E+00, 0.000E+00, 0.000E+00,-5.559E+01, 6.841E+00, 3.955E+00, 5.600E-01, 2.177E-01,-9.990E+02, 1.000E+00,-9.990E+02, 0.000E+00, 0.000E+00, 0.000E+00, 1.000E+00, 0.000E+00, 0.000E+00, 0.000E+00, 0.000E+00, 8.347E+01, 3.140E+01, 1.429E-03, 0.000E+00, 7.000E+02, 1.277E-03, 2.302E-01
29/11/2019,16:00,9,2.361,2.861,-3.085,.788,.103, 9.916E+02, 1.040E+02, 0.000E+00, 2.670E-02, 0.000E+00, 0.000E+00, 0.000E+00, 0.000E+00,-5.559E+01, 6.841E+00, 4.117E+00, 5.602E-01, 2.266E-01,-9.990E+02, 1.000E+00,-9.990E+02, 0.000E+00, 0.000E+00, 0.000E+00, 1.000E+00, 0.000E+00, 0.000E+00, 0.000E+00, 0.000E+00, 8.018E+01, 3.016E+01, 1.429E-03, 0.000E+00, 7.000E+02, 1.283E-03, 2.398E-01
29/11/2019,17:00,9,2.361,2.861,-2.698,.769,.116, 9.924E+02, 1.113E+02, 0.000E+00, 2.670E-02, 0.000E+00, 0.000E+00, 0.000E+00, 0.000E+00,-5.559E+01, 6.841E+00, 4.286E+00, 5.603E-01, 2.359E-01,-9.990E+02, 1.000E+00,-9.990E+02, 0.000E+00, 0.000E+00, 0.000E+00, 1.000E+00, 0.000E+00, 0.000E+00, 0.000E+00, 0.000E+00, 7.699E+01, 2.897E+01, 1.429E-03, 0.000E+00, 7.000E+02, 1.288E-03, 2.145E-01
29/11/2019,18:00,9,2.361,2.861,-2.311,.750,.129, 9.933E+02, 1.188E+02, 0.000E+00, 2.670E-02, 0.000E+00, 0.000E+00, 0.000E+00, 0.000E+00,-6.214E+01, 7.864E+00, 4.462E+00, 5.613E-01, 2.436E-01,-9.990E+02, 1.000E+00,-9.990E+02, 0.000E+00, 0.000E+00, 0.000E+00, 1.000E+00, 0.000E+00, 0.000E+00, 0.000E+00, 0.000E+00, 7.517E+01, 2.806E+01, 1.429E-03, 0.000E+00, 7.000E+02, 1.292E-03, 1.822E-01
29/11/2019,19:00,9,2.361,2.861,-2.625,.759,.121, 9.939E+02, 1.261E+02, 0.000E+00, 2.670E-02, 0.000E+00, 0.000E+00, 0.000E+00, 0.000E+00,-6.214E+01, 7.864E+00, 4.338E+00, 5.607E-01, 2.368E-01,-9.990E+02, 1.000E+00,-9.990E+02, 0.000E+00, 0.000E+00, 0.000E+00, 1.000E+00, 0.000E+00, 0.000E+00, 0.000E+00, 0.000E+00, 7.734E+01, 2.886E+01, 1.429E-03, 0.000E+00, 7.000E+02, 1.288E-03, 1.570E-01
29/11/2019,20:00,9,2.361,2.861,-2.939,.768,.114, 9.946E+02, 1.327E+02, 0.000E+00, 2.670E-02, 0.000E+00, 0.000E+00, 0.000E+00, 0.000E+00,-6.214E+01, 7.864E+00, 4.287E+00, 5.602E-01, 2.340E-01,-9.990E+02, 1.000E+00,-9.990E+02, 0.000E+00, 0.000E+00, 0.000E+00, 1.000E+00, 0.000E+00, 0.000E+00, 0.000E+00, 0.000E+00, 7.829E+01, 2.921E+01, 1.429E-03, 0.000E+00, 7.000E+02, 1.287E-03, 1.368E-01
29/11/2019,21:00,9,2.361,2.861,-3.254,.776,.108, 9.953E+02, 1.379E+02, 0.000E+00, 2.670E-02, 0.000E+00, 0.000E+00, 0.000E+00, 0.000E+00,-6.229E+01, 9.205E+00, 4.311E+00, 6.311E-01, 2.412E-01,-9.990E+02, 1.000E+00,-9.990E+02, 0.000E+00, 0.000E+00, 0.000E+00, 1.000E+00, 0.000E+00, 0.000E+00, 0.000E+00, 0.000E+00, 7.412E+01, 2.834E+01, 1.429E-03, 0.000E+00, 7.000E+02, 1.291E-03, 1.236E-01
29/11/2019,22:00,9,2.361,2.861,-2.961,.753,.121, 9.959E+02, 1.411E+02, 0.000E+00, 2.670E-02, 0.000E+00, 0.000E+00, 0.000E+00, 0.000E+00,-6.229E+01, 9.205E+00, 4.434E+00, 6.312E-01, 2.480E-01,-9.990E+02, 1.000E+00,-9.990E+02, 0.000E+00, 0.000E+00, 0.000E+00, 1.000E+00, 0.000E+00, 0.000E+00, 0.000E+00, 0.000E+00, 7.206E+01, 2.756E+01, 1.429E-03, 0.000E+00, 7.000E+02, 1.294E-03, 1.157E-01
29/11/2019,23:00,9,2.361,2.861,-2.668,.731,.135, 9.966E+02, 1.415E+02, 0.000E+00, 2.670E-02, 0.000E+00, 0.000E+00, 0.000E+00, 0.000E+00,-6.229E+01, 9.205E+00, 4.558E+00, 6.313E-01, 2.550E-01,-9.990E+02, 1.000E+00,-9.990E+02, 0.000E+00, 0.000E+00, 0.000E+00, 1.000E+00, 0.000E+00, 0.000E+00, 0.000E+00, 0.000E+00, 7.008E+01, 2.680E+01, 1.429E-03, 0.000E+00, 7.000E+02, 1.298E-03, 1.149E-01
30/11/2019,00:00,9,2.350,2.850,-2.376,.708,.150, 9.973E+02, 1.391E+02, 5.732E-05, 2.670E-02, 0.000E+00, 0.000E+00, 0.000E+00, 0.000E+00,-8.177E+01, 1.114E+01, 4.685E+00, 5.719E-01, 2.510E-01,-9.990E+02, 1.000E+00,-9.990E+02, 0.000E+00, 0.000E+00, 0.000E+00, 1.000E+00, 0.000E+00, 0.000E+00, 0.000E+00, 0.000E+00, 7.437E+01, 2.723E+01, 1.429E-03, 0.000E+00, 7.000E+02, 1.295E-03, 1.049E-01
30/11/2019,01:00,9,2.350,2.850,-2.883,.741,.128, 9.982E+02, 1.343E+02, 5.732E-05, 4.756E-02, 0.000E+00, 0.000E+00, 0.000E+00, 0.000E+00,-8.177E+01, 1.114E+01, 4.568E+00, 5.711E-01, 2.447E-01,-9.990E+02, 1.000E+00,-9.990E+02, 0.000E+00, 0.000E+00, 0.000E+00, 1.000E+00, 0.000E+00, 0.000E+00, 0.000E+00, 0.000E+00, 7.632E+01, 2.794E+01, 1.429E-03, 0.000E+00, 7.000E+02, 1.292E-03, 9.848E-02
30/11/2019,02:00,9,2.350,2.850,-3.391,.775,.107, 9.992E+02, 1.281E+02, 5.732E-05, 6.841E-02, 0.000E+00, 0.000E+00, 0.000E+00, 0.000E+00,-8.177E+01, 1.114E+01, 4.453E+00, 5.703E-01, 2.384E-01,-9.990E+02, 1.000E+00,-9.990E+02, 0.000E+00, 0.000E+00, 0.000E+00, 1.000E+00, 0.000E+00, 0.000E+00, 0.000E+00, 0.000E+00, 7.834E+01, 2.867E+01, 1.429E-03, 0.000E+00, 7.000E+02, 1.289E-03, 9.707E-02
30/11/2019,03:00,9,2.350,2.850,-3.899,.809,.088, 1.000E+03, 1.210E+02, 5.732E-05, 8.927E-02, 0.000E+00, 0.000E+00, 0.000E+00, 0.000E+00,-7.789E+01, 9.116E+00, 4.340E+00, 5.451E-01, 2.303E-01,-9.990E+02, 1.000E+00,-9.990E+02, 0.000E+00, 0.000E+00, 0.000E+00, 1.000E+00, 0.000E+00, 0.000E+00, 0.000E+00, 0.000E+00, 8.180E+01, 2.967E+01, 1.429E-03, 0.000E+00, 7.000E+02, 1.285E-03, 9.860E-02
30/11/2019,04:00,9,2.350,2.850,-4.169,.816,.083, 1.001E+03, 1.135E+02, 5.732E-05, 8.902E-02, 0.000E+00, 0.000E+00, 0.000E+00, 0.000E+00,-7.789E+01, 9.116E+00, 4.318E+00, 5.447E-01, 2.291E-01,-9.990E+02, 1.000E+00,-9.990E+02, 0.000E+00, 0.000E+00, 0.000E+00, 1.000E+00, 0.000E+00, 0.000E+00, 0.000E+00, 0.000E+00, 8.226E+01, 2.984E+01, 1.429E-03, 0.000E+00, 7.000E+02, 1.284E-03, 1.014E-01
30/11/2019,05:00,9,2.350,2.850,-4.440,.824,.078, 1.002E+03, 1.061E+02, 5.732E-05, 8.876E-02, 0.000E+00, 0.000E+00, 0.000E+00, 0.000E+00,-7.789E+01, 9.116E+00, 4.295E+00, 5.442E-01, 2.279E-01,-9.990E+02, 1.000E+00,-9.990E+02, 0.000E+00, 0.000E+00, 0.000E+00, 1.000E+00, 0.000E+00, 0.000E+00, 0.000E+00, 0.000E+00, 8.272E+01, 3.000E+01, 1.429E-03, 0.000E+00, 7.000E+02, 1.283E-03, 1.121E-01
30/11/2019,06:00,9,2.350,2.850,-4.710,.831,.073, 1.002E+03, 9.921E+01, 5.732E-05, 8.851E-02, 0.000E+00, 0.000E+00, 0.000E+00, 0.000E+00,-6.624E+01, 5.955E+00, 4.273E+00, 4.921E-01, 2.231E-01,-9.990E+02, 1.000E+00,-9.990E+02, 0.000E+00, 0.000E+00, 0.000E+00, 1.000E+00, 0.000E+00, 0.000E+00, 0.000E+00, 0.000E+00, 8.584E+01, 3.064E+01, 1.429E-03, 0.000E+00, 7.000E+02, 1.280E-03, 1.313E-01
30/11/2019,07:00,9,2.350,2.850,-4.623,.828,.075, 1.003E+03, 9.305E+01, 5.732E-05, 8.851E-02, 0.000E+00, 0.000E+00, 0.000E+00, 0.000E+00,-6.624E+01, 5.955E+00, 4.151E+00, 4.920E-01, 2.167E-01,-9.990E+02, 1.000E+00,-9.990E+02, 0.000E+00, 0.000E+00, 0.000E+00, 1.000E+00, 0.000E+00, 0.000E+00, 0.000E+00, 0.000E+00, 8.836E+01, 3.154E+01, 1.429E-03, 0.000E+00, 7.000E+02, 1.276E-03, 1.587E-01
30/11/2019,08:00,9,2.350,2.850,-4.537,.825,.076, 1.003E+03, 8.797E+01, 5.732E-05, 8.851E-02, 1.210E-01, 8.492E+00, 5.135E+00, 3.428E+00,-6.624E+01, 5.955E+00, 4.033E+00, 4.920E-01, 2.106E-01, 3.018E-02, 1.000E+00, 1.333E-01, 1.904E-01, 1.000E-02, 1.000E+00, 1.000E+00, 1.333E-03, 8.037E-06, 1.148E-05, 0.000E+00, 9.092E+01, 3.245E+01, 1.429E-03, 2.590E-05, 6.875E+02, 1.293E-03, 1.955E-01
30/11/2019,09:00,9,2.350,2.850,-4.450,.822,.078, 1.004E+03, 8.427E+01, 5.732E-05, 8.851E-02, 9.532E+00, 2.356E+01, 5.779E+01, 1.001E+01,-4.474E+01, 2.265E+01, 3.921E+00, 5.717E-01, 2.199E-01, 8.492E-02, 1.000E+00, 3.860E-01, 9.071E-01, 1.000E-02, 1.000E+00, 1.000E+00, 3.860E-03, 2.328E-05, 5.472E-05, 0.000E+00, 8.109E+01, 3.108E+01, 1.429E-03, 7.502E-05, 6.651E+02, 1.339E-03, 2.388E-01
30/11/2019,10:00,9,2.350,2.850,-3.532,.783,.102, 1.004E+03, 8.222E+01, 5.732E-05, 8.851E-02, 2.096E+01, 3.135E+01, 9.114E+01, 1.374E+01,-4.474E+01, 2.265E+01, 4.043E+00, 5.726E-01, 2.268E-01, 1.152E-01, 1.000E+00, 4.944E-01, 9.765E-01, 1.000E-02, 1.000E+00, 1.000E+00, 4.944E-03, 2.993E-05, 5.910E-05, 0.000E+00, 7.861E+01, 3.014E+01, 1.429E-03, 9.643E-05, 6.557E+02, 1.360E-03, 2.785E-01
30/11/2019,11:00,9,2.350,2.850,-2.614,.743,.130, 1.005E+03, 8.196E+01, 5.732E-05, 8.851E-02, 2.260E+01, 3.230E+01, 9.499E+01, 1.420E+01,-4.474E+01, 2.265E+01, 4.205E+00, 5.734E-01, 2.360E-01, 1.190E-01, 1.000E+00, 5.064E-01, 9.799E-01, 1.000E-02, 1.000E+00, 1.000E+00, 5.064E-03, 3.075E-05, 5.951E-05, 0.000E+00, 7.553E+01, 2.897E+01, 1.429E-03, 9.909E-05, 6.546E+02, 1.368E-03, 2.779E-01
30/11/2019,12:00,9,2.350,2.850,-1.696,.704,.160, 1.005E+03, 8.352E+01, 5.732E-05, 8.851E-02, 1.332E+01, 2.649E+01, 7.040E+01, 1.139E+01,-8.270E+01, 2.013E+01, 4.405E+00, 5.481E-01, 2.328E-01, 9.609E-02, 1.000E+00, 4.290E-01, 9.447E-01, 1.000E-02, 1.000E+00, 1.000E+00, 4.290E-03, 2.614E-05, 5.757E-05, 0.000E+00, 8.128E+01, 2.936E+01, 1.429E-03, 8.423E-05, 6.610E+02, 1.354E-03, 2.691E-01
30/11/2019,13:00,9,2.350,2.850,-2.259,.723,.144, 1.006E+03, 8.677E+01, 5.732E-05, 8.723E-02, 1.296E+00, 1.349E+01, 1.701E+01, 5.509E+00,-8.270E+01, 2.013E+01, 4.404E+00, 5.473E-01, 2.326E-01, 4.795E-02, 1.000E+00, 2.172E-01, 5.032E-01, 1.000E-02, 1.000E+00, 1.000E+00, 2.172E-03, 1.321E-05, 3.060E-05, 0.000E+00, 8.137E+01, 2.938E+01, 1.429E-03, 4.255E-05, 6.798E+02, 1.320E-03, 2.603E-01
30/11/2019,14:00,9,2.350,2.850,-2.822,.741,.128, 1.007E+03, 9.149E+01, 5.732E-05, 8.596E-02, 0.000E+00, 0.000E+00, 0.000E+00, 0.000E+00,-8.270E+01, 2.013E+01, 4.402E+00, 5.465E-01, 2.325E-01,-9.990E+02, 1.000E+00,-9.990E+02, 0.000E+00, 0.000E+00, 0.000E+00, 1.000E+00, 0.000E+00, 0.000E+00, 0.000E+00, 0.000E+00, 8.146E+01, 2.940E+01, 1.429E-03, 0.000E+00, 7.000E+02, 1.286E-03, 2.503E-01
30/11/2019,15:00,9,2.350,2.850,-3.385,.760,.114, 1.008E+03, 9.738E+01, 5.732E-05, 8.469E-02, 0.000E+00, 0.000E+00, 0.000E+00, 0.000E+00,-8.633E+01, 1.173E+01, 4.401E+00, 5.201E-01, 2.271E-01,-9.990E+02, 1.000E+00,-9.990E+02, 0.000E+00, 0.000E+00, 0.000E+00, 1.000E+00, 0.000E+00, 0.000E+00, 0.000E+00, 0.000E+00, 8.532E+01, 3.010E+01, 1.429E-03, 0.000E+00, 7.000E+02, 1.282E-03, 2.335E-01
30/11/2019,16:00,9,2.350,2.850,-3.743,.776,.104, 1.008E+03, 1.041E+02, 5.732E-05, 8.469E-02, 0.000E+00, 0.000E+00, 0.000E+00, 0.000E+00,-8.633E+01, 1.173E+01, 4.251E+00, 5.196E-01, 2.193E-01,-9.990E+02, 1.000E+00,-9.990E+02, 0.000E+00, 0.000E+00, 0.000E+00, 1.000E+00, 0.000E+00, 0.000E+00, 0.000E+00, 0.000E+00, 8.837E+01, 3.117E+01, 1.429E-03, 0.000E+00, 7.000E+02, 1.278E-03, 2.121E-01
30/11/2019,17:00,9,2.350,2.850,-4.101,.792,.094, 1.009E+03, 1.114E+02, 5.732E-05, 8.469E-02, 0.000E+00, 0.000E+00, 0.000E+00, 0.000E+00,-8.633E+01, 1.173E+01, 4.112E+00, 5.192E-01, 2.121E-01,-9.990E+02, 1.000E+00,-9.990E+02, 0.000E+00, 0.000E+00, 0.000E+00, 1.000E+00, 0.000E+00, 0.000E+00, 0.000E+00, 0.000E+00, 9.141E+01, 3.223E+01, 1.429E-03, 0.000E+00, 7.000E+02, 1.273E-03, 1.908E-01
30/11/2019,18:00,9,2.350,2.850,-4.459,.808,.084, 1.009E+03, 1.189E+02, 5.732E-05, 8.469E-02, 0.000E+00, 0.000E+00, 0.000E+00, 0.000E+00,-7.298E+01, 6.143E+00, 3.985E+00, 4.352E-01, 1.945E-01,-9.990E+02, 1.000E+00,-9.990E+02, 0.000E+00, 0.000E+00, 0.000E+00, 1.000E+00, 0.000E+00, 0.000E+00, 0.000E+00, 0.000E+00, 1.054E+02, 3.515E+01, 1.429E-03, 0.000E+00, 7.000E+02, 1.260E-03, 1.684E-01
30/11/2019,19:00,9,2.350,2.850,-4.904,.827,.073, 1.010E+03, 1.262E+02, 5.732E-05, 8.444E-02, 0.000E+00, 0.000E+00, 0.000E+00, 0.000E+00,-7.298E+01, 6.143E+00, 3.877E+00, 4.348E-01, 1.891E-01,-9.990E+02, 1.000E+00,-9.990E+02, 0.000E+00, 0.000E+00, 0.000E+00, 1.000E+00, 0.000E+00, 0.000E+00, 0.000E+00, 0.000E+00, 1.085E+02, 3.615E+01, 1.429E-03, 0.000E+00, 7.000E+02, 1.256E-03, 1.557E-01
30/11/2019,20:00,9,2.350,2.850,-5.348,.846,.063, 1.010E+03, 1.328E+02, 5.732E-05, 8.418E-02, 0.000E+00, 0.000E+00, 0.000E+00, 0.000E+00,-7.298E+01, 6.143E+00, 3.804E+00, 4.344E-01, 1.854E-01,-9.990E+02, 1.000E+00,-9.990E+02, 0.000E+00, 0.000E+00, 0.000E+00, 1.000E+00, 0.000E+00, 0.000E+00, 0.000E+00, 0.000E+00, 1.106E+02, 3.686E+01, 1.429E-03, 0.000E+00, 7.000E+02, 1.253E-03, 1.525E-01
30/11/2019,21:00,9,2.350,2.850,-5.792,.865,.054, 1.010E+03, 1.380E+02, 5.732E-05, 8.393E-02, 0.000E+00, 0.000E+00, 0.000E+00, 0.000E+00,-6.818E+01, 3.442E+00, 3.769E+00, 4.278E-01, 1.844E-01,-9.990E+02, 1.000E+00,-9.990E+02, 0.000E+00, 0.000E+00, 0.000E+00, 1.000E+00, 0.000E+00, 0.000E+00, 0.000E+00, 0.000E+00, 1.108E+02, 3.706E+01, 1.429E-03, 0.000E+00, 7.000E+02, 1.252E-03, 1.704E-01
30/11/2019,22:00,9,2.350,2.850,-5.924,.862,.054, 1.010E+03, 1.412E+02, 5.732E-05, 8.393E-02, 0.000E+00, 0.000E+00, 0.000E+00, 0.000E+00,-6.818E+01, 3.442E+00, 3.742E+00, 4.277E-01, 1.831E-01,-9.990E+02, 1.000E+00,-9.990E+02, 0.000E+00, 0.000E+00, 0.000E+00, 1.000E+00, 0.000E+00, 0.000E+00, 0.000E+00, 0.000E+00, 1.116E+02, 3.734E+01, 1.429E-03, 0.000E+00, 7.000E+02, 1.251E-03, 2.006E-01
30/11/2019,23:00,9,2.350,2.850,-6.056,.858,.055, 1.010E+03, 1.416E+02, 5.732E-05, 8.393E-02, 0.000E+00, 0.000E+00, 0.000E+00, 0.000E+00,-6.818E+01, 3.442E+00, 3.720E+00, 4.276E-01, 1.820E-01,-9.990E+02, 1.000E+00,-9.990E+02, 0.000E+00, 0.000E+00, 0.000E+00, 1.000E+00, 0.000E+00, 0.000E+00, 0.000E+00, 0.000E+00, 1.123E+02, 3.756E+01, 1.429E-03, 0.000E+00, 7.000E+02, 1.250E-03, 2.295E-01
01/12/2019,00:00,9,2.339,2.839,-6.189,.855,.056, 1.010E+03, 1.392E+02, 0.000E+00, 8.393E-02, 0.000E+00, 0.000E+00, 0.000E+00, 0.000E+00,-6.308E+01, 7.157E+00, 3.705E+00, 4.464E-01, 1.874E-01,-9.990E+02, 1.000E+00,-9.990E+02, 0.000E+00, 0.000E+00, 0.000E+00, 1.000E+00, 0.000E+00, 0.000E+00, 0.000E+00, 0.000E+00, 1.055E+02, 3.647E+01, 1.429E-03, 0.000E+00, 7.000E+02, 1.255E-03, 2.349E-01
01/12/2019,01:00,9,2.339,2.839,-6.237,.850,.058, 1.010E+03, 1.345E+02, 0.000E+00, 8.520E-02, 0.000E+00, 0.000E+00, 0.000E+00, 0.000E+00,-6.308E+01, 7.157E+00, 3.664E+00, 4.464E-01, 1.854E-01,-9.990E+02, 1.000E+00,-9.990E+02, 0.000E+00, 0.000E+00, 0.000E+00, 1.000E+00, 0.000E+00, 0.000E+00, 0.000E+00, 0.000E+00, 1.066E+02, 3.687E+01, 1.429E-03, 0.000E+00, 7.000E+02, 1.253E-03, 2.066E-01
01/12/2019,02:00,9,2.339,2.839,-6.285,.844,.060, 1.010E+03, 1.283E+02, 0.000E+00, 8.647E-02, 0.000E+00, 0.000E+00, 0.000E+00, 0.000E+00,-6.308E+01, 7.157E+00, 3.665E+00, 4.465E-01, 1.854E-01,-9.990E+02, 1.000E+00,-9.990E+02, 0.000E+00, 0.000E+00, 0.000E+00, 1.000E+00, 0.000E+00, 0.000E+00, 0.000E+00, 0.000E+00, 1.066E+02, 3.686E+01, 1.429E-03, 0.000E+00, 7.000E+02, 1.253E-03, 2.368E-01
01/12/2019,03:00,9,2.339,2.839,-6.334,.839,.061, 1.009E+03, 1.211E+02, 0.000E+00, 8.774E-02, 0.000E+00, 0.000E+00, 0.000E+00, 0.000E+00,-6.369E+01, 6.132E+00, 3.708E+00, 4.592E-01, 1.896E-01,-9.990E+02, 1.000E+00,-9.990E+02, 0.000E+00, 0.000E+00, 0.000E+00, 1.000E+00, 0.000E+00, 0.000E+00, 0.000E+00, 0.000E+00, 1.031E+02, 3.605E+01, 1.429E-03, 0.000E+00, 7.000E+02, 1.257E-03, 2.815E-01
01/12/2019,04:00,9,2.339,2.839,-6.239,.837,.063, 1.009E+03, 1.137E+02, 0.000E+00, 8.774E-02, 0.000E+00, 0.000E+00, 0.000E+00, 0.000E+00,-6.369E+01, 6.132E+00, 3.830E+00, 4.594E-01, 1.959E-01,-9.990E+02, 1.000E+00,-9.990E+02, 0.000E+00, 0.000E+00, 0.000E+00, 1.000E+00, 0.000E+00, 0.000E+00, 0.000E+00, 0.000E+00, 9.982E+01, 3.489E+01, 1.429E-03, 0.000E+00, 7.000E+02, 1.262E-03, 2.942E-01
01/12/2019,05:00,9,2.339,2.839,-6.145,.835,.064, 1.009E+03, 1.063E+02, 0.000E+00, 8.774E-02, 0.000E+00, 0.000E+00, 0.000E+00, 0.000E+00,-6.369E+01, 6.132E+00, 3.954E+00, 4.595E-01, 2.022E-01,-9.990E+02, 1.000E+00,-9.990E+02, 0.000E+00, 0.000E+00, 0.000E+00, 1.000E+00, 0.000E+00, 0.000E+00, 0.000E+00, 0.000E+00, 9.669E+01, 3.380E+01, 1.429E-03, 0.000E+00, 7.000E+02, 1.266E-03, 2.856E-01
01/12/2019,06:00,9,2.339,2.839,-6.050,.834,.065, 1.008E+03, 9.939E+01, 0.000E+00, 8.774E-02, 0.000E+00, 0.000E+00, 0.000E+00, 0.000E+00,-5.955E+01, 7.004E+00, 4.077E+00, 4.746E-01, 2.130E-01,-9.990E+02, 1.000E+00,-9.990E+02, 0.000E+00, 0.000E+00, 0.000E+00, 1.000E+00, 0.000E+00, 0.000E+00, 0.000E+00, 0.000E+00, 8.987E+01, 3.209E+01, 1.429E-03, 0.000E+00, 7.000E+02, 1.274E-03, 2.708E-01
01/12/2019,07:00,9,2.339,2.839,-5.977,.831,.066, 1.008E+03, 9.322E+01, 0.000E+00, 8.774E-02, 0.000E+00, 0.000E+00, 0.000E+00, 0.000E+00,-5.955E+01, 7.004E+00, 3.901E+00, 4.747E-01, 2.038E-01,-9.990E+02, 1.000E+00,-9.990E+02, 0.000E+00, 0.000E+00, 0.000E+00, 1.000E+00, 0.000E+00, 0.000E+00, 0.000E+00, 0.000E+00, 9.392E+01, 3.354E+01, 1.429E-03, 0.000E+00, 7.000E+02, 1.268E-03, 2.763E-01
01/12/2019,08:00,9,2.339,2.839,-5.904,.828,.068, 1.008E+03, 8.814E+01, 0.000E+00, 8.774E-02, 6.584E-02, 7.674E+00, 4.120E+00, 3.105E+00,-5.955E+01, 7.004E+00, 3.732E+00, 4.748E-01, 1.950E-01, 2.774E-02, 1.000E+00, 1.209E-01, 1.559E-01, 1.000E-02, 1.000E+00, 1.000E+00, 1.209E-03, 7.252E-06, 9.351E-06, 0.000E+00, 9.817E+01, 3.506E+01, 1.429E-03, 2.326E-05, 6.888E+02, 1.279E-03, 3.013E-01
01/12/2019,09:00,9,2.339,2.839,-5.831,.826,.069, 1.008E+03, 8.444E+01, 0.000E+00, 8.774E-02, 8.556E+00, 2.255E+01, 5.375E+01, 9.582E+00,-2.772E+01, 1.203E+01, 3.570E+00, 4.785E-01, 1.996E-01, 8.282E-02, 1.000E+00, 3.725E-01, 8.904E-01, 1.000E-02, 1.000E+00, 1.000E+00, 3.725E-03, 2.235E-05, 5.343E-05, 0.000E+00, 8.960E+01, 3.424E+01, 1.429E-03, 7.168E-05, 6.666E+02, 1.322E-03, 3.302E-01
01/12/2019,10:00,9,2.339,2.839,-5.270,.817,.076, 1.007E+03, 8.238E+01, 0.000E+00, 8.774E-02, 1.957E+01, 3.029E+01, 8.708E+01, 1.328E+01,-2.772E+01, 1.203E+01, 3.624E+00, 4.791E-01, 2.027E-01, 1.134E-01, 1.000E+00, 4.833E-01, 9.722E-01, 1.000E-02, 1.000E+00, 1.000E+00, 4.833E-03, 2.907E-05, 5.846E-05, 0.000E+00, 8.822E+01, 3.372E+01, 1.429E-03, 9.322E-05, 6.571E+02, 1.341E-03, 3.730E-01
01/12/2019,11:00,9,2.339,2.839,-4.709,.809,.083, 1.006E+03, 8.211E+01, 0.000E+00, 8.774E-02, 2.126E+01, 3.127E+01, 9.119E+01, 1.376E+01,-2.772E+01, 1.203E+01, 3.692E+00, 4.798E-01, 2.065E-01, 1.174E-01, 1.000E+00, 4.960E-01, 9.765E-01, 1.000E-02, 1.000E+00, 1.000E+00, 4.960E-03, 2.989E-05, 5.885E-05, 0.000E+00, 8.657E+01, 3.310E+01, 1.429E-03, 9.586E-05, 6.560E+02, 1.346E-03, 4.070E-01
01/12/2019,12:00,9,2.339,2.839,-4.148,.800,.090, 1.006E+03, 8.365E+01, 0.000E+00, 8.774E-02, 1.259E+01, 2.597E+01, 6.813E+01, 1.118E+01,-5.860E+01, 1.383E+01, 3.772E+00, 5.294E-01, 2.042E-01, 9.455E-02, 1.000E+00, 4.225E-01, 9.393E-01, 1.000E-02, 1.000E+00, 1.000E+00, 4.225E-03, 2.552E-05, 5.672E-05, 0.000E+00, 9.049E+01, 3.348E+01, 1.429E-03, 8.183E-05, 6.621E+02, 1.332E-03, 4.127E-01
01/12/2019,13:00,9,2.339,2.839,-4.244,.799,.090, 1.005E+03, 8.689E+01, 0.000E+00, 8.749E-02, 1.102E+00, 1.299E+01, 1.547E+01, 5.313E+00,-5.860E+01, 1.383E+01, 3.791E+00, 5.294E-01, 2.052E-01, 4.639E-02, 1.000E+00, 2.090E-01, 4.708E-01, 1.000E-02, 1.000E+00, 1.000E+00, 2.090E-03, 1.262E-05, 2.842E-05, 0.000E+00, 9.005E+01, 3.331E+01, 1.429E-03, 4.047E-05, 6.807E+02, 1.301E-03, 4.057E-01
01/12/2019,14:00,9,2.339,2.839,-4.341,.798,.090, 1.005E+03, 9.159E+01, 0.000E+00, 8.723E-02, 0.000E+00, 0.000E+00, 0.000E+00, 0.000E+00,-5.860E+01, 1.383E+01, 3.864E+00, 5.294E-01, 2.091E-01,-9.990E+02, 1.000E+00,-9.990E+02, 0.000E+00, 0.000E+00, 0.000E+00, 1.000E+00, 0.000E+00, 0.000E+00, 0.000E+00, 0.000E+00, 8.835E+01, 3.268E+01, 1.429E-03, 0.000E+00, 7.000E+02, 1.272E-03, 3.749E-01
01/12/2019,15:00,9,2.339,2.839,-4.437,.797,.090, 1.005E+03, 9.747E+01, 0.000E+00, 8.698E-02, 0.000E+00, 0.000E+00, 0.000E+00, 0.000E+00,-5.897E+01, 8.356E+00, 3.989E+00, 4.518E-01, 2.046E-01,-9.990E+02, 1.000E+00,-9.990E+02, 0.000E+00, 0.000E+00, 0.000E+00, 1.000E+00, 0.000E+00, 0.000E+00, 0.000E+00, 0.000E+00, 9.526E+01, 3.340E+01, 1.429E-03, 0.000E+00, 7.000E+02, 1.268E-03, 3.284E-01
01/12/2019,16:00,9,2.339,2.839,-4.708,.819,.078, 1.005E+03, 1.042E+02, 0.000E+00, 8.698E-02, 0.000E+00, 0.000E+00, 0.000E+00, 0.000E+00,-5.897E+01, 8.356E+00, 3.816E+00, 4.516E-01, 1.957E-01,-9.990E+02, 1.000E+00,-9.990E+02, 0.000E+00, 0.000E+00, 0.000E+00, 1.000E+00, 0.000E+00, 0.000E+00, 0.000E+00, 0.000E+00, 9.961E+01, 3.492E+01, 1.429E-03, 0.000E+00, 7.000E+02, 1.262E-03, 2.739E-01
01/12/2019,17:00,9,2.339,2.839,-4.978,.841,.067, 1.005E+03, 1.115E+02, 0.000E+00, 8.698E-02, 0.000E+00, 0.000E+00, 0.000E+00, 0.000E+00,-5.897E+01, 8.356E+00, 3.657E+00, 4.514E-01, 1.876E-01,-9.990E+02, 1.000E+00,-9.990E+02, 0.000E+00, 0.000E+00, 0.000E+00, 1.000E+00, 0.000E+00, 0.000E+00, 0.000E+00, 0.000E+00, 1.040E+02, 3.644E+01, 1.429E-03, 0.000E+00, 7.000E+02, 1.255E-03, 2.206E-01
01/12/2019,18:00,9,2.339,2.839,-5.249,.863,.057, 1.005E+03, 1.190E+02, 0.000E+00, 8.698E-02, 0.000E+00, 0.000E+00, 0.000E+00, 0.000E+00,-4.634E+01, 1.412E+00, 3.515E+00, 3.575E-01, 1.670E-01,-9.990E+02, 1.000E+00,-9.990E+02, 0.000E+00, 0.000E+00, 0.000E+00, 1.000E+00, 0.000E+00, 0.000E+00, 0.000E+00, 0.000E+00, 1.261E+02, 4.093E+01, 1.429E-03, 0.000E+00, 7.000E+02, 1.235E-03, 1.978E-01
01/12/2019,19:00,9,2.339,2.839,-5.488,.874,.051, 1.005E+03, 1.263E+02, 0.000E+00, 8.698E-02, 0.000E+00, 0.000E+00, 0.000E+00, 0.000E+00,-4.634E+01, 1.412E+00, 3.319E+00, 3.573E-01, 1.576E-01,-9.990E+02, 1.000E+00,-9.990E+02, 0.000E+00, 0.000E+00, 0.000E+00, 1.000E+00, 0.000E+00, 0.000E+00, 0.000E+00, 0.000E+00, 1.336E+02, 4.336E+01, 1.429E-03, 0.000E+00, 7.000E+02, 1.225E-03, 2.092E-01
01/12/2019,20:00,9,2.339,2.839,-5.728,.885,.046, 1.005E+03, 1.329E+02, 0.000E+00, 8.698E-02, 0.000E+00, 0.000E+00, 0.000E+00, 0.000E+00,-4.634E+01, 1.412E+00, 3.126E+00, 3.571E-01, 1.484E-01,-9.990E+02, 1.000E+00,-9.990E+02, 0.000E+00, 0.000E+00, 0.000E+00, 1.000E+00, 0.000E+00, 0.000E+00, 0.000E+00, 0.000E+00, 1.419E+02, 4.606E+01, 1.429E-03, 0.000E+00, 7.000E+02, 1.215E-03, 2.354E-01
01/12/2019,21:00,9,2.339,2.839,-5.968,.896,.041, 1.005E+03, 1.381E+02, 0.000E+00, 8.698E-02, 0.000E+00, 0.000E+00, 0.000E+00, 0.000E+00,-3.701E+01,-6.262E-01, 2.936E+00, 2.937E-01, 1.282E-01,-9.990E+02, 1.000E+00,-9.990E+02, 0.000E+00, 0.000E+00, 0.000E+00, 1.000E+00, 0.000E+00, 0.000E+00, 0.000E+00, 0.000E+00, 1.786E+02, 5.331E+01, 1.429E-03, 0.000E+00, 7.000E+02, 1.185E-03, 2.725E-01
01/12/2019,22:00,9,2.339,2.839,-5.757,.892,.043, 1.005E+03, 1.413E+02, 0.000E+00, 8.698E-02, 0.000E+00, 0.000E+00, 0.000E+00, 0.000E+00,-3.701E+01,-6.262E-01, 2.985E+00, 2.938E-01, 1.304E-01,-9.990E+02, 1.000E+00,-9.990E+02, 0.000E+00, 0.000E+00, 0.000E+00, 1.000E+00, 0.000E+00, 0.000E+00, 0.000E+00, 0.000E+00, 1.756E+02, 5.242E+01, 1.429E-03, 0.000E+00, 7.000E+02, 1.188E-03, 3.124E-01
01/12/2019,23:00,9,2.339,2.839,-5.547,.889,.045, 1.005E+03, 1.418E+02, 0.000E+00, 8.698E-02, 0.000E+00, 0.000E+00, 0.000E+00, 0.000E+00,-3.701E+01,-6.262E-01, 3.086E+00, 2.939E-01, 1.348E-01,-9.990E+02, 1.000E+00,-9.990E+02, 0.000E+00, 0.000E+00, 0.000E+00, 1.000E+00, 0.000E+00, 0.000E+00, 0.000E+00, 0.000E+00, 1.697E+02, 5.069E+01, 1.429E-03, 0.000E+00, 7.000E+02, 1.195E-03, 3.471E-01
02/12/2019,00:00,9,2.328,2.828,-5.336,.885,.047, 1.005E+03, 1.394E+02, 0.000E+00, 8.698E-02, 0.000E+00, 0.000E+00, 0.000E+00, 0.000E+00,-5.255E+01,-5.209E+00, 3.235E+00, 3.619E-01, 1.509E-01,-9.990E+02, 1.000E+00,-9.990E+02, 0.000E+00, 0.000E+00, 0.000E+00, 1.000E+00, 0.000E+00, 0.000E+00, 0.000E+00, 0.000E+00, 1.421E+02, 4.530E+01, 1.429E-03, 0.000E+00, 7.000E+02, 1.217E-03, 3.577E-01
02/12/2019,01:00,9,2.328,2.828,-5.771,.888,.044, 1.005E+03, 1.347E+02, 0.000E+00, 8.749E-02, 0.000E+00, 0.000E+00, 0.000E+00, 0.000E+00,-5.255E+01,-5.209E+00, 3.293E+00, 3.617E-01, 1.535E-01,-9.990E+02, 1.000E+00,-9.990E+02, 0.000E+00, 0.000E+00, 0.000E+00, 1.000E+00, 0.000E+00, 0.000E+00, 0.000E+00, 0.000E+00, 1.397E+02, 4.452E+01, 1.429E-03, 0.000E+00, 7.000E+02, 1.220E-03, 3.275E-01
02/12/2019,02:00,9,2.328,2.828,-6.206,.891,.042, 1.005E+03, 1.284E+02, 0.000E+00, 8.800E-02, 0.000E+00, 0.000E+00, 0.000E+00, 0.000E+00,-5.255E+01,-5.209E+00, 3.352E+00, 3.614E-01, 1.562E-01,-9.990E+02, 1.000E+00,-9.990E+02, 0.000E+00, 0.000E+00, 0.000E+00, 1.000E+00, 0.000E+00, 0.000E+00, 0.000E+00, 0.000E+00, 1.374E+02, 4.376E+01, 1.429E-03, 0.000E+00, 7.000E+02, 1.224E-03, 2.826E-01
02/12/2019,03:00,9,2.328,2.828,-6.641,.894,.039, 1.004E+03, 1.213E+02, 0.000E+00, 8.851E-02, 0.000E+00, 0.000E+00, 0.000E+00, 0.000E+00,-5.762E+01,-3.687E+00, 3.411E+00, 3.954E-01, 1.647E-01,-9.990E+02, 1.000E+00,-9.990E+02, 0.000E+00, 0.000E+00, 0.000E+00, 1.000E+00, 0.000E+00, 0.000E+00, 0.000E+00, 0.000E+00, 1.257E+02, 4.150E+01, 1.429E-03, 0.000E+00, 7.000E+02, 1.233E-03, 2.480E-01
02/12/2019,04:00,9,2.328,2.828,-6.742,.892,.040, 1.005E+03, 1.139E+02, 0.000E+00, 8.851E-02, 0.000E+00, 0.000E+00, 0.000E+00, 0.000E+00,-5.762E+01,-3.687E+00, 3.468E+00, 3.953E-01, 1.674E-01,-9.990E+02, 1.000E+00,-9.990E+02, 0.000E+00, 0.000E+00, 0.000E+00, 1.000E+00, 0.000E+00, 0.000E+00, 0.000E+00, 0.000E+00, 1.237E+02, 4.082E+01, 1.429E-03, 0.000E+00, 7.000E+02, 1.236E-03, 2.278E-01
02/12/2019,05:00,9,2.328,2.828,-6.842,.889,.041, 1.005E+03, 1.065E+02, 0.000E+00, 8.851E-02, 0.000E+00, 0.000E+00, 0.000E+00, 0.000E+00,-5.762E+01,-3.687E+00, 3.527E+00, 3.952E-01, 1.703E-01,-9.990E+02, 1.000E+00,-9.990E+02, 0.000E+00, 0.000E+00, 0.000E+00, 1.000E+00, 0.000E+00, 0.000E+00, 0.000E+00, 0.000E+00, 1.216E+02, 4.014E+01, 1.429E-03, 0.000E+00, 7.000E+02, 1.239E-03, 2.348E-01
02/12/2019,06:00,9,2.328,2.828,-6.943,.887,.041, 1.005E+03, 9.956E+01, 0.000E+00, 8.851E-02, 0.000E+00, 0.000E+00, 0.000E+00, 0.000E+00,-5.651E+01,-2.078E-01, 3.588E+00, 4.225E-01, 1.799E-01,-9.990E+02, 1.000E+00,-9.990E+02, 0.000E+00, 0.000E+00, 0.000E+00, 1.000E+00, 0.000E+00, 0.000E+00, 0.000E+00, 0.000E+00, 1.109E+02, 3.800E+01, 1.429E-03, 0.000E+00, 7.000E+02, 1.248E-03, 2.661E-01
02/12/2019,07:00,9,2.328,2.828,-6.634,.875,.047, 1.005E+03, 9.339E+01, 0.000E+00, 8.851E-02, 0.000E+00, 0.000E+00, 0.000E+00, 0.000E+00,-5.651E+01,-2.078E-01, 3.539E+00, 4.227E-01, 1.774E-01,-9.990E+02, 1.000E+00,-9.990E+02, 0.000E+00, 0.000E+00, 0.000E+00, 1.000E+00, 0.000E+00, 0.000E+00, 0.000E+00, 0.000E+00, 1.124E+02, 3.852E+01, 1.429E-03, 0.000E+00, 7.000E+02, 1.246E-03, 3.017E-01
02/12/2019,08:00,9,2.328,2.828,-6.325,.864,.052, 1.005E+03, 8.831E+01, 0.000E+00, 8.851E-02, 3.507E-02, 7.060E+00, 3.457E+00, 2.863E+00,-5.651E+01,-2.078E-01, 3.491E+00, 4.229E-01, 1.751E-01, 2.536E-02, 1.000E+00, 1.116E-01, 1.326E-01, 1.000E-02, 1.000E+00, 1.000E+00, 1.116E-03, 6.687E-06, 7.940E-06, 0.000E+00, 1.139E+02, 3.903E+01, 1.429E-03, 2.134E-05, 6.897E+02, 1.260E-03, 3.285E-01
02/12/2019,09:00,9,2.328,2.828,-6.015,.852,.058, 1.006E+03, 8.460E+01, 1.029E-03, 8.851E-02, 8.001E+00, 2.226E+01, 5.201E+01, 9.465E+00,-2.862E+01, 1.090E+01, 3.446E+00, 4.487E-01, 1.899E-01, 8.080E-02, 1.000E+00, 3.677E-01, 8.822E-01, 1.000E-02, 1.000E+00, 1.000E+00, 3.677E-03, 2.205E-05, 5.291E-05, 0.000E+00, 9.560E+01, 3.600E+01, 1.429E-03, 7.038E-05, 6.671E+02, 1.312E-03, 3.613E-01
02/12/2019,10:00,9,2.328,2.828,-5.253,.833,.069, 1.006E+03, 8.253E+01, 1.029E-03, 8.851E-02, 1.897E+01, 3.020E+01, 8.623E+01, 1.325E+01,-2.862E+01, 1.090E+01, 3.501E+00, 4.493E-01, 1.930E-01, 1.117E-01, 1.000E+00, 4.817E-01, 9.712E-01, 1.000E-02, 1.000E+00, 1.000E+00, 4.817E-03, 2.897E-05, 5.841E-05, 0.000E+00, 9.404E+01, 3.542E+01, 1.429E-03, 9.246E-05, 6.574E+02, 1.332E-03, 3.718E-01
02/12/2019,11:00,9,2.328,2.828,-4.491,.813,.082, 1.006E+03, 8.225E+01, 1.029E-03, 8.851E-02, 2.071E+01, 3.124E+01, 9.056E+01, 1.376E+01,-2.862E+01, 1.090E+01, 3.562E+00, 4.499E-01, 1.963E-01, 1.159E-01, 1.000E+00, 4.952E-01, 9.759E-01, 1.000E-02, 1.000E+00, 1.000E+00, 4.952E-03, 2.986E-05, 5.886E-05, 0.000E+00, 9.240E+01, 3.481E+01, 1.429E-03, 9.532E-05, 6.562E+02, 1.337E-03, 3.490E-01
02/12/2019,12:00,9,2.328,2.828,-3.728,.793,.096, 1.006E+03, 8.378E+01, 0.000E+00, 8.851E-02, 1.193E+01, 2.549E+01, 6.601E+01, 1.098E+01,-6.462E+01, 1.153E+01, 3.627E+00, 4.909E-01, 1.899E-01, 9.311E-02, 1.000E+00, 4.165E-01, 9.338E-01, 1.000E-02, 1.000E+00, 1.000E+00, 4.165E-03, 2.519E-05, 5.648E-05, 0.000E+00, 1.006E+02, 3.600E+01, 1.429E-03, 8.040E-05, 6.627E+02, 1.319E-03, 3.238E-01
02/12/2019,13:00,9,2.328,2.828,-4.087,.809,.086, 1.007E+03, 8.700E+01, 0.000E+00, 8.774E-02, 9.319E-01, 1.253E+01, 1.404E+01, 5.131E+00,-6.462E+01, 1.153E+01, 3.777E+00, 4.905E-01, 1.977E-01, 4.492E-02, 1.000E+00, 2.014E-01, 4.388E-01, 1.000E-02, 1.000E+00, 1.000E+00, 2.014E-03, 1.217E-05, 2.650E-05, 0.000E+00, 9.665E+01, 3.458E+01, 1.429E-03, 3.883E-05, 6.815E+02, 1.294E-03, 2.986E-01
02/12/2019,14:00,9,2.328,2.828,-4.445,.825,.077, 1.007E+03, 9.169E+01, 0.000E+00, 8.698E-02, 0.000E+00, 0.000E+00, 0.000E+00, 0.000E+00,-6.462E+01, 1.153E+01, 3.931E+00, 4.900E-01, 2.057E-01,-9.990E+02, 1.000E+00,-9.990E+02, 0.000E+00, 0.000E+00, 0.000E+00, 1.000E+00, 0.000E+00, 0.000E+00, 0.000E+00, 0.000E+00, 9.291E+01, 3.323E+01, 1.429E-03, 0.000E+00, 7.000E+02, 1.269E-03, 2.920E-01
02/12/2019,15:00,9,2.328,2.828,-4.804,.840,.068, 1.008E+03, 9.756E+01, 0.000E+00, 8.622E-02, 0.000E+00, 0.000E+00, 0.000E+00, 0.000E+00,-7.072E+01, 4.032E+00, 4.088E+00, 4.573E-01, 2.054E-01,-9.990E+02, 1.000E+00,-9.990E+02, 0.000E+00, 0.000E+00, 0.000E+00, 1.000E+00, 0.000E+00, 0.000E+00, 0.000E+00, 0.000E+00, 9.686E+01, 3.327E+01, 1.429E-03, 0.000E+00, 7.000E+02, 1.268E-03, 2.845E-01
02/12/2019,16:00,9,2.328,2.828,-5.155,.852,.062, 1.008E+03, 1.043E+02, 0.000E+00, 8.622E-02, 0.000E+00, 0.000E+00, 0.000E+00, 0.000E+00,-7.072E+01, 4.032E+00, 3.977E+00, 4.568E-01, 1.998E-01,-9.990E+02, 1.000E+00,-9.990E+02, 0.000E+00, 0.000E+00, 0.000E+00, 1.000E+00, 0.000E+00, 0.000E+00, 0.000E+00, 0.000E+00, 9.964E+01, 3.421E+01, 1.429E-03, 0.000E+00, 7.000E+02, 1.264E-03, 2.646E-01
02/12/2019,17:00,9,2.328,2.828,-5.506,.865,.055, 1.009E+03, 1.116E+02, 0.000E+00, 8.622E-02, 0.000E+00, 0.000E+00, 0.000E+00, 0.000E+00,-7.072E+01, 4.032E+00, 3.870E+00, 4.564E-01, 1.943E-01,-9.990E+02, 1.000E+00,-9.990E+02, 0.000E+00, 0.000E+00, 0.000E+00, 1.000E+00, 0.000E+00, 0.000E+00, 0.000E+00, 0.000E+00, 1.025E+02, 3.517E+01, 1.429E-03, 0.000E+00, 7.000E+02, 1.260E-03, 2.489E-01
02/12/2019,18:00,9,2.328,2.828,-5.857,.877,.049, 1.009E+03, 1.190E+02, 0.000E+00, 8.622E-02, 0.000E+00, 0.000E+00, 0.000E+00, 0.000E+00,-6.616E+01,-4.315E-01, 3.767E+00, 4.218E-01, 1.839E-01,-9.990E+02, 1.000E+00,-9.990E+02, 0.000E+00, 0.000E+00, 0.000E+00, 1.000E+00, 0.000E+00, 0.000E+00, 0.000E+00, 0.000E+00, 1.113E+02, 3.716E+01, 1.429E-03, 0.000E+00, 7.000E+02, 1.251E-03, 2.281E-01
02/12/2019,19:00,9,2.328,2.828,-5.961,.878,.048, 1.010E+03, 1.263E+02, 0.000E+00, 8.622E-02, 0.000E+00, 0.000E+00, 0.000E+00, 0.000E+00,-6.616E+01,-4.315E-01, 3.740E+00, 4.216E-01, 1.826E-01,-9.990E+02, 1.000E+00,-9.990E+02, 0.000E+00, 0.000E+00, 0.000E+00, 1.000E+00, 0.000E+00, 0.000E+00, 0.000E+00, 0.000E+00, 1.122E+02, 3.743E+01, 1.429E-03, 0.000E+00, 7.000E+02, 1.250E-03, 2.163E-01
02/12/2019,20:00,9,2.328,2.828,-6.065,.879,.047, 1.011E+03, 1.329E+02, 0.000E+00, 8.622E-02, 0.000E+00, 0.000E+00, 0.000E+00, 0.000E+00,-6.616E+01,-4.315E-01, 3.714E+00, 4.214E-01, 1.813E-01,-9.990E+02, 1.000E+00,-9.990E+02, 0.000E+00, 0.000E+00, 0.000E+00, 1.000E+00, 0.000E+00, 0.000E+00, 0.000E+00, 0.000E+00, 1.130E+02, 3.771E+01, 1.429E-03, 0.000E+00, 7.000E+02, 1.249E-03, 2.103E-01
02/12/2019,21:00,9,2.328,2.828,-6.170,.881,.046, 1.011E+03, 1.383E+02, 0.000E+00, 8.622E-02, 0.000E+00, 0.000E+00, 0.000E+00, 0.000E+00,-6.446E+01,-1.159E+00, 3.687E+00, 4.058E-01, 1.771E-01,-9.990E+02, 1.000E+00,-9.990E+02, 0.000E+00, 0.000E+00, 0.000E+00, 1.000E+00, 0.000E+00, 0.000E+00, 0.000E+00, 0.000E+00, 1.175E+02, 3.859E+01, 1.429E-03, 0.000E+00, 7.000E+02, 1.245E-03, 2.165E-01
02/12/2019,22:00,9,2.328,2.828,-6.283,.883,.045, 1.011E+03, 1.415E+02, 0.000E+00, 8.622E-02, 0.000E+00, 0.000E+00, 0.000E+00, 0.000E+00,-6.446E+01,-1.159E+00, 3.668E+00, 4.057E-01, 1.762E-01,-9.990E+02, 1.000E+00,-9.990E+02, 0.000E+00, 0.000E+00, 0.000E+00, 1.000E+00, 0.000E+00, 0.000E+00, 0.000E+00, 0.000E+00, 1.182E+02, 3.880E+01, 1.429E-03, 0.000E+00, 7.000E+02, 1.244E-03, 2.084E-01
02/12/2019,23:00,9,2.328,2.828,-6.397,.884,.044, 1.012E+03, 1.419E+02, 0.000E+00, 8.622E-02, 0.000E+00, 0.000E+00, 0.000E+00, 0.000E+00,-6.446E+01,-1.159E+00, 3.652E+00, 4.055E-01, 1.754E-01,-9.990E+02, 1.000E+00,-9.990E+02, 0.000E+00, 0.000E+00, 0.000E+00, 1.000E+00, 0.000E+00, 0.000E+00, 0.000E+00, 0.000E+00, 1.187E+02, 3.897E+01, 1.429E-03, 0.000E+00, 7.000E+02, 1.244E-03, 2.033E-01
03/12/2019,00:00,9,2.316,2.816,-6.511,.886,.043, 1.012E+03, 1.396E+02, 3.737E-05, 8.622E-02, 0.000E+00, 0.000E+00, 0.000E+00, 0.000E+00,-5.897E+01,-3.443E+00, 3.639E+00, 3.867E-01, 1.729E-01,-9.990E+02, 1.000E+00,-9.990E+02, 0.000E+00, 0.000E+00, 0.000E+00, 1.000E+00, 0.000E+00, 0.000E+00, 0.000E+00, 0.000E+00, 1.217E+02, 3.953E+01, 1.429E-03, 0.000E+00, 7.000E+02, 1.241E-03, 1.992E-01
03/12/2019,01:00,9,2.316,2.816,-6.680,.887,.042, 1.012E+03, 1.349E+02, 3.737E-05, 8.520E-02, 0.000E+00, 0.000E+00, 0.000E+00, 0.000E+00,-5.897E+01,-3.443E+00, 3.581E+00, 3.865E-01, 1.702E-01,-9.990E+02, 1.000E+00,-9.990E+02, 0.000E+00, 0.000E+00, 0.000E+00, 1.000E+00, 0.000E+00, 0.000E+00, 0.000E+00, 0.000E+00, 1.237E+02, 4.017E+01, 1.429E-03, 0.000E+00, 7.000E+02, 1.238E-03, 1.969E-01
03/12/2019,02:00,9,2.316,2.816,-6.849,.888,.041, 1.012E+03, 1.286E+02, 3.737E-05, 8.418E-02, 0.000E+00, 0.000E+00, 0.000E+00, 0.000E+00,-5.897E+01,-3.443E+00, 3.533E+00, 3.864E-01, 1.679E-01,-9.990E+02, 1.000E+00,-9.990E+02, 0.000E+00, 0.000E+00, 0.000E+00, 1.000E+00, 0.000E+00, 0.000E+00, 0.000E+00, 0.000E+00, 1.254E+02, 4.072E+01, 1.429E-03, 0.000E+00, 7.000E+02, 1.236E-03, 2.046E-01
03/12/2019,03:00,9,2.316,2.816,-7.018,.889,.040, 1.012E+03, 1.215E+02, 3.737E-05, 8.317E-02, 0.000E+00, 0.000E+00, 0.000E+00, 0.000E+00,-5.381E+01,-3.694E+00, 3.496E+00, 3.669E-01, 1.639E-01,-9.990E+02, 1.000E+00,-9.990E+02, 0.000E+00, 0.000E+00, 0.000E+00, 1.000E+00, 0.000E+00, 0.000E+00, 0.000E+00, 0.000E+00, 1.301E+02, 4.170E+01, 1.429E-03, 0.000E+00, 7.000E+02, 1.232E-03, 2.183E-01
03/12/2019,04:00,9,2.316,2.816,-7.217,.887,.040, 1.012E+03, 1.140E+02, 3.737E-05, 8.317E-02, 0.000E+00, 0.000E+00, 0.000E+00, 0.000E+00,-5.381E+01,-3.694E+00, 3.400E+00, 3.669E-01, 1.594E-01,-9.990E+02, 1.000E+00,-9.990E+02, 0.000E+00, 0.000E+00, 0.000E+00, 1.000E+00, 0.000E+00, 0.000E+00, 0.000E+00, 0.000E+00, 1.338E+02, 4.289E+01, 1.429E-03, 0.000E+00, 7.000E+02, 1.227E-03, 2.182E-01
03/12/2019,05:00,9,2.316,2.816,-7.415,.885,.040, 1.011E+03, 1.067E+02, 3.737E-05, 8.317E-02, 0.000E+00, 0.000E+00, 0.000E+00, 0.000E+00,-5.381E+01,-3.694E+00, 3.352E+00, 3.668E-01, 1.571E-01,-9.990E+02, 1.000E+00,-9.990E+02, 0.000E+00, 0.000E+00, 0.000E+00, 1.000E+00, 0.000E+00, 0.000E+00, 0.000E+00, 0.000E+00, 1.358E+02, 4.351E+01, 1.429E-03, 0.000E+00, 7.000E+02, 1.225E-03, 2.310E-01
03/12/2019,06:00,9,2.316,2.816,-7.614,.883,.041, 1.011E+03, 9.973E+01, 3.737E-05, 8.317E-02, 0.000E+00, 0.000E+00, 0.000E+00, 0.000E+00,-4.192E+01, 3.546E+00, 3.355E+00, 3.887E-01, 1.696E-01,-9.990E+02, 1.000E+00,-9.990E+02, 0.000E+00, 0.000E+00, 0.000E+00, 1.000E+00, 0.000E+00, 0.000E+00, 0.000E+00, 0.000E+00, 1.166E+02, 4.030E+01, 1.429E-03, 0.000E+00, 7.000E+02, 1.239E-03, 2.428E-01
03/12/2019,07:00,9,2.316,2.816,-7.159,.861,.050, 1.011E+03, 9.356E+01, 3.737E-05, 8.317E-02, 0.000E+00, 0.000E+00, 0.000E+00, 0.000E+00,-4.192E+01, 3.546E+00, 3.291E+00, 3.891E-01, 1.664E-01,-9.990E+02, 1.000E+00,-9.990E+02, 0.000E+00, 0.000E+00, 0.000E+00, 1.000E+00, 0.000E+00, 0.000E+00, 0.000E+00, 0.000E+00, 1.188E+02, 4.107E+01, 1.429E-03, 0.000E+00, 7.000E+02, 1.236E-03, 2.736E-01
03/12/2019,08:00,9,2.316,2.816,-6.705,.839,.060, 1.010E+03, 8.847E+01, 3.737E-05, 8.317E-02, 1.922E-04, 1.606E+00, 6.563E-01, 6.527E-01,-4.192E+01, 3.546E+00, 3.267E+00, 3.895E-01, 1.653E-01, 2.305E-02, 1.000E+00, 2.649E-02, 2.663E-02, 1.000E-02, 1.000E+00, 1.000E+00, 2.649E-04, 1.585E-06, 1.593E-06, 0.000E+00, 1.196E+02, 4.136E+01, 1.429E-03, 5.033E-06, 6.975E+02, 1.238E-03, 3.625E-01
03/12/2019,09:00,9,2.316,2.816,-6.250,.817,.070, 1.010E+03, 8.476E+01, 3.737E-05, 8.317E-02, 8.764E-02, 7.144E+00, 3.389E+00, 2.909E+00,-2.067E+01, 1.451E+01, 3.283E+00, 4.417E-01, 1.841E-01, 7.886E-02, 1.000E+00, 1.141E-01, 1.301E-01, 1.000E-02, 1.000E+00, 1.000E+00, 1.141E-03, 6.838E-06, 7.795E-06, 0.000E+00, 9.682E+01, 3.712E+01, 1.429E-03, 2.172E-05, 6.895E+02, 1.270E-03, 4.764E-01
03/12/2019,10:00,9,2.316,2.816,-5.120,.811,.079, 1.009E+03, 8.268E+01, 3.737E-05, 8.317E-02, 2.170E-01, 1.170E+01, 5.619E+00, 4.768E+00,-2.067E+01, 1.451E+01, 3.399E+00, 4.428E-01, 1.908E-01, 1.100E-01, 1.000E+00, 1.812E-01, 2.063E-01, 1.000E-02, 1.000E+00, 1.000E+00, 1.812E-03, 1.090E-05, 1.242E-05, 0.000E+00, 9.343E+01, 3.583E+01, 1.429E-03, 3.463E-05, 6.834E+02, 1.286E-03, 5.795E-01
03/12/2019,11:00,9,2.316,2.816,-3.989,.804,.089, 1.008E+03, 8.238E+01, 3.737E-05, 8.317E-02, 2.388E-01, 1.240E+01, 5.956E+00, 5.055E+00,-2.067E+01, 1.451E+01, 3.523E+00, 4.439E-01, 1.978E-01, 1.144E-01, 1.000E+00, 1.911E-01, 2.173E-01, 1.000E-02, 1.000E+00, 1.000E+00, 1.911E-03, 1.155E-05, 1.313E-05, 0.000E+00, 9.009E+01, 3.457E+01, 1.429E-03, 3.668E-05, 6.825E+02, 1.293E-03, 5.270E-01
03/12/2019,12:00,9,2.316,2.816,-2.858,.797,.101, 1.007E+03, 8.390E+01, 3.013E-01, 8.317E-02, 3.299E-01, 1.056E+01, 5.861E+00, 4.309E+00,-2.240E+01, 8.145E+00, 3.652E+00, 5.379E-01, 2.095E-01, 9.175E-02, 1.000E+00, 1.672E-01, 2.142E-01, 1.000E-02, 1.000E+00, 1.000E+00, 1.672E-03, 1.014E-05, 1.300E-05, 0.000E+00, 8.321E+01, 3.263E+01, 1.429E-03, 3.222E-05, 6.846E+02, 1.298E-03, 4.603E-01
03/12/2019,13:00,9,2.316,2.816,-1.968,.840,.085, 1.006E+03, 8.711E+01, 3.013E-01, 8.393E-02, 2.315E-02, 3.839E+00, 1.791E+00, 1.562E+00,-2.240E+01, 8.145E+00, 3.743E+00, 5.391E-01, 2.147E-01, 4.355E-02, 1.000E+00, 6.260E-02, 7.103E-02, 1.000E-02, 1.000E+00, 1.000E+00, 6.260E-04, 3.811E-06, 4.324E-06, 0.000E+00, 8.117E+01, 3.183E+01, 1.429E-03, 1.211E-05, 6.941E+02, 1.286E-03, 2.984E-01
03/12/2019,14:00,9,2.316,2.816,-1.078,.883,.066, 1.005E+03, 9.179E+01, 3.013E-01, 8.469E-02, 0.000E+00, 0.000E+00, 0.000E+00, 0.000E+00,-2.240E+01, 8.145E+00, 3.857E+00, 5.404E-01, 2.213E-01,-9.990E+02, 1.000E+00,-9.990E+02, 0.000E+00, 0.000E+00, 0.000E+00, 1.000E+00, 0.000E+00, 0.000E+00, 0.000E+00, 0.000E+00, 7.874E+01, 3.089E+01, 1.429E-03, 0.000E+00, 7.000E+02, 1.280E-03, 2.440E-01
03/12/2019,15:00,9,2.316,2.816,-.188,.926,.044, 1.004E+03, 9.764E+01, 1.045E-01, 8.545E-02, 0.000E+00, 0.000E+00, 0.000E+00, 0.000E+00,-2.403E+01,-2.760E+00, 3.993E+00, 5.845E-01, 2.303E-01,-9.990E+02, 1.000E+00,-9.990E+02, 0.000E+00, 0.000E+00, 0.000E+00, 1.000E+00, 0.000E+00, 0.000E+00, 0.000E+00, 0.000E+00, 7.528E+01, 2.968E+01, 6.529E-03, 0.000E+00, 1.532E+02, 4.327E-03, 2.534E-01
03/12/2019,16:00,9,2.316,2.816,.352,.931,.043, 1.003E+03, 1.044E+02, 1.045E-01, 8.596E-02, 0.000E+00, 0.000E+00, 0.000E+00, 0.000E+00,-2.403E+01,-2.760E+00, 3.927E+00, 5.853E-01, 2.265E-01,-9.990E+02, 1.000E+00,-9.990E+02, 0.000E+00, 0.000E+00, 0.000E+00, 1.000E+00, 0.000E+00, 0.000E+00, 0.000E+00, 0.000E+00, 7.652E+01, 3.017E+01, 8.666E-03, 0.000E+00, 1.154E+02, 5.139E-03, 1.904E-01
03/12/2019,17:00,9,2.316,2.816,.891,.936,.042, 1.002E+03, 1.116E+02, 1.045E-01, 8.647E-02, 0.000E+00, 0.000E+00, 0.000E+00, 0.000E+00,-2.403E+01,-2.760E+00, 3.907E+00, 5.860E-01, 2.254E-01,-9.990E+02, 1.000E+00,-9.990E+02, 0.000E+00, 0.000E+00, 0.000E+00, 1.000E+00, 0.000E+00, 0.000E+00, 0.000E+00, 0.000E+00, 7.690E+01, 3.032E+01, 1.288E-02, 0.000E+00, 7.762E+01, 6.361E-03, 1.267E-01
03/12/2019,18:00,9,2.316,2.816,1.431,.941,.040, 1.002E+03, 1.191E+02, 3.737E-05, 8.698E-02, 0.000E+00, 0.000E+00, 0.000E+00, 0.000E+00,-2.906E+01,-7.400E+00, 3.933E+00, 4.629E-01, 2.178E-01,-9.990E+02, 1.000E+00,-9.990E+02, 0.000E+00, 0.000E+00, 0.000E+00, 1.000E+00, 0.000E+00, 0.000E+00, 0.000E+00, 0.000E+00, 8.290E+01, 3.138E+01, 1.429E-02, 0.000E+00, 7.000E+01, 6.550E-03, 1.244E-01
03/12/2019,19:00,9,2.316,2.816,1.626,.932,.047, 1.002E+03, 1.264E+02, 3.737E-05, 8.571E-02, 0.000E+00, 0.000E+00, 0.000E+00, 0.000E+00,-2.906E+01,-7.400E+00, 3.669E+00, 4.631E-01, 2.032E-01,-9.990E+02, 1.000E+00,-9.990E+02, 0.000E+00, 0.000E+00, 0.000E+00, 1.000E+00, 0.000E+00, 0.000E+00, 0.000E+00, 0.000E+00, 8.886E+01, 3.364E+01, 1.429E-02, 0.000E+00, 7.000E+01, 6.304E-03, 1.086E-01
03/12/2019,20:00,9,2.316,2.816,1.820,.922,.054, 1.001E+03, 1.330E+02, 3.737E-05, 8.444E-02, 0.000E+00, 0.000E+00, 0.000E+00, 0.000E+00,-2.906E+01,-7.400E+00, 3.453E+00, 4.633E-01, 1.912E-01,-9.990E+02, 1.000E+00,-9.990E+02, 0.000E+00, 0.000E+00, 0.000E+00, 1.000E+00, 0.000E+00, 0.000E+00, 0.000E+00, 0.000E+00, 9.440E+01, 3.574E+01, 1.429E-02, 0.000E+00, 7.000E+01, 6.091E-03, 1.245E-01
03/12/2019,21:00,9,2.316,2.816,2.015,.913,.062, 1.001E+03, 1.384E+02, 3.737E-05, 8.317E-02, 0.000E+00, 0.000E+00, 0.000E+00, 0.000E+00,-5.031E+01,-6.115E-01, 3.295E+00, 4.110E-01, 1.659E-01,-9.990E+02, 1.000E+00,-9.990E+02, 0.000E+00, 0.000E+00, 0.000E+00, 1.000E+00, 0.000E+00, 0.000E+00, 0.000E+00, 0.000E+00, 1.197E+02, 4.120E+01, 1.429E-02, 0.000E+00, 7.000E+01, 5.569E-03, 1.112E-01
03/12/2019,22:00,9,2.316,2.816,1.658,.909,.063, 1.002E+03, 1.416E+02, 3.737E-05, 8.291E-02, 0.000E+00, 0.000E+00, 0.000E+00, 0.000E+00,-5.031E+01,-6.115E-01, 3.379E+00, 4.107E-01, 1.701E-01,-9.990E+02, 1.000E+00,-9.990E+02, 0.000E+00, 0.000E+00, 0.000E+00, 1.000E+00, 0.000E+00, 0.000E+00, 0.000E+00, 0.000E+00, 1.168E+02, 4.018E+01, 1.429E-02, 0.000E+00, 7.000E+01, 5.654E-03, 9.408E-02
03/12/2019,23:00,9,2.316,2.816,1.301,.905,.064, 1.002E+03, 1.421E+02, 3.737E-05, 8.266E-02, 0.000E+00, 0.000E+00, 0.000E+00, 0.000E+00,-5.031E+01,-6.115E-01, 3.510E+00, 4.104E-01, 1.766E-01,-9.990E+02, 1.000E+00,-9.990E+02, 0.000E+00, 0.000E+00, 0.000E+00, 1.000E+00, 0.000E+00, 0.000E+00, 0.000E+00, 0.000E+00, 1.125E+02, 3.870E+01, 1.429E-02, 0.000E+00, 7.000E+01, 5.783E-03, 9.984E-02
04/12/2019,00:00,9,2.305,2.805,.944,.901,.065, 1.002E+03, 1.397E+02, 0.000E+00, 8.240E-02, 0.000E+00, 0.000E+00, 0.000E+00, 0.000E+00,-5.104E+01, 2.748E+00, 3.683E+00, 3.793E-01, 1.776E-01,-9.990E+02, 1.000E+00,-9.990E+02, 0.000E+00, 0.000E+00, 0.000E+00, 1.000E+00, 0.000E+00, 0.000E+00, 0.000E+00, 0.000E+00, 1.167E+02, 3.848E+01, 1.352E-02, 0.000E+00, 7.395E+01, 5.659E-03, 1.149E-01
04/12/2019,01:00,9,2.305,2.805,.974,.902,.065, 1.002E+03, 1.350E+02, 0.000E+00, 8.139E-02, 0.000E+00, 0.000E+00, 0.000E+00, 0.000E+00,-5.104E+01, 2.748E+00, 3.592E+00, 3.794E-01, 1.733E-01,-9.990E+02, 1.000E+00,-9.990E+02, 0.000E+00, 0.000E+00, 0.000E+00, 1.000E+00, 0.000E+00, 0.000E+00, 0.000E+00, 0.000E+00, 1.196E+02, 3.945E+01, 1.392E-02, 0.000E+00, 7.185E+01, 5.643E-03, 1.280E-01
04/12/2019,02:00,9,2.305,2.805,1.003,.902,.065, 1.002E+03, 1.288E+02, 0.000E+00, 8.037E-02, 0.000E+00, 0.000E+00, 0.000E+00, 0.000E+00,-5.104E+01, 2.748E+00, 3.543E+00, 3.794E-01, 1.709E-01,-9.990E+02, 1.000E+00,-9.990E+02, 0.000E+00, 0.000E+00, 0.000E+00, 1.000E+00, 0.000E+00, 0.000E+00, 0.000E+00, 0.000E+00, 1.213E+02, 3.999E+01, 1.429E-02, 0.000E+00, 7.000E+01, 5.655E-03, 1.279E-01
04/12/2019,03:00,9,2.305,2.805,1.033,.902,.065, 1.002E+03, 1.216E+02, 7.489E-05, 7.935E-02, 0.000E+00, 0.000E+00, 0.000E+00, 0.000E+00,-3.597E+01, 3.673E+00, 3.536E+00, 3.656E-01, 1.777E-01,-9.990E+02, 1.000E+00,-9.990E+02, 0.000E+00, 0.000E+00, 0.000E+00, 1.000E+00, 0.000E+00, 0.000E+00, 0.000E+00, 0.000E+00, 1.120E+02, 3.847E+01, 1.429E-02, 0.000E+00, 7.000E+01, 5.803E-03, 1.199E-01
04/12/2019,04:00,9,2.305,2.805,1.291,.894,.071, 1.002E+03, 1.142E+02, 7.489E-05, 7.884E-02, 0.000E+00, 0.000E+00, 0.000E+00, 0.000E+00,-3.597E+01, 3.673E+00, 3.350E+00, 3.657E-01, 1.684E-01,-9.990E+02, 1.000E+00,-9.990E+02, 0.000E+00, 0.000E+00, 0.000E+00, 1.000E+00, 0.000E+00, 0.000E+00, 0.000E+00, 0.000E+00, 1.182E+02, 4.060E+01, 1.429E-02, 0.000E+00, 7.000E+01, 5.618E-03, 1.227E-01
04/12/2019,05:00,9,2.305,2.805,1.548,.886,.078, 1.002E+03, 1.068E+02, 7.489E-05, 7.833E-02, 0.000E+00, 0.000E+00, 0.000E+00, 0.000E+00,-3.597E+01, 3.673E+00, 3.170E+00, 3.658E-01, 1.594E-01,-9.990E+02, 1.000E+00,-9.990E+02, 0.000E+00, 0.000E+00, 0.000E+00, 1.000E+00, 0.000E+00, 0.000E+00, 0.000E+00, 0.000E+00, 1.248E+02, 4.289E+01, 1.429E-02, 0.000E+00, 7.000E+01, 5.432E-03, 1.457E-01
04/12/2019,06:00,9,2.305,2.805,1.805,.879,.085, 1.002E+03, 9.989E+01, 7.489E-05, 7.782E-02, 0.000E+00, 0.000E+00, 0.000E+00, 0.000E+00,-3.782E+01,-2.022E+00, 2.998E+00, 2.895E-01, 1.286E-01,-9.990E+02, 1.000E+00,-9.990E+02, 0.000E+00, 0.000E+00, 0.000E+00, 1.000E+00, 0.000E+00, 0.000E+00, 0.000E+00, 0.000E+00, 1.814E+02, 5.317E+01, 1.429E-02, 0.000E+00, 7.000E+01, 4.675E-03, 1.788E-01
04/12/2019,07:00,9,2.305,2.805,1.322,.900,.067, 1.003E+03, 9.372E+01, 7.489E-05, 7.757E-02, 0.000E+00, 0.000E+00, 0.000E+00, 0.000E+00,-3.782E+01,-2.022E+00, 2.909E+00, 2.892E-01, 1.246E-01,-9.990E+02, 1.000E+00,-9.990E+02, 0.000E+00, 0.000E+00, 0.000E+00, 1.000E+00, 0.000E+00, 0.000E+00, 0.000E+00, 0.000E+00, 1.873E+02, 5.484E+01, 1.429E-02, 0.000E+00, 7.000E+01, 4.578E-03, 2.206E-01
04/12/2019,08:00,9,2.305,2.805,.838,.921,.051, 1.003E+03, 8.863E+01, 7.489E-05, 7.732E-02, 4.923E-03, 4.908E+00, 2.104E+00, 2.001E+00,-3.782E+01,-2.022E+00, 2.843E+00, 2.889E-01, 1.217E-01, 2.081E-02, 1.000E+00, 7.910E-02, 8.290E-02, 1.000E-02, 1.000E+00, 1.000E+00, 7.910E-04, 4.865E-06, 5.099E-06, 0.000E+00, 1.920E+02, 5.617E+01, 1.230E-02, 1.538E-05, 8.120E+01, 4.287E-03, 2.421E-01
04/12/2019,09:00,9,2.305,2.805,.355,.942,.036, 1.004E+03, 8.491E+01, 7.489E-05, 7.706E-02, 6.607E+00, 2.062E+01, 4.600E+01, 8.773E+00,-2.003E+01, 3.447E+00, 2.800E+00, 3.342E-01, 1.469E-01, 7.700E-02, 1.000E+00, 3.450E-01, 8.492E-01, 1.000E-02, 1.000E+00, 1.000E+00, 3.450E-03, 2.118E-05, 5.214E-05, 0.000E+00, 1.298E+02, 4.654E+01, 8.685E-03, 6.696E-05, 1.143E+02, 4.210E-03, 2.720E-01
04/12/2019,10:00,9,2.305,2.805,.630,.931,.044, 1.004E+03, 8.282E+01, 7.489E-05, 7.681E-02, 1.695E+01, 2.852E+01, 8.032E+01, 1.254E+01,-2.003E+01, 3.447E+00, 2.855E+00, 3.344E-01, 1.498E-01, 1.085E-01, 1.000E+00, 4.637E-01, 9.633E-01, 1.000E-02, 1.000E+00, 1.000E+00, 4.637E-03, 2.850E-05, 5.920E-05, 0.000E+00, 1.273E+02, 4.564E+01, 1.043E-02, 9.010E-05, 9.508E+01, 4.630E-03, 2.863E-01
04/12/2019,11:00,9,2.305,2.805,.905,.919,.053, 1.004E+03, 8.251E+01, 7.489E-05, 7.655E-02, 1.876E+01, 2.964E+01, 8.505E+01, 1.309E+01,-2.003E+01, 3.447E+00, 2.953E+00, 3.346E-01, 1.549E-01, 1.131E-01, 1.000E+00, 4.788E-01, 9.697E-01, 1.000E-02, 1.000E+00, 1.000E+00, 4.788E-03, 2.946E-05, 5.966E-05, 0.000E+00, 1.230E+02, 4.412E+01, 1.304E-02, 9.313E-05, 7.612E+01, 5.182E-03, 3.247E-01
04/12/2019,12:00,9,2.305,2.805,1.180,.907,.062, 1.004E+03, 8.401E+01, 7.489E-05, 7.630E-02, 1.067E+01, 2.428E+01, 6.161E+01, 1.048E+01,-4.397E+01, 2.188E+00, 3.090E+00, 3.954E-01, 1.561E-01, 9.050E-02, 1.000E+00, 4.019E-01, 9.206E-01, 1.000E-02, 1.000E+00, 1.000E+00, 4.019E-03, 2.475E-05, 5.670E-05, 0.000E+00, 1.268E+02, 4.378E+01, 1.429E-02, 7.824E-05, 6.962E+01, 5.376E-03, 4.022E-01
04/12/2019,13:00,9,2.305,2.805,.874,.926,.048, 1.003E+03, 8.721E+01, 7.489E-05, 7.325E-02, 6.721E-01, 1.154E+01, 1.164E+01, 4.743E+00,-4.397E+01, 2.188E+00, 3.237E+00, 3.952E-01, 1.635E-01, 4.228E-02, 1.000E+00, 1.858E-01, 3.804E-01, 1.000E-02, 1.000E+00, 1.000E+00, 1.858E-03, 1.143E-05, 2.340E-05, 0.000E+00, 1.211E+02, 4.180E+01, 1.269E-02, 3.614E-05, 7.858E+01, 5.271E-03, 2.989E-01
04/12/2019,14:00,9,2.305,2.805,.569,.945,.035, 1.003E+03, 9.187E+01, 7.489E-05, 7.019E-02, 0.000E+00, 0.000E+00, 0.000E+00, 0.000E+00,-4.397E+01, 2.188E+00, 3.398E+00, 3.950E-01, 1.716E-01,-9.990E+02, 1.000E+00,-9.990E+02, 0.000E+00, 0.000E+00, 0.000E+00, 1.000E+00, 0.000E+00, 0.000E+00, 0.000E+00, 0.000E+00, 1.154E+02, 3.983E+01, 9.982E-03, 0.000E+00, 1.002E+02, 4.853E-03, 2.483E-01
04/12/2019,15:00,9,2.305,2.805,.263,.964,.022, 1.003E+03, 9.771E+01, 7.489E-05, 6.714E-02, 0.000E+00, 0.000E+00, 0.000E+00, 0.000E+00,-4.012E+01,-4.832E+00, 3.571E+00, 4.762E-01, 1.943E-01,-9.990E+02, 1.000E+00,-9.990E+02, 0.000E+00, 0.000E+00, 0.000E+00, 1.000E+00, 0.000E+00, 0.000E+00, 0.000E+00, 0.000E+00, 9.463E+01, 3.519E+01, 8.226E-03, 0.000E+00, 1.216E+02, 4.664E-03, 2.272E-01
04/12/2019,16:00,9,2.305,2.805,.662,.965,.022, 1.003E+03, 1.044E+02, 7.489E-05, 6.689E-02, 0.000E+00, 0.000E+00, 0.000E+00, 0.000E+00,-4.012E+01,-4.832E+00, 3.809E+00, 4.766E-01, 2.073E-01,-9.990E+02, 1.000E+00,-9.990E+02, 0.000E+00, 0.000E+00, 0.000E+00, 1.000E+00, 0.000E+00, 0.000E+00, 0.000E+00, 0.000E+00, 8.867E+01, 3.298E+01, 1.067E-02, 0.000E+00, 9.368E+01, 5.534E-03, 1.506E-01
04/12/2019,17:00,9,2.305,2.805,1.060,.966,.022, 1.003E+03, 1.117E+02, 7.489E-05, 6.663E-02, 0.000E+00, 0.000E+00, 0.000E+00, 0.000E+00,-4.012E+01,-4.832E+00, 4.081E+00, 4.771E-01, 2.221E-01,-9.990E+02, 1.000E+00,-9.990E+02, 0.000E+00, 0.000E+00, 0.000E+00, 1.000E+00, 0.000E+00, 0.000E+00, 0.000E+00, 0.000E+00, 8.273E+01, 3.077E+01, 1.429E-02, 0.000E+00, 7.000E+01, 6.613E-03, 4.631E-02
04/12/2019,18:00,9,2.305,2.805,1.458,.967,.022, 1.002E+03, 1.192E+02, 7.489E-05, 6.638E-02, 0.000E+00, 0.000E+00, 0.000E+00, 0.000E+00,-6.675E+01,-5.650E+00, 4.381E+00, 6.336E-01, 2.443E-01,-9.990E+02, 1.000E+00,-9.990E+02, 0.000E+00, 0.000E+00, 0.000E+00, 1.000E+00, 0.000E+00, 0.000E+00, 0.000E+00, 0.000E+00, 7.339E+01, 2.798E+01, 1.429E-02, 0.000E+00, 7.000E+01, 6.961E-03, 6.474E-02
04/12/2019,19:00,9,2.305,2.805,2.082,.924,.054, 1.002E+03, 1.265E+02, 7.489E-05, 6.485E-02, 0.000E+00, 0.000E+00, 0.000E+00, 0.000E+00,-6.675E+01,-5.650E+00, 4.800E+00, 6.345E-01, 2.678E-01,-9.990E+02, 1.000E+00,-9.990E+02, 0.000E+00, 0.000E+00, 0.000E+00, 1.000E+00, 0.000E+00, 0.000E+00, 0.000E+00, 0.000E+00, 6.694E+01, 2.552E+01, 1.429E-02, 0.000E+00, 7.000E+01, 7.288E-03, 1.322E-01
04/12/2019,20:00,9,2.305,2.805,2.706,.882,.088, 1.001E+03, 1.331E+02, 7.489E-05, 6.333E-02, 0.000E+00, 0.000E+00, 0.000E+00, 0.000E+00,-6.675E+01,-5.650E+00, 5.227E+00, 6.354E-01, 2.916E-01,-9.990E+02, 1.000E+00,-9.990E+02, 0.000E+00, 0.000E+00, 0.000E+00, 1.000E+00, 0.000E+00, 0.000E+00, 0.000E+00, 0.000E+00, 6.145E+01, 2.344E+01, 1.429E-02, 0.000E+00, 7.000E+01, 7.592E-03, 1.531E-01
04/12/2019,21:00,9,2.305,2.805,3.330,.839,.125, 1.000E+03, 1.384E+02, 7.489E-05, 6.180E-02, 0.000E+00, 0.000E+00, 0.000E+00, 0.000E+00,-1.195E+02, 8.346E+00, 5.658E+00, 8.794E-01, 3.220E-01,-9.990E+02, 1.000E+00,-9.990E+02, 0.000E+00, 0.000E+00, 0.000E+00, 1.000E+00, 0.000E+00, 0.000E+00, 0.000E+00, 0.000E+00, 5.456E+01, 2.123E+01, 1.429E-02, 0.000E+00, 7.000E+01, 7.950E-03, 2.713E-01
04/12/2019,22:00,9,2.305,2.805,3.365,.855,.113, 1.000E+03, 1.417E+02, 7.489E-05, 6.028E-02, 0.000E+00, 0.000E+00, 0.000E+00, 0.000E+00,-1.195E+02, 8.346E+00, 5.949E+00, 8.796E-01, 3.386E-01,-9.990E+02, 1.000E+00,-9.990E+02, 0.000E+00, 0.000E+00, 0.000E+00, 1.000E+00, 0.000E+00, 0.000E+00, 0.000E+00, 0.000E+00, 5.190E+01, 2.019E+01, 1.429E-02, 0.000E+00, 7.000E+01, 8.126E-03, 2.551E-01
04/12/2019,23:00,9,2.305,2.805,3.400,.871,.101, 9.996E+02, 1.422E+02, 7.489E-05, 5.875E-02, 0.000E+00, 0.000E+00, 0.000E+00, 0.000E+00,-1.195E+02, 8.346E+00, 6.241E+00, 8.798E-01, 3.552E-01,-9.990E+02, 1.000E+00,-9.990E+02, 0.000E+00, 0.000E+00, 0.000E+00, 1.000E+00, 0.000E+00, 0.000E+00, 0.000E+00, 0.000E+00, 4.946E+01, 1.924E+01, 1.429E-02, 0.000E+00, 7.000E+01, 8.294E-03, 2.096E-01
05/12/2019,00:00,9,2.294,2.794,3.435,.887,.088, 9.992E+02, 1.399E+02, 5.697E-05, 5.722E-02, 0.000E+00, 0.000E+00, 0.000E+00, 0.000E+00,-9.321E+01,-7.697E+00, 6.535E+00, 9.457E-01, 3.778E-01,-9.990E+02, 1.000E+00,-9.990E+02, 0.000E+00, 0.000E+00, 0.000E+00, 1.000E+00, 0.000E+00, 0.000E+00, 0.000E+00, 0.000E+00, 4.578E+01, 1.809E+01, 1.429E-02, 0.000E+00, 7.000E+01, 8.512E-03, 1.571E-01
05/12/2019,01:00,9,2.294,2.794,3.755,.888,.090, 9.988E+02, 1.352E+02, 5.697E-05, 5.570E-02, 0.000E+00, 0.000E+00, 0.000E+00, 0.000E+00,-9.321E+01,-7.697E+00, 6.438E+00, 9.465E-01, 3.722E-01,-9.990E+02, 1.000E+00,-9.990E+02, 0.000E+00, 0.000E+00, 0.000E+00, 1.000E+00, 0.000E+00, 0.000E+00, 0.000E+00, 0.000E+00, 4.647E+01, 1.836E+01, 1.429E-02, 0.000E+00, 7.000E+01, 8.460E-03, 1.343E-01
05/12/2019,02:00,9,2.294,2.794,4.075,.888,.091, 9.983E+02, 1.289E+02, 5.697E-05, 5.417E-02, 0.000E+00, 0.000E+00, 0.000E+00, 0.000E+00,-9.321E+01,-7.697E+00, 6.349E+00, 9.473E-01, 3.671E-01,-9.990E+02, 1.000E+00,-9.990E+02, 0.000E+00, 0.000E+00, 0.000E+00, 1.000E+00, 0.000E+00, 0.000E+00, 0.000E+00, 0.000E+00, 4.711E+01, 1.862E+01, 1.429E-02, 0.000E+00, 7.000E+01, 8.413E-03, 2.070E-01
05/12/2019,03:00,9,2.294,2.794,4.395,.889,.093, 9.978E+02, 1.218E+02, 2.979E-03, 5.265E-02, 0.000E+00, 0.000E+00, 0.000E+00, 0.000E+00,-6.276E+01,-1.242E+01, 6.269E+00, 9.144E-01, 3.649E-01,-9.990E+02, 1.000E+00,-9.990E+02, 0.000E+00, 0.000E+00, 0.000E+00, 1.000E+00, 0.000E+00, 0.000E+00, 0.000E+00, 0.000E+00, 4.708E+01, 1.873E+01, 1.429E-02, 0.000E+00, 7.000E+01, 8.394E-03, 1.916E-01
05/12/2019,04:00,9,2.294,2.794,4.660,.890,.094, 9.974E+02, 1.143E+02, 2.979E-03, 4.985E-02, 0.000E+00, 0.000E+00, 0.000E+00, 0.000E+00,-6.276E+01,-1.242E+01, 6.290E+00, 9.151E-01, 3.661E-01,-9.990E+02, 1.000E+00,-9.990E+02, 0.000E+00, 0.000E+00, 0.000E+00, 1.000E+00, 0.000E+00, 0.000E+00, 0.000E+00, 0.000E+00, 4.692E+01, 1.867E+01, 1.429E-02, 0.000E+00, 7.000E+01, 8.406E-03, 2.019E-01
05/12/2019,05:00,9,2.294,2.794,4.926,.891,.095, 9.970E+02, 1.070E+02, 2.979E-03, 4.705E-02, 0.000E+00, 0.000E+00, 0.000E+00, 0.000E+00,-6.276E+01,-1.242E+01, 6.315E+00, 9.157E-01, 3.676E-01,-9.990E+02, 1.000E+00,-9.990E+02, 0.000E+00, 0.000E+00, 0.000E+00, 1.000E+00, 0.000E+00, 0.000E+00, 0.000E+00, 0.000E+00, 4.674E+01, 1.860E+01, 1.429E-02, 0.000E+00, 7.000E+01, 8.419E-03, 1.913E-01
05/12/2019,06:00,9,2.294,2.794,5.191,.892,.096, 9.966E+02, 1.000E+02, 1.435E-02, 4.425E-02, 0.000E+00, 0.000E+00, 0.000E+00, 0.000E+00,-6.025E+01,-1.046E+01, 6.343E+00, 9.635E-01, 3.705E-01,-9.990E+02, 1.000E+00,-9.990E+02, 0.000E+00, 0.000E+00, 0.000E+00, 1.000E+00, 0.000E+00, 0.000E+00, 0.000E+00, 0.000E+00, 4.620E+01, 1.845E+01, 1.429E-02, 0.000E+00, 7.000E+01, 8.448E-03, 2.789E-01
05/12/2019,07:00,9,2.294,2.794,5.411,.875,.112, 9.960E+02, 9.387E+01, 1.435E-02, 4.171E-02, 0.000E+00, 0.000E+00, 0.000E+00, 0.000E+00,-6.025E+01,-1.046E+01, 6.600E+00, 9.641E-01, 3.855E-01,-9.990E+02, 1.000E+00,-9.990E+02, 0.000E+00, 0.000E+00, 0.000E+00, 1.000E+00, 0.000E+00, 0.000E+00, 0.000E+00, 0.000E+00, 4.440E+01, 1.773E+01, 1.429E-02, 0.000E+00, 7.000E+01, 8.584E-03, 3.064E-01
05/12/2019,08:00,9,2.294,2.794,5.631,.859,.128, 9.955E+02, 8.877E+01, 1.435E-02, 3.917E-02, 2.490E-03, 4.897E+00, 2.061E+00, 2.003E+00,-6.025E+01,-1.046E+01, 6.860E+00, 9.648E-01, 4.007E-01, 1.864E-02, 1.000E+00, 7.911E-02, 8.127E-02, 1.000E-02, 1.000E+00, 1.000E+00, 7.911E-04, 4.951E-06, 5.086E-06, 0.000E+00, 4.272E+01, 1.706E+01, 1.429E-02, 1.558E-05, 6.992E+01, 8.722E-03, 3.134E-01
05/12/2019,09:00,9,2.294,2.794,5.851,.843,.145, 9.949E+02, 8.505E+01, 5.697E-05, 3.662E-02, 6.302E+00, 2.049E+01, 4.525E+01, 8.731E+00,-6.902E+01, 1.004E+01, 7.124E+00, 1.103E+00, 4.177E-01, 7.522E-02, 1.000E+00, 3.425E-01, 8.445E-01, 1.000E-02, 1.000E+00, 1.000E+00, 3.425E-03, 2.145E-05, 5.289E-05, 0.000E+00, 4.082E+01, 1.636E+01, 1.429E-02, 6.750E-05, 6.967E+01, 8.884E-03, 3.375E-01
05/12/2019,10:00,9,2.294,2.794,5.957,.811,.176, 9.941E+02, 8.295E+01, 5.697E-05, 3.459E-02, 1.678E+01, 2.863E+01, 8.096E+01, 1.261E+01,-6.902E+01, 1.004E+01, 7.296E+00, 1.104E+00, 4.278E-01, 1.070E-01, 1.000E+00, 4.646E-01, 9.642E-01, 1.000E-02, 1.000E+00, 1.000E+00, 4.646E-03, 2.911E-05, 6.041E-05, 0.000E+00, 3.986E+01, 1.598E+01, 1.429E-02, 9.159E-05, 6.955E+01, 8.974E-03, 3.737E-01
05/12/2019,11:00,9,2.294,2.794,6.062,.779,.208, 9.933E+02, 8.263E+01, 5.697E-05, 3.255E-02, 1.871E+01, 2.982E+01, 8.612E+01, 1.320E+01,-6.902E+01, 1.004E+01, 7.469E+00, 1.104E+00, 4.380E-01, 1.118E-01, 1.000E+00, 4.806E-01, 9.711E-01, 1.000E-02, 1.000E+00, 1.000E+00, 4.806E-03, 3.013E-05, 6.087E-05, 0.000E+00, 3.893E+01, 1.561E+01, 1.429E-02, 9.478E-05, 6.954E+01, 9.054E-03, 3.305E-01
05/12/2019,12:00,9,2.294,2.794,6.168,.747,.240, 9.925E+02, 8.412E+01, 5.697E-05, 3.052E-02, 3.584E+00, 1.941E+01, 2.562E+01, 8.135E+00,-1.117E+02, 8.887E+00, 7.643E+00, 1.163E+00, 4.460E-01, 8.934E-02, 1.000E+00, 3.172E-01, 6.514E-01, 1.000E-02, 1.000E+00, 1.000E+00, 3.172E-03, 1.989E-05, 4.084E-05, 0.000E+00, 3.842E+01, 1.533E+01, 1.429E-02, 6.257E-05, 6.969E+01, 9.101E-03, 3.226E-01
05/12/2019,13:00,9,2.294,2.794,5.875,.748,.234, 9.917E+02, 8.730E+01, 5.697E-05, 3.001E-02, 2.076E-01, 7.697E+00, 5.361E+00, 3.160E+00,-1.117E+02, 8.887E+00, 7.781E+00, 1.163E+00, 4.541E-01, 4.111E-02, 1.000E+00, 1.250E-01, 1.979E-01, 1.000E-02, 1.000E+00, 1.000E+00, 1.250E-03, 7.830E-06, 1.240E-05, 0.000E+00, 3.774E+01, 1.505E+01, 1.429E-02, 2.463E-05, 6.988E+01, 9.145E-03, 2.844E-01
05/12/2019,14:00,9,2.294,2.794,5.583,.749,.228, 9.910E+02, 9.195E+01, 5.697E-05, 2.950E-02, 0.000E+00, 0.000E+00, 0.000E+00, 0.000E+00,-1.117E+02, 8.887E+00, 7.926E+00, 1.163E+00, 4.625E-01,-9.990E+02, 1.000E+00,-9.990E+02, 0.000E+00, 0.000E+00, 0.000E+00, 1.000E+00, 0.000E+00, 0.000E+00, 0.000E+00, 0.000E+00, 3.705E+01, 1.478E+01, 1.429E-02, 0.000E+00, 7.000E+01, 9.195E-03, 3.105E-01
05/12/2019,15:00,9,2.294,2.794,5.290,.751,.222, 9.902E+02, 9.778E+01, 5.697E-05, 2.899E-02, 0.000E+00, 0.000E+00, 0.000E+00, 0.000E+00,-1.043E+02, 4.803E+00, 8.075E+00, 1.204E+00, 4.725E-01,-9.990E+02, 1.000E+00,-9.990E+02, 0.000E+00, 0.000E+00, 0.000E+00, 1.000E+00, 0.000E+00, 0.000E+00, 0.000E+00, 0.000E+00, 3.616E+01, 1.446E+01, 1.429E-02, 0.000E+00, 7.000E+01, 9.266E-03, 3.281E-01
05/12/2019,16:00,9,2.294,2.794,5.344,.754,.220, 9.897E+02, 1.045E+02, 5.697E-05, 2.772E-02, 0.000E+00, 0.000E+00, 0.000E+00, 0.000E+00,-1.043E+02, 4.803E+00, 8.070E+00, 1.205E+00, 4.722E-01,-9.990E+02, 1.000E+00,-9.990E+02, 0.000E+00, 0.000E+00, 0.000E+00, 1.000E+00, 0.000E+00, 0.000E+00, 0.000E+00, 0.000E+00, 3.619E+01, 1.447E+01, 1.429E-02, 0.000E+00, 7.000E+01, 9.264E-03, 3.038E-01
05/12/2019,17:00,9,2.294,2.794,5.398,.756,.219, 9.893E+02, 1.117E+02, 5.697E-05, 2.645E-02, 0.000E+00, 0.000E+00, 0.000E+00, 0.000E+00,-1.043E+02, 4.803E+00, 8.069E+00, 1.205E+00, 4.722E-01,-9.990E+02, 1.000E+00,-9.990E+02, 0.000E+00, 0.000E+00, 0.000E+00, 1.000E+00, 0.000E+00, 0.000E+00, 0.000E+00, 0.000E+00, 3.619E+01, 1.448E+01, 1.429E-02, 0.000E+00, 7.000E+01, 9.263E-03, 2.716E-01
05/12/2019,18:00,9,2.294,2.794,5.452,.759,.217, 9.888E+02, 1.192E+02, 5.697E-05, 2.518E-02, 0.000E+00, 0.000E+00, 0.000E+00, 0.000E+00,-9.232E+01, 3.648E+00, 8.072E+00, 1.164E+00, 4.725E-01,-9.990E+02, 1.000E+00,-9.990E+02, 0.000E+00, 0.000E+00, 0.000E+00, 1.000E+00, 0.000E+00, 0.000E+00, 0.000E+00, 0.000E+00, 3.616E+01, 1.447E+01, 1.429E-02, 0.000E+00, 7.000E+01, 9.266E-03, 2.501E-01
05/12/2019,19:00,9,2.294,2.794,5.679,.761,.219, 9.886E+02, 1.265E+02, 5.697E-05, 2.391E-02, 0.000E+00, 0.000E+00, 0.000E+00, 0.000E+00,-9.232E+01, 3.648E+00, 7.806E+00, 1.165E+00, 4.570E-01,-9.990E+02, 1.000E+00,-9.990E+02, 0.000E+00, 0.000E+00, 0.000E+00, 1.000E+00, 0.000E+00, 0.000E+00, 0.000E+00, 0.000E+00, 3.739E+01, 1.496E+01, 1.429E-02, 0.000E+00, 7.000E+01, 9.156E-03, 2.289E-01
05/12/2019,20:00,9,2.294,2.794,5.907,.762,.221, 9.884E+02, 1.332E+02, 5.697E-05, 2.264E-02, 0.000E+00, 0.000E+00, 0.000E+00, 0.000E+00,-9.232E+01, 3.648E+00, 7.541E+00, 1.165E+00, 4.414E-01,-9.990E+02, 1.000E+00,-9.990E+02, 0.000E+00, 0.000E+00, 0.000E+00, 1.000E+00, 0.000E+00, 0.000E+00, 0.000E+00, 0.000E+00, 3.870E+01, 1.549E+01, 1.429E-02, 0.000E+00, 7.000E+01, 9.042E-03, 2.119E-01
05/12/2019,21:00,9,2.294,2.794,6.135,.764,.223, 9.883E+02, 1.385E+02, 5.697E-05, 2.136E-02, 0.000E+00, 0.000E+00, 0.000E+00, 0.000E+00,-6.050E+01, 2.267E+00, 7.275E+00, 9.754E-01, 4.251E-01,-9.990E+02, 1.000E+00,-9.990E+02, 0.000E+00, 0.000E+00, 0.000E+00, 1.000E+00, 0.000E+00, 0.000E+00, 0.000E+00, 0.000E+00, 4.025E+01, 1.608E+01, 1.429E-02, 0.000E+00, 7.000E+01, 8.916E-03, 1.976E-01
05/12/2019,22:00,9,2.294,2.794,6.116,.769,.218, 9.879E+02, 1.418E+02, 5.697E-05, 2.009E-02, 0.000E+00, 0.000E+00, 0.000E+00, 0.000E+00,-6.050E+01, 2.267E+00, 6.874E+00, 9.756E-01, 4.017E-01,-9.990E+02, 1.000E+00,-9.990E+02, 0.000E+00, 0.000E+00, 0.000E+00, 1.000E+00, 0.000E+00, 0.000E+00, 0.000E+00, 0.000E+00, 4.260E+01, 1.702E+01, 1.429E-02, 0.000E+00, 7.000E+01, 8.725E-03, 1.831E-01
05/12/2019,23:00,9,2.294,2.794,6.097,.774,.213, 9.875E+02, 1.423E+02, 5.697E-05, 1.882E-02, 0.000E+00, 0.000E+00, 0.000E+00, 0.000E+00,-6.050E+01, 2.267E+00, 6.477E+00, 9.758E-01, 3.785E-01,-9.990E+02, 1.000E+00,-9.990E+02, 0.000E+00, 0.000E+00, 0.000E+00, 1.000E+00, 0.000E+00, 0.000E+00, 0.000E+00, 0.000E+00, 4.521E+01, 1.806E+01, 1.429E-02, 0.000E+00, 7.000E+01, 8.521E-03, 1.795E-01
06/12/2019,00:00,9,2.283,2.783,6.078,.779,.208, 9.871E+02, 1.400E+02, 2.306E-01, 1.755E-02, 0.000E+00, 0.000E+00, 0.000E+00, 0.000E+00,-5.571E+01, 1.791E+01, 6.083E+00, 8.439E-01, 3.530E-01,-9.990E+02, 1.000E+00,-9.990E+02, 0.000E+00, 0.000E+00, 0.000E+00, 1.000E+00, 0.000E+00, 0.000E+00, 0.000E+00, 0.000E+00, 4.880E+01, 1.936E+01, 1.429E-02, 0.000E+00, 7.000E+01, 8.278E-03, 1.775E-01
06/12/2019,01:00,9,2.283,2.783,5.632,.826,.159, 9.857E+02, 1.353E+02, 2.306E-01, 1.628E-02, 0.000E+00, 0.000E+00, 0.000E+00, 0.000E+00,-5.571E+01, 1.791E+01, 5.781E+00, 8.438E-01, 3.355E-01,-9.990E+02, 1.000E+00,-9.990E+02, 0.000E+00, 0.000E+00, 0.000E+00, 1.000E+00, 0.000E+00, 0.000E+00, 0.000E+00, 0.000E+00, 5.135E+01, 2.037E+01, 1.429E-02, 0.000E+00, 7.000E+01, 8.100E-03, 1.801E-01
06/12/2019,02:00,9,2.283,2.783,5.185,.874,.112, 9.844E+02, 1.291E+02, 2.306E-01, 1.501E-02, 0.000E+00, 0.000E+00, 0.000E+00, 0.000E+00,-5.571E+01, 1.791E+01, 5.540E+00, 8.437E-01, 3.215E-01,-9.990E+02, 1.000E+00,-9.990E+02, 0.000E+00, 0.000E+00, 0.000E+00, 1.000E+00, 0.000E+00, 0.000E+00, 0.000E+00, 0.000E+00, 5.359E+01, 2.126E+01, 1.429E-02, 0.000E+00, 7.000E+01, 7.950E-03, 1.872E-01
06/12/2019,03:00,9,2.283,2.783,4.739,.921,.068, 9.831E+02, 1.219E+02, 1.036E+00, 1.373E-02, 0.000E+00, 0.000E+00, 0.000E+00, 0.000E+00,-5.017E+01, 3.202E+01, 5.367E+00, 7.264E-01, 3.086E-01,-9.990E+02, 1.000E+00,-9.990E+02, 0.000E+00, 0.000E+00, 0.000E+00, 1.000E+00, 0.000E+00, 0.000E+00, 0.000E+00, 0.000E+00, 5.636E+01, 2.215E+01, 1.581E-02, 0.000E+00, 6.323E+01, 8.238E-03, 1.610E-01
06/12/2019,04:00,9,2.283,2.783,4.520,.946,.046, 9.820E+02, 1.145E+02, 1.036E+00, 1.323E-02, 0.000E+00, 0.000E+00, 0.000E+00, 0.000E+00,-5.017E+01, 3.202E+01, 5.074E+00, 7.265E-01, 2.917E-01,-9.990E+02, 1.000E+00,-9.990E+02, 0.000E+00, 0.000E+00, 0.000E+00, 1.000E+00, 0.000E+00, 0.000E+00, 0.000E+00, 0.000E+00, 5.962E+01, 2.343E+01, 1.821E-02, 0.000E+00, 5.491E+01, 8.589E-03, 1.487E-01
06/12/2019,05:00,9,2.283,2.783,4.302,.971,.024, 9.810E+02, 1.071E+02, 1.036E+00, 1.272E-02, 0.000E+00, 0.000E+00, 0.000E+00, 0.000E+00,-5.017E+01, 3.202E+01, 4.803E+00, 7.266E-01, 2.762E-01,-9.990E+02, 1.000E+00,-9.990E+02, 0.000E+00, 0.000E+00, 0.000E+00, 1.000E+00, 0.000E+00, 0.000E+00, 0.000E+00, 0.000E+00, 6.298E+01, 2.475E+01, 2.183E-02, 0.000E+00, 4.582E+01, 9.024E-03, 1.516E-01
06/12/2019,06:00,9,2.283,2.783,4.083,.996,.003, 9.800E+02, 1.002E+02, 6.025E-01, 1.221E-02, 0.000E+00, 0.000E+00, 0.000E+00, 0.000E+00,-3.274E+01, 1.434E+01, 4.558E+00, 5.346E-01, 2.568E-01,-9.990E+02, 1.000E+00,-9.990E+02, 0.000E+00, 0.000E+00, 0.000E+00, 1.000E+00, 0.000E+00, 0.000E+00, 0.000E+00, 0.000E+00, 6.911E+01, 2.661E+01, 3.007E-02, 0.000E+00, 3.326E+01, 9.683E-03, 8.267E-02
06/12/2019,07:00,9,2.283,2.783,4.372,.990,.008, 9.798E+02, 9.402E+01, 6.025E-01, 1.144E-02, 0.000E+00, 0.000E+00, 0.000E+00, 0.000E+00,-3.274E+01, 1.434E+01, 4.090E+00, 5.350E-01, 2.305E-01,-9.990E+02, 1.000E+00,-9.990E+02, 0.000E+00, 0.000E+00, 0.000E+00, 1.000E+00, 0.000E+00, 0.000E+00, 0.000E+00, 0.000E+00, 7.700E+01, 2.966E+01, 2.687E-02, 0.000E+00, 3.722E+01, 8.678E-03, 1.756E-01
06/12/2019,08:00,9,2.283,2.783,4.660,.984,.013, 9.796E+02, 8.892E+01, 6.025E-01, 1.068E-02, 4.427E-05, 1.575E+00, 6.471E-01, 6.459E-01,-3.274E+01, 1.434E+01, 3.736E+00, 5.353E-01, 2.106E-01, 1.655E-02, 1.000E+00, 2.622E-02, 2.626E-02, 1.000E-02, 1.000E+00, 1.000E+00, 2.622E-04, 1.635E-06, 1.638E-06, 0.000E+00, 8.428E+01, 3.246E+01, 2.662E-02, 5.119E-06, 3.755E+01, 8.133E-03, 1.627E-01
06/12/2019,09:00,9,2.283,2.783,4.948,.979,.019, 9.794E+02, 8.519E+01, 2.449E-03, 9.919E-03, 5.924E+00, 1.977E+01, 4.374E+01, 8.441E+00,-2.992E+01, 1.357E+01, 3.531E+00, 5.001E-01, 1.977E-01, 7.352E-02, 1.000E+00, 3.331E-01, 8.345E-01, 1.000E-02, 1.000E+00, 1.000E+00, 3.331E-03, 2.080E-05, 5.210E-05, 0.000E+00, 9.030E+01, 3.457E+01, 2.588E-02, 6.511E-05, 3.854E+01, 7.720E-03, 1.570E-01
06/12/2019,10:00,9,2.283,2.783,4.887,.977,.020, 9.801E+02, 8.308E+01, 2.449E-03, 9.664E-03, 1.625E+01, 2.790E+01, 7.971E+01, 1.232E+01,-2.992E+01, 1.357E+01, 3.639E+00, 4.999E-01, 2.038E-01, 1.056E-01, 1.000E+00, 4.572E-01, 9.623E-01, 1.000E-02, 1.000E+00, 1.000E+00, 4.572E-03, 2.854E-05, 6.006E-05, 0.000E+00, 8.763E+01, 3.354E+01, 2.654E-02, 8.936E-05, 3.755E+01, 7.946E-03, 1.687E-01
06/12/2019,11:00,9,2.283,2.783,4.826,.976,.021, 9.807E+02, 8.274E+01, 2.449E-03, 9.410E-03, 1.820E+01, 2.913E+01, 8.496E+01, 1.293E+01,-2.992E+01, 1.357E+01, 3.828E+00, 4.997E-01, 2.144E-01, 1.106E-01, 1.000E+00, 4.741E-01, 9.696E-01, 1.000E-02, 1.000E+00, 1.000E+00, 4.741E-03, 2.958E-05, 6.051E-05, 0.000E+00, 8.330E+01, 3.189E+01, 2.462E-02, 9.262E-05, 4.046E+01, 8.039E-03, 1.851E-01
06/12/2019,12:00,9,2.283,2.783,4.765,.975,.022, 9.814E+02, 8.422E+01, 2.777E-03, 9.156E-03, 1.904E+00, 1.621E+01, 1.620E+01, 6.754E+00,-4.006E+01, 1.512E+01, 4.088E+00, 5.930E-01, 2.316E-01, 8.829E-02, 1.000E+00, 2.641E-01, 4.863E-01, 1.000E-02, 1.000E+00, 1.000E+00, 2.641E-03, 1.648E-05, 3.034E-05, 0.000E+00, 7.624E+01, 2.952E+01, 2.396E-02, 5.159E-05, 4.165E+01, 8.385E-03, 1.886E-01
06/12/2019,13:00,9,2.283,2.783,4.485,.968,.027, 9.823E+02, 8.738E+01, 2.777E-03, 9.664E-03, 1.009E-01, 6.028E+00, 3.582E+00, 2.479E+00,-4.006E+01, 1.512E+01, 4.098E+00, 5.924E-01, 2.321E-01, 4.004E-02, 1.000E+00, 9.852E-02, 1.370E-01, 1.000E-02, 1.000E+00, 1.000E+00, 9.852E-04, 6.140E-06, 8.538E-06, 0.000E+00, 7.607E+01, 2.945E+01, 2.154E-02, 1.923E-05, 4.639E+01, 8.076E-03, 2.135E-01
06/12/2019,14:00,9,2.283,2.783,4.205,.961,.032, 9.833E+02, 9.202E+01, 2.777E-03, 1.017E-02, 0.000E+00, 0.000E+00, 0.000E+00, 0.000E+00,-4.006E+01, 1.512E+01, 4.110E+00, 5.918E-01, 2.328E-01,-9.990E+02, 1.000E+00,-9.990E+02, 0.000E+00, 0.000E+00, 0.000E+00, 1.000E+00, 0.000E+00, 0.000E+00, 0.000E+00, 0.000E+00, 7.586E+01, 2.937E+01, 2.111E-02, 0.000E+00, 4.737E+01, 8.027E-03, 1.729E-01
06/12/2019,15:00,9,2.283,2.783,3.924,.954,.037, 9.842E+02, 9.784E+01, 3.458E-06, 1.068E-02, 0.000E+00, 0.000E+00, 0.000E+00, 0.000E+00,-3.781E+01, 4.394E+00, 4.125E+00, 4.463E-01, 2.213E-01,-9.990E+02, 1.000E+00,-9.990E+02, 0.000E+00, 0.000E+00, 0.000E+00, 1.000E+00, 0.000E+00, 0.000E+00, 0.000E+00, 0.000E+00, 8.423E+01, 3.089E+01, 1.926E-02, 0.000E+00, 5.192E+01, 7.488E-03, 1.986E-01
06/12/2019,16:00,9,2.283,2.783,3.201,.962,.029, 9.848E+02, 1.045E+02, 3.458E-06, 1.043E-02, 0.000E+00, 0.000E+00, 0.000E+00, 0.000E+00,-3.781E+01, 4.394E+00, 3.701E+00, 4.456E-01, 1.985E-01,-9.990E+02, 1.000E+00,-9.990E+02, 0.000E+00, 0.000E+00, 0.000E+00, 1.000E+00, 0.000E+00, 0.000E+00, 0.000E+00, 0.000E+00, 9.394E+01, 3.444E+01, 2.190E-02, 0.000E+00, 4.566E+01, 7.317E-03, 1.570E-01
06/12/2019,17:00,9,2.283,2.783,2.477,.971,.021, 9.853E+02, 1.118E+02, 3.458E-06, 1.017E-02, 0.000E+00, 0.000E+00, 0.000E+00, 0.000E+00,-3.781E+01, 4.394E+00, 3.330E+00, 4.449E-01, 1.785E-01,-9.990E+02, 1.000E+00,-9.990E+02, 0.000E+00, 0.000E+00, 0.000E+00, 1.000E+00, 0.000E+00, 0.000E+00, 0.000E+00, 0.000E+00, 1.045E+02, 3.829E+01, 2.572E-02, 0.000E+00, 3.888E+01, 7.139E-03, 1.597E-01
06/12/2019,18:00,9,2.283,2.783,1.754,.979,.015, 9.859E+02, 1.193E+02, 3.458E-06, 9.919E-03, 0.000E+00, 0.000E+00, 0.000E+00, 0.000E+00,-2.257E+01,-7.136E+00, 3.030E+00, 2.557E-01, 1.344E-01,-9.990E+02, 1.000E+00,-9.990E+02, 0.000E+00, 0.000E+00, 0.000E+00, 1.000E+00, 0.000E+00, 0.000E+00, 0.000E+00, 0.000E+00, 1.678E+02, 5.087E+01, 3.010E-02, 0.000E+00, 3.323E+01, 5.870E-03, 1.225E-01
06/12/2019,19:00,9,2.283,2.783,1.680,.980,.014, 9.858E+02, 1.266E+02, 3.458E-06, 9.919E-03, 0.000E+00, 0.000E+00, 0.000E+00, 0.000E+00,-2.257E+01,-7.136E+00, 2.700E+00, 2.556E-01, 1.197E-01,-9.990E+02, 1.000E+00,-9.990E+02, 0.000E+00, 0.000E+00, 0.000E+00, 1.000E+00, 0.000E+00, 0.000E+00, 0.000E+00, 0.000E+00, 1.884E+02, 5.711E+01, 3.763E-02, 0.000E+00, 2.657E+01, 5.539E-03, 1.185E-01
06/12/2019,20:00,9,2.283,2.783,1.606,.982,.012, 9.857E+02, 1.332E+02, 3.458E-06, 9.919E-03, 0.000E+00, 0.000E+00, 0.000E+00, 0.000E+00,-2.257E+01,-7.136E+00, 2.403E+00, 2.556E-01, 1.066E-01,-9.990E+02, 1.000E+00,-9.990E+02, 0.000E+00, 0.000E+00, 0.000E+00, 1.000E+00, 0.000E+00, 0.000E+00, 0.000E+00, 0.000E+00, 2.117E+02, 6.415E+01, 4.318E-02, 0.000E+00, 2.316E+01, 5.099E-03, 1.088E-01
06/12/2019,21:00,9,2.283,2.783,1.533,.983,.011, 9.855E+02, 1.386E+02, 3.446E-01, 9.919E-03, 0.000E+00, 0.000E+00, 0.000E+00, 0.000E+00,-6.624E+00,-1.901E+00, 2.156E+00, 1.364E-01, 1.000E-01,-9.990E+02, 1.000E+00,-9.990E+02, 0.000E+00, 0.000E+00, 0.000E+00, 1.000E+00, 0.000E+00, 0.000E+00, 0.000E+00, 0.000E+00, 2.789E+02, 6.835E+01, 4.318E-02, 0.000E+00, 2.316E+01, 4.709E-03, 1.112E-01
06/12/2019,22:00,9,2.283,2.783,2.110,.989,.008, 9.848E+02, 1.419E+02, 3.446E-01, 1.017E-02, 0.000E+00, 0.000E+00, 0.000E+00, 0.000E+00,-6.624E+00,-1.901E+00, 1.536E+00, 1.366E-01, 1.000E-01,-9.990E+02, 1.000E+00,-9.990E+02, 0.000E+00, 0.000E+00, 0.000E+00, 1.000E+00, 0.000E+00, 0.000E+00, 0.000E+00, 0.000E+00, 2.785E+02, 6.835E+01, 4.074E-02, 0.000E+00, 2.454E+01, 4.679E-03, 1.516E-01
06/12/2019,23:00,9,2.283,2.783,2.686,.994,.004, 9.841E+02, 1.425E+02, 3.446E-01, 1.043E-02, 0.000E+00, 0.000E+00, 0.000E+00, 0.000E+00,-6.624E+00,-1.901E+00, 1.389E+00, 1.368E-01, 1.000E-01,-9.990E+02, 1.000E+00,-9.990E+02, 0.000E+00, 0.000E+00, 0.000E+00, 1.000E+00, 0.000E+00, 0.000E+00, 0.000E+00, 0.000E+00, 2.781E+02, 6.835E+01, 3.868E-02, 0.000E+00, 2.585E+01, 4.651E-03, 1.776E-01
07/12/2019,00:00,9,2.272,2.772,3.263,1.000,.000, 9.833E+02, 1.401E+02, 1.002E+00, 1.068E-02, 0.000E+00, 0.000E+00, 0.000E+00, 0.000E+00,-3.608E+00,-7.395E-01, 1.833E+00, 1.345E-01, 1.000E-01,-9.990E+02, 1.000E+00,-9.990E+02, 0.000E+00, 0.000E+00, 0.000E+00, 1.000E+00, 0.000E+00, 0.000E+00, 0.000E+00, 0.000E+00, 2.312E+02, 6.835E+01, 3.183E-02, 0.000E+00, 3.142E+01, 4.625E-03, 2.715E-01
07/12/2019,01:00,9,2.272,2.772,3.413,1.000,.000, 9.827E+02, 1.355E+02, 1.002E+00, 8.393E-03, 0.000E+00, 0.000E+00, 0.000E+00, 0.000E+00,-3.608E+00,-7.395E-01, 1.568E+00, 1.346E-01, 1.000E-01,-9.990E+02, 1.000E+00,-9.990E+02, 0.000E+00, 0.000E+00, 0.000E+00, 1.000E+00, 0.000E+00, 0.000E+00, 0.000E+00, 0.000E+00, 2.312E+02, 6.835E+01, 3.825E-02, 0.000E+00, 2.614E+01, 4.741E-03, 2.193E-01
07/12/2019,02:00,9,2.272,2.772,3.563,1.000,.000, 9.820E+02, 1.292E+02, 1.002E+00, 6.104E-03, 0.000E+00, 0.000E+00, 0.000E+00, 0.000E+00,-3.608E+00,-7.395E-01, 1.534E+00, 1.347E-01, 1.000E-01,-9.990E+02, 1.000E+00,-9.990E+02, 0.000E+00, 0.000E+00, 0.000E+00, 1.000E+00, 0.000E+00, 0.000E+00, 0.000E+00, 0.000E+00, 2.311E+02, 6.835E+01, 4.299E-02, 0.000E+00, 2.326E+01, 4.807E-03, 2.101E-01
07/12/2019,03:00,9,2.272,2.772,3.713,1.000,.000, 9.813E+02, 1.221E+02, 8.728E-01, 3.815E-03, 0.000E+00, 0.000E+00, 0.000E+00, 0.000E+00,-2.629E+00, 3.588E+00, 1.747E+00, 2.743E-01, 1.005E-01,-9.990E+02, 1.000E+00,-9.990E+02, 0.000E+00, 0.000E+00, 0.000E+00, 1.000E+00, 0.000E+00, 0.000E+00, 0.000E+00, 0.000E+00, 1.729E+02, 6.801E+01, 5.284E-02, 0.000E+00, 1.892E+01, 5.064E-03, 2.090E-01
07/12/2019,04:00,9,2.272,2.772,3.553,1.000,.000, 9.806E+02, 1.146E+02, 8.728E-01, 3.815E-03, 0.000E+00, 0.000E+00, 0.000E+00, 0.000E+00,-2.629E+00, 3.588E+00, 1.873E+00, 2.743E-01, 1.077E-01,-9.990E+02, 1.000E+00,-9.990E+02, 0.000E+00, 0.000E+00, 0.000E+00, 1.000E+00, 0.000E+00, 0.000E+00, 0.000E+00, 0.000E+00, 1.613E+02, 6.344E+01, 4.700E-02, 0.000E+00, 2.128E+01, 5.324E-03, 1.942E-01
07/12/2019,05:00,9,2.272,2.772,3.394,1.000,.000, 9.799E+02, 1.073E+02, 8.728E-01, 3.815E-03, 0.000E+00, 0.000E+00, 0.000E+00, 0.000E+00,-2.629E+00, 3.588E+00, 2.021E+00, 2.743E-01, 1.163E-01,-9.990E+02, 1.000E+00,-9.990E+02, 0.000E+00, 0.000E+00, 0.000E+00, 1.000E+00, 0.000E+00, 0.000E+00, 0.000E+00, 0.000E+00, 1.495E+02, 5.878E+01, 5.126E-02, 0.000E+00, 1.951E+01, 5.752E-03, 1.643E-01
07/12/2019,06:00,9,2.272,2.772,3.234,1.000,.000, 9.792E+02, 1.003E+02, 1.004E+00, 3.815E-03, 0.000E+00, 0.000E+00, 0.000E+00, 0.000E+00,-3.591E-01, 1.541E+01, 2.187E+00, 4.592E-01, 1.298E-01,-9.990E+02, 1.000E+00,-9.990E+02, 0.000E+00, 0.000E+00, 0.000E+00, 1.000E+00, 0.000E+00, 0.000E+00, 0.000E+00, 0.000E+00, 1.299E+02, 5.267E+01, 5.213E-02, 0.000E+00, 1.918E+01, 6.366E-03, 1.652E-01
07/12/2019,07:00,9,2.272,2.772,2.614,1.000,.000, 9.794E+02, 9.416E+01, 1.004E+00, 4.324E-03, 0.000E+00, 0.000E+00, 0.000E+00, 0.000E+00,-3.591E-01, 1.541E+01, 2.435E+00, 4.586E-01, 1.445E-01,-9.990E+02, 1.000E+00,-9.990E+02, 0.000E+00, 0.000E+00, 0.000E+00, 1.000E+00, 0.000E+00, 0.000E+00, 0.000E+00, 0.000E+00, 1.166E+02, 4.731E+01, 5.821E-02, 0.000E+00, 1.718E+01, 7.089E-03, 1.420E-01
07/12/2019,08:00,9,2.272,2.772,1.994,1.000,.000, 9.795E+02, 8.905E+01, 1.004E+00, 4.832E-03, 3.925E-06, 1.091E+00, 0.000E+00, 0.000E+00,-3.591E-01, 1.541E+01, 3.033E+00, 4.580E-01, 1.799E-01,-9.990E+02, 1.000E+00,-9.990E+02, 0.000E+00, 0.000E+00, 0.000E+00, 1.000E+00, 0.000E+00, 0.000E+00, 0.000E+00, 0.000E+00, 9.366E+01, 3.799E+01, 5.728E-02, 0.000E+00, 1.746E+01, 8.552E-03, 1.351E-01
07/12/2019,09:00,9,2.272,2.772,1.374,.999,.000, 9.797E+02, 8.531E+01, 2.167E-01, 5.341E-03, 6.536E-01, 1.070E+01, 8.439E+00, 4.439E+00, 2.434E+00, 2.582E+01, 3.819E+00, 4.883E-01, 2.277E-01, 7.191E-02, 1.000E+00, 1.760E-01, 2.933E-01, 1.000E-02, 1.000E+00, 1.000E+00, 1.760E-03, 1.084E-05, 1.807E-05, 0.000E+00, 7.333E+01, 3.001E+01, 6.940E-02, 3.379E-05, 1.440E+01, 1.076E-02, 1.202E-01
07/12/2019,10:00,9,2.272,2.772,1.307,.990,.007, 9.801E+02, 8.319E+01, 2.167E-01, 5.850E-03, 1.872E+00, 1.791E+01, 1.537E+01, 7.471E+00, 2.434E+00, 2.582E+01, 3.453E+00, 4.882E-01, 2.059E-01, 1.043E-01, 1.000E+00, 2.858E-01, 4.685E-01, 1.000E-02, 1.000E+00, 1.000E+00, 2.858E-03, 1.761E-05, 2.887E-05, 0.000E+00, 8.109E+01, 3.319E+01, 6.649E-02, 5.487E-05, 1.503E+01, 9.817E-03, 1.052E-01
07/12/2019,11:00,9,2.272,2.772,1.239,.980,.013, 9.805E+02, 8.285E+01, 2.167E-01, 6.358E-03, 2.113E+00, 1.918E+01, 1.649E+01, 8.006E+00, 2.434E+00, 2.582E+01, 3.226E+00, 4.880E-01, 1.924E-01, 1.096E-01, 1.000E+00, 3.038E-01, 4.925E-01, 1.000E-02, 1.000E+00, 1.000E+00, 3.038E-03, 1.871E-05, 3.034E-05, 0.000E+00, 8.681E+01, 3.553E+01, 6.358E-02, 5.831E-05, 1.571E+01, 9.202E-03, 2.076E-01
07/12/2019,12:00,9,2.272,2.772,1.171,.970,.020, 9.809E+02, 8.431E+01, 5.127E-01, 6.867E-03, 1.965E-01, 8.943E+00, 4.680E+00, 3.690E+00, 3.583E-01, 1.845E+01, 3.167E+00, 4.494E-01, 1.882E-01, 8.733E-02, 1.000E+00, 1.438E-01, 1.751E-01, 1.000E-02, 1.000E+00, 1.000E+00, 1.438E-03, 8.856E-06, 1.078E-05, 0.000E+00, 8.930E+01, 3.631E+01, 4.170E-02, 2.759E-05, 2.396E+01, 8.402E-03, 1.540E-01
07/12/2019,13:00,9,2.272,2.772,1.040,.972,.018, 9.815E+02, 8.746E+01, 5.127E-01, 6.867E-03, 9.428E-03, 3.049E+00, 1.361E+00, 1.255E+00, 3.583E-01, 1.845E+01, 3.378E+00, 4.492E-01, 2.008E-01, 3.907E-02, 1.000E+00, 5.048E-02, 5.445E-02, 1.000E-02, 1.000E+00, 1.000E+00, 5.048E-04, 3.107E-06, 3.352E-06, 0.000E+00, 8.373E+01, 3.405E+01, 4.908E-02, 9.680E-06, 2.037E+01, 9.133E-03, 1.809E-01
07/12/2019,14:00,9,2.272,2.772,.909,.975,.017, 9.822E+02, 9.208E+01, 5.127E-01, 6.867E-03, 0.000E+00, 0.000E+00, 0.000E+00, 0.000E+00, 3.583E-01, 1.845E+01, 3.588E+00, 4.489E-01, 2.133E-01,-9.990E+02, 1.000E+00,-9.990E+02, 0.000E+00, 0.000E+00, 0.000E+00, 1.000E+00, 0.000E+00, 0.000E+00, 0.000E+00, 0.000E+00, 7.881E+01, 3.205E+01, 4.702E-02, 0.000E+00, 2.127E+01, 9.509E-03, 1.757E-01
07/12/2019,15:00,9,2.272,2.772,.779,.977,.015, 9.828E+02, 9.789E+01, 1.881E-01, 6.867E-03, 0.000E+00, 0.000E+00, 0.000E+00, 0.000E+00,-2.792E+01, 2.664E+01, 3.799E+00, 5.270E-01, 2.153E-01,-9.990E+02, 1.000E+00,-9.990E+02, 0.000E+00, 0.000E+00, 0.000E+00, 1.000E+00, 0.000E+00, 0.000E+00, 0.000E+00, 0.000E+00, 8.197E+01, 3.175E+01, 4.823E-02, 0.000E+00, 2.074E+01, 9.595E-03, 1.613E-01
07/12/2019,16:00,9,2.272,2.772,.416,.968,.020, 9.836E+02, 1.046E+02, 1.881E-01, 7.630E-03, 0.000E+00, 0.000E+00, 0.000E+00, 0.000E+00,-2.792E+01, 2.664E+01, 3.744E+00, 5.264E-01, 2.121E-01,-9.990E+02, 1.000E+00,-9.990E+02, 0.000E+00, 0.000E+00, 0.000E+00, 1.000E+00, 0.000E+00, 0.000E+00, 0.000E+00, 0.000E+00, 8.319E+01, 3.222E+01, 4.670E-02, 0.000E+00, 2.141E+01, 9.422E-03, 1.354E-01
07/12/2019,17:00,9,2.272,2.772,.053,.959,.025, 9.845E+02, 1.118E+02, 1.881E-01, 8.393E-03, 0.000E+00, 0.000E+00, 0.000E+00, 0.000E+00,-2.792E+01, 2.664E+01, 3.732E+00, 5.258E-01, 2.114E-01,-9.990E+02, 1.000E+00,-9.990E+02, 0.000E+00, 0.000E+00, 0.000E+00, 1.000E+00, 0.000E+00, 0.000E+00, 0.000E+00, 0.000E+00, 8.348E+01, 3.233E+01, 4.741E-02, 0.000E+00, 2.109E+01, 9.426E-03, 1.308E-01
07/12/2019,18:00,9,2.272,2.772,-.310,.950,.030, 9.854E+02, 1.193E+02, 0.000E+00, 9.156E-03, 0.000E+00, 0.000E+00, 0.000E+00, 0.000E+00,-5.027E+01, 1.256E+01, 3.764E+00, 5.032E-01, 2.034E-01,-9.990E+02, 1.000E+00,-9.990E+02, 0.000E+00, 0.000E+00, 0.000E+00, 1.000E+00, 0.000E+00, 0.000E+00, 0.000E+00, 0.000E+00, 9.100E+01, 3.361E+01, 7.665E-03, 0.000E+00, 1.305E+02, 4.561E-03, 1.562E-01
07/12/2019,19:00,9,2.272,2.772,-.728,.946,.031, 9.861E+02, 1.266E+02, 0.000E+00, 9.156E-03, 0.000E+00, 0.000E+00, 0.000E+00, 0.000E+00,-5.027E+01, 1.256E+01, 3.809E+00, 5.026E-01, 2.057E-01,-9.990E+02, 1.000E+00,-9.990E+02, 0.000E+00, 0.000E+00, 0.000E+00, 1.000E+00, 0.000E+00, 0.000E+00, 0.000E+00, 0.000E+00, 8.998E+01, 3.322E+01, 7.085E-03, 0.000E+00, 1.411E+02, 4.369E-03, 1.634E-01
07/12/2019,20:00,9,2.272,2.772,-1.146,.941,.033, 9.868E+02, 1.333E+02, 0.000E+00, 9.156E-03, 0.000E+00, 0.000E+00, 0.000E+00, 0.000E+00,-5.027E+01, 1.256E+01, 3.854E+00, 5.020E-01, 2.082E-01,-9.990E+02, 1.000E+00,-9.990E+02, 0.000E+00, 0.000E+00, 0.000E+00, 1.000E+00, 0.000E+00, 0.000E+00, 0.000E+00, 0.000E+00, 8.895E+01, 3.284E+01, 4.643E-03, 0.000E+00, 2.154E+02, 3.310E-03, 1.605E-01
07/12/2019,21:00,9,2.272,2.772,-1.564,.937,.034, 9.874E+02, 1.387E+02, 1.141E-04, 9.156E-03, 0.000E+00, 0.000E+00, 0.000E+00, 0.000E+00,-4.942E+01, 1.059E+01, 3.902E+00, 4.524E-01, 2.044E-01,-9.990E+02, 1.000E+00,-9.990E+02, 0.000E+00, 0.000E+00, 0.000E+00, 1.000E+00, 0.000E+00, 0.000E+00, 0.000E+00, 0.000E+00, 9.342E+01, 3.345E+01, 4.341E-03, 0.000E+00, 2.304E+02, 3.135E-03, 1.724E-01
07/12/2019,22:00,9,2.272,2.772,-1.827,.932,.036, 9.879E+02, 1.420E+02, 1.141E-04, 9.156E-03, 0.000E+00, 0.000E+00, 0.000E+00, 0.000E+00,-4.942E+01, 1.059E+01, 3.741E+00, 4.521E-01, 1.959E-01,-9.990E+02, 1.000E+00,-9.990E+02, 0.000E+00, 0.000E+00, 0.000E+00, 1.000E+00, 0.000E+00, 0.000E+00, 0.000E+00, 0.000E+00, 9.747E+01, 3.489E+01, 4.163E-03, 0.000E+00, 2.402E+02, 3.006E-03, 1.758E-01
07/12/2019,23:00,9,2.272,2.772,-2.090,.928,.038, 9.883E+02, 1.426E+02, 1.141E-04, 9.156E-03, 0.000E+00, 0.000E+00, 0.000E+00, 0.000E+00,-4.942E+01, 1.059E+01, 3.606E+00, 4.518E-01, 1.888E-01,-9.990E+02, 1.000E+00,-9.990E+02, 0.000E+00, 0.000E+00, 0.000E+00, 1.000E+00, 0.000E+00, 0.000E+00, 0.000E+00, 0.000E+00, 1.011E+02, 3.620E+01, 3.995E-03, 0.000E+00, 2.503E+02, 2.889E-03, 1.703E-01
08/12/2019,00:00,9,2.261,2.761,-2.352,.924,.039, 9.887E+02, 1.403E+02, 2.311E-04, 9.156E-03, 0.000E+00, 0.000E+00, 0.000E+00, 0.000E+00,-4.375E+01, 1.186E+01, 3.502E+00, 3.797E-01, 1.733E-01,-9.990E+02, 1.000E+00,-9.990E+02, 0.000E+00, 0.000E+00, 0.000E+00, 1.000E+00, 0.000E+00, 0.000E+00, 0.000E+00, 0.000E+00, 1.166E+02, 3.945E+01, 3.835E-03, 0.000E+00, 2.607E+02, 2.734E-03, 1.674E-01
08/12/2019,01:00,9,2.261,2.761,-2.657,.920,.040, 9.886E+02, 1.356E+02, 2.311E-04, 7.884E-03, 0.000E+00, 0.000E+00, 0.000E+00, 0.000E+00,-4.375E+01, 1.186E+01, 3.298E+00, 3.796E-01, 1.632E-01,-9.990E+02, 1.000E+00,-9.990E+02, 0.000E+00, 0.000E+00, 0.000E+00, 1.000E+00, 0.000E+00, 0.000E+00, 0.000E+00, 0.000E+00, 1.239E+02, 4.190E+01, 4.149E-03, 0.000E+00, 2.410E+02, 2.836E-03, 1.615E-01
08/12/2019,02:00,9,2.261,2.761,-2.962,.916,.041, 9.884E+02, 1.294E+02, 2.311E-04, 6.613E-03, 0.000E+00, 0.000E+00, 0.000E+00, 0.000E+00,-4.375E+01, 1.186E+01, 3.169E+00, 3.794E-01, 1.568E-01,-9.990E+02, 1.000E+00,-9.990E+02, 0.000E+00, 0.000E+00, 0.000E+00, 1.000E+00, 0.000E+00, 0.000E+00, 0.000E+00, 0.000E+00, 1.290E+02, 4.361E+01, 4.400E-03, 0.000E+00, 2.273E+02, 2.912E-03, 1.490E-01
08/12/2019,03:00,9,2.261,2.761,-3.268,.912,.042, 9.883E+02, 1.222E+02, 3.820E-05, 5.341E-03, 0.000E+00, 0.000E+00, 0.000E+00, 0.000E+00,-2.478E+01, 5.919E+00, 3.126E+00, 3.262E-01, 1.575E-01,-9.990E+02, 1.000E+00,-9.990E+02, 0.000E+00, 0.000E+00, 0.000E+00, 1.000E+00, 0.000E+00, 0.000E+00, 0.000E+00, 0.000E+00, 1.261E+02, 4.341E+01, 4.596E-03, 0.000E+00, 2.176E+02, 3.003E-03, 1.564E-01
08/12/2019,04:00,9,2.261,2.761,-3.376,.921,.038, 9.877E+02, 1.148E+02, 3.820E-05, 5.341E-03, 0.000E+00, 0.000E+00, 0.000E+00, 0.000E+00,-2.478E+01, 5.919E+00, 2.931E+00, 3.262E-01, 1.476E-01,-9.990E+02, 1.000E+00,-9.990E+02, 0.000E+00, 0.000E+00, 0.000E+00, 1.000E+00, 0.000E+00, 0.000E+00, 0.000E+00, 0.000E+00, 1.345E+02, 4.630E+01, 4.508E-03, 0.000E+00, 2.218E+02, 2.899E-03, 1.883E-01
08/12/2019,05:00,9,2.261,2.761,-3.485,.930,.033, 9.871E+02, 1.074E+02, 3.820E-05, 5.341E-03, 0.000E+00, 0.000E+00, 0.000E+00, 0.000E+00,-2.478E+01, 5.919E+00, 2.863E+00, 3.263E-01, 1.442E-01,-9.990E+02, 1.000E+00,-9.990E+02, 0.000E+00, 0.000E+00, 0.000E+00, 1.000E+00, 0.000E+00, 0.000E+00, 0.000E+00, 0.000E+00, 1.377E+02, 4.740E+01, 4.422E-03, 0.000E+00, 2.261E+02, 2.839E-03, 3.212E-01
08/12/2019,06:00,9,2.261,2.761,-3.593,.940,.028, 9.865E+02, 1.005E+02, 1.566E-02, 5.341E-03, 0.000E+00, 0.000E+00, 0.000E+00, 0.000E+00,-9.420E+00, 7.944E+00, 2.931E+00, 3.890E-01, 1.674E-01,-9.990E+02, 1.000E+00,-9.990E+02, 0.000E+00, 0.000E+00, 0.000E+00, 1.000E+00, 0.000E+00, 0.000E+00, 0.000E+00, 0.000E+00, 1.046E+02, 4.084E+01, 4.338E-03, 0.000E+00, 2.305E+02, 2.960E-03, 4.867E-01
08/12/2019,07:00,9,2.261,2.761,-2.836,.941,.029, 9.855E+02, 9.430E+01, 1.566E-02, 5.341E-03, 0.000E+00, 0.000E+00, 0.000E+00, 0.000E+00,-9.420E+00, 7.944E+00, 2.900E+00, 3.897E-01, 1.656E-01,-9.990E+02, 1.000E+00,-9.990E+02, 0.000E+00, 0.000E+00, 0.000E+00, 1.000E+00, 0.000E+00, 0.000E+00, 0.000E+00, 0.000E+00, 1.057E+02, 4.127E+01, 4.964E-03, 0.000E+00, 2.014E+02, 3.227E-03, 4.459E-01
08/12/2019,08:00,9,2.261,2.761,-2.079,.942,.031, 9.845E+02, 8.918E+01, 1.566E-02, 5.341E-03, 3.392E-07, 8.545E-01, 0.000E+00, 0.000E+00,-9.420E+00, 7.944E+00, 2.931E+00, 3.905E-01, 1.674E-01,-9.990E+02, 1.000E+00,-9.990E+02, 0.000E+00, 0.000E+00, 0.000E+00, 1.000E+00, 0.000E+00, 0.000E+00, 0.000E+00, 0.000E+00, 1.046E+02, 4.083E+01, 5.693E-03, 0.000E+00, 1.757E+02, 3.534E-03, 4.034E-01
08/12/2019,09:00,9,2.261,2.761,-1.321,.943,.032, 9.834E+02, 8.544E+01, 8.057E-01, 5.341E-03, 1.003E-01, 6.486E+00, 3.313E+00, 2.682E+00,-4.275E+00, 7.278E+00, 3.021E+00, 4.723E-01, 1.776E-01, 7.038E-02, 1.000E+00, 1.061E-01, 1.274E-01, 1.000E-02, 1.000E+00, 1.000E+00, 1.061E-03, 6.473E-06, 7.773E-06, 0.000E+00, 9.576E+01, 3.848E+01, 6.540E-03, 2.007E-05, 1.524E+02, 3.948E-03, 4.375E-01
08/12/2019,10:00,9,2.261,2.761,-.765,.949,.030, 9.810E+02, 8.330E+01, 8.057E-01, 9.410E-03, 3.022E-01, 1.135E+01, 5.995E+00, 4.699E+00,-4.275E+00, 7.278E+00, 3.050E+00, 4.734E-01, 1.793E-01, 1.031E-01, 1.000E+00, 1.802E-01, 2.185E-01, 1.000E-02, 1.000E+00, 1.000E+00, 1.802E-03, 1.102E-05, 1.336E-05, 0.000E+00, 9.484E+01, 3.811E+01, 6.960E-03, 3.416E-05, 1.430E+02, 4.118E-03, 3.103E-01
08/12/2019,11:00,9,2.261,2.761,-.208,.955,.027, 9.786E+02, 8.295E+01, 8.057E-01, 1.348E-02, 3.453E-01, 1.227E+01, 6.486E+00, 5.080E+00,-4.275E+00, 7.278E+00, 3.515E+00, 4.745E-01, 2.067E-01, 1.086E-01, 1.000E+00, 1.935E-01, 2.342E-01, 1.000E-02, 1.000E+00, 1.000E+00, 1.935E-03, 1.186E-05, 1.435E-05, 0.000E+00, 8.229E+01, 3.307E+01, 6.819E-03, 3.677E-05, 1.459E+02, 4.300E-03, 2.806E-01
08/12/2019,12:00,9,2.261,2.761,.348,.961,.025, 9.762E+02, 8.439E+01, 7.715E-01, 1.755E-02, 1.142E-01, 8.028E+00, 3.903E+00, 3.320E+00,-2.219E+01, 2.330E+00, 4.276E+00, 6.175E-01, 2.480E-01, 8.649E-02, 1.000E+00, 1.294E-01, 1.483E-01, 1.000E-02, 1.000E+00, 1.000E+00, 1.294E-03, 7.946E-06, 9.107E-06, 0.000E+00, 6.951E+01, 2.756E+01, 8.648E-03, 2.464E-05, 1.153E+02, 5.330E-03, 2.353E-01
08/12/2019,13:00,9,2.261,2.761,1.237,.966,.023, 9.739E+02, 8.752E+01, 7.715E-01, 1.780E-02, 5.090E-03, 2.691E+00, 1.170E+00, 1.111E+00,-2.219E+01, 2.330E+00, 4.196E+00, 6.192E-01, 2.434E-01, 3.821E-02, 1.000E+00, 4.474E-02, 4.697E-02, 1.000E-02, 1.000E+00, 1.000E+00, 4.474E-04, 2.756E-06, 2.893E-06, 0.000E+00, 7.082E+01, 2.808E+01, 1.429E-02, 8.546E-06, 6.996E+01, 6.962E-03, 2.286E-01
08/12/2019,14:00,9,2.261,2.761,2.126,.972,.020, 9.717E+02, 9.213E+01, 7.715E-01, 1.806E-02, 0.000E+00, 0.000E+00, 0.000E+00, 0.000E+00,-2.219E+01, 2.330E+00, 4.455E+00, 6.209E-01, 2.585E-01,-9.990E+02, 1.000E+00,-9.990E+02, 0.000E+00, 0.000E+00, 0.000E+00, 1.000E+00, 0.000E+00, 0.000E+00, 0.000E+00, 0.000E+00, 6.667E+01, 2.644E+01, 1.429E-02, 0.000E+00, 7.000E+01, 7.175E-03, 2.232E-01
08/12/2019,15:00,9,2.261,2.761,3.015,.977,.017, 9.694E+02, 9.793E+01, 2.313E-02, 1.831E-02, 0.000E+00, 0.000E+00, 0.000E+00, 0.000E+00,-9.373E+01, 1.431E+01, 5.003E+00, 9.271E-01, 2.885E-01,-9.990E+02, 1.000E+00,-9.990E+02, 0.000E+00, 0.000E+00, 0.000E+00, 1.000E+00, 0.000E+00, 0.000E+00, 0.000E+00, 0.000E+00, 6.013E+01, 2.370E+01, 1.429E-02, 0.000E+00, 7.000E+01, 7.564E-03, 1.854E-01
08/12/2019,16:00,9,2.261,2.761,3.995,.962,.031, 9.687E+02, 1.046E+02, 2.313E-02, 1.729E-02, 0.000E+00, 0.000E+00, 0.000E+00, 0.000E+00,-9.373E+01, 1.431E+01, 5.382E+00, 9.291E-01, 3.104E-01,-9.990E+02, 1.000E+00,-9.990E+02, 0.000E+00, 0.000E+00, 0.000E+00, 1.000E+00, 0.000E+00, 0.000E+00, 0.000E+00, 0.000E+00, 5.587E+01, 2.202E+01, 1.429E-02, 0.000E+00, 7.000E+01, 7.824E-03, 2.139E-01
08/12/2019,17:00,9,2.261,2.761,4.976,.947,.046, 9.680E+02, 1.118E+02, 2.313E-02, 1.628E-02, 0.000E+00, 0.000E+00, 0.000E+00, 0.000E+00,-9.373E+01, 1.431E+01, 6.213E+00, 9.311E-01, 3.583E-01,-9.990E+02, 1.000E+00,-9.990E+02, 0.000E+00, 0.000E+00, 0.000E+00, 1.000E+00, 0.000E+00, 0.000E+00, 0.000E+00, 0.000E+00, 4.839E+01, 1.908E+01, 1.429E-02, 0.000E+00, 7.000E+01, 8.328E-03, 2.318E-01
08/12/2019,18:00,9,2.261,2.761,5.956,.932,.063, 9.672E+02, 1.193E+02, 4.282E-03, 1.526E-02, 0.000E+00, 0.000E+00, 0.000E+00, 0.000E+00,-1.103E+02, 3.919E+01, 7.342E+00, 1.031E+00, 4.251E-01,-9.990E+02, 1.000E+00,-9.990E+02, 0.000E+00, 0.000E+00, 0.000E+00, 1.000E+00, 0.000E+00, 0.000E+00, 0.000E+00, 0.000E+00, 4.063E+01, 1.608E+01, 1.429E-02, 0.000E+00, 7.000E+01, 8.913E-03, 2.009E-01
08/12/2019,19:00,9,2.261,2.761,5.348,.916,.075, 9.675E+02, 1.266E+02, 4.282E-03, 1.450E-02, 0.000E+00, 0.000E+00, 0.000E+00, 0.000E+00,-1.103E+02, 3.919E+01, 7.169E+00, 1.030E+00, 4.150E-01,-9.990E+02, 1.000E+00,-9.990E+02, 0.000E+00, 0.000E+00, 0.000E+00, 1.000E+00, 0.000E+00, 0.000E+00, 0.000E+00, 0.000E+00, 4.162E+01, 1.647E+01, 1.438E-02, 0.000E+00, 6.955E+01, 8.867E-03, 2.050E-01
08/12/2019,20:00,9,2.261,2.761,4.740,.900,.086, 9.678E+02, 1.333E+02, 4.282E-03, 1.373E-02, 0.000E+00, 0.000E+00, 0.000E+00, 0.000E+00,-1.103E+02, 3.919E+01, 7.047E+00, 1.029E+00, 4.080E-01,-9.990E+02, 1.000E+00,-9.990E+02, 0.000E+00, 0.000E+00, 0.000E+00, 1.000E+00, 0.000E+00, 0.000E+00, 0.000E+00, 0.000E+00, 4.234E+01, 1.676E+01, 1.451E-02, 0.000E+00, 6.891E+01, 8.859E-03, 1.526E-01
08/12/2019,21:00,9,2.261,2.761,4.132,.883,.096, 9.681E+02, 1.387E+02, 3.820E-05, 1.297E-02, 0.000E+00, 0.000E+00, 0.000E+00, 0.000E+00,-1.069E+02, 1.384E+01, 6.980E+00, 1.004E+00, 4.036E-01,-9.990E+02, 1.000E+00,-9.990E+02, 0.000E+00, 0.000E+00, 0.000E+00, 1.000E+00, 0.000E+00, 0.000E+00, 0.000E+00, 0.000E+00, 4.284E+01, 1.693E+01, 1.462E-02, 0.000E+00, 6.842E+01, 8.860E-03, 1.186E-01
08/12/2019,22:00,9,2.261,2.761,4.045,.871,.105, 9.685E+02, 1.421E+02, 3.820E-05, 1.246E-02, 0.000E+00, 0.000E+00, 0.000E+00, 0.000E+00,-1.069E+02, 1.384E+01, 6.854E+00, 1.004E+00, 3.963E-01,-9.990E+02, 1.000E+00,-9.990E+02, 0.000E+00, 0.000E+00, 0.000E+00, 1.000E+00, 0.000E+00, 0.000E+00, 0.000E+00, 0.000E+00, 4.363E+01, 1.725E+01, 1.435E-02, 0.000E+00, 6.970E+01, 8.698E-03, 1.048E-01
08/12/2019,23:00,9,2.261,2.761,3.959,.858,.115, 9.690E+02, 1.427E+02, 3.820E-05, 1.195E-02, 0.000E+00, 0.000E+00, 0.000E+00, 0.000E+00,-1.069E+02, 1.384E+01, 6.735E+00, 1.004E+00, 3.895E-01,-9.990E+02, 1.000E+00,-9.990E+02, 0.000E+00, 0.000E+00, 0.000E+00, 1.000E+00, 0.000E+00, 0.000E+00, 0.000E+00, 0.000E+00, 4.440E+01, 1.755E+01, 1.364E-02, 0.000E+00, 7.329E+01, 8.379E-03, 9.896E-02
09/12/2019,00:00,9,2.250,2.750,3.873,.846,.124, 9.695E+02, 1.404E+02, 0.000E+00, 1.144E-02, 0.000E+00, 0.000E+00, 0.000E+00, 0.000E+00,-8.151E+01, 2.001E+01, 6.624E+00, 9.279E-01, 3.834E-01,-9.990E+02, 1.000E+00,-9.990E+02, 0.000E+00, 0.000E+00, 0.000E+00, 1.000E+00, 0.000E+00, 0.000E+00, 0.000E+00, 0.000E+00, 4.506E+01, 1.783E+01, 1.321E-02, 0.000E+00, 7.571E+01, 8.163E-03, 9.386E-02
09/12/2019,01:00,9,2.250,2.750,4.054,.850,.122, 9.699E+02, 1.357E+02, 0.000E+00, 1.068E-02, 0.000E+00, 0.000E+00, 0.000E+00, 0.000E+00,-8.151E+01, 2.001E+01, 6.405E+00, 9.280E-01, 3.708E-01,-9.990E+02, 1.000E+00,-9.990E+02, 0.000E+00, 0.000E+00, 0.000E+00, 1.000E+00, 0.000E+00, 0.000E+00, 0.000E+00, 0.000E+00, 4.659E+01, 1.844E+01, 1.335E-02, 0.000E+00, 7.493E+01, 8.110E-03, 8.922E-02
09/12/2019,02:00,9,2.250,2.750,4.236,.855,.120, 9.704E+02, 1.295E+02, 0.000E+00, 9.919E-03, 0.000E+00, 0.000E+00, 0.000E+00, 0.000E+00,-8.151E+01, 2.001E+01, 6.187E+00, 9.280E-01, 3.581E-01,-9.990E+02, 1.000E+00,-9.990E+02, 0.000E+00, 0.000E+00, 0.000E+00, 1.000E+00, 0.000E+00, 0.000E+00, 0.000E+00, 0.000E+00, 4.824E+01, 1.909E+01, 1.372E-02, 0.000E+00, 7.287E+01, 8.133E-03, 7.538E-02
09/12/2019,03:00,9,2.250,2.750,4.417,.859,.118, 9.708E+02, 1.224E+02, 7.838E-04, 9.156E-03, 0.000E+00, 0.000E+00, 0.000E+00, 0.000E+00,-5.021E+01, 7.828E+00, 5.968E+00, 8.544E-01, 3.473E-01,-9.990E+02, 1.000E+00,-9.990E+02, 0.000E+00, 0.000E+00, 0.000E+00, 1.000E+00, 0.000E+00, 0.000E+00, 0.000E+00, 0.000E+00, 4.947E+01, 1.968E+01, 1.481E-02, 0.000E+00, 6.752E+01, 8.393E-03, 5.653E-02
09/12/2019,04:00,9,2.250,2.750,4.588,.850,.127, 9.714E+02, 1.149E+02, 7.838E-04, 8.647E-03, 0.000E+00, 0.000E+00, 0.000E+00, 0.000E+00,-5.021E+01, 7.828E+00, 5.845E+00, 8.544E-01, 3.402E-01,-9.990E+02, 1.000E+00,-9.990E+02, 0.000E+00, 0.000E+00, 0.000E+00, 1.000E+00, 0.000E+00, 0.000E+00, 0.000E+00, 0.000E+00, 5.051E+01, 2.009E+01, 1.435E-02, 0.000E+00, 6.970E+01, 8.169E-03, 5.093E-02
09/12/2019,05:00,9,2.250,2.750,4.758,.840,.137, 9.720E+02, 1.076E+02, 7.838E-04, 8.139E-03, 0.000E+00, 0.000E+00, 0.000E+00, 0.000E+00,-5.021E+01, 7.828E+00, 5.726E+00, 8.544E-01, 3.332E-01,-9.990E+02, 1.000E+00,-9.990E+02, 0.000E+00, 0.000E+00, 0.000E+00, 1.000E+00, 0.000E+00, 0.000E+00, 0.000E+00, 0.000E+00, 5.157E+01, 2.051E+01, 1.334E-02, 0.000E+00, 7.496E+01, 7.766E-03, 6.077E-02
09/12/2019,06:00,9,2.250,2.750,4.929,.831,.147, 9.726E+02, 1.006E+02, 2.029E-02, 7.630E-03, 0.000E+00, 0.000E+00, 0.000E+00, 0.000E+00,-3.676E+01, 5.493E+00, 5.609E+00, 7.101E-01, 3.246E-01,-9.990E+02, 1.000E+00,-9.990E+02, 0.000E+00, 0.000E+00, 0.000E+00, 1.000E+00, 0.000E+00, 0.000E+00, 0.000E+00, 0.000E+00, 5.322E+01, 2.105E+01, 1.135E-02, 0.000E+00, 8.807E+01, 6.977E-03, 8.437E-02
09/12/2019,07:00,9,2.250,2.750,4.995,.834,.145, 9.737E+02, 9.443E+01, 2.029E-02, 7.376E-03, 0.000E+00, 0.000E+00, 0.000E+00, 0.000E+00,-3.676E+01, 5.493E+00, 5.088E+00, 7.097E-01, 2.945E-01,-9.990E+02, 1.000E+00,-9.990E+02, 0.000E+00, 0.000E+00, 0.000E+00, 1.000E+00, 0.000E+00, 0.000E+00, 0.000E+00, 0.000E+00, 5.867E+01, 2.321E+01, 1.092E-02, 0.000E+00, 9.155E+01, 6.559E-03, 1.083E-01
09/12/2019,08:00,9,2.250,2.750,5.061,.836,.143, 9.748E+02, 8.931E+01, 2.029E-02, 7.121E-03, 1.820E-07, 1.073E+00, 0.000E+00, 0.000E+00,-3.676E+01, 5.493E+00, 4.577E+00, 7.094E-01, 2.649E-01,-9.990E+02, 1.000E+00,-9.990E+02, 0.000E+00, 0.000E+00, 0.000E+00, 1.000E+00, 0.000E+00, 0.000E+00, 0.000E+00, 0.000E+00, 6.522E+01, 2.580E+01, 1.050E-02, 0.000E+00, 9.528E+01, 6.135E-03, 1.216E-01
09/12/2019,09:00,9,2.250,2.750,5.128,.839,.142, 9.759E+02, 8.555E+01, 4.944E-01, 6.867E-03, 3.540E+00, 1.655E+01, 2.987E+01, 7.052E+00,-4.337E+01, 2.778E+01, 4.079E+00, 5.323E-01, 2.258E-01, 6.895E-02, 1.000E+00, 2.832E-01, 7.073E-01, 1.000E-02, 1.000E+00, 1.000E+00, 2.832E-03, 1.769E-05, 4.418E-05, 0.000E+00, 8.003E+01, 3.028E+01, 1.007E-02, 5.458E-05, 9.873E+01, 5.602E-03, 1.349E-01
09/12/2019,10:00,9,2.250,2.750,4.669,.891,.093, 9.766E+02, 8.341E+01, 4.944E-01, 6.358E-03, 1.102E+01, 2.495E+01, 5.895E+01, 1.093E+01,-4.337E+01, 2.778E+01, 3.772E+00, 5.316E-01, 2.087E-01, 1.020E-01, 1.000E+00, 4.182E-01, 9.115E-01, 1.000E-02, 1.000E+00, 1.000E+00, 4.182E-03, 2.608E-05, 5.685E-05, 0.000E+00, 8.657E+01, 3.275E+01, 1.519E-02, 8.046E-05, 6.548E+01, 6.589E-03, 1.466E-01
09/12/2019,11:00,9,2.250,2.750,4.210,.943,.047, 9.774E+02, 8.304E+01, 4.944E-01, 5.850E-03, 1.263E+01, 2.641E+01, 6.371E+01, 1.162E+01,-4.337E+01, 2.778E+01, 3.470E+00, 5.310E-01, 1.920E-01, 1.078E-01, 1.000E+00, 4.388E-01, 9.272E-01, 1.000E-02, 1.000E+00, 1.000E+00, 4.388E-03, 2.732E-05, 5.773E-05, 0.000E+00, 9.412E+01, 3.560E+01, 2.457E-02, 8.431E-05, 4.055E+01, 7.443E-03, 1.563E-01
09/12/2019,12:00,9,2.250,2.750,3.751,.995,.004, 9.781E+02, 8.446E+01, 1.068E+00, 5.341E-03, 1.378E+00, 1.442E+01, 1.318E+01, 6.045E+00,-1.792E+01, 1.905E+01, 3.177E+00, 2.962E-01, 1.606E-01, 8.575E-02, 1.000E+00, 2.371E-01, 4.186E-01, 1.000E-02, 1.000E+00, 1.000E+00, 2.371E-03, 1.474E-05, 2.602E-05, 0.000E+00, 1.232E+02, 4.256E+01, 4.785E-02, 4.548E-05, 2.088E+01, 7.462E-03, 1.534E-01
09/12/2019,13:00,9,2.250,2.750,2.989,.991,.007, 9.794E+02, 8.758E+01, 1.068E+00, 3.815E-03, 5.502E-02, 5.132E+00, 2.780E+00, 2.128E+00,-1.792E+01, 1.905E+01, 1.832E+00, 2.956E-01, 1.000E-01, 3.746E-02, 1.000E+00, 8.470E-02, 1.081E-01, 1.000E-02, 1.000E+00, 1.000E+00, 8.470E-04, 5.250E-06, 6.699E-06, 0.000E+00, 1.979E+02, 6.835E+01, 5.357E-02, 1.620E-05, 1.866E+01, 4.991E-03, 1.436E-01
09/12/2019,14:00,9,2.250,2.750,2.228,.987,.009, 9.807E+02, 9.218E+01, 1.068E+00, 2.289E-03, 0.000E+00, 0.000E+00, 0.000E+00, 0.000E+00,-1.792E+01, 1.905E+01, 2.330E+00, 2.950E-01, 1.176E-01,-9.990E+02, 1.000E+00,-9.990E+02, 0.000E+00, 0.000E+00, 0.000E+00, 1.000E+00, 0.000E+00, 0.000E+00, 0.000E+00, 0.000E+00, 1.684E+02, 5.810E+01, 6.614E-02, 0.000E+00, 1.512E+01, 5.897E-03, 1.821E-01
09/12/2019,15:00,9,2.250,2.750,1.466,.984,.011, 9.820E+02, 9.797E+01, 9.438E-01, 7.630E-04, 0.000E+00, 0.000E+00, 0.000E+00, 0.000E+00,-1.286E+01, 3.929E+01, 4.040E+00, 6.215E-01, 2.367E-01,-9.990E+02, 1.000E+00,-9.990E+02, 0.000E+00, 0.000E+00, 0.000E+00, 1.000E+00, 0.000E+00, 0.000E+00, 0.000E+00, 0.000E+00, 7.209E+01, 2.888E+01, 9.563E-02, 0.000E+00, 1.046E+01, 1.161E-02, 2.407E-01
09/12/2019,16:00,9,2.250,2.750,.763,.969,.020, 9.836E+02, 1.046E+02, 9.438E-01, 5.087E-03, 0.000E+00, 0.000E+00, 0.000E+00, 0.000E+00,-1.286E+01, 3.929E+01, 4.090E+00, 6.202E-01, 2.396E-01,-9.990E+02, 1.000E+00,-9.990E+02, 0.000E+00, 0.000E+00, 0.000E+00, 1.000E+00, 0.000E+00, 0.000E+00, 0.000E+00, 0.000E+00, 7.121E+01, 2.852E+01, 5.313E-02, 0.000E+00, 1.882E+01, 1.068E-02, 1.813E-01
09/12/2019,17:00,9,2.250,2.750,.060,.954,.028, 9.852E+02, 1.119E+02, 9.438E-01, 9.410E-03, 0.000E+00, 0.000E+00, 0.000E+00, 0.000E+00,-1.286E+01, 3.929E+01, 4.153E+00, 6.189E-01, 2.433E-01,-9.990E+02, 1.000E+00,-9.990E+02, 0.000E+00, 0.000E+00, 0.000E+00, 1.000E+00, 0.000E+00, 0.000E+00, 0.000E+00, 0.000E+00, 7.014E+01, 2.809E+01, 4.174E-02, 0.000E+00, 2.396E+01, 1.025E-02, 1.373E-01
09/12/2019,18:00,9,2.250,2.750,-.643,.939,.036, 9.868E+02, 1.193E+02, 9.060E-01, 1.373E-02, 0.000E+00, 0.000E+00, 0.000E+00, 0.000E+00,-1.952E+01, 3.244E+01, 4.228E+00, 6.459E-01, 2.466E-01,-9.990E+02, 1.000E+00,-9.990E+02, 0.000E+00, 0.000E+00, 0.000E+00, 1.000E+00, 0.000E+00, 0.000E+00, 0.000E+00, 0.000E+00, 6.951E+01, 2.771E+01, 5.783E-03, 0.000E+00, 1.729E+02, 4.072E-03, 1.082E-01
09/12/2019,19:00,9,2.250,2.750,-.774,.914,.050, 9.884E+02, 1.267E+02, 9.060E-01, 1.831E-02, 0.000E+00, 0.000E+00, 0.000E+00, 0.000E+00,-1.952E+01, 3.244E+01, 4.257E+00, 6.452E-01, 2.483E-01,-9.990E+02, 1.000E+00,-9.990E+02, 0.000E+00, 0.000E+00, 0.000E+00, 1.000E+00, 0.000E+00, 0.000E+00, 0.000E+00, 0.000E+00, 6.904E+01, 2.752E+01, 5.150E-03, 0.000E+00, 1.942E+02, 3.754E-03, 8.656E-02
09/12/2019,20:00,9,2.250,2.750,-.905,.888,.064, 9.900E+02, 1.334E+02, 9.060E-01, 2.289E-02, 0.000E+00, 0.000E+00, 0.000E+00, 0.000E+00,-1.952E+01, 3.244E+01, 4.292E+00, 6.445E-01, 2.503E-01,-9.990E+02, 1.000E+00,-9.990E+02, 0.000E+00, 0.000E+00, 0.000E+00, 1.000E+00, 0.000E+00, 0.000E+00, 0.000E+00, 0.000E+00, 6.849E+01, 2.731E+01, 4.917E-03, 0.000E+00, 2.034E+02, 3.636E-03, 7.297E-02
09/12/2019,21:00,9,2.250,2.750,-1.037,.863,.078, 9.916E+02, 1.388E+02, 7.856E-02, 2.747E-02, 0.000E+00, 0.000E+00, 0.000E+00, 0.000E+00,-3.558E+01, 3.045E+01, 4.331E+00, 6.127E-01, 2.476E-01,-9.990E+02, 1.000E+00,-9.990E+02, 0.000E+00, 0.000E+00, 0.000E+00, 1.000E+00, 0.000E+00, 0.000E+00, 0.000E+00, 0.000E+00, 7.062E+01, 2.760E+01, 1.429E-03, 0.000E+00, 7.000E+02, 1.294E-03, 7.520E-02
09/12/2019,22:00,9,2.250,2.750,-1.199,.819,.102, 9.932E+02, 1.422E+02, 7.856E-02, 2.772E-02, 0.000E+00, 0.000E+00, 0.000E+00, 0.000E+00,-3.558E+01, 3.045E+01, 4.242E+00, 6.120E-01, 2.425E-01,-9.990E+02, 1.000E+00,-9.990E+02, 0.000E+00, 0.000E+00, 0.000E+00, 1.000E+00, 0.000E+00, 0.000E+00, 0.000E+00, 0.000E+00, 7.211E+01, 2.818E+01, 1.429E-03, 0.000E+00, 7.000E+02, 1.292E-03, 9.826E-02
09/12/2019,23:00,9,2.250,2.750,-1.362,.775,.125, 9.948E+02, 1.428E+02, 7.856E-02, 2.798E-02, 0.000E+00, 0.000E+00, 0.000E+00, 0.000E+00,-3.558E+01, 3.045E+01, 4.198E+00, 6.114E-01, 2.400E-01,-9.990E+02, 1.000E+00,-9.990E+02, 0.000E+00, 0.000E+00, 0.000E+00, 1.000E+00, 0.000E+00, 0.000E+00, 0.000E+00, 0.000E+00, 7.288E+01, 2.848E+01, 1.429E-03, 0.000E+00, 7.000E+02, 1.291E-03, 1.332E-01
10/12/2019,00:00,9,2.239,2.739,-1.524,.731,.147, 9.964E+02, 1.405E+02, 0.000E+00, 2.823E-02, 0.000E+00, 0.000E+00, 0.000E+00, 0.000E+00,-4.891E+01, 1.929E+01, 4.200E+00, 5.670E-01, 2.339E-01,-9.990E+02, 1.000E+00,-9.990E+02, 0.000E+00, 0.000E+00, 0.000E+00, 1.000E+00, 0.000E+00, 0.000E+00, 0.000E+00, 0.000E+00, 7.680E+01, 2.923E+01, 1.429E-03, 0.000E+00, 7.000E+02, 1.287E-03, 1.549E-01
10/12/2019,01:00,9,2.239,2.739,-2.131,.731,.141, 9.979E+02, 1.359E+02, 0.000E+00, 2.620E-02, 0.000E+00, 0.000E+00, 0.000E+00, 0.000E+00,-4.891E+01, 1.929E+01, 4.008E+00, 5.659E-01, 2.231E-01,-9.990E+02, 1.000E+00,-9.990E+02, 0.000E+00, 0.000E+00, 0.000E+00, 1.000E+00, 0.000E+00, 0.000E+00, 0.000E+00, 0.000E+00, 8.054E+01, 3.064E+01, 1.429E-03, 0.000E+00, 7.000E+02, 1.281E-03, 9.992E-02
10/12/2019,02:00,9,2.239,2.739,-2.738,.731,.135, 9.995E+02, 1.296E+02, 0.000E+00, 2.416E-02, 0.000E+00, 0.000E+00, 0.000E+00, 0.000E+00,-4.891E+01, 1.929E+01, 3.866E+00, 5.648E-01, 2.151E-01,-9.990E+02, 1.000E+00,-9.990E+02, 0.000E+00, 0.000E+00, 0.000E+00, 1.000E+00, 0.000E+00, 0.000E+00, 0.000E+00, 0.000E+00, 8.353E+01, 3.177E+01, 1.429E-03, 0.000E+00, 7.000E+02, 1.276E-03, 8.196E-02
10/12/2019,03:00,9,2.239,2.739,-3.345,.731,.129, 1.001E+03, 1.225E+02, 0.000E+00, 2.213E-02, 0.000E+00, 0.000E+00, 0.000E+00, 0.000E+00,-4.841E+01, 7.723E+00, 3.781E+00, 4.345E-01, 1.960E-01,-9.990E+02, 1.000E+00,-9.990E+02, 0.000E+00, 0.000E+00, 0.000E+00, 1.000E+00, 0.000E+00, 0.000E+00, 0.000E+00, 0.000E+00, 9.847E+01, 3.488E+01, 1.429E-03, 0.000E+00, 7.000E+02, 1.262E-03, 7.210E-02
10/12/2019,04:00,9,2.239,2.739,-3.601,.739,.122, 1.002E+03, 1.151E+02, 0.000E+00, 2.213E-02, 0.000E+00, 0.000E+00, 0.000E+00, 0.000E+00,-4.841E+01, 7.723E+00, 3.718E+00, 4.341E-01, 1.926E-01,-9.990E+02, 1.000E+00,-9.990E+02, 0.000E+00, 0.000E+00, 0.000E+00, 1.000E+00, 0.000E+00, 0.000E+00, 0.000E+00, 0.000E+00, 1.002E+02, 3.548E+01, 1.429E-03, 0.000E+00, 7.000E+02, 1.259E-03, 9.075E-02
10/12/2019,05:00,9,2.239,2.739,-3.856,.747,.116, 1.003E+03, 1.077E+02, 0.000E+00, 2.213E-02, 0.000E+00, 0.000E+00, 0.000E+00, 0.000E+00,-4.841E+01, 7.723E+00, 3.675E+00, 4.336E-01, 1.904E-01,-9.990E+02, 1.000E+00,-9.990E+02, 0.000E+00, 0.000E+00, 0.000E+00, 1.000E+00, 0.000E+00, 0.000E+00, 0.000E+00, 0.000E+00, 1.014E+02, 3.590E+01, 1.429E-03, 0.000E+00, 7.000E+02, 1.258E-03, 1.095E-01
10/12/2019,06:00,9,2.239,2.739,-4.112,.755,.110, 1.004E+03, 1.007E+02, 0.000E+00, 2.213E-02, 0.000E+00, 0.000E+00, 0.000E+00, 0.000E+00,-4.241E+01, 6.812E+00, 3.654E+00, 4.661E-01, 1.967E-01,-9.990E+02, 1.000E+00,-9.990E+02, 0.000E+00, 0.000E+00, 0.000E+00, 1.000E+00, 0.000E+00, 0.000E+00, 0.000E+00, 0.000E+00, 9.443E+01, 3.475E+01, 1.429E-03, 0.000E+00, 7.000E+02, 1.263E-03, 1.461E-01
10/12/2019,07:00,9,2.239,2.739,-3.985,.753,.113, 1.005E+03, 9.455E+01, 0.000E+00, 2.213E-02, 0.000E+00, 0.000E+00, 0.000E+00, 0.000E+00,-4.241E+01, 6.812E+00, 3.594E+00, 4.659E-01, 1.935E-01,-9.990E+02, 1.000E+00,-9.990E+02, 0.000E+00, 0.000E+00, 0.000E+00, 1.000E+00, 0.000E+00, 0.000E+00, 0.000E+00, 0.000E+00, 9.602E+01, 3.533E+01, 1.429E-03, 0.000E+00, 7.000E+02, 1.260E-03, 1.793E-01
10/12/2019,08:00,9,2.239,2.739,-3.859,.750,.115, 1.007E+03, 8.942E+01, 0.000E+00, 2.213E-02, 6.785E-08, 2.411E+00, 0.000E+00, 0.000E+00,-4.241E+01, 6.812E+00, 3.535E+00, 4.658E-01, 1.903E-01,-9.990E+02, 1.000E+00,-9.990E+02, 0.000E+00, 0.000E+00, 0.000E+00, 1.000E+00, 0.000E+00, 0.000E+00, 0.000E+00, 0.000E+00, 9.762E+01, 3.592E+01, 1.429E-03, 0.000E+00, 7.000E+02, 1.258E-03, 1.966E-01
10/12/2019,09:00,9,2.239,2.739,-3.732,.747,.117, 1.008E+03, 8.566E+01, 0.000E+00, 2.213E-02, 3.991E+00, 1.804E+01, 3.409E+01, 7.719E+00,-1.009E+01, 1.102E+01, 3.478E+00, 3.869E-01, 1.981E-01, 6.761E-02, 1.000E+00, 3.046E-01, 7.539E-01, 1.000E-02, 1.000E+00, 1.000E+00, 3.046E-03, 1.842E-05, 4.560E-05, 0.000E+00, 8.864E+01, 3.451E+01, 1.429E-03, 5.656E-05, 6.733E+02, 1.309E-03, 2.137E-01
10/12/2019,10:00,9,2.239,2.739,-3.373,.737,.125, 1.008E+03, 8.350E+01, 0.000E+00, 2.187E-02, 1.333E+01, 2.655E+01, 7.067E+01, 1.175E+01,-1.009E+01, 1.102E+01, 3.088E+00, 3.870E-01, 1.759E-01, 1.011E-01, 1.000E+00, 4.401E-01, 9.453E-01, 1.000E-02, 1.000E+00, 1.000E+00, 4.401E-03, 2.665E-05, 5.725E-05, 0.000E+00, 9.981E+01, 3.886E+01, 1.429E-03, 8.183E-05, 6.621E+02, 1.309E-03, 2.437E-01
10/12/2019,11:00,9,2.239,2.739,-3.015,.727,.134, 1.009E+03, 8.312E+01, 0.000E+00, 2.162E-02, 1.545E+01, 2.801E+01, 7.694E+01, 1.247E+01,-1.009E+01, 1.102E+01, 2.705E+00, 3.872E-01, 1.541E-01, 1.070E-01, 1.000E+00, 4.609E-01, 9.578E-01, 1.000E-02, 1.000E+00, 1.000E+00, 4.609E-03, 2.795E-05, 5.808E-05, 0.000E+00, 1.139E+02, 4.436E+01, 1.429E-03, 8.580E-05, 6.603E+02, 1.287E-03, 2.697E-01
10/12/2019,12:00,9,2.239,2.739,-2.656,.717,.142, 1.009E+03, 8.453E+01, 0.000E+00, 2.136E-02, 8.264E+00, 2.255E+01, 5.319E+01, 9.825E+00,-1.112E+01, 2.071E+00, 2.333E+00, 1.534E-01, 1.000E-01, 8.512E-02, 1.000E+00, 3.797E-01, 8.878E-01, 1.000E-02, 1.000E+00, 1.000E+00, 3.797E-03, 2.306E-05, 5.391E-05, 0.000E+00, 2.957E+02, 6.835E+01, 1.429E-03, 7.079E-05, 6.670E+02, 1.166E-03, 3.016E-01
10/12/2019,13:00,9,2.239,2.739,-3.264,.743,.123, 1.010E+03, 8.764E+01, 0.000E+00, 1.424E-02, 2.820E-01, 9.888E+00, 7.543E+00, 4.122E+00,-1.112E+01, 2.071E+00, 2.002E+00, 1.532E-01, 1.000E-01, 3.682E-02, 1.000E+00, 1.600E-01, 2.667E-01, 1.000E-02, 1.000E+00, 1.000E+00, 1.600E-03, 9.695E-06, 1.616E-05, 0.000E+00, 2.961E+02, 6.835E+01, 1.666E-03, 2.977E-05, 5.898E+02, 1.281E-03, 3.571E-01
10/12/2019,14:00,9,2.239,2.739,-3.872,.770,.106, 1.010E+03, 9.222E+01, 0.000E+00, 7.121E-03, 0.000E+00, 0.000E+00, 0.000E+00, 0.000E+00,-1.112E+01, 2.071E+00, 2.109E+00, 1.530E-01, 1.000E-01,-9.990E+02, 1.000E+00,-9.990E+02, 0.000E+00, 0.000E+00, 0.000E+00, 1.000E+00, 0.000E+00, 0.000E+00, 0.000E+00, 0.000E+00, 2.966E+02, 6.835E+01, 3.631E-03, 0.000E+00, 2.754E+02, 2.145E-03, 4.355E-01
10/12/2019,15:00,9,2.239,2.739,-4.479,.796,.090, 1.011E+03, 9.799E+01, 0.000E+00, 3.469E-16, 0.000E+00, 0.000E+00, 0.000E+00, 0.000E+00,-2.643E+01, 2.416E+00, 2.600E+00, 3.128E-01, 1.275E-01,-9.990E+02, 1.000E+00,-9.990E+02, 0.000E+00, 0.000E+00, 0.000E+00, 1.000E+00, 0.000E+00, 0.000E+00, 0.000E+00, 0.000E+00, 1.601E+02, 5.363E+01, 5.000E-03, 0.000E+00, 2.000E+02, 2.915E-03, 5.723E-01
10/12/2019,16:00,9,2.239,2.739,-4.541,.800,.088, 1.011E+03, 1.047E+02, 0.000E+00, 3.469E-16, 0.000E+00, 0.000E+00, 0.000E+00, 0.000E+00,-2.643E+01, 2.416E+00, 2.699E+00, 3.128E-01, 1.323E-01,-9.990E+02, 1.000E+00,-9.990E+02, 0.000E+00, 0.000E+00, 0.000E+00, 1.000E+00, 0.000E+00, 0.000E+00, 0.000E+00, 0.000E+00, 1.542E+02, 5.167E+01, 5.000E-03, 0.000E+00, 2.000E+02, 2.960E-03, 7.242E-01
10/12/2019,17:00,9,2.239,2.739,-4.603,.804,.085, 1.010E+03, 1.119E+02, 0.000E+00, 3.469E-16, 0.000E+00, 0.000E+00, 0.000E+00, 0.000E+00,-2.643E+01, 2.416E+00, 2.937E+00, 3.128E-01, 1.439E-01,-9.990E+02, 1.000E+00,-9.990E+02, 0.000E+00, 0.000E+00, 0.000E+00, 1.000E+00, 0.000E+00, 0.000E+00, 0.000E+00, 0.000E+00, 1.417E+02, 4.749E+01, 5.000E-03, 0.000E+00, 2.000E+02, 3.062E-03, 8.985E-01
10/12/2019,18:00,9,2.239,2.739,-4.664,.807,.083, 1.010E+03, 1.194E+02, 0.000E+00, 3.469E-16, 0.000E+00, 0.000E+00, 0.000E+00, 0.000E+00,-2.005E+01, 3.105E+00, 3.284E+00, 5.273E-01, 1.887E-01,-9.990E+02, 1.000E+00,-9.990E+02, 0.000E+00, 0.000E+00, 0.000E+00, 1.000E+00, 0.000E+00, 0.000E+00, 0.000E+00, 0.000E+00, 9.221E+01, 3.622E+01, 5.000E-03, 0.000E+00, 2.000E+02, 3.389E-03, 1.025E+00
10/12/2019,19:00,9,2.239,2.739,-3.851,.778,.102, 1.009E+03, 1.267E+02, 0.000E+00, 3.469E-16, 0.000E+00, 0.000E+00, 0.000E+00, 0.000E+00,-2.005E+01, 3.105E+00, 3.640E+00, 5.282E-01, 2.092E-01,-9.990E+02, 1.000E+00,-9.990E+02, 0.000E+00, 0.000E+00, 0.000E+00, 1.000E+00, 0.000E+00, 0.000E+00, 0.000E+00, 0.000E+00, 8.317E+01, 3.267E+01, 5.654E-03, 0.000E+00, 1.769E+02, 3.807E-03, 7.490E-01
10/12/2019,20:00,9,2.239,2.739,-3.037,.749,.123, 1.009E+03, 1.334E+02, 0.000E+00, 3.469E-16, 0.000E+00, 0.000E+00, 0.000E+00, 0.000E+00,-2.005E+01, 3.105E+00, 4.013E+00, 5.292E-01, 2.307E-01,-9.990E+02, 1.000E+00,-9.990E+02, 0.000E+00, 0.000E+00, 0.000E+00, 1.000E+00, 0.000E+00, 0.000E+00, 0.000E+00, 0.000E+00, 7.542E+01, 2.963E+01, 6.654E-03, 0.000E+00, 1.503E+02, 4.384E-03, 5.542E-01
10/12/2019,21:00,9,2.239,2.739,-2.223,.719,.146, 1.008E+03, 1.388E+02, 6.646E-03, 3.469E-16, 0.000E+00, 0.000E+00, 0.000E+00, 0.000E+00,-3.373E+01, 4.866E+00, 4.397E+00, 8.382E-01, 2.576E-01,-9.990E+02, 1.000E+00,-9.990E+02, 0.000E+00, 0.000E+00, 0.000E+00, 1.000E+00, 0.000E+00, 0.000E+00, 0.000E+00, 0.000E+00, 6.629E+01, 2.654E+01, 7.830E-03, 0.000E+00, 1.277E+02, 5.069E-03, 4.491E-01
10/12/2019,22:00,9,2.239,2.739,-1.079,.679,.181, 1.007E+03, 1.422E+02, 6.646E-03, 3.469E-16, 0.000E+00, 0.000E+00, 0.000E+00, 0.000E+00,-3.373E+01, 4.866E+00, 5.151E+00, 8.406E-01, 3.017E-01,-9.990E+02, 1.000E+00,-9.990E+02, 0.000E+00, 0.000E+00, 0.000E+00, 1.000E+00, 0.000E+00, 0.000E+00, 0.000E+00, 0.000E+00, 5.659E+01, 2.266E+01, 9.844E-03, 0.000E+00, 1.016E+02, 6.212E-03, 4.299E-01
10/12/2019,23:00,9,2.239,2.739,.066,.639,.221, 1.005E+03, 1.429E+02, 6.646E-03, 3.469E-16, 0.000E+00, 0.000E+00, 0.000E+00, 0.000E+00,-3.373E+01, 4.866E+00, 5.906E+00, 8.429E-01, 3.460E-01,-9.990E+02, 1.000E+00,-9.990E+02, 0.000E+00, 0.000E+00, 0.000E+00, 1.000E+00, 0.000E+00, 0.000E+00, 0.000E+00, 0.000E+00, 4.934E+01, 1.976E+01, 5.000E-03, 0.000E+00, 2.000E+02, 3.972E-03, 3.712E-01
11/12/2019,00:00,9,2.228,2.728,1.211,.599,.267, 1.004E+03, 1.406E+02, 1.426E-01, 3.469E-16, 0.000E+00, 0.000E+00, 0.000E+00, 0.000E+00,-6.491E+01, 2.382E+01, 6.664E+00, 1.134E+00, 3.915E-01,-9.990E+02, 1.000E+00,-9.990E+02, 0.000E+00, 0.000E+00, 0.000E+00, 1.000E+00, 0.000E+00, 0.000E+00, 0.000E+00, 0.000E+00, 4.348E+01, 1.746E+01, 5.000E-03, 0.000E+00, 2.000E+02, 4.069E-03, 2.635E-01
11/12/2019,01:00,9,2.228,2.728,1.433,.683,.215, 1.002E+03, 1.360E+02, 1.426E-01, 1.933E-02, 0.000E+00, 0.000E+00, 0.000E+00, 0.000E+00,-6.491E+01, 2.382E+01, 7.072E+00, 1.135E+00, 4.155E-01,-9.990E+02, 1.000E+00,-9.990E+02, 0.000E+00, 0.000E+00, 0.000E+00, 1.000E+00, 0.000E+00, 0.000E+00, 0.000E+00, 0.000E+00, 4.097E+01, 1.645E+01, 1.429E-02, 0.000E+00, 7.000E+01, 8.840E-03, 1.970E-01
11/12/2019,02:00,9,2.228,2.728,1.656,.766,.161, 1.001E+03, 1.297E+02, 1.426E-01, 3.866E-02, 0.000E+00, 0.000E+00, 0.000E+00, 0.000E+00,-6.491E+01, 2.382E+01, 7.491E+00, 1.137E+00, 4.401E-01,-9.990E+02, 1.000E+00,-9.990E+02, 0.000E+00, 0.000E+00, 0.000E+00, 1.000E+00, 0.000E+00, 0.000E+00, 0.000E+00, 0.000E+00, 3.868E+01, 1.553E+01, 1.429E-02, 0.000E+00, 7.000E+01, 9.033E-03, 1.995E-01
11/12/2019,03:00,9,2.228,2.728,1.878,.849,.106, 9.990E+02, 1.226E+02, 2.945E-01, 5.799E-02, 0.000E+00, 0.000E+00, 0.000E+00, 0.000E+00,-9.440E+01, 4.840E+01, 7.921E+00, 1.198E+00, 4.641E-01,-9.990E+02, 1.000E+00,-9.990E+02, 0.000E+00, 0.000E+00, 0.000E+00, 1.000E+00, 0.000E+00, 0.000E+00, 0.000E+00, 0.000E+00, 3.677E+01, 1.473E+01, 1.429E-02, 0.000E+00, 7.000E+01, 9.208E-03, 1.319E-01
11/12/2019,04:00,9,2.228,2.728,2.010,.855,.103, 9.980E+02, 1.152E+02, 2.945E-01, 5.722E-02, 0.000E+00, 0.000E+00, 0.000E+00, 0.000E+00,-9.440E+01, 4.840E+01, 7.868E+00, 1.199E+00, 4.610E-01,-9.990E+02, 1.000E+00,-9.990E+02, 0.000E+00, 0.000E+00, 0.000E+00, 1.000E+00, 0.000E+00, 0.000E+00, 0.000E+00, 0.000E+00, 3.702E+01, 1.483E+01, 1.429E-02, 0.000E+00, 7.000E+01, 9.186E-03, 1.060E-01
11/12/2019,05:00,9,2.228,2.728,2.142,.860,.100, 9.971E+02, 1.078E+02, 2.945E-01, 5.646E-02, 0.000E+00, 0.000E+00, 0.000E+00, 0.000E+00,-9.440E+01, 4.840E+01, 7.821E+00, 1.200E+00, 4.583E-01,-9.990E+02, 1.000E+00,-9.990E+02, 0.000E+00, 0.000E+00, 0.000E+00, 1.000E+00, 0.000E+00, 0.000E+00, 0.000E+00, 0.000E+00, 3.724E+01, 1.492E+01, 1.429E-02, 0.000E+00, 7.000E+01, 9.166E-03, 1.044E-01
11/12/2019,06:00,9,2.228,2.728,2.273,.866,.097, 9.961E+02, 1.009E+02, 1.492E-01, 5.570E-02, 0.000E+00, 0.000E+00, 0.000E+00, 0.000E+00,-9.793E+01, 4.824E+01, 7.779E+00, 1.092E+00, 4.535E-01,-9.990E+02, 1.000E+00,-9.990E+02, 0.000E+00, 0.000E+00, 0.000E+00, 1.000E+00, 0.000E+00, 0.000E+00, 0.000E+00, 0.000E+00, 3.782E+01, 1.507E+01, 1.429E-02, 0.000E+00, 7.000E+01, 9.130E-03, 1.111E-01
11/12/2019,07:00,9,2.228,2.728,2.388,.866,.097, 9.960E+02, 9.467E+01, 1.492E-01, 5.493E-02, 0.000E+00, 0.000E+00, 0.000E+00, 0.000E+00,-9.793E+01, 4.824E+01, 7.481E+00, 1.092E+00, 4.362E-01,-9.990E+02, 1.000E+00,-9.990E+02, 0.000E+00, 0.000E+00, 0.000E+00, 1.000E+00, 0.000E+00, 0.000E+00, 0.000E+00, 0.000E+00, 3.932E+01, 1.567E+01, 1.429E-02, 0.000E+00, 7.000E+01, 9.001E-03, 1.900E-01
11/12/2019,08:00,9,2.228,2.728,2.504,.866,.098, 9.960E+02, 8.953E+01, 1.492E-01, 5.417E-02, 5.681E-11, 7.210E-01, 0.000E+00, 0.000E+00,-9.793E+01, 4.824E+01, 7.199E+00, 1.093E+00, 4.197E-01,-9.990E+02, 1.000E+00,-9.990E+02, 0.000E+00, 0.000E+00, 0.000E+00, 1.000E+00, 0.000E+00, 0.000E+00, 0.000E+00, 0.000E+00, 4.087E+01, 1.629E+01, 1.429E-02, 0.000E+00, 7.000E+01, 8.872E-03, 1.953E-01
11/12/2019,09:00,9,2.228,2.728,2.619,.867,.098, 9.959E+02, 8.576E+01, 2.054E-02, 5.341E-02, 1.217E+00, 1.268E+01, 1.358E+01, 5.350E+00,-7.307E+01, 3.237E+01, 6.932E+00, 9.696E-01, 4.036E-01, 6.637E-02, 1.000E+00, 2.128E-01, 4.280E-01, 1.000E-02, 1.000E+00, 1.000E+00, 2.128E-03, 1.318E-05, 2.649E-05, 0.000E+00, 4.254E+01, 1.693E+01, 1.429E-02, 4.025E-05, 6.980E+01, 8.755E-03, 2.033E-01
11/12/2019,10:00,9,2.228,2.728,2.820,.867,.100, 9.960E+02, 8.359E+01, 2.054E-02, 5.214E-02, 4.212E+00, 2.129E+01, 2.797E+01, 9.099E+00,-7.307E+01, 3.237E+01, 6.535E+00, 9.699E-01, 3.806E-01, 1.002E-01, 1.000E+00, 3.494E-01, 6.835E-01, 1.000E-02, 1.000E+00, 1.000E+00, 3.494E-03, 2.164E-05, 4.235E-05, 0.000E+00, 4.512E+01, 1.796E+01, 1.429E-02, 6.612E-05, 6.968E+01, 8.563E-03, 2.193E-01
11/12/2019,11:00,9,2.228,2.728,3.021,.867,.101, 9.962E+02, 8.319E+01, 2.054E-02, 5.087E-02, 4.920E+00, 2.300E+01, 3.060E+01, 9.847E+00,-7.307E+01, 3.237E+01, 6.149E+00, 9.702E-01, 3.581E-01, 1.064E-01, 1.000E+00, 3.738E-01, 7.160E-01, 1.000E-02, 1.000E+00, 1.000E+00, 3.738E-03, 2.317E-05, 4.439E-05, 0.000E+00, 4.796E+01, 1.909E+01, 1.429E-02, 7.079E-05, 6.965E+01, 8.353E-03, 2.473E-01
11/12/2019,12:00,9,2.228,2.728,3.222,.867,.103, 9.963E+02, 8.459E+01, 4.285E-04, 4.959E-02, 9.774E-01, 1.293E+01, 1.062E+01, 5.438E+00,-6.260E+01, 7.572E+00, 5.775E+00, 7.514E-01, 3.308E-01, 8.461E-02, 1.000E+00, 2.134E-01, 3.540E-01, 1.000E-02, 1.000E+00, 1.000E+00, 2.134E-03, 1.324E-05, 2.196E-05, 0.000E+00, 5.276E+01, 2.066E+01, 1.429E-02, 4.045E-05, 6.980E+01, 8.060E-03, 2.748E-01
11/12/2019,13:00,9,2.228,2.728,3.052,.892,.082, 9.968E+02, 8.768E+01, 4.285E-04, 4.807E-02, 3.201E-02, 4.510E+00, 2.276E+00, 1.880E+00,-6.260E+01, 7.572E+00, 5.438E+00, 7.510E-01, 3.115E-01, 3.629E-02, 1.000E+00, 7.496E-02, 8.937E-02, 1.000E-02, 1.000E+00, 1.000E+00, 7.496E-04, 4.648E-06, 5.541E-06, 0.000E+00, 5.603E+01, 2.194E+01, 1.429E-02, 1.420E-05, 6.993E+01, 7.839E-03, 2.897E-01
11/12/2019,14:00,9,2.228,2.728,2.882,.918,.062, 9.973E+02, 9.225E+01, 4.285E-04, 4.654E-02, 0.000E+00, 0.000E+00, 0.000E+00, 0.000E+00,-6.260E+01, 7.572E+00, 5.103E+00, 7.505E-01, 2.923E-01,-9.990E+02, 1.000E+00,-9.990E+02, 0.000E+00, 0.000E+00, 0.000E+00, 1.000E+00, 0.000E+00, 0.000E+00, 0.000E+00, 0.000E+00, 5.972E+01, 2.338E+01, 1.429E-02, 0.000E+00, 7.000E+01, 7.609E-03, 2.853E-01
11/12/2019,15:00,9,2.228,2.728,2.712,.943,.042, 9.978E+02, 9.801E+01, 7.708E-04, 4.502E-02, 0.000E+00, 0.000E+00, 0.000E+00, 0.000E+00,-5.160E+01,-4.646E+00, 4.769E+00, 6.057E-01, 2.678E-01,-9.990E+02, 1.000E+00,-9.990E+02, 0.000E+00, 0.000E+00, 0.000E+00, 1.000E+00, 0.000E+00, 0.000E+00, 0.000E+00, 0.000E+00, 6.650E+01, 2.553E+01, 1.429E-02, 0.000E+00, 7.000E+01, 7.290E-03, 2.712E-01
11/12/2019,16:00,9,2.228,2.728,2.502,.951,.036, 9.981E+02, 1.047E+02, 7.708E-04, 4.400E-02, 0.000E+00, 0.000E+00, 0.000E+00, 0.000E+00,-5.160E+01,-4.646E+00, 4.543E+00, 6.054E-01, 2.551E-01,-9.990E+02, 1.000E+00,-9.990E+02, 0.000E+00, 0.000E+00, 0.000E+00, 1.000E+00, 0.000E+00, 0.000E+00, 0.000E+00, 0.000E+00, 6.981E+01, 2.679E+01, 1.429E-02, 0.000E+00, 7.000E+01, 7.117E-03, 2.337E-01
11/12/2019,17:00,9,2.228,2.728,2.291,.960,.029, 9.983E+02, 1.119E+02, 7.708E-04, 4.298E-02, 0.000E+00, 0.000E+00, 0.000E+00, 0.000E+00,-5.160E+01,-4.646E+00, 4.327E+00, 6.051E-01, 2.430E-01,-9.990E+02, 1.000E+00,-9.990E+02, 0.000E+00, 0.000E+00, 0.000E+00, 1.000E+00, 0.000E+00, 0.000E+00, 0.000E+00, 0.000E+00, 7.331E+01, 2.813E+01, 1.429E-02, 0.000E+00, 7.000E+01, 6.943E-03, 1.887E-01
11/12/2019,18:00,9,2.228,2.728,2.080,.968,.022, 9.985E+02, 1.194E+02, 7.708E-04, 4.196E-02, 0.000E+00, 0.000E+00, 0.000E+00, 0.000E+00,-3.453E+01,-6.236E+00, 4.121E+00, 5.210E-01, 2.308E-01,-9.990E+02, 1.000E+00,-9.990E+02, 0.000E+00, 0.000E+00, 0.000E+00, 1.000E+00, 0.000E+00, 0.000E+00, 0.000E+00, 0.000E+00, 7.737E+01, 2.962E+01, 1.429E-02, 0.000E+00, 7.000E+01, 6.759E-03, 5.723E-02
11/12/2019,19:00,9,2.228,2.728,1.927,.972,.020, 9.987E+02, 1.267E+02, 7.708E-04, 4.146E-02, 0.000E+00, 0.000E+00, 0.000E+00, 0.000E+00,-3.453E+01,-6.236E+00, 3.958E+00, 5.208E-01, 2.217E-01,-9.990E+02, 1.000E+00,-9.990E+02, 0.000E+00, 0.000E+00, 0.000E+00, 1.000E+00, 0.000E+00, 0.000E+00, 0.000E+00, 0.000E+00, 8.057E+01, 3.084E+01, 1.429E-02, 0.000E+00, 7.000E+01, 6.615E-03, 2.948E-02
11/12/2019,20:00,9,2.228,2.728,1.774,.975,.017, 9.989E+02, 1.334E+02, 7.708E-04, 4.095E-02, 0.000E+00, 0.000E+00, 0.000E+00, 0.000E+00,-3.453E+01,-6.236E+00, 3.809E+00, 5.206E-01, 2.133E-01,-9.990E+02, 1.000E+00,-9.990E+02, 0.000E+00, 0.000E+00, 0.000E+00, 1.000E+00, 0.000E+00, 0.000E+00, 0.000E+00, 0.000E+00, 8.374E+01, 3.205E+01, 1.429E-02, 0.000E+00, 7.000E+01, 6.478E-03, 3.148E-02
11/12/2019,21:00,9,2.228,2.728,1.622,.979,.014, 9.991E+02, 1.389E+02, 5.336E-04, 4.044E-02, 0.000E+00, 0.000E+00, 0.000E+00, 0.000E+00,-2.602E+01,-5.902E+00, 3.675E+00, 4.884E-01, 2.068E-01,-9.990E+02, 1.000E+00,-9.990E+02, 0.000E+00, 0.000E+00, 0.000E+00, 1.000E+00, 0.000E+00, 0.000E+00, 0.000E+00, 0.000E+00, 8.593E+01, 3.305E+01, 1.429E-02, 0.000E+00, 7.000E+01, 6.371E-03, 2.321E-02
11/12/2019,22:00,9,2.228,2.728,1.599,.980,.014, 9.989E+02, 1.423E+02, 5.336E-04, 3.968E-02, 0.000E+00, 0.000E+00, 0.000E+00, 0.000E+00,-2.602E+01,-5.902E+00, 3.566E+00, 4.884E-01, 2.007E-01,-9.990E+02, 1.000E+00,-9.990E+02, 0.000E+00, 0.000E+00, 0.000E+00, 1.000E+00, 0.000E+00, 0.000E+00, 0.000E+00, 0.000E+00, 8.856E+01, 3.407E+01, 1.429E-02, 0.000E+00, 7.000E+01, 6.265E-03, 1.829E-02
11/12/2019,23:00,9,2.228,2.728,1.576,.981,.013, 9.987E+02, 1.429E+02, 5.336E-04, 3.891E-02, 0.000E+00, 0.000E+00, 0.000E+00, 0.000E+00,-2.602E+01,-5.902E+00, 3.457E+00, 4.884E-01, 1.945E-01,-9.990E+02, 1.000E+00,-9.990E+02, 0.000E+00, 0.000E+00, 0.000E+00, 1.000E+00, 0.000E+00, 0.000E+00, 0.000E+00, 0.000E+00, 9.134E+01, 3.514E+01, 1.429E-02, 0.000E+00, 7.000E+01, 6.156E-03, 1.698E-02
12/12/2019,00:00,9,2.217,2.717,1.553,.982,.012, 9.985E+02, 1.407E+02, 0.000E+00, 3.815E-02, 0.000E+00, 0.000E+00, 0.000E+00, 0.000E+00,-2.257E+01,-6.771E+00, 3.349E+00, 4.094E-01, 1.839E-01,-9.990E+02, 1.000E+00,-9.990E+02, 0.000E+00, 0.000E+00, 0.000E+00, 1.000E+00, 0.000E+00, 0.000E+00, 0.000E+00, 0.000E+00, 9.903E+01, 3.717E+01, 1.429E-02, 0.000E+00, 7.000E+01, 5.952E-03, 1.646E-02
12/12/2019,01:00,9,2.217,2.717,1.484,.985,.010, 9.982E+02, 1.361E+02, 0.000E+00, 3.357E-02, 0.000E+00, 0.000E+00, 0.000E+00, 0.000E+00,-2.257E+01,-6.771E+00, 3.210E+00, 4.095E-01, 1.763E-01,-9.990E+02, 1.000E+00,-9.990E+02, 0.000E+00, 0.000E+00, 0.000E+00, 1.000E+00, 0.000E+00, 0.000E+00, 0.000E+00, 0.000E+00, 1.033E+02, 3.877E+01, 1.429E-02, 0.000E+00, 7.000E+01, 5.806E-03, 2.541E-02
12/12/2019,02:00,9,2.217,2.717,1.416,.989,.007, 9.978E+02, 1.299E+02, 0.000E+00, 2.899E-02, 0.000E+00, 0.000E+00, 0.000E+00, 0.000E+00,-2.257E+01,-6.771E+00, 3.073E+00, 4.095E-01, 1.687E-01,-9.990E+02, 1.000E+00,-9.990E+02, 0.000E+00, 0.000E+00, 0.000E+00, 1.000E+00, 0.000E+00, 0.000E+00, 0.000E+00, 0.000E+00, 1.079E+02, 4.051E+01, 1.429E-02, 0.000E+00, 7.000E+01, 5.656E-03, 2.464E-02
12/12/2019,03:00,9,2.217,2.717,1.348,.993,.005, 9.974E+02, 1.227E+02, 2.342E-03, 2.442E-02, 0.000E+00, 0.000E+00, 0.000E+00, 0.000E+00,-1.650E+01,-5.763E+00, 2.937E+00, 3.245E-01, 1.558E-01,-9.990E+02, 1.000E+00,-9.990E+02, 0.000E+00, 0.000E+00, 0.000E+00, 1.000E+00, 0.000E+00, 0.000E+00, 0.000E+00, 0.000E+00, 1.211E+02, 4.389E+01, 1.429E-02, 0.000E+00, 7.000E+01, 5.373E-03, 9.227E-03
12/12/2019,04:00,9,2.217,2.717,1.275,.994,.004, 9.971E+02, 1.153E+02, 2.342E-03, 2.416E-02, 0.000E+00, 0.000E+00, 0.000E+00, 0.000E+00,-1.650E+01,-5.763E+00, 2.751E+00, 3.245E-01, 1.459E-01,-9.990E+02, 1.000E+00,-9.990E+02, 0.000E+00, 0.000E+00, 0.000E+00, 1.000E+00, 0.000E+00, 0.000E+00, 0.000E+00, 0.000E+00, 1.293E+02, 4.686E+01, 1.429E-02, 0.000E+00, 7.000E+01, 5.155E-03, 8.669E-03
12/12/2019,05:00,9,2.217,2.717,1.202,.995,.003, 9.968E+02, 1.079E+02, 2.342E-03, 2.391E-02, 0.000E+00, 0.000E+00, 0.000E+00, 0.000E+00,-1.650E+01,-5.763E+00, 2.596E+00, 3.245E-01, 1.377E-01,-9.990E+02, 1.000E+00,-9.990E+02, 0.000E+00, 0.000E+00, 0.000E+00, 1.000E+00, 0.000E+00, 0.000E+00, 0.000E+00, 0.000E+00, 1.370E+02, 4.965E+01, 1.429E-02, 0.000E+00, 7.000E+01, 4.966E-03, 9.688E-03
12/12/2019,06:00,9,2.217,2.717,1.130,.997,.002, 9.965E+02, 1.010E+02, 7.259E-02, 2.365E-02, 0.000E+00, 0.000E+00, 0.000E+00, 0.000E+00,-1.177E+01,-4.166E+00, 2.480E+00, 2.813E-01, 1.302E-01,-9.990E+02, 1.000E+00,-9.990E+02, 0.000E+00, 0.000E+00, 0.000E+00, 1.000E+00, 0.000E+00, 0.000E+00, 0.000E+00, 0.000E+00, 1.463E+02, 5.250E+01, 1.429E-02, 0.000E+00, 7.000E+01, 4.784E-03, 1.473E-02
12/12/2019,07:00,9,2.217,2.717,1.174,.997,.002, 9.964E+02, 9.478E+01, 7.259E-02, 2.340E-02, 0.000E+00, 0.000E+00, 0.000E+00, 0.000E+00,-1.177E+01,-4.166E+00, 2.436E+00, 2.814E-01, 1.279E-01,-9.990E+02, 1.000E+00,-9.990E+02, 0.000E+00, 0.000E+00, 0.000E+00, 1.000E+00, 0.000E+00, 0.000E+00, 0.000E+00, 0.000E+00, 1.489E+02, 5.344E+01, 1.429E-02, 0.000E+00, 7.000E+01, 4.727E-03, 4.676E-02
12/12/2019,08:00,9,2.217,2.717,1.218,.998,.002, 9.962E+02, 8.964E+01, 7.259E-02, 2.314E-02, 1.371E-14, 3.786E-01, 0.000E+00, 0.000E+00,-1.177E+01,-4.166E+00, 2.398E+00, 2.814E-01, 1.259E-01,-9.990E+02, 1.000E+00,-9.990E+02, 0.000E+00, 0.000E+00, 0.000E+00, 1.000E+00, 0.000E+00, 0.000E+00, 0.000E+00, 0.000E+00, 1.513E+02, 5.430E+01, 1.429E-02, 0.000E+00, 7.000E+01, 4.677E-03, 1.389E-01
12/12/2019,09:00,9,2.217,2.717,1.262,.998,.001, 9.961E+02, 8.585E+01, 4.141E-01, 2.289E-02, 4.222E-02, 5.146E+00, 2.444E+00, 2.152E+00,-8.389E+00,-1.282E+00, 2.365E+00, 3.528E-01, 1.341E-01, 6.523E-02, 1.000E+00, 8.542E-02, 9.564E-02, 1.000E-02, 1.000E+00, 1.000E+00, 8.542E-04, 5.262E-06, 5.891E-06, 0.000E+00, 1.315E+02, 5.098E+01, 1.429E-02, 1.600E-05, 6.992E+01, 4.903E-03, 2.824E-01
12/12/2019,10:00,9,2.217,2.717,1.125,.999,.001, 9.955E+02, 8.368E+01, 4.141E-01, 2.314E-02, 1.529E-01, 9.490E+00, 4.667E+00, 3.973E+00,-8.389E+00,-1.282E+00, 2.518E+00, 3.528E-01, 1.428E-01, 9.939E-02, 1.000E+00, 1.531E-01, 1.746E-01, 1.000E-02, 1.000E+00, 1.000E+00, 1.531E-03, 9.428E-06, 1.075E-05, 0.000E+00, 1.235E+02, 4.788E+01, 1.429E-02, 2.866E-05, 6.986E+01, 5.109E-03, 3.445E-01
12/12/2019,11:00,9,2.217,2.717,.989,.999,.000, 9.950E+02, 8.326E+01, 4.141E-01, 2.340E-02, 1.803E-01, 1.043E+01, 5.134E+00, 4.365E+00,-8.389E+00,-1.282E+00, 2.672E+00, 3.528E-01, 1.515E-01, 1.059E-01, 1.000E+00, 1.671E-01, 1.903E-01, 1.000E-02, 1.000E+00, 1.000E+00, 1.671E-03, 1.028E-05, 1.171E-05, 0.000E+00, 1.164E+02, 4.512E+01, 1.412E-02, 3.126E-05, 7.064E+01, 5.283E-03, 3.337E-01
12/12/2019,12:00,9,2.217,2.717,.852,1.000,.000, 9.944E+02, 8.464E+01, 4.832E-01, 2.365E-02, 9.641E-02, 7.429E+00, 3.625E+00, 3.109E+00,-1.057E+01, 2.753E-01, 2.826E+00, 3.734E-01, 1.598E-01, 8.420E-02, 1.000E+00, 1.216E-01, 1.385E-01, 1.000E-02, 1.000E+00, 1.000E+00, 1.216E-03, 7.478E-06, 8.520E-06, 0.000E+00, 1.107E+02, 4.278E+01, 1.244E-02, 2.273E-05, 8.021E+01, 5.189E-03, 3.064E-01
12/12/2019,13:00,9,2.217,2.717,1.163,.999,.001, 9.938E+02, 8.772E+01, 4.832E-01, 2.289E-02, 2.996E-03, 2.444E+00, 1.059E+00, 1.021E+00,-1.057E+01, 2.753E-01, 3.042E+00, 3.737E-01, 1.720E-01, 3.588E-02, 1.000E+00, 4.118E-02, 4.261E-02, 1.000E-02, 1.000E+00, 1.000E+00, 4.118E-04, 2.536E-06, 2.624E-06, 0.000E+00, 1.029E+02, 3.975E+01, 1.429E-02, 7.709E-06, 6.996E+01, 5.731E-03, 3.034E-01
12/12/2019,14:00,9,2.217,2.717,1.473,.998,.001, 9.932E+02, 9.228E+01, 4.832E-01, 2.213E-02, 0.000E+00, 0.000E+00, 0.000E+00, 0.000E+00,-1.057E+01, 2.753E-01, 3.267E+00, 3.740E-01, 1.847E-01,-9.990E+02, 1.000E+00,-9.990E+02, 0.000E+00, 0.000E+00, 0.000E+00, 1.000E+00, 0.000E+00, 0.000E+00, 0.000E+00, 0.000E+00, 9.575E+01, 3.701E+01, 1.429E-02, 0.000E+00, 7.000E+01, 5.976E-03, 2.766E-01
12/12/2019,15:00,9,2.217,2.717,1.784,.998,.002, 9.926E+02, 9.803E+01, 1.817E-01, 2.136E-02, 0.000E+00, 0.000E+00, 0.000E+00, 0.000E+00,-3.101E+01, 1.504E+01, 3.499E+00, 5.708E-01, 1.995E-01,-9.990E+02, 1.000E+00,-9.990E+02, 0.000E+00, 0.000E+00, 0.000E+00, 1.000E+00, 0.000E+00, 0.000E+00, 0.000E+00, 0.000E+00, 8.790E+01, 3.426E+01, 1.429E-02, 0.000E+00, 7.000E+01, 6.249E-03, 1.976E-01
12/12/2019,16:00,9,2.217,2.717,1.533,.997,.002, 9.923E+02, 1.047E+02, 1.817E-01, 2.111E-02, 0.000E+00, 0.000E+00, 0.000E+00, 0.000E+00,-3.101E+01, 1.504E+01, 3.628E+00, 5.706E-01, 2.069E-01,-9.990E+02, 1.000E+00,-9.990E+02, 0.000E+00, 0.000E+00, 0.000E+00, 1.000E+00, 0.000E+00, 0.000E+00, 0.000E+00, 0.000E+00, 8.479E+01, 3.304E+01, 1.429E-02, 0.000E+00, 7.000E+01, 6.376E-03, 6.679E-02
12/12/2019,17:00,9,2.217,2.717,1.281,.997,.002, 9.921E+02, 1.119E+02, 1.817E-01, 2.085E-02, 0.000E+00, 0.000E+00, 0.000E+00, 0.000E+00,-3.101E+01, 1.504E+01, 3.758E+00, 5.704E-01, 2.142E-01,-9.990E+02, 1.000E+00,-9.990E+02, 0.000E+00, 0.000E+00, 0.000E+00, 1.000E+00, 0.000E+00, 0.000E+00, 0.000E+00, 0.000E+00, 8.187E+01, 3.190E+01, 1.429E-02, 0.000E+00, 7.000E+01, 6.500E-03, 7.558E-03
12/12/2019,18:00,9,2.217,2.717,1.029,.996,.002, 9.918E+02, 1.194E+02, 5.959E-02, 2.060E-02, 0.000E+00, 0.000E+00, 0.000E+00, 0.000E+00,-2.815E+01, 1.167E+01, 3.888E+00, 5.019E-01, 2.188E-01,-9.990E+02, 1.000E+00,-9.990E+02, 0.000E+00, 0.000E+00, 0.000E+00, 1.000E+00, 0.000E+00, 0.000E+00, 0.000E+00, 0.000E+00, 8.125E+01, 3.124E+01, 1.429E-02, 0.000E+00, 7.000E+01, 6.570E-03, 4.747E-03
12/12/2019,19:00,9,2.217,2.717,.962,.989,.007, 9.916E+02, 1.267E+02, 5.959E-02, 2.035E-02, 0.000E+00, 0.000E+00, 0.000E+00, 0.000E+00,-2.815E+01, 1.167E+01, 3.709E+00, 5.019E-01, 2.087E-01,-9.990E+02, 1.000E+00,-9.990E+02, 0.000E+00, 0.000E+00, 0.000E+00, 1.000E+00, 0.000E+00, 0.000E+00, 0.000E+00, 0.000E+00, 8.517E+01, 3.275E+01, 1.377E-02, 0.000E+00, 7.265E+01, 6.296E-03, 4.090E-03
12/12/2019,20:00,9,2.217,2.717,.895,.982,.012, 9.913E+02, 1.334E+02, 5.959E-02, 2.009E-02, 0.000E+00, 0.000E+00, 0.000E+00, 0.000E+00,-2.815E+01, 1.167E+01, 3.539E+00, 5.019E-01, 1.991E-01,-9.990E+02, 1.000E+00,-9.990E+02, 0.000E+00, 0.000E+00, 0.000E+00, 1.000E+00, 0.000E+00, 0.000E+00, 0.000E+00, 0.000E+00, 8.927E+01, 3.433E+01, 1.293E-02, 0.000E+00, 7.735E+01, 5.964E-03, 5.986E-03
12/12/2019,21:00,9,2.217,2.717,.828,.975,.016, 9.911E+02, 1.389E+02, 2.206E-02, 1.984E-02, 0.000E+00, 0.000E+00, 0.000E+00, 0.000E+00,-1.616E+01, 8.200E+00, 3.380E+00, 4.008E-01, 1.889E-01,-9.990E+02, 1.000E+00,-9.990E+02, 0.000E+00, 0.000E+00, 0.000E+00, 1.000E+00, 0.000E+00, 0.000E+00, 0.000E+00, 0.000E+00, 9.474E+01, 3.619E+01, 1.219E-02, 0.000E+00, 8.206E+01, 5.639E-03, 5.651E-03
12/12/2019,22:00,9,2.217,2.717,.872,.979,.014, 9.911E+02, 1.423E+02, 2.206E-02, 1.984E-02, 0.000E+00, 0.000E+00, 0.000E+00, 0.000E+00,-1.616E+01, 8.200E+00, 3.087E+00, 4.008E-01, 1.725E-01,-9.990E+02, 1.000E+00,-9.990E+02, 0.000E+00, 0.000E+00, 0.000E+00, 1.000E+00, 0.000E+00, 0.000E+00, 0.000E+00, 0.000E+00, 1.037E+02, 3.962E+01, 1.266E-02, 0.000E+00, 7.897E+01, 5.456E-03, 5.482E-03
12/12/2019,23:00,9,2.217,2.717,.916,.983,.011, 9.912E+02, 1.430E+02, 2.206E-02, 1.984E-02, 0.000E+00, 0.000E+00, 0.000E+00, 0.000E+00,-1.616E+01, 8.200E+00, 2.832E+00, 4.008E-01, 1.583E-01,-9.990E+02, 1.000E+00,-9.990E+02, 0.000E+00, 0.000E+00, 0.000E+00, 1.000E+00, 0.000E+00, 0.000E+00, 0.000E+00, 0.000E+00, 1.131E+02, 4.319E+01, 1.318E-02, 0.000E+00, 7.589E+01, 5.275E-03, 3.355E-03
13/12/2019,00:00,9,2.206,2.706,.960,.986,.009, 9.912E+02, 1.408E+02, 1.653E-03, 1.984E-02, 0.000E+00, 0.000E+00, 0.000E+00, 0.000E+00,-1.636E+01, 4.772E+00, 2.626E+00, 4.156E-01, 1.476E-01,-9.990E+02, 1.000E+00,-9.990E+02, 0.000E+00, 0.000E+00, 0.000E+00, 1.000E+00, 0.000E+00, 0.000E+00, 0.000E+00, 0.000E+00, 1.206E+02, 4.632E+01, 1.374E-02, 0.000E+00, 7.280E+01, 5.136E-03, 3.605E-03
13/12/2019,01:00,9,2.206,2.706,.910,.985,.010, 9.912E+02, 1.362E+02, 1.653E-03, 1.450E-02, 0.000E+00, 0.000E+00, 0.000E+00, 0.000E+00,-1.636E+01, 4.772E+00, 2.840E+00, 4.155E-01, 1.596E-01,-9.990E+02, 1.000E+00,-9.990E+02, 0.000E+00, 0.000E+00, 0.000E+00, 1.000E+00, 0.000E+00, 0.000E+00, 0.000E+00, 0.000E+00, 1.115E+02, 4.283E+01, 1.582E-02, 0.000E+00, 6.323E+01, 5.684E-03, 3.701E-03
13/12/2019,02:00,9,2.206,2.706,.861,.984,.010, 9.912E+02, 1.300E+02, 1.653E-03, 9.156E-03, 0.000E+00, 0.000E+00, 0.000E+00, 0.000E+00,-1.636E+01, 4.772E+00, 3.078E+00, 4.155E-01, 1.729E-01,-9.990E+02, 1.000E+00,-9.990E+02, 0.000E+00, 0.000E+00, 0.000E+00, 1.000E+00, 0.000E+00, 0.000E+00, 0.000E+00, 0.000E+00, 1.029E+02, 3.953E+01, 4.648E-02, 0.000E+00, 2.151E+01, 7.967E-03, 3.839E-03
13/12/2019,03:00,9,2.206,2.706,.811,.983,.011, 9.912E+02, 1.229E+02, 6.111E-04, 3.815E-03, 0.000E+00, 0.000E+00, 0.000E+00, 0.000E+00,-1.855E+01, 4.801E+00, 3.334E+00, 4.279E-01, 1.869E-01,-9.990E+02, 1.000E+00,-9.990E+02, 0.000E+00, 0.000E+00, 0.000E+00, 1.000E+00, 0.000E+00, 0.000E+00, 0.000E+00, 0.000E+00, 9.540E+01, 3.656E+01, 7.757E-02, 0.000E+00, 1.289E+01, 9.164E-03, 3.590E-03
13/12/2019,04:00,9,2.206,2.706,.806,.985,.010, 9.914E+02, 1.154E+02, 6.111E-04, 3.815E-03, 0.000E+00, 0.000E+00, 0.000E+00, 0.000E+00,-1.855E+01, 4.801E+00, 3.131E+00, 4.279E-01, 1.756E-01,-9.990E+02, 1.000E+00,-9.990E+02, 0.000E+00, 0.000E+00, 0.000E+00, 1.000E+00, 0.000E+00, 0.000E+00, 0.000E+00, 0.000E+00, 1.016E+02, 3.893E+01, 7.755E-02, 0.000E+00, 1.289E+01, 8.669E-03, 3.075E-03
13/12/2019,05:00,9,2.206,2.706,.801,.986,.009, 9.916E+02, 1.080E+02, 6.111E-04, 3.815E-03, 0.000E+00, 0.000E+00, 0.000E+00, 0.000E+00,-1.855E+01, 4.801E+00, 2.939E+00, 4.278E-01, 1.648E-01,-9.990E+02, 1.000E+00,-9.990E+02, 0.000E+00, 0.000E+00, 0.000E+00, 1.000E+00, 0.000E+00, 0.000E+00, 0.000E+00, 0.000E+00, 1.082E+02, 4.148E+01, 7.754E-02, 0.000E+00, 1.290E+01, 8.193E-03, 3.854E-03
13/12/2019,06:00,9,2.206,2.706,.796,.987,.008, 9.918E+02, 1.011E+02, 2.566E-03, 3.815E-03, 0.000E+00, 0.000E+00, 0.000E+00, 0.000E+00,-1.008E+01, 2.095E+00, 2.760E+00, 2.610E-01, 1.436E-01,-9.990E+02, 1.000E+00,-9.990E+02, 0.000E+00, 0.000E+00, 0.000E+00, 1.000E+00, 0.000E+00, 0.000E+00, 0.000E+00, 0.000E+00, 1.339E+02, 4.761E+01, 7.753E-02, 0.000E+00, 1.290E+01, 7.189E-03, 7.636E-03
13/12/2019,07:00,9,2.206,2.706,.840,.986,.009, 9.922E+02, 9.488E+01, 2.566E-03, 3.815E-03, 0.000E+00, 0.000E+00, 0.000E+00, 0.000E+00,-1.008E+01, 2.095E+00, 2.467E+00, 2.609E-01, 1.284E-01,-9.990E+02, 1.000E+00,-9.990E+02, 0.000E+00, 0.000E+00, 0.000E+00, 1.000E+00, 0.000E+00, 0.000E+00, 0.000E+00, 0.000E+00, 1.498E+02, 5.325E+01, 7.764E-02, 0.000E+00, 1.288E+01, 6.492E-03, 1.799E-02
13/12/2019,08:00,9,2.206,2.706,.884,.984,.010, 9.925E+02, 8.974E+01, 2.566E-03, 3.815E-03, 7.134E-18, 6.853E-01, 0.000E+00, 0.000E+00,-1.008E+01, 2.095E+00, 2.229E+00, 2.609E-01, 1.160E-01,-9.990E+02, 1.000E+00,-9.990E+02, 0.000E+00, 0.000E+00, 0.000E+00, 1.000E+00, 0.000E+00, 0.000E+00, 0.000E+00, 0.000E+00, 1.657E+02, 5.894E+01, 7.777E-02, 0.000E+00, 1.286E+01, 5.914E-03, 4.296E-02
13/12/2019,09:00,9,2.206,2.706,.928,.983,.011, 9.928E+02, 8.594E+01, 1.550E-02, 3.815E-03, 4.970E-01, 9.496E+00, 7.518E+00, 4.007E+00,-7.332E+00, 6.560E+00, 2.064E+00, 2.539E-01, 1.103E-01, 6.419E-02, 1.000E+00, 1.593E-01, 2.660E-01, 1.000E-02, 1.000E+00, 1.000E+00, 1.593E-03, 9.800E-06, 1.637E-05, 0.000E+00, 1.697E+02, 6.198E+01, 7.790E-02, 2.964E-05, 1.283E+01, 5.659E-03, 8.569E-02
13/12/2019,10:00,9,2.206,2.706,1.230,.980,.013, 9.925E+02, 8.375E+01, 1.550E-02, 3.815E-03, 1.874E+00, 1.693E+01, 1.580E+01, 7.196E+00,-7.332E+00, 6.560E+00, 2.196E+00, 2.541E-01, 1.174E-01, 9.872E-02, 1.000E+00, 2.781E-01, 4.779E-01, 1.000E-02, 1.000E+00, 1.000E+00, 2.781E-03, 1.713E-05, 2.944E-05, 0.000E+00, 1.595E+02, 5.824E+01, 7.815E-02, 5.180E-05, 1.279E+01, 5.996E-03, 9.738E-02
13/12/2019,11:00,9,2.206,2.706,1.531,.977,.016, 9.922E+02, 8.332E+01, 1.550E-02, 3.815E-03, 2.227E+00, 1.854E+01, 1.747E+01, 7.889E+00,-7.332E+00, 6.560E+00, 2.330E+00, 2.543E-01, 1.245E-01, 1.054E-01, 1.000E+00, 3.019E-01, 5.124E-01, 1.000E-02, 1.000E+00, 1.000E+00, 3.019E-03, 1.862E-05, 3.160E-05, 0.000E+00, 1.503E+02, 5.490E+01, 7.815E-02, 5.631E-05, 1.279E+01, 6.332E-03, 1.363E-01
13/12/2019,12:00,9,2.206,2.706,1.832,.974,.018, 9.919E+02, 8.469E+01, 1.224E-04, 3.815E-03, 1.749E+00, 1.517E+01, 1.590E+01, 6.454E+00,-2.385E+01,-1.089E+00, 2.464E+00, 3.256E-01, 1.248E-01, 8.392E-02, 1.000E+00, 2.539E-01, 4.800E-01, 1.000E-02, 1.000E+00, 1.000E+00, 2.539E-03, 1.567E-05, 2.963E-05, 0.000E+00, 1.582E+02, 5.477E+01, 7.815E-02, 4.740E-05, 1.279E+01, 6.315E-03, 1.324E-01
13/12/2019,13:00,9,2.206,2.706,1.538,.977,.016, 9.919E+02, 8.775E+01, 1.224E-04, 5.850E-03, 5.189E-02, 5.430E+00, 2.940E+00, 2.279E+00,-2.385E+01,-1.089E+00, 2.388E+00, 3.254E-01, 1.209E-01, 3.558E-02, 1.000E+00, 9.033E-02, 1.139E-01, 1.000E-02, 1.000E+00, 1.000E+00, 9.033E-04, 5.570E-06, 7.023E-06, 0.000E+00, 1.633E+02, 5.652E+01, 6.649E-02, 1.685E-05, 1.504E+01, 6.052E-03, 1.512E-01
13/12/2019,14:00,9,2.206,2.706,1.245,.981,.013, 9.918E+02, 9.229E+01, 1.224E-04, 7.884E-03, 0.000E+00, 0.000E+00, 0.000E+00, 0.000E+00,-2.385E+01,-1.089E+00, 2.398E+00, 3.253E-01, 1.214E-01,-9.990E+02, 1.000E+00,-9.990E+02, 0.000E+00, 0.000E+00, 0.000E+00, 1.000E+00, 0.000E+00, 0.000E+00, 0.000E+00, 0.000E+00, 1.627E+02, 5.630E+01, 5.483E-02, 0.000E+00, 1.824E+01, 5.957E-03, 1.780E-01
13/12/2019,15:00,9,2.206,2.706,.951,.984,.011, 9.917E+02, 9.804E+01, 6.920E-02, 9.919E-03, 0.000E+00, 0.000E+00, 0.000E+00, 0.000E+00,-2.418E+01, 5.843E+00, 2.492E+00, 3.890E-01, 1.342E-01,-9.990E+02, 1.000E+00,-9.990E+02, 0.000E+00, 0.000E+00, 0.000E+00, 1.000E+00, 0.000E+00, 0.000E+00, 0.000E+00, 0.000E+00, 1.383E+02, 5.093E+01, 4.274E-02, 0.000E+00, 2.340E+01, 6.331E-03, 1.231E-01
13/12/2019,16:00,9,2.206,2.706,1.291,.985,.010, 9.915E+02, 1.047E+02, 6.920E-02, 9.664E-03, 0.000E+00, 0.000E+00, 0.000E+00, 0.000E+00,-2.418E+01, 5.843E+00, 2.769E+00, 3.892E-01, 1.492E-01,-9.990E+02, 1.000E+00,-9.990E+02, 0.000E+00, 0.000E+00, 0.000E+00, 1.000E+00, 0.000E+00, 0.000E+00, 0.000E+00, 0.000E+00, 1.244E+02, 4.582E+01, 4.464E-02, 0.000E+00, 2.240E+01, 6.971E-03, 1.241E-01
13/12/2019,17:00,9,2.206,2.706,1.631,.987,.009, 9.912E+02, 1.119E+02, 6.920E-02, 9.410E-03, 0.000E+00, 0.000E+00, 0.000E+00, 0.000E+00,-2.418E+01, 5.843E+00, 3.052E+00, 3.895E-01, 1.645E-01,-9.990E+02, 1.000E+00,-9.990E+02, 0.000E+00, 0.000E+00, 0.000E+00, 1.000E+00, 0.000E+00, 0.000E+00, 0.000E+00, 0.000E+00, 1.129E+02, 4.156E+01, 4.609E-02, 0.000E+00, 2.170E+01, 7.605E-03, 8.022E-02
13/12/2019,18:00,9,2.206,2.706,1.971,.988,.008, 9.910E+02, 1.194E+02, 2.776E-01, 9.156E-03, 0.000E+00, 0.000E+00, 0.000E+00, 0.000E+00,-3.114E+01, 1.286E+01, 3.339E+00, 4.789E-01, 1.852E-01,-9.990E+02, 1.000E+00,-9.990E+02, 0.000E+00, 0.000E+00, 0.000E+00, 1.000E+00, 0.000E+00, 0.000E+00, 0.000E+00, 0.000E+00, 9.737E+01, 3.691E+01, 4.755E-02, 0.000E+00, 2.103E+01, 8.455E-03, 2.762E-02
13/12/2019,19:00,9,2.206,2.706,2.132,.985,.011, 9.906E+02, 1.267E+02, 2.776E-01, 8.902E-03, 0.000E+00, 0.000E+00, 0.000E+00, 0.000E+00,-3.114E+01, 1.286E+01, 3.548E+00, 4.791E-01, 1.968E-01,-9.990E+02, 1.000E+00,-9.990E+02, 0.000E+00, 0.000E+00, 0.000E+00, 1.000E+00, 0.000E+00, 0.000E+00, 0.000E+00, 0.000E+00, 9.162E+01, 3.474E+01, 4.901E-02, 0.000E+00, 2.041E+01, 8.935E-03, 1.188E-02
13/12/2019,20:00,9,2.206,2.706,2.293,.981,.014, 9.901E+02, 1.334E+02, 2.776E-01, 8.647E-03, 0.000E+00, 0.000E+00, 0.000E+00, 0.000E+00,-3.114E+01, 1.286E+01, 3.762E+00, 4.794E-01, 2.087E-01,-9.990E+02, 1.000E+00,-9.990E+02, 0.000E+00, 0.000E+00, 0.000E+00, 1.000E+00, 0.000E+00, 0.000E+00, 0.000E+00, 0.000E+00, 8.639E+01, 3.275E+01, 5.046E-02, 0.000E+00, 1.982E+01, 9.425E-03, 8.032E-03
13/12/2019,21:00,9,2.206,2.706,2.454,.977,.016, 9.897E+02, 1.389E+02, 2.472E-02, 8.393E-03, 0.000E+00, 0.000E+00, 0.000E+00, 0.000E+00,-2.953E+01, 1.390E+01, 3.982E+00, 5.409E-01, 2.259E-01,-9.990E+02, 1.000E+00,-9.990E+02, 0.000E+00, 0.000E+00, 0.000E+00, 1.000E+00, 0.000E+00, 0.000E+00, 0.000E+00, 0.000E+00, 7.801E+01, 3.025E+01, 5.192E-02, 0.000E+00, 1.926E+01, 1.012E-02, 1.506E-02
13/12/2019,22:00,9,2.206,2.706,2.346,.976,.018, 9.892E+02, 1.424E+02, 2.472E-02, 8.393E-03, 0.000E+00, 0.000E+00, 0.000E+00, 0.000E+00,-2.953E+01, 1.390E+01, 3.997E+00, 5.409E-01, 2.268E-01,-9.990E+02, 1.000E+00,-9.990E+02, 0.000E+00, 0.000E+00, 0.000E+00, 1.000E+00, 0.000E+00, 0.000E+00, 0.000E+00, 0.000E+00, 7.772E+01, 3.014E+01, 5.192E-02, 0.000E+00, 1.926E+01, 1.015E-02, 4.054E-03
13/12/2019,23:00,9,2.206,2.706,2.238,.974,.019, 9.888E+02, 1.431E+02, 2.472E-02, 8.393E-03, 0.000E+00, 0.000E+00, 0.000E+00, 0.000E+00,-2.953E+01, 1.390E+01, 4.021E+00, 5.409E-01, 2.281E-01,-9.990E+02, 1.000E+00,-9.990E+02, 0.000E+00, 0.000E+00, 0.000E+00, 1.000E+00, 0.000E+00, 0.000E+00, 0.000E+00, 0.000E+00, 7.726E+01, 2.996E+01, 5.192E-02, 0.000E+00, 1.926E+01, 1.020E-02, 2.643E-03
14/12/2019,00:00,9,2.195,2.695,2.129,.972,.020, 9.883E+02, 1.409E+02, 4.507E-01, 8.393E-03, 0.000E+00, 0.000E+00, 0.000E+00, 0.000E+00,-2.323E+01, 1.869E+01, 4.054E+00, 6.257E-01, 2.352E-01,-9.990E+02, 1.000E+00,-9.990E+02, 0.000E+00, 0.000E+00, 0.000E+00, 1.000E+00, 0.000E+00, 0.000E+00, 0.000E+00, 0.000E+00, 7.330E+01, 2.907E+01, 5.192E-02, 0.000E+00, 1.926E+01, 1.047E-02, 2.295E-03
14/12/2019,01:00,9,2.195,2.695,1.819,.981,.013, 9.876E+02, 1.363E+02, 4.507E-01, 6.358E-03, 0.000E+00, 0.000E+00, 0.000E+00, 0.000E+00,-2.323E+01, 1.869E+01, 4.041E+00, 6.256E-01, 2.344E-01,-9.990E+02, 1.000E+00,-9.990E+02, 0.000E+00, 0.000E+00, 0.000E+00, 1.000E+00, 0.000E+00, 0.000E+00, 0.000E+00, 0.000E+00, 7.353E+01, 2.916E+01, 6.358E-02, 0.000E+00, 1.573E+01, 1.084E-02, 2.984E-03
14/12/2019,02:00,9,2.195,2.695,1.509,.990,.007, 9.869E+02, 1.301E+02, 4.507E-01, 4.324E-03, 0.000E+00, 0.000E+00, 0.000E+00, 0.000E+00,-2.323E+01, 1.869E+01, 4.031E+00, 6.254E-01, 2.338E-01,-9.990E+02, 1.000E+00,-9.990E+02, 0.000E+00, 0.000E+00, 0.000E+00, 1.000E+00, 0.000E+00, 0.000E+00, 0.000E+00, 0.000E+00, 7.373E+01, 2.923E+01, 7.523E-02, 0.000E+00, 1.329E+01, 1.111E-02, 8.304E-03
14/12/2019,03:00,9,2.195,2.695,1.199,.999,.001, 9.863E+02, 1.230E+02, 1.260E-01, 2.289E-03, 0.000E+00, 0.000E+00, 0.000E+00, 0.000E+00,-2.552E+01, 1.821E+01, 4.022E+00, 5.317E-01, 2.291E-01,-9.990E+02, 1.000E+00,-9.990E+02, 0.000E+00, 0.000E+00, 0.000E+00, 1.000E+00, 0.000E+00, 0.000E+00, 0.000E+00, 0.000E+00, 7.663E+01, 2.984E+01, 8.689E-02, 0.000E+00, 1.151E+01, 1.112E-02, 1.440E-02
14/12/2019,04:00,9,2.195,2.695,1.402,.998,.002, 9.857E+02, 1.155E+02, 1.260E-01, 2.289E-03, 0.000E+00, 0.000E+00, 0.000E+00, 0.000E+00,-2.552E+01, 1.821E+01, 3.974E+00, 5.321E-01, 2.264E-01,-9.990E+02, 1.000E+00,-9.990E+02, 0.000E+00, 0.000E+00, 0.000E+00, 1.000E+00, 0.000E+00, 0.000E+00, 0.000E+00, 0.000E+00, 7.753E+01, 3.019E+01, 8.689E-02, 0.000E+00, 1.151E+01, 1.101E-02, 3.132E-02
14/12/2019,05:00,9,2.195,2.695,1.605,.997,.002, 9.852E+02, 1.081E+02, 1.260E-01, 2.289E-03, 0.000E+00, 0.000E+00, 0.000E+00, 0.000E+00,-2.552E+01, 1.821E+01, 3.930E+00, 5.324E-01, 2.239E-01,-9.990E+02, 1.000E+00,-9.990E+02, 0.000E+00, 0.000E+00, 0.000E+00, 1.000E+00, 0.000E+00, 0.000E+00, 0.000E+00, 0.000E+00, 7.841E+01, 3.053E+01, 8.689E-02, 0.000E+00, 1.151E+01, 1.090E-02, 5.120E-02
14/12/2019,06:00,9,2.195,2.695,1.808,.996,.003, 9.847E+02, 1.012E+02, 2.408E-01, 2.289E-03, 0.000E+00, 0.000E+00, 0.000E+00, 0.000E+00,-3.699E+01, 1.900E+01, 3.888E+00, 5.362E-01, 2.177E-01,-9.990E+02, 1.000E+00,-9.990E+02, 0.000E+00, 0.000E+00, 0.000E+00, 1.000E+00, 0.000E+00, 0.000E+00, 0.000E+00, 0.000E+00, 8.199E+01, 3.139E+01, 8.689E-02, 0.000E+00, 1.151E+01, 1.062E-02, 4.884E-02
14/12/2019,07:00,9,2.195,2.695,2.104,.988,.008, 9.847E+02, 9.498E+01, 2.408E-01, 2.035E-03, 0.000E+00, 0.000E+00, 0.000E+00, 0.000E+00,-3.699E+01, 1.900E+01, 3.899E+00, 5.364E-01, 2.184E-01,-9.990E+02, 1.000E+00,-9.990E+02, 0.000E+00, 0.000E+00, 0.000E+00, 1.000E+00, 0.000E+00, 0.000E+00, 0.000E+00, 0.000E+00, 8.174E+01, 3.130E+01, 8.834E-02, 0.000E+00, 1.132E+01, 1.067E-02, 3.761E-02
14/12/2019,08:00,9,2.195,2.695,2.400,.981,.014, 9.848E+02, 8.983E+01, 2.408E-01, 1.780E-03, 3.308E-26, 6.297E-01, 0.000E+00, 0.000E+00,-3.699E+01, 1.900E+01, 3.943E+00, 5.367E-01, 2.209E-01,-9.990E+02, 1.000E+00,-9.990E+02, 0.000E+00, 0.000E+00, 0.000E+00, 1.000E+00, 0.000E+00, 0.000E+00, 0.000E+00, 0.000E+00, 8.082E+01, 3.095E+01, 8.980E-02, 0.000E+00, 1.114E+01, 1.080E-02, 9.366E-02
14/12/2019,09:00,9,2.195,2.695,2.697,.973,.020, 9.848E+02, 8.602E+01, 1.887E-01, 1.526E-03, 1.195E+00, 1.242E+01, 1.390E+01, 5.289E+00,-3.147E+01, 2.395E+01, 4.018E+00, 5.474E-01, 2.276E-01, 6.325E-02, 1.000E+00, 2.107E-01, 4.355E-01, 1.000E-02, 1.000E+00, 1.000E+00, 2.107E-03, 1.305E-05, 2.697E-05, 0.000E+00, 7.753E+01, 3.003E+01, 9.126E-02, 3.926E-05, 1.095E+01, 1.112E-02, 1.188E-01
14/12/2019,10:00,9,2.195,2.695,2.817,.973,.020, 9.844E+02, 8.382E+01, 1.887E-01, 1.526E-03, 4.667E+00, 2.127E+01, 3.086E+01, 9.198E+00,-3.147E+01, 2.395E+01, 3.956E+00, 5.476E-01, 2.241E-01, 9.816E-02, 1.000E+00, 3.547E-01, 7.190E-01, 1.000E-02, 1.000E+00, 1.000E+00, 3.547E-03, 2.197E-05, 4.454E-05, 0.000E+00, 7.875E+01, 3.050E+01, 9.126E-02, 6.612E-05, 1.095E+01, 1.097E-02, 1.349E-01
14/12/2019,11:00,9,2.195,2.695,2.938,.972,.021, 9.841E+02, 8.337E+01, 1.887E-01, 1.526E-03, 5.589E+00, 2.318E+01, 3.427E+01, 1.005E+01,-3.147E+01, 2.395E+01, 3.895E+00, 5.478E-01, 2.207E-01, 1.052E-01, 1.000E+00, 3.825E-01, 7.557E-01, 1.000E-02, 1.000E+00, 1.000E+00, 3.825E-03, 2.371E-05, 4.684E-05, 0.000E+00, 7.997E+01, 3.097E+01, 9.126E-02, 7.134E-05, 1.095E+01, 1.082E-02, 1.496E-01
14/12/2019,12:00,9,2.195,2.695,3.058,.971,.022, 9.838E+02, 8.473E+01, 3.046E-01, 1.526E-03, 1.567E-01, 7.982E+00, 4.216E+00, 3.364E+00,-3.900E+01, 2.532E+01, 3.835E+00, 6.053E-01, 2.181E-01, 8.375E-02, 1.000E+00, 1.317E-01, 1.592E-01, 1.000E-02, 1.000E+00, 1.000E+00, 1.317E-03, 8.167E-06, 9.872E-06, 0.000E+00, 8.061E+01, 3.134E+01, 9.126E-02, 2.458E-05, 1.095E+01, 1.072E-02, 1.309E-01
14/12/2019,13:00,9,2.195,2.695,2.940,.979,.016, 9.835E+02, 8.777E+01, 3.046E-01, 3.052E-03, 4.587E-03, 2.622E+00, 1.162E+00, 1.102E+00,-3.900E+01, 2.532E+01, 3.981E+00, 6.052E-01, 2.264E-01, 3.539E-02, 1.000E+00, 4.441E-02, 4.665E-02, 1.000E-02, 1.000E+00, 1.000E+00, 4.441E-04, 2.753E-06, 2.891E-06, 0.000E+00, 7.766E+01, 3.019E+01, 8.252E-02, 8.284E-06, 1.212E+01, 1.093E-02, 1.096E-01
14/12/2019,14:00,9,2.195,2.695,2.822,.987,.009, 9.833E+02, 9.230E+01, 3.046E-01, 4.578E-03, 0.000E+00, 0.000E+00, 0.000E+00, 0.000E+00,-3.900E+01, 2.532E+01, 4.145E+00, 6.052E-01, 2.358E-01,-9.990E+02, 1.000E+00,-9.990E+02, 0.000E+00, 0.000E+00, 0.000E+00, 1.000E+00, 0.000E+00, 0.000E+00, 0.000E+00, 0.000E+00, 7.458E+01, 2.899E+01, 7.377E-02, 0.000E+00, 1.355E+01, 1.114E-02, 8.866E-02
14/12/2019,15:00,9,2.195,2.695,2.705,.996,.003, 9.831E+02, 9.803E+01, 1.548E-01, 6.104E-03, 0.000E+00, 0.000E+00, 0.000E+00, 0.000E+00,-3.423E+01, 1.806E+01, 4.326E+00, 5.465E-01, 2.440E-01,-9.990E+02, 1.000E+00,-9.990E+02, 0.000E+00, 0.000E+00, 0.000E+00, 1.000E+00, 0.000E+00, 0.000E+00, 0.000E+00, 0.000E+00, 7.264E+01, 2.801E+01, 6.503E-02, 0.000E+00, 1.538E+01, 1.123E-02, 1.125E-01
14/12/2019,16:00,9,2.195,2.695,2.731,.996,.003, 9.830E+02, 1.047E+02, 1.548E-01, 5.850E-03, 0.000E+00, 0.000E+00, 0.000E+00, 0.000E+00,-3.423E+01, 1.806E+01, 4.074E+00, 5.466E-01, 2.298E-01,-9.990E+02, 1.000E+00,-9.990E+02, 0.000E+00, 0.000E+00, 0.000E+00, 1.000E+00, 0.000E+00, 0.000E+00, 0.000E+00, 0.000E+00, 7.714E+01, 2.975E+01, 6.649E-02, 0.000E+00, 1.504E+01, 1.072E-02, 8.572E-02
14/12/2019,17:00,9,2.195,2.695,2.757,.997,.002, 9.829E+02, 1.119E+02, 1.548E-01, 5.595E-03, 0.000E+00, 0.000E+00, 0.000E+00, 0.000E+00,-3.423E+01, 1.806E+01, 3.828E+00, 5.466E-01, 2.159E-01,-9.990E+02, 1.000E+00,-9.990E+02, 0.000E+00, 0.000E+00, 0.000E+00, 1.000E+00, 0.000E+00, 0.000E+00, 0.000E+00, 0.000E+00, 8.210E+01, 3.166E+01, 6.795E-02, 0.000E+00, 1.472E+01, 1.021E-02, 6.524E-02
14/12/2019,18:00,9,2.195,2.695,2.783,.998,.002, 9.827E+02, 1.193E+02, 1.640E-01, 5.341E-03, 0.000E+00, 0.000E+00, 0.000E+00, 0.000E+00,-2.042E+01, 8.432E+00, 3.590E+00, 4.194E-01, 1.993E-01,-9.990E+02, 1.000E+00,-9.990E+02, 0.000E+00, 0.000E+00, 0.000E+00, 1.000E+00, 0.000E+00, 0.000E+00, 0.000E+00, 0.000E+00, 9.037E+01, 3.430E+01, 6.940E-02, 0.000E+00, 1.441E+01, 9.546E-03, 4.181E-02
14/12/2019,19:00,9,2.195,2.695,2.814,.997,.002, 9.827E+02, 1.267E+02, 1.640E-01, 5.341E-03, 0.000E+00, 0.000E+00, 0.000E+00, 0.000E+00,-2.042E+01, 8.432E+00, 3.350E+00, 4.194E-01, 1.860E-01,-9.990E+02, 1.000E+00,-9.990E+02, 0.000E+00, 0.000E+00, 0.000E+00, 1.000E+00, 0.000E+00, 0.000E+00, 0.000E+00, 0.000E+00, 9.685E+01, 3.675E+01, 6.940E-02, 0.000E+00, 1.441E+01, 8.991E-03, 3.946E-02
14/12/2019,20:00,9,2.195,2.695,2.844,.997,.002, 9.827E+02, 1.334E+02, 1.640E-01, 5.341E-03, 0.000E+00, 0.000E+00, 0.000E+00, 0.000E+00,-2.042E+01, 8.432E+00, 3.146E+00, 4.195E-01, 1.747E-01,-9.990E+02, 1.000E+00,-9.990E+02, 0.000E+00, 0.000E+00, 0.000E+00, 1.000E+00, 0.000E+00, 0.000E+00, 0.000E+00, 0.000E+00, 1.031E+02, 3.913E+01, 6.940E-02, 0.000E+00, 1.441E+01, 8.511E-03, 3.637E-02
14/12/2019,21:00,9,2.195,2.695,2.875,.997,.002, 9.827E+02, 1.389E+02, 4.745E-02, 5.341E-03, 0.000E+00, 0.000E+00, 0.000E+00, 0.000E+00,-1.919E+01, 4.483E+00, 2.986E+00, 3.943E-01, 1.644E-01,-9.990E+02, 1.000E+00,-9.990E+02, 0.000E+00, 0.000E+00, 0.000E+00, 1.000E+00, 0.000E+00, 0.000E+00, 0.000E+00, 0.000E+00, 1.105E+02, 4.158E+01, 6.940E-02, 0.000E+00, 1.441E+01, 8.062E-03, 3.424E-02
14/12/2019,22:00,9,2.195,2.695,2.688,.998,.002, 9.829E+02, 1.424E+02, 4.745E-02, 5.087E-03, 0.000E+00, 0.000E+00, 0.000E+00, 0.000E+00,-1.919E+01, 4.483E+00, 2.983E+00, 3.941E-01, 1.642E-01,-9.990E+02, 1.000E+00,-9.990E+02, 0.000E+00, 0.000E+00, 0.000E+00, 1.000E+00, 0.000E+00, 0.000E+00, 0.000E+00, 0.000E+00, 1.107E+02, 4.164E+01, 7.086E-02, 0.000E+00, 1.411E+01, 8.072E-03, 2.132E-02
14/12/2019,23:00,9,2.195,2.695,2.502,.998,.001, 9.830E+02, 1.431E+02, 4.745E-02, 4.832E-03, 0.000E+00, 0.000E+00, 0.000E+00, 0.000E+00,-1.919E+01, 4.483E+00, 2.981E+00, 3.940E-01, 1.641E-01,-9.990E+02, 1.000E+00,-9.990E+02, 0.000E+00, 0.000E+00, 0.000E+00, 1.000E+00, 0.000E+00, 0.000E+00, 0.000E+00, 0.000E+00, 1.107E+02, 4.166E+01, 7.232E-02, 0.000E+00, 1.383E+01, 8.086E-03, 2.771E-02
15/12/2019,00:00,9,2.183,2.683,2.315,.998,.001, 9.832E+02, 1.410E+02, 4.903E-02, 4.578E-03, 0.000E+00, 0.000E+00, 0.000E+00, 0.000E+00,-2.131E+01,-5.070E-01, 2.981E+00, 3.556E-01, 1.582E-01,-9.990E+02, 1.000E+00,-9.990E+02, 0.000E+00, 0.000E+00, 0.000E+00, 1.000E+00, 0.000E+00, 0.000E+00, 0.000E+00, 0.000E+00, 1.192E+02, 4.322E+01, 7.377E-02, 0.000E+00, 1.355E+01, 7.819E-03, 3.569E-02
15/12/2019,01:00,9,2.183,2.683,2.368,.998,.001, 9.833E+02, 1.364E+02, 4.903E-02, 3.052E-03, 0.000E+00, 0.000E+00, 0.000E+00, 0.000E+00,-2.131E+01,-5.070E-01, 2.967E+00, 3.556E-01, 1.574E-01,-9.990E+02, 1.000E+00,-9.990E+02, 0.000E+00, 0.000E+00, 0.000E+00, 1.000E+00, 0.000E+00, 0.000E+00, 0.000E+00, 0.000E+00, 1.197E+02, 4.342E+01, 8.252E-02, 0.000E+00, 1.212E+01, 7.875E-03, 3.290E-02
15/12/2019,02:00,9,2.183,2.683,2.422,.998,.001, 9.834E+02, 1.302E+02, 4.903E-02, 1.526E-03, 0.000E+00, 0.000E+00, 0.000E+00, 0.000E+00,-2.131E+01,-5.070E-01, 2.954E+00, 3.556E-01, 1.567E-01,-9.990E+02, 1.000E+00,-9.990E+02, 0.000E+00, 0.000E+00, 0.000E+00, 1.000E+00, 0.000E+00, 0.000E+00, 0.000E+00, 0.000E+00, 1.203E+02, 4.362E+01, 9.126E-02, 0.000E+00, 1.096E+01, 7.915E-03, 2.338E-02
15/12/2019,03:00,9,2.183,2.683,2.476,.998,.001, 9.834E+02, 1.231E+02, 1.412E-02, 3.469E-16, 0.000E+00, 0.000E+00, 0.000E+00, 0.000E+00,-1.870E+01, 3.084E+00, 2.941E+00, 3.563E-01, 1.582E-01,-9.990E+02, 1.000E+00,-9.990E+02, 0.000E+00, 0.000E+00, 0.000E+00, 1.000E+00, 0.000E+00, 0.000E+00, 0.000E+00, 0.000E+00, 1.175E+02, 4.321E+01, 1.000E-01, 0.000E+00, 1.000E+01, 8.054E-03, 2.394E-02
15/12/2019,04:00,9,2.183,2.683,2.492,.994,.004, 9.835E+02, 1.156E+02, 1.412E-02, 3.469E-16, 0.000E+00, 0.000E+00, 0.000E+00, 0.000E+00,-1.870E+01, 3.084E+00, 2.977E+00, 3.563E-01, 1.601E-01,-9.990E+02, 1.000E+00,-9.990E+02, 0.000E+00, 0.000E+00, 0.000E+00, 1.000E+00, 0.000E+00, 0.000E+00, 0.000E+00, 0.000E+00, 1.161E+02, 4.268E+01, 1.000E-01, 0.000E+00, 1.000E+01, 8.145E-03, 2.237E-02
15/12/2019,05:00,9,2.183,2.683,2.507,.990,.007, 9.836E+02, 1.082E+02, 1.412E-02, 3.469E-16, 0.000E+00, 0.000E+00, 0.000E+00, 0.000E+00,-1.870E+01, 3.084E+00, 3.015E+00, 3.563E-01, 1.622E-01,-9.990E+02, 1.000E+00,-9.990E+02, 0.000E+00, 0.000E+00, 0.000E+00, 1.000E+00, 0.000E+00, 0.000E+00, 0.000E+00, 0.000E+00, 1.146E+02, 4.215E+01, 1.000E-01, 0.000E+00, 1.000E+01, 8.240E-03, 3.142E-02
15/12/2019,06:00,9,2.183,2.683,2.523,.986,.010, 9.837E+02, 1.013E+02, 6.692E-03, 3.469E-16, 0.000E+00, 0.000E+00, 0.000E+00, 0.000E+00,-1.825E+01, 2.630E+00, 3.055E+00, 3.678E-01, 1.661E-01,-9.990E+02, 1.000E+00,-9.990E+02, 0.000E+00, 0.000E+00, 0.000E+00, 1.000E+00, 0.000E+00, 0.000E+00, 0.000E+00, 0.000E+00, 1.107E+02, 4.116E+01, 1.000E-01, 0.000E+00, 1.000E+01, 8.430E-03, 3.264E-02
15/12/2019,07:00,9,2.183,2.683,2.538,.988,.009, 9.839E+02, 9.507E+01, 6.692E-03, 3.469E-16, 0.000E+00, 0.000E+00, 0.000E+00, 0.000E+00,-1.825E+01, 2.630E+00, 2.993E+00, 3.678E-01, 1.627E-01,-9.990E+02, 1.000E+00,-9.990E+02, 0.000E+00, 0.000E+00, 0.000E+00, 1.000E+00, 0.000E+00, 0.000E+00, 0.000E+00, 0.000E+00, 1.130E+02, 4.200E+01, 1.000E-01, 0.000E+00, 1.000E+01, 8.274E-03, 3.786E-02
15/12/2019,08:00,9,2.183,2.683,2.553,.989,.008, 9.842E+02, 8.991E+01, 6.692E-03, 3.469E-16, 1.323E-49, 3.389E-01, 0.000E+00, 0.000E+00,-1.825E+01, 2.630E+00, 2.932E+00, 3.678E-01, 1.594E-01,-9.990E+02, 1.000E+00,-9.990E+02, 0.000E+00, 0.000E+00, 0.000E+00, 1.000E+00, 0.000E+00, 0.000E+00, 0.000E+00, 0.000E+00, 1.154E+02, 4.289E+01, 1.000E-01, 0.000E+00, 1.000E+01, 8.117E-03, 3.519E-02
15/12/2019,09:00,9,2.183,2.683,2.568,.991,.007, 9.844E+02, 8.609E+01, 1.132E-02, 3.469E-16, 1.831E-01, 6.920E+00, 4.271E+00, 2.928E+00,-9.585E+00, 1.124E+01, 2.870E+00, 3.982E-01, 1.642E-01, 6.241E-02, 1.000E+00, 1.164E-01, 1.611E-01, 1.000E-02, 1.000E+00, 1.000E+00, 1.164E-03, 7.207E-06, 9.972E-06, 0.000E+00, 1.065E+02, 4.163E+01, 1.000E-01, 2.158E-05, 9.998E+00, 8.378E-03, 6.438E-02
15/12/2019,10:00,9,2.183,2.683,2.756,.988,.009, 9.844E+02, 8.388E+01, 1.132E-02, 3.469E-16, 7.436E-01, 1.294E+01, 8.980E+00, 5.495E+00,-9.585E+00, 1.124E+01, 2.831E+00, 3.983E-01, 1.620E-01, 9.772E-02, 1.000E+00, 2.127E-01, 3.088E-01, 1.000E-02, 1.000E+00, 1.000E+00, 2.127E-03, 1.317E-05, 1.913E-05, 0.000E+00, 1.079E+02, 4.220E+01, 1.000E-01, 3.944E-05, 9.996E+00, 8.274E-03, 8.838E-02
15/12/2019,11:00,9,2.183,2.683,2.944,.984,.012, 9.844E+02, 8.342E+01, 1.132E-02, 3.469E-16, 8.977E-01, 1.434E+01, 1.001E+01, 6.095E+00,-9.585E+00, 1.124E+01, 2.840E+00, 3.984E-01, 1.625E-01, 1.050E-01, 1.000E+00, 2.339E-01, 3.375E-01, 1.000E-02, 1.000E+00, 1.000E+00, 2.339E-03, 1.450E-05, 2.092E-05, 0.000E+00, 1.076E+02, 4.207E+01, 1.000E-01, 4.340E-05, 9.996E+00, 8.297E-03, 1.441E-01
15/12/2019,12:00,9,2.183,2.683,3.131,.981,.015, 9.844E+02, 8.476E+01, 1.740E-02, 3.469E-16, 9.240E-02, 7.237E+00, 3.562E+00, 3.056E+00,-1.067E+01, 5.979E+00, 2.896E+00, 3.457E-01, 1.615E-01, 8.370E-02, 1.000E+00, 1.196E-01, 1.363E-01, 1.000E-02, 1.000E+00, 1.000E+00, 1.196E-03, 7.421E-06, 8.452E-06, 0.000E+00, 1.110E+02, 4.232E+01, 1.000E-01, 2.222E-05, 9.998E+00, 8.235E-03, 1.972E-01
15/12/2019,13:00,9,2.183,2.683,3.008,.983,.013, 9.845E+02, 8.779E+01, 1.740E-02, 4.069E-03, 2.637E-03, 2.366E+00, 1.032E+00, 9.975E-01,-1.067E+01, 5.979E+00, 2.870E+00, 3.456E-01, 1.601E-01, 3.533E-02, 1.000E+00, 4.024E-02, 4.154E-02, 1.000E-02, 1.000E+00, 1.000E+00, 4.024E-04, 2.495E-06, 2.575E-06, 0.000E+00, 1.120E+02, 4.271E+01, 7.669E-02, 7.470E-06, 1.304E+01, 7.969E-03, 2.575E-01
15/12/2019,14:00,9,2.183,2.683,2.886,.984,.012, 9.847E+02, 9.231E+01, 1.740E-02, 8.139E-03, 0.000E+00, 0.000E+00, 0.000E+00, 0.000E+00,-1.067E+01, 5.979E+00, 2.865E+00, 3.455E-01, 1.597E-01,-9.990E+02, 1.000E+00,-9.990E+02, 0.000E+00, 0.000E+00, 0.000E+00, 1.000E+00, 0.000E+00, 0.000E+00, 0.000E+00, 0.000E+00, 1.123E+02, 4.279E+01, 5.338E-02, 0.000E+00, 1.873E+01, 7.610E-03, 2.936E-01
15/12/2019,15:00,9,2.183,2.683,2.763,.986,.011, 9.848E+02, 9.803E+01, 3.530E-03, 1.221E-02, 0.000E+00, 0.000E+00, 0.000E+00, 0.000E+00,-1.702E+01, 1.800E+00, 2.880E+00, 3.615E-01, 1.568E-01,-9.990E+02, 1.000E+00,-9.990E+02, 0.000E+00, 0.000E+00, 0.000E+00, 1.000E+00, 0.000E+00, 0.000E+00, 0.000E+00, 0.000E+00, 1.171E+02, 4.359E+01, 2.450E-02, 0.000E+00, 4.082E+01, 6.416E-03, 3.142E-01
15/12/2019,16:00,9,2.183,2.683,2.531,.987,.009, 9.847E+02, 1.046E+02, 3.530E-03, 1.195E-02, 0.000E+00, 0.000E+00, 0.000E+00, 0.000E+00,-1.702E+01, 1.800E+00, 2.812E+00, 3.613E-01, 1.531E-01,-9.990E+02, 1.000E+00,-9.990E+02, 0.000E+00, 0.000E+00, 0.000E+00, 1.000E+00, 0.000E+00, 0.000E+00, 0.000E+00, 0.000E+00, 1.200E+02, 4.465E+01, 2.292E-02, 0.000E+00, 4.362E+01, 6.194E-03, 3.479E-01
15/12/2019,17:00,9,2.183,2.683,2.299,.989,.008, 9.847E+02, 1.119E+02, 3.530E-03, 1.170E-02, 0.000E+00, 0.000E+00, 0.000E+00, 0.000E+00,-1.702E+01, 1.800E+00, 2.760E+00, 3.612E-01, 1.503E-01,-9.990E+02, 1.000E+00,-9.990E+02, 0.000E+00, 0.000E+00, 0.000E+00, 1.000E+00, 0.000E+00, 0.000E+00, 0.000E+00, 0.000E+00, 1.222E+02, 4.549E+01, 2.410E-02, 0.000E+00, 4.149E+01, 6.191E-03, 3.007E-01
15/12/2019,18:00,9,2.183,2.683,2.067,.990,.007, 9.846E+02, 1.193E+02, 7.643E-02, 1.144E-02, 0.000E+00, 0.000E+00, 0.000E+00, 0.000E+00,-8.668E+00, 2.073E-01, 2.725E+00, 2.469E-01, 1.414E-01,-9.990E+02, 1.000E+00,-9.990E+02, 0.000E+00, 0.000E+00, 0.000E+00, 1.000E+00, 0.000E+00, 0.000E+00, 0.000E+00, 0.000E+00, 1.364E+02, 4.836E+01, 3.042E-02, 0.000E+00, 3.288E+01, 6.208E-03, 2.446E-01
15/12/2019,19:00,9,2.183,2.683,1.855,.992,.005, 9.846E+02, 1.267E+02, 7.643E-02, 1.144E-02, 0.000E+00, 0.000E+00, 0.000E+00, 0.000E+00,-8.668E+00, 2.073E-01, 1.978E+00, 2.468E-01, 1.026E-01,-9.990E+02, 1.000E+00,-9.990E+02, 0.000E+00, 0.000E+00, 0.000E+00, 1.000E+00, 0.000E+00, 0.000E+00, 0.000E+00, 0.000E+00, 1.879E+02, 6.662E+01, 3.444E-02, 0.000E+00, 2.904E+01, 4.862E-03, 1.902E-01
15/12/2019,20:00,9,2.183,2.683,1.642,.994,.004, 9.846E+02, 1.334E+02, 7.643E-02, 1.144E-02, 0.000E+00, 0.000E+00, 0.000E+00, 0.000E+00,-8.668E+00, 2.073E-01, 1.511E+00, 2.467E-01, 1.000E-01,-9.990E+02, 1.000E+00,-9.990E+02, 0.000E+00, 0.000E+00, 0.000E+00, 1.000E+00, 0.000E+00, 0.000E+00, 0.000E+00, 0.000E+00, 1.928E+02, 6.835E+01, 3.444E-02, 0.000E+00, 2.904E+01, 4.756E-03, 6.967E-02
15/12/2019,21:00,9,2.183,2.683,1.430,.996,.002, 9.846E+02, 1.389E+02, 1.118E-01, 1.144E-02, 0.000E+00, 0.000E+00, 0.000E+00, 0.000E+00,-5.627E+00,-2.042E+00, 1.592E+00, 1.529E-01, 1.000E-01,-9.990E+02, 1.000E+00,-9.990E+02, 0.000E+00, 0.000E+00, 0.000E+00, 1.000E+00, 0.000E+00, 0.000E+00, 0.000E+00, 0.000E+00, 2.351E+02, 6.835E+01, 3.444E-02, 0.000E+00, 2.904E+01, 4.669E-03, 2.924E-02
15/12/2019,22:00,9,2.183,2.683,1.306,.998,.002, 9.849E+02, 1.424E+02, 1.118E-01, 1.144E-02, 0.000E+00, 0.000E+00, 0.000E+00, 0.000E+00,-5.627E+00,-2.042E+00, 9.970E-01, 1.528E-01, 1.000E-01,-9.990E+02, 1.000E+00,-9.990E+02, 0.000E+00, 0.000E+00, 0.000E+00, 1.000E+00, 0.000E+00, 0.000E+00, 0.000E+00, 0.000E+00, 2.352E+02, 6.835E+01, 3.444E-02, 0.000E+00, 2.904E+01, 4.668E-03, 1.269E-02
15/12/2019,23:00,9,2.183,2.683,1.182,.999,.001, 9.853E+02, 1.432E+02, 1.118E-01, 1.144E-02, 0.000E+00, 0.000E+00, 0.000E+00, 0.000E+00,-5.627E+00,-2.042E+00, 1.104E+00, 1.528E-01, 1.000E-01,-9.990E+02, 1.000E+00,-9.990E+02, 0.000E+00, 0.000E+00, 0.000E+00, 1.000E+00, 0.000E+00, 0.000E+00, 0.000E+00, 0.000E+00, 2.352E+02, 6.835E+01, 3.444E-02, 0.000E+00, 2.904E+01, 4.668E-03, 1.182E-02
16/12/2019,00:00,9,2.172,2.672,1.058,1.000,.000, 9.857E+02, 1.410E+02, 1.433E-02, 1.144E-02, 0.000E+00, 0.000E+00, 0.000E+00, 0.000E+00,-6.254E+00, 3.246E+00, 1.791E+00, 3.415E-01, 1.023E-01,-9.990E+02, 1.000E+00,-9.990E+02, 0.000E+00, 0.000E+00, 0.000E+00, 1.000E+00, 0.000E+00, 0.000E+00, 0.000E+00, 0.000E+00, 1.710E+02, 6.679E+01, 3.444E-02, 0.000E+00, 2.904E+01, 4.890E-03, 1.591E-02
16/12/2019,01:00,9,2.172,2.672,1.377,.997,.002, 9.869E+02, 1.365E+02, 1.433E-02, 7.630E-03, 0.000E+00, 0.000E+00, 0.000E+00, 0.000E+00,-6.254E+00, 3.246E+00, 1.863E+00, 3.415E-01, 1.064E-01,-9.990E+02, 1.000E+00,-9.990E+02, 0.000E+00, 0.000E+00, 0.000E+00, 1.000E+00, 0.000E+00, 0.000E+00, 0.000E+00, 0.000E+00, 1.644E+02, 6.422E+01, 5.629E-02, 0.000E+00, 1.776E+01, 5.362E-03, 2.124E-02
16/12/2019,02:00,9,2.172,2.672,1.696,.995,.004, 9.881E+02, 1.303E+02, 1.433E-02, 3.815E-03, 0.000E+00, 0.000E+00, 0.000E+00, 0.000E+00,-6.254E+00, 3.246E+00, 2.199E+00, 3.414E-01, 1.257E-01,-9.990E+02, 1.000E+00,-9.990E+02, 0.000E+00, 0.000E+00, 0.000E+00, 1.000E+00, 0.000E+00, 0.000E+00, 0.000E+00, 0.000E+00, 1.393E+02, 5.439E+01, 7.815E-02, 0.000E+00, 1.280E+01, 6.422E-03, 3.896E-02
16/12/2019,03:00,9,2.172,2.672,2.015,.992,.005, 9.894E+02, 1.232E+02, 8.780E-03, 3.469E-16, 0.000E+00, 0.000E+00, 0.000E+00, 0.000E+00,-1.503E+01, 1.096E+01, 2.704E+00, 4.351E-01, 1.536E-01,-9.990E+02, 1.000E+00,-9.990E+02, 0.000E+00, 0.000E+00, 0.000E+00, 1.000E+00, 0.000E+00, 0.000E+00, 0.000E+00, 0.000E+00, 1.147E+02, 4.451E+01, 1.000E-01, 0.000E+00, 1.000E+01, 7.873E-03, 4.349E-02
16/12/2019,04:00,9,2.172,2.672,1.803,.986,.010, 9.902E+02, 1.157E+02, 8.780E-03, 3.469E-16, 0.000E+00, 0.000E+00, 0.000E+00, 0.000E+00,-1.503E+01, 1.096E+01, 2.854E+00, 4.348E-01, 1.621E-01,-9.990E+02, 1.000E+00,-9.990E+02, 0.000E+00, 0.000E+00, 0.000E+00, 1.000E+00, 0.000E+00, 0.000E+00, 0.000E+00, 0.000E+00, 1.087E+02, 4.218E+01, 1.000E-01, 0.000E+00, 1.000E+01, 8.273E-03, 2.078E-02
16/12/2019,05:00,9,2.172,2.672,1.591,.980,.014, 9.910E+02, 1.083E+02, 8.780E-03, 3.469E-16, 0.000E+00, 0.000E+00, 0.000E+00, 0.000E+00,-1.503E+01, 1.096E+01, 3.078E+00, 4.344E-01, 1.748E-01,-9.990E+02, 1.000E+00,-9.990E+02, 0.000E+00, 0.000E+00, 0.000E+00, 1.000E+00, 0.000E+00, 0.000E+00, 0.000E+00, 0.000E+00, 1.007E+02, 3.910E+01, 1.000E-01, 0.000E+00, 1.000E+01, 8.865E-03, 5.256E-02
16/12/2019,06:00,9,2.172,2.672,1.378,.973,.018, 9.918E+02, 1.014E+02, 0.000E+00, 3.469E-16, 0.000E+00, 0.000E+00, 0.000E+00, 0.000E+00,-2.893E+01, 1.154E+01, 3.362E+00, 4.528E-01, 1.853E-01,-9.990E+02, 1.000E+00,-9.990E+02, 0.000E+00, 0.000E+00, 0.000E+00, 1.000E+00, 0.000E+00, 0.000E+00, 0.000E+00, 0.000E+00, 9.796E+01, 3.690E+01, 7.751E-02, 0.000E+00, 1.290E+01, 9.078E-03, 1.171E-01
16/12/2019,07:00,9,2.172,2.672,1.391,.975,.017, 9.927E+02, 9.516E+01, 0.000E+00, 3.469E-16, 0.000E+00, 0.000E+00, 0.000E+00, 0.000E+00,-2.893E+01, 1.154E+01, 3.180E+00, 4.526E-01, 1.752E-01,-9.990E+02, 1.000E+00,-9.990E+02, 0.000E+00, 0.000E+00, 0.000E+00, 1.000E+00, 0.000E+00, 0.000E+00, 0.000E+00, 0.000E+00, 1.036E+02, 3.901E+01, 7.727E-02, 0.000E+00, 1.294E+01, 8.638E-03, 1.356E-01
16/12/2019,08:00,9,2.172,2.672,1.404,.977,.015, 9.935E+02, 8.998E+01, 0.000E+00, 3.469E-16, 1.050-291, 1.964E-02, 0.000E+00, 0.000E+00,-2.893E+01, 1.154E+01, 3.076E+00, 4.524E-01, 1.695E-01,-9.990E+02, 1.000E+00,-9.990E+02, 0.000E+00, 0.000E+00, 0.000E+00, 1.000E+00, 0.000E+00, 0.000E+00, 0.000E+00, 0.000E+00, 1.071E+02, 4.033E+01, 8.980E-02, 0.000E+00, 1.114E+01, 8.514E-03, 1.261E-01
16/12/2019,09:00,9,2.172,2.672,1.417,.979,.014, 9.944E+02, 8.616E+01, 5.451E-03, 3.469E-16, 2.780E-01, 7.852E+00, 5.411E+00, 3.337E+00,-1.551E+01, 1.978E+01, 3.057E+00, 5.072E-01, 1.763E-01, 6.169E-02, 1.000E+00, 1.326E-01, 1.995E-01, 1.000E-02, 1.000E+00, 1.000E+00, 1.326E-03, 8.175E-06, 1.230E-05, 0.000E+00, 9.831E+01, 3.876E+01, 1.000E-01, 2.435E-05, 9.998E+00, 8.949E-03, 1.328E-01
16/12/2019,10:00,9,2.172,2.672,1.995,.973,.019, 9.947E+02, 8.393E+01, 5.451E-03, 3.469E-16, 1.184E+00, 1.461E+01, 1.184E+01, 6.245E+00,-1.551E+01, 1.978E+01, 3.261E+00, 5.077E-01, 1.882E-01, 9.739E-02, 1.000E+00, 2.420E-01, 3.856E-01, 1.000E-02, 1.000E+00, 1.000E+00, 2.420E-03, 1.495E-05, 2.382E-05, 0.000E+00, 9.213E+01, 3.633E+01, 1.000E-01, 4.453E-05, 9.996E+00, 9.491E-03, 9.912E-02
16/12/2019,11:00,9,2.172,2.672,2.574,.966,.025, 9.950E+02, 8.346E+01, 5.451E-03, 3.469E-16, 1.443E+00, 1.623E+01, 1.327E+01, 6.941E+00,-1.551E+01, 1.978E+01, 3.468E+00, 5.081E-01, 2.001E-01, 1.049E-01, 1.000E+00, 2.664E-01, 4.206E-01, 1.000E-02, 1.000E+00, 1.000E+00, 2.664E-03, 1.649E-05, 2.604E-05, 0.000E+00, 8.662E+01, 3.416E+01, 6.772E-02, 4.913E-05, 1.476E+01, 9.576E-03, 1.743E-01
16/12/2019,12:00,9,2.172,2.672,3.153,.959,.031, 9.953E+02, 8.478E+01, 0.000E+00, 3.469E-16, 1.250E+00, 1.366E+01, 1.271E+01, 5.845E+00,-3.230E+01, 8.525E+00, 3.677E+00, 4.955E-01, 2.049E-01, 8.378E-02, 1.000E+00, 2.299E-01, 4.072E-01, 1.000E-02, 1.000E+00, 1.000E+00, 2.299E-03, 1.426E-05, 2.526E-05, 0.000E+00, 8.762E+01, 3.336E+01, 5.042E-02, 4.248E-05, 1.982E+01, 9.287E-03, 1.391E-01
16/12/2019,13:00,9,2.172,2.672,2.975,.962,.029, 9.951E+02, 8.780E+01, 0.000E+00, 3.561E-03, 3.441E-02, 4.814E+00, 2.486E+00, 2.038E+00,-3.230E+01, 8.525E+00, 3.442E+00, 4.954E-01, 1.917E-01, 3.539E-02, 1.000E+00, 8.100E-02, 9.718E-02, 1.000E-02, 1.000E+00, 1.000E+00, 8.100E-04, 5.021E-06, 6.024E-06, 0.000E+00, 9.363E+01, 3.565E+01, 4.225E-02, 1.496E-05, 2.366E+01, 8.508E-03, 1.692E-01
16/12/2019,14:00,9,2.172,2.672,2.797,.965,.026, 9.950E+02, 9.230E+01, 0.000E+00, 7.121E-03, 0.000E+00, 0.000E+00, 0.000E+00, 0.000E+00,-3.230E+01, 8.525E+00, 3.343E+00, 4.952E-01, 1.862E-01,-9.990E+02, 1.000E+00,-9.990E+02, 0.000E+00, 0.000E+00, 0.000E+00, 1.000E+00, 0.000E+00, 0.000E+00, 0.000E+00, 0.000E+00, 9.640E+01, 3.670E+01, 3.632E-02, 0.000E+00, 2.754E+01, 8.052E-03, 1.966E-01
16/12/2019,15:00,9,2.172,2.672,2.620,.968,.024, 9.948E+02, 9.801E+01, 4.882E-01, 1.068E-02, 0.000E+00, 0.000E+00, 0.000E+00, 0.000E+00,-1.400E+01, 6.798E+00, 3.393E+00, 4.847E-01, 1.956E-01,-9.990E+02, 1.000E+00,-9.990E+02, 0.000E+00, 0.000E+00, 0.000E+00, 1.000E+00, 0.000E+00, 0.000E+00, 0.000E+00, 0.000E+00, 8.873E+01, 3.495E+01, 2.549E-02, 0.000E+00, 3.923E+01, 7.634E-03, 2.242E-01
16/12/2019,16:00,9,2.172,2.672,2.230,.979,.015, 9.944E+02, 1.046E+02, 4.882E-01, 1.043E-02, 0.000E+00, 0.000E+00, 0.000E+00, 0.000E+00,-1.400E+01, 6.798E+00, 3.377E+00, 4.844E-01, 1.946E-01,-9.990E+02, 1.000E+00,-9.990E+02, 0.000E+00, 0.000E+00, 0.000E+00, 1.000E+00, 0.000E+00, 0.000E+00, 0.000E+00, 0.000E+00, 8.919E+01, 3.513E+01, 2.832E-02, 0.000E+00, 3.531E+01, 7.841E-03, 1.590E-01
16/12/2019,17:00,9,2.172,2.672,1.840,.989,.008, 9.940E+02, 1.118E+02, 4.882E-01, 1.017E-02, 0.000E+00, 0.000E+00, 0.000E+00, 0.000E+00,-1.400E+01, 6.798E+00, 3.361E+00, 4.842E-01, 1.936E-01,-9.990E+02, 1.000E+00,-9.990E+02, 0.000E+00, 0.000E+00, 0.000E+00, 1.000E+00, 0.000E+00, 0.000E+00, 0.000E+00, 0.000E+00, 8.962E+01, 3.530E+01, 3.370E-02, 0.000E+00, 2.968E+01, 8.174E-03, 1.148E-01
16/12/2019,18:00,9,2.172,2.672,1.451,1.000,.000, 9.936E+02, 1.193E+02, 3.106E-01, 9.919E-03, 0.000E+00, 0.000E+00, 0.000E+00, 0.000E+00,-1.348E+01, 9.014E+00, 3.346E+00, 4.514E-01, 1.917E-01,-9.990E+02, 1.000E+00,-9.990E+02, 0.000E+00, 0.000E+00, 0.000E+00, 1.000E+00, 0.000E+00, 0.000E+00, 0.000E+00, 0.000E+00, 9.104E+01, 3.566E+01, 4.112E-02, 0.000E+00, 2.432E+01, 8.476E-03, 8.970E-02
16/12/2019,19:00,9,2.172,2.672,1.597,.999,.001, 9.934E+02, 1.266E+02, 3.106E-01, 9.919E-03, 0.000E+00, 0.000E+00, 0.000E+00, 0.000E+00,-1.348E+01, 9.014E+00, 3.248E+00, 4.515E-01, 1.861E-01,-9.990E+02, 1.000E+00,-9.990E+02, 0.000E+00, 0.000E+00, 0.000E+00, 1.000E+00, 0.000E+00, 0.000E+00, 0.000E+00, 0.000E+00, 9.376E+01, 3.672E+01, 4.009E-02, 0.000E+00, 2.494E+01, 8.237E-03, 9.244E-02
16/12/2019,20:00,9,2.172,2.672,1.744,.999,.001, 9.931E+02, 1.334E+02, 3.106E-01, 9.919E-03, 0.000E+00, 0.000E+00, 0.000E+00, 0.000E+00,-1.348E+01, 9.014E+00, 3.188E+00, 4.517E-01, 1.827E-01,-9.990E+02, 1.000E+00,-9.990E+02, 0.000E+00, 0.000E+00, 0.000E+00, 1.000E+00, 0.000E+00, 0.000E+00, 0.000E+00, 0.000E+00, 9.554E+01, 3.742E+01, 4.318E-02, 0.000E+00, 2.316E+01, 8.234E-03, 5.821E-02
16/12/2019,21:00,9,2.172,2.672,1.890,.998,.001, 9.928E+02, 1.389E+02, 1.611E-01, 9.919E-03, 0.000E+00, 0.000E+00, 0.000E+00, 0.000E+00,-5.261E+01, 2.376E+01, 3.166E+00, 6.743E-01, 1.803E-01,-9.990E+02, 1.000E+00,-9.990E+02, 0.000E+00, 0.000E+00, 0.000E+00, 1.000E+00, 0.000E+00, 0.000E+00, 0.000E+00, 0.000E+00, 9.738E+01, 3.791E+01, 4.318E-02, 0.000E+00, 2.316E+01, 8.144E-03, 4.468E-02
16/12/2019,22:00,9,2.172,2.672,2.372,.987,.009, 9.932E+02, 1.424E+02, 1.611E-01, 9.410E-03, 0.000E+00, 0.000E+00, 0.000E+00, 0.000E+00,-5.261E+01, 2.376E+01, 3.690E+00, 6.747E-01, 2.102E-01,-9.990E+02, 1.000E+00,-9.990E+02, 0.000E+00, 0.000E+00, 0.000E+00, 1.000E+00, 0.000E+00, 0.000E+00, 0.000E+00, 0.000E+00, 8.352E+01, 3.252E+01, 4.090E-02, 0.000E+00, 2.445E+01, 9.099E-03, 9.224E-02
16/12/2019,23:00,9,2.172,2.672,2.853,.976,.018, 9.937E+02, 1.432E+02, 1.611E-01, 8.902E-03, 0.000E+00, 0.000E+00, 0.000E+00, 0.000E+00,-5.261E+01, 2.376E+01, 4.458E+00, 6.752E-01, 2.540E-01,-9.990E+02, 1.000E+00,-9.990E+02, 0.000E+00, 0.000E+00, 0.000E+00, 1.000E+00, 0.000E+00, 0.000E+00, 0.000E+00, 0.000E+00, 6.912E+01, 2.691E+01, 4.901E-02, 0.000E+00, 2.041E+01, 1.097E-02, 3.445E-02
17/12/2019,00:00,9,2.161,2.661,3.335,.964,.028, 9.941E+02, 1.411E+02, 1.676E-02, 8.393E-03, 0.000E+00, 0.000E+00, 0.000E+00, 0.000E+00,-2.427E+01, 1.242E+01, 5.366E+00, 4.446E-01, 2.982E-01,-9.990E+02, 1.000E+00,-9.990E+02, 0.000E+00, 0.000E+00, 0.000E+00, 1.000E+00, 0.000E+00, 0.000E+00, 0.000E+00, 0.000E+00, 6.035E+01, 2.292E+01, 3.302E-02, 0.000E+00, 3.028E+01, 1.103E-02, 1.022E-01
17/12/2019,01:00,9,2.161,2.661,3.135,.966,.026, 9.945E+02, 1.365E+02, 1.676E-02, 7.121E-03, 0.000E+00, 0.000E+00, 0.000E+00, 0.000E+00,-2.427E+01, 1.242E+01, 4.776E+00, 4.443E-01, 2.654E-01,-9.990E+02, 1.000E+00,-9.990E+02, 0.000E+00, 0.000E+00, 0.000E+00, 1.000E+00, 0.000E+00, 0.000E+00, 0.000E+00, 0.000E+00, 6.782E+01, 2.576E+01, 5.921E-02, 0.000E+00, 1.689E+01, 1.180E-02, 2.005E-02
17/12/2019,02:00,9,2.161,2.661,2.936,.967,.025, 9.950E+02, 1.304E+02, 1.676E-02, 5.850E-03, 0.000E+00, 0.000E+00, 0.000E+00, 0.000E+00,-2.427E+01, 1.242E+01, 4.186E+00, 4.440E-01, 2.326E-01,-9.990E+02, 1.000E+00,-9.990E+02, 0.000E+00, 0.000E+00, 0.000E+00, 1.000E+00, 0.000E+00, 0.000E+00, 0.000E+00, 0.000E+00, 7.739E+01, 2.939E+01, 6.649E-02, 0.000E+00, 1.504E+01, 1.082E-02, 2.552E-02
17/12/2019,03:00,9,2.161,2.661,2.736,.969,.023, 9.955E+02, 1.233E+02, 2.104E-03, 4.578E-03, 0.000E+00, 0.000E+00, 0.000E+00, 0.000E+00,-3.243E+01, 1.196E+01, 3.596E+00, 4.582E-01, 1.970E-01,-9.990E+02, 1.000E+00,-9.990E+02, 0.000E+00, 0.000E+00, 0.000E+00, 1.000E+00, 0.000E+00, 0.000E+00, 0.000E+00, 0.000E+00, 9.262E+01, 3.469E+01, 7.377E-02, 0.000E+00, 1.355E+01, 9.520E-03, 3.813E-02
17/12/2019,04:00,9,2.161,2.661,2.818,.970,.022, 9.959E+02, 1.158E+02, 2.104E-03, 4.324E-03, 0.000E+00, 0.000E+00, 0.000E+00, 0.000E+00,-3.243E+01, 1.196E+01, 3.491E+00, 4.582E-01, 1.913E-01,-9.990E+02, 1.000E+00,-9.990E+02, 0.000E+00, 0.000E+00, 0.000E+00, 1.000E+00, 0.000E+00, 0.000E+00, 0.000E+00, 0.000E+00, 9.540E+01, 3.573E+01, 7.523E-02, 0.000E+00, 1.329E+01, 9.299E-03, 2.913E-02
17/12/2019,05:00,9,2.161,2.661,2.900,.972,.021, 9.963E+02, 1.084E+02, 2.104E-03, 4.069E-03, 0.000E+00, 0.000E+00, 0.000E+00, 0.000E+00,-3.243E+01, 1.196E+01, 3.387E+00, 4.581E-01, 1.856E-01,-9.990E+02, 1.000E+00,-9.990E+02, 0.000E+00, 0.000E+00, 0.000E+00, 1.000E+00, 0.000E+00, 0.000E+00, 0.000E+00, 0.000E+00, 9.833E+01, 3.683E+01, 7.669E-02, 0.000E+00, 1.304E+01, 9.076E-03, 3.081E-02
17/12/2019,06:00,9,2.161,2.661,2.982,.973,.020, 9.968E+02, 1.015E+02, 6.419E-03, 3.815E-03, 0.000E+00, 0.000E+00, 0.000E+00, 0.000E+00,-1.657E+01, 5.043E+00, 3.284E+00, 3.284E-01, 1.747E-01,-9.990E+02, 1.000E+00,-9.990E+02, 0.000E+00, 0.000E+00, 0.000E+00, 1.000E+00, 0.000E+00, 0.000E+00, 0.000E+00, 0.000E+00, 1.076E+02, 3.913E+01, 7.815E-02, 0.000E+00, 1.280E+01, 8.600E-03, 3.558E-02
17/12/2019,07:00,9,2.161,2.661,3.054,.976,.018, 9.974E+02, 9.523E+01, 6.419E-03, 3.815E-03, 0.000E+00, 0.000E+00, 0.000E+00, 0.000E+00,-1.657E+01, 5.043E+00, 2.953E+00, 3.283E-01, 1.571E-01,-9.990E+02, 1.000E+00,-9.990E+02, 0.000E+00, 0.000E+00, 0.000E+00, 1.000E+00, 0.000E+00, 0.000E+00, 0.000E+00, 0.000E+00, 1.196E+02, 4.350E+01, 7.815E-02, 0.000E+00, 1.280E+01, 7.821E-03, 4.989E-02
17/12/2019,08:00,9,2.161,2.661,3.127,.979,.016, 9.981E+02, 9.005E+01, 6.419E-03, 3.815E-03, 0.000E+00, 0.000E+00, 0.000E+00, 0.000E+00,-1.657E+01, 5.043E+00, 2.637E+00, 3.282E-01, 1.403E-01,-9.990E+02, 1.000E+00,-9.990E+02, 0.000E+00, 0.000E+00, 0.000E+00, 1.000E+00, 0.000E+00, 0.000E+00, 0.000E+00, 0.000E+00, 1.340E+02, 4.873E+01, 7.815E-02, 0.000E+00, 1.280E+01, 7.059E-03, 5.581E-02
17/12/2019,09:00,9,2.161,2.661,3.199,.982,.014, 9.988E+02, 8.622E+01, 3.933E-03, 3.815E-03, 1.565E-01, 6.604E+00, 3.996E+00, 2.811E+00,-8.569E+00, 4.798E+00, 2.340E+00, 3.262E-01, 1.309E-01, 6.108E-02, 1.000E+00, 1.118E-01, 1.516E-01, 1.000E-02, 1.000E+00, 1.000E+00, 1.118E-03, 6.933E-06, 9.402E-06, 0.000E+00, 1.365E+02, 5.220E+01, 7.815E-02, 2.055E-05, 1.279E+01, 6.658E-03, 6.836E-02
17/12/2019,10:00,9,2.161,2.661,3.463,.981,.015, 9.987E+02, 8.397E+01, 3.933E-03, 3.561E-03, 6.951E-01, 1.256E+01, 8.678E+00, 5.368E+00,-8.569E+00, 4.798E+00, 2.437E+00, 3.264E-01, 1.364E-01, 9.718E-02, 1.000E+00, 2.080E-01, 3.002E-01, 1.000E-02, 1.000E+00, 1.000E+00, 2.080E-03, 1.292E-05, 1.864E-05, 0.000E+00, 1.310E+02, 5.011E+01, 7.507E-02, 3.829E-05, 1.331E+01, 6.886E-03, 1.368E-01
17/12/2019,11:00,9,2.161,2.661,3.727,.979,.017, 9.987E+02, 8.349E+01, 3.933E-03, 3.306E-03, 8.546E-01, 1.404E+01, 9.769E+00, 6.003E+00,-8.569E+00, 4.798E+00, 2.535E+00, 3.266E-01, 1.419E-01, 1.050E-01, 1.000E+00, 2.305E-01, 3.309E-01, 1.000E-02, 1.000E+00, 1.000E+00, 2.305E-03, 1.433E-05, 2.057E-05, 0.000E+00, 1.259E+02, 4.816E+01, 6.988E-02, 4.247E-05, 1.430E+01, 7.088E-03, 1.260E-01
17/12/2019,12:00,9,2.161,2.661,3.991,.978,.018, 9.987E+02, 8.479E+01, 5.456E-03, 3.052E-03, 1.465E-01, 7.782E+00, 4.117E+00, 3.310E+00,-1.329E+01, 3.708E+00, 2.635E+00, 3.637E-01, 1.465E-01, 8.398E-02, 1.000E+00, 1.297E-01, 1.558E-01, 1.000E-02, 1.000E+00, 1.000E+00, 1.297E-03, 8.067E-06, 9.691E-06, 0.000E+00, 1.228E+02, 4.667E+01, 6.447E-02, 2.391E-05, 1.551E+01, 7.224E-03, 1.381E-01
17/12/2019,13:00,9,2.161,2.661,3.790,.967,.027, 9.990E+02, 8.780E+01, 5.456E-03, 3.306E-03, 4.021E-03, 2.589E+00, 1.151E+00, 1.098E+00,-1.329E+01, 3.708E+00, 2.809E+00, 3.635E-01, 1.561E-01, 3.557E-02, 1.000E+00, 4.425E-02, 4.623E-02, 1.000E-02, 1.000E+00, 1.000E+00, 4.425E-04, 2.751E-06, 2.874E-06, 0.000E+00, 1.153E+02, 4.378E+01, 5.247E-02, 8.153E-06, 1.906E+01, 7.442E-03, 1.691E-01
17/12/2019,14:00,9,2.161,2.661,3.589,.956,.035, 9.992E+02, 9.229E+01, 5.456E-03, 3.561E-03, 0.000E+00, 0.000E+00, 0.000E+00, 0.000E+00,-1.329E+01, 3.708E+00, 2.992E+00, 3.633E-01, 1.663E-01,-9.990E+02, 1.000E+00,-9.990E+02, 0.000E+00, 0.000E+00, 0.000E+00, 1.000E+00, 0.000E+00, 0.000E+00, 0.000E+00, 0.000E+00, 1.082E+02, 4.111E+01, 4.947E-02, 0.000E+00, 2.021E+01, 7.782E-03, 1.846E-01
17/12/2019,15:00,9,2.161,2.661,3.387,.945,.043, 9.995E+02, 9.799E+01, 3.265E-06, 3.815E-03, 0.000E+00, 0.000E+00, 0.000E+00, 0.000E+00,-1.473E+01, 4.736E+00, 3.181E+00, 3.192E-01, 1.699E-01,-9.990E+02, 1.000E+00,-9.990E+02, 0.000E+00, 0.000E+00, 0.000E+00, 1.000E+00, 0.000E+00, 0.000E+00, 0.000E+00, 0.000E+00, 1.102E+02, 4.023E+01, 7.815E-02, 0.000E+00, 1.280E+01, 8.391E-03, 7.612E-02
17/12/2019,16:00,9,2.161,2.661,3.250,.951,.038, 9.995E+02, 1.046E+02, 3.265E-06, 3.561E-03, 0.000E+00, 0.000E+00, 0.000E+00, 0.000E+00,-1.473E+01, 4.736E+00, 2.732E+00, 3.192E-01, 1.459E-01,-9.990E+02, 1.000E+00,-9.990E+02, 0.000E+00, 0.000E+00, 0.000E+00, 1.000E+00, 0.000E+00, 0.000E+00, 0.000E+00, 0.000E+00, 1.284E+02, 4.685E+01, 7.960E-02, 0.000E+00, 1.256E+01, 7.330E-03, 8.756E-02
17/12/2019,17:00,9,2.161,2.661,3.112,.957,.033, 9.995E+02, 1.118E+02, 3.265E-06, 3.306E-03, 0.000E+00, 0.000E+00, 0.000E+00, 0.000E+00,-1.473E+01, 4.736E+00, 2.352E+00, 3.191E-01, 1.256E-01,-9.990E+02, 1.000E+00,-9.990E+02, 0.000E+00, 0.000E+00, 0.000E+00, 1.000E+00, 0.000E+00, 0.000E+00, 0.000E+00, 0.000E+00, 1.491E+02, 5.443E+01, 8.106E-02, 0.000E+00, 1.234E+01, 6.400E-03, 8.150E-02
17/12/2019,18:00,9,2.161,2.661,2.975,.963,.028, 9.995E+02, 1.193E+02, 6.820E-03, 3.052E-03, 0.000E+00, 0.000E+00, 0.000E+00, 0.000E+00,-9.025E+00, 8.619E-02, 2.078E+00, 2.363E-01, 1.055E-01,-9.990E+02, 1.000E+00,-9.990E+02, 0.000E+00, 0.000E+00, 0.000E+00, 1.000E+00, 0.000E+00, 0.000E+00, 0.000E+00, 0.000E+00, 1.866E+02, 6.477E+01, 8.252E-02, 0.000E+00, 1.212E+01, 5.428E-03, 8.147E-02
17/12/2019,19:00,9,2.161,2.661,3.035,.972,.022, 9.991E+02, 1.266E+02, 6.820E-03, 3.052E-03, 0.000E+00, 0.000E+00, 0.000E+00, 0.000E+00,-9.025E+00, 8.619E-02, 1.986E+00, 2.364E-01, 1.009E-01,-9.990E+02, 1.000E+00,-9.990E+02, 0.000E+00, 0.000E+00, 0.000E+00, 1.000E+00, 0.000E+00, 0.000E+00, 0.000E+00, 0.000E+00, 1.952E+02, 6.776E+01, 8.252E-02, 0.000E+00, 1.212E+01, 5.204E-03, 7.689E-02
17/12/2019,20:00,9,2.161,2.661,3.096,.980,.015, 9.987E+02, 1.334E+02, 6.820E-03, 3.052E-03, 0.000E+00, 0.000E+00, 0.000E+00, 0.000E+00,-9.025E+00, 8.619E-02, 1.953E+00, 2.364E-01, 1.000E-01,-9.990E+02, 1.000E+00,-9.990E+02, 0.000E+00, 0.000E+00, 0.000E+00, 1.000E+00, 0.000E+00, 0.000E+00, 0.000E+00, 0.000E+00, 1.969E+02, 6.835E+01, 6.560E-02, 0.000E+00, 1.524E+01, 5.080E-03, 9.585E-02
17/12/2019,21:00,9,2.161,2.661,3.156,.988,.009, 9.983E+02, 1.389E+02, 4.863E-01, 3.052E-03, 0.000E+00, 0.000E+00, 0.000E+00, 0.000E+00,-7.345E+00,-1.088E+00, 1.982E+00, 2.098E-01, 1.000E-01,-9.990E+02, 1.000E+00,-9.990E+02, 0.000E+00, 0.000E+00, 0.000E+00, 1.000E+00, 0.000E+00, 0.000E+00, 0.000E+00, 0.000E+00, 2.016E+02, 6.835E+01, 8.042E-02, 0.000E+00, 1.243E+01, 5.142E-03, 9.814E-02
17/12/2019,22:00,9,2.161,2.661,2.830,.992,.006, 9.976E+02, 1.425E+02, 4.863E-01, 3.052E-03, 0.000E+00, 0.000E+00, 0.000E+00, 0.000E+00,-7.345E+00,-1.088E+00, 1.701E+00, 2.098E-01, 1.000E-01,-9.990E+02, 1.000E+00,-9.990E+02, 0.000E+00, 0.000E+00, 0.000E+00, 1.000E+00, 0.000E+00, 0.000E+00, 0.000E+00, 0.000E+00, 2.016E+02, 6.835E+01, 8.252E-02, 0.000E+00, 1.212E+01, 5.150E-03, 7.660E-02
17/12/2019,23:00,9,2.161,2.661,2.504,.996,.003, 9.969E+02, 1.433E+02, 4.863E-01, 3.052E-03, 0.000E+00, 0.000E+00, 0.000E+00, 0.000E+00,-7.345E+00,-1.088E+00, 1.765E+00, 2.097E-01, 1.000E-01,-9.990E+02, 1.000E+00,-9.990E+02, 0.000E+00, 0.000E+00, 0.000E+00, 1.000E+00, 0.000E+00, 0.000E+00, 0.000E+00, 0.000E+00, 2.017E+02, 6.835E+01, 8.252E-02, 0.000E+00, 1.212E+01, 5.150E-03, 7.553E-02
18/12/2019,00:00,9,2.150,2.650,2.178,.999,.001, 9.962E+02, 1.412E+02, 5.346E-01, 3.052E-03, 0.000E+00, 0.000E+00, 0.000E+00, 0.000E+00,-7.427E+00, 9.208E+00, 2.143E+00, 3.310E-01, 1.211E-01,-9.990E+02, 1.000E+00,-9.990E+02, 0.000E+00, 0.000E+00, 0.000E+00, 1.000E+00, 0.000E+00, 0.000E+00, 0.000E+00, 0.000E+00, 1.461E+02, 5.643E+01, 8.252E-02, 0.000E+00, 1.212E+01, 6.229E-03, 2.330E-02
18/12/2019,01:00,9,2.150,2.650,2.220,.999,.001, 9.951E+02, 1.366E+02, 5.346E-01, 2.035E-03, 0.000E+00, 0.000E+00, 0.000E+00, 0.000E+00,-7.427E+00, 9.208E+00, 2.302E+00, 3.312E-01, 1.301E-01,-9.990E+02, 1.000E+00,-9.990E+02, 0.000E+00, 0.000E+00, 0.000E+00, 1.000E+00, 0.000E+00, 0.000E+00, 0.000E+00, 0.000E+00, 1.360E+02, 5.253E+01, 8.834E-02, 0.000E+00, 1.132E+01, 6.690E-03, 1.311E-02
18/12/2019,02:00,9,2.150,2.650,2.263,.999,.001, 9.941E+02, 1.304E+02, 5.346E-01, 1.017E-03, 0.000E+00, 0.000E+00, 0.000E+00, 0.000E+00,-7.427E+00, 9.208E+00, 2.672E+00, 3.315E-01, 1.510E-01,-9.990E+02, 1.000E+00,-9.990E+02, 0.000E+00, 0.000E+00, 0.000E+00, 1.000E+00, 0.000E+00, 0.000E+00, 0.000E+00, 0.000E+00, 1.172E+02, 4.526E+01, 9.417E-02, 0.000E+00, 1.062E+01, 7.713E-03, 1.807E-02
18/12/2019,03:00,9,2.150,2.650,2.305,.999,.001, 9.930E+02, 1.233E+02, 8.103E-01, 3.469E-16, 0.000E+00, 0.000E+00, 0.000E+00, 0.000E+00,-8.458E+00, 1.272E+01, 3.180E+00, 5.138E-01, 1.860E-01,-9.990E+02, 1.000E+00,-9.990E+02, 0.000E+00, 0.000E+00, 0.000E+00, 1.000E+00, 0.000E+00, 0.000E+00, 0.000E+00, 0.000E+00, 9.194E+01, 3.675E+01, 1.000E-01, 0.000E+00, 1.000E+01, 9.402E-03, 2.641E-02
18/12/2019,04:00,9,2.150,2.650,2.222,.999,.001, 9.918E+02, 1.159E+02, 8.103E-01, 2.543E-04, 0.000E+00, 0.000E+00, 0.000E+00, 0.000E+00,-8.458E+00, 1.272E+01, 3.365E+00, 5.141E-01, 1.968E-01,-9.990E+02, 1.000E+00,-9.990E+02, 0.000E+00, 0.000E+00, 0.000E+00, 1.000E+00, 0.000E+00, 0.000E+00, 0.000E+00, 0.000E+00, 8.690E+01, 3.474E+01, 9.854E-02, 0.000E+00, 1.015E+01, 9.879E-03, 3.116E-02
18/12/2019,05:00,9,2.150,2.650,2.138,.999,.000, 9.906E+02, 1.085E+02, 8.103E-01, 5.087E-04, 0.000E+00, 0.000E+00, 0.000E+00, 0.000E+00,-8.458E+00, 1.272E+01, 3.629E+00, 5.143E-01, 2.122E-01,-9.990E+02, 1.000E+00,-9.990E+02, 0.000E+00, 0.000E+00, 0.000E+00, 1.000E+00, 0.000E+00, 0.000E+00, 0.000E+00, 0.000E+00, 8.058E+01, 3.221E+01, 9.709E-02, 0.000E+00, 1.030E+01, 1.055E-02, 2.612E-02
18/12/2019,06:00,9,2.150,2.650,2.055,1.000,.000, 9.893E+02, 1.015E+02, 1.614E+00, 7.630E-04, 0.000E+00, 0.000E+00, 0.000E+00, 0.000E+00, 2.909E+00, 7.371E+00, 3.956E+00, 6.370E-01, 2.355E-01,-9.990E+02, 1.000E+00,-9.990E+02, 0.000E+00, 0.000E+00, 0.000E+00, 1.000E+00, 0.000E+00, 0.000E+00, 0.000E+00, 0.000E+00, 7.119E+01, 2.903E+01, 9.563E-02, 0.000E+00, 1.046E+01, 1.157E-02, 4.980E-02
18/12/2019,07:00,9,2.150,2.650,1.823,1.000,.000, 9.892E+02, 9.531E+01, 1.614E+00, 5.341E-03, 0.000E+00, 0.000E+00, 0.000E+00, 0.000E+00, 2.909E+00, 7.371E+00, 4.226E+00, 6.368E-01, 2.516E-01,-9.990E+02, 1.000E+00,-9.990E+02, 0.000E+00, 0.000E+00, 0.000E+00, 1.000E+00, 0.000E+00, 0.000E+00, 0.000E+00, 0.000E+00, 6.664E+01, 2.717E+01, 6.940E-02, 0.000E+00, 1.441E+01, 1.169E-02, 1.055E-01
18/12/2019,08:00,9,2.150,2.650,1.592,1.000,.000, 9.891E+02, 9.012E+01, 1.614E+00, 9.919E-03, 0.000E+00, 0.000E+00, 0.000E+00, 0.000E+00, 2.909E+00, 7.371E+00, 4.883E+00, 6.365E-01, 2.907E-01,-9.990E+02, 1.000E+00,-9.990E+02, 0.000E+00, 0.000E+00, 0.000E+00, 1.000E+00, 0.000E+00, 0.000E+00, 0.000E+00, 0.000E+00, 5.767E+01, 2.352E+01, 4.013E-02, 0.000E+00, 2.492E+01, 1.157E-02, 1.089E-01
18/12/2019,09:00,9,2.150,2.650,1.360,1.000,.000, 9.890E+02, 8.627E+01, 6.753E-01, 1.450E-02, 1.845E-01, 6.879E+00, 4.354E+00, 2.938E+00,-1.191E+01, 3.000E+01, 5.797E+00, 7.832E-01, 3.422E-01, 6.058E-02, 1.000E+00, 1.169E-01, 1.640E-01, 1.000E-02, 1.000E+00, 1.000E+00, 1.169E-03, 7.201E-06, 1.010E-05, 0.000E+00, 4.951E+01, 1.998E+01, 1.661E-02, 2.123E-05, 6.014E+01, 8.892E-03, 1.020E-01
18/12/2019,10:00,9,2.150,2.650,1.135,.987,.009, 9.907E+02, 8.401E+01, 6.753E-01, 1.704E-02, 8.367E-01, 1.315E+01, 9.650E+00, 5.642E+00,-1.191E+01, 3.000E+01, 4.848E+00, 7.823E-01, 2.862E-01, 9.709E-02, 1.000E+00, 2.188E-01, 3.276E-01, 1.000E-02, 1.000E+00, 1.000E+00, 2.188E-03, 1.347E-05, 2.017E-05, 0.000E+00, 5.920E+01, 2.389E+01, 1.429E-02, 3.973E-05, 6.981E+01, 7.554E-03, 8.138E-02
18/12/2019,11:00,9,2.150,2.650,.909,.975,.017, 9.923E+02, 8.351E+01, 6.753E-01, 1.958E-02, 1.033E+00, 1.473E+01, 1.089E+01, 6.325E+00,-1.191E+01, 3.000E+01, 4.134E+00, 7.813E-01, 2.440E-01, 1.052E-01, 1.000E+00, 2.430E-01, 3.611E-01, 1.000E-02, 1.000E+00, 1.000E+00, 2.430E-03, 1.495E-05, 2.222E-05, 0.000E+00, 6.944E+01, 2.802E+01, 1.310E-02, 4.407E-05, 7.611E+01, 6.689E-03, 7.534E-02
18/12/2019,12:00,9,2.150,2.650,.684,.962,.024, 9.940E+02, 8.480E+01, 0.000E+00, 2.213E-02, 7.338E+00, 2.149E+01, 5.004E+01, 9.558E+00,-4.432E+01, 3.117E+01, 3.788E+00, 6.589E-01, 2.166E-01, 8.430E-02, 1.000E+00, 3.712E-01, 8.723E-01, 1.000E-02, 1.000E+00, 1.000E+00, 3.712E-03, 2.282E-05, 5.362E-05, 0.000E+00, 8.073E+01, 3.155E+01, 1.085E-02, 6.728E-05, 9.158E+01, 5.731E-03, 1.062E-01
18/12/2019,13:00,9,2.150,2.650,-.339,.949,.030, 9.955E+02, 8.779E+01, 0.000E+00, 2.442E-02, 2.075E-01, 9.253E+00, 6.640E+00, 3.950E+00,-4.432E+01, 3.117E+01, 3.855E+00, 6.572E-01, 2.204E-01, 3.587E-02, 1.000E+00, 1.531E-01, 2.390E-01, 1.000E-02, 1.000E+00, 1.000E+00, 1.531E-03, 9.378E-06, 1.464E-05, 0.000E+00, 7.936E+01, 3.101E+01, 6.108E-03, 2.765E-05, 1.630E+02, 4.091E-03, 9.981E-02
18/12/2019,14:00,9,2.150,2.650,-1.361,.936,.035, 9.971E+02, 9.227E+01, 0.000E+00, 2.670E-02, 0.000E+00, 0.000E+00, 0.000E+00, 0.000E+00,-4.432E+01, 3.117E+01, 3.992E+00, 6.554E-01, 2.282E-01,-9.990E+02, 1.000E+00,-9.990E+02, 0.000E+00, 0.000E+00, 0.000E+00, 1.000E+00, 0.000E+00, 0.000E+00, 0.000E+00, 0.000E+00, 7.668E+01, 2.996E+01, 1.429E-03, 0.000E+00, 7.000E+02, 1.284E-03, 1.024E-01
18/12/2019,15:00,9,2.150,2.650,-2.384,.923,.039, 9.987E+02, 9.796E+01, 3.131E-04, 2.899E-02, 0.000E+00, 0.000E+00, 0.000E+00, 0.000E+00,-4.649E+01, 1.299E+01, 4.192E+00, 5.165E-01, 2.298E-01,-9.990E+02, 1.000E+00,-9.990E+02, 0.000E+00, 0.000E+00, 0.000E+00, 1.000E+00, 0.000E+00, 0.000E+00, 0.000E+00, 0.000E+00, 7.942E+01, 2.975E+01, 1.429E-03, 0.000E+00, 7.000E+02, 1.285E-03, 1.791E-01
18/12/2019,16:00,9,2.150,2.650,-2.785,.922,.039, 9.996E+02, 1.046E+02, 3.131E-04, 2.899E-02, 0.000E+00, 0.000E+00, 0.000E+00, 0.000E+00,-4.649E+01, 1.299E+01, 3.994E+00, 5.159E-01, 2.189E-01,-9.990E+02, 1.000E+00,-9.990E+02, 0.000E+00, 0.000E+00, 0.000E+00, 1.000E+00, 0.000E+00, 0.000E+00, 0.000E+00, 0.000E+00, 8.338E+01, 3.123E+01, 1.429E-03, 0.000E+00, 7.000E+02, 1.278E-03, 1.583E-01
18/12/2019,17:00,9,2.150,2.650,-3.187,.920,.039, 1.001E+03, 1.118E+02, 3.131E-04, 2.899E-02, 0.000E+00, 0.000E+00, 0.000E+00, 0.000E+00,-4.649E+01, 1.299E+01, 3.802E+00, 5.153E-01, 2.083E-01,-9.990E+02, 1.000E+00,-9.990E+02, 0.000E+00, 0.000E+00, 0.000E+00, 1.000E+00, 0.000E+00, 0.000E+00, 0.000E+00, 0.000E+00, 8.765E+01, 3.282E+01, 1.429E-03, 0.000E+00, 7.000E+02, 1.271E-03, 1.362E-01
18/12/2019,18:00,9,2.150,2.650,-3.588,.919,.038, 1.002E+03, 1.192E+02, 1.534E-03, 2.899E-02, 0.000E+00, 0.000E+00, 0.000E+00, 0.000E+00,-3.975E+01, 8.448E+00, 3.614E+00, 4.318E-01, 1.913E-01,-9.990E+02, 1.000E+00,-9.990E+02, 0.000E+00, 0.000E+00, 0.000E+00, 1.000E+00, 0.000E+00, 0.000E+00, 0.000E+00, 0.000E+00, 9.876E+01, 3.573E+01, 1.429E-03, 0.000E+00, 7.000E+02, 1.259E-03, 1.442E-01
18/12/2019,19:00,9,2.150,2.650,-3.626,.918,.038, 1.003E+03, 1.266E+02, 1.534E-03, 2.899E-02, 0.000E+00, 0.000E+00, 0.000E+00, 0.000E+00,-3.975E+01, 8.448E+00, 3.537E+00, 4.316E-01, 1.872E-01,-9.990E+02, 1.000E+00,-9.990E+02, 0.000E+00, 0.000E+00, 0.000E+00, 1.000E+00, 0.000E+00, 0.000E+00, 0.000E+00, 0.000E+00, 1.009E+02, 3.651E+01, 1.429E-03, 0.000E+00, 7.000E+02, 1.255E-03, 1.631E-01
18/12/2019,20:00,9,2.150,2.650,-3.665,.917,.039, 1.004E+03, 1.333E+02, 1.534E-03, 2.899E-02, 0.000E+00, 0.000E+00, 0.000E+00, 0.000E+00,-3.975E+01, 8.448E+00, 3.461E+00, 4.313E-01, 1.831E-01,-9.990E+02, 1.000E+00,-9.990E+02, 0.000E+00, 0.000E+00, 0.000E+00, 1.000E+00, 0.000E+00, 0.000E+00, 0.000E+00, 0.000E+00, 1.032E+02, 3.732E+01, 1.429E-03, 0.000E+00, 7.000E+02, 1.252E-03, 1.781E-01
18/12/2019,21:00,9,2.150,2.650,-3.703,.916,.039, 1.005E+03, 1.389E+02, 3.122E-04, 2.899E-02, 0.000E+00, 0.000E+00, 0.000E+00, 0.000E+00,-4.286E+01, 6.744E+00, 3.384E+00, 4.118E-01, 1.746E-01,-9.990E+02, 1.000E+00,-9.990E+02, 0.000E+00, 0.000E+00, 0.000E+00, 1.000E+00, 0.000E+00, 0.000E+00, 0.000E+00, 0.000E+00, 1.110E+02, 3.916E+01, 1.429E-03, 0.000E+00, 7.000E+02, 1.244E-03, 1.882E-01
18/12/2019,22:00,9,2.150,2.650,-3.537,.912,.042, 1.006E+03, 1.425E+02, 3.122E-04, 2.899E-02, 0.000E+00, 0.000E+00, 0.000E+00, 0.000E+00,-4.286E+01, 6.744E+00, 3.387E+00, 4.117E-01, 1.747E-01,-9.990E+02, 1.000E+00,-9.990E+02, 0.000E+00, 0.000E+00, 0.000E+00, 1.000E+00, 0.000E+00, 0.000E+00, 0.000E+00, 0.000E+00, 1.109E+02, 3.912E+01, 1.429E-03, 0.000E+00, 7.000E+02, 1.244E-03, 2.001E-01
18/12/2019,23:00,9,2.150,2.650,-3.371,.907,.044, 1.007E+03, 1.433E+02, 3.122E-04, 2.899E-02, 0.000E+00, 0.000E+00, 0.000E+00, 0.000E+00,-4.286E+01, 6.744E+00, 3.397E+00, 4.117E-01, 1.753E-01,-9.990E+02, 1.000E+00,-9.990E+02, 0.000E+00, 0.000E+00, 0.000E+00, 1.000E+00, 0.000E+00, 0.000E+00, 0.000E+00, 0.000E+00, 1.106E+02, 3.900E+01, 1.429E-03, 0.000E+00, 7.000E+02, 1.245E-03, 2.045E-01
19/12/2019,00:00,9,2.139,2.639,-3.204,.902,.047, 1.008E+03, 1.412E+02, 7.540E-05, 2.899E-02, 0.000E+00, 0.000E+00, 0.000E+00, 0.000E+00,-3.207E+01, 1.884E+00, 3.413E+00, 3.423E-01, 1.694E-01,-9.990E+02, 1.000E+00,-9.990E+02, 0.000E+00, 0.000E+00, 0.000E+00, 1.000E+00, 0.000E+00, 0.000E+00, 0.000E+00, 0.000E+00, 1.189E+02, 4.035E+01, 1.429E-03, 0.000E+00, 7.000E+02, 1.238E-03, 2.047E-01
19/12/2019,01:00,9,2.139,2.639,-3.358,.908,.044, 1.009E+03, 1.367E+02, 7.540E-05, 2.874E-02, 0.000E+00, 0.000E+00, 0.000E+00, 0.000E+00,-3.207E+01, 1.884E+00, 3.302E+00, 3.421E-01, 1.639E-01,-9.990E+02, 1.000E+00,-9.990E+02, 0.000E+00, 0.000E+00, 0.000E+00, 1.000E+00, 0.000E+00, 0.000E+00, 0.000E+00, 0.000E+00, 1.230E+02, 4.172E+01, 1.429E-03, 0.000E+00, 7.000E+02, 1.233E-03, 1.879E-01
19/12/2019,02:00,9,2.139,2.639,-3.511,.914,.040, 1.010E+03, 1.305E+02, 7.540E-05, 2.848E-02, 0.000E+00, 0.000E+00, 0.000E+00, 0.000E+00,-3.207E+01, 1.884E+00, 3.227E+00, 3.418E-01, 1.601E-01,-9.990E+02, 1.000E+00,-9.990E+02, 0.000E+00, 0.000E+00, 0.000E+00, 1.000E+00, 0.000E+00, 0.000E+00, 0.000E+00, 0.000E+00, 1.259E+02, 4.268E+01, 1.429E-03, 0.000E+00, 7.000E+02, 1.229E-03, 1.752E-01
19/12/2019,03:00,9,2.139,2.639,-3.665,.921,.037, 1.011E+03, 1.234E+02, 7.540E-05, 2.823E-02, 0.000E+00, 0.000E+00, 0.000E+00, 0.000E+00,-2.570E+01, 3.608E+00, 3.193E+00, 3.265E-01, 1.606E-01,-9.990E+02, 1.000E+00,-9.990E+02, 0.000E+00, 0.000E+00, 0.000E+00, 1.000E+00, 0.000E+00, 0.000E+00, 0.000E+00, 0.000E+00, 1.238E+02, 4.256E+01, 1.429E-03, 0.000E+00, 7.000E+02, 1.230E-03, 1.863E-01
19/12/2019,04:00,9,2.139,2.639,-3.763,.919,.037, 1.012E+03, 1.160E+02, 7.540E-05, 2.823E-02, 0.000E+00, 0.000E+00, 0.000E+00, 0.000E+00,-2.570E+01, 3.608E+00, 3.108E+00, 3.263E-01, 1.563E-01,-9.990E+02, 1.000E+00,-9.990E+02, 0.000E+00, 0.000E+00, 0.000E+00, 1.000E+00, 0.000E+00, 0.000E+00, 0.000E+00, 0.000E+00, 1.273E+02, 4.374E+01, 1.429E-03, 0.000E+00, 7.000E+02, 1.225E-03, 2.101E-01
19/12/2019,05:00,9,2.139,2.639,-3.861,.918,.038, 1.012E+03, 1.086E+02, 7.540E-05, 2.823E-02, 0.000E+00, 0.000E+00, 0.000E+00, 0.000E+00,-2.570E+01, 3.608E+00, 3.043E+00, 3.262E-01, 1.530E-01,-9.990E+02, 1.000E+00,-9.990E+02, 0.000E+00, 0.000E+00, 0.000E+00, 1.000E+00, 0.000E+00, 0.000E+00, 0.000E+00, 0.000E+00, 1.300E+02, 4.468E+01, 1.429E-03, 0.000E+00, 7.000E+02, 1.221E-03, 2.490E-01
19/12/2019,06:00,9,2.139,2.639,-3.959,.917,.038, 1.013E+03, 1.016E+02, 7.540E-05, 2.823E-02, 0.000E+00, 0.000E+00, 0.000E+00, 0.000E+00,-1.748E+01, 4.753E+00, 3.000E+00, 3.074E-01, 1.553E-01,-9.990E+02, 1.000E+00,-9.990E+02, 0.000E+00, 0.000E+00, 0.000E+00, 1.000E+00, 0.000E+00, 0.000E+00, 0.000E+00, 0.000E+00, 1.243E+02, 4.400E+01, 1.429E-03, 0.000E+00, 7.000E+02, 1.224E-03, 3.238E-01
19/12/2019,07:00,9,2.139,2.639,-3.858,.903,.044, 1.013E+03, 9.537E+01, 7.540E-05, 2.823E-02, 0.000E+00, 0.000E+00, 0.000E+00, 0.000E+00,-1.748E+01, 4.753E+00, 2.793E+00, 3.074E-01, 1.446E-01,-9.990E+02, 1.000E+00,-9.990E+02, 0.000E+00, 0.000E+00, 0.000E+00, 1.000E+00, 0.000E+00, 0.000E+00, 0.000E+00, 0.000E+00, 1.335E+02, 4.726E+01, 1.429E-03, 0.000E+00, 7.000E+02, 1.212E-03, 3.868E-01
19/12/2019,08:00,9,2.139,2.639,-3.758,.890,.051, 1.014E+03, 9.017E+01, 7.540E-05, 2.823E-02, 0.000E+00, 0.000E+00, 0.000E+00, 0.000E+00,-1.748E+01, 4.753E+00, 2.614E+00, 3.074E-01, 1.353E-01,-9.990E+02, 1.000E+00,-9.990E+02, 0.000E+00, 0.000E+00, 0.000E+00, 1.000E+00, 0.000E+00, 0.000E+00, 0.000E+00, 0.000E+00, 1.427E+02, 5.051E+01, 1.429E-03, 0.000E+00, 7.000E+02, 1.199E-03, 4.160E-01
19/12/2019,09:00,9,2.139,2.639,-3.657,.876,.058, 1.015E+03, 8.631E+01, 7.540E-05, 2.823E-02, 2.589E-01, 7.747E+00, 5.333E+00, 3.322E+00,-6.152E+00, 1.041E+01, 2.468E+00, 3.171E-01, 1.400E-01, 6.019E-02, 1.000E+00, 1.319E-01, 1.969E-01, 1.000E-02, 1.000E+00, 1.000E+00, 1.319E-03, 7.978E-06, 1.191E-05, 0.000E+00, 1.259E+02, 4.883E+01, 1.429E-03, 2.340E-05, 6.887E+02, 1.224E-03, 4.369E-01
19/12/2019,10:00,9,2.139,2.639,-3.058,.861,.068, 1.014E+03, 8.404E+01, 7.540E-05, 2.823E-02, 1.248E+00, 1.469E+01, 1.235E+01, 6.339E+00,-6.152E+00, 1.041E+01, 2.475E+00, 3.175E-01, 1.404E-01, 9.712E-02, 1.000E+00, 2.459E-01, 3.982E-01, 1.000E-02, 1.000E+00, 1.000E+00, 2.459E-03, 1.491E-05, 2.415E-05, 0.000E+00, 1.255E+02, 4.868E+01, 1.429E-03, 4.374E-05, 6.792E+02, 1.239E-03, 4.599E-01
19/12/2019,11:00,9,2.139,2.639,-2.458,.845,.079, 1.014E+03, 8.352E+01, 7.540E-05, 2.823E-02, 1.563E+00, 1.649E+01, 1.405E+01, 7.123E+00,-6.152E+00, 1.041E+01, 2.497E+00, 3.179E-01, 1.417E-01, 1.055E-01, 1.000E+00, 2.735E-01, 4.389E-01, 1.000E-02, 1.000E+00, 1.000E+00, 2.735E-03, 1.662E-05, 2.667E-05, 0.000E+00, 1.244E+02, 4.825E+01, 1.429E-03, 4.875E-05, 6.769E+02, 1.244E-03, 4.877E-01
19/12/2019,12:00,9,2.139,2.639,-1.859,.830,.091, 1.014E+03, 8.480E+01, 7.540E-05, 2.823E-02, 5.333E-01, 1.067E+01, 7.525E+00, 4.583E+00,-1.525E+01, 2.558E+00, 2.533E+00, 3.024E-01, 1.326E-01, 8.476E-02, 1.000E+00, 1.798E-01, 2.662E-01, 1.000E-02, 1.000E+00, 1.000E+00, 1.798E-03, 1.095E-05, 1.621E-05, 0.000E+00, 1.441E+02, 5.155E+01, 1.429E-03, 3.212E-05, 6.846E+02, 1.218E-03, 4.895E-01
19/12/2019,13:00,9,2.139,2.639,-1.694,.879,.066, 1.014E+03, 8.777E+01, 7.540E-05, 2.696E-02, 1.496E-02, 3.717E+00, 1.780E+00, 1.587E+00,-1.525E+01, 2.558E+00, 2.443E+00, 3.025E-01, 1.279E-01, 3.630E-02, 1.000E+00, 6.347E-02, 7.060E-02, 1.000E-02, 1.000E+00, 1.000E+00, 6.347E-04, 3.868E-06, 4.302E-06, 0.000E+00, 1.494E+02, 5.344E+01, 1.429E-03, 1.135E-05, 6.945E+02, 1.196E-03, 4.410E-01
19/12/2019,14:00,9,2.139,2.639,-1.529,.927,.040, 1.014E+03, 9.224E+01, 7.540E-05, 2.569E-02, 0.000E+00, 0.000E+00, 0.000E+00, 0.000E+00,-1.525E+01, 2.558E+00, 2.406E+00, 3.026E-01, 1.260E-01,-9.990E+02, 1.000E+00,-9.990E+02, 0.000E+00, 0.000E+00, 0.000E+00, 1.000E+00, 0.000E+00, 0.000E+00, 0.000E+00, 0.000E+00, 1.516E+02, 5.426E+01, 1.429E-03, 0.000E+00, 7.000E+02, 1.185E-03, 4.729E-01
19/12/2019,15:00,9,2.139,2.639,-1.364,.976,.013, 1.014E+03, 9.792E+01, 1.446E-01, 2.442E-02, 0.000E+00, 0.000E+00, 0.000E+00, 0.000E+00,-8.657E+00,-1.826E+00, 2.424E+00, 2.991E-01, 1.334E-01,-9.990E+02, 1.000E+00,-9.990E+02, 0.000E+00, 0.000E+00, 0.000E+00, 1.000E+00, 0.000E+00, 0.000E+00, 0.000E+00, 0.000E+00, 1.362E+02, 5.123E+01, 1.429E-03, 0.000E+00, 7.000E+02, 1.198E-03, 4.888E-01
19/12/2019,16:00,9,2.139,2.639,-.756,.980,.011, 1.013E+03, 1.045E+02, 1.446E-01, 2.492E-02, 0.000E+00, 0.000E+00, 0.000E+00, 0.000E+00,-8.657E+00,-1.826E+00, 2.572E+00, 2.995E-01, 1.416E-01,-9.990E+02, 1.000E+00,-9.990E+02, 0.000E+00, 0.000E+00, 0.000E+00, 1.000E+00, 0.000E+00, 0.000E+00, 0.000E+00, 0.000E+00, 1.283E+02, 4.828E+01, 5.183E-03, 0.000E+00, 1.929E+02, 3.123E-03, 3.713E-01
19/12/2019,17:00,9,2.139,2.639,-.148,.985,.009, 1.012E+03, 1.117E+02, 1.446E-01, 2.543E-02, 0.000E+00, 0.000E+00, 0.000E+00, 0.000E+00,-8.657E+00,-1.826E+00, 2.846E+00, 2.999E-01, 1.567E-01,-9.990E+02, 1.000E+00,-9.990E+02, 0.000E+00, 0.000E+00, 0.000E+00, 1.000E+00, 0.000E+00, 0.000E+00, 0.000E+00, 0.000E+00, 1.159E+02, 4.361E+01, 6.650E-03, 0.000E+00, 1.504E+02, 3.769E-03, 2.422E-01
19/12/2019,18:00,9,2.139,2.639,.460,.990,.007, 1.012E+03, 1.192E+02, 1.637E-01, 2.594E-02, 0.000E+00, 0.000E+00, 0.000E+00, 0.000E+00,-3.618E+01, 1.659E+00, 3.215E+00, 5.079E-01, 1.789E-01,-9.990E+02, 1.000E+00,-9.990E+02, 0.000E+00, 0.000E+00, 0.000E+00, 1.000E+00, 0.000E+00, 0.000E+00, 0.000E+00, 0.000E+00, 1.005E+02, 3.821E+01, 9.276E-03, 0.000E+00, 1.078E+02, 4.797E-03, 1.127E-01
19/12/2019,19:00,9,2.139,2.639,1.136,.983,.011, 1.011E+03, 1.265E+02, 1.637E-01, 2.594E-02, 0.000E+00, 0.000E+00, 0.000E+00, 0.000E+00,-3.618E+01, 1.659E+00, 3.642E+00, 5.088E-01, 2.027E-01,-9.990E+02, 1.000E+00,-9.990E+02, 0.000E+00, 0.000E+00, 0.000E+00, 1.000E+00, 0.000E+00, 0.000E+00, 0.000E+00, 0.000E+00, 8.867E+01, 3.372E+01, 1.429E-02, 0.000E+00, 7.000E+01, 6.296E-03, 1.332E-02
19/12/2019,20:00,9,2.139,2.639,1.812,.976,.016, 1.010E+03, 1.333E+02, 1.637E-01, 2.594E-02, 0.000E+00, 0.000E+00, 0.000E+00, 0.000E+00,-3.618E+01, 1.659E+00, 4.101E+00, 5.097E-01, 2.283E-01,-9.990E+02, 1.000E+00,-9.990E+02, 0.000E+00, 0.000E+00, 0.000E+00, 1.000E+00, 0.000E+00, 0.000E+00, 0.000E+00, 0.000E+00, 7.871E+01, 2.995E+01, 1.429E-02, 0.000E+00, 7.000E+01, 6.717E-03, 1.363E-02
19/12/2019,21:00,9,2.139,2.639,2.488,.970,.022, 1.008E+03, 1.389E+02, 4.434E-02, 2.594E-02, 0.000E+00, 0.000E+00, 0.000E+00, 0.000E+00,-5.841E+01,-8.145E+00, 4.582E+00, 6.107E-01, 2.560E-01,-9.990E+02, 1.000E+00,-9.990E+02, 0.000E+00, 0.000E+00, 0.000E+00, 1.000E+00, 0.000E+00, 0.000E+00, 0.000E+00, 0.000E+00, 6.992E+01, 2.670E+01, 1.429E-02, 0.000E+00, 7.000E+01, 7.128E-03, 4.358E-02
19/12/2019,22:00,9,2.139,2.639,2.656,.976,.018, 1.008E+03, 1.425E+02, 4.434E-02, 2.518E-02, 0.000E+00, 0.000E+00, 0.000E+00, 0.000E+00,-5.841E+01,-8.145E+00, 4.285E+00, 6.111E-01, 2.394E-01,-9.990E+02, 1.000E+00,-9.990E+02, 0.000E+00, 0.000E+00, 0.000E+00, 1.000E+00, 0.000E+00, 0.000E+00, 0.000E+00, 0.000E+00, 7.475E+01, 2.855E+01, 1.429E-02, 0.000E+00, 7.000E+01, 6.889E-03, 2.335E-02
19/12/2019,23:00,9,2.139,2.639,2.823,.981,.014, 1.007E+03, 1.433E+02, 4.434E-02, 2.442E-02, 0.000E+00, 0.000E+00, 0.000E+00, 0.000E+00,-5.841E+01,-8.145E+00, 4.052E+00, 6.115E-01, 2.264E-01,-9.990E+02, 1.000E+00,-9.990E+02, 0.000E+00, 0.000E+00, 0.000E+00, 1.000E+00, 0.000E+00, 0.000E+00, 0.000E+00, 0.000E+00, 7.903E+01, 3.018E+01, 1.429E-02, 0.000E+00, 7.000E+01, 6.690E-03, 8.092E-03
20/12/2019,00:00,9,2.128,2.628,2.990,.987,.010, 1.006E+03, 1.413E+02, 1.248E-01, 2.365E-02, 0.000E+00, 0.000E+00, 0.000E+00, 0.000E+00,-4.333E+01,-1.481E+01, 3.896E+00, 4.302E-01, 2.040E-01,-9.990E+02, 1.000E+00,-9.990E+02, 0.000E+00, 0.000E+00, 0.000E+00, 1.000E+00, 0.000E+00, 0.000E+00, 0.000E+00, 0.000E+00, 9.357E+01, 3.350E+01, 1.429E-02, 0.000E+00, 7.000E+01, 6.300E-03, 8.815E-03
20/12/2019,01:00,9,2.128,2.628,2.495,.991,.007, 1.006E+03, 1.367E+02, 1.248E-01, 2.213E-02, 0.000E+00, 0.000E+00, 0.000E+00, 0.000E+00,-4.333E+01,-1.481E+01, 3.638E+00, 4.300E-01, 1.905E-01,-9.990E+02, 1.000E+00,-9.990E+02, 0.000E+00, 0.000E+00, 0.000E+00, 1.000E+00, 0.000E+00, 0.000E+00, 0.000E+00, 0.000E+00, 1.003E+02, 3.589E+01, 1.429E-02, 0.000E+00, 7.000E+01, 6.058E-03, 7.951E-03
20/12/2019,02:00,9,2.128,2.628,1.999,.995,.004, 1.005E+03, 1.306E+02, 1.248E-01, 2.060E-02, 0.000E+00, 0.000E+00, 0.000E+00, 0.000E+00,-4.333E+01,-1.481E+01, 3.380E+00, 4.297E-01, 1.769E-01,-9.990E+02, 1.000E+00,-9.990E+02, 0.000E+00, 0.000E+00, 0.000E+00, 1.000E+00, 0.000E+00, 0.000E+00, 0.000E+00, 0.000E+00, 1.080E+02, 3.863E+01, 1.429E-02, 0.000E+00, 7.000E+01, 5.803E-03, 2.602E-02
20/12/2019,03:00,9,2.128,2.628,1.503,.999,.001, 1.004E+03, 1.235E+02, 2.920E-02, 1.907E-02, 0.000E+00, 0.000E+00, 0.000E+00, 0.000E+00,-3.017E+01,-1.405E+01, 3.124E+00, 3.411E-01, 1.562E-01,-9.990E+02, 1.000E+00,-9.990E+02, 0.000E+00, 0.000E+00, 0.000E+00, 1.000E+00, 0.000E+00, 0.000E+00, 0.000E+00, 0.000E+00, 1.280E+02, 4.375E+01, 1.429E-02, 0.000E+00, 7.000E+01, 5.364E-03, 7.684E-03
20/12/2019,04:00,9,2.128,2.628,1.360,.999,.001, 1.004E+03, 1.160E+02, 2.920E-02, 1.882E-02, 0.000E+00, 0.000E+00, 0.000E+00, 0.000E+00,-3.017E+01,-1.405E+01, 3.068E+00, 3.411E-01, 1.534E-01,-9.990E+02, 1.000E+00,-9.990E+02, 0.000E+00, 0.000E+00, 0.000E+00, 1.000E+00, 0.000E+00, 0.000E+00, 0.000E+00, 0.000E+00, 1.304E+02, 4.456E+01, 1.429E-02, 0.000E+00, 7.000E+01, 5.303E-03, 7.891E-03
20/12/2019,05:00,9,2.128,2.628,1.217,.999,.000, 1.003E+03, 1.087E+02, 2.920E-02, 1.857E-02, 0.000E+00, 0.000E+00, 0.000E+00, 0.000E+00,-3.017E+01,-1.405E+01, 3.012E+00, 3.411E-01, 1.506E-01,-9.990E+02, 1.000E+00,-9.990E+02, 0.000E+00, 0.000E+00, 0.000E+00, 1.000E+00, 0.000E+00, 0.000E+00, 0.000E+00, 0.000E+00, 1.328E+02, 4.539E+01, 1.429E-02, 0.000E+00, 7.000E+01, 5.242E-03, 8.095E-03
20/12/2019,06:00,9,2.128,2.628,1.074,1.000,.000, 1.002E+03, 1.017E+02, 1.214E-03, 1.831E-02, 0.000E+00, 0.000E+00, 0.000E+00, 0.000E+00,-2.254E+01,-1.396E+01, 2.958E+00, 2.908E-01, 1.432E-01,-9.990E+02, 1.000E+00,-9.990E+02, 0.000E+00, 0.000E+00, 0.000E+00, 1.000E+00, 0.000E+00, 0.000E+00, 0.000E+00, 0.000E+00, 1.442E+02, 4.773E+01, 1.429E-02, 0.000E+00, 7.000E+01, 5.065E-03, 8.785E-03
20/12/2019,07:00,9,2.128,2.628,1.236,1.000,.000, 1.002E+03, 9.543E+01, 1.214E-03, 1.831E-02, 0.000E+00, 0.000E+00, 0.000E+00, 0.000E+00,-2.254E+01,-1.396E+01, 2.767E+00, 2.909E-01, 1.340E-01,-9.990E+02, 1.000E+00,-9.990E+02, 0.000E+00, 0.000E+00, 0.000E+00, 1.000E+00, 0.000E+00, 0.000E+00, 0.000E+00, 0.000E+00, 1.541E+02, 5.102E+01, 1.429E-02, 0.000E+00, 7.000E+01, 4.849E-03, 9.209E-03
20/12/2019,08:00,9,2.128,2.628,1.399,1.000,.000, 1.001E+03, 9.022E+01, 1.214E-03, 1.831E-02, 0.000E+00, 0.000E+00, 0.000E+00, 0.000E+00,-2.254E+01,-1.396E+01, 2.620E+00, 2.911E-01, 1.269E-01,-9.990E+02, 1.000E+00,-9.990E+02, 0.000E+00, 0.000E+00, 0.000E+00, 1.000E+00, 0.000E+00, 0.000E+00, 0.000E+00, 0.000E+00, 1.627E+02, 5.387E+01, 1.429E-02, 0.000E+00, 7.000E+01, 4.676E-03, 8.634E-03
20/12/2019,09:00,9,2.128,2.628,1.561,1.000,.000, 1.001E+03, 8.634E+01, 7.687E-03, 1.831E-02, 2.621E-02, 4.329E+00, 2.061E+00, 1.855E+00,-1.726E+01,-1.373E+01, 2.524E+00, 3.068E-01, 1.306E-01, 5.992E-02, 1.000E+00, 7.393E-02, 8.126E-02, 1.000E-02, 1.000E+00, 1.000E+00, 7.393E-04, 4.559E-06, 5.011E-06, 0.000E+00, 1.480E+02, 5.234E+01, 1.429E-02, 1.330E-05, 6.993E+01, 4.790E-03, 9.469E-03
20/12/2019,10:00,9,2.128,2.628,1.767,1.000,.000, 1.000E+03, 8.406E+01, 7.687E-03, 1.806E-02, 1.281E-01, 8.630E+00, 4.321E+00, 3.702E+00,-1.726E+01,-1.373E+01, 2.599E+00, 3.070E-01, 1.345E-01, 9.727E-02, 1.000E+00, 1.433E-01, 1.628E-01, 1.000E-02, 1.000E+00, 1.000E+00, 1.433E-03, 8.846E-06, 1.005E-05, 0.000E+00, 1.437E+02, 5.083E+01, 1.429E-02, 2.581E-05, 6.987E+01, 4.886E-03, 1.229E-02
20/12/2019,11:00,9,2.128,2.628,1.974,1.000,.000, 9.996E+02, 8.353E+01, 7.687E-03, 1.780E-02, 1.614E-01, 9.799E+00, 4.920E+00, 4.204E+00,-1.726E+01,-1.373E+01, 2.688E+00, 3.073E-01, 1.391E-01, 1.059E-01, 1.000E+00, 1.614E-01, 1.832E-01, 1.000E-02, 1.000E+00, 1.000E+00, 1.614E-03, 9.968E-06, 1.132E-05, 0.000E+00, 1.389E+02, 4.913E+01, 1.429E-02, 2.909E-05, 6.986E+01, 4.996E-03, 1.303E-02
20/12/2019,12:00,9,2.128,2.628,2.180,1.000,.000, 9.990E+02, 8.479E+01, 7.725E-03, 1.755E-02, 8.805E-02, 7.120E+00, 3.538E+00, 3.053E+00,-1.860E+01,-1.472E+01, 2.790E+00, 2.378E-01, 1.234E-01, 8.534E-02, 1.000E+00, 1.195E-01, 1.354E-01, 1.000E-02, 1.000E+00, 1.000E+00, 1.195E-03, 7.387E-06, 8.371E-06, 0.000E+00, 1.833E+02, 5.541E+01, 1.429E-02, 2.156E-05, 6.989E+01, 4.560E-03, 2.521E-02
20/12/2019,13:00,9,2.128,2.628,2.081,1.000,.000, 9.983E+02, 8.775E+01, 7.725E-03, 1.704E-02, 2.716E-03, 2.406E+00, 1.065E+00, 1.030E+00,-1.860E+01,-1.472E+01, 2.767E+00, 2.378E-01, 1.224E-01, 3.686E-02, 1.000E+00, 4.154E-02, 4.285E-02, 1.000E-02, 1.000E+00, 1.000E+00, 4.154E-04, 2.567E-06, 2.648E-06, 0.000E+00, 1.848E+02, 5.586E+01, 1.429E-02, 7.490E-06, 6.996E+01, 4.533E-03, 3.858E-02
20/12/2019,14:00,9,2.128,2.628,1.982,1.000,.000, 9.977E+02, 9.221E+01, 7.725E-03, 1.653E-02, 0.000E+00, 0.000E+00, 0.000E+00, 0.000E+00,-1.860E+01,-1.472E+01, 2.768E+00, 2.379E-01, 1.224E-01,-9.990E+02, 1.000E+00,-9.990E+02, 0.000E+00, 0.000E+00, 0.000E+00, 1.000E+00, 0.000E+00, 0.000E+00, 0.000E+00, 0.000E+00, 1.848E+02, 5.584E+01, 1.429E-02, 0.000E+00, 7.000E+01, 4.533E-03, 6.863E-02
20/12/2019,15:00,9,2.128,2.628,1.883,1.000,.000, 9.971E+02, 9.788E+01, 3.704E-02, 1.602E-02, 0.000E+00, 0.000E+00, 0.000E+00, 0.000E+00,-2.471E+01,-1.713E+01, 2.793E+00, 3.091E-01, 1.373E-01,-9.990E+02, 1.000E+00,-9.990E+02, 0.000E+00, 0.000E+00, 0.000E+00, 1.000E+00, 0.000E+00, 0.000E+00, 0.000E+00, 0.000E+00, 1.481E+02, 4.977E+01, 1.429E-02, 0.000E+00, 7.000E+01, 4.934E-03, 1.491E-01
20/12/2019,16:00,9,2.128,2.628,2.003,1.000,.000, 9.963E+02, 1.045E+02, 3.704E-02, 1.577E-02, 0.000E+00, 0.000E+00, 0.000E+00, 0.000E+00,-2.471E+01,-1.713E+01, 2.859E+00, 3.093E-01, 1.406E-01,-9.990E+02, 1.000E+00,-9.990E+02, 0.000E+00, 0.000E+00, 0.000E+00, 1.000E+00, 0.000E+00, 0.000E+00, 0.000E+00, 0.000E+00, 1.446E+02, 4.861E+01, 1.429E-02, 0.000E+00, 7.000E+01, 5.010E-03, 1.671E-01
20/12/2019,17:00,9,2.128,2.628,2.124,1.000,.000, 9.955E+02, 1.117E+02, 3.704E-02, 1.551E-02, 0.000E+00, 0.000E+00, 0.000E+00, 0.000E+00,-2.471E+01,-1.713E+01, 2.952E+00, 3.095E-01, 1.452E-01,-9.990E+02, 1.000E+00,-9.990E+02, 0.000E+00, 0.000E+00, 0.000E+00, 1.000E+00, 0.000E+00, 0.000E+00, 0.000E+00, 0.000E+00, 1.400E+02, 4.708E+01, 1.429E-02, 0.000E+00, 7.000E+01, 5.115E-03, 4.215E-02
20/12/2019,18:00,9,2.128,2.628,2.244,1.000,.000, 9.947E+02, 1.191E+02, 2.314E-02, 1.526E-02, 0.000E+00, 0.000E+00, 0.000E+00, 0.000E+00,-3.072E+01,-1.731E+01, 3.068E+00, 3.674E-01, 1.578E-01,-9.990E+02, 1.000E+00,-9.990E+02, 0.000E+00, 0.000E+00, 0.000E+00, 1.000E+00, 0.000E+00, 0.000E+00, 0.000E+00, 0.000E+00, 1.231E+02, 4.330E+01, 1.429E-02, 0.000E+00, 7.000E+01, 5.408E-03, 1.432E-02
20/12/2019,19:00,9,2.128,2.628,2.420,1.000,.000, 9.942E+02, 1.265E+02, 2.314E-02, 1.501E-02, 0.000E+00, 0.000E+00, 0.000E+00, 0.000E+00,-3.072E+01,-1.731E+01, 3.019E+00, 3.676E-01, 1.553E-01,-9.990E+02, 1.000E+00,-9.990E+02, 0.000E+00, 0.000E+00, 0.000E+00, 1.000E+00, 0.000E+00, 0.000E+00, 0.000E+00, 0.000E+00, 1.251E+02, 4.400E+01, 1.429E-02, 0.000E+00, 7.000E+01, 5.355E-03, 1.081E-02
20/12/2019,20:00,9,2.128,2.628,2.597,1.000,.000, 9.936E+02, 1.333E+02, 2.314E-02, 1.475E-02, 0.000E+00, 0.000E+00, 0.000E+00, 0.000E+00,-3.072E+01,-1.731E+01, 2.970E+00, 3.678E-01, 1.528E-01,-9.990E+02, 1.000E+00,-9.990E+02, 0.000E+00, 0.000E+00, 0.000E+00, 1.000E+00, 0.000E+00, 0.000E+00, 0.000E+00, 0.000E+00, 1.271E+02, 4.472E+01, 1.550E-02, 0.000E+00, 6.453E+01, 5.459E-03, 8.881E-03
20/12/2019,21:00,9,2.128,2.628,2.773,.999,.000, 9.930E+02, 1.388E+02, 8.958E-02, 1.450E-02, 0.000E+00, 0.000E+00, 0.000E+00, 0.000E+00,-2.991E+01,-1.654E+01, 2.920E+00, 3.478E-01, 1.473E-01,-9.990E+02, 1.000E+00,-9.990E+02, 0.000E+00, 0.000E+00, 0.000E+00, 1.000E+00, 0.000E+00, 0.000E+00, 0.000E+00, 0.000E+00, 1.346E+02, 4.640E+01, 1.695E-02, 0.000E+00, 5.898E+01, 5.484E-03, 7.398E-03
20/12/2019,22:00,9,2.128,2.628,2.877,.999,.000, 9.925E+02, 1.424E+02, 8.958E-02, 1.424E-02, 0.000E+00, 0.000E+00, 0.000E+00, 0.000E+00,-2.991E+01,-1.654E+01, 2.929E+00, 3.479E-01, 1.478E-01,-9.990E+02, 1.000E+00,-9.990E+02, 0.000E+00, 0.000E+00, 0.000E+00, 1.000E+00, 0.000E+00, 0.000E+00, 0.000E+00, 0.000E+00, 1.342E+02, 4.626E+01, 1.841E-02, 0.000E+00, 5.432E+01, 5.640E-03, 1.194E-02
20/12/2019,23:00,9,2.128,2.628,2.980,.999,.000, 9.919E+02, 1.433E+02, 8.958E-02, 1.399E-02, 0.000E+00, 0.000E+00, 0.000E+00, 0.000E+00,-2.991E+01,-1.654E+01, 2.938E+00, 3.481E-01, 1.482E-01,-9.990E+02, 1.000E+00,-9.990E+02, 0.000E+00, 0.000E+00, 0.000E+00, 1.000E+00, 0.000E+00, 0.000E+00, 0.000E+00, 0.000E+00, 1.337E+02, 4.611E+01, 1.987E-02, 0.000E+00, 5.033E+01, 5.783E-03, 7.681E-03
21/12/2019,00:00,9,2.117,2.617,3.084,.999,.000, 9.913E+02, 1.413E+02, 3.760E-02, 1.373E-02, 0.000E+00, 0.000E+00, 0.000E+00, 0.000E+00,-1.932E+01,-8.856E+00, 2.947E+00, 3.358E-01, 1.553E-01,-9.990E+02, 1.000E+00,-9.990E+02, 0.000E+00, 0.000E+00, 0.000E+00, 1.000E+00, 0.000E+00, 0.000E+00, 0.000E+00, 0.000E+00, 1.223E+02, 4.403E+01, 2.132E-02, 0.000E+00, 4.689E+01, 6.118E-03, 5.076E-03
21/12/2019,01:00,9,2.117,2.617,3.344,1.000,.000, 9.904E+02, 1.368E+02, 3.760E-02, 1.373E-02, 0.000E+00, 0.000E+00, 0.000E+00, 0.000E+00,-1.932E+01,-8.856E+00, 2.920E+00, 3.361E-01, 1.539E-01,-9.990E+02, 1.000E+00,-9.990E+02, 0.000E+00, 0.000E+00, 0.000E+00, 1.000E+00, 0.000E+00, 0.000E+00, 0.000E+00, 0.000E+00, 1.233E+02, 4.442E+01, 2.132E-02, 0.000E+00, 4.689E+01, 6.079E-03, 5.046E-03
21/12/2019,02:00,9,2.117,2.617,3.604,1.000,.000, 9.895E+02, 1.306E+02, 3.760E-02, 1.373E-02, 0.000E+00, 0.000E+00, 0.000E+00, 0.000E+00,-1.932E+01,-8.856E+00, 2.912E+00, 3.364E-01, 1.534E-01,-9.990E+02, 1.000E+00,-9.990E+02, 0.000E+00, 0.000E+00, 0.000E+00, 1.000E+00, 0.000E+00, 0.000E+00, 0.000E+00, 0.000E+00, 1.237E+02, 4.455E+01, 2.132E-02, 0.000E+00, 4.689E+01, 6.067E-03, 5.333E-03
21/12/2019,03:00,9,2.117,2.617,3.864,1.000,.000, 9.886E+02, 1.236E+02, 6.418E-03, 1.373E-02, 0.000E+00, 0.000E+00, 0.000E+00, 0.000E+00,-2.135E+01,-1.031E+01, 2.921E+00, 3.900E-01, 1.591E-01,-9.990E+02, 1.000E+00,-9.990E+02, 0.000E+00, 0.000E+00, 0.000E+00, 1.000E+00, 0.000E+00, 0.000E+00, 0.000E+00, 0.000E+00, 1.153E+02, 4.295E+01, 2.132E-02, 0.000E+00, 4.689E+01, 6.240E-03, 5.689E-03
21/12/2019,04:00,9,2.117,2.617,4.012,1.000,.000, 9.881E+02, 1.161E+02, 6.418E-03, 1.323E-02, 0.000E+00, 0.000E+00, 0.000E+00, 0.000E+00,-2.135E+01,-1.031E+01, 3.053E+00, 3.902E-01, 1.664E-01,-9.990E+02, 1.000E+00,-9.990E+02, 0.000E+00, 0.000E+00, 0.000E+00, 1.000E+00, 0.000E+00, 0.000E+00, 0.000E+00, 0.000E+00, 1.103E+02, 4.109E+01, 2.424E-02, 0.000E+00, 4.126E+01, 6.681E-03, 6.014E-03
21/12/2019,05:00,9,2.117,2.617,4.160,1.000,.000, 9.876E+02, 1.087E+02, 6.418E-03, 1.272E-02, 0.000E+00, 0.000E+00, 0.000E+00, 0.000E+00,-2.135E+01,-1.031E+01, 3.195E+00, 3.904E-01, 1.741E-01,-9.990E+02, 1.000E+00,-9.990E+02, 0.000E+00, 0.000E+00, 0.000E+00, 1.000E+00, 0.000E+00, 0.000E+00, 0.000E+00, 0.000E+00, 1.054E+02, 3.926E+01, 2.715E-02, 0.000E+00, 3.683E+01, 7.120E-03, 6.263E-03
21/12/2019,06:00,9,2.117,2.617,4.308,1.000,.000, 9.872E+02, 1.017E+02, 5.467E-03, 1.221E-02, 0.000E+00, 0.000E+00, 0.000E+00, 0.000E+00,-2.216E+01,-8.012E+00, 3.344E+00, 4.125E-01, 1.840E-01,-9.990E+02, 1.000E+00,-9.990E+02, 0.000E+00, 0.000E+00, 0.000E+00, 1.000E+00, 0.000E+00, 0.000E+00, 0.000E+00, 0.000E+00, 9.874E+01, 3.714E+01, 3.007E-02, 0.000E+00, 3.326E+01, 7.623E-03, 1.044E-02
21/12/2019,07:00,9,2.117,2.617,4.355,1.000,.000, 9.870E+02, 9.548E+01, 5.467E-03, 1.195E-02, 0.000E+00, 0.000E+00, 0.000E+00, 0.000E+00,-2.216E+01,-8.012E+00, 3.265E+00, 4.126E-01, 1.797E-01,-9.990E+02, 1.000E+00,-9.990E+02, 0.000E+00, 0.000E+00, 0.000E+00, 1.000E+00, 0.000E+00, 0.000E+00, 0.000E+00, 0.000E+00, 1.011E+02, 3.804E+01, 3.152E-02, 0.000E+00, 3.172E+01, 7.575E-03, 1.214E-02
21/12/2019,08:00,9,2.117,2.617,4.402,1.000,.000, 9.869E+02, 9.026E+01, 5.467E-03, 1.170E-02, 0.000E+00, 0.000E+00, 0.000E+00, 0.000E+00,-2.216E+01,-8.012E+00, 3.200E+00, 4.127E-01, 1.761E-01,-9.990E+02, 1.000E+00,-9.990E+02, 0.000E+00, 0.000E+00, 0.000E+00, 1.000E+00, 0.000E+00, 0.000E+00, 0.000E+00, 0.000E+00, 1.032E+02, 3.881E+01, 3.298E-02, 0.000E+00, 3.032E+01, 7.539E-03, 1.373E-02
21/12/2019,09:00,9,2.117,2.617,4.449,1.000,.000, 9.868E+02, 8.637E+01, 1.859E-02, 1.144E-02, 2.651E-02, 4.306E+00, 2.060E+00, 1.851E+00,-1.587E+01,-2.920E+00, 3.149E+00, 4.023E-01, 1.763E-01, 5.978E-02, 1.000E+00, 7.377E-02, 8.125E-02, 1.000E-02, 1.000E+00, 1.000E+00, 7.377E-04, 4.597E-06, 5.063E-06, 0.000E+00, 1.014E+02, 3.878E+01, 3.444E-02, 1.335E-05, 2.903E+01, 7.627E-03, 9.911E-03
21/12/2019,10:00,9,2.117,2.617,4.566,1.000,.000, 9.863E+02, 8.407E+01, 1.859E-02, 1.094E-02, 1.305E-01, 8.661E+00, 4.359E+00, 3.727E+00,-1.587E+01,-2.920E+00, 3.089E+00, 4.025E-01, 1.729E-01, 9.756E-02, 1.000E+00, 1.443E-01, 1.641E-01, 1.000E-02, 1.000E+00, 1.000E+00, 1.443E-03, 8.994E-06, 1.023E-05, 0.000E+00, 1.034E+02, 3.954E+01, 3.735E-02, 2.611E-05, 2.675E+01, 7.643E-03, 1.081E-02
21/12/2019,11:00,9,2.117,2.617,4.683,1.000,.000, 9.858E+02, 8.353E+01, 1.859E-02, 1.043E-02, 1.651E-01, 9.871E+00, 4.981E+00, 4.249E+00,-1.587E+01,-2.920E+00, 3.028E+00, 4.026E-01, 1.695E-01, 1.065E-01, 1.000E+00, 1.630E-01, 1.852E-01, 1.000E-02, 1.000E+00, 1.000E+00, 1.630E-03, 1.017E-05, 1.155E-05, 0.000E+00, 1.054E+02, 4.033E+01, 4.027E-02, 2.951E-05, 2.482E+01, 7.635E-03, 1.215E-02
21/12/2019,12:00,9,2.117,2.617,4.800,1.000,.000, 9.853E+02, 8.477E+01, 3.893E-02, 9.919E-03, 9.135E-02, 7.200E+00, 3.599E+00, 3.097E+00,-1.496E+01,-6.236E+00, 2.968E+00, 3.111E-01, 1.567E-01, 8.605E-02, 1.000E+00, 1.212E-01, 1.376E-01, 1.000E-02, 1.000E+00, 1.000E+00, 1.212E-03, 7.560E-06, 8.584E-06, 0.000E+00, 1.209E+02, 4.362E+01, 4.318E-02, 2.195E-05, 2.315E+01, 7.215E-03, 1.344E-02
21/12/2019,13:00,9,2.117,2.617,4.611,1.000,.000, 9.853E+02, 8.772E+01, 3.893E-02, 1.068E-02, 3.107E-03, 2.445E+00, 1.089E+00, 1.050E+00,-1.496E+01,-6.236E+00, 2.735E+00, 3.110E-01, 1.444E-01, 3.755E-02, 1.000E+00, 4.233E-02, 4.382E-02, 1.000E-02, 1.000E+00, 1.000E+00, 4.233E-04, 2.640E-06, 2.732E-06, 0.000E+00, 1.312E+02, 4.734E+01, 3.881E-02, 7.663E-06, 2.576E+01, 6.620E-03, 1.517E-02
21/12/2019,14:00,9,2.117,2.617,4.423,1.000,.000, 9.852E+02, 9.216E+01, 3.893E-02, 1.144E-02, 0.000E+00, 0.000E+00, 0.000E+00, 0.000E+00,-1.496E+01,-6.236E+00, 2.516E+00, 3.109E-01, 1.328E-01,-9.990E+02, 1.000E+00,-9.990E+02, 0.000E+00, 0.000E+00, 0.000E+00, 1.000E+00, 0.000E+00, 0.000E+00, 0.000E+00, 0.000E+00, 1.426E+02, 5.146E+01, 3.444E-02, 0.000E+00, 2.904E+01, 6.052E-03, 1.818E-02
21/12/2019,15:00,9,2.117,2.617,4.234,1.000,.000, 9.852E+02, 9.783E+01, 7.124E-02, 1.221E-02, 0.000E+00, 0.000E+00, 0.000E+00, 0.000E+00,-1.015E+01,-5.378E+00, 2.315E+00, 2.185E-01, 1.105E-01,-9.990E+02, 1.000E+00,-9.990E+02, 0.000E+00, 0.000E+00, 0.000E+00, 1.000E+00, 0.000E+00, 0.000E+00, 0.000E+00, 0.000E+00, 1.897E+02, 6.188E+01, 3.007E-02, 0.000E+00, 3.326E+01, 5.032E-03, 3.217E-02
21/12/2019,16:00,9,2.117,2.617,4.149,1.000,.000, 9.852E+02, 1.044E+02, 7.124E-02, 1.195E-02, 0.000E+00, 0.000E+00, 0.000E+00, 0.000E+00,-1.015E+01,-5.378E+00, 2.183E+00, 2.184E-01, 1.041E-01,-9.990E+02, 1.000E+00,-9.990E+02, 0.000E+00, 0.000E+00, 0.000E+00, 1.000E+00, 0.000E+00, 0.000E+00, 0.000E+00, 0.000E+00, 2.013E+02, 6.564E+01, 3.152E-02, 0.000E+00, 3.172E+01, 4.825E-03, 2.337E-02
21/12/2019,17:00,9,2.117,2.617,4.064,1.000,.000, 9.853E+02, 1.116E+02, 7.124E-02, 1.170E-02, 0.000E+00, 0.000E+00, 0.000E+00, 0.000E+00,-1.015E+01,-5.378E+00, 2.062E+00, 2.184E-01, 1.000E-01,-9.990E+02, 1.000E+00,-9.990E+02, 0.000E+00, 0.000E+00, 0.000E+00, 1.000E+00, 0.000E+00, 0.000E+00, 0.000E+00, 0.000E+00, 2.096E+02, 6.835E+01, 3.298E-02, 0.000E+00, 3.032E+01, 4.692E-03, 2.355E-02
21/12/2019,18:00,9,2.117,2.617,3.979,1.000,.000, 9.853E+02, 1.190E+02, 7.505E-02, 1.144E-02, 0.000E+00, 0.000E+00, 0.000E+00, 0.000E+00,-6.875E+00,-3.764E+00, 1.956E+00, 1.735E-01, 1.000E-01,-9.990E+02, 1.000E+00,-9.990E+02, 0.000E+00, 0.000E+00, 0.000E+00, 1.000E+00, 0.000E+00, 0.000E+00, 0.000E+00, 0.000E+00, 2.241E+02, 6.835E+01, 3.444E-02, 0.000E+00, 2.904E+01, 4.691E-03, 2.539E-02
21/12/2019,19:00,9,2.117,2.617,3.854,1.000,.000, 9.851E+02, 1.264E+02, 7.505E-02, 1.119E-02, 0.000E+00, 0.000E+00, 0.000E+00, 0.000E+00,-6.875E+00,-3.764E+00, 1.765E+00, 1.734E-01, 1.000E-01,-9.990E+02, 1.000E+00,-9.990E+02, 0.000E+00, 0.000E+00, 0.000E+00, 1.000E+00, 0.000E+00, 0.000E+00, 0.000E+00, 0.000E+00, 2.242E+02, 6.835E+01, 3.589E-02, 0.000E+00, 2.786E+01, 4.717E-03, 2.875E-02
21/12/2019,20:00,9,2.117,2.617,3.729,1.000,.000, 9.849E+02, 1.332E+02, 7.505E-02, 1.094E-02, 0.000E+00, 0.000E+00, 0.000E+00, 0.000E+00,-6.875E+00,-3.764E+00, 1.592E+00, 1.734E-01, 1.000E-01,-9.990E+02, 1.000E+00,-9.990E+02, 0.000E+00, 0.000E+00, 0.000E+00, 1.000E+00, 0.000E+00, 0.000E+00, 0.000E+00, 0.000E+00, 2.242E+02, 6.835E+01, 3.735E-02, 0.000E+00, 2.677E+01, 4.741E-03, 3.589E-02
21/12/2019,21:00,9,2.117,2.617,3.604,1.000,.000, 9.848E+02, 1.388E+02, 4.116E-01, 1.068E-02, 0.000E+00, 0.000E+00, 0.000E+00, 0.000E+00,-2.294E+00,-1.455E+00, 1.443E+00, 1.000E-01, 1.000E-01,-9.990E+02, 1.000E+00,-9.990E+02, 0.000E+00, 0.000E+00, 0.000E+00, 1.000E+00, 0.000E+00, 0.000E+00, 0.000E+00, 0.000E+00, 2.655E+02, 6.835E+01, 3.881E-02, 0.000E+00, 2.577E+01, 4.678E-03, 5.203E-02
21/12/2019,22:00,9,2.117,2.617,3.505,1.000,.000, 9.849E+02, 1.424E+02, 4.116E-01, 1.068E-02, 0.000E+00, 0.000E+00, 0.000E+00, 0.000E+00,-2.294E+00,-1.455E+00, 1.132E+00, 1.000E-01, 1.000E-01,-9.990E+02, 1.000E+00,-9.990E+02, 0.000E+00, 0.000E+00, 0.000E+00, 1.000E+00, 0.000E+00, 0.000E+00, 0.000E+00, 0.000E+00, 2.655E+02, 6.835E+01, 3.881E-02, 0.000E+00, 2.577E+01, 4.678E-03, 6.622E-02
21/12/2019,23:00,9,2.117,2.617,3.405,1.000,.000, 9.850E+02, 1.433E+02, 4.116E-01, 1.068E-02, 0.000E+00, 0.000E+00, 0.000E+00, 0.000E+00,-2.294E+00,-1.455E+00, 1.110E+00, 1.000E-01, 1.000E-01,-9.990E+02, 1.000E+00,-9.990E+02, 0.000E+00, 0.000E+00, 0.000E+00, 1.000E+00, 0.000E+00, 0.000E+00, 0.000E+00, 0.000E+00, 2.655E+02, 6.835E+01, 3.881E-02, 0.000E+00, 2.577E+01, 4.678E-03, 5.690E-02
22/12/2019,00:00,9,2.106,2.606,3.306,1.000,.000, 9.851E+02, 1.413E+02, 9.660E-01, 1.068E-02, 0.000E+00, 0.000E+00, 0.000E+00, 0.000E+00,-3.549E+00,-1.282E+00, 1.392E+00, 1.293E-01, 1.000E-01,-9.990E+02, 1.000E+00,-9.990E+02, 0.000E+00, 0.000E+00, 0.000E+00, 1.000E+00, 0.000E+00, 0.000E+00, 0.000E+00, 0.000E+00, 2.379E+02, 6.835E+01, 3.881E-02, 0.000E+00, 2.577E+01, 4.735E-03, 6.260E-02
22/12/2019,01:00,9,2.106,2.606,3.231,1.000,.000, 9.849E+02, 1.368E+02, 9.660E-01, 8.393E-03, 0.000E+00, 0.000E+00, 0.000E+00, 0.000E+00,-3.549E+00,-1.282E+00, 1.567E+00, 1.293E-01, 1.000E-01,-9.990E+02, 1.000E+00,-9.990E+02, 0.000E+00, 0.000E+00, 0.000E+00, 1.000E+00, 0.000E+00, 0.000E+00, 0.000E+00, 0.000E+00, 2.379E+02, 6.835E+01, 5.192E-02, 0.000E+00, 1.926E+01, 4.886E-03, 9.548E-02
22/12/2019,02:00,9,2.106,2.606,3.156,1.000,.000, 9.847E+02, 1.307E+02, 9.660E-01, 6.104E-03, 0.000E+00, 0.000E+00, 0.000E+00, 0.000E+00,-3.549E+00,-1.282E+00, 1.810E+00, 1.293E-01, 1.000E-01,-9.990E+02, 1.000E+00,-9.990E+02, 0.000E+00, 0.000E+00, 0.000E+00, 1.000E+00, 0.000E+00, 0.000E+00, 0.000E+00, 0.000E+00, 2.379E+02, 6.835E+01, 6.503E-02, 0.000E+00, 1.538E+01, 4.980E-03, 9.434E-02
22/12/2019,03:00,9,2.106,2.606,3.081,.999,.000, 9.845E+02, 1.236E+02, 1.130E+00, 3.815E-03, 0.000E+00, 0.000E+00, 0.000E+00, 0.000E+00,-8.282E+00, 2.850E+00, 2.098E+00, 2.746E-01, 1.132E-01,-9.990E+02, 1.000E+00,-9.990E+02, 0.000E+00, 0.000E+00, 0.000E+00, 1.000E+00, 0.000E+00, 0.000E+00, 0.000E+00, 0.000E+00, 1.637E+02, 6.039E+01, 7.815E-02, 0.000E+00, 1.280E+01, 5.803E-03, 8.134E-02
22/12/2019,04:00,9,2.106,2.606,2.827,.999,.001, 9.846E+02, 1.162E+02, 1.130E+00, 3.815E-03, 0.000E+00, 0.000E+00, 0.000E+00, 0.000E+00,-8.282E+00, 2.850E+00, 2.139E+00, 2.744E-01, 1.154E-01,-9.990E+02, 1.000E+00,-9.990E+02, 0.000E+00, 0.000E+00, 0.000E+00, 1.000E+00, 0.000E+00, 0.000E+00, 0.000E+00, 0.000E+00, 1.606E+02, 5.922E+01, 7.815E-02, 0.000E+00, 1.280E+01, 5.909E-03, 7.099E-02
22/12/2019,05:00,9,2.106,2.606,2.572,.999,.001, 9.847E+02, 1.088E+02, 1.130E+00, 3.815E-03, 0.000E+00, 0.000E+00, 0.000E+00, 0.000E+00,-8.282E+00, 2.850E+00, 2.182E+00, 2.743E-01, 1.177E-01,-9.990E+02, 1.000E+00,-9.990E+02, 0.000E+00, 0.000E+00, 0.000E+00, 1.000E+00, 0.000E+00, 0.000E+00, 0.000E+00, 0.000E+00, 1.575E+02, 5.808E+01, 7.815E-02, 0.000E+00, 1.280E+01, 6.016E-03, 7.550E-02
22/12/2019,06:00,9,2.106,2.606,2.318,.999,.001, 9.848E+02, 1.018E+02, 3.710E-01, 3.815E-03, 0.000E+00, 0.000E+00, 0.000E+00, 0.000E+00,-9.729E+00, 5.894E+00, 2.224E+00, 3.255E-01, 1.234E-01,-9.990E+02, 1.000E+00,-9.990E+02, 0.000E+00, 0.000E+00, 0.000E+00, 1.000E+00, 0.000E+00, 0.000E+00, 0.000E+00, 0.000E+00, 1.462E+02, 5.541E+01, 7.815E-02, 0.000E+00, 1.280E+01, 6.298E-03, 7.140E-02
22/12/2019,07:00,9,2.106,2.606,2.245,.996,.003, 9.853E+02, 9.552E+01, 3.710E-01, 3.815E-03, 0.000E+00, 0.000E+00, 0.000E+00, 0.000E+00,-9.729E+00, 5.894E+00, 2.382E+00, 3.254E-01, 1.321E-01,-9.990E+02, 1.000E+00,-9.990E+02, 0.000E+00, 0.000E+00, 0.000E+00, 1.000E+00, 0.000E+00, 0.000E+00, 0.000E+00, 0.000E+00, 1.365E+02, 5.176E+01, 7.815E-02, 0.000E+00, 1.280E+01, 6.705E-03, 8.816E-02
22/12/2019,08:00,9,2.106,2.606,2.173,.992,.005, 9.858E+02, 9.029E+01, 3.710E-01, 3.815E-03, 0.000E+00, 0.000E+00, 0.000E+00, 0.000E+00,-9.729E+00, 5.894E+00, 2.556E+00, 3.253E-01, 1.418E-01,-9.990E+02, 1.000E+00,-9.990E+02, 0.000E+00, 0.000E+00, 0.000E+00, 1.000E+00, 0.000E+00, 0.000E+00, 0.000E+00, 0.000E+00, 1.272E+02, 4.822E+01, 7.815E-02, 0.000E+00, 1.280E+01, 7.152E-03, 6.693E-02
22/12/2019,09:00,9,2.106,2.606,2.101,.989,.008, 9.862E+02, 8.639E+01, 3.561E-03, 3.815E-03, 2.912E-01, 7.893E+00, 5.732E+00, 3.417E+00,-1.139E+01, 7.694E+00, 2.746E+00, 3.412E-01, 1.521E-01, 5.975E-02, 1.000E+00, 1.358E-01, 2.100E-01, 1.000E-02, 1.000E+00, 1.000E+00, 1.358E-03, 8.394E-06, 1.298E-05, 0.000E+00, 1.187E+02, 4.494E+01, 7.815E-02, 2.424E-05, 1.279E+01, 7.623E-03, 3.695E-02
22/12/2019,10:00,9,2.106,2.606,2.194,.989,.008, 9.865E+02, 8.408E+01, 3.561E-03, 3.561E-03, 1.458E+00, 1.525E+01, 1.372E+01, 6.650E+00,-1.139E+01, 7.694E+00, 2.744E+00, 3.412E-01, 1.521E-01, 9.797E-02, 1.000E+00, 2.581E-01, 4.312E-01, 1.000E-02, 1.000E+00, 1.000E+00, 2.581E-03, 1.595E-05, 2.665E-05, 0.000E+00, 1.187E+02, 4.495E+01, 7.960E-02, 4.607E-05, 1.256E+01, 7.634E-03, 2.149E-02
22/12/2019,11:00,9,2.106,2.606,2.288,.989,.008, 9.867E+02, 8.352E+01, 3.561E-03, 3.306E-03, 1.855E+00, 1.728E+01, 1.576E+01, 7.546E+00,-1.139E+01, 7.694E+00, 2.753E+00, 3.413E-01, 1.525E-01, 1.072E-01, 1.000E+00, 2.894E-01, 4.771E-01, 1.000E-02, 1.000E+00, 1.000E+00, 2.894E-03, 1.789E-05, 2.950E-05, 0.000E+00, 1.183E+02, 4.481E+01, 8.106E-02, 5.167E-05, 1.233E+01, 7.669E-03, 2.009E-02
22/12/2019,12:00,9,2.106,2.606,2.382,.988,.008, 9.869E+02, 8.475E+01, 0.000E+00, 3.052E-03, 7.582E+00, 2.147E+01, 5.111E+01, 9.678E+00,-2.285E+01,-3.900E-01, 2.771E+00, 3.450E-01, 1.444E-01, 8.690E-02, 1.000E+00, 3.761E-01, 8.778E-01, 1.000E-02, 1.000E+00, 1.000E+00, 3.761E-03, 2.327E-05, 5.430E-05, 0.000E+00, 1.329E+02, 4.733E+01, 8.252E-02, 6.719E-05, 1.211E+01, 7.270E-03, 8.297E-03
22/12/2019,13:00,9,2.106,2.606,2.317,.987,.009, 9.873E+02, 8.768E+01, 0.000E+00, 3.306E-03, 2.766E-01, 9.595E+00, 7.573E+00, 4.150E+00,-2.285E+01,-3.900E-01, 2.827E+00, 3.449E-01, 1.473E-01, 3.837E-02, 1.000E+00, 1.612E-01, 2.676E-01, 1.000E-02, 1.000E+00, 1.000E+00, 1.612E-03, 9.967E-06, 1.655E-05, 0.000E+00, 1.303E+02, 4.640E+01, 8.106E-02, 2.878E-05, 1.233E+01, 7.391E-03, 1.828E-02
22/12/2019,14:00,9,2.106,2.606,2.252,.986,.010, 9.878E+02, 9.212E+01, 0.000E+00, 3.561E-03, 0.000E+00, 0.000E+00, 0.000E+00, 0.000E+00,-2.285E+01,-3.900E-01, 2.883E+00, 3.447E-01, 1.502E-01,-9.990E+02, 1.000E+00,-9.990E+02, 0.000E+00, 0.000E+00, 0.000E+00, 1.000E+00, 0.000E+00, 0.000E+00, 0.000E+00, 0.000E+00, 1.278E+02, 4.551E+01, 7.960E-02, 0.000E+00, 1.256E+01, 7.509E-03, 7.001E-02
22/12/2019,15:00,9,2.106,2.606,2.187,.985,.010, 9.882E+02, 9.777E+01, 0.000E+00, 3.815E-03, 0.000E+00, 0.000E+00, 0.000E+00, 0.000E+00,-2.268E+01,-7.477E+00, 2.939E+00, 3.188E-01, 1.485E-01,-9.990E+02, 1.000E+00,-9.990E+02, 0.000E+00, 0.000E+00, 0.000E+00, 1.000E+00, 0.000E+00, 0.000E+00, 0.000E+00, 0.000E+00, 1.333E+02, 4.604E+01, 7.815E-02, 0.000E+00, 1.280E+01, 7.397E-03, 8.206E-02
22/12/2019,16:00,9,2.106,2.606,2.039,.989,.007, 9.887E+02, 1.043E+02, 0.000E+00, 3.815E-03, 0.000E+00, 0.000E+00, 0.000E+00, 0.000E+00,-2.268E+01,-7.477E+00, 2.784E+00, 3.186E-01, 1.406E-01,-9.990E+02, 1.000E+00,-9.990E+02, 0.000E+00, 0.000E+00, 0.000E+00, 1.000E+00, 0.000E+00, 0.000E+00, 0.000E+00, 0.000E+00, 1.408E+02, 4.861E+01, 7.815E-02, 0.000E+00, 1.280E+01, 7.041E-03, 6.904E-02
22/12/2019,17:00,9,2.106,2.606,1.890,.993,.005, 9.892E+02, 1.115E+02, 0.000E+00, 3.815E-03, 0.000E+00, 0.000E+00, 0.000E+00, 0.000E+00,-2.268E+01,-7.477E+00, 2.644E+00, 3.184E-01, 1.335E-01,-9.990E+02, 1.000E+00,-9.990E+02, 0.000E+00, 0.000E+00, 0.000E+00, 1.000E+00, 0.000E+00, 0.000E+00, 0.000E+00, 0.000E+00, 1.483E+02, 5.118E+01, 7.815E-02, 0.000E+00, 1.280E+01, 6.717E-03, 5.159E-02
22/12/2019,18:00,9,2.106,2.606,1.742,.997,.002, 9.897E+02, 1.190E+02, 4.015E-04, 3.815E-03, 0.000E+00, 0.000E+00, 0.000E+00, 0.000E+00,-1.327E+01,-7.604E+00, 2.523E+00, 2.930E-01, 1.324E-01,-9.990E+02, 1.000E+00,-9.990E+02, 0.000E+00, 0.000E+00, 0.000E+00, 1.000E+00, 0.000E+00, 0.000E+00, 0.000E+00, 0.000E+00, 1.440E+02, 5.164E+01, 7.815E-02, 0.000E+00, 1.280E+01, 6.687E-03, 3.965E-02
22/12/2019,19:00,9,2.106,2.606,1.933,.998,.001, 9.903E+02, 1.263E+02, 4.015E-04, 3.815E-03, 0.000E+00, 0.000E+00, 0.000E+00, 0.000E+00,-1.327E+01,-7.604E+00, 2.502E+00, 2.930E-01, 1.313E-01,-9.990E+02, 1.000E+00,-9.990E+02, 0.000E+00, 0.000E+00, 0.000E+00, 1.000E+00, 0.000E+00, 0.000E+00, 0.000E+00, 0.000E+00, 1.452E+02, 5.208E+01, 7.815E-02, 0.000E+00, 1.280E+01, 6.635E-03, 3.336E-02
22/12/2019,20:00,9,2.106,2.606,2.124,.999,.001, 9.908E+02, 1.331E+02, 4.015E-04, 3.815E-03, 0.000E+00, 0.000E+00, 0.000E+00, 0.000E+00,-1.327E+01,-7.604E+00, 2.485E+00, 2.930E-01, 1.304E-01,-9.990E+02, 1.000E+00,-9.990E+02, 0.000E+00, 0.000E+00, 0.000E+00, 1.000E+00, 0.000E+00, 0.000E+00, 0.000E+00, 0.000E+00, 1.462E+02, 5.243E+01, 7.815E-02, 0.000E+00, 1.280E+01, 6.594E-03, 3.230E-02
22/12/2019,21:00,9,2.106,2.606,2.315,1.000,.000, 9.914E+02, 1.388E+02, 2.456E-03, 3.815E-03, 0.000E+00, 0.000E+00, 0.000E+00, 0.000E+00,-1.193E+00,-4.147E+00, 2.472E+00, 2.701E-01, 1.446E-01,-9.990E+02, 1.000E+00,-9.990E+02, 0.000E+00, 0.000E+00, 0.000E+00, 1.000E+00, 0.000E+00, 0.000E+00, 0.000E+00, 0.000E+00, 1.182E+02, 4.726E+01, 7.815E-02, 0.000E+00, 1.280E+01, 7.315E-03, 3.559E-02
22/12/2019,22:00,9,2.106,2.606,2.149,1.000,.000, 9.918E+02, 1.424E+02, 2.456E-03, 3.815E-03, 0.000E+00, 0.000E+00, 0.000E+00, 0.000E+00,-1.193E+00,-4.147E+00, 2.338E+00, 2.700E-01, 1.368E-01,-9.990E+02, 1.000E+00,-9.990E+02, 0.000E+00, 0.000E+00, 0.000E+00, 1.000E+00, 0.000E+00, 0.000E+00, 0.000E+00, 0.000E+00, 1.250E+02, 4.997E+01, 7.815E-02, 0.000E+00, 1.280E+01, 6.953E-03, 3.170E-02
22/12/2019,23:00,9,2.106,2.606,1.984,1.000,.000, 9.921E+02, 1.433E+02, 2.456E-03, 3.815E-03, 0.000E+00, 0.000E+00, 0.000E+00, 0.000E+00,-1.193E+00,-4.147E+00, 2.218E+00, 2.699E-01, 1.298E-01,-9.990E+02, 1.000E+00,-9.990E+02, 0.000E+00, 0.000E+00, 0.000E+00, 1.000E+00, 0.000E+00, 0.000E+00, 0.000E+00, 0.000E+00, 1.317E+02, 5.267E+01, 7.815E-02, 0.000E+00, 1.280E+01, 6.628E-03, 2.279E-02
23/12/2019,00:00,9,2.095,2.595,1.818,1.000,.000, 9.925E+02, 1.413E+02, 5.214E-04, 3.815E-03, 0.000E+00, 0.000E+00, 0.000E+00, 0.000E+00,-1.420E+00,-4.641E-01, 2.115E+00, 1.000E-01, 1.000E-01,-9.990E+02, 1.000E+00,-9.990E+02, 0.000E+00, 0.000E+00, 0.000E+00, 1.000E+00, 0.000E+00, 0.000E+00, 0.000E+00, 0.000E+00, 2.280E+02, 6.835E+01, 7.815E-02, 0.000E+00, 1.280E+01, 5.068E-03, 1.723E-02
23/12/2019,01:00,9,2.095,2.595,2.094,.998,.001, 9.928E+02, 1.369E+02, 5.214E-04, 2.798E-03, 0.000E+00, 0.000E+00, 0.000E+00, 0.000E+00,-1.420E+00,-4.641E-01, 1.500E+00, 1.000E-01, 1.000E-01,-9.990E+02, 1.000E+00,-9.990E+02, 0.000E+00, 0.000E+00, 0.000E+00, 1.000E+00, 0.000E+00, 0.000E+00, 0.000E+00, 0.000E+00, 2.280E+02, 6.835E+01, 8.397E-02, 0.000E+00, 1.191E+01, 5.091E-03, 1.771E-02
23/12/2019,02:00,9,2.095,2.595,2.369,.997,.002, 9.930E+02, 1.307E+02, 5.214E-04, 1.780E-03, 0.000E+00, 0.000E+00, 0.000E+00, 0.000E+00,-1.420E+00,-4.641E-01, 9.563E-01, 1.000E-01, 1.000E-01,-9.990E+02, 1.000E+00,-9.990E+02, 0.000E+00, 0.000E+00, 0.000E+00, 1.000E+00, 0.000E+00, 0.000E+00, 0.000E+00, 0.000E+00, 2.280E+02, 6.835E+01, 8.980E-02, 0.000E+00, 1.114E+01, 5.111E-03, 2.233E-02
23/12/2019,03:00,9,2.095,2.595,2.644,.995,.004, 9.932E+02, 1.237E+02, 2.099E-03, 7.630E-04, 0.000E+00, 0.000E+00, 0.000E+00, 0.000E+00,-8.050E-02, 3.524E-01, 6.822E-01, 1.000E-01, 1.000E-01,-9.990E+02, 1.000E+00,-9.990E+02, 0.000E+00, 0.000E+00, 0.000E+00, 1.000E+00, 0.000E+00, 0.000E+00, 0.000E+00, 0.000E+00, 1.718E+02, 6.835E+01, 9.563E-02, 0.000E+00, 1.046E+01, 5.270E-03, 3.927E-02
23/12/2019,04:00,9,2.095,2.595,2.574,.995,.004, 9.937E+02, 1.162E+02, 2.099E-03, 7.630E-04, 0.000E+00, 0.000E+00, 0.000E+00, 0.000E+00,-8.050E-02, 3.524E-01, 4.896E-01, 1.000E-01, 1.000E-01,-9.990E+02, 1.000E+00,-9.990E+02, 0.000E+00, 0.000E+00, 0.000E+00, 1.000E+00, 0.000E+00, 0.000E+00, 0.000E+00, 0.000E+00, 1.718E+02, 6.835E+01, 7.911E-02, 0.000E+00, 1.264E+01, 5.210E-03, 9.228E-02
23/12/2019,05:00,9,2.095,2.595,2.504,.994,.004, 9.941E+02, 1.088E+02, 2.099E-03, 7.630E-04, 0.000E+00, 0.000E+00, 0.000E+00, 0.000E+00,-8.050E-02, 3.524E-01, 3.557E-01, 1.000E-01, 1.000E-01,-9.990E+02, 1.000E+00,-9.990E+02, 0.000E+00, 0.000E+00, 0.000E+00, 1.000E+00, 0.000E+00, 0.000E+00, 0.000E+00, 0.000E+00, 1.717E+02, 6.835E+01, 7.407E-02, 0.000E+00, 1.350E+01, 5.187E-03, 1.507E-01
23/12/2019,06:00,9,2.095,2.595,2.433,.993,.005, 9.946E+02, 1.018E+02, 1.007E-03, 7.630E-04, 0.000E+00, 0.000E+00, 0.000E+00, 0.000E+00, 2.159E-03, 6.277E-01, 3.548E-01, 1.000E-01, 1.000E-01,-9.990E+02, 1.000E+00,-9.990E+02, 0.000E+00, 0.000E+00, 0.000E+00, 1.000E+00, 0.000E+00, 0.000E+00, 0.000E+00, 0.000E+00, 1.682E+02, 6.835E+01, 5.962E-02, 0.000E+00, 1.677E+01, 5.109E-03, 2.193E-01
23/12/2019,07:00,9,2.095,2.595,2.434,.992,.006, 9.951E+02, 9.556E+01, 1.007E-03, 7.630E-04, 0.000E+00, 0.000E+00, 0.000E+00, 0.000E+00, 2.159E-03, 6.277E-01, 4.962E-01, 1.000E-01, 1.000E-01,-9.990E+02, 1.000E+00,-9.990E+02, 0.000E+00, 0.000E+00, 0.000E+00, 1.000E+00, 0.000E+00, 0.000E+00, 0.000E+00, 0.000E+00, 1.682E+02, 6.835E+01, 6.430E-02, 0.000E+00, 1.555E+01, 5.141E-03, 3.454E-01
23/12/2019,08:00,9,2.095,2.595,2.435,.991,.007, 9.956E+02, 9.032E+01, 1.007E-03, 7.630E-04, 0.000E+00, 0.000E+00, 0.000E+00, 0.000E+00, 2.159E-03, 6.277E-01, 6.804E-01, 1.000E-01, 1.000E-01,-9.990E+02, 1.000E+00,-9.990E+02, 0.000E+00, 0.000E+00, 0.000E+00, 1.000E+00, 0.000E+00, 0.000E+00, 0.000E+00, 0.000E+00, 1.682E+02, 6.835E+01, 6.430E-02, 0.000E+00, 1.555E+01, 5.141E-03, 4.252E-01
23/12/2019,09:00,9,2.095,2.595,2.435,.989,.008, 9.961E+02, 8.641E+01, 5.132E-03, 7.630E-04, 2.489E-02, 4.240E+00, 2.032E+00, 1.834E+00, 1.771E+00, 7.881E+00, 8.809E-01, 1.574E-01, 1.000E-01, 5.985E-02, 1.000E+00, 7.309E-02, 8.018E-02, 1.000E-02, 1.000E+00, 1.000E+00, 7.309E-04, 4.522E-06, 4.961E-06, 0.000E+00, 1.508E+02, 6.835E+01, 5.583E-02, 1.299E-05, 1.791E+01, 5.147E-03, 4.331E-01
23/12/2019,10:00,9,2.095,2.595,2.437,.983,.012, 9.964E+02, 8.408E+01, 5.132E-03, 7.630E-04, 1.279E-01, 8.607E+00, 4.347E+00, 3.727E+00, 1.771E+00, 7.881E+00, 9.061E-01, 1.573E-01, 1.000E-01, 9.851E-02, 1.000E+00, 1.442E-01, 1.637E-01, 1.000E-02, 1.000E+00, 1.000E+00, 1.442E-03, 8.924E-06, 1.013E-05, 0.000E+00, 1.508E+02, 6.835E+01, 5.581E-02, 2.563E-05, 1.791E+01, 5.147E-03, 3.815E-01
23/12/2019,11:00,9,2.095,2.595,2.439,.977,.017, 9.966E+02, 8.350E+01, 5.132E-03, 7.630E-04, 1.640E-01, 9.876E+00, 5.001E+00, 4.277E+00, 1.771E+00, 7.881E+00, 9.614E-01, 1.573E-01, 1.000E-01, 1.081E-01, 1.000E+00, 1.640E-01, 1.859E-01, 1.000E-02, 1.000E+00, 1.000E+00, 1.640E-03, 1.014E-05, 1.150E-05, 0.000E+00, 1.508E+02, 6.835E+01, 4.847E-02, 2.914E-05, 2.062E+01, 5.076E-03, 3.569E-01
23/12/2019,12:00,9,2.095,2.595,2.441,.971,.021, 9.968E+02, 8.472E+01, 1.035E-02, 7.630E-04, 9.110E-01, 1.251E+01, 1.041E+01, 5.459E+00,-1.758E+00, 3.334E+00, 1.042E+00, 1.445E-01, 1.000E-01, 8.789E-02, 1.000E+00, 2.140E-01, 3.482E-01, 1.000E-02, 1.000E+00, 1.000E+00, 2.140E-03, 1.324E-05, 2.154E-05, 0.000E+00, 1.928E+02, 6.835E+01, 4.845E-02, 3.804E-05, 2.062E+01, 4.954E-03, 3.386E-01
23/12/2019,13:00,9,2.095,2.595,2.168,.978,.016, 9.973E+02, 8.764E+01, 1.035E-02, 7.630E-04, 3.534E-02, 4.602E+00, 2.420E+00, 1.991E+00,-1.758E+00, 3.334E+00, 9.599E-01, 1.444E-01, 1.000E-01, 3.932E-02, 1.000E+00, 7.925E-02, 9.474E-02, 1.000E-02, 1.000E+00, 1.000E+00, 7.925E-04, 4.898E-06, 5.855E-06, 0.000E+00, 1.928E+02, 6.835E+01, 5.057E-02, 1.407E-05, 1.977E+01, 4.975E-03, 3.615E-01
23/12/2019,14:00,9,2.095,2.595,1.896,.985,.010, 9.978E+02, 9.206E+01, 1.035E-02, 7.630E-04, 0.000E+00, 0.000E+00, 0.000E+00, 0.000E+00,-1.758E+00, 3.334E+00, 9.221E-01, 1.443E-01, 1.000E-01,-9.990E+02, 1.000E+00,-9.990E+02, 0.000E+00, 0.000E+00, 0.000E+00, 1.000E+00, 0.000E+00, 0.000E+00, 0.000E+00, 0.000E+00, 1.929E+02, 6.835E+01, 6.108E-02, 0.000E+00, 1.637E+01, 5.060E-03, 3.869E-01
23/12/2019,15:00,9,2.095,2.595,1.623,.992,.005, 9.983E+02, 9.771E+01, 4.162E-03, 7.630E-04, 0.000E+00, 0.000E+00, 0.000E+00, 0.000E+00,-1.949E+00, 1.520E+00, 9.340E-01, 1.228E-01, 1.000E-01,-9.990E+02, 1.000E+00,-9.990E+02, 0.000E+00, 0.000E+00, 0.000E+00, 1.000E+00, 0.000E+00, 0.000E+00, 0.000E+00, 0.000E+00, 2.123E+02, 6.835E+01, 7.427E-02, 0.000E+00, 1.346E+01, 5.089E-03, 4.161E-01
23/12/2019,16:00,9,2.095,2.595,1.373,.990,.006, 9.987E+02, 1.043E+02, 4.162E-03, 7.630E-04, 0.000E+00, 0.000E+00, 0.000E+00, 0.000E+00,-1.949E+00, 1.520E+00, 9.879E-01, 1.227E-01, 1.000E-01,-9.990E+02, 1.000E+00,-9.990E+02, 0.000E+00, 0.000E+00, 0.000E+00, 1.000E+00, 0.000E+00, 0.000E+00, 0.000E+00, 0.000E+00, 2.124E+02, 6.835E+01, 7.861E-02, 0.000E+00, 1.272E+01, 5.108E-03, 4.007E-01
23/12/2019,17:00,9,2.095,2.595,1.122,.988,.008, 9.990E+02, 1.114E+02, 4.162E-03, 7.630E-04, 0.000E+00, 0.000E+00, 0.000E+00, 0.000E+00,-1.949E+00, 1.520E+00, 1.058E+00, 1.227E-01, 1.000E-01,-9.990E+02, 1.000E+00,-9.990E+02, 0.000E+00, 0.000E+00, 0.000E+00, 1.000E+00, 0.000E+00, 0.000E+00, 0.000E+00, 0.000E+00, 2.125E+02, 6.835E+01, 7.282E-02, 0.000E+00, 1.373E+01, 5.081E-03, 3.300E-01
23/12/2019,18:00,9,2.095,2.595,.871,.986,.009, 9.994E+02, 1.189E+02, 2.706E-03, 7.630E-04, 0.000E+00, 0.000E+00, 0.000E+00, 0.000E+00,-2.800E+00, 1.947E+00, 1.141E+00, 1.266E-01, 1.000E-01,-9.990E+02, 1.000E+00,-9.990E+02, 0.000E+00, 0.000E+00, 0.000E+00, 1.000E+00, 0.000E+00, 0.000E+00, 0.000E+00, 0.000E+00, 2.260E+02, 6.835E+01, 7.846E-02, 0.000E+00, 1.275E+01, 5.075E-03, 2.641E-01
23/12/2019,19:00,9,2.095,2.595,.572,.986,.009, 9.997E+02, 1.263E+02, 2.706E-03, 7.630E-04, 0.000E+00, 0.000E+00, 0.000E+00, 0.000E+00,-2.800E+00, 1.947E+00, 1.154E+00, 1.265E-01, 1.000E-01,-9.990E+02, 1.000E+00,-9.990E+02, 0.000E+00, 0.000E+00, 0.000E+00, 1.000E+00, 0.000E+00, 0.000E+00, 0.000E+00, 0.000E+00, 2.261E+02, 6.835E+01, 9.430E-02, 0.000E+00, 1.060E+01, 5.130E-03, 2.304E-01
23/12/2019,20:00,9,2.095,2.595,.273,.986,.009, 1.000E+03, 1.331E+02, 2.706E-03, 7.630E-04, 0.000E+00, 0.000E+00, 0.000E+00, 0.000E+00,-2.800E+00, 1.947E+00, 1.177E+00, 1.264E-01, 1.000E-01,-9.990E+02, 1.000E+00,-9.990E+02, 0.000E+00, 0.000E+00, 0.000E+00, 1.000E+00, 0.000E+00, 0.000E+00, 0.000E+00, 0.000E+00, 2.262E+02, 6.835E+01, 9.532E-02, 0.000E+00, 1.049E+01, 5.133E-03, 2.130E-01
23/12/2019,21:00,9,2.095,2.595,-.026,.986,.009, 1.000E+03, 1.387E+02, 2.706E-03, 7.630E-04, 0.000E+00, 0.000E+00, 0.000E+00, 0.000E+00,-1.213E+00,-2.078E-01, 1.212E+00, 1.000E-01, 1.000E-01,-9.990E+02, 1.000E+00,-9.990E+02, 0.000E+00, 0.000E+00, 0.000E+00, 1.000E+00, 0.000E+00, 0.000E+00, 0.000E+00, 0.000E+00, 2.189E+02, 6.835E+01, 9.850E-03, 0.000E+00, 1.015E+02, 3.506E-03, 2.365E-01
23/12/2019,22:00,9,2.095,2.595,-.525,.984,.010, 1.001E+03, 1.424E+02, 2.706E-03, 7.630E-04, 0.000E+00, 0.000E+00, 0.000E+00, 0.000E+00,-1.213E+00,-2.078E-01, 1.057E+00, 1.000E-01, 1.000E-01,-9.990E+02, 1.000E+00,-9.990E+02, 0.000E+00, 0.000E+00, 0.000E+00, 1.000E+00, 0.000E+00, 0.000E+00, 0.000E+00, 0.000E+00, 2.189E+02, 6.835E+01, 9.779E-03, 0.000E+00, 1.023E+02, 3.497E-03, 2.731E-01
23/12/2019,23:00,9,2.095,2.595,-1.024,.981,.011, 1.001E+03, 1.433E+02, 2.706E-03, 7.630E-04, 0.000E+00, 0.000E+00, 0.000E+00, 0.000E+00,-1.213E+00,-2.078E-01, 9.762E-01, 1.000E-01, 1.000E-01,-9.990E+02, 1.000E+00,-9.990E+02, 0.000E+00, 0.000E+00, 0.000E+00, 1.000E+00, 0.000E+00, 0.000E+00, 0.000E+00, 0.000E+00, 2.189E+02, 6.835E+01, 9.517E-03, 0.000E+00, 1.051E+02, 3.463E-03, 2.815E-01
24/12/2019,00:00,9,2.084,2.584,-1.523,.979,.011, 1.001E+03, 1.413E+02, 1.277E-03, 7.630E-04, 0.000E+00, 0.000E+00, 0.000E+00, 0.000E+00, 2.235E+00,-7.392E-01, 9.863E-01, 1.755E-01, 1.000E-01,-9.990E+02, 1.000E+00,-9.990E+02, 0.000E+00, 0.000E+00, 0.000E+00, 1.000E+00, 0.000E+00, 0.000E+00, 0.000E+00, 0.000E+00, 1.519E+02, 6.835E+01, 8.620E-03, 0.000E+00, 1.160E+02, 3.417E-03, 2.843E-01
24/12/2019,01:00,9,2.084,2.584,-.899,.985,.008, 1.001E+03, 1.369E+02, 1.277E-03, 5.087E-04, 0.000E+00, 0.000E+00, 0.000E+00, 0.000E+00, 2.235E+00,-7.392E-01, 1.014E+00, 1.757E-01, 1.000E-01,-9.990E+02, 1.000E+00,-9.990E+02, 0.000E+00, 0.000E+00, 0.000E+00, 1.000E+00, 0.000E+00, 0.000E+00, 0.000E+00, 0.000E+00, 1.519E+02, 6.835E+01, 9.828E-03, 0.000E+00, 1.018E+02, 3.592E-03, 2.644E-01
24/12/2019,02:00,9,2.084,2.584,-.274,.992,.005, 1.002E+03, 1.308E+02, 1.277E-03, 2.543E-04, 0.000E+00, 0.000E+00, 0.000E+00, 0.000E+00, 2.235E+00,-7.392E-01, 1.101E+00, 1.759E-01, 1.000E-01,-9.990E+02, 1.000E+00,-9.990E+02, 0.000E+00, 0.000E+00, 0.000E+00, 1.000E+00, 0.000E+00, 0.000E+00, 0.000E+00, 0.000E+00, 1.520E+02, 6.835E+01, 9.937E-03, 0.000E+00, 1.006E+02, 3.607E-03, 2.580E-01
24/12/2019,03:00,9,2.084,2.584,.350,.998,.001, 1.002E+03, 1.237E+02, 1.499E-03, 3.469E-16, 0.000E+00, 0.000E+00, 0.000E+00, 0.000E+00, 9.085E+00,-5.581E+00, 1.233E+00, 1.792E-01, 1.000E-01,-9.990E+02, 1.000E+00,-9.990E+02, 0.000E+00, 0.000E+00, 0.000E+00, 1.000E+00, 0.000E+00, 0.000E+00, 0.000E+00, 0.000E+00, 1.334E+02, 6.835E+01, 1.000E-01, 0.000E+00, 1.000E+01, 5.515E-03, 2.278E-01
24/12/2019,04:00,9,2.084,2.584,.302,.999,.001, 1.002E+03, 1.163E+02, 1.499E-03, 3.469E-16, 0.000E+00, 0.000E+00, 0.000E+00, 0.000E+00, 9.085E+00,-5.581E+00, 1.073E+00, 1.792E-01, 1.000E-01,-9.990E+02, 1.000E+00,-9.990E+02, 0.000E+00, 0.000E+00, 0.000E+00, 1.000E+00, 0.000E+00, 0.000E+00, 0.000E+00, 0.000E+00, 1.334E+02, 6.835E+01, 1.000E-01, 0.000E+00, 1.000E+01, 5.515E-03, 2.450E-02
24/12/2019,05:00,9,2.084,2.584,.254,.999,.001, 1.002E+03, 1.089E+02, 1.499E-03, 3.469E-16, 0.000E+00, 0.000E+00, 0.000E+00, 0.000E+00, 9.085E+00,-5.581E+00, 9.131E-01, 1.791E-01, 1.000E-01,-9.990E+02, 1.000E+00,-9.990E+02, 0.000E+00, 0.000E+00, 0.000E+00, 1.000E+00, 0.000E+00, 0.000E+00, 0.000E+00, 0.000E+00, 1.334E+02, 6.835E+01, 1.000E-01, 0.000E+00, 1.000E+01, 5.515E-03, 8.544E-03
24/12/2019,06:00,9,2.084,2.584,.206,1.000,.000, 1.002E+03, 1.019E+02, 1.499E-03, 3.469E-16, 0.000E+00, 0.000E+00, 0.000E+00, 0.000E+00, 8.847E+00,-1.588E+00, 7.532E-01, 1.424E-01, 1.000E-01,-9.990E+02, 1.000E+00,-9.990E+02, 0.000E+00, 0.000E+00, 0.000E+00, 1.000E+00, 0.000E+00, 0.000E+00, 0.000E+00, 0.000E+00, 1.218E+02, 6.835E+01, 1.000E-01, 0.000E+00, 1.000E+01, 5.671E-03, 9.486E-03
24/12/2019,07:00,9,2.084,2.584,.284,.997,.002, 1.003E+03, 9.559E+01, 1.499E-03, 3.469E-16, 0.000E+00, 0.000E+00, 0.000E+00, 0.000E+00, 8.847E+00,-1.588E+00, 7.384E-01, 1.424E-01, 1.000E-01,-9.990E+02, 1.000E+00,-9.990E+02, 0.000E+00, 0.000E+00, 0.000E+00, 1.000E+00, 0.000E+00, 0.000E+00, 0.000E+00, 0.000E+00, 1.219E+02, 6.835E+01, 1.000E-01, 0.000E+00, 1.000E+01, 5.671E-03, 3.066E-02
24/12/2019,08:00,9,2.084,2.584,.363,.995,.003, 1.003E+03, 9.034E+01, 1.499E-03, 3.469E-16, 0.000E+00, 0.000E+00, 0.000E+00, 0.000E+00, 8.847E+00,-1.588E+00, 7.989E-01, 1.424E-01, 1.000E-01,-9.990E+02, 1.000E+00,-9.990E+02, 0.000E+00, 0.000E+00, 0.000E+00, 1.000E+00, 0.000E+00, 0.000E+00, 0.000E+00, 0.000E+00, 1.219E+02, 6.835E+01, 1.000E-01, 0.000E+00, 1.000E+01, 5.671E-03, 1.338E-01
24/12/2019,09:00,9,2.084,2.584,.442,.993,.005, 1.003E+03, 8.641E+01, 2.996E-04, 3.469E-16, 2.426E-02, 4.222E+00, 2.025E+00, 1.832E+00, 1.162E+01, 5.202E+00, 9.199E-01, 1.310E-01, 1.000E-01, 6.008E-02, 1.000E+00, 7.301E-02, 7.993E-02, 1.000E-02, 1.000E+00, 1.000E+00, 7.301E-04, 4.484E-06, 4.909E-06, 0.000E+00, 1.119E+02, 6.835E+01, 1.000E-01, 1.281E-05, 9.999E+00, 5.847E-03, 3.187E-01
24/12/2019,10:00,9,2.084,2.584,.515,.991,.006, 1.003E+03, 8.407E+01, 2.996E-04, 3.469E-16, 1.270E-01, 8.600E+00, 4.350E+00, 3.735E+00, 1.162E+01, 5.202E+00, 6.568E-01, 1.310E-01, 1.000E-01, 9.919E-02, 1.000E+00, 1.445E-01, 1.638E-01, 1.000E-02, 1.000E+00, 1.000E+00, 1.445E-03, 8.879E-06, 1.006E-05, 0.000E+00, 1.119E+02, 6.835E+01, 1.000E-01, 2.537E-05, 9.997E+00, 5.847E-03, 4.550E-01
24/12/2019,11:00,9,2.084,2.584,.587,.989,.007, 1.003E+03, 8.348E+01, 2.996E-04, 3.469E-16, 1.640E-01, 9.901E+00, 5.023E+00, 4.301E+00, 1.162E+01, 5.202E+00, 4.175E-01, 1.310E-01, 1.000E-01, 1.091E-01, 1.000E+00, 1.648E-01, 1.866E-01, 1.000E-02, 1.000E+00, 1.000E+00, 1.648E-03, 1.013E-05, 1.147E-05, 0.000E+00, 1.119E+02, 6.835E+01, 8.426E-02, 2.894E-05, 1.186E+01, 5.784E-03, 5.711E-01
24/12/2019,12:00,9,2.084,2.584,.660,.987,.008, 1.002E+03, 8.468E+01, 3.056E-03, 3.469E-16, 1.172E+00, 1.354E+01, 1.225E+01, 5.936E+00,-1.604E+00, 2.434E-01, 2.740E-01, 1.000E-01, 1.000E-01, 8.901E-02, 1.000E+00, 2.326E-01, 3.959E-01, 1.000E-02, 1.000E+00, 1.000E+00, 2.326E-03, 1.430E-05, 2.433E-05, 0.000E+00, 2.351E+02, 6.835E+01, 8.187E-02, 4.085E-05, 1.221E+01, 5.067E-03, 6.819E-01
24/12/2019,13:00,9,2.084,2.584,.912,.990,.007, 1.002E+03, 8.759E+01, 3.056E-03, 3.469E-16, 4.952E-02, 5.114E+00, 2.808E+00, 2.220E+00,-1.604E+00, 2.434E-01, 6.015E-01, 1.000E-01, 1.000E-01, 4.040E-02, 1.000E+00, 8.814E-02, 1.091E-01, 1.000E-02, 1.000E+00, 1.000E+00, 8.814E-04, 5.423E-06, 6.710E-06, 0.000E+00, 2.351E+02, 6.835E+01, 7.494E-02, 1.549E-05, 1.334E+01, 5.038E-03, 9.107E-01
24/12/2019,14:00,9,2.084,2.584,1.164,.993,.005, 1.002E+03, 9.200E+01, 3.056E-03, 3.469E-16, 0.000E+00, 0.000E+00, 0.000E+00, 0.000E+00,-1.604E+00, 2.434E-01, 9.299E-01, 1.000E-01, 1.000E-01,-9.990E+02, 1.000E+00,-9.990E+02, 0.000E+00, 0.000E+00, 0.000E+00, 1.000E+00, 0.000E+00, 0.000E+00, 0.000E+00, 0.000E+00, 2.352E+02, 6.835E+01, 8.021E-02, 0.000E+00, 1.247E+01, 5.060E-03, 1.123E+00
24/12/2019,15:00,9,2.084,2.584,1.417,.996,.003, 1.002E+03, 9.763E+01, 4.612E-03, 3.469E-16, 0.000E+00, 0.000E+00, 0.000E+00, 0.000E+00,-2.654E+00,-1.248E+00, 1.258E+00, 1.361E-01, 1.000E-01,-9.990E+02, 1.000E+00,-9.990E+02, 0.000E+00, 0.000E+00, 0.000E+00, 1.000E+00, 0.000E+00, 0.000E+00, 0.000E+00, 0.000E+00, 2.122E+02, 6.835E+01, 7.521E-02, 0.000E+00, 1.330E+01, 5.093E-03, 1.222E+00
24/12/2019,16:00,9,2.084,2.584,1.300,.996,.002, 1.002E+03, 1.042E+02, 4.612E-03, 3.469E-16, 0.000E+00, 0.000E+00, 0.000E+00, 0.000E+00,-2.654E+00,-1.248E+00, 1.220E+00, 1.361E-01, 1.000E-01,-9.990E+02, 1.000E+00,-9.990E+02, 0.000E+00, 0.000E+00, 0.000E+00, 1.000E+00, 0.000E+00, 0.000E+00, 0.000E+00, 0.000E+00, 2.122E+02, 6.835E+01, 7.739E-02, 0.000E+00, 1.292E+01, 5.103E-03, 1.151E+00
24/12/2019,17:00,9,2.084,2.584,1.184,.997,.002, 1.002E+03, 1.114E+02, 4.612E-03, 3.469E-16, 0.000E+00, 0.000E+00, 0.000E+00, 0.000E+00,-2.654E+00,-1.248E+00, 1.218E+00, 1.360E-01, 1.000E-01,-9.990E+02, 1.000E+00,-9.990E+02, 0.000E+00, 0.000E+00, 0.000E+00, 1.000E+00, 0.000E+00, 0.000E+00, 0.000E+00, 0.000E+00, 2.123E+02, 6.835E+01, 7.979E-02, 0.000E+00, 1.253E+01, 5.113E-03, 9.867E-01
24/12/2019,18:00,9,2.084,2.584,1.067,.997,.002, 1.002E+03, 1.188E+02, 9.044E-02, 3.469E-16, 0.000E+00, 0.000E+00, 0.000E+00, 0.000E+00,-7.593E-01, 1.137E+00, 1.253E+00, 1.731E-01, 1.000E-01,-9.990E+02, 1.000E+00,-9.990E+02, 0.000E+00, 0.000E+00, 0.000E+00, 1.000E+00, 0.000E+00, 0.000E+00, 0.000E+00, 0.000E+00, 1.745E+02, 6.835E+01, 8.902E-02, 0.000E+00, 1.123E+01, 5.242E-03, 7.959E-01
24/12/2019,19:00,9,2.084,2.584,1.119,.998,.001, 1.002E+03, 1.262E+02, 9.044E-02, 3.469E-16, 0.000E+00, 0.000E+00, 0.000E+00, 0.000E+00,-7.593E-01, 1.137E+00, 1.345E+00, 1.731E-01, 1.000E-01,-9.990E+02, 1.000E+00,-9.990E+02, 0.000E+00, 0.000E+00, 0.000E+00, 1.000E+00, 0.000E+00, 0.000E+00, 0.000E+00, 0.000E+00, 1.745E+02, 6.835E+01, 8.772E-02, 0.000E+00, 1.140E+01, 5.237E-03, 5.907E-01
24/12/2019,20:00,9,2.084,2.584,1.170,.999,.001, 1.002E+03, 1.330E+02, 9.044E-02, 3.469E-16, 0.000E+00, 0.000E+00, 0.000E+00, 0.000E+00,-7.593E-01, 1.137E+00, 1.456E+00, 1.731E-01, 1.000E-01,-9.990E+02, 1.000E+00,-9.990E+02, 0.000E+00, 0.000E+00, 0.000E+00, 1.000E+00, 0.000E+00, 0.000E+00, 0.000E+00, 0.000E+00, 1.745E+02, 6.835E+01, 8.648E-02, 0.000E+00, 1.156E+01, 5.233E-03, 4.401E-01
24/12/2019,21:00,9,2.084,2.584,1.221,.999,.000, 1.002E+03, 1.386E+02, 1.227E-01, 3.469E-16, 0.000E+00, 0.000E+00, 0.000E+00, 0.000E+00,-2.704E+00, 4.523E+00, 1.582E+00, 2.189E-01, 1.000E-01,-9.990E+02, 1.000E+00,-9.990E+02, 0.000E+00, 0.000E+00, 0.000E+00, 1.000E+00, 0.000E+00, 0.000E+00, 0.000E+00, 0.000E+00, 1.791E+02, 6.835E+01, 8.529E-02, 0.000E+00, 1.172E+01, 5.217E-03, 3.097E-01
24/12/2019,22:00,9,2.084,2.584,1.180,.999,.000, 1.003E+03, 1.423E+02, 1.227E-01, 3.469E-16, 0.000E+00, 0.000E+00, 0.000E+00, 0.000E+00,-2.704E+00, 4.523E+00, 1.561E+00, 2.189E-01, 1.000E-01,-9.990E+02, 1.000E+00,-9.990E+02, 0.000E+00, 0.000E+00, 0.000E+00, 1.000E+00, 0.000E+00, 0.000E+00, 0.000E+00, 0.000E+00, 1.791E+02, 6.835E+01, 8.625E-02, 0.000E+00, 1.159E+01, 5.220E-03, 2.216E-01
24/12/2019,23:00,9,2.084,2.584,1.138,.999,.000, 1.003E+03, 1.433E+02, 1.227E-01, 3.469E-16, 0.000E+00, 0.000E+00, 0.000E+00, 0.000E+00,-2.704E+00, 4.523E+00, 1.543E+00, 2.188E-01, 1.000E-01,-9.990E+02, 1.000E+00,-9.990E+02, 0.000E+00, 0.000E+00, 0.000E+00, 1.000E+00, 0.000E+00, 0.000E+00, 0.000E+00, 0.000E+00, 1.791E+02, 6.835E+01, 9.420E-02, 0.000E+00, 1.062E+01, 5.247E-03, 1.604E-01
25/12/2019,00:00,9,2.073,2.573,1.096,.999,.001, 1.003E+03, 1.413E+02, 7.386E-02, 3.469E-16, 0.000E+00, 0.000E+00, 0.000E+00, 0.000E+00,-2.200E+00, 5.765E+00, 1.527E+00, 2.153E-01, 1.000E-01,-9.990E+02, 1.000E+00,-9.990E+02, 0.000E+00, 0.000E+00, 0.000E+00, 1.000E+00, 0.000E+00, 0.000E+00, 0.000E+00, 0.000E+00, 1.775E+02, 6.835E+01, 1.000E-01, 0.000E+00, 1.000E+01, 5.268E-03, 1.254E-01
25/12/2019,01:00,9,2.073,2.573,1.088,.997,.002, 1.003E+03, 1.369E+02, 7.386E-02, 3.469E-16, 0.000E+00, 0.000E+00, 0.000E+00, 0.000E+00,-2.200E+00, 5.765E+00, 1.553E+00, 2.153E-01, 1.000E-01,-9.990E+02, 1.000E+00,-9.990E+02, 0.000E+00, 0.000E+00, 0.000E+00, 1.000E+00, 0.000E+00, 0.000E+00, 0.000E+00, 0.000E+00, 1.775E+02, 6.835E+01, 1.000E-01, 0.000E+00, 1.000E+01, 5.268E-03, 1.137E-01
25/12/2019,02:00,9,2.073,2.573,1.080,.995,.004, 1.003E+03, 1.308E+02, 7.386E-02, 3.469E-16, 0.000E+00, 0.000E+00, 0.000E+00, 0.000E+00,-2.200E+00, 5.765E+00, 1.584E+00, 2.152E-01, 1.000E-01,-9.990E+02, 1.000E+00,-9.990E+02, 0.000E+00, 0.000E+00, 0.000E+00, 1.000E+00, 0.000E+00, 0.000E+00, 0.000E+00, 0.000E+00, 1.775E+02, 6.835E+01, 1.000E-01, 0.000E+00, 1.000E+01, 5.268E-03, 1.133E-01
25/12/2019,03:00,9,2.073,2.573,1.072,.992,.005, 1.003E+03, 1.237E+02, 2.542E-02, 3.469E-16, 0.000E+00, 0.000E+00, 0.000E+00, 0.000E+00,-3.114E+00, 6.328E+00, 1.618E+00, 2.336E-01, 1.000E-01,-9.990E+02, 1.000E+00,-9.990E+02, 0.000E+00, 0.000E+00, 0.000E+00, 1.000E+00, 0.000E+00, 0.000E+00, 0.000E+00, 0.000E+00, 1.785E+02, 6.835E+01, 9.596E-02, 0.000E+00, 1.042E+01, 5.254E-03, 1.193E-01
25/12/2019,04:00,9,2.073,2.573,1.107,.992,.005, 1.004E+03, 1.163E+02, 2.542E-02, 3.469E-16, 0.000E+00, 0.000E+00, 0.000E+00, 0.000E+00,-3.114E+00, 6.328E+00, 1.712E+00, 2.335E-01, 1.000E-01,-9.990E+02, 1.000E+00,-9.990E+02, 0.000E+00, 0.000E+00, 0.000E+00, 1.000E+00, 0.000E+00, 0.000E+00, 0.000E+00, 0.000E+00, 1.785E+02, 6.835E+01, 9.503E-02, 0.000E+00, 1.052E+01, 5.251E-03, 1.287E-01
25/12/2019,05:00,9,2.073,2.573,1.141,.992,.005, 1.004E+03, 1.089E+02, 2.542E-02, 3.469E-16, 0.000E+00, 0.000E+00, 0.000E+00, 0.000E+00,-3.114E+00, 6.328E+00, 1.811E+00, 2.335E-01, 1.014E-01,-9.990E+02, 1.000E+00,-9.990E+02, 0.000E+00, 0.000E+00, 0.000E+00, 1.000E+00, 0.000E+00, 0.000E+00, 0.000E+00, 0.000E+00, 1.760E+02, 6.739E+01, 1.000E-01, 0.000E+00, 1.000E+01, 5.337E-03, 1.463E-01
25/12/2019,06:00,9,2.073,2.573,1.175,.992,.005, 1.004E+03, 1.019E+02, 1.633E-02, 3.469E-16, 0.000E+00, 0.000E+00, 0.000E+00, 0.000E+00,-3.393E+00, 6.900E+00, 1.913E+00, 2.526E-01, 1.080E-01,-9.990E+02, 1.000E+00,-9.990E+02, 0.000E+00, 0.000E+00, 0.000E+00, 1.000E+00, 0.000E+00, 0.000E+00, 0.000E+00, 0.000E+00, 1.640E+02, 6.328E+01, 1.000E-01, 0.000E+00, 1.000E+01, 5.668E-03, 1.759E-01
25/12/2019,07:00,9,2.073,2.573,1.142,.989,.007, 1.005E+03, 9.561E+01, 1.633E-02, 3.469E-16, 0.000E+00, 0.000E+00, 0.000E+00, 0.000E+00,-3.393E+00, 6.900E+00, 1.904E+00, 2.525E-01, 1.075E-01,-9.990E+02, 1.000E+00,-9.990E+02, 0.000E+00, 0.000E+00, 0.000E+00, 1.000E+00, 0.000E+00, 0.000E+00, 0.000E+00, 0.000E+00, 1.647E+02, 6.358E+01, 8.806E-02, 0.000E+00, 1.136E+01, 5.600E-03, 1.822E-01
25/12/2019,08:00,9,2.073,2.573,1.109,.987,.009, 1.005E+03, 9.035E+01, 1.633E-02, 3.469E-16, 0.000E+00, 0.000E+00, 0.000E+00, 0.000E+00,-3.393E+00, 6.900E+00, 1.905E+00, 2.524E-01, 1.075E-01,-9.990E+02, 1.000E+00,-9.990E+02, 0.000E+00, 0.000E+00, 0.000E+00, 1.000E+00, 0.000E+00, 0.000E+00, 0.000E+00, 0.000E+00, 1.647E+02, 6.356E+01, 8.888E-02, 0.000E+00, 1.125E+01, 5.605E-03, 1.749E-01
25/12/2019,09:00,9,2.073,2.573,1.076,.984,.011, 1.006E+03, 8.641E+01, 3.007E-03, 3.469E-16, 4.840E-01, 9.457E+00, 8.005E+00, 4.141E+00,-2.763E-01, 1.367E+01, 1.915E+00, 2.509E-01, 1.133E-01, 6.044E-02, 1.000E+00, 1.641E-01, 2.805E-01, 1.000E-02, 1.000E+00, 1.000E+00, 1.641E-03, 1.010E-05, 1.727E-05, 0.000E+00, 1.493E+02, 6.036E+01, 8.973E-02, 2.871E-05, 1.114E+01, 5.909E-03, 1.676E-01
25/12/2019,10:00,9,2.073,2.573,1.136,.982,.012, 1.006E+03, 8.405E+01, 3.007E-03, 3.469E-16, 2.554E+00, 1.793E+01, 2.026E+01, 7.941E+00,-2.763E-01, 1.367E+01, 1.858E+00, 2.509E-01, 1.099E-01, 1.000E-01, 1.000E+00, 3.073E-01, 5.655E-01, 1.000E-02, 1.000E+00, 1.000E+00, 3.073E-03, 1.892E-05, 3.482E-05, 0.000E+00, 1.539E+02, 6.220E+01, 8.171E-02, 5.378E-05, 1.223E+01, 5.710E-03, 1.824E-01
25/12/2019,11:00,9,2.073,2.573,1.196,.979,.014, 1.007E+03, 8.344E+01, 3.007E-03, 3.469E-16, 3.313E+00, 2.038E+01, 2.355E+01, 9.046E+00,-2.763E-01, 1.367E+01, 1.812E+00, 2.509E-01, 1.072E-01, 1.102E-01, 1.000E+00, 3.448E-01, 6.204E-01, 1.000E-02, 1.000E+00, 1.000E+00, 3.448E-03, 2.124E-05, 3.821E-05, 0.000E+00, 1.578E+02, 6.379E+01, 6.967E-02, 6.036E-05, 1.434E+01, 5.512E-03, 2.158E-01
25/12/2019,12:00,9,2.073,2.573,1.256,.977,.015, 1.007E+03, 8.463E+01, 3.695E-02, 3.469E-16, 1.061E+00, 1.322E+01, 1.148E+01, 5.809E+00,-2.864E+00, 6.487E+00, 1.777E+00, 2.400E-01, 1.004E-01, 9.027E-02, 1.000E+00, 2.273E-01, 3.764E-01, 1.000E-02, 1.000E+00, 1.000E+00, 2.273E-03, 1.400E-05, 2.319E-05, 0.000E+00, 1.762E+02, 6.808E+01, 6.858E-02, 3.980E-05, 1.457E+01, 5.165E-03, 2.361E-01
25/12/2019,13:00,9,2.073,2.573,1.119,.980,.013, 1.008E+03, 8.753E+01, 3.695E-02, 3.469E-16, 4.907E-02, 5.047E+00, 2.766E+00, 2.197E+00,-2.864E+00, 6.487E+00, 1.858E+00, 2.398E-01, 1.050E-01, 4.162E-02, 1.000E+00, 8.729E-02, 1.075E-01, 1.000E-02, 1.000E+00, 1.000E+00, 8.729E-04, 5.375E-06, 6.621E-06, 0.000E+00, 1.686E+02, 6.511E+01, 8.208E-02, 1.528E-05, 1.218E+01, 5.452E-03, 2.529E-01
25/12/2019,14:00,9,2.073,2.573,.983,.984,.011, 1.008E+03, 9.193E+01, 3.695E-02, 3.469E-16, 0.000E+00, 0.000E+00, 0.000E+00, 0.000E+00,-2.864E+00, 6.487E+00, 1.939E+00, 2.397E-01, 1.096E-01,-9.990E+02, 1.000E+00,-9.990E+02, 0.000E+00, 0.000E+00, 0.000E+00, 1.000E+00, 0.000E+00, 0.000E+00, 0.000E+00, 0.000E+00, 1.615E+02, 6.237E+01, 8.544E-02, 0.000E+00, 1.170E+01, 5.690E-03, 2.501E-01
25/12/2019,15:00,9,2.073,2.573,.847,.987,.008, 1.009E+03, 9.756E+01, 4.170E-03, 3.469E-16, 0.000E+00, 0.000E+00, 0.000E+00, 0.000E+00,-4.644E+00, 3.674E+00, 2.022E+00, 2.683E-01, 1.134E-01,-9.990E+02, 1.000E+00,-9.990E+02, 0.000E+00, 0.000E+00, 0.000E+00, 1.000E+00, 0.000E+00, 0.000E+00, 0.000E+00, 0.000E+00, 1.573E+02, 6.028E+01, 8.925E-02, 0.000E+00, 1.120E+01, 5.887E-03, 2.518E-01
25/12/2019,16:00,9,2.073,2.573,.573,.989,.007, 1.009E+03, 1.041E+02, 4.170E-03, 3.469E-16, 0.000E+00, 0.000E+00, 0.000E+00, 0.000E+00,-4.644E+00, 3.674E+00, 1.999E+00, 2.681E-01, 1.121E-01,-9.990E+02, 1.000E+00,-9.990E+02, 0.000E+00, 0.000E+00, 0.000E+00, 1.000E+00, 0.000E+00, 0.000E+00, 0.000E+00, 0.000E+00, 1.591E+02, 6.099E+01, 1.000E-01, 0.000E+00, 1.000E+01, 5.865E-03, 2.050E-01
25/12/2019,17:00,9,2.073,2.573,.299,.991,.006, 1.010E+03, 1.113E+02, 4.170E-03, 3.469E-16, 0.000E+00, 0.000E+00, 0.000E+00, 0.000E+00,-4.644E+00, 3.674E+00, 1.985E+00, 2.679E-01, 1.113E-01,-9.990E+02, 1.000E+00,-9.990E+02, 0.000E+00, 0.000E+00, 0.000E+00, 1.000E+00, 0.000E+00, 0.000E+00, 0.000E+00, 0.000E+00, 1.602E+02, 6.141E+01, 1.000E-01, 0.000E+00, 1.000E+01, 5.827E-03, 8.039E-02
25/12/2019,18:00,9,2.073,2.573,.025,.993,.004, 1.010E+03, 1.187E+02, 8.400E-03, 3.469E-16, 0.000E+00, 0.000E+00, 0.000E+00, 0.000E+00,-2.123E+00, 5.259E+00, 1.982E+00, 2.346E-01, 1.131E-01,-9.990E+02, 1.000E+00,-9.990E+02, 0.000E+00, 0.000E+00, 0.000E+00, 1.000E+00, 0.000E+00, 0.000E+00, 0.000E+00, 0.000E+00, 1.548E+02, 6.042E+01, 1.000E-01, 0.000E+00, 1.000E+01, 5.926E-03, 3.584E-02
25/12/2019,19:00,9,2.073,2.573,-.099,.990,.006, 1.011E+03, 1.261E+02, 8.400E-03, 3.469E-16, 0.000E+00, 0.000E+00, 0.000E+00, 0.000E+00,-2.123E+00, 5.259E+00, 1.861E+00, 2.345E-01, 1.063E-01,-9.990E+02, 1.000E+00,-9.990E+02, 0.000E+00, 0.000E+00, 0.000E+00, 1.000E+00, 0.000E+00, 0.000E+00, 0.000E+00, 0.000E+00, 1.648E+02, 6.433E+01, 1.000E-02, 0.000E+00, 1.000E+02, 3.717E-03, 1.677E-02
25/12/2019,20:00,9,2.073,2.573,-.223,.987,.008, 1.011E+03, 1.329E+02, 8.400E-03, 3.469E-16, 0.000E+00, 0.000E+00, 0.000E+00, 0.000E+00,-2.123E+00, 5.259E+00, 1.758E+00, 2.344E-01, 1.003E-01,-9.990E+02, 1.000E+00,-9.990E+02, 0.000E+00, 0.000E+00, 0.000E+00, 1.000E+00, 0.000E+00, 0.000E+00, 0.000E+00, 0.000E+00, 1.746E+02, 6.812E+01, 1.000E-02, 0.000E+00, 1.000E+02, 3.584E-03, 4.347E-02
25/12/2019,21:00,9,2.073,2.573,-.346,.984,.010, 1.011E+03, 1.386E+02, 8.928E-03, 3.469E-16, 0.000E+00, 0.000E+00, 0.000E+00, 0.000E+00, 1.436E+00, 1.117E+01, 1.674E+00, 2.677E-01, 1.007E-01,-9.990E+02, 1.000E+00,-9.990E+02, 0.000E+00, 0.000E+00, 0.000E+00, 1.000E+00, 0.000E+00, 0.000E+00, 0.000E+00, 0.000E+00, 1.628E+02, 6.785E+01, 1.000E-02, 0.000E+00, 1.000E+02, 3.607E-03, 7.719E-02
25/12/2019,22:00,9,2.073,2.573,-.407,.981,.011, 1.012E+03, 1.423E+02, 8.928E-03, 3.469E-16, 0.000E+00, 0.000E+00, 0.000E+00, 0.000E+00, 1.436E+00, 1.117E+01, 1.720E+00, 2.676E-01, 1.035E-01,-9.990E+02, 1.000E+00,-9.990E+02, 0.000E+00, 0.000E+00, 0.000E+00, 1.000E+00, 0.000E+00, 0.000E+00, 0.000E+00, 0.000E+00, 1.585E+02, 6.605E+01, 1.000E-02, 0.000E+00, 1.000E+02, 3.670E-03, 6.970E-02
25/12/2019,23:00,9,2.073,2.573,-.468,.979,.013, 1.012E+03, 1.433E+02, 8.928E-03, 3.469E-16, 0.000E+00, 0.000E+00, 0.000E+00, 0.000E+00, 1.436E+00, 1.117E+01, 1.784E+00, 2.675E-01, 1.074E-01,-9.990E+02, 1.000E+00,-9.990E+02, 0.000E+00, 0.000E+00, 0.000E+00, 1.000E+00, 0.000E+00, 0.000E+00, 0.000E+00, 0.000E+00, 1.528E+02, 6.366E+01, 1.000E-02, 0.000E+00, 1.000E+02, 3.756E-03, 3.320E-02
26/12/2019,00:00,9,2.062,2.562,-.528,.976,.014, 1.012E+03, 1.413E+02, 2.131E-02, 3.469E-16, 0.000E+00, 0.000E+00, 0.000E+00, 0.000E+00,-2.081E+00, 9.342E+00, 1.866E+00, 3.633E-01, 1.097E-01,-9.990E+02, 1.000E+00,-9.990E+02, 0.000E+00, 0.000E+00, 0.000E+00, 1.000E+00, 0.000E+00, 0.000E+00, 0.000E+00, 0.000E+00, 1.552E+02, 6.233E+01, 1.000E-02, 0.000E+00, 1.000E+02, 3.797E-03, 2.285E-02
26/12/2019,01:00,9,2.062,2.562,-.405,.974,.015, 1.013E+03, 1.369E+02, 2.131E-02, 2.035E-03, 0.000E+00, 0.000E+00, 0.000E+00, 0.000E+00,-2.081E+00, 9.342E+00, 2.111E+00, 3.634E-01, 1.240E-01,-9.990E+02, 1.000E+00,-9.990E+02, 0.000E+00, 0.000E+00, 0.000E+00, 1.000E+00, 0.000E+00, 0.000E+00, 0.000E+00, 0.000E+00, 1.372E+02, 5.511E+01, 9.448E-03, 0.000E+00, 1.058E+02, 3.996E-03, 3.987E-02
26/12/2019,02:00,9,2.062,2.562,-.281,.972,.017, 1.013E+03, 1.308E+02, 2.131E-02, 4.069E-03, 0.000E+00, 0.000E+00, 0.000E+00, 0.000E+00,-2.081E+00, 9.342E+00, 2.412E+00, 3.634E-01, 1.418E-01,-9.990E+02, 1.000E+00,-9.990E+02, 0.000E+00, 0.000E+00, 0.000E+00, 1.000E+00, 0.000E+00, 0.000E+00, 0.000E+00, 0.000E+00, 1.200E+02, 4.822E+01, 8.983E-03, 0.000E+00, 1.113E+02, 4.207E-03, 4.208E-02
26/12/2019,03:00,9,2.062,2.562,-.158,.970,.018, 1.013E+03, 1.238E+02, 3.160E-02, 6.104E-03, 0.000E+00, 0.000E+00, 0.000E+00, 0.000E+00,-1.731E+00, 1.175E+01, 2.752E+00, 3.672E-01, 1.621E-01,-9.990E+02, 1.000E+00,-9.990E+02, 0.000E+00, 0.000E+00, 0.000E+00, 1.000E+00, 0.000E+00, 0.000E+00, 0.000E+00, 0.000E+00, 1.048E+02, 4.218E+01, 8.621E-03, 0.000E+00, 1.160E+02, 4.415E-03, 4.770E-02
26/12/2019,04:00,9,2.062,2.562,-.372,.963,.022, 1.013E+03, 1.163E+02, 3.160E-02, 6.104E-03, 0.000E+00, 0.000E+00, 0.000E+00, 0.000E+00,-1.731E+00, 1.175E+01, 2.639E+00, 3.670E-01, 1.554E-01,-9.990E+02, 1.000E+00,-9.990E+02, 0.000E+00, 0.000E+00, 0.000E+00, 1.000E+00, 0.000E+00, 0.000E+00, 0.000E+00, 0.000E+00, 1.093E+02, 4.398E+01, 8.377E-03, 0.000E+00, 1.194E+02, 4.262E-03, 6.312E-02
26/12/2019,05:00,9,2.062,2.562,-.586,.955,.026, 1.014E+03, 1.089E+02, 3.160E-02, 6.104E-03, 0.000E+00, 0.000E+00, 0.000E+00, 0.000E+00,-1.731E+00, 1.175E+01, 2.531E+00, 3.668E-01, 1.491E-01,-9.990E+02, 1.000E+00,-9.990E+02, 0.000E+00, 0.000E+00, 0.000E+00, 1.000E+00, 0.000E+00, 0.000E+00, 0.000E+00, 0.000E+00, 1.139E+02, 4.586E+01, 8.174E-03, 0.000E+00, 1.223E+02, 4.124E-03, 7.362E-02
26/12/2019,06:00,9,2.062,2.562,-.800,.948,.030, 1.014E+03, 1.019E+02, 1.018E-02, 6.104E-03, 0.000E+00, 0.000E+00, 0.000E+00, 0.000E+00,-1.310E+00, 1.406E+01, 2.429E+00, 3.886E-01, 1.435E-01,-9.990E+02, 1.000E+00,-9.990E+02, 0.000E+00, 0.000E+00, 0.000E+00, 1.000E+00, 0.000E+00, 0.000E+00, 0.000E+00, 0.000E+00, 1.180E+02, 4.763E+01, 8.002E-03, 0.000E+00, 1.250E+02, 4.004E-03, 1.655E-01
26/12/2019,07:00,9,2.062,2.562,-.913,.937,.036, 1.015E+03, 9.562E+01, 1.018E-02, 6.358E-03, 0.000E+00, 0.000E+00, 0.000E+00, 0.000E+00,-1.310E+00, 1.406E+01, 2.633E+00, 3.884E-01, 1.555E-01,-9.990E+02, 1.000E+00,-9.990E+02, 0.000E+00, 0.000E+00, 0.000E+00, 1.000E+00, 0.000E+00, 0.000E+00, 0.000E+00, 0.000E+00, 1.089E+02, 4.395E+01, 7.835E-03, 0.000E+00, 1.276E+02, 4.119E-03, 1.737E-01
26/12/2019,08:00,9,2.062,2.562,-1.025,.925,.042, 1.015E+03, 9.035E+01, 1.018E-02, 6.613E-03, 0.000E+00, 0.000E+00, 0.000E+00, 0.000E+00,-1.310E+00, 1.406E+01, 2.837E+00, 3.882E-01, 1.676E-01,-9.990E+02, 1.000E+00,-9.990E+02, 0.000E+00, 0.000E+00, 0.000E+00, 1.000E+00, 0.000E+00, 0.000E+00, 0.000E+00, 0.000E+00, 1.010E+02, 4.079E+01, 6.184E-03, 0.000E+00, 1.617E+02, 3.723E-03, 1.630E-01
26/12/2019,09:00,9,2.062,2.562,-1.138,.914,.048, 1.016E+03, 8.640E+01, 5.293E-03, 6.867E-03, 3.316E-01, 8.406E+00, 6.326E+00, 3.686E+00, 6.803E+00, 1.911E+01, 3.041E+00, 4.741E-01, 1.826E-01, 6.093E-02, 1.000E+00, 1.461E-01, 2.291E-01, 1.000E-02, 1.000E+00, 1.000E+00, 1.461E-03, 8.920E-06, 1.399E-05, 0.000E+00, 9.014E+01, 3.742E+01, 5.919E-03, 2.522E-05, 1.682E+02, 3.759E-03, 1.924E-01
26/12/2019,10:00,9,2.062,2.562,-1.154,.898,.057, 1.016E+03, 8.403E+01, 5.293E-03, 6.867E-03, 1.772E+00, 1.625E+01, 1.570E+01, 7.189E+00, 6.803E+00, 1.911E+01, 3.053E+00, 4.740E-01, 1.834E-01, 1.010E-01, 1.000E+00, 2.782E-01, 4.758E-01, 1.000E-02, 1.000E+00, 1.000E+00, 2.782E-03, 1.698E-05, 2.905E-05, 0.000E+00, 8.978E+01, 3.727E+01, 5.902E-03, 4.802E-05, 1.681E+02, 3.767E-03, 2.074E-01
26/12/2019,11:00,9,2.062,2.562,-1.171,.882,.066, 1.016E+03, 8.340E+01, 5.293E-03, 6.867E-03, 2.312E+00, 1.859E+01, 1.830E+01, 8.240E+00, 6.803E+00, 1.911E+01, 3.065E+00, 4.739E-01, 1.841E-01, 1.114E-01, 1.000E+00, 3.144E-01, 5.290E-01, 1.000E-02, 1.000E+00, 1.000E+00, 3.144E-03, 1.919E-05, 3.230E-05, 0.000E+00, 8.942E+01, 3.712E+01, 5.884E-03, 5.426E-05, 1.684E+02, 3.768E-03, 2.023E-01
26/12/2019,12:00,9,2.062,2.562,-1.188,.866,.075, 1.016E+03, 8.458E+01, 1.801E-02, 6.867E-03, 3.133E-01, 9.507E+00, 5.823E+00, 4.165E+00,-2.718E+00, 1.524E+01, 3.077E+00, 4.090E-01, 1.810E-01, 9.167E-02, 1.000E+00, 1.625E-01, 2.130E-01, 1.000E-02, 1.000E+00, 1.000E+00, 1.625E-03, 9.922E-06, 1.300E-05, 0.000E+00, 9.392E+01, 3.776E+01, 5.867E-03, 2.805E-05, 1.696E+02, 3.723E-03, 1.960E-01
26/12/2019,13:00,9,2.062,2.562,-1.116,.881,.067, 1.017E+03, 8.746E+01, 1.801E-02, 5.087E-03, 1.585E-02, 3.555E+00, 1.730E+00, 1.552E+00,-2.718E+00, 1.524E+01, 2.921E+00, 4.090E-01, 1.718E-01, 4.298E-02, 1.000E+00, 6.212E-02, 6.870E-02, 1.000E-02, 1.000E+00, 1.000E+00, 6.212E-04, 3.793E-06, 4.195E-06, 0.000E+00, 9.894E+01, 3.978E+01, 6.934E-03, 1.072E-05, 1.440E+02, 4.028E-03, 1.831E-01
26/12/2019,14:00,9,2.062,2.562,-1.045,.897,.058, 1.017E+03, 9.185E+01, 1.801E-02, 3.306E-03, 0.000E+00, 0.000E+00, 0.000E+00, 0.000E+00,-2.718E+00, 1.524E+01, 2.769E+00, 4.090E-01, 1.629E-01,-9.990E+02, 1.000E+00,-9.990E+02, 0.000E+00, 0.000E+00, 0.000E+00, 1.000E+00, 0.000E+00, 0.000E+00, 0.000E+00, 0.000E+00, 1.044E+02, 4.196E+01, 8.036E-03, 0.000E+00, 1.244E+02, 4.266E-03, 1.996E-01
26/12/2019,15:00,9,2.062,2.562,-.974,.912,.050, 1.017E+03, 9.747E+01, 2.371E-02, 1.526E-03, 0.000E+00, 0.000E+00, 0.000E+00, 0.000E+00,-1.345E+00, 1.098E+01, 2.623E+00, 4.014E-01, 1.550E-01,-9.990E+02, 1.000E+00,-9.990E+02, 0.000E+00, 0.000E+00, 0.000E+00, 1.000E+00, 0.000E+00, 0.000E+00, 0.000E+00, 0.000E+00, 1.092E+02, 4.410E+01, 9.470E-03, 0.000E+00, 1.056E+02, 4.523E-03, 2.558E-01
26/12/2019,16:00,9,2.062,2.562,-1.064,.907,.053, 1.018E+03, 1.040E+02, 2.371E-02, 1.526E-03, 0.000E+00, 0.000E+00, 0.000E+00, 0.000E+00,-1.345E+00, 1.098E+01, 2.810E+00, 4.012E-01, 1.661E-01,-9.990E+02, 1.000E+00,-9.990E+02, 0.000E+00, 0.000E+00, 0.000E+00, 1.000E+00, 0.000E+00, 0.000E+00, 0.000E+00, 0.000E+00, 1.019E+02, 4.116E+01, 9.012E-03, 0.000E+00, 1.110E+02, 4.571E-03, 3.062E-01
26/12/2019,17:00,9,2.062,2.562,-1.155,.901,.055, 1.018E+03, 1.112E+02, 2.371E-02, 1.526E-03, 0.000E+00, 0.000E+00, 0.000E+00, 0.000E+00,-1.345E+00, 1.098E+01, 3.007E+00, 4.011E-01, 1.777E-01,-9.990E+02, 1.000E+00,-9.990E+02, 0.000E+00, 0.000E+00, 0.000E+00, 1.000E+00, 0.000E+00, 0.000E+00, 0.000E+00, 0.000E+00, 9.522E+01, 3.846E+01, 8.853E-03, 0.000E+00, 1.130E+02, 4.679E-03, 2.891E-01
26/12/2019,18:00,9,2.062,2.562,-1.245,.896,.058, 1.019E+03, 1.186E+02, 2.142E-02, 1.526E-03, 0.000E+00, 0.000E+00, 0.000E+00, 0.000E+00,-8.928E+00, 1.010E+01, 3.213E+00, 5.195E-01, 1.879E-01,-9.990E+02, 1.000E+00,-9.990E+02, 0.000E+00, 0.000E+00, 0.000E+00, 1.000E+00, 0.000E+00, 0.000E+00, 0.000E+00, 0.000E+00, 9.099E+01, 3.637E+01, 8.696E-03, 0.000E+00, 1.150E+02, 4.754E-03, 2.534E-01
26/12/2019,19:00,9,2.062,2.562,-.960,.881,.068, 1.019E+03, 1.260E+02, 2.142E-02, 1.526E-03, 0.000E+00, 0.000E+00, 0.000E+00, 0.000E+00,-8.928E+00, 1.010E+01, 3.392E+00, 5.196E-01, 1.984E-01,-9.990E+02, 1.000E+00,-9.990E+02, 0.000E+00, 0.000E+00, 0.000E+00, 1.000E+00, 0.000E+00, 0.000E+00, 0.000E+00, 0.000E+00, 8.619E+01, 3.446E+01, 9.472E-03, 0.000E+00, 1.056E+02, 5.104E-03, 1.606E-01
26/12/2019,20:00,9,2.062,2.562,-.676,.866,.078, 1.019E+03, 1.328E+02, 2.142E-02, 1.526E-03, 0.000E+00, 0.000E+00, 0.000E+00, 0.000E+00,-8.928E+00, 1.010E+01, 3.587E+00, 5.198E-01, 2.098E-01,-9.990E+02, 1.000E+00,-9.990E+02, 0.000E+00, 0.000E+00, 0.000E+00, 1.000E+00, 0.000E+00, 0.000E+00, 0.000E+00, 0.000E+00, 8.149E+01, 3.258E+01, 9.525E-03, 0.000E+00, 1.050E+02, 5.252E-03, 1.321E-01
26/12/2019,21:00,9,2.062,2.562,-.391,.851,.089, 1.020E+03, 1.385E+02, 3.056E-02, 1.526E-03, 0.000E+00, 0.000E+00, 0.000E+00, 0.000E+00,-1.354E+01, 8.144E+00, 3.796E+00, 5.752E-01, 2.216E-01,-9.990E+02, 1.000E+00,-9.990E+02, 0.000E+00, 0.000E+00, 0.000E+00, 1.000E+00, 0.000E+00, 0.000E+00, 0.000E+00, 0.000E+00, 7.728E+01, 3.084E+01, 9.589E-03, 0.000E+00, 1.043E+02, 5.401E-03, 1.432E-01
26/12/2019,22:00,9,2.062,2.562,-.556,.851,.088, 1.020E+03, 1.422E+02, 3.056E-02, 1.780E-03, 0.000E+00, 0.000E+00, 0.000E+00, 0.000E+00,-1.354E+01, 8.144E+00, 3.860E+00, 5.749E-01, 2.254E-01,-9.990E+02, 1.000E+00,-9.990E+02, 0.000E+00, 0.000E+00, 0.000E+00, 1.000E+00, 0.000E+00, 0.000E+00, 0.000E+00, 0.000E+00, 7.600E+01, 3.033E+01, 9.475E-03, 0.000E+00, 1.055E+02, 5.403E-03, 1.610E-01
26/12/2019,23:00,9,2.062,2.562,-.721,.851,.087, 1.021E+03, 1.432E+02, 3.056E-02, 2.035E-03, 0.000E+00, 0.000E+00, 0.000E+00, 0.000E+00,-1.354E+01, 8.144E+00, 3.934E+00, 5.746E-01, 2.297E-01,-9.990E+02, 1.000E+00,-9.990E+02, 0.000E+00, 0.000E+00, 0.000E+00, 1.000E+00, 0.000E+00, 0.000E+00, 0.000E+00, 0.000E+00, 7.458E+01, 2.976E+01, 9.354E-03, 0.000E+00, 1.069E+02, 5.407E-03, 1.501E-01
27/12/2019,00:00,9,2.050,2.550,-.886,.851,.086, 1.021E+03, 1.413E+02, 3.338E-02, 2.289E-03, 0.000E+00, 0.000E+00, 0.000E+00, 0.000E+00,-2.040E+01, 1.134E+01, 4.017E+00, 6.045E-01, 2.334E-01,-9.990E+02, 1.000E+00,-9.990E+02, 0.000E+00, 0.000E+00, 0.000E+00, 1.000E+00, 0.000E+00, 0.000E+00, 0.000E+00, 0.000E+00, 7.376E+01, 2.929E+01, 9.227E-03, 0.000E+00, 1.084E+02, 5.399E-03, 1.312E-01
27/12/2019,01:00,9,2.050,2.550,-.755,.833,.096, 1.022E+03, 1.369E+02, 3.338E-02, 7.121E-03, 0.000E+00, 0.000E+00, 0.000E+00, 0.000E+00,-2.040E+01, 1.134E+01, 4.115E+00, 6.045E-01, 2.391E-01,-9.990E+02, 1.000E+00,-9.990E+02, 0.000E+00, 0.000E+00, 0.000E+00, 1.000E+00, 0.000E+00, 0.000E+00, 0.000E+00, 0.000E+00, 7.201E+01, 2.859E+01, 7.708E-03, 0.000E+00, 1.297E+02, 4.884E-03, 1.162E-01
27/12/2019,02:00,9,2.050,2.550,-.624,.816,.107, 1.022E+03, 1.308E+02, 3.338E-02, 1.195E-02, 0.000E+00, 0.000E+00, 0.000E+00, 0.000E+00,-2.040E+01, 1.134E+01, 4.232E+00, 6.044E-01, 2.458E-01,-9.990E+02, 1.000E+00,-9.990E+02, 0.000E+00, 0.000E+00, 0.000E+00, 1.000E+00, 0.000E+00, 0.000E+00, 0.000E+00, 0.000E+00, 7.002E+01, 2.780E+01, 6.360E-03, 0.000E+00, 1.572E+02, 4.345E-03, 1.056E-01
27/12/2019,03:00,9,2.050,2.550,-.493,.799,.119, 1.023E+03, 1.238E+02, 4.978E-02, 1.679E-02, 0.000E+00, 0.000E+00, 0.000E+00, 0.000E+00,-1.186E+01, 9.422E+00, 4.366E+00, 6.486E-01, 2.566E-01,-9.990E+02, 1.000E+00,-9.990E+02, 0.000E+00, 0.000E+00, 0.000E+00, 1.000E+00, 0.000E+00, 0.000E+00, 0.000E+00, 0.000E+00, 6.631E+01, 2.664E+01, 5.730E-03, 0.000E+00, 1.745E+02, 4.093E-03, 9.679E-02
27/12/2019,04:00,9,2.050,2.550,-.714,.797,.118, 1.023E+03, 1.164E+02, 4.978E-02, 1.679E-02, 0.000E+00, 0.000E+00, 0.000E+00, 0.000E+00,-1.186E+01, 9.422E+00, 4.294E+00, 6.481E-01, 2.523E-01,-9.990E+02, 1.000E+00,-9.990E+02, 0.000E+00, 0.000E+00, 0.000E+00, 1.000E+00, 0.000E+00, 0.000E+00, 0.000E+00, 0.000E+00, 6.743E+01, 2.709E+01, 5.264E-03, 0.000E+00, 1.900E+02, 3.832E-03, 8.219E-02
27/12/2019,05:00,9,2.050,2.550,-.935,.794,.117, 1.024E+03, 1.090E+02, 4.978E-02, 1.679E-02, 0.000E+00, 0.000E+00, 0.000E+00, 0.000E+00,-1.186E+01, 9.422E+00, 4.222E+00, 6.477E-01, 2.481E-01,-9.990E+02, 1.000E+00,-9.990E+02, 0.000E+00, 0.000E+00, 0.000E+00, 1.000E+00, 0.000E+00, 0.000E+00, 0.000E+00, 0.000E+00, 6.858E+01, 2.755E+01, 4.868E-03, 0.000E+00, 2.054E+02, 3.602E-03, 7.810E-02
27/12/2019,06:00,9,2.050,2.550,-1.155,.792,.117, 1.025E+03, 1.019E+02, 3.192E-02, 1.679E-02, 0.000E+00, 0.000E+00, 0.000E+00, 0.000E+00,-1.579E+01, 1.017E+01, 4.150E+00, 6.614E-01, 2.433E-01,-9.990E+02, 1.000E+00,-9.990E+02, 0.000E+00, 0.000E+00, 0.000E+00, 1.000E+00, 0.000E+00, 0.000E+00, 0.000E+00, 0.000E+00, 7.013E+01, 2.810E+01, 1.429E-03, 0.000E+00, 7.000E+02, 1.293E-03, 7.421E-02
27/12/2019,07:00,9,2.050,2.550,-.820,.767,.134, 1.025E+03, 9.563E+01, 3.192E-02, 1.704E-02, 0.000E+00, 0.000E+00, 0.000E+00, 0.000E+00,-1.579E+01, 1.017E+01, 4.253E+00, 6.615E-01, 2.493E-01,-9.990E+02, 1.000E+00,-9.990E+02, 0.000E+00, 0.000E+00, 0.000E+00, 1.000E+00, 0.000E+00, 0.000E+00, 0.000E+00, 0.000E+00, 6.842E+01, 2.742E+01, 5.066E-03, 0.000E+00, 1.974E+02, 3.714E-03, 3.296E-02
27/12/2019,08:00,9,2.050,2.550,-.484,.742,.152, 1.026E+03, 9.035E+01, 3.192E-02, 1.729E-02, 0.000E+00, 0.000E+00, 0.000E+00, 0.000E+00,-1.579E+01, 1.017E+01, 4.430E+00, 6.616E-01, 2.597E-01,-9.990E+02, 1.000E+00,-9.990E+02, 0.000E+00, 0.000E+00, 0.000E+00, 1.000E+00, 0.000E+00, 0.000E+00, 0.000E+00, 0.000E+00, 6.569E+01, 2.632E+01, 5.751E-03, 0.000E+00, 1.739E+02, 4.117E-03, 7.837E-03
27/12/2019,09:00,9,2.050,2.550,-.148,.717,.171, 1.027E+03, 8.638E+01, 1.878E-02, 1.755E-02, 4.317E-01, 9.249E+00, 7.493E+00, 4.072E+00,-1.669E+01, 1.497E+01, 4.672E+00, 7.027E-01, 2.743E-01, 6.155E-02, 1.000E+00, 1.610E-01, 2.652E-01, 1.000E-02, 1.000E+00, 1.000E+00, 1.610E-03, 9.870E-06, 1.625E-05, 0.000E+00, 6.210E+01, 2.492E+01, 6.650E-03, 2.775E-05, 1.498E+02, 4.650E-03, 3.923E-03
27/12/2019,10:00,9,2.050,2.550,.015,.716,.174, 1.028E+03, 8.399E+01, 1.878E-02, 1.755E-02, 2.328E+00, 1.763E+01, 1.897E+01, 7.846E+00,-1.669E+01, 1.497E+01, 4.634E+00, 7.028E-01, 2.721E-01, 1.020E-01, 1.000E+00, 3.029E-01, 5.417E-01, 1.000E-02, 1.000E+00, 1.000E+00, 3.029E-03, 1.858E-05, 3.322E-05, 0.000E+00, 6.260E+01, 2.512E+01, 7.199E-03, 5.224E-05, 1.379E+02, 4.908E-03, 1.671E-03
27/12/2019,11:00,9,2.050,2.550,.179,.715,.176, 1.028E+03, 8.336E+01, 1.878E-02, 1.755E-02, 3.055E+00, 2.015E+01, 2.219E+01, 8.990E+00,-1.669E+01, 1.497E+01, 4.608E+00, 7.029E-01, 2.706E-01, 1.128E-01, 1.000E+00, 3.418E-01, 5.986E-01, 1.000E-02, 1.000E+00, 1.000E+00, 3.418E-03, 2.097E-05, 3.673E-05, 0.000E+00, 6.295E+01, 2.526E+01, 7.846E-03, 5.896E-05, 1.265E+02, 5.189E-03, 5.117E-03
27/12/2019,12:00,9,2.050,2.550,.343,.715,.179, 1.029E+03, 8.452E+01, 2.517E-03, 1.755E-02, 6.274E+00, 2.056E+01, 4.218E+01, 9.355E+00,-3.341E+01, 8.308E+00, 4.594E+00, 5.019E-01, 2.565E-01, 9.322E-02, 1.000E+00, 3.664E-01, 8.236E-01, 1.000E-02, 1.000E+00, 1.000E+00, 3.664E-03, 2.250E-05, 5.056E-05, 0.000E+00, 6.981E+01, 2.664E+01, 8.621E-03, 6.325E-05, 1.151E+02, 5.397E-03, 1.673E-02
27/12/2019,13:00,9,2.050,2.550,.061,.707,.180, 1.029E+03, 8.739E+01, 2.517E-03, 1.246E-02, 3.464E-01, 9.614E+00, 8.025E+00, 4.227E+00,-3.341E+01, 8.308E+00, 4.091E+00, 5.015E-01, 2.284E-01, 4.448E-02, 1.000E+00, 1.650E-01, 2.811E-01, 1.000E-02, 1.000E+00, 1.000E+00, 1.650E-03, 1.012E-05, 1.724E-05, 0.000E+00, 7.842E+01, 2.993E+01, 2.285E-02, 2.846E-05, 4.371E+01, 8.162E-03, 3.959E-02
27/12/2019,14:00,9,2.050,2.550,-.221,.700,.180, 1.030E+03, 9.176E+01, 2.517E-03, 7.376E-03, 0.000E+00, 0.000E+00, 0.000E+00, 0.000E+00,-3.341E+01, 8.308E+00, 3.588E+00, 5.010E-01, 2.003E-01,-9.990E+02, 1.000E+00,-9.990E+02, 0.000E+00, 0.000E+00, 0.000E+00, 1.000E+00, 0.000E+00, 0.000E+00, 0.000E+00, 0.000E+00, 8.942E+01, 3.412E+01, 8.241E-03, 0.000E+00, 1.213E+02, 4.735E-03, 9.283E-02
27/12/2019,15:00,9,2.050,2.550,-.503,.693,.181, 1.031E+03, 9.738E+01, 1.268E-03, 2.289E-03, 0.000E+00, 0.000E+00, 0.000E+00, 0.000E+00,-2.532E+01, 4.946E+00, 3.088E+00, 3.200E-01, 1.547E-01,-9.990E+02, 1.000E+00,-9.990E+02, 0.000E+00, 0.000E+00, 0.000E+00, 1.000E+00, 0.000E+00, 0.000E+00, 0.000E+00, 0.000E+00, 1.291E+02, 4.419E+01, 9.343E-03, 0.000E+00, 1.070E+02, 4.452E-03, 1.544E-01
27/12/2019,16:00,9,2.050,2.550,-.671,.706,.171, 1.031E+03, 1.039E+02, 1.268E-03, 2.289E-03, 0.000E+00, 0.000E+00, 0.000E+00, 0.000E+00,-2.532E+01, 4.946E+00, 2.802E+00, 3.198E-01, 1.403E-01,-9.990E+02, 1.000E+00,-9.990E+02, 0.000E+00, 0.000E+00, 0.000E+00, 1.000E+00, 0.000E+00, 0.000E+00, 0.000E+00, 0.000E+00, 1.423E+02, 4.871E+01, 9.289E-03, 0.000E+00, 1.077E+02, 4.215E-03, 1.814E-01
27/12/2019,17:00,9,2.050,2.550,-.838,.720,.161, 1.032E+03, 1.111E+02, 1.268E-03, 2.289E-03, 0.000E+00, 0.000E+00, 0.000E+00, 0.000E+00,-2.532E+01, 4.946E+00, 2.560E+00, 3.196E-01, 1.282E-01,-9.990E+02, 1.000E+00,-9.990E+02, 0.000E+00, 0.000E+00, 0.000E+00, 1.000E+00, 0.000E+00, 0.000E+00, 0.000E+00, 0.000E+00, 1.558E+02, 5.333E+01, 9.240E-03, 0.000E+00, 1.082E+02, 3.998E-03, 1.714E-01
27/12/2019,18:00,9,2.050,2.550,-1.006,.734,.151, 1.033E+03, 1.185E+02, 1.127E-03, 2.289E-03, 0.000E+00, 0.000E+00, 0.000E+00, 0.000E+00,-1.487E+01, 3.843E+00, 2.374E+00, 3.091E-01, 1.258E-01,-9.990E+02, 1.000E+00,-9.990E+02, 0.000E+00, 0.000E+00, 0.000E+00, 1.000E+00, 0.000E+00, 0.000E+00, 0.000E+00, 0.000E+00, 1.500E+02, 5.432E+01, 8.679E-03, 0.000E+00, 1.152E+02, 3.862E-03, 1.580E-01
27/12/2019,19:00,9,2.050,2.550,-1.118,.751,.140, 1.033E+03, 1.259E+02, 1.127E-03, 2.289E-03, 0.000E+00, 0.000E+00, 0.000E+00, 0.000E+00,-1.487E+01, 3.843E+00, 2.421E+00, 3.090E-01, 1.283E-01,-9.990E+02, 1.000E+00,-9.990E+02, 0.000E+00, 0.000E+00, 0.000E+00, 1.000E+00, 0.000E+00, 0.000E+00, 0.000E+00, 0.000E+00, 1.471E+02, 5.329E+01, 8.491E-03, 0.000E+00, 1.178E+02, 3.865E-03, 1.494E-01
27/12/2019,20:00,9,2.050,2.550,-1.230,.769,.129, 1.034E+03, 1.327E+02, 1.127E-03, 2.289E-03, 0.000E+00, 0.000E+00, 0.000E+00, 0.000E+00,-1.487E+01, 3.843E+00, 2.490E+00, 3.089E-01, 1.319E-01,-9.990E+02, 1.000E+00,-9.990E+02, 0.000E+00, 0.000E+00, 0.000E+00, 1.000E+00, 0.000E+00, 0.000E+00, 0.000E+00, 0.000E+00, 1.431E+02, 5.182E+01, 8.308E-03, 0.000E+00, 1.204E+02, 3.884E-03, 1.487E-01
27/12/2019,21:00,9,2.050,2.550,-1.343,.787,.118, 1.034E+03, 1.384E+02, 7.103E-04, 2.289E-03, 0.000E+00, 0.000E+00, 0.000E+00, 0.000E+00,-1.284E+01, 3.190E+00, 2.579E+00, 3.405E-01, 1.421E-01,-9.990E+02, 1.000E+00,-9.990E+02, 0.000E+00, 0.000E+00, 0.000E+00, 1.000E+00, 0.000E+00, 0.000E+00, 0.000E+00, 0.000E+00, 1.277E+02, 4.810E+01, 8.128E-03, 0.000E+00, 1.230E+02, 4.003E-03, 1.601E-01
27/12/2019,22:00,9,2.050,2.550,-1.654,.810,.103, 1.035E+03, 1.421E+02, 7.103E-04, 2.289E-03, 0.000E+00, 0.000E+00, 0.000E+00, 0.000E+00,-1.284E+01, 3.190E+00, 2.578E+00, 3.403E-01, 1.420E-01,-9.990E+02, 1.000E+00,-9.990E+02, 0.000E+00, 0.000E+00, 0.000E+00, 1.000E+00, 0.000E+00, 0.000E+00, 0.000E+00, 0.000E+00, 1.278E+02, 4.812E+01, 7.650E-03, 0.000E+00, 1.307E+02, 3.882E-03, 1.851E-01
27/12/2019,23:00,9,2.050,2.550,-1.965,.833,.088, 1.035E+03, 1.432E+02, 7.103E-04, 2.289E-03, 0.000E+00, 0.000E+00, 0.000E+00, 0.000E+00,-1.284E+01, 3.190E+00, 2.584E+00, 3.400E-01, 1.423E-01,-9.990E+02, 1.000E+00,-9.990E+02, 0.000E+00, 0.000E+00, 0.000E+00, 1.000E+00, 0.000E+00, 0.000E+00, 0.000E+00, 0.000E+00, 1.276E+02, 4.803E+01, 7.202E-03, 0.000E+00, 1.389E+02, 3.767E-03, 1.964E-01
28/12/2019,00:00,9,2.039,2.539,-2.277,.856,.074, 1.035E+03, 1.413E+02, 1.346E-03, 2.289E-03, 0.000E+00, 0.000E+00, 0.000E+00, 0.000E+00,-1.699E+01, 1.542E+00, 2.595E+00, 3.637E-01, 1.421E-01,-9.990E+02, 1.000E+00,-9.990E+02, 0.000E+00, 0.000E+00, 0.000E+00, 1.000E+00, 0.000E+00, 0.000E+00, 0.000E+00, 0.000E+00, 1.285E+02, 4.810E+01, 6.780E-03, 0.000E+00, 1.475E+02, 3.645E-03, 1.683E-01
28/12/2019,01:00,9,2.039,2.539,-2.270,.857,.074, 1.036E+03, 1.369E+02, 1.346E-03, 5.850E-03, 0.000E+00, 0.000E+00, 0.000E+00, 0.000E+00,-1.699E+01, 1.542E+00, 2.427E+00, 3.636E-01, 1.329E-01,-9.990E+02, 1.000E+00,-9.990E+02, 0.000E+00, 0.000E+00, 0.000E+00, 1.000E+00, 0.000E+00, 0.000E+00, 0.000E+00, 0.000E+00, 1.374E+02, 5.143E+01, 5.283E-03, 0.000E+00, 1.893E+02, 3.077E-03, 1.548E-01
28/12/2019,02:00,9,2.039,2.539,-2.263,.859,.073, 1.036E+03, 1.309E+02, 1.346E-03, 9.410E-03, 0.000E+00, 0.000E+00, 0.000E+00, 0.000E+00,-1.699E+01, 1.542E+00, 2.275E+00, 3.636E-01, 1.246E-01,-9.990E+02, 1.000E+00,-9.990E+02, 0.000E+00, 0.000E+00, 0.000E+00, 1.000E+00, 0.000E+00, 0.000E+00, 0.000E+00, 0.000E+00, 1.466E+02, 5.486E+01, 3.781E-03, 0.000E+00, 2.645E+02, 2.444E-03, 1.508E-01
28/12/2019,03:00,9,2.039,2.539,-2.256,.860,.073, 1.036E+03, 1.238E+02, 5.453E-04, 1.297E-02, 0.000E+00, 0.000E+00, 0.000E+00, 0.000E+00,-1.039E+01,-7.430E-01, 2.144E+00, 1.478E-01, 1.000E-01,-9.990E+02, 1.000E+00,-9.990E+02, 0.000E+00, 0.000E+00, 0.000E+00, 1.000E+00, 0.000E+00, 0.000E+00, 0.000E+00, 0.000E+00, 2.980E+02, 6.835E+01, 2.274E-03, 0.000E+00, 4.398E+02, 1.585E-03, 1.440E-01
28/12/2019,04:00,9,2.039,2.539,-2.846,.880,.059, 1.036E+03, 1.164E+02, 5.453E-04, 1.297E-02, 0.000E+00, 0.000E+00, 0.000E+00, 0.000E+00,-1.039E+01,-7.430E-01, 1.948E+00, 1.476E-01, 1.000E-01,-9.990E+02, 1.000E+00,-9.990E+02, 0.000E+00, 0.000E+00, 0.000E+00, 1.000E+00, 0.000E+00, 0.000E+00, 0.000E+00, 0.000E+00, 2.984E+02, 6.835E+01, 2.159E-03, 0.000E+00, 4.632E+02, 1.528E-03, 1.180E-01
28/12/2019,05:00,9,2.039,2.539,-3.435,.901,.047, 1.036E+03, 1.090E+02, 5.453E-04, 1.297E-02, 0.000E+00, 0.000E+00, 0.000E+00, 0.000E+00,-1.039E+01,-7.430E-01, 1.851E+00, 1.475E-01, 1.000E-01,-9.990E+02, 1.000E+00,-9.990E+02, 0.000E+00, 0.000E+00, 0.000E+00, 1.000E+00, 0.000E+00, 0.000E+00, 0.000E+00, 0.000E+00, 2.988E+02, 6.835E+01, 2.056E-03, 0.000E+00, 4.863E+02, 1.476E-03, 1.154E-01
28/12/2019,06:00,9,2.039,2.539,-4.025,.922,.036, 1.036E+03, 1.019E+02, 0.000E+00, 1.297E-02, 0.000E+00, 0.000E+00, 0.000E+00, 0.000E+00,-6.224E+00,-7.711E-01, 1.871E+00, 1.551E-01, 1.000E-01,-9.990E+02, 1.000E+00,-9.990E+02, 0.000E+00, 0.000E+00, 0.000E+00, 1.000E+00, 0.000E+00, 0.000E+00, 0.000E+00, 0.000E+00, 2.355E+02, 6.835E+01, 1.965E-03, 0.000E+00, 5.088E+02, 1.441E-03, 1.192E-01
28/12/2019,07:00,9,2.039,2.539,-4.179,.916,.038, 1.036E+03, 9.563E+01, 0.000E+00, 1.297E-02, 0.000E+00, 0.000E+00, 0.000E+00, 0.000E+00,-6.224E+00,-7.711E-01, 1.624E+00, 1.550E-01, 1.000E-01,-9.990E+02, 1.000E+00,-9.990E+02, 0.000E+00, 0.000E+00, 0.000E+00, 1.000E+00, 0.000E+00, 0.000E+00, 0.000E+00, 0.000E+00, 2.356E+02, 6.835E+01, 1.943E-03, 0.000E+00, 5.146E+02, 1.429E-03, 1.956E-01
28/12/2019,08:00,9,2.039,2.539,-4.334,.910,.040, 1.036E+03, 9.034E+01, 0.000E+00, 1.297E-02, 0.000E+00, 0.000E+00, 0.000E+00, 0.000E+00,-6.224E+00,-7.711E-01, 1.489E+00, 1.550E-01, 1.000E-01,-9.990E+02, 1.000E+00,-9.990E+02, 0.000E+00, 0.000E+00, 0.000E+00, 1.000E+00, 0.000E+00, 0.000E+00, 0.000E+00, 0.000E+00, 2.357E+02, 6.835E+01, 1.922E-03, 0.000E+00, 5.203E+02, 1.417E-03, 3.032E-01
28/12/2019,09:00,9,2.039,2.539,-4.488,.904,.042, 1.037E+03, 8.636E+01, 7.922E-06, 1.297E-02, 9.792E-02, 5.851E+00, 3.345E+00, 2.574E+00, 2.898E+00, 2.367E+00, 1.498E+00, 2.737E-01, 1.000E-01, 6.231E-02, 1.000E+00, 1.022E-01, 1.285E-01, 1.000E-02, 1.000E+00, 1.000E+00, 1.022E-03, 6.165E-06, 7.752E-06, 0.000E+00, 1.611E+02, 6.835E+01, 1.904E-03, 1.724E-05, 5.205E+02, 1.431E-03, 4.611E-01
28/12/2019,10:00,9,2.039,2.539,-3.862,.870,.060, 1.036E+03, 8.395E+01, 7.922E-06, 1.297E-02, 5.300E-01, 1.173E+01, 7.696E+00, 5.180E+00, 2.898E+00, 2.367E+00, 1.759E+00, 2.741E-01, 1.069E-01, 1.033E-01, 1.000E+00, 2.001E-01, 2.713E-01, 1.000E-02, 1.000E+00, 1.000E+00, 2.001E-03, 1.210E-05, 1.640E-05, 0.000E+00, 1.508E+02, 6.397E+01, 1.989E-03, 3.383E-05, 4.943E+02, 1.513E-03, 6.027E-01
28/12/2019,11:00,9,2.039,2.539,-3.236,.836,.079, 1.036E+03, 8.330E+01, 7.922E-06, 1.297E-02, 6.996E-01, 1.360E+01, 9.008E+00, 6.009E+00, 2.898E+00, 2.367E+00, 2.076E+00, 2.745E-01, 1.261E-01, 1.144E-01, 1.000E+00, 2.293E-01, 3.096E-01, 1.000E-02, 1.000E+00, 1.000E+00, 2.293E-03, 1.390E-05, 1.876E-05, 0.000E+00, 1.278E+02, 5.420E+01, 2.090E-03, 3.886E-05, 4.698E+02, 1.636E-03, 7.263E-01
28/12/2019,12:00,9,2.039,2.539,-2.610,.802,.100, 1.035E+03, 8.445E+01, 7.922E-06, 1.297E-02, 2.406E-01, 9.095E+00, 5.249E+00, 4.006E+00,-1.380E+01, 4.980E+00, 2.428E+00, 4.543E-01, 1.393E-01, 9.490E-02, 1.000E+00, 1.559E-01, 1.942E-01, 1.000E-02, 1.000E+00, 1.000E+00, 1.559E-03, 9.470E-06, 1.179E-05, 0.000E+00, 1.251E+02, 4.907E+01, 2.203E-03, 2.648E-05, 4.485E+02, 1.732E-03, 8.703E-01
28/12/2019,13:00,9,2.039,2.539,-2.684,.793,.104, 1.035E+03, 8.730E+01, 7.922E-06, 9.156E-03, 1.483E-02, 3.518E+00, 1.703E+00, 1.545E+00,-1.380E+01, 4.980E+00, 2.831E+00, 4.544E-01, 1.624E-01, 4.611E-02, 1.000E+00, 6.184E-02, 6.763E-02, 1.000E-02, 1.000E+00, 1.000E+00, 6.184E-04, 3.755E-06, 4.106E-06, 0.000E+00, 1.073E+02, 4.208E+01, 3.646E-03, 1.050E-05, 2.735E+02, 2.604E-03, 6.742E-01
28/12/2019,14:00,9,2.039,2.539,-2.757,.784,.108, 1.034E+03, 9.167E+01, 7.922E-06, 5.341E-03, 0.000E+00, 0.000E+00, 0.000E+00, 0.000E+00,-1.380E+01, 4.980E+00, 3.257E+00, 4.544E-01, 1.869E-01,-9.990E+02, 1.000E+00,-9.990E+02, 0.000E+00, 0.000E+00, 0.000E+00, 1.000E+00, 0.000E+00, 0.000E+00, 0.000E+00, 0.000E+00, 9.327E+01, 3.658E+01, 5.035E-03, 0.000E+00, 1.986E+02, 3.394E-03, 6.409E-01
28/12/2019,15:00,9,2.039,2.539,-2.831,.775,.112, 1.034E+03, 9.728E+01, 5.634E-03, 1.526E-03, 0.000E+00, 0.000E+00, 0.000E+00, 0.000E+00,-9.173E+00, 3.490E+00, 3.699E+00, 5.605E-01, 2.170E-01,-9.990E+02, 1.000E+00,-9.990E+02, 0.000E+00, 0.000E+00, 0.000E+00, 1.000E+00, 0.000E+00, 0.000E+00, 0.000E+00, 0.000E+00, 7.856E+01, 3.150E+01, 6.372E-03, 0.000E+00, 1.569E+02, 4.175E-03, 5.729E-01
28/12/2019,16:00,9,2.039,2.539,-2.621,.776,.113, 1.033E+03, 1.038E+02, 5.634E-03, 1.526E-03, 0.000E+00, 0.000E+00, 0.000E+00, 0.000E+00,-9.173E+00, 3.490E+00, 3.801E+00, 5.608E-01, 2.230E-01,-9.990E+02, 1.000E+00,-9.990E+02, 0.000E+00, 0.000E+00, 0.000E+00, 1.000E+00, 0.000E+00, 0.000E+00, 0.000E+00, 0.000E+00, 7.646E+01, 3.066E+01, 6.639E-03, 0.000E+00, 1.506E+02, 4.329E-03, 4.652E-01
28/12/2019,17:00,9,2.039,2.539,-2.412,.777,.114, 1.033E+03, 1.110E+02, 5.634E-03, 1.526E-03, 0.000E+00, 0.000E+00, 0.000E+00, 0.000E+00,-9.173E+00, 3.490E+00, 3.906E+00, 5.612E-01, 2.291E-01,-9.990E+02, 1.000E+00,-9.990E+02, 0.000E+00, 0.000E+00, 0.000E+00, 1.000E+00, 0.000E+00, 0.000E+00, 0.000E+00, 0.000E+00, 7.440E+01, 2.983E+01, 6.917E-03, 0.000E+00, 1.446E+02, 4.489E-03, 4.099E-01
28/12/2019,18:00,9,2.039,2.539,-2.203,.778,.115, 1.032E+03, 1.184E+02, 1.126E-01, 1.526E-03, 0.000E+00, 0.000E+00, 0.000E+00, 0.000E+00,-3.926E+00, 2.301E+00, 4.015E+00, 6.453E-01, 2.376E-01,-9.990E+02, 1.000E+00,-9.990E+02, 0.000E+00, 0.000E+00, 0.000E+00, 1.000E+00, 0.000E+00, 0.000E+00, 0.000E+00, 0.000E+00, 7.111E+01, 2.877E+01, 7.206E-03, 0.000E+00, 1.388E+02, 4.670E-03, 3.573E-01
28/12/2019,19:00,9,2.039,2.539,-2.110,.788,.111, 1.031E+03, 1.258E+02, 1.126E-01, 2.035E-03, 0.000E+00, 0.000E+00, 0.000E+00, 0.000E+00,-3.926E+00, 2.301E+00, 4.243E+00, 6.457E-01, 2.511E-01,-9.990E+02, 1.000E+00,-9.990E+02, 0.000E+00, 0.000E+00, 0.000E+00, 1.000E+00, 0.000E+00, 0.000E+00, 0.000E+00, 0.000E+00, 6.729E+01, 2.722E+01, 7.114E-03, 0.000E+00, 1.406E+02, 4.720E-03, 2.945E-01
28/12/2019,20:00,9,2.039,2.539,-2.018,.799,.106, 1.030E+03, 1.326E+02, 1.126E-01, 2.543E-03, 0.000E+00, 0.000E+00, 0.000E+00, 0.000E+00,-3.926E+00, 2.301E+00, 4.478E+00, 6.461E-01, 2.650E-01,-9.990E+02, 1.000E+00,-9.990E+02, 0.000E+00, 0.000E+00, 0.000E+00, 1.000E+00, 0.000E+00, 0.000E+00, 0.000E+00, 0.000E+00, 6.376E+01, 2.579E+01, 7.015E-03, 0.000E+00, 1.426E+02, 4.759E-03, 2.620E-01
28/12/2019,21:00,9,2.039,2.539,-1.925,.809,.101, 1.029E+03, 1.383E+02, 4.830E-03, 3.052E-03, 0.000E+00, 0.000E+00, 0.000E+00, 0.000E+00,-1.528E+01, 1.926E+00, 4.719E+00, 7.447E-01, 2.778E-01,-9.990E+02, 1.000E+00,-9.990E+02, 0.000E+00, 0.000E+00, 0.000E+00, 1.000E+00, 0.000E+00, 0.000E+00, 0.000E+00, 0.000E+00, 6.115E+01, 2.461E+01, 6.907E-03, 0.000E+00, 1.448E+02, 4.779E-03, 2.585E-01
28/12/2019,22:00,9,2.039,2.539,-1.595,.808,.105, 1.029E+03, 1.421E+02, 4.830E-03, 3.052E-03, 0.000E+00, 0.000E+00, 0.000E+00, 0.000E+00,-1.528E+01, 1.926E+00, 4.804E+00, 7.455E-01, 2.828E-01,-9.990E+02, 1.000E+00,-9.990E+02, 0.000E+00, 0.000E+00, 0.000E+00, 1.000E+00, 0.000E+00, 0.000E+00, 0.000E+00, 0.000E+00, 6.007E+01, 2.417E+01, 7.359E-03, 0.000E+00, 1.359E+02, 5.019E-03, 2.235E-01
28/12/2019,23:00,9,2.039,2.539,-1.265,.806,.108, 1.028E+03, 1.431E+02, 4.830E-03, 3.052E-03, 0.000E+00, 0.000E+00, 0.000E+00, 0.000E+00,-1.528E+01, 1.926E+00, 4.892E+00, 7.463E-01, 2.880E-01,-9.990E+02, 1.000E+00,-9.990E+02, 0.000E+00, 0.000E+00, 0.000E+00, 1.000E+00, 0.000E+00, 0.000E+00, 0.000E+00, 0.000E+00, 5.899E+01, 2.374E+01, 7.841E-03, 0.000E+00, 1.275E+02, 5.271E-03, 1.997E-01
29/12/2019,00:00,9,2.028,2.528,-.935,.804,.112, 1.027E+03, 1.413E+02, 4.282E-03, 3.052E-03, 0.000E+00, 0.000E+00, 0.000E+00, 0.000E+00,-2.429E+01, 4.586E+00, 4.982E+00, 7.218E-01, 2.914E-01,-9.990E+02, 1.000E+00,-9.990E+02, 0.000E+00, 0.000E+00, 0.000E+00, 1.000E+00, 0.000E+00, 0.000E+00, 0.000E+00, 0.000E+00, 5.869E+01, 2.346E+01, 8.953E-03, 0.000E+00, 1.117E+02, 5.774E-03, 1.749E-01
29/12/2019,01:00,9,2.028,2.528,-.568,.810,.111, 1.026E+03, 1.369E+02, 4.282E-03, 1.170E-02, 0.000E+00, 0.000E+00, 0.000E+00, 0.000E+00,-2.429E+01, 4.586E+00, 4.953E+00, 7.226E-01, 2.897E-01,-9.990E+02, 1.000E+00,-9.990E+02, 0.000E+00, 0.000E+00, 0.000E+00, 1.000E+00, 0.000E+00, 0.000E+00, 0.000E+00, 0.000E+00, 5.903E+01, 2.360E+01, 6.531E-03, 0.000E+00, 1.531E+02, 4.652E-03, 1.444E-01
29/12/2019,02:00,9,2.028,2.528,-.201,.817,.110, 1.025E+03, 1.309E+02, 4.282E-03, 2.035E-02, 0.000E+00, 0.000E+00, 0.000E+00, 0.000E+00,-2.429E+01, 4.586E+00, 4.928E+00, 7.234E-01, 2.882E-01,-9.990E+02, 1.000E+00,-9.990E+02, 0.000E+00, 0.000E+00, 0.000E+00, 1.000E+00, 0.000E+00, 0.000E+00, 0.000E+00, 0.000E+00, 5.932E+01, 2.371E+01, 6.491E-03, 0.000E+00, 1.541E+02, 4.625E-03, 1.448E-01
29/12/2019,03:00,9,2.028,2.528,.166,.823,.109, 1.024E+03, 1.238E+02, 3.103E-02, 2.899E-02, 0.000E+00, 0.000E+00, 0.000E+00, 0.000E+00,-2.975E+01, 3.471E+00, 4.907E+00, 7.476E-01, 2.865E-01,-9.990E+02, 1.000E+00,-9.990E+02, 0.000E+00, 0.000E+00, 0.000E+00, 1.000E+00, 0.000E+00, 0.000E+00, 0.000E+00, 0.000E+00, 5.978E+01, 2.386E+01, 7.790E-03, 0.000E+00, 1.284E+02, 5.238E-03, 1.256E-01
29/12/2019,04:00,9,2.028,2.528,.391,.836,.103, 1.023E+03, 1.164E+02, 3.103E-02, 2.925E-02, 0.000E+00, 0.000E+00, 0.000E+00, 0.000E+00,-2.975E+01, 3.471E+00, 5.004E+00, 7.484E-01, 2.922E-01,-9.990E+02, 1.000E+00,-9.990E+02, 0.000E+00, 0.000E+00, 0.000E+00, 1.000E+00, 0.000E+00, 0.000E+00, 0.000E+00, 0.000E+00, 5.862E+01, 2.339E+01, 8.876E-03, 0.000E+00, 1.127E+02, 5.747E-03, 1.441E-01
29/12/2019,05:00,9,2.028,2.528,.615,.849,.096, 1.022E+03, 1.090E+02, 3.103E-02, 2.950E-02, 0.000E+00, 0.000E+00, 0.000E+00, 0.000E+00,-2.975E+01, 3.471E+00, 5.102E+00, 7.491E-01, 2.979E-01,-9.990E+02, 1.000E+00,-9.990E+02, 0.000E+00, 0.000E+00, 0.000E+00, 1.000E+00, 0.000E+00, 0.000E+00, 0.000E+00, 0.000E+00, 5.748E+01, 2.294E+01, 1.031E-02, 0.000E+00, 9.696E+01, 6.365E-03, 1.429E-01
29/12/2019,06:00,9,2.028,2.528,.839,.862,.089, 1.021E+03, 1.019E+02, 1.344E-02, 2.976E-02, 0.000E+00, 0.000E+00, 0.000E+00, 0.000E+00,-3.196E+01, 3.493E+00, 5.201E+00, 7.604E-01, 3.036E-01,-9.990E+02, 1.000E+00,-9.990E+02, 0.000E+00, 0.000E+00, 0.000E+00, 1.000E+00, 0.000E+00, 0.000E+00, 0.000E+00, 0.000E+00, 5.644E+01, 2.252E+01, 1.231E-02, 0.000E+00, 8.125E+01, 7.128E-03, 1.364E-01
29/12/2019,07:00,9,2.028,2.528,1.071,.867,.088, 1.020E+03, 9.563E+01, 1.344E-02, 2.976E-02, 0.000E+00, 0.000E+00, 0.000E+00, 0.000E+00,-3.196E+01, 3.493E+00, 5.226E+00, 7.610E-01, 3.050E-01,-9.990E+02, 1.000E+00,-9.990E+02, 0.000E+00, 0.000E+00, 0.000E+00, 1.000E+00, 0.000E+00, 0.000E+00, 0.000E+00, 0.000E+00, 5.618E+01, 2.241E+01, 1.429E-02, 0.000E+00, 7.000E+01, 7.766E-03, 1.318E-01
29/12/2019,08:00,9,2.028,2.528,1.303,.872,.086, 1.019E+03, 9.032E+01, 1.344E-02, 2.976E-02, 0.000E+00, 0.000E+00, 0.000E+00, 0.000E+00,-3.196E+01, 3.493E+00, 5.250E+00, 7.616E-01, 3.064E-01,-9.990E+02, 1.000E+00,-9.990E+02, 0.000E+00, 0.000E+00, 0.000E+00, 1.000E+00, 0.000E+00, 0.000E+00, 0.000E+00, 0.000E+00, 5.591E+01, 2.231E+01, 1.429E-02, 0.000E+00, 7.000E+01, 7.783E-03, 1.317E-01
29/12/2019,09:00,9,2.028,2.528,1.535,.877,.084, 1.018E+03, 8.632E+01, 2.359E-02, 2.976E-02, 4.242E-02, 4.758E+00, 2.428E+00, 2.097E+00,-3.144E+01, 4.540E+00, 5.275E+00, 7.981E-01, 3.086E-01, 6.321E-02, 1.000E+00, 8.343E-02, 9.505E-02, 1.000E-02, 1.000E+00, 1.000E+00, 8.343E-04, 5.145E-06, 5.861E-06, 0.000E+00, 5.537E+01, 2.215E+01, 1.429E-02, 1.431E-05, 6.993E+01, 7.813E-03, 1.979E-01
29/12/2019,10:00,9,2.028,2.528,1.883,.888,.079, 1.017E+03, 8.391E+01, 2.359E-02, 2.925E-02, 2.222E-01, 9.705E+00, 5.333E+00, 4.286E+00,-3.144E+01, 4.540E+00, 5.302E+00, 7.991E-01, 3.103E-01, 1.047E-01, 1.000E+00, 1.653E-01, 1.969E-01, 1.000E-02, 1.000E+00, 1.000E+00, 1.653E-03, 1.021E-05, 1.216E-05, 0.000E+00, 5.508E+01, 2.203E+01, 1.429E-02, 2.839E-05, 6.986E+01, 7.836E-03, 1.900E-01
29/12/2019,11:00,9,2.028,2.528,2.231,.898,.073, 1.016E+03, 8.324E+01, 2.359E-02, 2.874E-02, 2.935E-01, 1.132E+01, 6.245E+00, 4.999E+00,-3.144E+01, 4.540E+00, 5.330E+00, 8.001E-01, 3.119E-01, 1.161E-01, 1.000E+00, 1.906E-01, 2.265E-01, 1.000E-02, 1.000E+00, 1.000E+00, 1.906E-03, 1.178E-05, 1.400E-05, 0.000E+00, 5.479E+01, 2.192E+01, 1.429E-02, 3.277E-05, 6.984E+01, 7.856E-03, 1.654E-01
29/12/2019,12:00,9,2.028,2.528,2.579,.908,.068, 1.015E+03, 8.437E+01, 9.749E-03, 2.823E-02, 4.502E-01, 1.069E+01, 7.029E+00, 4.735E+00,-6.193E+01, 2.811E+00, 5.358E+00, 7.779E-01, 3.083E-01, 9.674E-02, 1.000E+00, 1.841E-01, 2.511E-01, 1.000E-02, 1.000E+00, 1.000E+00, 1.841E-03, 1.140E-05, 1.554E-05, 0.000E+00, 5.636E+01, 2.217E+01, 1.429E-02, 3.170E-05, 6.985E+01, 7.809E-03, 2.153E-01
29/12/2019,13:00,9,2.028,2.528,3.445,.913,.068, 1.013E+03, 8.722E+01, 9.749E-03, 2.009E-02, 3.264E-02, 4.234E+00, 2.202E+00, 1.866E+00,-6.193E+01, 2.811E+00, 5.509E+00, 7.797E-01, 3.171E-01, 4.789E-02, 1.000E+00, 7.450E-02, 8.660E-02, 1.000E-02, 1.000E+00, 1.000E+00, 7.450E-04, 4.626E-06, 5.377E-06, 0.000E+00, 5.480E+01, 2.156E+01, 1.429E-02, 1.287E-05, 6.994E+01, 7.903E-03, 2.324E-01
29/12/2019,14:00,9,2.028,2.528,4.311,.918,.068, 1.012E+03, 9.158E+01, 9.749E-03, 1.195E-02, 0.000E+00, 0.000E+00, 0.000E+00, 0.000E+00,-6.193E+01, 2.811E+00, 5.734E+00, 7.814E-01, 3.301E-01,-9.990E+02, 1.000E+00,-9.990E+02, 0.000E+00, 0.000E+00, 0.000E+00, 1.000E+00, 0.000E+00, 0.000E+00, 0.000E+00, 0.000E+00, 5.263E+01, 2.071E+01, 1.735E-02, 0.000E+00, 5.763E+01, 8.928E-03, 2.569E-01
29/12/2019,15:00,9,2.028,2.528,5.178,.923,.068, 1.010E+03, 9.718E+01, 1.957E-05, 3.815E-03, 0.000E+00, 0.000E+00, 0.000E+00, 0.000E+00,-8.753E+01, 7.971E-01, 6.024E+00, 1.006E+00, 3.504E-01,-9.990E+02, 1.000E+00,-9.990E+02, 0.000E+00, 0.000E+00, 0.000E+00, 1.000E+00, 0.000E+00, 0.000E+00, 0.000E+00, 0.000E+00, 4.906E+01, 1.951E+01, 2.562E-02, 0.000E+00, 3.903E+01, 1.109E-02, 2.574E-01
29/12/2019,16:00,9,2.028,2.528,5.343,.909,.081, 1.009E+03, 1.037E+02, 1.957E-05, 3.815E-03, 0.000E+00, 0.000E+00, 0.000E+00, 0.000E+00,-8.753E+01, 7.971E-01, 6.395E+00, 1.007E+00, 3.720E-01,-9.990E+02, 1.000E+00,-9.990E+02, 0.000E+00, 0.000E+00, 0.000E+00, 1.000E+00, 0.000E+00, 0.000E+00, 0.000E+00, 0.000E+00, 4.622E+01, 1.838E+01, 1.997E-02, 0.000E+00, 5.008E+01, 1.018E-02, 2.317E-01
29/12/2019,17:00,9,2.028,2.528,5.508,.896,.094, 1.008E+03, 1.109E+02, 1.957E-05, 3.815E-03, 0.000E+00, 0.000E+00, 0.000E+00, 0.000E+00,-8.753E+01, 7.971E-01, 6.770E+00, 1.007E+00, 3.938E-01,-9.990E+02, 1.000E+00,-9.990E+02, 0.000E+00, 0.000E+00, 0.000E+00, 1.000E+00, 0.000E+00, 0.000E+00, 0.000E+00, 0.000E+00, 4.366E+01, 1.736E+01, 1.661E-02, 0.000E+00, 6.022E+01, 9.457E-03, 2.251E-01
29/12/2019,18:00,9,2.028,2.528,5.673,.883,.107, 1.007E+03, 1.183E+02, 3.883E-04, 3.815E-03, 0.000E+00, 0.000E+00, 0.000E+00, 0.000E+00,-8.327E+01,-1.091E+00, 7.149E+00, 9.932E-01, 4.159E-01,-9.990E+02, 1.000E+00,-9.990E+02, 0.000E+00, 0.000E+00, 0.000E+00, 1.000E+00, 0.000E+00, 0.000E+00, 0.000E+00, 0.000E+00, 4.133E+01, 1.644E+01, 1.565E-02, 0.000E+00, 6.391E+01, 9.344E-03, 2.055E-01
29/12/2019,19:00,9,2.028,2.528,5.679,.890,.101, 1.006E+03, 1.257E+02, 3.883E-04, 3.561E-03, 0.000E+00, 0.000E+00, 0.000E+00, 0.000E+00,-8.327E+01,-1.091E+00, 6.673E+00, 9.934E-01, 3.882E-01,-9.990E+02, 1.000E+00,-9.990E+02, 0.000E+00, 0.000E+00, 0.000E+00, 1.000E+00, 0.000E+00, 0.000E+00, 0.000E+00, 0.000E+00, 4.428E+01, 1.761E+01, 1.665E-02, 0.000E+00, 6.005E+01, 9.413E-03, 1.828E-01
29/12/2019,20:00,9,2.028,2.528,5.684,.896,.095, 1.006E+03, 1.325E+02, 3.883E-04, 3.306E-03, 0.000E+00, 0.000E+00, 0.000E+00, 0.000E+00,-8.327E+01,-1.091E+00, 6.217E+00, 9.936E-01, 3.617E-01,-9.990E+02, 1.000E+00,-9.990E+02, 0.000E+00, 0.000E+00, 0.000E+00, 1.000E+00, 0.000E+00, 0.000E+00, 0.000E+00, 0.000E+00, 4.752E+01, 1.890E+01, 2.002E-02, 0.000E+00, 4.994E+01, 1.005E-02, 1.563E-01
29/12/2019,21:00,9,2.028,2.528,5.690,.903,.089, 1.006E+03, 1.382E+02, 3.099E-03, 3.052E-03, 0.000E+00, 0.000E+00, 0.000E+00, 0.000E+00,-7.661E+01,-4.186E+00, 5.788E+00, 7.586E-01, 3.295E-01,-9.990E+02, 1.000E+00,-9.990E+02, 0.000E+00, 0.000E+00, 0.000E+00, 1.000E+00, 0.000E+00, 0.000E+00, 0.000E+00, 0.000E+00, 5.331E+01, 2.074E+01, 2.279E-02, 0.000E+00, 4.388E+01, 1.016E-02, 1.351E-01
29/12/2019,22:00,9,2.028,2.528,5.558,.916,.076, 1.005E+03, 1.420E+02, 3.099E-03, 2.798E-03, 0.000E+00, 0.000E+00, 0.000E+00, 0.000E+00,-7.661E+01,-4.186E+00, 5.526E+00, 7.586E-01, 3.146E-01,-9.990E+02, 1.000E+00,-9.990E+02, 0.000E+00, 0.000E+00, 0.000E+00, 1.000E+00, 0.000E+00, 0.000E+00, 0.000E+00, 0.000E+00, 5.584E+01, 2.173E+01, 2.629E-02, 0.000E+00, 3.804E+01, 1.051E-02, 1.182E-01
29/12/2019,23:00,9,2.028,2.528,5.426,.929,.064, 1.004E+03, 1.431E+02, 3.099E-03, 2.543E-03, 0.000E+00, 0.000E+00, 0.000E+00, 0.000E+00,-7.661E+01,-4.186E+00, 5.266E+00, 7.587E-01, 2.998E-01,-9.990E+02, 1.000E+00,-9.990E+02, 0.000E+00, 0.000E+00, 0.000E+00, 1.000E+00, 0.000E+00, 0.000E+00, 0.000E+00, 0.000E+00, 5.860E+01, 2.280E+01, 3.272E-02, 0.000E+00, 3.056E+01, 1.105E-02, 9.910E-02
30/12/2019,00:00,9,2.017,2.517,5.294,.941,.052, 1.004E+03, 1.412E+02, 1.098E-02, 2.289E-03, 0.000E+00, 0.000E+00, 0.000E+00, 0.000E+00,-6.759E+01,-6.128E+00, 5.007E+00, 7.704E-01, 2.869E-01,-9.990E+02, 1.000E+00,-9.990E+02, 0.000E+00, 0.000E+00, 0.000E+00, 1.000E+00, 0.000E+00, 0.000E+00, 0.000E+00, 0.000E+00, 6.083E+01, 2.382E+01, 4.063E-02, 0.000E+00, 2.461E+01, 1.147E-02, 9.742E-02
30/12/2019,01:00,9,2.017,2.517,5.425,.938,.056, 1.003E+03, 1.369E+02, 1.098E-02, 4.832E-03, 0.000E+00, 0.000E+00, 0.000E+00, 0.000E+00,-6.759E+01,-6.128E+00, 5.250E+00, 7.710E-01, 3.009E-01,-9.990E+02, 1.000E+00,-9.990E+02, 0.000E+00, 0.000E+00, 0.000E+00, 1.000E+00, 0.000E+00, 0.000E+00, 0.000E+00, 0.000E+00, 5.800E+01, 2.272E+01, 3.102E-02, 0.000E+00, 3.224E+01, 1.088E-02, 8.178E-02
30/12/2019,02:00,9,2.017,2.517,5.557,.935,.059, 1.002E+03, 1.309E+02, 1.098E-02, 7.376E-03, 0.000E+00, 0.000E+00, 0.000E+00, 0.000E+00,-6.759E+01,-6.128E+00, 5.495E+00, 7.717E-01, 3.149E-01,-9.990E+02, 1.000E+00,-9.990E+02, 0.000E+00, 0.000E+00, 0.000E+00, 1.000E+00, 0.000E+00, 0.000E+00, 0.000E+00, 0.000E+00, 5.541E+01, 2.170E+01, 2.520E-02, 0.000E+00, 3.969E+01, 1.034E-02, 8.270E-02
30/12/2019,03:00,9,2.017,2.517,5.688,.932,.062, 1.000E+03, 1.238E+02, 3.115E-03, 9.919E-03, 0.000E+00, 0.000E+00, 0.000E+00, 0.000E+00,-7.481E+01,-3.942E+00, 5.742E+00, 8.683E-01, 3.316E-01,-9.990E+02, 1.000E+00,-9.990E+02, 0.000E+00, 0.000E+00, 0.000E+00, 1.000E+00, 0.000E+00, 0.000E+00, 0.000E+00, 0.000E+00, 5.221E+01, 2.061E+01, 2.144E-02, 0.000E+00, 4.665E+01, 9.926E-03, 7.937E-02
30/12/2019,04:00,9,2.017,2.517,5.885,.925,.069, 9.993E+02, 1.164E+02, 3.115E-03, 9.410E-03, 0.000E+00, 0.000E+00, 0.000E+00, 0.000E+00,-7.481E+01,-3.942E+00, 5.849E+00, 8.690E-01, 3.378E-01,-9.990E+02, 1.000E+00,-9.990E+02, 0.000E+00, 0.000E+00, 0.000E+00, 1.000E+00, 0.000E+00, 0.000E+00, 0.000E+00, 0.000E+00, 5.125E+01, 2.023E+01, 2.027E-02, 0.000E+00, 4.935E+01, 9.761E-03, 6.850E-02
30/12/2019,05:00,9,2.017,2.517,6.082,.918,.077, 9.984E+02, 1.090E+02, 3.115E-03, 8.902E-03, 0.000E+00, 0.000E+00, 0.000E+00, 0.000E+00,-7.481E+01,-3.942E+00, 5.956E+00, 8.698E-01, 3.441E-01,-9.990E+02, 1.000E+00,-9.990E+02, 0.000E+00, 0.000E+00, 0.000E+00, 1.000E+00, 0.000E+00, 0.000E+00, 0.000E+00, 0.000E+00, 5.032E+01, 1.987E+01, 1.905E-02, 0.000E+00, 5.250E+01, 9.556E-03, 7.155E-02
30/12/2019,06:00,9,2.017,2.517,6.279,.911,.085, 9.974E+02, 1.019E+02, 0.000E+00, 8.393E-03, 0.000E+00, 0.000E+00, 0.000E+00, 0.000E+00,-9.146E+01,-3.281E+00, 6.064E+00, 8.704E-01, 3.482E-01,-9.990E+02, 1.000E+00,-9.990E+02, 0.000E+00, 0.000E+00, 0.000E+00, 1.000E+00, 0.000E+00, 0.000E+00, 0.000E+00, 0.000E+00, 5.003E+01, 1.963E+01, 1.699E-02, 0.000E+00, 5.884E+01, 9.058E-03, 1.395E-01
30/12/2019,07:00,9,2.017,2.517,6.530,.901,.096, 9.968E+02, 9.561E+01, 0.000E+00, 8.139E-03, 0.000E+00, 0.000E+00, 0.000E+00, 0.000E+00,-9.146E+01,-3.281E+00, 6.137E+00, 8.710E-01, 3.524E-01,-9.990E+02, 1.000E+00,-9.990E+02, 0.000E+00, 0.000E+00, 0.000E+00, 1.000E+00, 0.000E+00, 0.000E+00, 0.000E+00, 0.000E+00, 4.943E+01, 1.940E+01, 1.574E-02, 0.000E+00, 6.351E+01, 8.737E-03, 1.326E-01
30/12/2019,08:00,9,2.017,2.517,6.781,.891,.107, 9.962E+02, 9.029E+01, 0.000E+00, 7.884E-03, 0.000E+00, 0.000E+00, 0.000E+00, 0.000E+00,-9.146E+01,-3.281E+00, 6.223E+00, 8.716E-01, 3.573E-01,-9.990E+02, 1.000E+00,-9.990E+02, 0.000E+00, 0.000E+00, 0.000E+00, 1.000E+00, 0.000E+00, 0.000E+00, 0.000E+00, 0.000E+00, 4.874E+01, 1.913E+01, 1.517E-02, 0.000E+00, 6.594E+01, 8.608E-03, 1.106E-01
30/12/2019,09:00,9,2.017,2.517,7.032,.882,.119, 9.957E+02, 8.628E+01, 0.000E+00, 7.630E-03, 2.347E+00, 1.547E+01, 2.508E+01, 6.972E+00,-9.168E+01, 3.903E+00, 6.320E+00, 8.885E-01, 3.635E-01, 6.425E-02, 1.000E+00, 2.747E-01, 6.436E-01, 1.000E-02, 1.000E+00, 1.000E+00, 2.747E-03, 1.727E-05, 4.048E-05, 0.000E+00, 4.782E+01, 1.880E+01, 1.460E-02, 4.779E-05, 6.829E+01, 8.499E-03, 9.819E-02
30/12/2019,10:00,9,2.017,2.517,7.306,.861,.142, 9.953E+02, 8.385E+01, 0.000E+00, 7.121E-03, 1.176E+01, 2.517E+01, 6.668E+01, 1.178E+01,-9.168E+01, 3.903E+00, 6.170E+00, 8.891E-01, 3.549E-01, 1.062E-01, 1.000E+00, 4.426E-01, 9.356E-01, 1.000E-02, 1.000E+00, 1.000E+00, 4.426E-03, 2.787E-05, 5.891E-05, 0.000E+00, 4.898E+01, 1.926E+01, 1.140E-02, 7.709E-05, 8.709E+01, 7.264E-03, 1.661E-01
30/12/2019,11:00,9,2.017,2.517,7.580,.841,.166, 9.950E+02, 8.317E+01, 0.000E+00, 6.613E-03, 1.548E+01, 2.778E+01, 7.819E+01, 1.314E+01,-9.168E+01, 3.903E+00, 6.050E+00, 8.897E-01, 3.481E-01, 1.179E-01, 1.000E+00, 4.814E-01, 9.599E-01, 1.000E-02, 1.000E+00, 1.000E+00, 4.814E-03, 3.034E-05, 6.049E-05, 0.000E+00, 4.994E+01, 1.964E+01, 9.952E-03, 8.392E-05, 9.965E+01, 6.613E-03, 1.948E-01
30/12/2019,12:00,9,2.017,2.517,7.855,.820,.191, 9.946E+02, 8.429E+01, 0.000E+00, 6.104E-03, 4.101E+00, 1.970E+01, 2.953E+01, 8.936E+00,-9.330E+01, 3.567E+00, 5.962E+00, 8.216E-01, 3.398E-01, 9.872E-02, 1.000E+00, 3.466E-01, 7.032E-01, 1.000E-02, 1.000E+00, 1.000E+00, 3.466E-03, 2.186E-05, 4.436E-05, 0.000E+00, 5.162E+01, 2.011E+01, 8.788E-03, 6.048E-05, 1.130E+02, 6.029E-03, 2.200E-01
30/12/2019,13:00,9,2.017,2.517,7.627,.809,.200, 9.946E+02, 8.712E+01, 0.000E+00, 4.324E-03, 3.450E-01, 8.883E+00, 7.378E+00, 3.944E+00,-9.330E+01, 3.567E+00, 5.926E+00, 8.212E-01, 3.378E-01, 4.981E-02, 1.000E+00, 1.553E-01, 2.617E-01, 1.000E-02, 1.000E+00, 1.000E+00, 1.553E-03, 9.790E-06, 1.650E-05, 0.000E+00, 5.194E+01, 2.024E+01, 7.683E-03, 2.708E-05, 1.297E+02, 5.468E-03, 2.368E-01
30/12/2019,14:00,9,2.017,2.517,7.400,.799,.207, 9.947E+02, 9.147E+01, 0.000E+00, 2.543E-03, 0.000E+00, 0.000E+00, 0.000E+00, 0.000E+00,-9.330E+01, 3.567E+00, 5.890E+00, 8.209E-01, 3.357E-01,-9.990E+02, 1.000E+00,-9.990E+02, 0.000E+00, 0.000E+00, 0.000E+00, 1.000E+00, 0.000E+00, 0.000E+00, 0.000E+00, 0.000E+00, 5.226E+01, 2.036E+01, 6.578E-03, 0.000E+00, 1.520E+02, 4.866E-03, 2.390E-01
30/12/2019,15:00,9,2.017,2.517,7.172,.788,.215, 9.947E+02, 9.706E+01, 0.000E+00, 7.630E-04, 0.000E+00, 0.000E+00, 0.000E+00, 0.000E+00,-1.060E+02, 5.465E+00, 5.854E+00, 8.121E-01, 3.314E-01,-9.990E+02, 1.000E+00,-9.990E+02, 0.000E+00, 0.000E+00, 0.000E+00, 1.000E+00, 0.000E+00, 0.000E+00, 0.000E+00, 0.000E+00, 5.332E+01, 2.063E+01, 5.474E-03, 0.000E+00, 1.827E+02, 4.220E-03, 2.280E-01
30/12/2019,16:00,9,2.017,2.517,6.792,.759,.239, 9.944E+02, 1.036E+02, 0.000E+00, 7.630E-04, 0.000E+00, 0.000E+00, 0.000E+00, 0.000E+00,-1.060E+02, 5.465E+00, 5.834E+00, 8.117E-01, 3.302E-01,-9.990E+02, 1.000E+00,-9.990E+02, 0.000E+00, 0.000E+00, 0.000E+00, 1.000E+00, 0.000E+00, 0.000E+00, 0.000E+00, 0.000E+00, 5.351E+01, 2.070E+01, 5.474E-03, 0.000E+00, 1.827E+02, 4.217E-03, 1.904E-01
30/12/2019,17:00,9,2.017,2.517,6.411,.729,.261, 9.942E+02, 1.107E+02, 0.000E+00, 7.630E-04, 0.000E+00, 0.000E+00, 0.000E+00, 0.000E+00,-1.060E+02, 5.465E+00, 5.815E+00, 8.112E-01, 3.291E-01,-9.990E+02, 1.000E+00,-9.990E+02, 0.000E+00, 0.000E+00, 0.000E+00, 1.000E+00, 0.000E+00, 0.000E+00, 0.000E+00, 0.000E+00, 5.370E+01, 2.077E+01, 5.474E-03, 0.000E+00, 1.827E+02, 4.214E-03, 1.570E-01
30/12/2019,18:00,9,2.017,2.517,6.031,.700,.282, 9.940E+02, 1.182E+02, 0.000E+00, 7.630E-04, 0.000E+00, 0.000E+00, 0.000E+00, 0.000E+00,-1.100E+02, 8.072E+00, 5.796E+00, 8.067E-01, 3.272E-01,-9.990E+02, 1.000E+00,-9.990E+02, 0.000E+00, 0.000E+00, 0.000E+00, 1.000E+00, 0.000E+00, 0.000E+00, 0.000E+00, 0.000E+00, 5.415E+01, 2.089E+01, 5.474E-03, 0.000E+00, 1.827E+02, 4.208E-03, 1.320E-01
30/12/2019,19:00,9,2.017,2.517,5.534,.691,.280, 9.940E+02, 1.256E+02, 0.000E+00, 7.630E-04, 0.000E+00, 0.000E+00, 0.000E+00, 0.000E+00,-1.100E+02, 8.072E+00, 5.685E+00, 8.059E-01, 3.208E-01,-9.990E+02, 1.000E+00,-9.990E+02, 0.000E+00, 0.000E+00, 0.000E+00, 1.000E+00, 0.000E+00, 0.000E+00, 0.000E+00, 0.000E+00, 5.523E+01, 2.131E+01, 5.474E-03, 0.000E+00, 1.827E+02, 4.189E-03, 1.166E-01
30/12/2019,20:00,9,2.017,2.517,5.037,.682,.278, 9.940E+02, 1.324E+02, 0.000E+00, 7.630E-04, 0.000E+00, 0.000E+00, 0.000E+00, 0.000E+00,-1.100E+02, 8.072E+00, 5.584E+00, 8.052E-01, 3.151E-01,-9.990E+02, 1.000E+00,-9.990E+02, 0.000E+00, 0.000E+00, 0.000E+00, 1.000E+00, 0.000E+00, 0.000E+00, 0.000E+00, 0.000E+00, 5.624E+01, 2.169E+01, 5.474E-03, 0.000E+00, 1.827E+02, 4.171E-03, 1.077E-01
30/12/2019,21:00,9,2.017,2.517,4.540,.674,.276, 9.940E+02, 1.381E+02, 0.000E+00, 7.630E-04, 0.000E+00, 0.000E+00, 0.000E+00, 0.000E+00,-9.555E+01, 7.904E+00, 5.495E+00, 6.881E-01, 3.041E-01,-9.990E+02, 1.000E+00,-9.990E+02, 0.000E+00, 0.000E+00, 0.000E+00, 1.000E+00, 0.000E+00, 0.000E+00, 0.000E+00, 0.000E+00, 5.941E+01, 2.247E+01, 5.474E-03, 0.000E+00, 1.827E+02, 4.134E-03, 1.036E-01
30/12/2019,22:00,9,2.017,2.517,4.132,.673,.268, 9.943E+02, 1.419E+02, 0.000E+00, 7.630E-04, 0.000E+00, 0.000E+00, 0.000E+00, 0.000E+00,-9.555E+01, 7.904E+00, 5.388E+00, 6.875E-01, 2.981E-01,-9.990E+02, 1.000E+00,-9.990E+02, 0.000E+00, 0.000E+00, 0.000E+00, 1.000E+00, 0.000E+00, 0.000E+00, 0.000E+00, 0.000E+00, 6.061E+01, 2.293E+01, 5.474E-03, 0.000E+00, 1.827E+02, 4.113E-03, 9.877E-02
30/12/2019,23:00,9,2.017,2.517,3.724,.673,.261, 9.945E+02, 1.430E+02, 0.000E+00, 7.630E-04, 0.000E+00, 0.000E+00, 0.000E+00, 0.000E+00,-9.555E+01, 7.904E+00, 5.282E+00, 6.869E-01, 2.923E-01,-9.990E+02, 1.000E+00,-9.990E+02, 0.000E+00, 0.000E+00, 0.000E+00, 1.000E+00, 0.000E+00, 0.000E+00, 0.000E+00, 0.000E+00, 6.184E+01, 2.339E+01, 5.474E-03, 0.000E+00, 1.827E+02, 4.093E-03, 9.464E-02
31/12/2019,00:00,9,2.006,2.506,3.317,.673,.254, 9.947E+02, 1.412E+02, 5.341E-05, 7.630E-04, 0.000E+00, 0.000E+00, 0.000E+00, 0.000E+00,-8.209E+01, 9.653E+00, 5.180E+00, 7.387E-01, 2.928E-01,-9.990E+02, 1.000E+00,-9.990E+02, 0.000E+00, 0.000E+00, 0.000E+00, 1.000E+00, 0.000E+00, 0.000E+00, 0.000E+00, 0.000E+00, 6.043E+01, 2.335E+01, 5.474E-03, 0.000E+00, 1.827E+02, 4.097E-03, 9.395E-02
31/12/2019,01:00,9,2.006,2.506,3.435,.659,.267, 9.952E+02, 1.369E+02, 5.341E-05, 5.087E-04, 0.000E+00, 0.000E+00, 0.000E+00, 0.000E+00,-8.209E+01, 9.653E+00, 5.293E+00, 7.386E-01, 2.992E-01,-9.990E+02, 1.000E+00,-9.990E+02, 0.000E+00, 0.000E+00, 0.000E+00, 1.000E+00, 0.000E+00, 0.000E+00, 0.000E+00, 0.000E+00, 5.913E+01, 2.284E+01, 5.316E-03, 0.000E+00, 1.881E+02, 4.029E-03, 9.624E-02
31/12/2019,02:00,9,2.006,2.506,3.554,.644,.280, 9.957E+02, 1.308E+02, 5.341E-05, 2.543E-04, 0.000E+00, 0.000E+00, 0.000E+00, 0.000E+00,-8.209E+01, 9.653E+00, 5.465E+00, 7.386E-01, 3.089E-01,-9.990E+02, 1.000E+00,-9.990E+02, 0.000E+00, 0.000E+00, 0.000E+00, 1.000E+00, 0.000E+00, 0.000E+00, 0.000E+00, 0.000E+00, 5.727E+01, 2.213E+01, 5.158E-03, 0.000E+00, 1.939E+02, 3.967E-03, 1.019E-01
31/12/2019,03:00,9,2.006,2.506,3.673,.630,.294, 9.962E+02, 1.238E+02, 5.341E-05, 3.469E-16, 0.000E+00, 0.000E+00, 0.000E+00, 0.000E+00,-8.823E+01, 1.050E+01, 5.689E+00, 8.432E-01, 3.260E-01,-9.990E+02, 1.000E+00,-9.990E+02, 0.000E+00, 0.000E+00, 0.000E+00, 1.000E+00, 0.000E+00, 0.000E+00, 0.000E+00, 0.000E+00, 5.354E+01, 2.097E+01, 5.000E-03, 0.000E+00, 2.000E+02, 3.920E-03, 1.042E-01
31/12/2019,04:00,9,2.006,2.506,3.603,.631,.292, 9.974E+02, 1.164E+02, 5.341E-05, 3.469E-16, 0.000E+00, 0.000E+00, 0.000E+00, 0.000E+00,-8.823E+01, 1.050E+01, 5.591E+00, 8.426E-01, 3.203E-01,-9.990E+02, 1.000E+00,-9.990E+02, 0.000E+00, 0.000E+00, 0.000E+00, 1.000E+00, 0.000E+00, 0.000E+00, 0.000E+00, 0.000E+00, 5.449E+01, 2.134E+01, 5.000E-03, 0.000E+00, 2.000E+02, 3.906E-03, 9.769E-02
31/12/2019,05:00,9,2.006,2.506,3.534,.632,.289, 9.985E+02, 1.090E+02, 5.341E-05, 3.469E-16, 0.000E+00, 0.000E+00, 0.000E+00, 0.000E+00,-8.823E+01, 1.050E+01, 5.584E+00, 8.420E-01, 3.199E-01,-9.990E+02, 1.000E+00,-9.990E+02, 0.000E+00, 0.000E+00, 0.000E+00, 1.000E+00, 0.000E+00, 0.000E+00, 0.000E+00, 0.000E+00, 5.456E+01, 2.137E+01, 5.000E-03, 0.000E+00, 2.000E+02, 3.904E-03, 9.597E-02
31/12/2019,06:00,9,2.006,2.506,3.464,.634,.287, 9.996E+02, 1.019E+02, 5.341E-05, 3.469E-16, 0.000E+00, 0.000E+00, 0.000E+00, 0.000E+00,-8.986E+01, 1.150E+01, 5.668E+00, 7.548E-01, 3.201E-01,-9.990E+02, 1.000E+00,-9.990E+02, 0.000E+00, 0.000E+00, 0.000E+00, 1.000E+00, 0.000E+00, 0.000E+00, 0.000E+00, 0.000E+00, 5.533E+01, 2.136E+01, 5.000E-03, 0.000E+00, 2.000E+02, 3.904E-03, 1.089E-01
31/12/2019,07:00,9,2.006,2.506,3.446,.624,.294, 1.001E+03, 9.559E+01, 5.341E-05, 3.469E-16, 0.000E+00, 0.000E+00, 0.000E+00, 0.000E+00,-8.986E+01, 1.150E+01, 5.582E+00, 7.541E-01, 3.152E-01,-9.990E+02, 1.000E+00,-9.990E+02, 0.000E+00, 0.000E+00, 0.000E+00, 1.000E+00, 0.000E+00, 0.000E+00, 0.000E+00, 0.000E+00, 5.619E+01, 2.169E+01, 5.000E-03, 0.000E+00, 2.000E+02, 3.890E-03, 1.269E-01
31/12/2019,08:00,9,2.006,2.506,3.428,.614,.302, 1.003E+03, 9.026E+01, 5.341E-05, 3.469E-16, 0.000E+00, 0.000E+00, 0.000E+00, 0.000E+00,-8.986E+01, 1.150E+01, 5.497E+00, 7.535E-01, 3.104E-01,-9.990E+02, 1.000E+00,-9.990E+02, 0.000E+00, 0.000E+00, 0.000E+00, 1.000E+00, 0.000E+00, 0.000E+00, 0.000E+00, 0.000E+00, 5.707E+01, 2.202E+01, 5.000E-03, 0.000E+00, 2.000E+02, 3.877E-03, 1.349E-01
31/12/2019,09:00,9,2.006,2.506,3.410,.604,.309, 1.005E+03, 8.624E+01, 5.341E-05, 3.469E-16, 2.405E+00, 1.569E+01, 2.542E+01, 7.093E+00,-6.278E+01, 2.537E+01, 5.412E+00, 8.751E-01, 3.142E-01, 6.543E-02, 1.000E+00, 2.789E-01, 6.485E-01, 1.000E-02, 1.000E+00, 1.000E+00, 2.789E-03, 1.732E-05, 4.026E-05, 0.000E+00, 5.483E+01, 2.176E+01, 5.000E-03, 4.764E-05, 1.981E+02, 3.919E-03, 1.408E-01
31/12/2019,10:00,9,2.006,2.506,3.678,.592,.324, 1.006E+03, 8.379E+01, 5.341E-05, 3.469E-16, 1.188E+01, 2.545E+01, 6.686E+01, 1.195E+01,-6.278E+01, 2.537E+01, 5.705E+00, 8.749E-01, 3.312E-01, 1.079E-01, 1.000E+00, 4.474E-01, 9.361E-01, 1.000E-02, 1.000E+00, 1.000E+00, 4.474E-03, 2.780E-05, 5.817E-05, 0.000E+00, 5.201E+01, 2.064E+01, 5.000E-03, 7.648E-05, 1.970E+02, 3.982E-03, 1.470E-01
31/12/2019,11:00,9,2.006,2.506,3.946,.581,.340, 1.008E+03, 8.309E+01, 5.341E-05, 3.469E-16, 1.564E+01, 2.812E+01, 7.834E+01, 1.333E+01,-6.278E+01, 2.537E+01, 5.999E+00, 8.747E-01, 3.483E-01, 1.199E-01, 1.000E+00, 4.867E-01, 9.601E-01, 1.000E-02, 1.000E+00, 1.000E+00, 4.867E-03, 3.027E-05, 5.972E-05, 0.000E+00, 4.946E+01, 1.963E+01, 5.000E-03, 8.328E-05, 1.967E+02, 4.029E-03, 1.487E-01
31/12/2019,12:00,9,2.006,2.506,4.214,.569,.356, 1.009E+03, 8.419E+01, 5.341E-05, 3.469E-16, 9.819E+00, 2.388E+01, 5.967E+01, 1.114E+01,-8.358E+01, 1.441E+01, 6.295E+00, 7.444E-01, 3.562E-01, 1.009E-01, 1.000E+00, 4.227E-01, 9.141E-01, 1.000E-02, 1.000E+00, 1.000E+00, 4.227E-03, 2.632E-05, 5.691E-05, 0.000E+00, 4.962E+01, 1.919E+01, 5.000E-03, 7.241E-05, 1.971E+02, 4.039E-03, 1.516E-01
31/12/2019,13:00,9,2.006,2.506,3.624,.585,.329, 1.010E+03, 8.702E+01, 5.341E-05, 3.469E-16, 9.010E-01, 1.247E+01, 1.424E+01, 5.579E+00,-8.358E+01, 1.441E+01, 5.751E+00, 7.432E-01, 3.253E-01, 5.188E-02, 1.000E+00, 2.174E-01, 4.432E-01, 1.000E-02, 1.000E+00, 1.000E+00, 2.174E-03, 1.351E-05, 2.754E-05, 0.000E+00, 5.434E+01, 2.101E+01, 5.000E-03, 3.716E-05, 1.985E+02, 3.940E-03, 1.572E-01
31/12/2019,14:00,9,2.006,2.506,3.035,.601,.303, 1.011E+03, 9.136E+01, 5.341E-05, 3.469E-16, 0.000E+00, 0.000E+00, 0.000E+00, 0.000E+00,-8.358E+01, 1.441E+01, 5.246E+00, 7.421E-01, 2.967E-01,-9.990E+02, 1.000E+00,-9.990E+02, 0.000E+00, 0.000E+00, 0.000E+00, 1.000E+00, 0.000E+00, 0.000E+00, 0.000E+00, 0.000E+00, 5.959E+01, 2.304E+01, 5.000E-03, 0.000E+00, 2.000E+02, 3.838E-03, 1.683E-01
31/12/2019,15:00,9,2.006,2.506,2.446,.616,.279, 1.012E+03, 9.695E+01, 5.341E-05, 3.469E-16, 0.000E+00, 0.000E+00, 0.000E+00, 0.000E+00,-7.803E+01, 8.382E+00, 4.795E+00, 6.244E-01, 2.641E-01,-9.990E+02, 1.000E+00,-9.990E+02, 0.000E+00, 0.000E+00, 0.000E+00, 1.000E+00, 0.000E+00, 0.000E+00, 0.000E+00, 0.000E+00, 6.876E+01, 2.588E+01, 5.000E-03, 0.000E+00, 2.000E+02, 3.728E-03, 1.768E-01
31/12/2019,16:00,9,2.006,2.506,1.896,.634,.257, 1.013E+03, 1.035E+02, 5.341E-05, 3.469E-16, 0.000E+00, 0.000E+00, 0.000E+00, 0.000E+00,-7.803E+01, 8.382E+00, 4.624E+00, 6.235E-01, 2.546E-01,-9.990E+02, 1.000E+00,-9.990E+02, 0.000E+00, 0.000E+00, 0.000E+00, 1.000E+00, 0.000E+00, 0.000E+00, 0.000E+00, 0.000E+00, 7.135E+01, 2.685E+01, 5.000E-03, 0.000E+00, 2.000E+02, 3.693E-03, 1.635E-01
31/12/2019,17:00,9,2.006,2.506,1.347,.651,.235, 1.014E+03, 1.106E+02, 5.341E-05, 3.469E-16, 0.000E+00, 0.000E+00, 0.000E+00, 0.000E+00,-7.803E+01, 8.382E+00, 4.530E+00, 6.226E-01, 2.493E-01,-9.990E+02, 1.000E+00,-9.990E+02, 0.000E+00, 0.000E+00, 0.000E+00, 1.000E+00, 0.000E+00, 0.000E+00, 0.000E+00, 0.000E+00, 7.286E+01, 2.741E+01, 5.000E-03, 0.000E+00, 2.000E+02, 3.673E-03, 1.604E-01
31/12/2019,18:00,9,2.006,2.506,.797,.669,.215, 1.015E+03, 1.181E+02, 5.341E-05, 3.469E-16, 0.000E+00, 0.000E+00, 0.000E+00, 0.000E+00,-6.950E+01, 8.954E+00, 4.518E+00, 6.502E-01, 2.527E-01,-9.990E+02, 1.000E+00,-9.990E+02, 0.000E+00, 0.000E+00, 0.000E+00, 1.000E+00, 0.000E+00, 0.000E+00, 0.000E+00, 0.000E+00, 7.073E+01, 2.705E+01, 5.000E-03, 0.000E+00, 2.000E+02, 3.687E-03, 1.725E-01
31/12/2019,19:00,9,2.006,2.506,.951,.647,.231, 1.015E+03, 1.254E+02, 5.341E-05, 3.469E-16, 0.000E+00, 0.000E+00, 0.000E+00, 0.000E+00,-6.950E+01, 8.954E+00, 4.570E+00, 6.505E-01, 2.557E-01,-9.990E+02, 1.000E+00,-9.990E+02, 0.000E+00, 0.000E+00, 0.000E+00, 1.000E+00, 0.000E+00, 0.000E+00, 0.000E+00, 0.000E+00, 6.991E+01, 2.673E+01, 5.000E-03, 0.000E+00, 2.000E+02, 3.699E-03, 1.363E-01
31/12/2019,20:00,9,2.006,2.506,1.106,.625,.248, 1.015E+03, 1.323E+02, 5.341E-05, 3.469E-16, 0.000E+00, 0.000E+00, 0.000E+00, 0.000E+00,-6.950E+01, 8.954E+00, 4.663E+00, 6.507E-01, 2.609E-01,-9.990E+02, 1.000E+00,-9.990E+02, 0.000E+00, 0.000E+00, 0.000E+00, 1.000E+00, 0.000E+00, 0.000E+00, 0.000E+00, 0.000E+00, 6.851E+01, 2.620E+01, 5.000E-03, 0.000E+00, 2.000E+02, 3.718E-03, 1.215E-01
31/12/2019,21:00,9,2.006,2.506,1.260,.604,.265, 1.015E+03, 1.380E+02, 5.341E-05, 3.469E-16, 0.000E+00, 0.000E+00, 0.000E+00, 0.000E+00,-5.129E+01, 1.145E+01, 4.794E+00, 6.435E-01, 2.719E-01,-9.990E+02, 1.000E+00,-9.990E+02, 0.000E+00, 0.000E+00, 0.000E+00, 1.000E+00, 0.000E+00, 0.000E+00, 0.000E+00, 0.000E+00, 6.483E+01, 2.514E+01, 5.000E-03, 0.000E+00, 2.000E+02, 3.758E-03, 1.299E-01
31/12/2019,22:00,9,2.006,2.506,1.816,.581,.292, 1.014E+03, 1.418E+02, 5.341E-05, 3.469E-16, 0.000E+00, 0.000E+00, 0.000E+00, 0.000E+00,-5.129E+01, 1.145E+01, 4.769E+00, 6.443E-01, 2.706E-01,-9.990E+02, 1.000E+00,-9.990E+02, 0.000E+00, 0.000E+00, 0.000E+00, 1.000E+00, 0.000E+00, 0.000E+00, 0.000E+00, 0.000E+00, 6.515E+01, 2.526E+01, 5.000E-03, 0.000E+00, 2.000E+02, 3.753E-03, 1.216E-01
31/12/2019,23:00,9,2.006,2.506,2.373,.558,.320, 1.014E+03, 1.429E+02, 5.341E-05, 3.469E-16, 0.000E+00, 0.000E+00, 0.000E+00, 0.000E+00,-5.129E+01, 1.145E+01, 4.757E+00, 6.451E-01, 2.699E-01,-9.990E+02, 1.000E+00,-9.990E+02, 0.000E+00, 0.000E+00, 0.000E+00, 1.000E+00, 0.000E+00, 0.000E+00, 0.000E+00, 0.000E+00, 6.528E+01, 2.532E+01, 5.000E-03, 0.000E+00, 2.000E+02, 3.751E-03, 1.079E-01
